#R(mm) Weight 
0	1.0
0.1375	1.0
0.41250000000000003	1.0
0.6875	1.0
0.9625000000000001	0.9971666666700836
1.2375	0.9935000000078389
1.5125000000000002	0.9898333333474666
1.7875	0.9861666667264108
2.0625	0.9825000001053553
2.3375000000000004	0.9788333344585292
2.6125	0.9751666708993373
2.8875	0.9715000073401454
3.1625000000000005	0.9721666643996185
3.4375	0.9758333126566289
3.7125000000000004	0.9794999609136392
3.9875000000000003	0.9814009133884134
4.2625	0.9830230717923084
4.5375000000000005	0.9857405367454064
4.8125	0.9953949431767903
5.0875	1.0050493496081747
5.362500000000001	1.0051474131668245
5.6375	0.9914418703537472
5.9125000000000005	0.9777363275406699
6.1875	0.9805048063311299
6.4625	0.9909611618699068
6.737500000000001	1.001417517408684
7.012500000000001	0.9972094184739987
7.2875000000000005	0.9923030121834342
7.562500000000001	0.9852571380601348
7.8375	0.9709370733055379
8.1125	0.9566170085509409
8.3875	0.9572801420840493
8.662500000000001	0.9729264739048631
8.9375	0.9885728057256769
9.212500000000002	0.983333878520351
9.4875	0.9719522280720431
9.7625	0.9610634843328569
10.037500000000001	0.9605257814852288
10.3125	0.9599880786376007
10.587500000000002	0.9619291003236624
10.8625	0.9691816745819164
11.1375	0.9764342488401703
11.412500000000001	0.9675762252450034
11.6875	0.9475647108282376
11.962500000000002	0.9275531964114716
12.2375	0.9405551481886679
12.512500000000001	0.9587697525228053
12.787500000000001	0.972271154711327
13.0625	0.9559222766442832
13.337500000000002	0.9395733985772392
13.6125	0.9338202838447749
13.887500000000001	0.9433721605955914
14.162500000000001	0.952924037346408
14.4375	0.9475765495765092
14.712500000000002	0.9352760250302765
14.9875	0.9229755004840442
15.262500000000003	0.9427777297674826
15.537500000000001	0.9641086616142387
15.8125	0.9762062897747199
16.087500000000002	0.9569106854018672
16.3625	0.9376150810290147
16.637500000000003	0.9355729124538383
16.9125	0.9507841796763377
17.1875	0.9659954468988369
17.462500000000002	0.9651853648564341
17.7375	0.9596631212655309
18.012500000000003	0.9542641437592818
18.2875	0.9514537540307728
18.5625	0.948643364302264
18.837500000000002	0.9497035791376641
19.1125	0.959057946610012
19.387500000000003	0.9684123140823598
19.6625	0.9659661329273147
19.9375	0.9553503411840746
20.212500000000002	0.9447345494408346
20.4875	0.9496178388416128
20.762500000000003	0.9569483515809202
21.0375	0.9615309109523298
21.3125	0.9487097656603887
21.587500000000002	0.9358886203684477
21.8625	0.9292369274544467
22.137500000000003	0.9314966657530257
22.4125	0.9337564040516046
22.6875	0.9257259061786505
22.962500000000002	0.912893298092314
23.237500000000004	0.9000606900059775
23.512500000000003	0.9520066897145065
23.7875	1.0070373850323135
24.0625	1.051227687482465
24.337500000000002	1.0585606541825878
24.612500000000004	1.0658936208827106
24.887500000000003	1.0652178897159625
25.1625	1.056533460682344
25.4375	1.0478490316487254
25.712500000000002	1.035958647569269
25.987500000000004	1.0231253355351544
26.262500000000003	1.0102920226892214
26.5375	0.9974586927951008
26.8125	0.9846253629009801
27.087500000000002	0.971792032792795
27.362500000000004	0.9589587022259007
27.637500000000003	0.9461253716590067
27.9125	0.9332920412592398
28.1875	0.9204587109751763
28.462500000000002	0.9076253806911129
28.737500000000004	0.8947920477753224
29.012500000000003	0.8819587144439966
29.2875	0.8691905978987006
29.5625	0.8568355209982611
29.837500000000002	0.8444804440978215
30.112500000000004	0.8401785633893366
30.387500000000003	0.8475090771803413
30.6625	0.854839590971346
30.937500000000004	0.8516163248073887
31.212500000000002	0.8434679613311162
31.487500000000004	0.8353195978548436
31.762500000000003	0.838846890422575
32.0375	0.8429301666114493
32.3125	0.8442998868267086
32.587500000000006	0.8364435167316773
32.8625	0.8285871466366463
33.1375	0.8182423073658972
33.41250000000001	0.8054089989194304
33.6875	0.7925756904729643
33.962500000000006	0.7797423635713193
34.2375	0.7669090312416816
34.5125	0.7540756991914023
34.78750000000001	0.7412423730076608
35.0625	0.7284090468239202
35.337500000000006	0.7145068035583515
35.6125	0.6983140236888685
35.8875	0.6821212438193848
36.16250000000001	0.688367675069132
36.4375	0.710148944786037
36.712500000000006	0.731930214502943
36.9875	0.734729251378486
37.2625	0.7345310935948669
37.53750000000001	0.7338625087099189
37.8125	0.7302145521832217
38.087500000000006	0.7265665956565246
38.3625	0.7271818185547995
38.6375	0.733954967289145
38.91250000000001	0.7407281160234908
39.1875	0.7444933138567459
39.462500000000006	0.7468548012694922
39.7375	0.7492162886822384
40.0125	0.7748386187650196
40.28750000000001	0.8015686080225645
40.5625	0.8209360296262821
40.837500000000006	0.8152707212069918
41.1125	0.8096054127877019
41.3875	0.8041025100260554
41.66250000000001	0.7987620129220525
41.9375	0.79342151581805
42.212500000000006	0.7954412394492726
42.4875	0.799625733884973
42.7625	0.805285523665983
43.03750000000001	0.8419265156984832
43.3125	0.8785675077309815
43.587500000000006	0.8835632218963696
43.8625	0.820747626346525
44.1375	0.7579320307966773
44.41250000000001	0.7313688381394501
44.6875	0.7299034628694201
44.962500000000006	0.72843808759939
45.237500000000004	0.7599049244852337
45.5125	0.7965715843430567
45.78750000000001	0.8171828717042754
46.0625	0.7361101332536892
46.337500000000006	0.655037394803099
46.612500000000004	0.6001708593996351
46.8875	0.5831577283975697
47.16250000000001	0.5661445973955042
47.4375	0.558891424199954
47.712500000000006	0.5561928979807766
47.987500000000004	0.5534943717615992
48.2625	0.5151634724049283
48.53750000000001	0.4751357933750432
48.8125	0.40718820461428934
49.087500000000006	0.24431292276857022
49.362500000000004	0.08143764092285534
49.6375	0.0
49.91250000000001	0.0
50.1875	0.0
50.462500000000006	0.0
50.737500000000004	0.0
51.0125	0.0
51.28750000000001	0.0
51.5625	0.0
51.837500000000006	0.0
52.112500000000004	0.0
