-37.3	-7.22	0.5649596301204121
-37.42	-6.04	0.5987421451857786
-37.5	-4.84	0.6479350472206985
-37.55	-3.63	0.6686318558423275
-37.58	-2.42	0.6830821282333848
-37.6	-1.21	0.6866961783060155
-37.6	0.0	0.6935808274356415
-37.6	1.21	0.6876067820554668
-37.58	2.42	0.6880921190359851
-37.55	3.63	0.6802779316173186
-37.5	4.84	0.6680122506380026
-37.42	6.04	0.6538485171224692
-37.3	7.22	0.6275962935097257
-36.05	12.02	0.5280861683345758
-36.26	10.88	0.563119949637269
-36.37	9.7	0.6221666384274889
-36.45	8.51	0.6603111151371209
-36.51	7.3	0.6953493453420203
-36.55	6.09	0.6996611061949142
-36.58	4.88	0.7087689228197837
-36.6	3.66	0.7085004025791821
-36.61	2.44	0.7210957366988344
-36.62	1.22	0.7264354760713039
-36.62	-0.0	0.7278722715278906
-36.62	-1.22	0.7433562795069341
-36.61	-2.44	0.7580324770726853
-36.6	-3.66	0.7449448433672595
-36.58	-4.88	0.7609268966586302
-36.55	-6.09	0.7748569893072397
-36.51	-7.3	0.7617099447889555
-36.45	-8.51	0.7496542453484327
-36.37	-9.7	0.6870724047852709
-36.26	-10.88	0.5803627474257438
-36.05	-12.02	0.45178739427910297
-35.02	-14.49	0.5533526686173238
-35.17	-13.34	0.7516187075692751
-35.27	-12.16	0.8344345879945209
-35.34	-10.97	0.8609663181113912
-35.39	-9.76	0.8809031371342352
-35.43	-8.55	0.909905412920421
-35.46	-7.34	0.9297940464700036
-35.48	-6.12	0.923014919200143
-35.49	-4.9	0.9180085207222144
-35.51	-3.67	0.9157016514274621
-35.52	-2.45	0.9019814698019686
-35.52	-1.22	0.8917100965843562
-35.52	0.0	0.866502727425711
-35.52	1.22	0.8495404222412168
-35.52	2.45	0.8153053448135986
-35.51	3.67	0.7983904622570329
-35.49	4.9	0.7682091226793348
-35.48	6.12	0.7448761149457851
-35.46	7.34	0.6993593504654145
-35.43	8.55	0.686019191202712
-35.39	9.76	0.6919874022837034
-35.34	10.97	0.6763977401975725
-35.27	12.16	0.6603828190530515
-35.17	13.34	0.5724699784850343
-35.02	14.49	0.46377780640997873
-33.85	16.92	0.4225648285727472
-34.0	15.79	0.5679248745377474
-34.1	14.62	0.6595822820658604
-34.17	13.42	0.6729017131162911
-34.22	12.22	0.6726404755966207
-34.26	11.01	0.7181084797181179
-34.29	9.8	0.7435865935731333
-34.31	8.58	0.7695983359177159
-34.33	7.36	0.7881090107458201
-34.34	6.13	0.8371716542095902
-34.35	4.91	0.864689361972103
-34.35	3.68	0.8917186448104435
-34.36	2.45	0.9080318492427609
-34.36	1.23	0.9180657877969909
-34.36	-0.0	0.949846800551844
-34.36	-1.23	0.9657465485557761
-34.36	-2.45	0.9698090156677419
-34.35	-3.68	0.9752641094949067
-34.35	-4.91	0.9923424201182705
-34.34	-6.13	0.9978913178150748
-34.33	-7.36	0.992423114597656
-34.31	-8.58	1.0029494805425425
-34.29	-9.8	0.9955726634396773
-34.26	-11.01	0.9942646900475054
-34.22	-12.22	0.9949954840565078
-34.17	-13.42	0.966309728989957
-34.1	-14.62	0.9431464882326952
-34.0	-15.79	0.8761350712207908
-33.85	-16.92	0.6535980200143614
-32.6	-19.32	0.6425866141327043
-32.78	-18.21	0.9201583533819012
-32.9	-17.06	0.9970990288512975
-32.97	-15.87	1.0347402708281717
-33.02	-14.67	1.0417891127369128
-33.06	-13.47	1.0398665727923473
-33.09	-12.25	1.0382784001163656
-33.11	-11.04	1.0236120500041153
-33.13	-9.82	1.019152566599877
-33.14	-8.59	1.0102250996474844
-33.15	-7.37	1.024551326379087
-33.16	-6.14	1.0269564758983816
-33.17	-4.91	1.0079373944419283
-33.18	-3.69	0.9970890904445495
-33.18	-2.46	1.0005554844311078
-33.18	-1.23	0.9988068533089676
-33.19	0.0	0.9816653609356891
-33.18	1.23	0.9770560388897275
-33.18	2.46	0.9648713524065362
-33.18	3.69	0.9514421436814736
-33.17	4.91	0.9378061386282571
-33.16	6.14	0.907408055045678
-33.15	7.37	0.8919420007825932
-33.14	8.59	0.8491537336652883
-33.13	9.82	0.822224479627587
-33.11	11.04	0.7740980321236495
-33.09	12.25	0.7574659528598047
-33.06	13.47	0.7104340908882757
-33.02	14.67	0.6628814329104656
-32.97	15.87	0.6629638228205074
-32.9	17.06	0.6511362789162615
-32.78	18.21	0.5621163445917337
-32.6	19.32	0.3927799443029079
-31.24	21.63	0.31625619191835835
-31.52	20.61	0.4669058156900632
-31.66	19.48	0.6346109927373028
-31.74	18.31	0.671014710898172
-31.8	17.12	0.6676783455314336
-31.84	15.92	0.7309929675067373
-31.87	14.71	0.7483555753338526
-31.9	13.49	0.7958696117829149
-31.91	12.27	0.816772009654838
-31.93	11.05	0.8589502242164508
-31.95	9.83	0.8872723845902578
-31.96	8.6	0.896289968384974
-31.97	7.38	0.9328096331668907
-31.98	6.15	0.9430868551313387
-31.99	4.92	0.9624127910592267
-32.0	3.69	0.9775470078947313
-32.0	2.46	0.9911977809214831
-32.0	1.23	0.9912015332757285
-32.0	-0.0	0.9961384576139618
-32.0	-1.23	1.0103821650475961
-32.0	-2.46	1.0102229782575616
-32.0	-3.69	1.008285986978635
-31.99	-4.92	1.023064883362562
-31.98	-6.15	1.0171636990618267
-31.97	-7.38	1.0436833371740202
-31.96	-8.6	1.0255569777562203
-31.95	-9.83	1.020049866741465
-31.93	-11.05	1.0321632316732825
-31.91	-12.27	1.0419278429162464
-31.9	-13.49	1.0388694399149858
-31.87	-14.71	1.0403009767025926
-31.84	-15.92	1.0399072310264876
-31.8	-17.12	1.0411327721693415
-31.74	-18.31	1.0482107192993206
-31.66	-19.48	1.019415697405325
-31.52	-20.61	0.896160855515879
-31.24	-21.63	0.6206428343672027
-30.18	-22.94	0.7578235697513469
-30.38	-21.87	0.989777137751628
-30.49	-20.73	1.030542703970697
-30.56	-19.56	1.0273729917592689
-30.61	-18.37	1.0440763343365045
-30.65	-17.16	1.0372872181656925
-30.67	-15.95	1.0384532576939347
-30.69	-14.73	1.029194599757754
-30.71	-13.51	1.0266409559206624
-30.73	-12.29	1.0206763838364925
-30.75	-11.07	1.023054434741734
-30.76	-9.84	1.021873630152146
-30.77	-8.62	1.0254242408150398
-30.78	-7.39	1.0141332440720385
-30.78	-6.16	1.0096411872889355
-30.78	-4.93	1.0126649973029511
-30.78	-3.69	1.0178630771039372
-30.78	-2.46	1.0276240784322368
-30.78	-1.23	1.0009620450744585
-30.78	0.0	0.994178596114491
-30.78	1.23	1.0078229122082791
-30.78	2.46	0.9913031798651382
-30.78	3.69	0.9952270841336943
-30.78	4.93	0.982121148846829
-30.78	6.16	0.969244953096438
-30.78	7.39	0.952256517549556
-30.77	8.62	0.9504389857376614
-30.76	9.84	0.9332264435537767
-30.75	11.07	0.9139612147922356
-30.73	12.29	0.8821823427518086
-30.71	13.51	0.850109142586904
-30.69	14.73	0.804245262741162
-30.67	15.95	0.7798958864723655
-30.65	17.16	0.7311552299615358
-30.61	18.37	0.7141364176748063
-30.56	19.56	0.6639392627841201
-30.49	20.73	0.6507197767474251
-30.38	21.87	0.5622753349798912
-30.18	22.94	0.33286322876614793
-29.04	24.2	0.40775941978502217
-29.2	23.12	0.6066414173980448
-29.3	21.97	0.6567358644178632
-29.36	20.8	0.6962378566691788
-29.41	19.61	0.7160928105363931
-29.44	18.4	0.7546015254459144
-29.46	17.19	0.7935593192779702
-29.48	15.97	0.8403020214896968
-29.51	14.75	0.8804522087746112
-29.53	13.53	0.9297744060144147
-29.54	12.31	0.9361882274336031
-29.55	11.08	0.9563233642330278
-29.55	9.85	0.9576492835525259
-29.55	8.62	0.9628574271047948
-29.55	7.39	0.9761103738677414
-29.55	6.16	0.9894685043962231
-29.54	4.92	0.9843278727835479
-29.54	3.69	1.0503613662502598
-29.54	2.46	1.0016486985838076
-29.54	1.23	1.0071288444907134
-29.54	-0.0	1.0091035166750604
-29.54	-1.23	1.0119224031929834
-29.54	-2.46	1.0040176232802298
-29.54	-3.69	1.0080138466093531
-29.54	-4.92	1.0210262260231933
-29.55	-6.16	1.0172184689767592
-29.55	-7.39	1.0320171344429427
-29.55	-8.62	1.018574082517828
-29.55	-9.85	1.0245528852571835
-29.55	-11.08	1.0072985904775218
-29.54	-12.31	1.0351080354865467
-29.53	-13.53	1.0358891728658928
-29.51	-14.75	1.0388280234180647
-29.48	-15.97	1.041751754157924
-29.46	-17.19	1.0305130143750383
-29.44	-18.4	1.0287605899114673
-29.41	-19.61	1.0263418266622109
-29.36	-20.8	1.0307023159060904
-29.3	-21.97	1.0355781846742824
-29.2	-23.12	1.012336694049041
-29.04	-24.2	0.8589569744795489
-27.86	-25.43	0.882684246988779
-28.01	-24.36	1.002610186438621
-28.1	-23.21	1.0171394281788098
-28.16	-22.04	1.0095406450052853
-28.2	-20.84	1.0088127682350243
-28.22	-19.63	1.0166843733301563
-28.25	-18.42	1.008377617406091
-28.27	-17.21	1.030733375394154
-28.3	-15.99	1.0244023101319246
-28.31	-14.77	1.0136746440987587
-28.32	-13.54	1.0402841241101157
-28.32	-12.31	1.0291114499098555
-28.32	-11.08	1.0352825419859595
-28.31	-9.85	1.0254144312246585
-28.31	-8.62	1.0226883503507507
-28.31	-7.38	1.0209468150245598
-28.31	-6.15	1.0283673261489763
-28.31	-4.92	1.008871095557972
-28.31	-3.69	1.007693038177713
-28.31	-2.46	1.0271815728887663
-28.31	-1.23	1.0156738933898528
-28.31	0.0	1.0014984673575087
-28.31	1.23	1.0128173767549826
-28.31	2.46	0.9996171272124903
-28.31	3.69	1.0141474010777582
-28.31	4.92	1.0075574812061123
-28.31	6.15	1.00151978945759
-28.31	7.38	1.0000249429364545
-28.31	8.62	0.9980741609724422
-28.31	9.85	0.9830904631356057
-28.32	11.08	0.9750719424239251
-28.32	12.31	0.9498101858832413
-28.32	13.54	0.9460801091836014
-28.31	14.77	0.9291581264084908
-28.3	15.99	0.8950951956338091
-28.27	17.21	0.8718002995930375
-28.25	18.42	0.8191133081633073
-28.22	19.63	0.7595285897971877
-28.2	20.84	0.7319684765049654
-28.16	22.04	0.7093555260951393
-28.1	23.21	0.6722506247017316
-28.01	24.36	0.6279105088595386
-27.86	25.43	0.40265224881643424
-26.65	26.65	0.40983475025491056
-26.8	25.59	0.6175436826479113
-26.89	24.44	0.6872036794261128
-26.94	23.27	0.7075072397781474
-26.98	22.07	0.7269739576221533
-27.01	20.87	0.7711149570842156
-27.03	19.66	0.8214030281919896
-27.06	18.45	0.8653445435351879
-27.08	17.23	0.9028711458818314
-27.09	16.01	0.9416287374884266
-27.09	14.78	0.9521354882286426
-27.08	13.54	0.9772100241265127
-27.08	12.31	0.9744056971783579
-27.08	11.08	0.9984120763441446
-27.08	9.85	0.9976428254839808
-27.08	8.62	1.0040222565831751
-27.08	7.39	0.9927494640634941
-27.08	6.16	1.0080360791914327
-27.09	4.93	1.0040878552957753
-27.09	3.69	1.0066940769616937
-27.09	2.46	1.0188581516664867
-27.09	1.23	1.0087240343908734
-27.09	-0.0	1.0169327152275471
-27.09	-1.23	1.0013754743765417
-27.09	-2.46	1.0120093074835694
-27.09	-3.69	1.00340396298615
-27.09	-4.93	1.0166486102408512
-27.08	-6.16	1.0505809465517668
-27.08	-7.39	1.0257947399767358
-27.08	-8.62	1.0124303435381605
-27.08	-9.85	1.0156003665624558
-27.08	-11.08	1.0122244178530788
-27.08	-12.31	1.0269740202935995
-27.08	-13.54	1.0319602047350147
-27.09	-14.78	1.0351644466814505
-27.09	-16.01	1.0370290401888764
-27.08	-17.23	1.0142520699209194
-27.06	-18.45	1.0203260775183987
-27.03	-19.66	1.0210092676038751
-27.01	-20.87	1.0223346476142636
-26.98	-22.07	0.9969432062327708
-26.94	-23.27	0.989271049003823
-26.89	-24.44	0.9927740469407794
-26.8	-25.59	0.9819105154595363
-26.65	-26.65	0.8981973229072733
-25.43	-27.86	0.8384366325270589
-25.59	-26.8	0.9772609006370958
-25.67	-25.67	0.9858704585799821
-25.72	-24.5	0.9850259958885443
-25.76	-23.31	0.9984512520129899
-25.78	-22.1	1.0161755872283729
-25.81	-20.89	0.9990190587963882
-25.84	-19.68	1.0266478312819467
-25.85	-18.47	1.0311155278426383
-25.86	-17.24	1.0264091787575778
-25.85	-16.01	1.0372374599391743
-25.85	-14.77	1.026085096072049
-25.85	-13.54	1.0368303891222774
-25.85	-12.31	1.0296079475565276
-25.85	-11.08	1.0257548468019067
-25.85	-9.85	1.0177590705015942
-25.86	-8.62	1.0248750009909808
-25.86	-7.39	1.018804672828401
-25.87	-6.16	1.0134290925416092
-25.87	-4.93	1.0074497702719638
-25.87	-3.7	1.0180374320238164
-25.87	-2.46	1.0056910622778796
-25.87	-1.23	1.0136743999742188
-25.87	0.0	1.0112039071565093
-25.87	1.23	1.0061105511846162
-25.87	2.46	1.0138996512023533
-25.87	3.7	1.0128962370094574
-25.87	4.93	1.0038203357600681
-25.87	6.16	1.0161296320007922
-25.86	7.39	1.008251023014327
-25.86	8.62	1.004901810378962
-25.85	9.85	1.0085560638771178
-25.85	11.08	0.9912601339608565
-25.85	12.31	1.0074474435823093
-25.85	13.54	0.9922813297505116
-25.85	14.77	0.9837115473365508
-25.85	16.01	0.9867086535234907
-25.86	17.24	0.956606943734738
-25.85	18.47	0.935059089766083
-25.84	19.68	0.8728410839108863
-25.81	20.89	0.8313731196002536
-25.78	22.1	0.7833809498763619
-25.76	23.31	0.7422463767021129
-25.72	24.5	0.7074028289682691
-25.67	25.67	0.6840360054444121
-25.59	26.8	0.6355373635270216
-25.43	27.86	0.4067878939644921
-24.2	29.04	0.3785248740925608
-24.36	28.01	0.6137459571961346
-24.44	26.89	0.6949215362619293
-24.5	25.72	0.6978016730231463
-24.53	24.53	0.736839995440628
-24.56	23.33	0.7838519785213607
-24.59	22.13	0.8430981286641754
-24.61	20.92	0.8920500468429579
-24.62	19.7	0.9308663790328408
-24.63	18.47	0.9557912378463407
-24.62	17.23	0.9790982568707444
-24.62	16.0	0.992436068757931
-24.62	14.77	0.9935309973558372
-24.62	13.54	0.9760783219135101
-24.63	12.31	1.0009596437656447
-24.63	11.08	1.0106638245092239
-24.63	9.85	0.9978785321011578
-24.64	8.62	1.0226565755812917
-24.64	7.39	0.9990381693714955
-24.64	6.16	0.9971604388262438
-24.64	4.93	0.9914204348448119
-24.64	3.7	1.004248789196765
-24.64	2.46	1.0084187282279788
-24.64	1.23	1.025085699076032
-24.64	-0.0	1.0123164677685694
-24.64	-1.23	1.0040372606782264
-24.64	-2.46	1.027184886716474
-24.64	-3.7	1.0053892468123085
-24.64	-4.93	1.0194857669820865
-24.64	-6.16	1.0323910261040095
-24.64	-7.39	1.0247229087150942
-24.64	-8.62	1.0129821538632409
-24.63	-9.85	1.0202661618581776
-24.63	-11.08	1.0181240951419417
-24.63	-12.31	1.0286222517451475
-24.62	-13.54	1.0277337899177394
-24.62	-14.77	1.0336001970131126
-24.62	-16.0	1.0302041391175383
-24.62	-17.23	1.032089442682376
-24.63	-18.47	1.0375251047524774
-24.62	-19.7	1.0299434158966634
-24.61	-20.92	1.0298928947714463
-24.59	-22.13	1.0168765689680646
-24.56	-23.33	0.9949326941885178
-24.53	-24.53	0.9906711574694237
-24.5	-25.72	0.9686387248869578
-24.44	-26.89	0.9683137762311664
-24.36	-28.01	0.9713141710867353
-24.2	-29.04	0.8526939771597228
-22.94	-30.18	0.7228662999438956
-23.12	-29.2	0.9466582630901067
-23.21	-28.1	0.9404423973957386
-23.27	-26.94	0.9345169634221486
-23.31	-25.76	0.9648594483211378
-23.33	-24.56	0.9868656988208527
-23.36	-23.36	1.0210277092314153
-23.38	-22.15	1.0273601140978552
-23.39	-20.93	1.0190593666631687
-23.39	-19.7	1.0370619427104986
-23.39	-18.46	1.0399124648210873
-23.38	-17.23	1.0363649369662011
-23.39	-16.0	1.0282247583632564
-23.39	-14.77	1.0197772841369677
-23.4	-13.55	1.0302287175132068
-23.4	-12.32	1.0178835859771578
-23.41	-11.09	1.01222179237144
-23.41	-9.86	1.0171633251575634
-23.41	-8.62	1.0067457775460709
-23.41	-7.39	0.9944950070547912
-23.41	-6.16	1.0074553490915772
-23.41	-4.93	1.0012383378054066
-23.41	-3.7	1.0071140831811058
-23.41	-2.46	1.0145460775654869
-23.41	-1.23	1.0139906010420596
-23.41	0.0	1.0177952773594297
-23.41	1.23	1.023748472770693
-23.41	2.46	1.0197551754375758
-23.41	3.7	1.015922285087265
-23.41	4.93	1.0176385521949614
-23.41	6.16	1.0039089799268157
-23.41	7.39	0.9959811991020691
-23.41	8.62	0.985984053181767
-23.41	9.86	0.9986316626451169
-23.41	11.09	1.0100678777683403
-23.4	12.32	1.012946819777369
-23.4	13.55	1.007208041673239
-23.39	14.77	1.0124256053920062
-23.39	16.0	1.0144782341777776
-23.38	17.23	0.9898938949020827
-23.39	18.46	0.9990439696150004
-23.39	19.7	0.9633928656457003
-23.39	20.93	0.9446643068245802
-23.38	22.15	0.9074682399056677
-23.36	23.36	0.8408142551245494
-23.33	24.56	0.7856400351974058
-23.31	25.76	0.7355178958618965
-23.27	26.94	0.7179878440481481
-23.21	28.1	0.6803955188164323
-23.12	29.2	0.5881581260749468
-22.94	30.18	0.5279383723780534
-21.63	31.24	1.0358811086040112
-21.87	30.38	0.5044917995066805
-21.97	29.3	0.6812012128959746
-22.04	28.16	0.7125891233467484
-22.07	26.98	0.7204904588366304
-22.1	25.78	0.773760161741989
-22.13	24.59	0.8538090877102141
-22.15	23.38	0.9035942301327734
-22.16	22.16	0.9977598848865219
-22.16	20.93	0.9638534233970963
-22.16	19.69	1.009270597245347
-22.15	18.46	0.9999199347103922
-22.16	17.23	1.0114532134309375
-22.16	16.01	1.00894543270913
-22.17	14.78	1.01758250697307
-22.17	13.55	1.020537843816037
-22.18	12.32	1.0242688913315223
-22.18	11.09	0.9897555736222413
-22.18	9.86	1.0029518057348392
-22.18	8.62	1.0337575541818615
-22.18	7.39	1.0138245624910505
-22.18	6.16	1.0200390743916488
-22.18	4.93	1.0131749300571946
-22.19	3.7	1.0211156072067273
-22.19	2.47	1.0182737718568726
-22.19	1.23	1.0163121794552588
-22.19	-0.0	1.0103192342691762
-22.19	-1.23	1.0225428261981948
-22.19	-2.47	0.999523089805737
-22.19	-3.7	1.0052374452983717
-22.18	-4.93	1.0181805041278087
-22.18	-6.16	1.02687645780526
-22.18	-7.39	0.9960533918522906
-22.18	-8.62	1.0161424043621856
-22.18	-9.86	1.016820599838446
-22.18	-11.09	1.0162638678816507
-22.18	-12.32	1.0142904668714912
-22.17	-13.55	1.0123285057932547
-22.17	-14.78	1.0128161563593678
-22.16	-16.01	1.030489179057711
-22.16	-17.23	1.025661399316685
-22.15	-18.46	1.0442468044637558
-22.16	-19.69	1.045084054544956
-22.16	-20.93	1.041190172344349
-22.16	-22.16	1.038130166110972
-22.15	-23.38	1.035902369493223
-22.13	-24.59	1.0020555378045646
-22.1	-25.78	0.9750381594376627
-22.07	-26.98	0.932121958972286
-22.04	-28.16	0.9037082944137297
-21.97	-29.3	0.9248881157236967
-21.87	-30.38	0.8892573181831327
-21.63	-31.24	0.6373427094228094
-20.61	-31.52	0.7496128550486068
-20.73	-30.49	0.9259714640384282
-20.8	-29.36	0.8953750855963969
-20.84	-28.2	0.9083795176095605
-20.87	-27.01	0.9423824825065571
-20.89	-25.81	0.9874966080106783
-20.92	-24.61	1.029219948500587
-20.93	-23.39	1.0474944360208582
-20.93	-22.16	1.0416757767158327
-20.92	-20.92	1.048666007288739
-20.92	-19.69	1.0409743737957344
-20.93	-18.47	1.0262402281003116
-20.93	-17.24	1.0232030604903566
-20.94	-16.01	1.0255704930436618
-20.94	-14.78	1.015870498972464
-20.94	-13.55	1.0189527679232022
-20.94	-12.32	1.0136134393201406
-20.95	-11.09	1.0110399704663873
-20.95	-9.86	1.0104178594093733
-20.95	-8.63	1.0758361140761459
-20.95	-7.4	1.0109384539429533
-20.96	-6.16	1.0036842441681317
-20.96	-4.93	0.9996774450129096
-20.96	-3.7	0.9961830960158804
-20.96	-2.47	1.0090788250393334
-20.96	-1.23	1.0178674226227165
-20.96	0.0	1.0162782501033907
-20.96	1.23	1.0120105901287582
-20.96	2.47	1.0169336312516195
-20.96	3.7	1.0154405449940185
-20.96	4.93	1.019251697200269
-20.96	6.16	1.0097571508379448
-20.95	7.4	1.0154329142370566
-20.95	8.63	1.027397026436569
-20.95	9.86	1.0105877371780054
-20.95	11.09	1.0116559113053656
-20.94	12.32	1.00988153131062
-20.94	13.55	1.017909906366105
-20.94	14.78	1.0308819506847962
-20.94	16.01	1.0030461917268618
-20.93	17.24	1.0199343840847237
-20.93	18.47	1.0166189982328162
-20.92	19.69	1.0124248614563298
-20.92	20.92	1.0106546809328574
-20.93	22.16	0.9734251161093873
-20.93	23.39	0.9533754946203777
-20.92	24.61	0.8877471207277264
-20.89	25.81	0.832078131349361
-20.87	27.01	0.7633287228771667
-20.84	28.2	0.7300443420057873
-20.8	29.36	0.7149716207908537
-20.73	30.49	0.650757925812581
-20.61	31.52	0.30719461382350877
-19.32	32.6	0.5813294596746958
-19.48	31.66	0.6063990056651946
-19.56	30.56	0.7138396215102284
-19.61	29.41	0.7208859705626497
-19.63	28.22	0.7437243398061744
-19.66	27.03	0.8232646816179975
-19.68	25.84	0.8812477109338869
-19.7	24.62	0.9491432931260647
-19.7	23.39	0.9808165599436265
-19.69	22.16	0.9932247578776223
-19.69	20.92	1.0171235620991361
-19.7	19.7	1.0149398997598176
-19.7	18.47	1.0201461912631973
-19.71	17.25	1.0218148890484842
-19.71	16.02	1.0145564915703327
-19.71	14.78	1.019776655330761
-19.71	13.55	1.0136180384460438
-19.72	12.32	1.017339760375045
-19.72	11.09	1.02133781200376
-19.72	9.86	1.0157067764677634
-19.72	8.63	0.9981098920636587
-19.73	7.4	1.0094145691514702
-19.73	6.16	1.004404181815053
-19.73	4.93	1.010297368116124
-19.73	3.7	1.016592299603596
-19.73	2.47	1.00457076105776
-19.73	1.23	1.003194843794301
-19.73	-0.0	1.0068920829302916
-19.73	-1.23	0.9942259729993606
-19.73	-2.47	0.9987057711506797
-19.73	-3.7	1.005519987517465
-19.73	-4.93	0.9998805515299494
-19.73	-6.16	1.0023609649127951
-19.73	-7.4	1.0120120960383212
-19.72	-8.63	1.0015939680822583
-19.72	-9.86	1.0074782019028077
-19.72	-11.09	0.9688774825526029
-19.72	-12.32	1.005483823928338
-19.71	-13.55	1.0091191146513008
-19.71	-14.78	1.007814195432361
-19.71	-16.02	1.011251071022276
-19.71	-17.25	1.0054106418534683
-19.7	-18.47	1.0314701191707984
-19.7	-19.7	1.0349456125850904
-19.69	-20.92	1.043879718614808
-19.69	-22.16	1.0392050104229642
-19.7	-23.39	1.0469866881111833
-19.7	-24.62	1.0354021269953844
-19.68	-25.84	1.021563551328089
-19.66	-27.03	0.9742134845600688
-19.63	-28.22	0.917158431987777
-19.61	-29.41	0.8553429635283543
-19.56	-30.56	0.8708293227197378
-19.48	-31.66	0.8652265611853238
-19.32	-32.6	0.762268618412215
-18.21	-32.78	0.7760824880709909
-18.31	-31.74	0.8711227300565836
-18.37	-30.61	0.836386906560493
-18.4	-29.44	0.886377276598531
-18.42	-28.25	0.9438199112691826
-18.45	-27.06	1.011146165565814
-18.47	-25.85	1.0312684762161262
-18.47	-24.63	1.0491929655116137
-18.46	-23.39	1.0424450960281422
-18.46	-22.15	1.0403326123017318
-18.47	-20.93	1.0550735387918644
-18.47	-19.7	1.0094226675269553
-18.48	-18.48	1.026805691746699
-18.48	-17.25	1.0071203511248146
-18.48	-16.02	0.9953440498823933
-18.48	-14.79	0.9953091817739579
-18.49	-13.56	0.9949270202057577
-18.49	-12.33	1.005215470281745
-18.49	-11.1	1.0092069300530788
-18.49	-9.86	0.992568296108846
-18.49	-8.63	1.007612530317035
-18.49	-7.4	1.005428956166993
-18.49	-6.16	1.01138398695918
-18.5	-4.93	1.015713124801484
-18.5	-3.7	1.014924841024764
-18.5	-2.47	1.0166030397045844
-18.5	-1.23	1.012693628403779
-18.5	0.0	1.0032836831967056
-18.5	1.23	1.0112079139641623
-18.5	2.47	1.002765230957607
-18.5	3.7	1.0109960748917919
-18.5	4.93	1.002677109882713
-18.49	6.16	0.9984041278990484
-18.49	7.4	1.0127064070405791
-18.49	8.63	1.0161281921455831
-18.49	9.86	1.01893315761682
-18.49	11.1	1.0016523570885627
-18.49	12.33	1.01536013813645
-18.49	13.56	1.0210582619270356
-18.48	14.79	1.010280219917524
-18.48	16.02	1.006920664234724
-18.48	17.25	1.0240701449420337
-18.48	18.48	1.0091412284592662
-18.47	19.7	1.0165194852634971
-18.47	20.93	1.029487137229614
-18.46	22.15	1.0079525720917308
-18.46	23.39	0.9927774484177723
-18.47	24.63	0.9840975005650866
-18.47	25.85	0.9421154820498195
-18.45	27.06	0.8511792708706347
-18.42	28.25	0.7812458278460147
-18.4	29.44	0.7273152720514026
-18.37	30.61	0.7138976714787468
-18.31	31.74	0.6818415222970814
-18.21	32.78	0.4472020495220804
-16.92	33.85	0.19070192149890036
-17.06	32.9	0.5985097960957496
-17.12	31.8	0.7175534461614103
-17.16	30.65	0.6940207867865977
-17.19	29.46	0.7514518757401785
-17.21	28.27	0.8406213504575105
-17.23	27.08	0.9089333221853237
-17.24	25.86	0.9595484887371297
-17.23	24.62	0.9881052796170208
-17.23	23.38	1.0130801675740648
-17.23	22.16	1.0255689173093834
-17.24	20.93	1.0251063577782031
-17.25	19.71	1.0153850840651462
-17.25	18.48	1.0204785211575138
-17.25	17.25	1.0259780238143335
-17.25	16.02	1.0162399699906597
-17.25	14.79	1.0195035850407337
-17.26	13.56	1.0208561461205805
-17.26	12.33	1.0242094238488115
-17.26	11.1	1.0155714083275533
-17.26	9.86	1.0099512284180758
-17.26	8.63	1.038822232614753
-17.26	7.4	1.015719687468563
-17.26	6.17	1.0069301668998965
-17.26	4.93	1.0086830172501537
-17.27	3.7	1.012237768774042
-17.27	2.47	1.0306001724794829
-17.27	1.23	1.0112865447101274
-17.27	-0.0	1.0155946391770512
-17.27	-1.23	1.0066576330452714
-17.27	-2.47	1.0001052450226215
-17.27	-3.7	1.0056628819961988
-17.26	-4.93	0.9952076681248644
-17.26	-6.17	0.9987721482932629
-17.26	-7.4	0.9905573712922011
-17.26	-8.63	1.0061699657278362
-17.26	-9.86	0.9905553630179322
-17.26	-11.1	0.9896143867877336
-17.26	-12.33	0.9958924866273398
-17.26	-13.56	0.9944351150190305
-17.25	-14.79	0.9910498070723911
-17.25	-16.02	0.9830748624179434
-17.25	-17.25	0.9949290314325449
-17.25	-18.48	1.0037174831898443
-17.25	-19.71	1.0069488546759706
-17.24	-20.93	1.0142439613345355
-17.23	-22.16	1.013738583366774
-17.23	-23.38	1.0485485020457006
-17.23	-24.62	1.0464148272773994
-17.24	-25.86	1.0523698128929875
-17.23	-27.08	1.0331026439715916
-17.21	-28.27	0.9827920206389236
-17.19	-29.46	0.9068549423950076
-17.16	-30.65	0.8435083326516152
-17.12	-31.8	0.8257425121845793
-17.06	-32.9	0.8667384856196936
-16.92	-33.85	0.8711371407419447
-15.79	-34.0	0.762860410514195
-15.87	-32.97	0.848356903093288
-15.92	-31.84	0.8064625518956418
-15.95	-30.67	0.8684268768500706
-15.97	-29.48	0.9487802637850336
-15.99	-28.3	1.0158159925537826
-16.01	-27.09	1.0493893963432952
-16.01	-25.85	1.0551455450598708
-16.0	-24.62	1.0478966352890742
-16.0	-23.39	1.0275331365503033
-16.01	-22.16	1.0174760507121698
-16.01	-20.94	1.020165623565644
-16.02	-19.71	1.005807899968765
-16.02	-18.48	0.996981362148439
-16.02	-17.25	0.9962083622683081
-16.02	-16.02	0.9925367120649171
-16.03	-14.79	1.0032682319470239
-16.03	-13.56	0.993720106910784
-16.03	-12.33	0.9968544133762252
-16.03	-11.1	1.024671946780794
-16.03	-9.86	1.0042020682500954
-16.03	-8.63	0.997503971689917
-16.03	-7.4	1.00620044294938
-16.03	-6.17	1.00687330411559
-16.04	-4.93	0.9980810381909684
-16.04	-3.7	0.9986446539189945
-16.04	-2.47	0.9980551309767832
-16.04	-1.23	1.0077854055496893
-16.04	0.0	1.005619294639801
-16.04	1.23	1.0018749824543558
-16.04	2.47	1.010861714876637
-16.04	3.7	1.01387937462936
-16.04	4.93	1.0136367799672639
-16.03	6.17	1.0094769292744072
-16.03	7.4	1.0136370142561733
-16.03	8.63	1.00913054312835
-16.03	9.86	1.0180758000498698
-16.03	11.1	1.010499790410213
-16.03	12.33	1.0125348360519286
-16.03	13.56	1.0296050761008377
-16.03	14.79	1.0186492618811238
-16.02	16.02	1.0417456373078653
-16.02	17.25	1.033292142296194
-16.02	18.48	1.026941516751664
-16.02	19.71	1.0367060810618336
-16.01	20.94	1.030125614542856
-16.01	22.16	1.0250628149059313
-16.0	23.39	1.0303602120683355
-16.0	24.62	1.0208736965664837
-16.01	25.85	0.9863039151619378
-16.01	27.09	0.9507897160861928
-15.99	28.3	0.8883128752226072
-15.97	29.48	0.8073768884804221
-15.95	30.67	0.7214893183212414
-15.92	31.84	0.7229131266156437
-15.87	32.97	0.675539492204507
-15.79	34.0	0.3518023469090558
-14.49	35.02	0.5644653505108422
-14.62	34.1	0.5743838113345184
-14.67	33.02	0.702375172143878
-14.71	31.87	0.726781967981255
-14.73	30.69	0.7707063238967936
-14.75	29.51	0.8587408098446341
-14.77	28.31	0.9294258966746523
-14.78	27.09	1.029164079095081
-14.77	25.85	0.9958242912792881
-14.77	24.62	1.0205832307472225
-14.77	23.39	1.0323575341541495
-14.78	22.17	1.027928764548988
-14.78	20.94	1.0420538489115434
-14.78	19.71	1.0192301839680338
-14.79	18.48	1.0320714659851555
-14.79	17.25	1.0287167215820683
-14.79	16.03	1.020752367938088
-14.79	14.79	1.0229017408178822
-14.8	13.56	1.022187814622604
-14.8	12.33	1.0133649196738987
-14.8	11.1	1.0086554845646467
-14.8	9.87	1.0178218688042824
-14.8	8.63	1.0160466604818317
-14.8	7.4	1.0120742215297545
-14.8	6.17	1.0175068463681087
-14.8	4.93	1.0286011508124793
-14.8	3.7	1.0048941134628864
-14.8	2.47	1.0019464726107514
-14.8	1.23	0.997202280063426
-14.8	-0.0	1.005243493431462
-14.8	-1.23	0.9984326603579415
-14.8	-2.47	1.0120351156677816
-14.8	-3.7	1.008609962643568
-14.8	-4.93	1.0036003772784863
-14.8	-6.17	1.010437243943669
-14.8	-7.4	1.0055602884254002
-14.8	-8.63	1.0003243093790704
-14.8	-9.87	1.0045438156145876
-14.8	-11.1	0.9975932107903729
-14.8	-12.33	0.9954281797206606
-14.8	-13.56	0.9917662095463774
-14.79	-14.79	0.9919877402772068
-14.79	-16.03	0.9956508445521687
-14.79	-17.25	0.9827696739931736
-14.79	-18.48	0.9864015048221204
-14.78	-19.71	0.990176305747557
-14.78	-20.94	1.0032918331801104
-14.78	-22.17	1.0023609356087255
-14.77	-23.39	1.031316139930161
-14.77	-24.62	1.0363785113979933
-14.77	-25.85	1.0807815950382715
-14.78	-27.09	1.0631865013948454
-14.77	-28.31	1.027801003893952
-14.75	-29.51	0.9722923837770486
-14.73	-30.69	0.8756270456017691
-14.71	-31.87	0.804624239510144
-14.67	-33.02	0.793562215879106
-14.62	-34.1	0.8176999716931634
-14.49	-35.02	0.9227433971845341
-13.34	-35.17	0.8992959260417618
-13.42	-34.17	0.8254435284712517
-13.47	-33.06	0.7671466912135686
-13.49	-31.9	0.8335106581911108
-13.51	-30.71	0.9333527485760811
-13.53	-29.53	1.0111908251114579
-13.54	-28.32	1.0458645403807152
-13.54	-27.08	1.0575077174366616
-13.54	-25.85	1.051261108388896
-13.54	-24.62	1.0344858874243947
-13.55	-23.4	1.0232610838539138
-13.55	-22.17	1.0078888857820698
-13.55	-20.94	1.0007510734354412
-13.55	-19.71	0.9799014678062912
-13.56	-18.49	0.9825618604127656
-13.56	-17.26	0.9869151442295147
-13.56	-16.03	0.9755628696574927
-13.56	-14.8	0.9774296601856092
-13.56	-13.56	1.026213874842775
-13.56	-12.33	0.9899399626424257
-13.57	-11.1	1.0077176074972072
-13.57	-9.87	0.991011532259733
-13.57	-8.64	0.9916360498435012
-13.57	-7.4	0.9998958826852014
-13.57	-6.17	1.0194199093853265
-13.57	-4.93	1.0066885247459043
-13.57	-3.7	0.9957816472217865
-13.57	-2.47	1.0121336572611208
-13.57	-1.23	0.9904277070943093
-13.57	0.0	1.0203662610673487
-13.57	1.23	1.0058549384785813
-13.57	2.47	1.0135514303593582
-13.57	3.7	0.9896456821795448
-13.57	4.93	1.0035085075759902
-13.57	6.17	1.0024880825550737
-13.57	7.4	1.05477042309955
-13.57	8.64	1.0059623390281474
-13.57	9.87	1.0156583912780222
-13.57	11.1	1.0118487231257614
-13.56	12.33	1.010899946055626
-13.56	13.56	1.0270436099244629
-13.56	14.8	1.0093107238226076
-13.56	16.03	1.0135765225035391
-13.56	17.26	1.0236728490475409
-13.56	18.49	1.0356676953899797
-13.55	19.71	1.019182697164126
-13.55	20.94	1.032567759685878
-13.55	22.17	1.0318218417412135
-13.55	23.4	1.0340972532245025
-13.54	24.62	1.03901623843807
-13.54	25.85	1.0059040963038126
-13.54	27.08	0.9948485828744943
-13.54	28.32	0.9534735084276038
-13.53	29.53	0.8651037668967527
-13.51	30.71	0.7930223927702685
-13.49	31.9	0.7111863602864887
-13.47	33.06	0.7144727774709078
-13.42	34.17	0.6560506578924308
-13.34	35.17	0.2453774028157527
-12.02	36.05	0.9893935638333624
-12.16	35.27	0.3827714303402208
-12.22	34.22	0.6978860111635493
-12.25	33.09	0.713371450251862
-12.27	31.91	0.7576748938098294
-12.29	30.73	0.8282004950210652
-12.31	29.54	0.9249689093129565
-12.31	28.32	0.9860470224464916
-12.31	27.08	1.0085232539529834
-12.31	25.85	1.0224625102191152
-12.31	24.63	1.0359159596513017
-12.32	23.4	1.0330867261260526
-12.32	22.18	1.0300174985494204
-12.32	20.94	1.0253704943940865
-12.32	19.72	1.031392075832491
-12.33	18.49	1.0305675427158156
-12.33	17.26	1.0221713686467495
-12.33	16.03	1.0242181818718805
-12.33	14.8	1.0219575605539843
-12.33	13.56	1.0295977131738818
-12.33	12.33	1.0133359962601933
-12.34	11.1	1.0128106387783273
-12.34	9.87	1.0208327939086437
-12.34	8.64	1.0070066043866088
-12.34	7.4	1.0007175660378989
-12.34	6.17	0.9870511164553173
-12.34	4.93	1.0034826270310075
-12.34	3.7	0.9969855622257827
-12.34	2.47	0.9974716420382392
-12.34	1.23	0.9990408412304976
-12.34	-0.0	1.0064173817868716
-12.34	-1.23	0.9993048198805894
-12.34	-2.47	1.0088598548746195
-12.34	-3.7	1.0079337308094896
-12.34	-4.93	0.9901460281448324
-12.34	-6.17	0.9965274702902185
-12.34	-7.4	0.9953956559152226
-12.34	-8.64	1.0008968234607452
-12.34	-9.87	0.9962410809308592
-12.34	-11.1	1.0029065900694256
-12.33	-12.33	0.9938755052188526
-12.33	-13.56	0.9874127760720394
-12.33	-14.8	0.9922685851105164
-12.33	-16.03	0.9705603952907017
-12.33	-17.26	0.9911717325330722
-12.33	-18.49	0.9648290734745666
-12.32	-19.72	0.9870326076468382
-12.32	20.94	1.0042532083357811
-12.32	22.18	1.0176036679983131
-12.32	23.4	1.0144930727394526
-12.31	24.63	1.020772558936138
-12.31	25.85	1.0079832580989654
-12.31	27.08	1.0075887329651765
-12.31	28.32	0.9598974564050592
-12.31	29.54	0.9056628370678919
-12.29	30.73	0.8193548467708591
-12.27	31.91	0.7410865777508108
-12.25	33.09	0.6960203505047018
-12.22	34.22	0.7106505751736587
-12.16	35.27	0.4455595897907446
-12.02	36.05	0.9460319862994286
-10.88	36.26	0.10477296098628722
-10.97	35.34	0.5840835926152
-11.01	34.26	0.7143608447931241
-11.04	33.11	0.6987396771054128
-11.05	31.93	0.7556591096919201
-11.07	30.75	0.8633739287348409
-11.08	29.55	0.9354894312755005
-11.08	28.32	0.9741455277845068
-11.08	27.08	1.0054381948175586
-11.08	25.85	1.0198013013371956
-11.08	24.63	1.0310939688676222
-11.09	23.41	1.0170545350392899
-11.09	22.18	1.0339714528734263
-11.09	20.95	1.0252171344354182
-11.09	19.72	1.0178468420812279
-11.1	18.49	1.0120395721224957
-11.1	17.26	1.012263214539813
-11.1	16.03	1.0059020341671463
-11.1	14.8	0.9963813832080677
-11.1	13.57	1.0100657794334562
-11.1	12.34	0.990278263852992
-11.1	11.1	1.0008896657006379
-11.1	9.87	0.9989421555828155
-11.1	8.64	0.9931052814363853
-11.1	7.4	0.9868717986458785
-11.1	6.17	0.9847925429872791
-11.1	4.94	0.9992032666752547
-11.11	3.7	0.9865635200896525
-11.11	2.47	0.9900687220033075
-11.11	1.23	0.9985221836138701
-11.11	-0.0	0.9898091743065834
-11.11	-1.23	0.9845906463726949
-11.11	-2.47	0.9875355860431347
-11.11	-3.7	0.9946419945751089
-11.1	-4.94	0.9808155154820762
-11.1	-6.17	1.0008376114036284
-11.1	-7.4	0.9981330864611719
-11.1	-8.64	0.9861906931633125
-11.1	-9.87	0.9789516800633788
-11.1	-11.1	0.9862681569292469
-11.1	-12.34	0.9826383060594176
-11.1	-13.57	0.9814344439652969
-11.1	-14.8	0.9737947569619736
-11.1	-16.03	0.9653387314551946
-11.1	-17.26	0.9691648237853238
-11.1	-18.49	0.9682063490461764
-11.09	-19.72	0.9684602121025413
-11.09	-20.95	0.9840055527182978
-11.09	-22.18	0.985656436745188
-11.09	-23.41	0.9903624983970744
-11.08	-24.63	1.0197540172080806
-11.08	-25.85	1.0156737560562488
-11.08	-27.08	1.029899762086518
-11.08	-28.32	1.0492591025772775
-11.08	-29.55	1.0471851920626287
-11.07	-30.75	0.9702381729316455
-11.05	-31.93	0.8724525148165625
-11.04	-33.11	0.7651466601174003
-11.01	-34.26	0.7524040203916862
-10.97	-35.34	0.7957511928145905
-10.88	-36.26	0.6597840404245522
-9.7	-36.37	0.9364204887624397
-9.76	-35.39	0.8253319209177907
-9.8	-34.29	0.7392675194706816
-9.82	-33.13	0.7988690902163315
-9.83	-31.95	0.9190900258417515
-9.84	-30.76	1.0026399070832912
-9.85	-29.55	1.0535493467936987
-9.85	-28.31	1.0473678360740042
-9.85	-27.08	1.0314101105970208
-9.85	-25.85	1.0166827035415988
-9.85	-24.63	0.9853482751528116
-9.86	-23.41	0.9814042630305451
-9.86	-22.18	0.9604028170923403
-9.86	-20.95	0.9610442582389565
-9.86	-19.72	0.9585999244268392
-9.86	-18.49	0.9729838684234293
-9.86	-17.26	0.9492975405497799
-9.86	-16.03	0.9742790008772706
-9.87	-14.8	0.9785890804374353
-9.87	-13.57	0.9757444938607331
-9.87	-12.34	0.9782378987314068
-9.87	-11.1	0.9935978514450485
-9.87	-9.87	0.9913338874958574
-9.87	-8.64	0.999640494957551
-9.87	-7.4	0.9992455845683738
-9.87	-6.17	0.9954584798168387
-9.87	-4.94	1.005260791934649
-9.88	-3.7	0.9848133824413869
-9.88	-2.47	0.9909013812896229
-9.88	-1.23	1.0011712817758862
-9.88	0.0	1.005005938083414
-9.88	1.23	0.9978739554440431
-9.88	2.47	0.9995666054657393
-9.88	3.7	0.9811946066402015
-9.87	4.94	0.9899778761190295
-9.87	6.17	0.9995141140077857
-9.87	7.4	0.9890143034459384
-9.87	8.64	0.987128246122323
-9.87	9.87	0.9933083753527985
-9.87	11.1	0.9865280474579042
-9.87	12.34	1.0097187413266466
-9.87	13.57	1.0006339082024647
-9.87	14.8	1.0572267400586175
-9.86	16.03	1.0047045242895114
-9.86	17.26	1.0190483987606715
-9.86	18.49	1.0201697898357294
-9.86	19.72	1.0230592432918704
-9.86	20.95	1.0241841459594727
-9.86	22.18	1.0323961129410864
-9.86	23.41	1.0357238009111207
-9.85	24.63	1.0186294814281174
-9.85	25.85	1.0272020777917648
-9.85	27.08	1.0216261530797461
-9.85	28.31	0.9907553198479936
-9.85	29.55	0.9557868896742566
-9.84	30.76	0.8819471282124633
-9.83	31.95	0.7845335723143959
-9.82	33.13	0.6977330112965783
-9.8	34.29	0.7156650999807136
-9.76	35.39	0.648185370170033
-9.7	36.37	0.22837513772297452
-8.51	36.45	0.31964313830545504
-8.55	35.43	0.6810066178676153
-8.58	34.31	0.7043582028480515
-8.59	33.14	0.7199930401459276
-8.6	31.96	0.8184918536834931
-8.62	30.77	0.8806152610893755
-8.62	29.55	0.972740631400504
-8.62	28.31	1.0036939510446101
-8.62	27.08	1.0063027954067585
-8.62	25.86	1.034116065150022
-8.62	24.64	1.0308725134231893
-8.62	23.41	1.023695719620828
-8.62	22.18	1.0335243600537398
-8.63	20.95	1.03326437772654
-8.63	19.72	1.024822409556321
-8.63	18.49	1.0140900798679189
-8.63	17.26	1.0123964865665136
-8.63	16.03	1.0039796549870375
-8.63	14.8	1.0083590557194513
-8.64	13.57	1.0002386881487377
-8.64	12.34	0.9965376760162453
-8.64	11.1	0.9949876141692091
-8.64	9.87	0.980732371251124
-8.64	8.64	0.9866528125727974
-8.64	7.4	0.9940965460139488
-8.64	6.17	0.9858199201081732
-8.64	4.94	0.9899726378992258
-8.64	3.7	0.9914208988631966
-8.64	2.47	0.9945582270776726
-8.64	1.23	0.9954452495052463
-8.64	-0.0	0.9986514788606813
-8.64	-1.23	0.9986929748304136
-8.64	-2.47	0.9978511225080855
-8.64	-3.7	0.9946264414584352
-8.64	-4.94	1.0061165513627546
-8.64	-6.17	1.0004690244899896
-8.64	-7.4	0.9959882328704712
-8.64	-8.64	0.991228824933072
-8.64	-9.87	0.9999475604678565
-8.64	-11.1	0.9957215908567258
-8.64	-12.34	0.9933392701738575
-8.64	-13.57	0.9836054647449326
-8.63	-14.8	0.9908570689562785
-8.63	-16.03	0.9668723565623414
-8.63	-17.26	0.9550652151255795
-8.63	-18.49	0.9666735186963356
-8.63	-19.72	0.9562238693788886
-8.63	-20.95	0.9758522922287769
-8.62	-22.18	0.9754940035120551
-8.62	-23.41	0.9880105902564985
-8.62	-24.64	0.9932545488442256
-8.62	-25.86	1.0142041334762435
-8.62	-27.08	1.0283774307463158
-8.62	-28.31	1.0486789551123838
-8.62	-29.55	1.058598685981118
-8.62	-30.77	1.039364198582754
-8.6	-31.96	0.9559351208024353
-8.59	-33.14	0.8048315094657169
-8.58	-34.31	0.7361523763302477
-8.55	-35.43	0.803668184091039
-8.51	-36.45	0.7811731222936545
-7.22	-37.3	0.71837539560161
-7.3	-36.51	0.7338559306459718
-7.34	-35.46	0.7652643199557942
-7.36	-34.33	0.7304003770061344
-7.37	-33.15	0.8448305514618729
-7.38	-31.97	0.979622889289773
-7.39	-30.78	1.0476219342998978
-7.39	-29.55	1.0483674597105104
-7.38	-28.31	1.0397624019380396
-7.39	-27.08	1.0343076523438308
-7.39	-25.86	0.998136947486607
-7.39	-24.64	0.9880044570778291
-7.39	-23.41	0.9803647058834998
-7.39	-22.18	0.9716267947114033
-7.4	-20.95	0.9571433036486342
-7.4	-19.73	0.9577487459125279
-7.4	-18.49	0.972297511498817
-7.4	-17.26	0.9685286445209778
-7.4	-16.03	0.9679107140280725
-7.4	-14.8	0.9835330581772513
-7.4	-13.57	0.9863482277662361
-7.4	-12.34	0.9934853971847305
-7.4	-11.1	0.9980983624732533
-7.4	-9.87	0.9887927253687185
-7.4	-8.64	1.0001481029453094
-7.41	-7.41	1.0010565561619253
-7.41	-6.17	0.9942982117053513
-7.41	-4.94	0.9935585837613218
-7.41	-3.7	0.9996121389369909
-7.41	-2.47	1.015708556817812
-7.41	-1.23	0.9922775770124005
-7.41	0.0	1.0047452410104654
-7.41	1.23	0.9887743252221597
-7.41	2.47	0.9836611846258747
-7.41	3.7	0.9898133130135771
-7.41	4.94	0.9928887855013817
-7.41	6.17	0.9942024198906553
-7.41	7.41	0.9936959467002238
-7.4	8.64	0.9916054670482154
-7.4	9.87	0.9778950768309183
-7.4	11.1	1.0014259424393992
-7.4	12.34	0.9947222514987715
-7.4	13.57	1.0097961064569814
-7.4	14.8	1.010647796365856
-7.4	16.03	1.013067514969794
-7.4	17.26	1.0227688369165937
-7.4	18.49	1.0152778411915597
-7.4	19.73	1.0261623647090927
-7.4	20.95	1.0229079154411553
-7.39	22.18	1.0254362419234062
-7.39	23.41	1.0287100304561398
-7.39	24.64	1.0344421085959048
-7.39	25.86	1.0393322875024849
-7.39	27.08	1.026820124727891
-7.38	28.31	1.008669967602799
-7.39	29.55	0.9830186327145681
-7.39	30.78	0.9305389456587265
-7.38	31.97	0.8307420474611873
-7.37	33.15	0.7376906289455875
-7.36	34.33	0.7079754746265275
-7.34	35.46	0.7111657950055562
-7.3	36.51	0.464855842661772
-7.22	37.3	1.0302366514416579
-6.04	37.42	1.0168025955907194
-6.09	36.55	0.5582013692300859
-6.12	35.48	0.7158403767596158
-6.13	34.34	0.7106722089228006
-6.14	33.16	0.7488084980307741
-6.15	31.98	0.8416673774159853
-6.16	30.78	0.9168559280321684
-6.16	29.55	0.9763489939270238
-6.15	28.31	1.0187951287121793
-6.16	27.08	1.032751992963489
-6.16	25.87	1.0250180600792902
-6.16	24.64	1.0412370885735895
-6.16	23.41	1.0268293378707753
-6.16	22.18	1.0303238303475253
-6.16	20.96	1.0262597676718763
-6.16	19.73	1.0946366868956996
-6.16	18.49	1.0181765025219396
-6.17	17.26	1.014353690443397
-6.17	16.03	1.014753287824652
-6.17	14.8	1.000310752194522
-6.17	13.57	1.001818487869225
-6.17	12.34	0.9937396510397662
-6.17	11.1	0.9912411125377559
-6.17	9.87	1.0058613887024541
-6.17	8.64	0.9857416320855994
-6.17	7.41	0.9902732527476974
-6.17	6.17	0.9820719034074303
-6.17	4.94	0.9795192237788393
-6.17	3.7	0.9814804447351051
-6.17	2.47	0.9889261876162849
-6.17	1.23	0.999494842104799
-6.17	-0.0	1.0000449739447999
-6.17	-1.23	0.9978661803448539
-6.17	-2.47	0.9956355076802571
-6.17	-3.7	1.0067271448573707
-6.17	-4.94	1.0021697911939662
-6.17	-6.17	0.9927182723114261
-6.17	-7.41	0.9893373941460828
-6.17	-8.64	1.0074190464176307
-6.17	-9.87	0.994622088460132
-6.17	-11.1	0.9898381131305591
-6.17	-12.34	0.9934875730506748
-6.17	-13.57	0.98247101609149
-6.17	-14.8	0.990180716063363
-6.17	-16.03	0.9717592001686466
-6.17	-17.26	0.9717670423968987
-6.16	-18.49	0.9563660789379298
-6.16	-19.73	0.9690800824284391
-6.16	-20.96	0.9441379126470052
-6.16	-22.18	0.9585747307800623
-6.16	-23.41	0.9733564615020364
-6.16	-24.64	0.9836642686378211
-6.16	-25.87	0.9989146797456894
-6.16	-27.08	1.0194895711521266
-6.15	-28.31	1.0360893497993469
-6.16	-29.55	1.057695269650853
-6.16	-30.78	1.0654136211674008
-6.15	-31.98	0.9980498635642442
-6.14	-33.16	0.8560860197248671
-6.13	-34.34	0.7383567903406482
-6.12	-35.48	0.7426211839366802
-6.09	-36.55	0.7553559852270594
-6.04	-37.42	0.7806129929936336
-4.84	-37.5	0.6386693296071899
-4.88	-36.58	0.7974786348019322
-4.9	-35.49	0.7201401376171881
-4.91	-34.35	0.7487415175320866
-4.91	-33.17	0.8894115339132718
-4.92	-31.99	1.0119822591069805
-4.93	-30.78	1.068541505579444
-4.92	-29.54	1.0507767757409754
-4.92	-28.31	1.0415738841877051
-4.93	-27.09	1.0300178731470988
-4.93	-25.87	0.9998973888739415
-4.93	-24.64	0.9915081862371766
-4.93	-23.41	0.9632554640540711
-4.93	-22.18	0.9628061813749332
-4.93	-20.96	0.9539521842070995
-4.93	-19.73	0.9646178013075344
-4.93	-18.5	0.9715601068472358
-4.93	-17.26	0.9659034169125721
-4.93	-16.04	0.9733834594883293
-4.93	-14.8	0.9894767464103614
-4.93	-13.57	0.9872108354286278
-4.93	-12.34	0.9858442448192228
-4.94	-11.1	0.9904956036431103
-4.94	-9.87	1.0039707440601346
-4.94	-8.64	0.9937439000120307
-4.94	-7.41	1.0018323882906706
-4.94	-6.17	1.0110405740540487
-4.94	-4.94	1.0107301842537932
-4.94	-3.7	1.0505683000100703
-4.94	-2.47	1.0099599514337585
-4.94	-1.24	1.0051317502813246
-4.94	0.0	1.0061791345142503
-4.94	1.24	1.0019159640641224
-4.94	2.47	0.9743609528171531
-4.94	3.7	0.9782607662712813
-4.94	4.94	0.9678385424276253
-4.94	6.17	0.9818535016547445
-4.94	7.41	0.9940369818185262
-4.94	8.64	0.9947222789062924
-4.94	9.87	0.9944979727244632
-4.94	11.1	0.9905136570119862
-4.93	12.34	0.9954480884821196
-4.93	13.57	0.9965613335055048
-4.93	14.8	1.0170219937286842
-4.93	16.04	1.0552630111590853
-4.93	17.26	1.0166247852580312
-4.93	18.5	1.0247103273426217
-4.93	19.73	1.0339068448769764
-4.93	20.96	1.0326667210370946
-4.93	22.18	1.0257335494281943
-4.93	23.41	1.0284519911671148
-4.93	24.64	1.0315674100177166
-4.93	25.87	1.0255297490777184
-4.93	27.09	1.0338604366528859
-4.92	28.31	1.01346157121931
-4.92	29.54	0.9983827212516067
-4.93	30.78	0.9493493172981142
-4.92	31.99	0.8586128549282526
-4.91	33.17	0.7656544744554694
-4.91	34.35	0.7085428498940473
-4.9	35.49	0.7194839372915756
-4.88	36.58	0.5873826908924741
-4.84	37.5	0.11091577491196722
-3.63	37.55	0.11642800346803107
-3.66	36.6	0.6326503488108138
-3.67	35.51	0.7250310240021016
-3.68	34.35	0.7091575369840334
-3.69	33.18	0.7801368357709499
-3.69	32.0	0.8681880072702199
-3.69	30.78	0.9580974964987512
-3.69	29.54	0.9981554000673214
-3.69	28.31	1.0144903901037594
-3.69	27.09	1.042070743734398
-3.7	25.87	1.027476762326573
-3.7	24.64	1.0246446954537682
-3.7	23.41	1.0295006656482368
-3.7	22.19	1.0245446251225532
-3.7	20.96	1.020200133323952
-3.7	19.73	1.022777179095739
-3.7	18.5	1.0147791604345737
-3.7	17.27	1.0181556484762297
-3.7	16.04	1.010113230033879
-3.7	14.8	1.0149065462722562
-3.7	13.57	1.005656649216552
-3.7	12.34	1.0033347546417208
-3.7	11.11	1.0018112207617067
-3.7	9.88	1.002854516708299
-3.7	8.64	0.9808947237760419
-3.7	7.41	0.9878696468755223
-3.7	6.17	0.9922766481886004
-3.7	4.94	0.9724368598770361
-3.71	3.71	0.9748541533446724
-3.7	2.47	0.9933995022074164
-3.7	1.23	0.9857410566527314
-3.7	-0.0	0.9951860427391859
-3.7	-1.23	1.0180763457517583
-3.7	-2.47	1.0285615687042888
-3.71	-3.71	1.0090744164834886
-3.7	-4.94	1.0119914852502163
-3.7	-6.17	1.0122443747324832
-3.7	-7.41	1.007431317778301
-3.7	-8.64	1.0123316669828686
-3.7	-9.88	1.0001735041436952
-3.7	-11.11	1.0015243840246058
-3.7	-12.34	0.9910662201870416
-3.7	-13.57	0.989152458050843
-3.7	-14.8	0.9845336812683331
-3.7	-16.04	0.977958676859948
-3.7	-17.27	0.986507828362824
-3.7	-18.5	0.974958588202618
-3.7	-19.73	0.9938431352467658
-3.7	-20.96	0.9606807460194269
-3.7	-22.19	0.960125790887513
-3.7	-23.41	0.9742880339677115
-3.7	-24.64	0.9780164650042327
-3.7	-25.87	0.9925995400927364
-3.69	-27.09	1.0203599646740333
-3.69	-28.31	1.036294400534391
-3.69	-29.54	1.058037457454812
-3.69	-30.78	1.0708576586378358
-3.69	-32.0	1.018534980348422
-3.69	-33.18	0.9105020228244315
-3.68	-34.35	0.7546380899089651
-3.67	-35.51	0.7202306749394374
-3.66	-36.6	0.7926085518874963
-3.63	-37.55	0.7648216790471156
-2.42	-37.58	0.7927314590223834
-2.44	-36.61	0.8208019621927192
-2.45	-35.52	0.6924576267126729
-2.45	-34.36	0.771065828102427
-2.46	-33.18	0.9267173019979374
-2.46	-32.0	1.0302571110365235
-2.46	-30.78	1.0537027599147812
-2.46	-29.54	1.0455108405765972
-2.46	-28.31	1.0505019864041396
-2.46	-27.09	1.0167021974532104
-2.46	-25.87	0.9885052240725444
-2.46	-24.64	0.9813939994701663
-2.46	-23.41	0.9910248722433876
-2.47	-22.19	0.9654265798630116
-2.47	-20.96	0.9554345711687497
-2.47	-19.73	0.9481815240120856
-2.47	-18.5	0.9662665944264446
-2.47	-17.27	0.9593920865026192
-2.47	-16.04	0.9829538376095439
-2.47	-14.8	0.9968178420209634
-2.47	-13.57	0.9959030952544451
-2.47	-12.34	0.989626834415738
-2.47	-11.11	0.9986833470338035
-2.47	-9.88	0.9985620563690325
-2.47	-8.64	1.0661036187422124
-2.47	-7.41	1.0082928370986755
-2.47	-6.17	1.013826419996806
-2.47	-4.94	1.0231662510102397
-2.47	-3.7	1.0179594453699128
-2.47	-2.47	1.013763063934985
-2.47	-1.24	1.0124485321036418
-2.47	0.0	1.0001765763291803
-2.47	1.24	0.9818265024249594
-2.47	2.47	0.964757415997922
-2.47	3.7	0.9825477438593111
-2.47	4.94	0.9736906676811622
-2.47	6.17	0.9801148513592421
-2.47	7.41	0.992133265219571
-2.47	8.64	0.9853209922021283
-2.47	9.88	0.9902697942937739
-2.47	11.11	0.9881585172982562
-2.47	12.34	0.9916053530212104
-2.47	13.57	0.9927590125007306
-2.47	14.8	1.006148609549809
-2.47	16.04	1.0204033602302576
-2.47	17.27	1.0187891680236858
-2.47	18.5	1.02396046216306
-2.47	19.73	1.0260912297117386
-2.47	20.96	1.0214586568231592
-2.47	22.19	1.040310695275896
-2.46	23.41	1.0301931719717419
-2.46	24.64	1.0385966488228529
-2.46	25.87	1.0333505930304812
-2.46	27.09	1.041482540886654
-2.46	28.31	1.0295094828800673
-2.46	29.54	1.0094265197955803
-2.46	30.78	0.9794450278306838
-2.46	32.0	0.8901399742365623
-2.46	33.18	0.7803226999766719
-2.45	34.36	0.7115301287731567
-2.45	35.52	0.7195911882518865
-2.44	36.61	0.6421135295904504
-2.42	37.58	0.19867112919330712
-1.21	37.6	0.19940090913816996
-1.22	36.62	0.6627968495776305
-1.22	35.52	0.7116878841656201
-1.23	34.36	0.721276874686779
-1.23	33.18	0.7832436223645465
-1.23	32.0	0.8891493288258104
-1.23	30.78	0.9736104562936585
-1.23	29.54	1.012267195306019
-1.23	28.31	1.038032023117282
-1.23	27.09	1.0450243640078334
-1.23	25.87	1.0324996894509837
-1.23	24.64	1.0385870315289798
-1.23	23.41	1.0387667976723411
-1.23	22.19	1.0440104428878323
-1.23	20.96	1.024780584136178
-1.23	19.73	1.022134844156343
-1.23	18.5	1.021857022294212
-1.23	17.27	1.0189140902799956
-1.23	16.04	1.002098868775714
-1.23	14.8	1.0596283305975127
-1.23	13.57	1.01062153352875
-1.23	12.34	1.0098524797713297
-1.23	11.11	1.0045816928664326
-1.23	9.88	0.9927124393513344
-1.23	8.64	0.9853398713479067
-1.23	7.41	0.9822224357932172
-1.23	6.17	0.9785986262533082
-1.24	4.94	0.9681539300158384
-1.23	3.7	0.9643561154150427
-1.24	2.47	0.9680937357139925
-1.24	1.24	0.9769999184834964
-1.24	-0.0	0.9976346867975824
-1.24	-1.24	1.0098149382428827
-1.24	-2.47	1.0269297592890998
-1.23	-3.7	1.0250588290898721
-1.24	-4.94	1.0252929559930068
-1.23	-6.17	1.0279524908054611
-1.23	-7.41	1.0151348331646803
-1.23	-8.64	0.9960144699244655
-1.23	-9.88	1.012089670240864
-1.23	-11.11	0.9955360852602979
-1.23	-12.34	0.995190100165106
-1.23	-13.57	0.989847984591904
-1.23	-14.8	0.9855957524438572
-1.23	-16.04	0.9807033493213868
-1.23	-17.27	0.9746428900970395
-1.23	-18.5	0.964659142347278
-1.23	-19.73	0.957673104400621
-1.23	-20.96	0.9571642156281697
-1.23	-22.19	0.9554915951080593
-1.23	-23.41	0.9577886911579152
-1.23	-24.64	0.961052107722924
-1.23	-25.87	0.9955690688107449
-1.23	-27.09	0.9924605556126934
-1.23	-28.31	1.0370819505193136
-1.23	-29.54	1.054851443072362
-1.23	-30.78	1.0796222852884811
-1.23	-32.0	1.0299944582325675
-1.23	-33.18	0.9308809626694348
-1.23	-34.36	0.7740777945543169
-1.22	-35.52	0.6925738220603345
-1.22	-36.62	0.7963157902051339
-1.21	-37.6	0.8565359226466105
0.0	-37.6	0.7486487937082826
0.0	-36.62	0.8225010412990303
0.0	-35.52	0.7183907742796166
0.0	-34.36	0.7984729601030405
0.0	-33.19	0.9321912340839239
0.0	-32.0	1.042978783749794
0.0	-30.78	1.0638522128620138
0.0	-29.54	1.062711812372143
0.0	-28.31	1.037349053020623
0.0	-27.09	0.99933121773897
0.0	-25.87	0.9803069970272322
0.0	-24.64	0.9689151002155337
0.0	-23.41	0.9512400138166778
0.0	-22.19	0.9617714752517789
0.0	-20.96	0.9537162850421131
0.0	-19.73	0.9601162255441662
0.0	-18.5	0.9731342854683904
0.0	-17.27	0.9643107324804885
0.0	-16.04	0.979096548441617
0.0	-14.8	0.9875304095142547
0.0	-13.57	0.9955996119012925
0.0	-12.34	0.9995947946744886
0.0	-11.11	1.0041082567293222
0.0	-9.88	0.9886800629442554
0.0	-8.64	1.0764069554866338
0.0	-7.41	1.0098397797138436
0.0	-6.17	1.0189719948162508
0.0	-4.94	1.0132998715863097
0.0	-3.7	1.0124323061438139
0.0	-2.47	1.0163874226751626
0.0	-1.24	1.0121466686115912
0.0	0.0	1.0028585717258223
0.0	1.24	0.977928461413646
0.0	2.47	0.964410853369656
0.0	3.7	0.9627240819163307
0.0	4.94	0.9621454645778543
0.0	6.17	0.9744828568366504
0.0	7.41	0.9717995699878972
0.0	8.64	0.9807238322629686
0.0	9.88	0.9907206841441863
0.0	11.11	0.9931633578279091
0.0	12.34	0.9929455250826056
0.0	13.57	0.9808029985927585
0.0	14.8	0.9928711119405085
0.0	16.04	1.0375503731415816
0.0	17.27	1.0291302285947332
0.0	18.5	1.0256123822788863
0.0	19.73	1.0269611010563178
0.0	20.96	1.028184648493694
0.0	22.19	1.0357335742660758
0.0	23.41	1.0375457311993719
0.0	24.64	1.0259481333546576
0.0	25.87	1.041455904117524
0.0	27.09	1.0511311822656462
0.0	28.31	1.0225928558654875
0.0	29.54	0.9965613170978803
0.0	30.78	0.966999425210854
0.0	32.0	0.8863223760256015
0.0	33.19	0.7908925215111668
0.0	34.36	0.7098129432615718
0.0	35.52	0.7182716275401322
0.0	36.62	0.6680266321210064
0.0	37.6	0.2171054278976177
1.21	37.6	0.16832710513212223
1.22	36.62	0.6669750358512664
1.22	35.52	0.7181546726197151
1.23	34.36	0.709618232537767
1.23	33.18	0.7862090980940865
1.23	32.0	0.8966772345039313
1.23	30.78	0.9613470880631474
1.23	29.54	1.008186629747619
1.23	28.31	1.0199210644393095
1.23	27.09	1.0481336038676357
1.23	25.87	1.032091573497391
1.23	24.64	1.0510745763258074
1.23	23.41	1.0433283514410399
1.23	22.19	1.0297251834806216
1.23	20.96	1.0353311178169813
1.23	19.73	1.0268657881262913
1.23	18.5	1.0192952670506552
1.23	17.27	1.0271527965710503
1.23	16.04	1.0059542875034233
1.23	14.8	0.9977076354758504
1.23	13.57	0.9943705288032836
1.23	12.34	0.9893860813831373
1.23	11.11	0.9772305911515277
1.23	9.88	0.9956026589582379
1.23	8.64	0.993211819495451
1.23	7.41	0.9937663299127868
1.23	6.17	0.9671656942684166
1.24	4.94	0.9698304697291883
1.23	3.7	0.96091137566425
1.24	2.47	0.9716126942645549
1.24	1.24	0.9878705218740366
1.24	-0.0	0.9991330260939525
1.24	-1.24	1.0293569000003537
1.24	-2.47	1.0117262534328137
1.23	-3.7	1.0172053711960796
1.24	-4.94	1.022565079615885
1.23	-6.17	1.0128320897350473
1.23	-7.41	0.9975977758642541
1.23	-8.64	1.0075854709685599
1.23	-9.88	0.996309679203093
1.23	-11.11	0.9831137117012674
1.23	-12.34	1.0070747873462755
1.23	-13.57	0.9931523732756857
1.23	-14.8	0.9795367254212811
1.23	-16.04	0.9754923735297096
1.23	-17.27	0.9675021209889235
1.23	-18.5	0.967397899729082
1.23	-19.73	0.9675239895843443
1.23	-20.96	0.9540112070638441
1.23	-22.19	0.9636758926799496
1.23	-23.41	0.9601503321208551
1.23	-24.64	0.970362872636404
1.23	-25.87	0.9952416656151731
1.23	-27.09	1.0176954558117164
1.23	-28.31	1.0342122370874598
1.23	-29.54	1.0410291087859305
1.23	-30.78	1.0648900158613535
1.23	-32.0	1.0326914312610525
1.23	-33.18	0.925065621521198
1.23	-34.36	0.7926054352587761
1.22	-35.52	0.7244304001589883
1.22	-36.62	0.8091686802067897
1.21	-37.6	0.9714983471863811
2.42	-37.58	0.8680527704158141
2.44	-36.61	0.8116836196507509
2.45	-35.52	0.7144037721311581
2.45	-34.36	0.7845972087904804
2.46	-33.18	0.9328563789439576
2.46	-32.0	1.0258629955057947
2.46	-30.78	1.068307839951581
2.46	-29.54	1.0549796130102778
2.46	-28.31	1.043714488409799
2.46	-27.09	1.006895178442285
2.46	-25.87	0.9895634232693215
2.46	-24.64	0.9888007990019496
2.46	-23.41	0.9556763627318821
2.47	-22.19	0.9442096454215332
2.47	-20.96	0.9583752939713328
2.47	-19.73	0.9659674606336938
2.47	-18.5	0.9627111308902461
2.47	-17.27	0.9700345002752884
2.47	-16.04	0.9741174330500851
2.47	-14.8	0.988048481330998
2.47	-13.57	0.9961643406279643
2.47	-12.34	0.9967427076310432
2.47	-11.11	0.9926084782694274
2.47	-9.88	0.9964067100125545
2.47	-8.64	1.008410110922883
2.47	-7.41	1.0076788970859365
2.47	-6.17	1.01284419754957
2.47	-4.94	1.0068105845218436
2.47	-3.7	1.0158569974893137
2.47	-2.47	1.0141786729430777
2.47	-1.24	1.0174241288232742
2.47	0.0	0.9869822228357071
2.47	1.24	1.004166568644353
2.47	2.47	0.9623735865540889
2.47	3.7	0.9685047821062331
2.47	4.94	0.981357686086135
2.47	6.17	0.9751909386907384
2.47	7.41	0.984344225138513
2.47	8.64	0.995063345383185
2.47	9.88	0.9913210594764192
2.47	11.11	0.9881003098874352
2.47	12.34	0.9929391068069313
2.47	13.57	1.0113561539244185
2.47	14.8	1.002033247058912
2.47	16.04	1.0054104056514357
2.47	17.27	1.0137276962616926
2.47	18.5	1.0323111817123538
2.47	19.73	1.019635791088567
2.47	20.96	1.0315011167025627
2.47	22.19	1.0294540593899573
2.46	23.41	1.0422483003341652
2.46	24.64	1.0297953421877437
2.46	25.87	1.0418177875778265
2.46	27.09	1.0477075655302166
2.46	28.31	1.0323107387220154
2.46	29.54	0.9910994721254187
2.46	30.78	0.9695393009930069
2.46	32.0	0.8824601624100683
2.46	33.18	0.7867100014490749
2.45	34.36	0.7115309661565582
2.45	35.52	0.7276403079008527
2.44	36.61	0.6511012113236863
2.42	37.58	0.15413760525999504
3.63	37.55	0.12035736452195046
3.66	36.6	0.6180626124251606
3.67	35.51	0.7180741522101247
3.68	34.35	0.7203148613763701
3.69	33.18	0.7765174177863542
3.69	32.0	0.8736046962066497
3.69	30.78	0.9764667196217252
3.69	29.54	1.0025804162257217
3.69	28.31	1.0232718574725093
3.69	27.09	1.0419511108868957
3.7	25.87	1.0455182723305994
3.7	24.64	1.0541527190859072
3.7	23.41	1.0332857353496017
3.7	22.19	1.0364653553797571
3.7	20.96	1.0292040412795127
3.7	19.73	1.0320729278159826
3.7	18.5	1.0260702947787719
3.7	17.27	1.0165069113046081
3.7	16.04	1.0118792184284602
3.7	14.8	1.0088137545168945
3.7	13.57	1.0166240795501942
3.7	12.34	0.990994739603657
3.7	11.11	0.9877921192274045
3.7	9.88	0.9976214116394314
3.7	8.64	0.993536667654244
3.7	7.41	0.9924795932970628
3.7	6.17	0.9941181769881752
3.7	4.94	0.9808222983434751
3.71	3.71	0.9779624509393359
3.7	2.47	0.9804511811953457
3.7	1.23	0.9857060929536157
3.7	-0.0	1.0079351432153525
3.7	-1.23	1.008517724412423
3.7	-2.47	1.0163481547428888
3.71	-3.71	1.010818197451495
3.7	-4.94	1.011050690223503
3.7	-6.17	1.0164136332388103
3.7	-7.41	1.0186598879876703
3.7	-8.64	1.0000316741748942
3.7	-9.88	0.9973911920471075
3.7	-11.11	0.9996931490329164
3.7	-12.34	1.0055930194933695
3.7	-13.57	0.9860307824643587
3.7	-14.8	0.9897656960072602
3.7	-16.04	0.981678616555389
3.7	-17.27	0.9728039293767534
3.7	-18.5	0.960229169702336
3.7	-19.73	0.9743092077181078
3.7	-20.96	0.9482960215880428
3.7	-22.19	0.9617344237295092
3.7	-23.41	0.965236155666149
3.7	-24.64	0.9684697486964461
3.7	-25.87	0.98765294140974
3.69	-27.09	1.0211291118313486
3.69	-28.31	1.0364681117312442
3.69	-29.54	1.0578389134688715
3.69	-30.78	1.06403032519085
3.69	-32.0	1.0337634938902422
3.69	-33.18	0.9304072321289599
3.68	-34.35	0.7761850049683201
3.67	-35.51	0.730814515015878
3.66	-36.6	0.8262154575223807
3.63	-37.55	0.8235158710486521
4.84	-37.5	0.7126857226961064
4.88	-36.58	0.8081323209683452
4.9	-35.49	0.739977486111022
4.91	-34.35	0.7780934388170642
4.91	-33.17	0.912644267991018
4.92	-31.99	1.0129030468071196
4.93	-30.78	1.0611481149516424
4.92	-29.54	1.1006302011860585
4.92	-28.31	1.045271749669527
4.93	-27.09	1.0257656086674152
4.93	-25.87	0.9985962586500983
4.93	-24.64	0.9761054849556038
4.93	-23.41	0.9646700170093035
4.93	-22.18	0.9544562164027178
4.93	-20.96	0.9665554551198497
4.93	-19.73	0.9684483099178235
4.93	-18.5	0.9723612181347167
4.93	-17.26	0.9850462008391789
4.93	-16.04	0.9821772657041888
4.93	-14.8	0.9778720661334229
4.93	-13.57	0.9907837628198369
4.93	-12.34	0.998780516825751
4.94	-11.1	0.9980919279138772
4.94	-9.87	1.0015618508319382
4.94	-8.64	1.0111440822230584
4.94	-7.41	1.0006487221732803
4.94	-6.17	1.0104722536716348
4.94	-4.94	1.0099588170242844
4.94	-3.7	1.0158214059540498
4.94	-2.47	1.0061649999110809
4.94	-1.24	1.0130085152073647
4.94	0.0	0.989143924107337
4.94	1.24	0.9889229469784112
4.94	2.47	0.9877358562395627
4.94	3.7	0.983034476825829
4.94	4.94	0.990920978956847
4.94	6.17	1.000439925052743
4.94	7.41	0.9971272408132846
4.94	8.64	0.9952227808048016
4.94	9.87	1.0000971309882145
4.94	11.1	0.9980321262698615
4.93	12.34	1.0107900089311586
4.93	13.57	0.9985713143049539
4.93	14.8	1.020833447857796
4.93	16.04	1.0095339956098783
4.93	17.26	1.02918986482338
4.93	18.5	1.0309060056536405
4.93	19.73	1.0255441050815377
4.93	20.96	1.0394304975152633
4.93	22.18	1.0343849251188588
4.93	23.41	1.0332015692709788
4.93	24.64	1.0536491559164791
4.93	25.87	1.0436969495263808
4.93	27.09	1.054407400928409
4.92	28.31	1.028400553102176
4.92	29.54	1.0161872618834256
4.93	30.78	0.9666315897064245
4.92	31.99	0.872250975416193
4.91	33.17	0.7568540299057598
4.91	34.35	0.7319376309917107
4.9	35.49	0.7253613780310123
4.88	36.58	0.5965766043009725
4.84	37.5	0.16543497935494417
6.04	37.42	0.6326642693358948
6.09	36.55	0.5450027249994629
6.12	35.48	0.7238377834637643
6.13	34.34	0.7139660996162194
6.14	33.16	0.7520717954177893
6.15	31.98	0.847336856615228
6.16	30.78	0.9430807029840943
6.16	29.55	1.0100260507457088
6.15	28.31	1.0117813275798606
6.16	27.08	1.041146742998514
6.16	25.87	1.041047020902122
6.16	24.64	1.0332890412920923
6.16	23.41	1.0319797522044076
6.16	22.18	1.0367293918330238
6.16	20.96	1.0380923112594136
6.16	19.73	1.017154906023595
6.16	18.49	1.0257110534304514
6.17	17.26	1.0318016646638257
6.17	16.03	1.0235576606480574
6.17	14.8	1.0128563959513655
6.17	13.57	1.0098898512538472
6.17	12.34	1.0039205035326948
6.17	11.1	0.9942179993148073
6.17	9.87	1.0051213035613122
6.17	8.64	0.9969350939209153
6.17	7.41	0.9991436567080045
6.17	6.17	0.9993539888617231
6.17	4.94	0.9845239096625558
6.17	3.7	0.9886669076618962
6.17	2.47	0.9889091237373322
6.17	1.23	0.9975891429233243
6.17	-0.0	1.0042869124985858
6.17	-1.23	1.006353463713623
6.17	-2.47	1.0219043055330785
6.17	-3.7	1.016881659354779
6.17	-4.94	1.0181288929891423
6.17	-6.17	1.002533118274049
6.17	-7.41	1.0080019718522015
6.17	-8.64	1.0082350888828022
6.17	-9.87	1.033412053581869
6.17	-11.1	1.0033559220933015
6.17	-12.34	0.9929619908415124
6.17	-13.57	0.9940640393185027
6.17	-14.8	0.9916145105526435
6.17	-16.03	0.9681038710554369
6.17	-17.26	0.9883782332915985
6.16	-18.49	0.965299110856109
6.16	-19.73	0.9734502809552811
6.16	-20.96	0.961291526941187
6.16	-22.18	0.9820794592507537
6.16	-23.41	1.008692650551253
6.16	-24.64	0.9892889795119821
6.16	-25.87	0.9825004288887763
6.16	-27.08	1.0257184060938653
6.15	-28.31	1.0452343047070733
6.16	-29.55	1.0729721392302185
6.16	-30.78	1.0653887990813182
6.15	-31.98	1.0038436396999966
6.14	-33.16	0.8997393946170222
6.13	-34.34	0.759283072676342
6.12	-35.48	0.7594222689242685
6.09	-36.55	0.7717057518079964
6.04	-37.42	0.7459982634888073
7.22	-37.3	0.7723973954415092
7.3	-36.51	0.7840615074283006
7.34	-35.46	0.7982227833960206
7.36	-34.33	0.7601072364447584
7.37	-33.15	0.8883258242674982
7.38	-31.97	0.9946081125829372
7.39	-30.78	1.0591696220355484
7.39	-29.55	1.066529991091452
7.38	-28.31	1.0515417546677293
7.39	-27.08	1.0293760230897298
7.39	-25.86	0.99816270679148
7.39	-24.64	0.993409157542023
7.39	-23.41	0.9986336938605801
7.39	-22.18	0.9749567010162946
7.4	-20.95	0.969816206501127
7.4	-19.73	0.9634644108556714
7.4	-18.49	0.9721553294120098
7.4	-17.26	0.9629154943311222
7.4	-16.03	0.9907345120520881
7.4	-14.8	0.9980940272876682
7.4	-13.57	0.9878591971927061
7.4	-12.34	0.98343406518171
7.4	-11.1	1.0001635099532598
7.4	-9.87	0.9982715480100369
7.4	-8.64	0.9995292956003001
7.41	-7.41	1.006778930570144
7.41	-6.17	0.9935515312905844
7.41	-4.94	1.0051776787703413
7.41	-3.7	1.0072092165664464
7.41	-2.47	0.9962862012172068
7.41	-1.23	1.0043125686632193
7.41	0.0	0.9930315573520009
7.41	1.23	0.988662630658043
7.41	2.47	0.9947781597757183
7.41	3.7	1.0067299758861372
7.41	4.94	1.0034299267241098
7.41	6.17	0.9874533887277611
7.41	7.41	1.011841102745758
7.4	8.64	0.9938150270912858
7.4	9.87	0.9822423561833048
7.4	11.1	1.0095057774696479
7.4	12.34	1.002561244637039
7.4	13.57	1.004105326086804
7.4	14.8	1.0167795529015653
7.4	16.03	1.0192066653737957
7.4	17.26	1.0270387556614917
7.4	18.49	1.0160965081645026
7.4	19.73	1.0283756136510196
7.4	20.95	1.0282174531431492
7.39	22.18	1.034869958363892
7.39	23.41	1.035485619379374
7.39	24.64	1.0501267492600572
7.39	25.86	1.0417298625565048
7.39	27.08	1.0432716863127807
7.38	28.31	1.0174328012199276
7.39	29.55	0.9892562170543477
7.39	30.78	0.9309654017375458
7.38	31.97	0.8247992775009304
7.37	33.15	0.7459853285661935
7.36	34.33	0.7237772992145104
7.34	35.46	0.7290186961164844
7.3	36.51	0.46193779019356096
7.22	37.3	0.7761788454181293
8.51	36.45	0.3329727546982729
8.55	35.43	0.702409250660861
8.58	34.31	0.722059163115046
8.59	33.14	0.7290937432224343
8.6	31.96	0.8123380395914744
8.62	30.77	0.9088958718343707
8.62	29.55	0.9858042390917814
8.62	28.31	1.011317816787807
8.62	27.08	1.0207763494447564
8.62	25.86	1.042931948587657
8.62	24.64	1.0402765685998485
8.62	23.41	1.0256693218982098
8.62	22.18	1.0441246330558833
8.63	20.95	1.0410236222157714
8.63	19.72	1.0420730847835946
8.63	18.49	1.0341213665685258
8.63	17.26	1.0197428694539392
8.63	16.03	1.0214705276654583
8.63	14.8	1.0528308190503957
8.64	13.57	1.0155276989672852
8.64	12.34	1.0103199131224736
8.64	11.1	1.001592757687461
8.64	9.87	1.0167008040224335
8.64	8.64	1.0082461139031305
8.64	7.4	0.9980558158377727
8.64	6.17	1.006560457394566
8.64	4.94	1.0070792512539544
8.64	3.7	0.9863078647908537
8.64	2.47	1.0023698501028826
8.64	1.23	1.0043106008846077
8.64	-0.0	1.0092909513598696
8.64	-1.23	1.0125615216222044
8.64	-2.47	1.0157521870916422
8.64	-3.7	1.02075882634473
8.64	-4.94	1.0015368361964614
8.64	-6.17	1.0026701144240961
8.64	-7.4	1.0175976243580593
8.64	-8.64	1.005560078312091
8.64	-9.87	1.008555557086841
8.64	-11.1	0.9930070920467476
8.64	-12.34	0.9876821000197783
8.64	-13.57	0.9880230446283966
8.63	-14.8	0.9847428918447171
8.63	-16.03	0.9713481923079809
8.63	-17.26	0.9761144283477083
8.63	-18.49	0.9654675527354579
8.63	-19.72	0.9706914890926882
8.63	-20.95	0.9679001164017436
8.62	-22.18	0.9710375608444324
8.62	-23.41	0.9819470574001471
8.62	-24.64	1.0033149782141226
8.62	-25.86	1.008215215115767
8.62	-27.08	1.032047166140958
8.62	-28.31	1.0488488902946804
8.62	-29.55	1.0642396667449716
8.62	-30.77	1.047794194204089
8.6	-31.96	0.9629106151100735
8.59	-33.14	0.8504903966427504
8.58	-34.31	0.7591375794486366
8.55	-35.43	0.8235296550340426
8.51	-36.45	0.8062136197922837
9.7	-36.37	0.6438923997145898
9.76	-35.39	0.855438839056058
9.8	-34.29	0.7639520326481056
9.82	-33.13	0.8200949031794108
9.83	-31.95	0.9511434349469532
9.84	-30.76	1.0242011153509065
9.85	-29.55	1.0639103326964452
9.85	-28.31	1.0602283322576869
9.85	-27.08	1.037648810752908
9.85	-25.85	1.0291587015808294
9.85	-24.63	1.0069083351483357
9.86	-23.41	1.040099028265423
9.86	-22.18	0.9861079574131106
9.86	-20.95	0.9881356599833455
9.86	-19.72	0.9727769711839117
9.86	-18.49	0.9804010989384221
9.86	-17.26	0.9814437909856766
9.86	-16.03	0.9771760111556513
9.87	-14.8	0.9852727341141084
9.87	-13.57	0.9891836614260768
9.87	-12.34	0.9968737143263933
9.87	-11.1	1.004264360433127
9.87	-9.87	1.0134377422581737
9.87	-8.64	1.0162347067217636
9.87	-7.4	1.0295070371938415
9.87	-6.17	0.9959759360823364
9.87	-4.94	1.004307491197043
9.88	-3.7	0.9999719796454771
9.88	-2.47	1.0044608359183618
9.88	-1.23	0.9978934685226098
9.88	0.0	1.0063647917315206
9.88	1.23	1.0022018150291894
9.88	2.47	0.9888386946262369
9.88	3.7	1.0028050522315903
9.87	4.94	1.0093932187304966
9.87	6.17	1.006243603952212
9.87	7.4	1.0168419578399024
9.87	8.64	1.0176186136081506
9.87	9.87	1.0056373541105248
9.87	11.1	1.0127625754425378
9.87	12.34	1.0246475967943434
9.87	13.57	1.0066059151753468
9.87	14.8	1.0237126565140608
9.86	16.03	1.0248004064132212
9.86	17.26	1.03530913472148
9.86	18.49	1.0392080964904735
9.86	19.72	1.0295864477970798
9.86	20.95	1.0416693136923034
9.86	22.18	1.04393890786464
9.86	23.41	1.0356953260204291
9.85	24.63	1.0450190304191211
9.85	25.85	1.0458011267433007
9.85	27.08	1.0270502168027347
9.85	28.31	1.01006977658552
9.85	29.55	0.9668220736175525
9.84	30.76	0.881221744476317
9.83	31.95	0.7902770648235423
9.82	33.13	0.7302576360235846
9.8	34.29	0.7239524824067024
9.76	35.39	0.6560273770888557
9.7	36.37	0.24330162440740538
10.88	36.26	0.5398791178127123
10.97	35.34	0.5719172052612532
11.01	34.26	0.7300983344591662
11.04	33.11	0.7232943030262934
11.05	31.93	0.7579892586894502
11.07	30.75	0.8393845816298608
11.08	29.55	0.9461116449448956
11.08	28.32	1.0060429875946812
11.08	27.08	1.015893708001833
11.08	25.85	1.0276369898024829
11.08	24.63	1.0438061935035718
11.09	23.41	1.0460108907799495
11.09	22.18	1.0345462905332279
11.09	20.95	1.034095125461068
11.09	19.72	1.0387799847806851
11.1	18.49	1.028317864270966
11.1	17.26	1.0201884596930173
11.1	16.03	1.0273410790275281
11.1	14.8	1.027933357758928
11.1	13.57	1.0304930479449228
11.1	12.34	1.0186899015681368
11.1	11.1	1.0109989343467587
11.1	9.87	1.0045001357095518
11.1	8.64	1.016504653671706
11.1	7.4	1.0075424601883405
11.1	6.17	1.00185916335473
11.1	4.94	1.009706490660117
11.11	3.7	1.002381059115487
11.11	2.47	1.003171168030965
11.11	1.23	0.9989302566218375
11.11	-0.0	0.9917014527841116
11.11	-1.23	1.0058380538781277
11.11	-2.47	1.00134085526476
11.11	-3.7	1.0071538537030194
11.1	-4.94	1.0011448838694919
11.1	-6.17	1.007083344079683
11.1	-7.4	1.0103979154034082
11.1	-8.64	0.9977496208809958
11.1	-9.87	0.9926460459851766
11.1	-11.1	0.9970863329156856
11.1	-12.34	0.9881181835027296
11.1	-13.57	0.9779783358661717
11.1	-14.8	0.989378057170373
11.1	-16.03	0.9731115170830538
11.1	-17.26	0.9764682823653621
11.1	-18.49	0.9705476884791672
11.09	-19.72	0.9632523100907713
11.09	-20.95	0.9749433567885109
11.09	-22.18	0.9853940711666114
11.09	-23.41	0.9988137424347484
11.08	-24.63	1.0085554879145748
11.08	-25.85	1.0366382996162729
11.08	-27.08	1.0513694125151258
11.08	-28.32	1.0676026995211496
11.08	-29.55	1.0627638609351677
11.07	-30.75	0.9982097098896993
11.05	-31.93	0.9238965781142258
11.04	-33.11	0.8024451466153429
11.01	-34.26	0.7882620185345246
10.97	-35.34	0.851957118451183
10.88	-36.26	0.8971616959192066
12.02	-36.05	0.8545793249214523
12.16	-35.27	0.8070989516904284
12.22	-34.22	0.8294308463413259
12.25	-33.09	0.8003139320374101
12.27	-31.91	0.8895984377484462
12.29	-30.73	0.9928613771001102
12.31	-29.54	1.0489761326428386
12.31	-28.32	1.070005948299287
12.31	-27.08	1.0585474939737176
12.31	-25.85	1.0374673168371396
12.31	-24.63	1.0151961061973676
12.32	-23.4	0.9929517702119085
12.32	-22.18	0.9855663849191728
12.32	-20.94	0.9886310884917243
12.32	-19.72	0.9772847097511915
12.33	-18.49	0.9757511581204654
12.33	-17.26	0.9678050218958477
12.33	-16.03	0.9597679938024499
12.33	-14.8	0.987708326944658
12.33	-13.56	0.9902645047925385
12.33	-12.33	0.9832406419822685
12.34	-11.1	0.992664711261017
12.34	-9.87	0.995424656341207
12.34	-8.64	0.9951638156049922
12.34	-7.4	1.0025188381353203
12.34	-6.17	0.9999525324654325
12.34	-4.93	1.004529457463104
12.34	-3.7	0.9886990169239704
12.34	-2.47	1.0060273739026
12.34	-1.23	1.0069033906342975
12.34	0.0	0.9964977425308309
12.34	1.23	0.9966052723982396
12.34	2.47	1.0020737902657182
12.34	3.7	1.0022314057558404
12.34	4.93	0.9951847668788345
12.34	6.17	0.9946011130313407
12.34	7.4	1.0095928798872156
12.34	8.64	1.0105112919589863
12.34	9.87	0.9900715464466431
12.34	11.1	1.0003309823266473
12.33	12.33	1.0184033859133386
12.33	13.56	1.0142939866775684
12.33	14.8	1.0220525529248574
12.33	16.03	1.012661171147427
12.33	17.26	1.0269409395308708
12.33	18.49	1.038466208957593
12.32	19.72	1.02873192289713
12.32	20.94	1.0368286764852006
12.32	22.18	1.0406419633489126
12.32	23.4	1.0433899232213892
12.31	24.63	1.0400479952543888
12.31	25.85	1.024180899520913
12.31	27.08	0.999773754926457
12.31	28.32	0.9836958717957064
12.31	29.54	0.9220788391385479
12.29	30.73	0.8239267566395801
12.27	31.91	0.7330726870899225
12.25	33.09	0.7263220871672275
12.22	34.22	0.7035287350209022
12.16	35.27	0.4422411789405349
12.02	36.05	0.9411011161681218
13.34	35.17	0.3378783453773518
13.42	34.17	0.6689494084532244
13.47	33.06	0.7154531221255573
13.49	31.9	0.7195955947435166
13.51	30.71	0.7856711780823307
13.53	29.53	0.8751492811136312
13.54	28.32	0.9555881589431798
13.54	27.08	1.0002511274222883
13.54	25.85	1.0196466988291832
13.54	24.62	1.0298141930429419
13.55	23.4	1.039026798859317
13.55	22.17	1.0420728203907972
13.55	20.94	1.0294524419733388
13.55	19.71	1.0279114349810448
13.56	18.49	1.016487250405979
13.56	17.26	1.0319933282470242
13.56	16.03	1.0197263209783576
13.56	14.8	1.0274237036608174
13.56	13.56	1.0271918962654638
13.56	12.33	1.0199095233304676
13.57	11.1	1.0129005217414566
13.57	9.87	1.0229241898688517
13.57	8.64	1.0064337480020595
13.57	7.4	1.0150217181858139
13.57	6.17	1.0063267699493281
13.57	4.93	1.0060286815574244
13.57	3.7	1.0083476239054479
13.57	2.47	1.0066808898604767
13.57	1.23	1.0095405633101635
13.57	-0.0	0.9993831272372381
13.57	-1.23	0.9925578744163857
13.57	-2.47	0.9986904951371133
13.57	-3.7	1.0029815157015511
13.57	-4.93	0.9897288859582779
13.57	-6.17	0.9883865188323744
13.57	-7.4	1.0002161974143808
13.57	-8.64	0.9981231746220446
13.57	-9.87	1.0188234233437345
13.57	-11.1	0.9976195795638919
13.56	-12.33	0.9864478650910805
13.56	-13.56	1.0050884236652322
13.56	-14.8	0.9901257520982951
13.56	-16.03	0.9709174546874214
13.56	-17.26	0.9770510988128225
13.56	-18.49	0.9679103467014275
13.55	-19.71	0.9901767223119998
13.55	-20.94	0.991122030496937
13.55	-22.17	0.9875291089891839
13.55	-23.4	1.0055434670760754
13.54	-24.62	1.0229799015203493
13.54	-25.85	1.0432772899712535
13.54	-27.08	1.0639800638505212
13.54	-28.32	1.06669023538366
13.53	-29.53	1.032742425037171
13.51	-30.71	0.9613663306562644
13.49	-31.9	0.8551083063761146
13.47	-33.06	0.8160783606235801
13.42	-34.17	0.8625965074462196
13.34	-35.17	0.7097291895397272
14.49	-35.02	0.9075467138729758
14.62	-34.1	0.8753691448870582
14.67	-33.02	0.8456790890661622
14.71	-31.87	0.8357988306481324
14.73	-30.69	0.9235858600287223
14.75	-29.51	1.0023443173653606
14.77	-28.31	1.0383529010700498
14.78	-27.09	1.0570552704920744
14.77	-25.85	1.0513622919289722
14.77	-24.62	1.041129803924309
14.77	-23.39	1.003939990298346
14.78	-22.17	1.0073633309609071
14.78	-20.94	1.0016914150120537
14.78	-19.71	0.9887301855630346
14.79	-18.48	0.9945996124756271
14.79	-17.25	0.9818303608601232
14.79	-16.03	0.9853683223351338
14.79	-14.79	0.982451634702107
14.8	-13.56	0.9797762625987956
14.8	-12.33	0.9863404049023243
14.8	-11.1	0.9802736196832172
14.8	-9.87	1.0085686071580675
14.8	-8.63	0.9999638610431762
14.8	-7.4	1.0091061486960755
14.8	-6.17	0.9883943114552207
14.8	-4.93	1.0105180054125151
14.8	-3.7	1.002745586200075
14.8	-2.47	1.0014155715709245
14.8	-1.23	0.9914030614496969
14.8	0.0	0.9949006321924914
14.8	1.23	1.0058411722757499
14.8	2.47	1.0018367738117906
14.8	3.7	1.0040088960259177
14.8	4.93	1.0064369688090213
14.8	6.17	1.0029506018948242
14.8	7.4	1.0035212410266403
14.8	8.63	1.0203597123786272
14.8	9.87	1.0174250463515573
14.8	11.1	1.034983824209735
14.8	12.33	1.0145083661987357
14.8	13.56	1.0123235972454834
14.79	14.79	1.0245665655792533
14.79	16.03	1.026621968859942
14.79	17.25	1.0354700019881415
14.79	18.48	1.0326312899906802
14.78	19.71	1.0243666615335891
14.78	20.94	1.040344956504406
14.78	22.17	1.0404539911049366
14.77	23.39	1.018660344178818
14.77	24.62	1.0267204409664992
14.77	25.85	0.9938956067980254
14.78	27.09	0.9815516241152369
14.77	28.31	0.9276269138241866
14.75	29.51	0.8325442657820801
14.73	30.69	0.7671390687811143
14.71	31.87	0.7199418113775786
14.67	33.02	0.7130066000256019
14.62	34.1	0.5712301610537929
14.49	35.02	0.9917293830819399
15.79	34.0	0.29706253797355836
15.87	32.97	0.6964674485850753
15.92	31.84	0.7270874692955824
15.95	30.67	0.738431526422472
15.97	29.48	0.7966669283797831
15.99	28.3	0.8796509727504552
16.01	27.09	0.9622935754871077
16.01	25.85	1.0072535567218908
16.0	24.62	1.0107637107233869
16.0	23.39	1.0293326727997865
16.01	22.16	1.02914467387626
16.01	20.94	1.0169048178090168
16.02	19.71	1.0287890132137099
16.02	18.48	1.0288596732114021
16.02	17.25	1.0283518484220502
16.02	16.02	1.034277233118654
16.03	14.79	1.0213487660017115
16.03	13.56	1.0202469639016585
16.03	12.33	1.0310569525816984
16.03	11.1	1.015652688194728
16.03	9.86	1.0129574612218128
16.03	8.63	1.0139795315511126
16.03	7.4	1.0194914030323297
16.03	6.17	1.0050963627844423
16.04	4.93	0.9942030393750152
16.04	3.7	1.0156725162714628
16.04	2.47	0.9263455113211514
16.04	1.23	0.9973457977840635
16.04	-0.0	1.009917648037079
16.04	-1.23	0.9895639102909048
16.04	-2.47	0.993119157876553
16.04	-3.7	1.0395301179504017
16.04	-4.93	1.0062682556261564
16.03	-6.17	1.0005766936275533
16.03	-7.4	0.9898445447828224
16.03	-8.63	0.9857317612459632
16.03	-9.86	0.9852596074170596
16.03	-11.1	0.9979360411944784
16.03	-12.33	0.9845702142171779
16.03	-13.56	0.9848979646687654
16.03	-14.79	0.9844536184053535
16.02	-16.02	0.9888639054422727
16.02	-17.25	0.9842507425902053
16.02	-18.48	0.9864959790861698
16.02	-19.71	0.9973562656947756
16.01	-20.94	0.9989400511669397
16.01	-22.16	1.0321742612889007
16.0	-23.39	1.0428056637436616
16.0	-24.62	1.0477517205019558
16.01	-25.85	1.0510482760400193
16.01	-27.09	1.0625944655886097
15.99	-28.3	1.04346759544196
15.97	-29.48	0.9709696401600197
15.95	-30.67	0.8821581838594337
15.92	-31.84	0.8477513550663963
15.87	-32.97	0.8718398505513932
15.79	-34.0	0.8312180326505578
16.92	-33.85	0.7171316841323004
17.06	-32.9	0.8845885296477931
17.12	-31.8	0.8694734786578763
17.16	-30.65	0.8634028208005115
17.19	-29.46	0.9358879975324613
17.21	-28.27	1.0058841929326703
17.23	-27.08	1.0338034918052863
17.24	-25.86	1.0456085752482804
17.23	-24.62	1.048140680143727
17.23	-23.38	1.0313049836649002
17.23	-22.16	1.028045452740598
17.24	-20.93	1.0084712166428724
17.25	-19.71	1.013223312337001
17.25	-18.48	0.997726363336563
17.25	-17.25	0.9966087572464454
17.25	-16.02	0.9802014025655992
17.25	-14.79	0.9764730113334116
17.26	-13.56	0.9893504906366836
17.26	-12.33	0.9898159075089562
17.26	-11.1	0.9964849508031697
17.26	-9.86	0.9901325046775202
17.26	-8.63	0.9934174333611493
17.26	-7.4	1.0045910913671139
17.26	-6.17	1.0068873041335555
17.26	-4.93	0.9931671057828265
17.27	-3.7	0.9937022874777597
17.27	-2.47	1.0193209876082383
17.27	-1.23	1.014166407181916
17.27	0.0	0.997502748333439
17.27	1.23	1.0058559502188742
17.27	2.47	1.0033028127491723
17.27	3.7	1.011497429093738
17.26	4.93	0.9999010999549119
17.26	6.17	1.0025885818379272
17.26	7.4	1.0097316176145532
17.26	8.63	1.0098941622660342
17.26	9.86	1.0134947486603618
17.26	11.1	1.0245614285838904
17.26	12.33	1.0197231586284234
17.26	13.56	1.0190899089834244
17.25	14.79	1.0203738243098344
17.25	16.02	1.03983218328996
17.25	17.25	1.0167649657086026
17.25	18.48	1.0242868315533873
17.25	19.71	1.021730391240584
17.24	20.93	1.0301870564537314
17.23	22.16	1.0371268062930876
17.23	23.38	1.0164792603869925
17.23	24.62	1.0067591479587017
17.24	25.86	0.9579493288911057
17.23	27.08	0.913940025658905
17.21	28.27	0.843586080459079
17.19	29.46	0.7612284773757741
17.16	30.65	0.7184176012929111
17.12	31.8	0.7197538452049109
17.06	32.9	0.58682121878069
16.92	33.85	0.09968956369348218
18.21	32.78	0.3474529149572137
18.31	31.74	0.6917295478406363
18.37	30.61	0.7378677383655036
18.4	29.44	0.7338510141122755
18.42	28.25	0.7917251273727007
18.45	27.06	0.8595313411194162
18.47	25.85	0.9355091080758782
18.47	24.63	0.971216402782129
18.46	23.39	1.0046681124103787
18.46	22.15	1.019065359003361
18.47	20.93	1.0202554440294451
18.47	19.7	1.0321856801517788
18.48	18.48	1.0295120992788236
18.48	17.25	1.0269762882804354
18.48	16.02	1.0295076674360735
18.48	14.79	1.0231529655290617
18.49	13.56	1.017768095327514
18.49	12.33	1.0190212267779422
18.49	11.1	1.0134570029602221
18.49	9.86	1.0217688129096927
18.49	8.63	1.0185166362771796
18.49	7.4	1.0104533255316153
18.49	6.16	1.0117396453639007
18.5	4.93	1.0120972863084843
18.5	3.7	1.003375891074598
18.5	2.47	1.0069051679117642
18.5	1.23	1.007745463848068
18.5	-0.0	1.0068196529621343
18.5	-1.23	0.9978622739677805
18.5	-2.47	1.0018680689445123
18.5	-3.7	1.0058923891473828
18.5	-4.93	1.0161535021635975
18.49	-6.16	1.0037417359123393
18.49	-7.4	0.9922537517845955
18.49	-8.63	1.0000832260780366
18.49	-9.86	0.9926787541075283
18.49	-11.1	0.9870500145146461
18.49	-12.33	0.9841817384767634
18.49	-13.56	0.9888070928941926
18.48	-14.79	0.9963871747261535
18.48	-16.02	0.9870263246252632
18.48	-17.25	1.02643463503599
18.48	-18.48	1.0043130602465595
18.47	-19.7	1.0155040010070002
18.47	-20.93	1.0423987945469004
18.46	-22.15	1.0262532533575648
18.46	-23.39	1.0487588229694496
18.47	-24.63	1.046710566855355
18.47	-25.85	1.0527249480721759
18.45	-27.06	1.0139000211073683
18.42	-28.25	0.9825670932372185
18.4	-29.44	0.914362363286829
18.37	-30.61	0.8643892556405548
18.31	-31.74	0.9129294910589683
18.21	-32.78	0.83675544923722
19.32	-32.6	0.769621993450287
19.48	-31.66	0.9233530288570349
19.56	-30.56	0.9123131222513372
19.61	-29.41	0.8963172859315991
19.63	-28.22	0.9467103701525479
19.66	-27.03	0.998826088081744
19.68	-25.84	1.0259500062447942
19.7	-24.62	1.0467817407547653
19.7	-23.39	1.0594525971726236
19.69	-22.16	1.0413052728321326
19.69	-20.92	1.0347161863243262
19.7	-19.7	1.021457598359815
19.7	-18.47	1.0091128376541003
19.71	-17.25	1.0032675793247516
19.71	-16.02	0.9914508661975129
19.71	-14.78	0.9882238301517392
19.71	-13.55	0.9865713024082784
19.72	-12.32	1.0079324382386718
19.72	-11.09	0.9958507578146429
19.72	-9.86	0.9940339560186078
19.72	-8.63	0.9885224233049308
19.73	-7.4	0.9798848201702189
19.73	-6.16	0.9983276184983445
19.73	-4.93	0.9934214996251157
19.73	-3.7	0.9970861372456129
19.73	-2.47	1.0010356753884628
19.73	-1.23	0.9994520516562376
19.73	0.0	1.0040695610891601
19.73	1.23	1.0035220005014998
19.73	2.47	1.0183293779713563
19.73	3.7	1.0066017173432589
19.73	4.93	1.0079651243444678
19.73	6.16	1.0065055351532057
19.73	7.4	1.0046044428081295
19.72	8.63	1.0106638280303566
19.72	9.86	1.0123148739154042
19.72	11.09	1.0225071023962597
19.72	12.32	1.0211939203842475
19.71	13.55	1.0189585687103935
19.71	14.78	1.0323265337793852
19.71	16.02	1.0275606426574808
19.71	17.25	1.026967398958767
19.7	18.47	1.032804299338334
19.7	19.7	1.022803349898853
19.69	20.92	1.018068950632832
19.69	22.16	1.0051554862782308
19.7	23.39	0.985786689255063
19.7	24.62	0.9442870177833902
19.68	25.84	0.8892533035821503
19.66	27.03	0.8133780166738371
19.63	28.22	0.7474818677085787
19.61	29.41	0.7162065283006211
19.56	30.56	0.7018252038698245
19.48	31.66	0.5722536770264294
19.32	32.6	0.14641729926115726
20.61	31.52	0.2986443413751733
20.73	30.49	0.6538012799330319
20.8	29.36	0.7293541790213897
20.84	28.2	0.7243482818297935
20.87	27.01	0.7743098779482303
20.89	25.81	0.83745697234526
20.92	24.61	0.9002421742528729
20.93	23.39	0.9592465424704636
20.93	22.16	0.9924533610211443
20.92	20.92	0.9893382079617246
20.92	19.69	1.019650046545565
20.93	18.47	1.027217117339704
20.93	17.24	1.0203370351928849
20.94	16.01	1.0260709181474335
20.94	14.78	1.0281419528096887
20.94	13.55	1.036781625729949
20.94	12.32	1.0213128070440147
20.95	11.09	1.0175328269211499
20.95	9.86	1.0191347647503521
20.95	8.63	1.0309385684578671
20.95	7.4	1.01480622448735
20.96	6.16	1.0036534675869246
20.96	4.93	1.0204086667027215
20.96	3.7	1.0211800290096944
20.96	2.47	1.0109464082221553
20.96	1.23	1.0176911746910007
20.96	-0.0	1.0124504175566704
20.96	-1.23	1.0115066179982835
20.96	-2.47	1.0064588616394021
20.96	-3.7	0.9985572474823291
20.96	-4.93	0.9982118318606353
20.96	-6.16	1.0076186945165677
20.95	-7.4	0.9999129902857413
20.95	-8.63	1.0067808344876552
20.95	-9.86	1.0117869075143322
20.95	-11.09	0.9861248194456654
20.94	-12.32	1.0068438080430888
20.94	-13.55	1.0007384545886735
20.94	-14.78	1.0065584947411392
20.94	-16.01	1.0222934260602095
20.93	-17.24	1.024683339106965
20.93	-18.47	1.0308909756783051
20.92	-19.69	1.0282556192946055
20.92	-20.92	1.0447504042586704
20.93	-22.16	1.0519781398711971
20.93	-23.39	1.0515900675802385
20.92	-24.61	1.0403198715346906
20.89	-25.81	1.012211215955225
20.87	-27.01	0.9723272123868243
20.84	-28.2	0.9354616156480918
20.8	-29.36	0.9164288989052826
20.73	-30.49	0.9512355513404559
20.61	-31.52	0.849495386145655
21.63	-31.24	0.7134143348131312
21.87	-30.38	0.9194648251825158
21.97	-29.3	0.9579127756434597
22.04	-28.16	0.9343363075612791
22.07	-26.98	0.9618651775664112
22.1	-25.78	0.9914119329072023
22.13	-24.59	1.0094153060437594
22.15	-23.38	1.0355458459947933
22.16	-22.16	1.0450226871277226
22.16	-20.93	1.0581749325885734
22.16	-19.69	1.0397344765509344
22.15	-18.46	1.0399624727249994
22.16	-17.23	1.0143471723891426
22.16	-16.01	1.0202233640655185
22.17	-14.78	1.0102691843159515
22.17	-13.55	1.012892609081847
22.18	-12.32	1.0040781774824414
22.18	-11.09	1.01837092230071
22.18	-9.86	0.9947845434231551
22.18	-8.62	0.9959685567101031
22.18	-7.39	0.9958986860287387
22.18	-6.16	0.9963281209019246
22.18	-4.93	1.0051537530653705
22.19	-3.7	1.0133833629299216
22.19	-2.47	1.0065778556160687
22.19	-1.23	1.0185482296367327
22.19	0.0	1.0021837697549052
22.19	1.23	1.0228999942603563
22.19	2.47	1.0156694529280204
22.19	3.7	1.0180879044516085
22.18	4.93	0.9995449892810278
22.18	6.16	1.0168728272867849
22.18	7.39	1.0048999935310847
22.18	8.62	1.0073441781427068
22.18	9.86	1.0641289682282764
22.18	11.09	1.0339321807205446
22.18	12.32	1.0182147403618083
22.17	13.55	1.0237481642189161
22.17	14.78	1.0225181031904216
22.16	16.01	1.012941930490078
22.16	17.23	1.018306610253019
22.15	18.46	1.0170515103318976
22.16	19.69	0.9901506264094226
22.16	20.93	0.9907465616206074
22.16	22.16	0.9578845789099364
22.15	23.38	0.9070177357412538
22.13	24.59	0.8528801072451413
22.1	25.78	0.7851807621382326
22.07	26.98	0.7329005993205783
22.04	28.16	0.7230955378282434
21.97	29.3	0.6974969307385043
21.87	30.38	0.48721779184648367
21.63	31.24	0.658921459642506
22.94	30.18	0.3032925532358662
23.12	29.2	0.5710977926450769
23.21	28.1	0.6904980182001756
23.27	26.94	0.721546122137184
23.31	25.76	0.7324552276603665
23.33	24.56	0.7794045058274086
23.36	23.36	0.8627323837086235
23.38	22.15	0.9043326434897555
23.39	20.93	0.9607738124906374
23.39	19.7	0.9849449503604127
23.39	18.46	0.9911160452041489
23.38	17.23	1.0063786372681833
23.39	16.0	1.0125756494651525
23.39	14.77	1.0120168898207553
23.4	13.55	1.0155283374310333
23.4	12.32	1.0114052922085455
23.41	11.09	1.0265954310937795
23.41	9.86	1.0202828850096453
23.41	8.62	1.0083238366390004
23.41	7.39	0.9758797411367531
23.41	6.16	0.9799581283679211
23.41	4.93	0.9982683409558079
23.41	3.7	1.0106851658551264
23.41	2.46	1.0164603448591016
23.41	1.23	1.0087606485811462
23.41	-0.0	1.0029400110548845
23.41	-1.23	1.0057431551965068
23.41	-2.46	1.00669521637237
23.41	-3.7	1.007602858598372
23.41	-4.93	1.0045148885861783
23.41	-6.16	1.0042609546446362
23.41	-7.39	1.0137756515788439
23.41	-8.62	1.0089504027225775
23.41	-9.86	1.0092525964024583
23.41	-11.09	1.0010157636805102
23.4	-12.32	1.0250869539613636
23.4	-13.55	1.029704089134192
23.39	-14.77	1.0289272115000803
23.39	-16.0	1.0272660941756822
23.38	-17.23	1.0295836173732984
23.39	-18.46	1.0478150619797388
23.39	-19.7	1.0574661598196025
23.39	-20.93	1.0398334341082591
23.38	-22.15	1.0410180892940868
23.36	-23.36	1.0293419505011994
23.33	-24.56	1.00415865516204
23.31	-25.76	0.9679413214153865
23.27	-26.94	0.9601861732070288
23.21	-28.1	0.9703176449258492
23.12	-29.2	0.9718429479436846
22.94	-30.18	0.7974091088762275
24.2	-29.04	0.8306425238968607
24.36	-28.01	0.99279751404404
24.44	-26.89	0.994897709966752
24.5	-25.72	0.9706315809176985
24.53	-24.53	0.9976633310368161
24.56	-23.33	1.011240134891855
24.59	-22.13	1.0265973274702476
24.61	-20.92	1.0459284968833829
24.62	-19.7	1.0520141410304573
24.63	-18.47	1.0444185586165542
24.62	-17.23	1.0450264930547255
24.62	-16.0	1.045352637047386
24.62	-14.77	1.045495514928214
24.62	-13.54	1.0306730910818727
24.63	-12.31	1.0176791810357841
24.63	-11.08	1.017196503656435
24.63	-9.85	1.0042564341431672
24.64	-8.62	1.0147154430377252
24.64	-7.39	1.0072633081348203
24.64	-6.16	1.0128059260108444
24.64	-4.93	1.0238380075134743
24.64	-3.7	1.0118215044694459
24.64	-2.46	1.0158790209399906
24.64	-1.23	1.0111310189653728
24.64	0.0	1.0060423174339816
24.64	1.23	1.0036085605874299
24.64	2.46	1.0052536924569735
24.64	3.7	0.9949899490562543
24.64	4.93	1.004788098752287
24.64	6.16	1.0192357142844028
24.64	7.39	1.0049818576172889
24.64	8.62	1.0082138396093365
24.63	9.85	1.033786892015277
24.63	11.08	1.0196940060542579
24.63	12.31	1.01465299782296
24.62	13.54	1.0112987631796717
24.62	14.77	1.0082937347355903
24.62	16.0	1.0151709790013674
24.62	17.23	0.9837369750502932
24.63	18.47	0.972655278182012
24.62	19.7	0.9463486439910711
24.61	20.92	0.9114436793133771
24.59	22.13	0.8649391156607442
24.56	23.33	0.8014448232818212
24.53	24.53	0.7434593088286022
24.5	25.72	0.7335643238755487
24.44	26.89	0.7152658590954569
24.36	28.01	0.6212602592664797
24.2	29.04	0.35206354246817706
25.43	27.86	0.3883708995285949
25.59	26.8	0.6302660497491367
25.67	25.67	0.7070125436085397
25.72	24.5	0.7414703178201647
25.76	23.31	0.7429683319620614
25.78	22.1	0.8036309219994399
25.81	20.89	0.8615374072386573
25.84	19.68	0.9035681624873741
25.85	18.47	0.9347061194530953
25.86	17.24	0.9553917183696016
25.85	16.01	0.9836643823379082
25.85	14.77	1.0024294285018427
25.85	13.54	1.0155345188855327
25.85	12.31	1.001601112440828
25.85	11.08	1.0189556494939873
25.85	9.85	1.0164892726721522
25.86	8.62	1.0108791926072176
25.86	7.39	1.0171919371004035
25.87	6.16	1.0210537547932248
25.87	4.93	1.0169344739018347
25.87	3.7	1.0087920688433565
25.87	2.46	1.0102790989016122
25.87	1.23	1.0201859756668201
25.87	-0.0	1.023305798359103
25.87	-1.23	1.015143608712414
25.87	-2.46	1.0185405915766912
25.87	-3.7	1.0106448516240398
25.87	-4.93	1.0156002169825593
25.87	-6.16	1.0216535672766636
25.86	-7.39	1.0179440613599742
25.86	-8.62	1.0214496585962554
25.85	-9.85	1.0256097033782887
25.85	-11.08	1.0159482512817675
25.85	-12.31	1.0270160502431858
25.85	-13.54	1.0376129470642452
25.85	-14.77	1.0423770541010762
25.85	-16.01	1.048891764552448
25.86	-17.24	1.0505218479242602
25.85	-18.47	1.0522986148972928
25.84	-19.68	1.0486290724377645
25.81	-20.89	1.0322024009253417
25.78	-22.1	1.0140054450753946
25.76	-23.31	1.0083559273795022
25.72	-24.5	0.9975095686965458
25.67	-25.67	1.0098310327770001
25.59	-26.8	0.9979572202096336
25.43	-27.86	0.9223718737599561
26.65	-26.65	0.9576843278178471
26.8	-25.59	1.0106434909779973
26.89	-24.44	1.0197310008371567
26.94	-23.27	1.0137071876954775
26.98	-22.07	1.0220688808248437
27.01	-20.87	1.0292913208703511
27.03	-19.66	1.0388725551954994
27.06	-18.45	1.0556959100657686
27.08	-17.23	1.0486603021062477
27.09	-16.01	1.0454356660535353
27.09	-14.78	1.0462335486183802
27.08	-13.54	1.0474459389970825
27.08	-12.31	1.0341644267754357
27.08	-11.08	1.0312966419092728
27.08	-9.85	1.024502521308437
27.08	-8.62	1.0336860080989048
27.08	-7.39	1.0249061639707464
27.08	-6.16	1.023081356197984
27.09	-4.93	1.0125493664006162
27.09	-3.69	1.0219743401857189
27.09	-2.46	1.0227800411411856
27.09	-1.23	1.0245009272676735
27.09	0.0	1.0095892151333634
27.09	1.23	1.017568274973824
27.09	2.46	1.0244869198688904
27.09	3.69	1.0145403649525058
27.09	4.93	1.0219641846316216
27.08	6.16	1.0126727992231823
27.08	7.39	1.0082907599794955
27.08	8.62	1.0112760639315255
27.08	9.85	1.0124096536826304
27.08	11.08	1.0137448073453437
27.08	12.31	1.0069124695119562
27.08	13.54	0.991068641023686
27.09	14.78	0.9882257967412799
27.09	16.01	0.9472405498912082
27.08	17.23	0.9303874431764189
27.06	18.45	0.8854076854994232
27.03	19.66	0.8475904759088805
27.01	20.87	0.7953565788355041
26.98	22.07	0.7384499062391235
26.94	23.27	0.7410589261927751
26.89	24.44	0.7044882332838869
26.8	25.59	0.6481920634398487
26.65	26.65	0.3685189138541022
27.86	25.43	0.4426529581318674
28.01	24.36	0.6393505683892865
28.1	23.21	0.6908972842032869
28.16	22.04	0.7343108922096924
28.2	20.84	0.7358614883711841
28.22	19.63	0.7865135116860846
28.25	18.42	0.8221283734601694
28.27	17.21	0.8835401382846867
28.3	15.99	0.9162674234363797
28.31	14.77	0.9322271764851798
28.32	13.54	0.9602914159929344
28.32	12.31	0.9795010410184551
28.32	11.08	0.9882202192977129
28.31	9.85	0.9976481381072901
28.31	8.62	1.0411680607149454
28.31	7.38	1.0012768303714172
28.31	6.15	1.0031941698354157
28.31	4.92	1.0114420702997688
28.31	3.69	1.023240714962189
28.31	2.46	1.012929964522127
28.31	1.23	1.0246271183051794
28.31	-0.0	1.0249764664242258
28.31	-1.23	1.0173522788126383
28.31	-2.46	1.0222942768219785
28.31	-3.69	1.017471324612055
28.31	-4.92	1.0282901912499538
28.31	-6.15	1.0199748467592702
28.31	-7.38	1.0259181138082736
28.31	-8.62	1.034267350549247
28.31	-9.85	1.0304662749531317
28.32	-11.08	1.031843485042173
28.32	-12.31	1.0565945538583088
28.32	-13.54	1.045686717589425
28.31	-14.77	1.0581559589091993
28.3	-15.99	1.051188779515437
28.27	-17.21	1.0428286960676425
28.25	-18.42	1.040948742005782
28.22	-19.63	1.0449410300814896
28.2	-20.84	1.0470118130976147
28.16	-22.04	1.0336773735972238
28.1	-23.21	1.043405489326001
28.01	-24.36	1.029595818941874
27.86	-25.43	0.960422151848873
29.04	-24.2	0.9432676201275981
29.2	-23.12	1.03971050286866
29.3	-21.97	1.0506139100129799
29.36	-20.8	1.0536771745569233
29.41	-19.61	1.039324290287032
29.44	-18.4	1.0540058653157545
29.46	-17.19	1.0434118631441198
29.48	-15.97	1.04386052568227
29.51	-14.75	1.0520616245937078
29.53	-13.53	1.044339551292239
29.54	-12.31	1.0489171604057455
29.55	-11.08	1.0395943947256316
29.55	-9.85	1.0418112816894363
29.55	-8.62	1.0495347407834295
29.55	-7.39	1.0384908972672438
29.55	-6.16	1.0202956226605875
29.54	-4.92	1.0293668819411825
29.54	-3.69	1.0208481298210859
29.54	-2.46	1.0302006927636802
29.54	-1.23	1.0170231596444217
29.54	0.0	1.00676864900055
29.54	1.23	1.016523941734677
29.54	2.46	1.0035823461205802
29.54	3.69	1.0173472321491017
29.54	4.92	1.0052061166380613
29.55	6.16	0.9926858666841849
29.55	7.39	1.0059960008366216
29.55	8.62	0.987251454969615
29.55	9.85	0.9712249391607152
29.55	11.08	0.9721783335574149
29.54	12.31	0.9591853929491745
29.53	13.53	0.9317612847268707
29.51	14.75	0.8920781244740933
29.48	15.97	0.8529331260235885
29.46	17.19	0.8147677967500901
29.44	18.4	0.7615562624860023
29.41	19.61	0.738186633294525
29.36	20.8	0.720477778976068
29.3	21.97	0.7045063153119298
29.2	23.12	0.6181826387474426
29.04	24.2	0.4140474160031202
30.18	22.94	0.35732624102606503
30.38	21.87	0.5565988413162702
30.49	20.73	0.6851552093918855
30.56	19.56	0.7027709246304369
30.61	18.37	0.73664581493189
30.65	17.16	0.75269171491604
30.67	15.95	0.7966775567902968
30.69	14.73	0.8330748293289567
30.71	13.51	0.8713964810603779
30.73	12.29	0.9065369228298427
30.75	11.07	0.9327554684582011
30.76	9.84	0.9975290512350399
30.77	8.62	0.9592555505935934
30.78	7.39	0.9805993999759356
30.78	6.16	0.9726868221136157
30.78	4.93	0.9923508300217074
30.78	3.69	0.9996419662726561
30.78	2.46	1.007927788220786
30.78	1.23	1.0082719963153153
30.78	-0.0	1.0212831928906714
30.78	-1.23	1.0176648302889566
30.78	-2.46	1.024103904372809
30.78	-3.69	1.0127304814390865
30.78	-4.93	1.0283805693042618
30.78	-6.16	1.0336253755811071
30.78	-7.39	1.0406041863808748
30.77	-8.62	1.0290014859318661
30.76	-9.84	1.0380107997234673
30.75	-11.07	1.0489296433857682
30.73	-12.29	1.0518253675134932
30.71	-13.51	1.0610772176063241
30.69	-14.73	1.0625151083858122
30.67	-15.95	1.064716424120255
30.65	-17.16	1.0523938050477675
30.61	-18.37	1.0516246273293541
30.56	-19.56	1.055496916022652
30.49	-20.73	1.061205312345752
30.38	-21.87	1.0321225523798196
30.18	-22.94	0.8604850924111384
31.24	-21.63	0.7340294937870127
31.52	-20.61	0.9745328623998815
31.66	-19.48	1.0428724936869325
31.74	-18.31	1.0598474568235554
31.8	-17.12	1.0659174941992517
31.84	-15.92	1.067853922172883
31.87	-14.71	1.0721568495636504
31.9	-13.49	1.063571598669652
31.91	-12.27	1.0504039024475715
31.93	-11.05	1.0553771453963279
31.95	-9.83	1.0379040425175023
31.96	-8.6	1.041995305429819
31.97	-7.38	1.0350220039919682
31.98	-6.15	1.0322522345080722
31.99	-4.92	1.0084192567789796
32.0	-3.69	1.0101591007641548
32.0	-2.46	1.0028687162109837
32.0	-1.23	1.0078229532549292
32.0	0.0	1.0121383298129347
32.0	1.23	1.004767229558821
32.0	2.46	0.9865235089632574
32.0	3.69	0.9960267868314938
31.99	4.92	0.9670097614172452
31.98	6.15	0.961887749808814
31.97	7.38	0.9435161758954599
31.96	8.6	0.9273051253253808
31.95	9.83	0.8967479269811008
31.93	11.05	0.8657601543653745
31.91	12.27	0.8242402496806637
31.9	13.49	0.8012892098353639
31.87	14.71	0.77008542417153
31.84	15.92	0.7480901232693179
31.8	17.12	0.7192122438611328
31.74	18.31	0.7064932340742982
31.66	19.48	0.6397632792593595
31.52	20.61	0.45644193889233303
31.24	21.63	0.45582188115479155
32.6	19.32	0.42655697384395813
32.78	18.21	0.5552210033253646
32.9	17.06	0.6752437627521558
32.97	15.87	0.6992746148752895
33.02	14.67	0.6936774183027418
33.06	13.47	0.7353762986176259
33.09	12.25	0.7685748486952615
33.11	11.04	0.7900611108542013
33.13	9.82	0.8368579559619664
33.14	8.59	0.8610509555312273
33.15	7.37	0.8870233089541947
33.16	6.14	0.9152827709107885
33.17	4.91	0.9702342584565788
33.18	3.69	0.9589627756563385
33.18	2.46	0.9665040915639243
33.18	1.23	0.972510660167989
33.19	-0.0	0.9963174631937044
33.18	-1.23	1.002658668637777
33.18	-2.46	0.9930501585556323
33.18	-3.69	1.008322179396084
33.17	-4.91	1.0193619704882817
33.16	-6.14	1.0334916645588144
33.15	-7.37	1.0394059633638824
33.14	-8.59	1.0373648753587195
33.13	-9.82	1.0491210366141883
33.11	-11.04	1.0445053371351765
33.09	-12.25	1.0638167220403258
33.06	-13.47	1.0595772398263235
33.02	-14.67	1.0581408023907746
32.97	-15.87	1.0581265915235203
32.9	-17.06	1.030024969433921
32.78	-18.21	0.9876633805441455
32.6	-19.32	0.8097944340019175
33.85	-16.92	0.810058602207741
34.0	-15.79	0.9427875439915342
34.1	-14.62	0.9799980719129078
34.17	-13.42	1.0014952133259547
34.22	-12.22	1.0243021847364735
34.26	-11.01	1.0241071744281078
34.29	-9.8	1.0203536124101154
34.31	-8.58	1.0255508346871325
34.33	-7.36	1.0226138227172616
34.34	-6.13	1.0067564189715557
34.35	-4.91	1.012331885748905
34.35	-3.68	0.988614649506741
34.36	-2.45	0.9830812501002565
34.36	-1.23	0.9752602243345729
34.36	0.0	0.9635286961400594
34.36	1.23	0.9376022233003193
34.36	2.45	0.9184133622085812
34.35	3.68	0.8861685723385423
34.35	4.91	0.8758832390810223
34.34	6.13	0.8516905908367385
34.33	7.36	0.8226778061363037
34.31	8.58	0.7838442293100396
34.29	9.8	0.7556619940149448
34.26	11.01	0.7315134553976294
34.22	12.22	0.7137839856495303
34.17	13.42	0.7203633079441053
34.1	14.62	0.6946958936798981
34.0	15.79	0.5767972723149816
33.85	16.92	0.45822334662403136
35.02	14.49	0.456933010052649
35.17	13.34	0.5871601198233893
35.27	12.16	0.679655038237163
35.34	10.97	0.7116203921760417
35.39	9.76	0.7162770046591521
35.43	8.55	0.7035773047578682
35.46	7.34	0.7259186420381885
35.48	6.12	0.7708540001347455
35.49	4.9	0.7813711391069392
35.51	3.67	0.8104183363715309
35.52	2.45	0.8353683822562993
35.52	1.22	0.8632682622875046
35.52	-0.0	0.8760575937096389
35.52	-1.22	0.9075028776374624
35.52	-2.45	0.9272774856164911
35.51	-3.67	0.9123997768930164
35.49	-4.9	0.9499862999139398
35.48	-6.12	0.9589112911973214
35.46	-7.34	0.9505007967006692
35.43	-8.55	0.9374943639672022
35.39	-9.76	0.8968580204455934
35.34	-10.97	0.8948707491703899
35.27	-12.16	0.8875070763001436
35.17	-13.34	0.8423783149660468
35.02	-14.49	0.7273279414033442
36.05	-12.02	0.6115173383628127
36.26	-10.88	0.7091632126299321
36.37	-9.7	0.772582264774368
36.45	-8.51	0.7950842655093812
36.51	-7.3	0.8219447685251622
36.55	-6.09	0.8109135623917458
36.58	-4.88	0.7974458456397739
36.6	-3.66	0.78970140709807
36.61	-2.44	0.7842468611794723
36.62	-1.22	0.7823025264140169
36.62	0.0	0.7605624374131742
36.62	1.22	0.7679190128237537
36.61	2.44	0.7470659631446384
36.6	3.66	0.7468990368356805
36.58	4.88	0.7519123906261651
36.55	6.09	0.7331910228349887
36.51	7.3	0.7358310822228427
36.45	8.51	0.7018695930081799
36.37	9.7	0.6369700131221854
36.26	10.88	0.5490972057328174
36.05	12.02	0.5513621722920947
37.3	7.22	0.6131918537011806
37.42	6.04	0.6477888811736835
37.5	4.84	0.6816560166707232
37.55	3.63	0.7045533345469321
37.58	2.42	0.7210737956050965
37.6	1.21	0.732171964514911
37.6	-0.0	0.7361324910668292
37.6	-1.21	0.7365464467763845
37.58	-2.42	0.7305124144392346
37.55	-3.63	0.7272804146638367
37.5	-4.84	0.7093837540369021
37.42	-6.04	0.6794157664644528
37.3	-7.22	0.6512933024026271
