-37.3	-7.22	0.5783541830976213
-37.42	-6.04	0.6258686602056425
-37.5	-4.84	0.6522896343359227
-37.55	-3.63	0.6674660173557633
-37.58	-2.42	0.684037470134548
-37.6	-1.21	0.6987231234286283
-37.6	0.0	0.6990556408083688
-37.6	1.21	0.6981219368176266
-37.58	2.42	0.6984359904625935
-37.55	3.63	0.6861211006492549
-37.5	4.84	0.6764287682313741
-37.42	6.04	0.6593352729664876
-37.3	7.22	0.6464696253969053
-36.05	12.02	0.5236982412555349
-36.26	10.88	0.5766119651849982
-36.37	9.7	0.6435720322289566
-36.45	8.51	0.6670529373511572
-36.51	7.3	0.7011376437975342
-36.55	6.09	0.7062141214072503
-36.58	4.88	0.7043196768140702
-36.6	3.66	0.7032231339735499
-36.61	2.44	0.7135471630774102
-36.62	1.22	0.7224860253900329
-36.62	-0.0	0.7271992522818079
-36.62	-1.22	0.7306287895725918
-36.61	-2.44	0.7536928573437492
-36.6	-3.66	0.7432094232662891
-36.58	-4.88	0.7563664183750038
-36.55	-6.09	0.7556618624081216
-36.51	-7.3	0.7541844032996433
-36.45	-8.51	0.7357239699882074
-36.37	-9.7	0.6832530900992928
-36.26	-10.88	0.6019129625924501
-36.05	-12.02	0.466108612412279
-35.02	-14.49	0.5725094706175481
-35.17	-13.34	0.7603653276047152
-35.27	-12.16	0.8496143360356819
-35.34	-10.97	0.857407204890827
-35.39	-9.76	0.9010750567555634
-35.43	-8.55	0.9379301949488574
-35.46	-7.34	0.9427139661643843
-35.48	-6.12	0.9396354173945364
-35.49	-4.9	0.9373734719809631
-35.51	-3.67	0.9344677286719578
-35.52	-2.45	0.9104100126302308
-35.52	-1.22	0.8873843957727818
-35.52	0.0	0.8828793446236326
-35.52	1.22	0.8524866114597631
-35.52	2.45	0.8252698807742449
-35.51	3.67	0.7930503045658868
-35.49	4.9	0.7649563866451711
-35.48	6.12	0.7566339809068335
-35.46	7.34	0.7091076843469337
-35.43	8.55	0.6959147278529161
-35.39	9.76	0.6853611587216828
-35.34	10.97	0.6850560130176312
-35.27	12.16	0.664737770410686
-35.17	13.34	0.5834844061321188
-35.02	14.49	0.4726231825234862
-33.85	16.92	0.4626499847122911
-34.0	15.79	0.589100271850493
-34.1	14.62	0.6612713681109904
-34.17	13.42	0.669351026938052
-34.22	12.22	0.6602826786794955
-34.26	11.01	0.7101629363791743
-34.29	9.8	0.7479812432377284
-34.31	8.58	0.7761918761924916
-34.33	7.36	0.8039401126079644
-34.34	6.13	0.8468023805260066
-34.35	4.91	0.8949799517863077
-34.35	3.68	0.9165145784362984
-34.36	2.45	0.9550346831395973
-34.36	1.23	0.975694245439308
-34.36	-0.0	0.9682849698920479
-34.36	-1.23	1.000119090389815
-34.36	-2.45	1.0111372787255084
-34.35	-3.68	1.012747488502874
-34.35	-4.91	1.0307710684192297
-34.34	-6.13	1.0354180230427557
-34.33	-7.36	1.0402948246878683
-34.31	-8.58	1.0230656013649928
-34.29	-9.8	1.031090694464116
-34.26	-11.01	1.021165287179995
-34.22	-12.22	1.02478928130833
-34.17	-13.42	0.9848664208313521
-34.1	-14.62	0.9583100172474501
-34.0	-15.79	0.8937113149010215
-33.85	-16.92	0.6922184767744451
-32.6	-19.32	0.7116770537701098
-32.78	-18.21	0.9590802128702373
-32.9	-17.06	1.00992051029464
-32.97	-15.87	1.046677917629656
-33.02	-14.67	1.0502285692337698
-33.06	-13.47	1.0587350673974805
-33.09	-12.25	1.052787386998689
-33.11	-11.04	1.046570369329844
-33.13	-9.82	1.051591052320981
-33.14	-8.59	1.051158423965057
-33.15	-7.37	1.0378500125606758
-33.16	-6.14	1.028602344812083
-33.17	-4.91	1.0193932774268555
-33.18	-3.69	1.018681466073428
-33.18	-2.46	1.0166476899498647
-33.18	-1.23	1.0090578746757282
-33.19	0.0	1.0051853980656749
-33.18	1.23	0.9900480663451342
-33.18	2.46	0.9894806591254673
-33.18	3.69	0.9681642210325782
-33.17	4.91	0.9665631852537635
-33.16	6.14	0.9327862969946971
-33.15	7.37	0.909118453244938
-33.14	8.59	0.878324986176256
-33.13	9.82	0.84232670363449
-33.11	11.04	0.803501004432847
-33.09	12.25	0.7516232023324989
-33.06	13.47	0.7227109309735142
-33.02	14.67	0.6809896154401476
-32.97	15.87	0.6539412086087191
-32.9	17.06	0.6476746762747914
-32.78	18.21	0.5568157296002502
-32.6	19.32	0.4152891536130535
-31.24	21.63	0.4021929425184846
-31.52	20.61	0.4818247646417604
-31.66	19.48	0.6256024167746232
-31.74	18.31	0.6558903375949835
-31.8	17.12	0.6767592739185508
-31.84	15.92	0.7167864618113579
-31.87	14.71	0.7489224191239001
-31.9	13.49	0.794093510721575
-31.91	12.27	0.8467345784851755
-31.93	11.05	0.8827124502087236
-31.95	9.83	0.9263373612822372
-31.96	8.6	0.9453263735517926
-31.97	7.38	0.9635544911819178
-31.98	6.15	0.984955932546426
-31.99	4.92	0.995255254753558
-32.0	3.69	1.0121227200739487
-32.0	2.46	1.0110403306530737
-32.0	1.23	1.0284267994961238
-32.0	-0.0	1.0335757026279155
-32.0	-1.23	1.041072717541967
-32.0	-2.46	1.0390212583289962
-32.0	-3.69	1.049279754816732
-31.99	-4.92	1.0392689076991626
-31.98	-6.15	1.0409935562146522
-31.97	-7.38	1.0429903072907436
-31.96	-8.6	1.0409168626737983
-31.95	-9.83	1.0428538139735604
-31.93	-11.05	1.0473302058592708
-31.91	-12.27	1.055435763232003
-31.9	-13.49	1.0658091919041803
-31.87	-14.71	1.0723467782811513
-31.84	-15.92	1.0659673198961317
-31.8	-17.12	1.0594497172073798
-31.74	-18.31	1.0430690303260326
-31.66	-19.48	1.0281318822542582
-31.52	-20.61	0.9158603248321784
-31.24	-21.63	0.646522949131119
-30.18	-22.94	0.7678330302272733
-30.38	-21.87	0.9960220963797127
-30.49	-20.73	1.0386299274021118
-30.56	-19.56	1.0365324850859738
-30.61	-18.37	1.0540715138095549
-30.65	-17.16	1.063081615352137
-30.67	-15.95	1.0640054888852888
-30.69	-14.73	1.051879810517574
-30.71	-13.51	1.0466280084588515
-30.73	-12.29	1.046589054982521
-30.75	-11.07	1.0470943727727775
-30.76	-9.84	1.0378521048052565
-30.77	-8.62	1.0431373196446883
-30.78	-7.39	1.0437572589203334
-30.78	-6.16	1.0354195889667628
-30.78	-4.93	1.0361281292873807
-30.78	-3.69	1.0271210971487772
-30.78	-2.46	1.027002398038409
-30.78	-1.23	1.026506879313138
-30.78	0.0	1.0267756406910469
-30.78	1.23	1.0247749200080616
-30.78	2.46	1.0161091673942106
-30.78	3.69	1.0031232153793537
-30.78	4.93	1.0123546157793564
-30.78	6.16	1.0101203845718298
-30.78	7.39	0.9990580119337256
-30.77	8.62	1.0002546534567445
-30.76	9.84	0.9640576285049312
-30.75	11.07	0.9401518618719551
-30.73	12.29	0.9158895735905015
-30.71	13.51	0.889090644747879
-30.69	14.73	0.8344934881165227
-30.67	15.95	0.7916327915114972
-30.65	17.16	0.7340522224379731
-30.61	18.37	0.7064194098885751
-30.56	19.56	0.6682072359433939
-30.49	20.73	0.6542866117639295
-30.38	21.87	0.5612695441969955
-30.18	22.94	0.41230841507889354
-29.04	24.2	0.42614331275145
-29.2	23.12	0.5994465600864121
-29.3	21.97	0.6652620130658998
-29.36	20.8	0.7083851856285699
-29.41	19.61	0.7162477384814685
-29.44	18.4	0.7599619824495496
-29.46	17.19	0.8229707786212025
-29.48	15.97	0.8728280527346536
-29.51	14.75	0.9172277934517674
-29.53	13.53	0.9297743258786112
-29.54	12.31	0.9672045380350265
-29.55	11.08	0.9813004956004312
-29.55	9.85	0.9846178697746384
-29.55	8.62	0.996703290186959
-29.55	7.39	1.0061814465594618
-29.55	6.16	1.0129042933301136
-29.54	4.92	1.0303761775308409
-29.54	3.69	1.0297015340058497
-29.54	2.46	1.0403971458951087
-29.54	1.23	1.028947235231493
-29.54	-0.0	1.0382076626146999
-29.54	-1.23	1.0509497265245125
-29.54	-2.46	1.0546981777740818
-29.54	-3.69	1.0532534419397204
-29.54	-4.92	1.0335089644526414
-29.55	-6.16	1.0454724767663996
-29.55	-7.39	1.0441588122959882
-29.55	-8.62	1.0492506342062433
-29.55	-9.85	1.0442170153273955
-29.55	-11.08	1.0443833311022102
-29.54	-12.31	1.0425821266823938
-29.53	-13.53	1.0428571244687062
-29.51	-14.75	1.0439286010463398
-29.48	-15.97	1.0454868052388038
-29.46	-17.19	1.0491765794529297
-29.44	-18.4	1.0596195467341354
-29.41	-19.61	1.046881923694492
-29.36	-20.8	1.0341206390505697
-29.3	-21.97	1.035062080909418
-29.2	-23.12	1.0155871299920465
-29.04	-24.2	0.8369991735992409
-27.86	-25.43	0.8536935376596009
-28.01	-24.36	1.0038131153277368
-28.1	-23.21	1.0215325375839002
-28.16	-22.04	1.0217798445936777
-28.2	-20.84	1.0325465949411479
-28.22	-19.63	1.0369736788079589
-28.25	-18.42	1.045604706165046
-28.27	-17.21	1.0380557706687548
-28.3	-15.99	1.0429593751648578
-28.31	-14.77	1.038911410232755
-28.32	-13.54	1.0451997859469127
-28.32	-12.31	1.05540512277541
-28.32	-11.08	1.0493033290925846
-28.31	-9.85	1.0593308929276801
-28.31	-8.62	1.0603216517921379
-28.31	-7.38	1.0605956396795335
-28.31	-6.15	1.0647017821435083
-28.31	-4.92	1.0667489821867657
-28.31	-3.69	1.0555266935831373
-28.31	-2.46	1.0631910771448787
-28.31	-1.23	1.0614912303491648
-28.31	0.0	1.056818898774689
-28.31	1.23	1.0515418259002844
-28.31	2.46	1.0475643461559176
-28.31	3.69	1.0346440989835308
-28.31	4.92	1.0515554275040475
-28.31	6.15	1.0303416713752527
-28.31	7.38	1.0313169221856873
-28.31	8.62	1.022876659172291
-28.31	9.85	1.0154012566911912
-28.32	11.08	1.023185894724065
-28.32	12.31	0.998131646901672
-28.32	13.54	0.9823329623500764
-28.31	14.77	0.9606934160480782
-28.3	15.99	0.9139474816384098
-28.27	17.21	0.9022858713561718
-28.25	18.42	0.8381645107794644
-28.22	19.63	0.7712887843963042
-28.2	20.84	0.7209279549412116
-28.16	22.04	0.7219592883502147
-28.1	23.21	0.6840682499681157
-28.01	24.36	0.6301089297733901
-27.86	25.43	0.4380730026719797
-26.65	26.65	0.43989648895518096
-26.8	25.59	0.6341871443476718
-26.89	24.44	0.6935992369000079
-26.94	23.27	0.7036805048060293
-26.98	22.07	0.7402480491696798
-27.01	20.87	0.8089612129504997
-27.03	19.66	0.8634194960647144
-27.06	18.45	0.9234104981834788
-27.08	17.23	0.9460814212432156
-27.09	16.01	0.9776607501452135
-27.09	14.78	0.9912303773053648
-27.08	13.54	1.003941731657416
-27.08	12.31	1.0332312605118075
-27.08	11.08	1.019758272652563
-27.08	9.85	1.03752954066355
-27.08	8.62	1.0367502050382449
-27.08	7.39	1.0384720466833532
-27.08	6.16	1.0479809630227441
-27.09	4.93	1.0721405310179979
-27.09	3.69	1.073486436944822
-27.09	2.46	1.0607358385011263
-27.09	1.23	1.0544974760619903
-27.09	-0.0	1.0481646616758125
-27.09	-1.23	1.0513187273720335
-27.09	-2.46	1.0533847310646012
-27.09	-3.69	1.0633624134672937
-27.09	-4.93	1.0561435893424402
-27.08	-6.16	1.0586100319398082
-27.08	-7.39	1.067891585739594
-27.08	-8.62	1.0549492895169428
-27.08	-9.85	1.055366443174248
-27.08	-11.08	1.0622925135138546
-27.08	-12.31	1.0647353395851853
-27.08	-13.54	1.0574068438497093
-27.09	-14.78	1.0546513183975355
-27.09	-16.01	1.04867533748503
-27.08	-17.23	1.0485945223787514
-27.06	-18.45	1.0347314780742343
-27.03	-19.66	1.0237110164063643
-27.01	-20.87	1.0316310623298348
-26.98	-22.07	1.0153038777009153
-26.94	-23.27	0.9994602151929679
-26.89	-24.44	0.992406836433314
-26.8	-25.59	0.9947779859100154
-26.65	-26.65	0.8626083575591112
-25.43	-27.86	0.820265835894069
-25.59	-26.8	0.9722210420012086
-25.67	-25.67	0.9874372050923388
-25.72	-24.5	0.9835959530768366
-25.76	-23.31	1.009818618461893
-25.78	-22.1	1.0197110999474561
-25.81	-20.89	1.0238223500283985
-25.84	-19.68	1.0375326554218485
-25.85	-18.47	1.0389013651649872
-25.86	-17.24	1.0646418967043048
-25.85	-16.01	1.0719051403504938
-25.85	-14.77	1.0775270389879987
-25.85	-13.54	1.068875479473699
-25.85	-12.31	1.0712879599914686
-25.85	-11.08	1.0571849629681125
-25.85	-9.85	1.0625338338442196
-25.86	-8.62	1.0188386661497906
-25.86	-7.39	1.0535630765258133
-25.87	-6.16	1.0580262610525895
-25.87	-4.93	1.05382453362038
-25.87	-3.7	1.0519687300737146
-25.87	-2.46	1.0726422262445088
-25.87	-1.23	1.0807023999940748
-25.87	0.0	1.071996939330377
-25.87	1.23	1.065421452287342
-25.87	2.46	1.0658130284424596
-25.87	3.7	1.0552751255663055
-25.87	4.93	1.0551368212678418
-25.87	6.16	1.0335534458178959
-25.86	7.39	1.044493497537078
-25.86	8.62	1.0545845877936988
-25.85	9.85	1.0492928320086414
-25.85	11.08	1.0540131363594603
-25.85	12.31	1.0369021302929442
-25.85	13.54	1.0321539505729675
-25.85	14.77	1.0315006084453004
-25.85	16.01	1.005554708505839
-25.86	17.24	0.9794534760275299
-25.85	18.47	0.9543779308849324
-25.84	19.68	0.9080519415301036
-25.81	20.89	0.8670890816885518
-25.78	22.1	0.8014710809518104
-25.76	23.31	0.7362608186133548
-25.72	24.5	0.7126812369628572
-25.67	25.67	0.6899807416242946
-25.59	26.8	0.6355965478769889
-25.43	27.86	0.4336862131639428
-24.2	29.04	0.4200402852217801
-24.36	28.01	0.632284413259739
-24.44	26.89	0.6925413230140297
-24.5	25.72	0.7046974177954995
-24.53	24.53	0.738293651358644
-24.56	23.33	0.8189411661312572
-24.59	22.13	0.878240570710446
-24.61	20.92	0.9226372852276827
-24.62	19.7	0.9710612286510316
-24.63	18.47	0.9821495484527283
-24.62	17.23	1.0210779586303451
-24.62	16.0	1.0312879771870938
-24.62	14.77	1.0396499837912492
-24.62	13.54	1.0495458998600762
-24.63	12.31	1.0563935513532547
-24.63	11.08	1.0729570323908997
-24.63	9.85	1.0542352247436022
-24.64	8.62	1.04136140737855
-24.64	7.39	1.03915334035323
-24.64	6.16	1.0325611522157503
-24.64	4.93	1.0310182908046928
-24.64	3.7	1.0508206865706344
-24.64	2.46	1.0533621580225216
-24.64	1.23	1.0764148397735003
-24.64	-0.0	1.0662544589112073
-24.64	-1.23	1.0722948061026327
-24.64	-2.46	1.0863972117700353
-24.64	-3.7	1.0850772946088658
-24.64	-4.93	1.0878988472957039
-24.64	-6.16	1.0631117620210744
-24.64	-7.39	1.0684048820122771
-24.64	-8.62	1.0475435114941887
-24.63	-9.85	1.0580023764266304
-24.63	-11.08	1.0599954582590276
-24.63	-12.31	1.0671810034566112
-24.62	-13.54	1.0622031346807033
-24.62	-14.77	1.075576797908217
-24.62	-16.0	1.080831345276089
-24.62	-17.23	1.0636724602582608
-24.63	-18.47	1.051333649507093
-24.62	-19.7	1.0380512251120553
-24.61	-20.92	1.0340132987227537
-24.59	-22.13	1.0259880843463172
-24.56	-23.33	1.0094653747719098
-24.53	-24.53	0.9838147883912081
-24.5	-25.72	0.9632682371957536
-24.44	-26.89	0.9578244386161887
-24.36	-28.01	0.9622396575395742
-24.2	-29.04	0.7051134162710918
-22.94	-30.18	0.7888480961992382
-23.12	-29.2	0.8991994448220788
-23.21	-28.1	0.9455882856878004
-23.27	-26.94	0.9254601821251324
-23.31	-25.76	0.9765459929538249
-23.33	-24.56	0.9932973741153863
-23.36	-23.36	1.024491620142482
-23.38	-22.15	1.0317450172867044
-23.39	-20.93	1.0534026955366411
-23.39	-19.7	1.063419337247464
-23.39	-18.46	1.0754272586494393
-23.38	-17.23	1.071142207265957
-23.39	-16.0	1.0578190017230191
-23.39	-14.77	1.0633979761044334
-23.4	-13.55	1.0554891400455706
-23.4	-12.32	1.0655012269798496
-23.41	-11.09	1.0598217660039817
-23.41	-9.86	1.0595066974971656
-23.41	-8.62	1.053924518787816
-23.41	-7.39	1.0580345774046775
-23.41	-6.16	1.046223722089384
-23.41	-4.93	1.0531297320462787
-23.41	-3.7	1.0489924065415988
-23.41	-2.46	1.0601694858962156
-23.41	-1.23	1.046751546592186
-23.41	0.0	1.0471028797846154
-23.41	1.23	1.0570422908129098
-23.41	2.46	1.0628224880722446
-23.41	3.7	1.0491736228331892
-23.41	4.93	1.0583016880727456
-23.41	6.16	1.0456102291376166
-23.41	7.39	1.0455475078028478
-23.41	8.62	1.0196632842530051
-23.41	9.86	1.0367854507798013
-23.41	11.09	1.0501050031695633
-23.4	12.32	1.0520027683047977
-23.4	13.55	1.0404983918514943
-23.39	14.77	1.0421689634349582
-23.39	16.0	1.0554914381962173
-23.38	17.23	1.0380567864484371
-23.39	18.46	1.0269845160457587
-23.39	19.7	1.0021002626814488
-23.39	20.93	0.9767341321675083
-23.38	22.15	0.9282905095761459
-23.36	23.36	0.8781155743934957
-23.33	24.56	0.8153563851857198
-23.31	25.76	0.7399091492251116
-23.27	26.94	0.7027058819791963
-23.21	28.1	0.6694188869813273
-23.12	29.2	0.5953950845631786
-22.94	30.18	0.3828120608181901
-21.63	31.24	1.110729875336411
-21.87	30.38	0.5263345157254743
-21.97	29.3	0.6860160970322559
-22.04	28.16	0.7154357390936275
-22.07	26.98	0.7278189871477193
-22.1	25.78	0.8071844134733622
-22.13	24.59	0.8806744461924294
-22.15	23.38	0.925007267979361
-22.16	22.16	0.9807100230090153
-22.16	20.93	0.9946216478242186
-22.16	19.69	1.01092331646062
-22.15	18.46	1.0367457819642156
-22.16	17.23	1.0500326199454042
-22.16	16.01	1.0435718256851527
-22.17	14.78	1.047379043802406
-22.17	13.55	1.0452506005814755
-22.18	12.32	1.0412201516609882
-22.18	11.09	1.0353101147009622
-22.18	9.86	1.0469760987411787
-22.18	8.62	1.0621032530494023
-22.18	7.39	1.0522029516502367
-22.18	6.16	1.0634142836682563
-22.18	4.93	1.0603577306440313
-22.19	3.7	1.049780910761462
-22.19	2.47	1.0552892641286689
-22.19	1.23	1.0507484807095169
-22.19	-0.0	1.0478707968995196
-22.19	-1.23	1.0439110843198338
-22.19	-2.47	1.0396991697134152
-22.19	-3.7	1.0526482109630517
-22.18	-4.93	1.050308920854327
-22.18	-6.16	1.0453302716799064
-22.18	-7.39	1.050131975275446
-22.18	-8.62	1.0450709575187602
-22.18	-9.86	1.0445797470826896
-22.18	-11.09	1.0429929951060077
-22.18	-12.32	1.0564311676841458
-22.17	-13.55	1.0420641665287498
-22.17	-14.78	1.047701217284124
-22.16	-16.01	1.0662554227096268
-22.16	-17.23	1.068231947588889
-22.15	-18.46	1.0796441428179797
-22.16	-19.69	1.0715361865109905
-22.16	-20.93	1.0690194679783445
-22.16	-22.16	1.0453732453463986
-22.15	-23.38	1.0309749936156376
-22.13	-24.59	1.016890467881385
-22.1	-25.78	0.9811646548764827
-22.07	-26.98	0.960275374266997
-22.04	-28.16	0.8936355389565795
-21.97	-29.3	0.9214618931647817
-21.87	-30.38	0.842664667912297
-21.63	-31.24	0.9036108902148187
-20.61	-31.52	0.7859023077112788
-20.73	-30.49	0.9116137096669458
-20.8	-29.36	0.8708953980049747
-20.84	-28.2	0.9170936948887445
-20.87	-27.01	0.9734635884781131
-20.89	-25.81	0.9954521722790949
-20.92	-24.61	1.0282222821972096
-20.93	-23.39	1.0494403971012773
-20.93	-22.16	1.0771474198401996
-20.92	-20.92	1.0736260376728644
-20.92	-19.69	1.0600945649406261
-20.93	-18.47	1.0621293686515618
-20.93	-17.24	1.0565175747466848
-20.94	-16.01	1.0494548722051136
-20.94	-14.78	1.04496975487209
-20.94	-13.55	1.0460625688388943
-20.94	-12.32	1.0516895280495733
-20.95	-11.09	1.0458182238376967
-20.95	-9.86	1.0310235069498002
-20.95	-8.63	1.0340882462603411
-20.95	-7.4	1.0453336554549566
-20.96	-6.16	1.0484244194623364
-20.96	-4.93	1.0452842929742034
-20.96	-3.7	1.0428574007956997
-20.96	-2.47	1.0432513870604703
-20.96	-1.23	1.0538336607375494
-20.96	0.0	1.0428252546731642
-20.96	1.23	1.0572058551522912
-20.96	2.47	1.052245352643884
-20.96	3.7	1.063518523494535
-20.96	4.93	1.0484076412410646
-20.96	6.16	1.0453011494560278
-20.95	7.4	1.0585022930462213
-20.95	8.63	1.048395247722008
-20.95	9.86	1.0581341298730398
-20.95	11.09	1.0579408462386357
-20.94	12.32	1.0495021526832606
-20.94	13.55	1.04857691802163
-20.94	14.78	1.0511516010240833
-20.94	16.01	1.0448633491912778
-20.93	17.24	1.0564486788958847
-20.93	18.47	1.0515763090458314
-20.92	19.69	1.0464422285189048
-20.92	20.92	1.0428519668643648
-20.93	22.16	1.0076837675869492
-20.93	23.39	0.9821560748072006
-20.92	24.61	0.9255810097292297
-20.89	25.81	0.8653571245052089
-20.87	27.01	0.7836642466308806
-20.84	28.2	0.720007621850879
-20.8	29.36	0.7192918501971414
-20.73	30.49	0.6662406093695976
-20.61	31.52	0.3619868789229877
-19.32	32.6	0.4372498944686518
-19.48	31.66	0.5983184143343341
-19.56	30.56	0.7201439459374309
-19.61	29.41	0.7214527982105697
-19.63	28.22	0.7599335962335168
-19.66	27.03	0.8438962470116701
-19.68	25.84	0.9066234774301236
-19.7	24.62	0.9581446114065061
-19.7	23.39	1.0028419830156652
-19.69	22.16	1.0215511123208842
-19.69	20.92	1.0368062248418275
-19.7	19.7	1.0615600347858551
-19.7	18.47	1.0507076009575
-19.71	17.25	1.058131244397735
-19.71	16.02	1.0462655648377723
-19.71	14.78	1.0573162611842983
-19.71	13.55	1.0512967933492525
-19.72	12.32	1.0632380687229654
-19.72	11.09	1.051939491686789
-19.72	9.86	1.0643608558616189
-19.72	8.63	1.0400989474245168
-19.73	7.4	1.0428201394390137
-19.73	6.16	1.0549699564482868
-19.73	4.93	1.0464603655378568
-19.73	3.7	1.050302162116544
-19.73	2.47	1.0413606802176096
-19.73	1.23	1.0476279071853785
-19.73	-0.0	1.0451128413753865
-19.73	-1.23	1.0421640752794321
-19.73	-2.47	1.0507748752808066
-19.73	-3.7	1.0410619285468048
-19.73	-4.93	1.0440539619663447
-19.73	-6.16	1.0377967956950997
-19.73	-7.4	1.0334280393007593
-19.72	-8.63	1.0232213152175718
-19.72	-9.86	1.0308800601617438
-19.72	-11.09	1.0194642288427302
-19.72	-12.32	1.0393345092682709
-19.71	-13.55	1.0363322297348863
-19.71	-14.78	1.0439092743159966
-19.71	-16.02	1.043923580066775
-19.71	-17.25	1.0412115978723264
-19.7	-18.47	1.0500895713006515
-19.7	-19.7	1.056524945548875
-19.69	-20.92	1.0667479906970692
-19.69	-22.16	1.070096426606192
-19.7	-23.39	1.0702396096494609
-19.7	-24.62	1.052740252449592
-19.68	-25.84	1.0196594748741703
-19.66	-27.03	0.9850724387226389
-19.63	-28.22	0.9291441019228663
-19.61	-29.41	0.8978877010663846
-19.56	-30.56	0.8774190800197393
-19.48	-31.66	0.8618402853282386
-19.32	-32.6	0.8079655573257815
-18.21	-32.78	0.7831290557297358
-18.31	-31.74	0.8844448364869267
-18.37	-30.61	0.8409667059007317
-18.4	-29.44	0.9024095897175987
-18.42	-28.25	0.961309838427853
-18.45	-27.06	1.0111301144029066
-18.47	-25.85	1.046214102818068
-18.47	-24.63	1.0686227409493492
-18.46	-23.39	1.0712945128601459
-18.46	-22.15	1.0687754722510032
-18.47	-20.93	1.05698352911088
-18.47	-19.7	1.0508816674205812
-18.48	-18.48	1.0500110360992903
-18.48	-17.25	1.0359512624836513
-18.48	-16.02	1.0432984681165958
-18.48	-14.79	1.0392406804655985
-18.49	-13.56	1.0362684964092306
-18.49	-12.33	1.0266035525410326
-18.49	-11.1	1.0323699377146527
-18.49	-9.86	1.031119276932731
-18.49	-8.63	1.0473928941476944
-18.49	-7.4	1.0337512562067188
-18.49	-6.16	1.0391164390670764
-18.5	-4.93	1.0386517592621747
-18.5	-3.7	1.038206544832486
-18.5	-2.47	1.0478491532756227
-18.5	-1.23	1.0555081844135423
-18.5	0.0	1.0413061517592777
-18.5	1.23	1.041743112345621
-18.5	2.47	1.0469091346025656
-18.5	3.7	1.04313227779634
-18.5	4.93	1.0475825493028394
-18.49	6.16	1.05589204952669
-18.49	7.4	1.0488592545876987
-18.49	8.63	1.0587656109889247
-18.49	9.86	1.0498979854796822
-18.49	11.1	1.0466253414703557
-18.49	12.33	1.0694281089978075
-18.49	13.56	1.0582787199602615
-18.48	14.79	1.0557740887319509
-18.48	16.02	1.0477266617888341
-18.48	17.25	1.0509160368785877
-18.48	18.48	1.0447200251335889
-18.47	19.7	1.0541409314877201
-18.47	20.93	1.0518620006622028
-18.46	22.15	1.0276143892297769
-18.46	23.39	1.012975892481315
-18.47	24.63	0.9962238644904401
-18.47	25.85	0.9490245698819908
-18.45	27.06	0.8830265190910894
-18.42	28.25	0.8034805582323886
-18.4	29.44	0.7284520282238854
-18.37	30.61	0.7238284243986626
-18.31	31.74	0.6748680128474938
-18.21	32.78	0.4406872379627542
-16.92	33.85	0.5644348050902838
-17.06	32.9	0.610116500733079
-17.12	31.8	0.7257490891068626
-17.16	30.65	0.7048252168980502
-17.19	29.46	0.7816619145985899
-17.21	28.27	0.857428501212736
-17.23	27.08	0.9345133882567087
-17.24	25.86	0.9821802636247128
-17.23	24.62	1.011733554786965
-17.23	23.38	1.0238619246237841
-17.23	22.16	1.0527300023090524
-17.24	20.93	1.0551959959080313
-17.25	19.71	1.0577983653856102
-17.25	18.48	1.0584818684087973
-17.25	17.25	1.0518608461033019
-17.25	16.02	1.0605544010603336
-17.25	14.79	1.0600018535103453
-17.26	13.56	1.0591419953503478
-17.26	12.33	1.0522192977257228
-17.26	11.1	1.053953131555138
-17.26	9.86	1.050766443050404
-17.26	8.63	1.0525063747036585
-17.26	7.4	1.0528872092093557
-17.26	6.17	1.0576723025556425
-17.26	4.93	1.0479079908022393
-17.27	3.7	1.043929611045127
-17.27	2.47	1.0510730553560286
-17.27	1.23	1.047616853502805
-17.27	-0.0	1.043100123432712
-17.27	-1.23	1.036613229610623
-17.27	-2.47	1.0366773819104875
-17.27	-3.7	1.036498066423606
-17.26	-4.93	1.0393191841342797
-17.26	-6.17	1.0269742263203658
-17.26	-7.4	1.0409757531639783
-17.26	-8.63	1.0411200900628088
-17.26	-9.86	1.025074395920994
-17.26	-11.1	1.0254192086584235
-17.26	-12.33	1.0536534711643524
-17.26	-13.56	1.0512302900231922
-17.25	-14.79	1.0348908950071194
-17.25	-16.02	1.0340587364643512
-17.25	-17.25	1.0353192521041
-17.25	-18.48	1.0365883936200047
-17.25	-19.71	1.0566805462644087
-17.24	-20.93	1.0492941942435923
-17.23	-22.16	1.0648970390470753
-17.23	-23.38	1.0723630017083114
-17.23	-24.62	1.0761146346518367
-17.24	-25.86	1.0774549106449904
-17.23	-27.08	1.0352938652800423
-17.21	-28.27	0.978231993001332
-17.19	-29.46	0.9239298752246523
-17.16	-30.65	0.8540058325522953
-17.12	-31.8	0.819108727721329
-17.06	-32.9	0.869904120323108
-16.92	-33.85	0.7864741594355296
-15.79	-34.0	0.7532850332885616
-15.87	-32.97	0.8571587076108419
-15.92	-31.84	0.8046645915308859
-15.95	-30.67	0.8781060667359284
-15.97	-29.48	0.9544158909701062
-15.99	-28.3	1.0110273551472762
-16.01	-27.09	1.0615507207136206
-16.01	-25.85	1.0938089465461827
-16.0	-24.62	1.0786553214379286
-16.0	-23.39	1.0691517681901281
-16.01	-22.16	1.066783668782225
-16.01	-20.94	1.0488810693340003
-16.02	-19.71	1.0497765466186997
-16.02	-18.48	1.0337986339905407
-16.02	-17.25	1.0283228423335546
-16.02	-16.02	1.0324010037409324
-16.03	-14.79	1.034979374911435
-16.03	-13.56	1.0276691743956863
-16.03	-12.33	1.037155382844736
-16.03	-11.1	1.0321162676318878
-16.03	-9.86	1.0365181052744143
-16.03	-8.63	1.0434255080232346
-16.03	-7.4	1.0405054892329944
-16.03	-6.17	1.043889331795354
-16.04	-4.93	1.0430773898766879
-16.04	-3.7	1.0388834486773144
-16.04	-2.47	1.0448205398750638
-16.04	-1.23	1.0455761518122462
-16.04	0.0	1.0499276546571294
-16.04	1.23	1.0497753159474505
-16.04	2.47	1.0432386205104363
-16.04	3.7	1.0423622727641992
-16.04	4.93	1.0505636571095947
-16.03	6.17	1.051793679254485
-16.03	7.4	1.0455698391645485
-16.03	8.63	1.050941429485544
-16.03	9.86	1.0487228261002925
-16.03	11.1	1.052723157121812
-16.03	12.33	1.056598452742149
-16.03	13.56	1.0687688447367967
-16.03	14.79	1.0671905150557934
-16.02	16.02	1.075635395778559
-16.02	17.25	1.0634394180054856
-16.02	18.48	1.0690832518627182
-16.02	19.71	1.0730807756694796
-16.01	20.94	1.0638003688425424
-16.01	22.16	1.0648235903475904
-16.0	23.39	1.0402879020946598
-16.0	24.62	1.0254658262378262
-16.01	25.85	1.0042049852794164
-16.01	27.09	0.9732499214942238
-15.99	28.3	0.8991336835070449
-15.97	29.48	0.8267629930814273
-15.95	30.67	0.7403985989464101
-15.92	31.84	0.7247422403970045
-15.87	32.97	0.6876515780053924
-15.79	34.0	0.40381806995832353
-14.49	35.02	0.5855547620386509
-14.62	34.1	0.5859277004198816
-14.67	33.02	0.7310638285063932
-14.71	31.87	0.7183847121044348
-14.73	30.69	0.769334837895922
-14.75	29.51	0.8563835308110901
-14.77	28.31	0.9529598934285695
-14.78	27.09	1.0010325293356743
-14.77	25.85	1.0129597708414204
-14.77	24.62	1.0393189334332573
-14.77	23.39	1.0626089083714247
-14.78	22.17	1.0585863131275957
-14.78	20.94	1.0669135635370466
-14.78	19.71	1.069780692043989
-14.79	18.48	1.0706192206217184
-14.79	17.25	1.070703973182405
-14.79	16.03	1.0744335843248052
-14.79	14.79	1.0614542127525286
-14.8	13.56	1.0687786106200943
-14.8	12.33	1.0530421656295152
-14.8	11.1	1.0540029831187467
-14.8	9.87	1.0518849984558785
-14.8	8.63	1.0436257416056614
-14.8	7.4	1.053348847244432
-14.8	6.17	1.0556877072235178
-14.8	4.93	1.0447904351794104
-14.8	3.7	1.0446218113281989
-14.8	2.47	1.045792209058472
-14.8	1.23	1.0453676395365632
-14.8	-0.0	1.0420833003148218
-14.8	-1.23	1.0565026954149117
-14.8	-2.47	1.0520554818445098
-14.8	-3.7	1.038273257886163
-14.8	-4.93	1.0493748886071246
-14.8	-6.17	1.0339337125218624
-14.8	-7.4	1.037819003796947
-14.8	-8.63	1.035777279957901
-14.8	-9.87	1.0318971357599702
-14.8	-11.1	1.036173151228328
-14.8	-12.33	1.0293702835401484
-14.8	-13.56	1.037639545251462
-14.79	-14.79	1.0245025307652886
-14.79	-16.03	1.0330519900411377
-14.79	-17.25	1.02307185301182
-14.79	-18.48	1.0292963465585352
-14.78	-19.71	1.0299291625805007
-14.78	-20.94	1.0418287146151113
-14.78	-22.17	1.0383152195718344
-14.77	-23.39	1.066464527766441
-14.77	-24.62	1.065965079770133
-14.77	-25.85	1.080781600275092
-14.78	-27.09	1.0779994212414263
-14.77	-28.31	1.032053434683159
-14.75	-29.51	0.9739964881318437
-14.73	-30.69	0.8922590304054229
-14.71	-31.87	0.8161247532664117
-14.67	-33.02	0.7904165066262759
-14.62	-34.1	0.8448490995070168
-14.49	-35.02	0.9712062046395368
-13.34	-35.17	0.8955317941799966
-13.42	-34.17	0.860640399301601
-13.47	-33.06	0.7651577819903261
-13.49	-31.9	0.8311927204596858
-13.51	-30.71	0.937320812573408
-13.53	-29.53	1.008463098936786
-13.54	-28.32	1.0679816733905065
-13.54	-27.08	1.084237642055852
-13.54	-25.85	1.0888562549699714
-13.54	-24.62	1.0638060963017546
-13.55	-23.4	1.0496900815630423
-13.55	-22.17	1.038013204388372
-13.55	-20.94	1.0235738962655714
-13.55	-19.71	1.0214016380381061
-13.56	-18.49	1.025149906703397
-13.56	-17.26	1.0052701200580254
-13.56	-16.03	1.0152647909496895
-13.56	-14.8	1.0243838804873417
-13.56	-13.56	1.0262139513313588
-13.56	-12.33	1.0278054531407725
-13.57	-11.1	1.0264038102563773
-13.57	-9.87	1.0408112168959716
-13.57	-8.64	1.0495395499588678
-13.57	-7.4	1.030710766099921
-13.57	-6.17	1.052031493781836
-13.57	-4.93	1.0424635515628917
-13.57	-3.7	1.0389070790518402
-13.57	-2.47	1.044793246732567
-13.57	-1.23	1.0371254715935727
-13.57	0.0	1.0426353030602769
-13.57	1.23	1.0294878653115216
-13.57	2.47	1.0384662472547106
-13.57	3.7	1.0419053227620796
-13.57	4.93	1.0497657967080514
-13.57	6.17	1.0566255576108745
-13.57	7.4	1.054036060603577
-13.57	8.64	1.05334557465182
-13.57	9.87	1.059695354703516
-13.57	11.1	1.055611364368685
-13.56	12.33	1.0481286961685667
-13.56	13.56	1.055691213695095
-13.56	14.8	1.0681657301352003
-13.56	16.03	1.0596786871765806
-13.56	17.26	1.0705300693774722
-13.56	18.49	1.071959662648459
-13.55	19.71	1.0772875080256121
-13.55	20.94	1.0716224152654106
-13.55	22.17	1.06893107600345
-13.55	23.4	1.0668593818129197
-13.54	24.62	1.0607826627242225
-13.54	25.85	1.021573805911669
-13.54	27.08	1.0124802187331903
-13.54	28.32	0.9755850525132455
-13.53	29.53	0.9053817730576289
-13.51	30.71	0.8196751207681877
-13.49	31.9	0.7339650414270872
-13.47	33.06	0.7258231625200497
-13.42	34.17	0.6784021115354808
-13.34	35.17	0.29208695960619213
-12.02	36.05	1.0042457820241064
-12.16	35.27	0.4645519705908196
-12.22	34.22	0.7047007105861682
-12.25	33.09	0.7231015820359143
-12.27	31.91	0.7578494584399131
-12.29	30.73	0.8581579460380773
-12.31	29.54	0.9324422250939018
-12.31	28.32	0.9965771004280438
-12.31	27.08	1.0201707820577754
-12.31	25.85	1.039201228487649
-12.31	24.63	1.0562040371464365
-12.32	23.4	1.0653495965777382
-12.32	22.18	1.0825931794731558
-12.32	20.94	1.0754177091474706
-12.32	19.72	1.0746206317286857
-12.33	18.49	1.0675945829956226
-12.33	17.26	1.0628505810758324
-12.33	16.03	1.072038138763549
-12.33	14.8	1.0589810876545112
-12.33	13.56	1.0566117729133337
-12.33	12.33	1.0608151429485335
-12.34	11.1	1.0615673311484908
-12.34	9.87	1.0528337291224323
-12.34	8.64	1.0468936216839697
-12.34	7.4	1.0505005566426684
-12.34	6.17	1.0414030989258598
-12.34	4.93	1.0380014315504587
-12.34	3.7	1.047750518637062
-12.34	2.47	1.0498472843577957
-12.34	1.23	1.0360130525948361
-12.34	-0.0	1.0336258736442623
-12.34	-1.23	1.0496413792116985
-12.34	-2.47	1.039478566904929
-12.34	-3.7	1.0495001050796593
-12.34	-4.93	1.0440742950396038
-12.34	-6.17	1.0447272098064129
-12.34	-7.4	1.0548051020851206
-12.34	-8.64	1.0444870594159024
-12.34	-9.87	1.051927736819516
-12.34	-11.1	1.039966768747201
-12.33	-12.33	1.0376103322549806
-12.33	-13.56	1.038923174547501
-12.33	-14.8	1.0232148497883624
-12.33	-16.03	1.017489325977718
-12.33	-17.26	1.0176253210666886
-12.33	-18.49	1.0176889494839212
-12.32	-19.72	1.0195086068179602
-12.32	20.94	1.0505034973834395
-12.32	22.18	1.0540243645085337
-12.32	23.4	1.060210964926294
-12.31	24.63	1.0647491219384955
-12.31	25.85	1.0321876847402145
-12.31	27.08	1.0013446458232484
-12.31	28.32	0.9958194572365285
-12.31	29.54	0.9347333851378933
-12.29	30.73	0.8436906839806931
-12.27	31.91	0.7509031808890849
-12.25	33.09	0.7009509162809788
-12.22	34.22	0.7123235686376787
-12.16	35.27	0.47959455045583893
-12.02	36.05	0.9833377372017488
-10.88	36.26	0.39408777611447277
-10.97	35.34	0.5943678820724974
-11.01	34.26	0.7291095006395785
-11.04	33.11	0.7195397759729137
-11.05	31.93	0.7972622705433414
-11.07	30.75	0.874645148345774
-11.08	29.55	0.9451508360372599
-11.08	28.32	0.9843047019758979
-11.08	27.08	1.0239677204665507
-11.08	25.85	1.060615011598406
-11.08	24.63	1.0552499326148357
-11.09	23.41	1.062312509276172
-11.09	22.18	1.0658292961961984
-11.09	20.95	1.0601558731544378
-11.09	19.72	1.0704510166782555
-11.1	18.49	1.0683143617542472
-11.1	17.26	1.0646741030170046
-11.1	16.03	1.0567176900095188
-11.1	14.8	1.0702159643550149
-11.1	13.57	1.0596794384223718
-11.1	12.34	1.0516334191901264
-11.1	11.1	1.0447564998396575
-11.1	9.87	1.043215212766538
-11.1	8.64	1.0307988538418345
-11.1	7.4	1.0396986210037693
-11.1	6.17	1.0378783140830385
-11.1	4.94	1.0331871064116114
-11.11	3.7	1.0362937084223875
-11.11	2.47	1.028244767880275
-11.11	1.23	1.0434114505057497
-11.11	-0.0	1.0373575131833819
-11.11	-1.23	1.0388199656419774
-11.11	-2.47	1.0480727492371311
-11.11	-3.7	1.0385985327545137
-11.1	-4.94	1.0340126937557286
-11.1	-6.17	1.0361413557621888
-11.1	-7.4	1.0382630197550735
-11.1	-8.64	1.0237531868084082
-11.1	-9.87	1.0320549027503592
-11.1	-11.1	1.0272955207961953
-11.1	-12.34	1.0298965360341819
-11.1	-13.57	1.0370755856421485
-11.1	-14.8	1.0201954747499495
-11.1	-16.03	1.0147802882596768
-11.1	-17.26	1.0065324182326383
-11.1	-18.49	1.0085590732917327
-11.09	-19.72	1.006575554915007
-11.09	-20.95	1.0168573847652644
-11.09	-22.18	1.0395791502085665
-11.09	-23.41	1.036836200556804
-11.08	-24.63	1.0474690093235177
-11.08	-25.85	1.0565061671104516
-11.08	-27.08	1.082696492591328
-11.08	-28.32	1.0881680847928894
-11.08	-29.55	1.0557858435316942
-11.07	-30.75	0.9871010281058478
-11.05	-31.93	0.8768831655702496
-11.04	-33.11	0.7891127706468228
-11.01	-34.26	0.7452222637088198
-10.97	-35.34	0.790432381444559
-10.88	-36.26	0.864200218583565
-9.7	-36.37	0.9222962542241601
-9.76	-35.39	0.8214397248468531
-9.8	-34.29	0.7339990966100104
-9.82	-33.13	0.7978520899603427
-9.83	-31.95	0.916084739180072
-9.84	-30.76	1.0172141963892793
-9.85	-29.55	1.0778046318852412
-9.85	-28.31	1.0842790308797259
-9.85	-27.08	1.0725043948559367
-9.85	-25.85	1.063123426745636
-9.85	-24.63	1.02287264260464
-9.86	-23.41	1.0219261449610924
-9.86	-22.18	1.0241898433125556
-9.86	-20.95	1.0087198974468186
-9.86	-19.72	1.007586464657764
-9.86	-18.49	0.9942786169752087
-9.86	-17.26	1.0089339149589587
-9.86	-16.03	1.0140537897067556
-9.87	-14.8	1.0187271221051066
-9.87	-13.57	1.0310498076566772
-9.87	-12.34	1.0407502405336997
-9.87	-11.1	1.0319805504760873
-9.87	-9.87	1.0383065909091376
-9.87	-8.64	1.0499316116444923
-9.87	-7.4	1.0382071205835919
-9.87	-6.17	1.0519551841643195
-9.87	-4.94	1.0401568651533748
-9.88	-3.7	1.0468704192331155
-9.88	-2.47	1.0456218974671272
-9.88	-1.23	1.0516560960691785
-9.88	0.0	1.0373349430934982
-9.88	1.23	1.0380922058415567
-9.88	2.47	1.0500940498754312
-9.88	3.7	1.0267214801815725
-9.87	4.94	1.0367775927046903
-9.87	6.17	1.0392357436704829
-9.87	7.4	1.0399359491457116
-9.87	8.64	1.0396214681535734
-9.87	9.87	1.037631049093396
-9.87	11.1	1.0351171036965796
-9.87	12.34	1.0399099351309367
-9.87	13.57	1.0497945299220386
-9.87	14.8	1.048497702823384
-9.86	16.03	1.0519048627173395
-9.86	17.26	1.0586083563745856
-9.86	18.49	1.0709800612456966
-9.86	19.72	1.0747320662933488
-9.86	20.95	1.0751462526022808
-9.86	22.18	1.0631114537374426
-9.86	23.41	1.0649142083477963
-9.85	24.63	1.0614559723235157
-9.85	25.85	1.0673617004026101
-9.85	27.08	1.0260858585815604
-9.85	28.31	0.9960648316781785
-9.85	29.55	0.9715908230879545
-9.84	30.76	0.9039611861543739
-9.83	31.95	0.8092916828876114
-9.82	33.13	0.715733828493978
-9.8	34.29	0.7244365568038456
-9.76	35.39	0.6546874726766521
-9.7	36.37	0.2692071964408676
-8.51	36.45	0.37276595424870274
-8.55	35.43	0.6925698340354433
-8.58	34.31	0.7141000870670501
-8.59	33.14	0.7400650119682084
-8.6	31.96	0.8355553364635672
-8.62	30.77	0.9185240301658966
-8.62	29.55	0.9878823622529108
-8.62	28.31	1.0056897029814802
-8.62	27.08	1.03763373358952
-8.62	25.86	1.064034518732055
-8.62	24.64	1.0626858094700016
-8.62	23.41	1.0647784375702025
-8.62	22.18	1.073096062765868
-8.63	20.95	1.0805365439640948
-8.63	19.72	1.074586496087778
-8.63	18.49	1.068412529535565
-8.63	17.26	1.0558622795264738
-8.63	16.03	1.0450495185729107
-8.63	14.8	1.054740128334684
-8.64	13.57	1.0589519837145336
-8.64	12.34	1.0377851046302542
-8.64	11.1	1.0460045482424614
-8.64	9.87	1.0396499862498978
-8.64	8.64	1.035458639126468
-8.64	7.4	1.0317252016901928
-8.64	6.17	1.0404111035378354
-8.64	4.94	1.0484279473460563
-8.64	3.7	1.045158843357866
-8.64	2.47	1.051106668250292
-8.64	1.23	1.0523502103197784
-8.64	-0.0	1.0567471800118142
-8.64	-1.23	1.0568361267175326
-8.64	-2.47	1.047611733554439
-8.64	-3.7	1.0484752994688369
-8.64	-4.94	1.0464040548982494
-8.64	-6.17	1.0483762172922466
-8.64	-7.4	1.048677500447756
-8.64	-8.64	1.048712762509973
-8.64	-9.87	1.0418895587499268
-8.64	-11.1	1.0338042628630892
-8.64	-12.34	1.0341659766746873
-8.64	-13.57	1.0279407591856293
-8.63	-14.8	1.0153991768637973
-8.63	-16.03	1.017831408659401
-8.63	-17.26	1.0094185138894736
-8.63	-18.49	1.0110080665374679
-8.63	-19.72	0.9935274878298829
-8.63	-20.95	1.007344718723207
-8.62	-22.18	1.0023571742945037
-8.62	-23.41	1.0261495685200053
-8.62	-24.64	1.0385860818960992
-8.62	-25.86	1.0607622639160221
-8.62	-27.08	1.07997472486967
-8.62	-28.31	1.0886469361515463
-8.62	-29.55	1.0927865997286275
-8.62	-30.77	1.0381868365224718
-8.6	-31.96	0.9374968599033767
-8.59	-33.14	0.8299065927856332
-8.58	-34.31	0.7372268791540769
-8.55	-35.43	0.8129261387172951
-8.51	-36.45	0.827145755890552
-7.22	-37.3	0.8384143619278189
-7.3	-36.51	0.807152371025589
-7.34	-35.46	0.7662299165232527
-7.36	-34.33	0.7425601475539433
-7.37	-33.15	0.8465865968198816
-7.38	-31.97	0.9717006704525628
-7.39	-30.78	1.0628503908120603
-7.39	-29.55	1.084412091596889
-7.38	-28.31	1.0826112276558613
-7.39	-27.08	1.070123892739177
-7.39	-25.86	1.0501371141744176
-7.39	-24.64	1.0263284623919562
-7.39	-23.41	1.0240269205617691
-7.39	-22.18	1.0010738379535717
-7.4	-20.95	1.0013620633457625
-7.4	-19.73	1.0074109995105287
-7.4	-18.49	1.011533943926282
-7.4	-17.26	1.010372838473284
-7.4	-16.03	1.0215615947876386
-7.4	-14.8	1.020699057270508
-7.4	-13.57	1.0303544087601448
-7.4	-12.34	1.0324042398678202
-7.4	-11.1	1.0472937375544586
-7.4	-9.87	1.035879118589412
-7.4	-8.64	1.0382529900023425
-7.41	-7.41	1.0389412048034414
-7.41	-6.17	1.0458862734340406
-7.41	-4.94	1.0577469412387663
-7.41	-3.7	1.0502239542299516
-7.41	-2.47	1.0486103805445373
-7.41	-1.23	1.0505160387281713
-7.41	0.0	1.0518870412085686
-7.41	1.23	1.0441417051028248
-7.41	2.47	1.0434915230458937
-7.41	3.7	1.043139591376351
-7.41	4.94	1.0306606238392237
-7.41	6.17	1.0170116721229017
-7.41	7.41	1.0330575053172648
-7.4	8.64	1.0376338056007361
-7.4	9.87	1.038716063849031
-7.4	11.1	1.0310073574535563
-7.4	12.34	1.0466454046710167
-7.4	13.57	1.05812208760407
-7.4	14.8	1.0630314893283197
-7.4	16.03	1.0577050630675486
-7.4	17.26	1.0652038028515727
-7.4	18.49	1.0643720026347678
-7.4	19.73	1.0702545519372149
-7.4	20.95	1.0765922470909888
-7.39	22.18	1.0704699813244762
-7.39	23.41	1.0644630490862728
-7.39	24.64	1.059134504563138
-7.39	25.86	1.0721038623365402
-7.39	27.08	1.064096855444865
-7.38	28.31	0.9931468066913732
-7.39	29.55	0.9943103414403739
-7.39	30.78	0.9469311039625367
-7.38	31.97	0.8465475191486443
-7.37	33.15	0.7610299582290896
-7.36	34.33	0.7097811297273161
-7.34	35.46	0.7122810707508522
-7.3	36.51	0.43097959283660287
-7.22	37.3	0.920438682277159
-6.04	37.42	1.010986710693789
-6.09	36.55	0.5663593487202612
-6.12	35.48	0.7223432150419951
-6.13	34.34	0.7148338430839308
-6.14	33.16	0.7705862356496361
-6.15	31.98	0.8706742318124041
-6.16	30.78	0.9529444993272211
-6.16	29.55	0.9889981005893679
-6.15	28.31	1.0051236661167025
-6.16	27.08	1.0696068922205857
-6.16	25.87	1.063867133107196
-6.16	24.64	1.0739634908879134
-6.16	23.41	1.0777918396295005
-6.16	22.18	1.0770841888302207
-6.16	20.96	1.0671024699967664
-6.16	19.73	1.0598292768245174
-6.16	18.49	1.0702023457889105
-6.17	17.26	1.0554950695764131
-6.17	16.03	1.0582104237482717
-6.17	14.8	1.0629519103074023
-6.17	13.57	1.0503041235997956
-6.17	12.34	1.0382930069924878
-6.17	11.1	1.036021430577682
-6.17	9.87	1.0401968487316922
-6.17	8.64	1.0360612301498613
-6.17	7.41	1.0428810159293
-6.17	6.17	1.0288985297302016
-6.17	4.94	1.029930981041006
-6.17	3.7	1.0365823514509083
-6.17	2.47	1.0333048524197703
-6.17	1.23	1.0321298875779872
-6.17	-0.0	1.0363268246138773
-6.17	-1.23	1.049365694610246
-6.17	-2.47	1.0460610548700906
-6.17	-3.7	1.052989516569804
-6.17	-4.94	1.063520034449822
-6.17	-6.17	1.049276986197881
-6.17	-7.41	1.05493734269622
-6.17	-8.64	1.0442342175466472
-6.17	-9.87	1.0447353788379936
-6.17	-11.1	1.0402470635984333
-6.17	-12.34	1.0342569626096711
-6.17	-13.57	1.0353389817747898
-6.17	-14.8	1.0296106182802303
-6.17	-16.03	1.0131063370453899
-6.17	-17.26	1.0263398358560554
-6.16	-18.49	0.9942024193851701
-6.16	-19.73	1.0007628678059242
-6.16	-20.96	1.0005719096715031
-6.16	-22.18	0.9992411815792638
-6.16	-23.41	1.0144981170571636
-6.16	-24.64	1.0272887378129758
-6.16	-25.87	1.0397160943422625
-6.16	-27.08	1.0687578390792576
-6.15	-28.31	1.0765011234650896
-6.16	-29.55	1.0865050454898182
-6.16	-30.78	1.0666910349574337
-6.15	-31.98	0.9887930690504346
-6.14	-33.16	0.8663350227831597
-6.13	-34.34	0.7333206109176265
-6.12	-35.48	0.7368350844692494
-6.09	-36.55	0.7469404211941462
-6.04	-37.42	0.7275824715422606
-4.84	-37.5	1.0338173419781547
-4.88	-36.58	0.8029200895199189
-4.9	-35.49	0.7171696900356397
-4.91	-34.35	0.7751778225193413
-4.91	-33.17	0.8959410388665013
-4.92	-31.99	1.0099041483370303
-4.93	-30.78	1.0784468075147677
-4.92	-29.54	1.0940544451616891
-4.92	-28.31	1.085644285447291
-4.93	-27.09	1.0508142348486675
-4.93	-25.87	1.0338382857841957
-4.93	-24.64	1.0221048320516042
-4.93	-23.41	0.9990889508129244
-4.93	-22.18	1.0072613330649138
-4.93	-20.96	0.9979169778147172
-4.93	-19.73	1.0025906798135307
-4.93	-18.5	1.0092886900194586
-4.93	-17.26	1.019054115637867
-4.93	-16.04	1.0262112639808796
-4.93	-14.8	1.035832518923899
-4.93	-13.57	1.044605866373134
-4.93	-12.34	1.0357375595141596
-4.94	-11.1	1.0350105248446624
-4.94	-9.87	1.0396898734068143
-4.94	-8.64	1.052765849460365
-4.94	-7.41	1.0449358764227037
-4.94	-6.17	1.0571577620528463
-4.94	-4.94	1.0600721041796362
-4.94	-3.7	1.0505682884658611
-4.94	-2.47	1.0628204202484077
-4.94	-1.24	1.0618905805673158
-4.94	0.0	1.0438696166908719
-4.94	1.24	1.039623461204732
-4.94	2.47	1.0436152193165824
-4.94	3.7	1.020414333137811
-4.94	4.94	1.0297833848153473
-4.94	6.17	1.0301059406966364
-4.94	7.41	1.0372392975383513
-4.94	8.64	1.046307679631382
-4.94	9.87	1.0430912778719765
-4.94	11.1	1.0359219928881946
-4.93	12.34	1.0470748799396676
-4.93	13.57	1.0462519679173246
-4.93	14.8	1.0471062336901469
-4.93	16.04	1.0552630203493916
-4.93	17.26	1.054030063314421
-4.93	18.5	1.0655356994295833
-4.93	19.73	1.0718273552884918
-4.93	20.96	1.0858020213669055
-4.93	22.18	1.078007991939923
-4.93	23.41	1.0677805239589717
-4.93	24.64	1.0747379441212142
-4.93	25.87	1.068088509101692
-4.93	27.09	1.0810968818689248
-4.92	28.31	1.0162581811215048
-4.92	29.54	0.9966559857646716
-4.93	30.78	0.966482316486796
-4.92	31.99	0.8891145534632392
-4.91	33.17	0.7832322037439815
-4.91	34.35	0.7214879633158987
-4.9	35.49	0.7343930933393082
-4.88	36.58	0.6021390734150297
-4.84	37.5	0.5673657660123144
-3.63	37.55	0.17341909850531154
-3.66	36.6	0.6449639887212515
-3.67	35.51	0.7210693423126358
-3.68	34.35	0.7223446003703148
-3.69	33.18	0.7848326134105544
-3.69	32.0	0.8843919179934778
-3.69	30.78	0.979973566270446
-3.69	29.54	0.9951788155890764
-3.69	28.31	1.0289541603575665
-3.69	27.09	1.0752602224437298
-3.7	25.87	1.0721875268745604
-3.7	24.64	1.0783602428352985
-3.7	23.41	1.0776165807704057
-3.7	22.19	1.0825450485706203
-3.7	20.96	1.0679040496127268
-3.7	19.73	1.0758355535511097
-3.7	18.5	1.0675659357919525
-3.7	17.27	1.0667566539697224
-3.7	16.04	1.0710759398492777
-3.7	14.8	1.050247667499027
-3.7	13.57	1.051219785433367
-3.7	12.34	1.0390346360102287
-3.7	11.11	1.0373352323774436
-3.7	9.88	1.0406207928449596
-3.7	8.64	1.0336017839980483
-3.7	7.41	1.025410983732715
-3.7	6.17	1.0355060571007455
-3.7	4.94	1.0274780541890964
-3.71	3.71	1.0210027705883593
-3.7	2.47	1.0392123611993829
-3.7	1.23	1.0484083493205543
-3.7	-0.0	1.0582148958015698
-3.7	-1.23	1.0649255675372724
-3.7	-2.47	1.0660678778032149
-3.71	-3.71	1.0650643241414959
-3.7	-4.94	1.0589690339385245
-3.7	-6.17	1.0605516402396737
-3.7	-7.41	1.0458286598025508
-3.7	-8.64	1.0481688817069799
-3.7	-9.88	1.0478105902145856
-3.7	-11.11	1.0449479004426283
-3.7	-12.34	1.0369758750453877
-3.7	-13.57	1.037273008532198
-3.7	-14.8	1.0376140501145326
-3.7	-16.04	1.0256924285989937
-3.7	-17.27	1.0085927979126639
-3.7	-18.5	1.01354487713213
-3.7	-19.73	1.002450573871188
-3.7	-20.96	1.0024931312817673
-3.7	-22.19	1.0261072738987151
-3.7	-23.41	1.0129369287634749
-3.7	-24.64	1.0177673494755066
-3.7	-25.87	1.0447615918355773
-3.69	-27.09	1.0581205931515476
-3.69	-28.31	1.0887063370958614
-3.69	-29.54	1.0809399160571431
-3.69	-30.78	1.0886597858358633
-3.69	-32.0	1.0160820989383594
-3.69	-33.18	0.8989809503800674
-3.68	-34.35	0.7728389305317234
-3.67	-35.51	0.7210743089513244
-3.66	-36.6	0.8190097532948789
-3.63	-37.55	0.9722271157524061
-2.42	-37.58	0.7258670949729975
-2.44	-36.61	0.7992803782849462
-2.45	-35.52	0.7069739345675958
-2.45	-34.36	0.7896097584510308
-2.46	-33.18	0.9224931979301142
-2.46	-32.0	1.0320751946378615
-2.46	-30.78	1.0929185779081516
-2.46	-29.54	1.087071161017156
-2.46	-28.31	1.0840639292476375
-2.46	-27.09	1.0533139889464849
-2.46	-25.87	1.0250555956828915
-2.46	-24.64	1.0227934081518664
-2.46	-23.41	1.0025824388628701
-2.47	-22.19	1.006989194752924
-2.47	-20.96	0.9973161374657804
-2.47	-19.73	1.007517241788764
-2.47	-18.5	1.0056205748522684
-2.47	-17.27	1.0156777744430106
-2.47	-16.04	1.0224545051065816
-2.47	-14.8	1.0265166433442001
-2.47	-13.57	1.025500885840053
-2.47	-12.34	1.0410356562796372
-2.47	-11.11	1.0355947190500259
-2.47	-9.88	1.0466355650201447
-2.47	-8.64	1.059217522331134
-2.47	-7.41	1.0479330784072949
-2.47	-6.17	1.0659289854371425
-2.47	-4.94	1.0711649892463815
-2.47	-3.7	1.0654469877141677
-2.47	-2.47	1.0686747594343886
-2.47	-1.24	1.0602693634019338
-2.47	0.0	1.0436029559675286
-2.47	1.24	1.0331283013616162
-2.47	2.47	1.0184167755953615
-2.47	3.7	1.0098960931630756
-2.47	4.94	1.0100763934308317
-2.47	6.17	1.019426799780996
-2.47	7.41	1.032615319784505
-2.47	8.64	1.0211433973374604
-2.47	9.88	1.0386209834694737
-2.47	11.11	1.0369269961113299
-2.47	12.34	1.0359224491489214
-2.47	13.57	1.0495251860619896
-2.47	14.8	1.0574337954337343
-2.47	16.04	1.0583227219526055
-2.47	17.27	1.0555306934146178
-2.47	18.5	1.0661644669459347
-2.47	19.73	1.0703301812987058
-2.47	20.96	1.0717035432633015
-2.47	22.19	1.0830109671904424
-2.46	23.41	1.069644691966302
-2.46	24.64	1.0808513462731935
-2.46	25.87	1.0688877024107868
-2.46	27.09	1.0665128272552975
-2.46	28.31	1.035479236481064
-2.46	29.54	0.9956353127069695
-2.46	30.78	0.9824759033762317
-2.46	32.0	0.9101467166589446
-2.46	33.18	0.795244686981848
-2.45	34.36	0.7266475254285305
-2.45	35.52	0.7273172488754519
-2.44	36.61	0.6552853508345021
-2.42	37.58	0.2721399853648959
-1.21	37.6	0.21710651789976199
-1.22	36.62	0.6685671676914626
-1.22	35.52	0.7388580996420469
-1.23	34.36	0.729015592777088
-1.23	33.18	0.8116191820605044
-1.23	32.0	0.9053255251079229
-1.23	30.78	0.992308490565879
-1.23	29.54	1.0023318291952665
-1.23	28.31	1.0310024203383477
-1.23	27.09	1.0777594055102502
-1.23	25.87	1.0667370951281911
-1.23	24.64	1.0703042928334872
-1.23	23.41	1.0764437507922495
-1.23	22.19	1.075872441473765
-1.23	20.96	1.0628965696800028
-1.23	19.73	1.064396193775991
-1.23	18.5	1.0523429584531758
-1.23	17.27	1.0639198308621154
-1.23	16.04	1.0474885372662575
-1.23	14.8	1.0596283611443602
-1.23	13.57	1.048747836970037
-1.23	12.34	1.0465243737275336
-1.23	11.11	1.03076740752761
-1.23	9.88	1.0374351539055926
-1.23	8.64	1.0478208097020099
-1.23	7.41	1.0198093987618693
-1.23	6.17	1.0023909018415957
-1.24	4.94	1.0075070201839202
-1.23	3.7	0.9983089831249529
-1.24	2.47	1.012959874688586
-1.24	1.24	1.0300956046259413
-1.24	-0.0	1.0440566268821487
-1.24	-1.24	1.0684488423171568
-1.24	-2.47	1.0690555557952197
-1.23	-3.7	1.0635670480235395
-1.24	-4.94	1.0786360591934852
-1.23	-6.17	1.06411438169975
-1.23	-7.41	1.071466042867766
-1.23	-8.64	1.0553055274406817
-1.23	-9.88	1.0471214874121029
-1.23	-11.11	1.0487747848276299
-1.23	-12.34	1.0319141523246456
-1.23	-13.57	1.0445686278483826
-1.23	-14.8	1.0346346890267786
-1.23	-16.04	1.0256911755950915
-1.23	-17.27	1.0122198543477374
-1.23	-18.5	1.0106676644954338
-1.23	-19.73	1.0016115610577363
-1.23	-20.96	0.9992978722147166
-1.23	-22.19	1.0036604193967047
-1.23	-23.41	1.0067889883970915
-1.23	-24.64	1.0096059431864937
-1.23	-25.87	1.0364367517631707
-1.23	-27.09	1.0494451861193599
-1.23	-28.31	1.0848280393078757
-1.23	-29.54	1.0869526719000195
-1.23	-30.78	1.0916217781254238
-1.23	-32.0	1.032371569633372
-1.23	-33.18	0.9222661801046171
-1.23	-34.36	0.7892146347525105
-1.22	-35.52	0.705915574660021
-1.22	-36.62	0.8142301828434639
-1.21	-37.6	0.8135908092857475
0.0	-37.6	0.8648256020548787
0.0	-36.62	0.83139026538878
0.0	-35.52	0.7188632488510819
0.0	-34.36	0.7832154894940035
0.0	-33.19	0.9461027403613063
0.0	-32.0	1.0381190780368086
0.0	-30.78	1.0775416912487494
0.0	-29.54	1.0845718207670532
0.0	-28.31	1.0869241865245203
0.0	-27.09	1.0468913479964674
0.0	-25.87	1.036246914723186
0.0	-24.64	1.0226433973385927
0.0	-23.41	0.9949530371280714
0.0	-22.19	0.9991024674200816
0.0	-20.96	1.000749507377521
0.0	-19.73	0.9978701151971513
0.0	-18.5	1.0121892121008385
0.0	-17.27	1.0228580053416374
0.0	-16.04	1.0351557636419892
0.0	-14.8	1.036649300901429
0.0	-13.57	1.0383871994646703
0.0	-12.34	1.0353638611973983
0.0	-11.11	1.0486463916807554
0.0	-9.88	1.0471727588022242
0.0	-8.64	1.0570022326050281
0.0	-7.41	1.0579752671113007
0.0	-6.17	1.0614430158066976
0.0	-4.94	1.072026517198756
0.0	-3.7	1.0668728875141449
0.0	-2.47	1.0628394927646985
0.0	-1.24	1.0736612265586234
0.0	0.0	1.0413963015795513
0.0	1.24	1.019524482584001
0.0	2.47	1.022881602994272
0.0	3.7	0.9996893121350185
0.0	4.94	0.9971707899287882
0.0	6.17	1.0240686293097991
0.0	7.41	1.03438737220604
0.0	8.64	1.0355205651985602
0.0	9.88	1.0338071702536273
0.0	11.11	1.0428807371677504
0.0	12.34	1.038909312138597
0.0	13.57	1.0526594722867855
0.0	14.8	1.057519855369035
0.0	16.04	1.0559005158104715
0.0	17.27	1.0574838212727242
0.0	18.5	1.0668206128661442
0.0	19.73	1.0710078975864559
0.0	20.96	1.0652365838716573
0.0	22.19	1.0874612948055042
0.0	23.41	1.0802086296797906
0.0	24.64	1.080565680613203
0.0	25.87	1.0711455070115399
0.0	27.09	1.0793228743758834
0.0	28.31	1.024462294128464
0.0	29.54	0.9923031534330763
0.0	30.78	0.9852349235282645
0.0	32.0	0.9048813812761838
0.0	33.19	0.8081266734082517
0.0	34.36	0.7267562204255801
0.0	35.52	0.7301362454056787
0.0	36.62	0.6682019413322545
0.0	37.6	0.28384685645374813
1.21	37.6	0.25963800171392193
1.22	36.62	0.6666754803474048
1.22	35.52	0.7305842689184348
1.23	34.36	0.7316728571575732
1.23	33.18	0.8070654957855575
1.23	32.0	0.8991549251575853
1.23	30.78	0.9828413935778176
1.23	29.54	0.9885301497015225
1.23	28.31	1.0206223349178822
1.23	27.09	1.072632231834942
1.23	25.87	1.0686639921780692
1.23	24.64	1.079674983548543
1.23	23.41	1.0655285582834517
1.23	22.19	1.0839909908808074
1.23	20.96	1.0680623543985355
1.23	19.73	1.0727071123811285
1.23	18.5	1.0637927019402296
1.23	17.27	1.0655464062110054
1.23	16.04	1.0529034224286822
1.23	14.8	1.053867471561884
1.23	13.57	1.0402446191052837
1.23	12.34	1.0423214512905608
1.23	11.11	1.0391949268223453
1.23	9.88	1.0362147752447903
1.23	8.64	1.0258307492910954
1.23	7.41	1.0218789623452158
1.23	6.17	1.0140265629944776
1.24	4.94	0.9936452360888777
1.23	3.7	1.0045827269583572
1.24	2.47	1.008842516368962
1.24	1.24	1.02601084281187
1.24	-0.0	1.0489666393302879
1.24	-1.24	1.0613005172128085
1.24	-2.47	1.073415541921769
1.23	-3.7	1.0645655648662493
1.24	-4.94	1.0673953595608914
1.23	-6.17	1.0786686895585695
1.23	-7.41	1.0564511458085406
1.23	-8.64	1.0469883616567872
1.23	-9.88	1.0559635053215528
1.23	-11.11	1.0411330901722806
1.23	-12.34	1.0551337807447947
1.23	-13.57	1.037220619953568
1.23	-14.8	1.036071982299255
1.23	-16.04	1.021405735678713
1.23	-17.27	1.016203363776419
1.23	-18.5	1.0076832077897586
1.23	-19.73	1.0099907585802113
1.23	-20.96	0.9975889339152042
1.23	-22.19	0.9976778425252094
1.23	-23.41	1.0074876748708033
1.23	-24.64	1.0088052592927603
1.23	-25.87	1.0391210731872198
1.23	-27.09	1.0515571062026359
1.23	-28.31	1.0809998886857355
1.23	-29.54	1.0915618238418758
1.23	-30.78	1.0822592051351883
1.23	-32.0	1.0338003080728058
1.23	-33.18	0.9406158794459096
1.23	-34.36	0.7947989734188532
1.22	-35.52	0.72190325545065
1.22	-36.62	0.8256858899785527
1.21	-37.6	0.9306573451572334
2.42	-37.58	1.0174383309332908
2.44	-36.61	0.8204923384744295
2.45	-35.52	0.7237972904292544
2.45	-34.36	0.8015660103195544
2.46	-33.18	0.9299621377072735
2.46	-32.0	1.0381301757869688
2.46	-30.78	1.0908665433736364
2.46	-29.54	1.086155167053456
2.46	-28.31	1.0882333582110215
2.46	-27.09	1.0500534825393888
2.46	-25.87	1.0232833019606007
2.46	-24.64	1.0048465367676298
2.46	-23.41	0.9953485523942399
2.47	-22.19	0.9974982490615618
2.47	-20.96	1.0013308605932107
2.47	-19.73	1.0022558638732046
2.47	-18.5	1.0083774000281713
2.47	-17.27	1.0170365575666458
2.47	-16.04	1.0300270254367112
2.47	-14.8	1.0325076532807385
2.47	-13.57	1.039306929755297
2.47	-12.34	1.0384649620217248
2.47	-11.11	1.0388020133290181
2.47	-9.88	1.053681523308962
2.47	-8.64	1.0543707174027175
2.47	-7.41	1.0579197843762234
2.47	-6.17	1.0612734504457204
2.47	-4.94	1.071978457907756
2.47	-3.7	1.065303646342104
2.47	-2.47	1.066910841070767
2.47	-1.24	1.0617366576179126
2.47	0.0	1.0526332324384202
2.47	1.24	1.0258822454302117
2.47	2.47	1.0062317015855626
2.47	3.7	1.0145425993358097
2.47	4.94	1.0099844996653562
2.47	6.17	1.0230491972867866
2.47	7.41	1.033323837970567
2.47	8.64	1.0299021166118625
2.47	9.88	1.0349748826798424
2.47	11.11	1.0401851876682529
2.47	12.34	1.0448520721248094
2.47	13.57	1.0480251147435835
2.47	14.8	1.0518691386760133
2.47	16.04	1.062596672720664
2.47	17.27	1.0654314650647039
2.47	18.5	1.076588745751832
2.47	19.73	1.0640025859373305
2.47	20.96	1.0666902894111268
2.47	22.19	1.0819000038782174
2.46	23.41	1.0887979013182914
2.46	24.64	1.070561082550316
2.46	25.87	1.0585906621819985
2.46	27.09	1.0704949849614613
2.46	28.31	1.0252072918318507
2.46	29.54	0.9966010539281671
2.46	30.78	0.9839619340202443
2.46	32.0	0.8962348895287564
2.46	33.18	0.805838694433639
2.45	34.36	0.7392954578627525
2.45	35.52	0.7328055791998686
2.44	36.61	0.6523091431993866
2.42	37.58	0.2197681039588463
3.63	37.55	0.20224155144706393
3.66	36.6	0.6381448380254771
3.67	35.51	0.7426022015120896
3.68	34.35	0.7355681733126245
3.69	33.18	0.7987415458712871
3.69	32.0	0.8874373608660693
3.69	30.78	0.9814096476341192
3.69	29.54	0.9946335202387708
3.69	28.31	1.0130817165102866
3.69	27.09	1.0679313272264779
3.7	25.87	1.0681375492439498
3.7	24.64	1.0829132987700414
3.7	23.41	1.0815634128369889
3.7	22.19	1.083078711366011
3.7	20.96	1.0764926343826755
3.7	19.73	1.0681806477612326
3.7	18.5	1.0738210861844684
3.7	17.27	1.0690097693403176
3.7	16.04	1.0703216076407331
3.7	14.8	1.060517644381437
3.7	13.57	1.0445827690263338
3.7	12.34	1.038535707612859
3.7	11.11	1.214672791662494
3.7	9.88	1.0265184614649887
3.7	8.64	1.0405929043233881
3.7	7.41	1.0296338938065668
3.7	6.17	1.024453638814738
3.7	4.94	1.0212966792885856
3.71	3.71	1.011188505187597
3.7	2.47	1.0226172713953867
3.7	1.23	1.0303383703642572
3.7	-0.0	1.0505197224506435
3.7	-1.23	1.0651172640770636
3.7	-2.47	1.059732041665304
3.71	-3.71	1.0634612308650466
3.7	-4.94	1.064030060514038
3.7	-6.17	1.0724535689619403
3.7	-7.41	1.0493223539736263
3.7	-8.64	1.0518066212254673
3.7	-9.88	1.053465971188743
3.7	-11.11	1.0508011083171005
3.7	-12.34	1.0484279208208767
3.7	-13.57	1.0494201791912996
3.7	-14.8	1.0378401682997775
3.7	-16.04	1.0276488787317335
3.7	-17.27	1.0187167895672717
3.7	-18.5	1.0087912901632508
3.7	-19.73	1.0042726848932797
3.7	-20.96	1.0006838404588427
3.7	-22.19	1.0003289669694915
3.7	-23.41	1.009121063544647
3.7	-24.64	1.018166680297188
3.7	-25.87	1.0246662897445649
3.69	-27.09	1.0480502608007223
3.69	-28.31	1.0825785920513848
3.69	-29.54	1.0803802160244924
3.69	-30.78	1.0820818570478388
3.69	-32.0	1.0272850859442544
3.69	-33.18	0.9140329923809835
3.68	-34.35	0.8052293310069557
3.67	-35.51	0.7279143962000922
3.66	-36.6	0.8050912258862511
3.63	-37.55	0.9080652314903426
4.84	-37.5	0.9494189217998357
4.88	-36.58	0.838451891128263
4.9	-35.49	0.7297707905421579
4.91	-34.35	0.7844058932998321
4.91	-33.17	0.9075919085029466
4.92	-31.99	1.0197248048457161
4.93	-30.78	1.0831976729809767
4.92	-29.54	1.1006301942605285
4.92	-28.31	1.083753873055565
4.93	-27.09	1.0587742634313093
4.93	-25.87	1.0383890403927223
4.93	-24.64	1.02088761340786
4.93	-23.41	1.0167696439522835
4.93	-22.18	1.0050108467594414
4.93	-20.96	1.0015465994972959
4.93	-19.73	1.002898683665781
4.93	-18.5	1.0124204642050125
4.93	-17.26	1.0186916834307427
4.93	-16.04	1.0318382818932903
4.93	-14.8	1.031692169470885
4.93	-13.57	1.0319359544377564
4.93	-12.34	1.0251496444172543
4.94	-11.1	1.0469405866661032
4.94	-9.87	1.0493946039991786
4.94	-8.64	1.04870784363534
4.94	-7.41	1.0509503354884604
4.94	-6.17	1.0537796335534564
4.94	-4.94	1.0606955705009555
4.94	-3.7	1.0494602732159755
4.94	-2.47	1.057673737871768
4.94	-1.24	1.0532389252485703
4.94	0.0	1.0504264744981286
4.94	1.24	1.0342295682129625
4.94	2.47	1.0287464054717197
4.94	3.7	1.0244782587936878
4.94	4.94	1.0273950926780453
4.94	6.17	1.0268430816581025
4.94	7.41	1.035789908660118
4.94	8.64	1.0391355062464116
4.94	9.87	1.0405763920692594
4.94	11.1	1.04124232774321
4.93	12.34	1.041084617203084
4.93	13.57	1.0531963243224358
4.93	14.8	1.0573735258657846
4.93	16.04	1.0563600678979577
4.93	17.26	1.0631413662052451
4.93	18.5	1.0671630528661789
4.93	19.73	1.0681436261631918
4.93	20.96	1.0847512655110914
4.93	22.18	1.0838701667563162
4.93	23.41	1.0778607275790584
4.93	24.64	1.0776281076732073
4.93	25.87	1.0731239587779768
4.93	27.09	1.0756682157173956
4.92	28.31	1.0131758240780429
4.92	29.54	0.9975207549595868
4.93	30.78	0.9916211171529646
4.92	31.99	0.8766834108382028
4.91	33.17	0.7867852800776661
4.91	34.35	0.7232427530621147
4.9	35.49	0.7462779277877803
4.88	36.58	0.5993385383695808
4.84	37.5	0.1885759817073874
6.04	37.42	1.1623288390134705
6.09	36.55	0.5646135882822348
6.12	35.48	0.7404922447294445
6.13	34.34	0.7236764224165187
6.14	33.16	0.7787118768071521
6.15	31.98	0.8693873144633221
6.16	30.78	0.9842732985430481
6.16	29.55	1.0041228460740914
6.15	28.31	1.013919160482791
6.16	27.08	1.0572150021938718
6.16	25.87	1.072325588668015
6.16	24.64	1.0839091967638839
6.16	23.41	1.087939746920681
6.16	22.18	1.0865382651027469
6.16	20.96	1.087048171885122
6.16	19.73	1.073724589008459
6.16	18.49	1.0713069867271432
6.17	17.26	1.0641952027731596
6.17	16.03	1.066175427086518
6.17	14.8	1.0635169816739167
6.17	13.57	1.0426976690677425
6.17	12.34	1.0481898307419035
6.17	11.1	1.0518377936158452
6.17	9.87	1.032583766453994
6.17	8.64	1.042523727977492
6.17	7.41	1.037315437929383
6.17	6.17	1.036710040832853
6.17	4.94	1.0319155783661413
6.17	3.7	1.0402425908620967
6.17	2.47	1.032923656279063
6.17	1.23	1.036519481611205
6.17	-0.0	1.0594375214194758
6.17	-1.23	1.0583211210707488
6.17	-2.47	1.0554168736308727
6.17	-3.7	1.0525093407936208
6.17	-4.94	1.0621594918574377
6.17	-6.17	1.0472764457781913
6.17	-7.41	1.044480209583615
6.17	-8.64	1.046825733704402
6.17	-9.87	1.0450426146997907
6.17	-11.1	1.0436914124134948
6.17	-12.34	1.0353941271350873
6.17	-13.57	1.0254702337395787
6.17	-14.8	1.0329956894206007
6.17	-16.03	1.0133824979897774
6.17	-17.26	1.023546338466218
6.16	-18.49	1.0047426365224297
6.16	-19.73	1.0036391319900786
6.16	-20.96	1.0079207529574912
6.16	-22.18	1.0173232047939416
6.16	-23.41	1.017677396900588
6.16	-24.64	1.0295794492325732
6.16	-25.87	1.0313856421887715
6.16	-27.08	1.0657884901055539
6.15	-28.31	1.0744151438121559
6.16	-29.55	1.083058542047111
6.16	-30.78	1.0712201180371927
6.15	-31.98	0.9959344743552045
6.14	-33.16	0.8871733090928705
6.13	-34.34	0.7858562638027706
6.12	-35.48	0.7553637882119539
6.09	-36.55	0.8176843089392212
6.04	-37.42	0.8230457978354057
7.22	-37.3	0.7329436937181493
7.3	-36.51	0.8040373905685148
7.34	-35.46	0.7849113698128534
7.36	-34.33	0.7790683454640801
7.37	-33.15	0.877299813609018
7.38	-31.97	0.9828010773018621
7.39	-30.78	1.0646109678484208
7.39	-29.55	1.0896108318278919
7.38	-28.31	1.0900126320295376
7.39	-27.08	1.0667752751290367
7.39	-25.86	1.0438964308839336
7.39	-24.64	1.0322237672490395
7.39	-23.41	1.0083303819258556
7.39	-22.18	1.004068070069595
7.4	-20.95	1.004819629209103
7.4	-19.73	1.0076332186540842
7.4	-18.49	1.004724843745931
7.4	-17.26	1.0121544105643232
7.4	-16.03	1.0227053651437628
7.4	-14.8	1.0247320143433043
7.4	-13.57	1.033013765091686
7.4	-12.34	1.0471221697617674
7.4	-11.1	1.0501931115063867
7.4	-9.87	1.04697450021308
7.4	-8.64	1.0533240834066253
7.41	-7.41	1.048488550722027
7.41	-6.17	1.0498377730817283
7.41	-4.94	1.0484670918798389
7.41	-3.7	1.0540199266253103
7.41	-2.47	1.048717467253627
7.41	-1.23	1.0509827022957863
7.41	0.0	1.0487787295065893
7.41	1.23	1.0414652398599002
7.41	2.47	1.0410769654746637
7.41	3.7	1.0366681475125978
7.41	4.94	1.039116428254836
7.41	6.17	1.0346769060318186
7.41	7.41	1.044812215184981
7.4	8.64	1.0419638911486684
7.4	9.87	1.0453371809970113
7.4	11.1	1.0532507625968923
7.4	12.34	1.0518904972411611
7.4	13.57	1.060654058359557
7.4	14.8	1.060700765347339
7.4	16.03	1.0756743469505339
7.4	17.26	1.0686025505151864
7.4	18.49	1.0724237464835724
7.4	19.73	1.0769242501077232
7.4	20.95	1.0827105755668844
7.39	22.18	1.0764966145900814
7.39	23.41	1.0792255865328626
7.39	24.64	1.0732516884162389
7.39	25.86	1.090346843162808
7.39	27.08	1.0487527646626922
7.38	28.31	1.0093878929553806
7.39	29.55	1.0041065226764916
7.39	30.78	0.943931946117488
7.38	31.97	0.8362606473608387
7.37	33.15	0.7625136038098109
7.36	34.33	0.7227323735227139
7.34	35.46	0.7174679946523476
7.3	36.51	0.48378570221924666
7.22	37.3	0.9887779645413853
8.51	36.45	0.3045032710233441
8.55	35.43	0.7146587531194821
8.58	34.31	0.7320822385602506
8.59	33.14	0.7574416762643427
8.6	31.96	0.8197489779520383
8.62	30.77	0.9331193793514105
8.62	29.55	1.0077897181714146
8.62	28.31	0.998732661548038
8.62	27.08	1.0251041736165147
8.62	25.86	1.0796317108629878
8.62	24.64	1.0752084556342068
8.62	23.41	1.0848138423738545
8.62	22.18	1.0705814968801384
8.63	20.95	1.0862405739448908
8.63	19.72	1.0922971029917692
8.63	18.49	1.0776299690606566
8.63	17.26	1.0733976895769364
8.63	16.03	1.0707239659960308
8.63	14.8	1.0653517203219822
8.64	13.57	1.0589225684555237
8.64	12.34	1.0587881068708545
8.64	11.1	1.047513390413278
8.64	9.87	1.0403606096487934
8.64	8.64	1.0358785787935754
8.64	7.4	1.040657357782037
8.64	6.17	1.0436872421388972
8.64	4.94	1.039972805490494
8.64	3.7	1.035830049982068
8.64	2.47	1.0496289357887634
8.64	1.23	1.0482575086611015
8.64	-0.0	1.0573597092527844
8.64	-1.23	1.0589880421928355
8.64	-2.47	1.0458576751814657
8.64	-3.7	1.048378551169817
8.64	-4.94	1.0498229970878228
8.64	-6.17	1.04344095903772
8.64	-7.4	1.0494164708308582
8.64	-8.64	1.0480967549235747
8.64	-9.87	1.0447225760617853
8.64	-11.1	1.0431171198207727
8.64	-12.34	1.0432265834573167
8.64	-13.57	1.0306865136037198
8.63	-14.8	1.0274821072062992
8.63	-16.03	1.0307117178715652
8.63	-17.26	1.0197768715836069
8.63	-18.49	1.008983867447385
8.63	-19.72	1.010708214207434
8.63	-20.95	1.0008751287571467
8.62	-22.18	1.017964563609351
8.62	-23.41	1.0229054705546787
8.62	-24.64	1.0377396234995404
8.62	-25.86	1.058151620612359
8.62	-27.08	1.074048163445064
8.62	-28.31	1.0745075389522538
8.62	-29.55	1.0958988972235648
8.62	-30.77	1.0578243072045714
8.6	-31.96	0.9696490889101465
8.59	-33.14	0.8736478320414608
8.58	-34.31	0.7699878671717748
8.55	-35.43	0.8332715884316688
8.51	-36.45	0.8209210840667805
9.7	-36.37	0.8347617737581139
9.76	-35.39	0.8533887157756606
9.8	-34.29	0.7573547584091062
9.82	-33.13	0.8482455109262608
9.83	-31.95	0.9500949937974595
9.84	-30.76	1.0355616487131973
9.85	-29.55	1.0872375920177473
9.85	-28.31	1.0965579633077096
9.85	-27.08	1.0891577262695684
9.85	-25.85	1.0527517894832212
9.85	-24.63	1.0427205094366576
9.86	-23.41	1.0340035035969233
9.86	-22.18	1.0235793237483446
9.86	-20.95	1.0195656002218654
9.86	-19.72	1.0178597155690443
9.86	-18.49	1.0173740348483231
9.86	-17.26	1.0264790033255824
9.86	-16.03	1.016790454484636
9.87	-14.8	1.0288393879633342
9.87	-13.57	1.0287992723832982
9.87	-12.34	1.0307990871137132
9.87	-11.1	1.036463441237891
9.87	-9.87	1.0456549998446878
9.87	-8.64	1.0561161322759942
9.87	-7.4	1.0511050074494426
9.87	-6.17	1.053609699708113
9.87	-4.94	1.0381615824563628
9.88	-3.7	1.0407037315730854
9.88	-2.47	1.0521310494484801
9.88	-1.23	1.0493372234951757
9.88	0.0	1.0498794912789227
9.88	1.23	1.0411913694709907
9.88	2.47	1.0502601590474312
9.88	3.7	1.0433513753950694
9.87	4.94	1.0474649741749276
9.87	6.17	1.0444914990366256
9.87	7.4	1.0589480916019065
9.87	8.64	1.0491964459324437
9.87	9.87	1.052470968208366
9.87	11.1	1.0569674745975086
9.87	12.34	1.0598269919139598
9.87	13.57	1.061870756223532
9.87	14.8	1.0624166843762095
9.86	16.03	1.0679127171562686
9.86	17.26	1.0631195095699677
9.86	18.49	1.0682236916727816
9.86	19.72	1.084329175867665
9.86	20.95	1.0748149729631122
9.86	22.18	1.0663076501755293
9.86	23.41	1.0746105918868576
9.85	24.63	1.0727427893323696
9.85	25.85	1.0600730104250535
9.85	27.08	1.0175629961367547
9.85	28.31	1.0174677257983415
9.85	29.55	0.9988596565693751
9.84	30.76	0.8895034440811209
9.83	31.95	0.8054153692087359
9.82	33.13	0.7354181493235762
9.8	34.29	0.7387777524534832
9.76	35.39	0.6818711649169127
9.7	36.37	0.22743466598791057
10.88	36.26	0.582441502964798
10.97	35.34	0.6031966038161262
11.01	34.26	0.739202323078135
11.04	33.11	0.7303603254797646
11.05	31.93	0.7907127864919938
11.07	30.75	0.8635145659957622
11.08	29.55	0.9780797926202994
11.08	28.32	1.0150668920213881
11.08	27.08	0.512649483333062
11.08	25.85	1.0334218931535344
11.08	24.63	1.0725712337517097
11.09	23.41	1.0722779696569467
11.09	22.18	1.0785331779780205
11.09	20.95	1.0754000669073858
11.09	19.72	1.0867981171043923
11.1	18.49	1.0774349336695508
11.1	17.26	1.0784793265989239
11.1	16.03	1.0609334598590263
11.1	14.8	1.0698756720887175
11.1	13.57	1.0700451566618376
11.1	12.34	1.05224522375417
11.1	11.1	1.0606978268382288
11.1	9.87	1.0584763040684804
11.1	8.64	1.0480052602893601
11.1	7.4	1.0642851887376956
11.1	6.17	1.04659037073676
11.1	4.94	1.0481278434205967
11.11	3.7	1.0404179663945419
11.11	2.47	1.0432100338363617
11.11	1.23	1.0400398728435245
11.11	-0.0	1.047535819198746
11.11	-1.23	1.04173583112222
11.11	-2.47	1.0379070707071143
11.11	-3.7	1.0465663868287067
11.1	-4.94	1.0465768336436556
11.1	-6.17	1.0424513154320905
11.1	-7.4	1.035399220346357
11.1	-8.64	1.0447059578702906
11.1	-9.87	1.0434936392720369
11.1	-11.1	1.0370807820893
11.1	-12.34	1.0417279746022314
11.1	-13.57	1.0303004563135199
11.1	-14.8	1.0212854261982718
11.1	-16.03	1.0220597205236508
11.1	-17.26	1.0294383206701971
11.1	-18.49	1.0197400601521922
11.09	-19.72	1.0173048410469547
11.09	-20.95	1.017470027363971
11.09	-22.18	1.02167043714188
11.09	-23.41	1.0374263563525614
11.08	-24.63	1.0520445694837863
11.08	-25.85	1.066619591780153
11.08	-27.08	1.0831503739462989
11.08	-28.32	1.0844182935900946
11.08	-29.55	1.0643869568542097
11.07	-30.75	1.0237085339456156
11.05	-31.93	0.9240610079939732
11.04	-33.11	0.8267759850486157
11.01	-34.26	0.7818182997926548
10.97	-35.34	0.8410028370448972
10.88	-36.26	0.8393559567147488
12.02	-36.05	0.9022736968451229
12.16	-35.27	0.8273806366473182
12.22	-34.22	0.8255830540626873
12.25	-33.09	0.8110735032389185
12.27	-31.91	0.898295373428207
12.29	-30.73	0.9838473185804963
12.31	-29.54	1.0532055314772315
12.31	-28.32	1.100198419100031
12.31	-27.08	1.0901454225576002
12.31	-25.85	1.0695615890149686
12.31	-24.63	1.0525464986337443
12.32	-23.4	1.0386099978529046
12.32	-22.18	1.0259082038912024
12.32	-20.94	1.0178921427910357
12.32	-19.72	1.0125709767739424
12.33	-18.49	1.01743639613076
12.33	-17.26	1.011435955245163
12.33	-16.03	1.0128628780820472
12.33	-14.8	1.0221680194925362
12.33	-13.56	1.0250722623694561
12.33	-12.33	1.0258636677210133
12.34	-11.1	1.0348699560436414
12.34	-9.87	1.030749807419355
12.34	-8.64	1.0366435434154364
12.34	-7.4	1.0354682313080574
12.34	-6.17	1.0315915460686629
12.34	-4.93	1.0342888393744056
12.34	-3.7	1.0609243327269515
12.34	-2.47	1.0415846266981497
12.34	-1.23	1.0318706341847115
12.34	0.0	1.0414437963263061
12.34	1.23	1.0557714759217667
12.34	2.47	1.0475636285315488
12.34	3.7	1.0385687574084905
12.34	4.93	1.0473302388056704
12.34	6.17	1.0495466692718407
12.34	7.4	1.0433207566007372
12.34	8.64	1.046955252617456
12.34	9.87	1.0539897041746338
12.34	11.1	1.05774388973884
12.33	12.33	1.061614305169221
12.33	13.56	1.069646495557041
12.33	14.8	1.067440140171257
12.33	16.03	1.0732832315837664
12.33	17.26	1.0812003041178575
12.33	18.49	1.0776278066565537
12.32	19.72	1.0789640947806411
12.32	20.94	1.0773734108947048
12.32	22.18	1.0777307251440205
12.32	23.4	1.072430549042654
12.31	24.63	1.0696681171405866
12.31	25.85	1.0214357373264336
12.31	27.08	1.01902827895048
12.31	28.32	1.0146541980992536
12.31	29.54	0.9173160047370079
12.29	30.73	0.8324709656125409
12.27	31.91	0.7542038551449423
12.25	33.09	0.7296523791554549
12.22	34.22	0.7215414230781512
12.16	35.27	0.4809438041071174
12.02	36.05	1.093985246071049
13.34	35.17	0.33299344044468915
13.42	34.17	0.6815340674117123
13.47	33.06	0.7418285309165048
13.49	31.9	0.7380455474833297
13.51	30.71	0.8039999633943286
13.53	29.53	0.8793647206528721
13.54	28.32	0.987033522613925
13.54	27.08	1.0169170123095639
13.54	25.85	1.0125621701123255
13.54	24.62	1.0405818343011104
13.55	23.4	1.0652704703119342
13.55	22.17	1.0760952144038902
13.55	20.94	1.0738838734105385
13.55	19.71	1.0796200476534625
13.56	18.49	1.0782005109968367
13.56	17.26	1.084955673974733
13.56	16.03	1.0621820261643469
13.56	14.8	1.0582700996664591
13.56	13.56	1.067575970992969
13.56	12.33	1.0639198877088003
13.57	11.1	1.0577073784989042
13.57	9.87	1.0530928181429915
13.57	8.64	1.0497450066703038
13.57	7.4	1.0463358241840963
13.57	6.17	1.043873016731392
13.57	4.93	1.046300362387982
13.57	3.7	1.047020709719328
13.57	2.47	1.0424999312512235
13.57	1.23	1.0418426318420717
13.57	-0.0	1.0362009318438863
13.57	-1.23	1.0481227720014281
13.57	-2.47	1.0398853606225609
13.57	-3.7	1.0489319859981017
13.57	-4.93	1.0354388132935557
13.57	-6.17	1.039865187829702
13.57	-7.4	1.0332037239311596
13.57	-8.64	1.044053689259322
13.57	-9.87	1.0461297040511968
13.57	-11.1	1.0190554091746922
13.56	-12.33	1.0321406361549046
13.56	-13.56	1.0232247371417498
13.56	-14.8	1.019629148961824
13.56	-16.03	1.0243090018216716
13.56	-17.26	1.0115997097714253
13.56	-18.49	1.0214639282909228
13.55	-19.71	1.0288995586798093
13.55	-20.94	1.0331290315498045
13.55	-22.17	1.0478763566523028
13.55	-23.4	1.053786565917886
13.54	-24.62	1.0619451889620626
13.54	-25.85	1.085168234232213
13.54	-27.08	1.0956954269746353
13.54	-28.32	1.084400414245708
13.53	-29.53	1.0173676487169887
13.51	-30.71	0.9730507626024055
13.49	-31.9	0.873933967343915
13.47	-33.06	0.8065604518625566
13.42	-34.17	0.8800676520753828
13.34	-35.17	0.6991069315172664
14.49	-35.02	0.837057410775916
14.62	-34.1	0.8707662808911735
14.67	-33.02	0.8224281581620054
14.71	-31.87	0.856429758917421
14.73	-30.69	0.9418948784529442
14.75	-29.51	1.005093948403886
14.77	-28.31	1.061531190329126
14.78	-27.09	1.0855553195014873
14.77	-25.85	1.086730632557239
14.77	-24.62	1.0656538741228978
14.77	-23.39	1.0662427483134933
14.78	-22.17	1.0501805071888772
14.78	-20.94	1.0320637150696215
14.78	-19.71	1.02634932473701
14.79	-18.48	1.0242736158731425
14.79	-17.25	1.025056062170782
14.79	-16.03	1.0204563231706218
14.79	-14.79	1.020640021294502
14.8	-13.56	1.0317680584977498
14.8	-12.33	1.035784711860126
14.8	-11.1	1.0256472701441413
14.8	-9.87	1.0339501661283552
14.8	-8.63	1.0368501727541328
14.8	-7.4	1.0292592542428065
14.8	-6.17	1.0335367128460224
14.8	-4.93	1.0404038332507775
14.8	-3.7	1.054415770386243
14.8	-2.47	1.041366518938875
14.8	-1.23	1.0388455389453535
14.8	0.0	1.0473453946869102
14.8	1.23	1.0537990327872762
14.8	2.47	1.040145993933338
14.8	3.7	1.0504227415076266
14.8	4.93	1.044959971236291
14.8	6.17	1.0504630281717076
14.8	7.4	1.0587137735602752
14.8	8.63	1.0541797843385623
14.8	9.87	1.0593005894059293
14.8	11.1	1.0573049101488212
14.8	12.33	1.059668723631609
14.8	13.56	1.0617320035709932
14.79	14.79	1.063393381591937
14.79	16.03	1.0776958594163353
14.79	17.25	1.0749369202571544
14.79	18.48	1.082419908999945
14.78	19.71	1.0673270816378109
14.78	20.94	1.0702185309888903
14.78	22.17	1.0709029319945853
14.77	23.39	1.0657583785037952
14.77	24.62	1.0243959114660333
14.77	25.85	1.0082982228311588
14.78	27.09	1.012124485505176
14.77	28.31	0.9444036978389461
14.75	29.51	0.8537423352412149
14.73	30.69	0.7778634375371875
14.71	31.87	0.7236698066813742
14.67	33.02	0.7385478984630914
14.62	34.1	0.5783180635684759
14.49	35.02	1.25
15.79	34.0	0.434744843199402
15.87	32.97	0.7062792889742115
15.92	31.84	0.740617043796971
15.95	30.67	0.7426943618231494
15.97	29.48	0.8219681740023947
15.99	28.3	0.8901652745543203
16.01	27.09	0.986502971411888
16.01	25.85	1.0128464723493182
16.0	24.62	1.0169288081512282
16.0	23.39	1.031789904974176
16.01	22.16	1.0726539448661894
16.01	20.94	1.066652976321608
16.02	19.71	1.0725642124195531
16.02	18.48	1.0740049168519057
16.02	17.25	1.0723540775364213
16.02	16.02	1.0773840107177433
16.03	14.79	1.0735391953743694
16.03	13.56	1.0558587658609493
16.03	12.33	1.0537903406353801
16.03	11.1	1.075072144995442
16.03	9.86	1.0544890734203423
16.03	8.63	1.0649142792379205
16.03	7.4	1.053652273327456
16.03	6.17	1.0463953427071648
16.04	4.93	1.049155569665383
16.04	3.7	1.0439346726956975
16.04	2.47	1.0429290534088937
16.04	1.23	1.037982072342378
16.04	-0.0	1.0508774285741878
16.04	-1.23	1.0453893935814806
16.04	-2.47	1.0449083483313466
16.04	-3.7	1.0395301141728288
16.04	-4.93	1.0331886957338563
16.03	-6.17	1.038925106246166
16.03	-7.4	1.0331308175564689
16.03	-8.63	1.0391248830660444
16.03	-9.86	1.029225835177003
16.03	-11.1	1.0279620867655763
16.03	-12.33	1.016158850422411
16.03	-13.56	1.0275269727621943
16.03	-14.79	1.0262803727882535
16.02	-16.02	1.031248920477329
16.02	-17.25	1.0168506253085559
16.02	-18.48	1.0326253538557575
16.02	-19.71	1.0420990572923825
16.01	-20.94	1.0421718899159174
16.01	-22.16	1.0539916953900499
16.0	-23.39	1.072450518597004
16.0	-24.62	1.0885012901597813
16.01	-25.85	1.0948764762222385
16.01	-27.09	1.0750897851993915
15.99	-28.3	1.033068075086298
15.97	-29.48	0.9802606260355957
15.95	-30.67	0.902137722202346
15.92	-31.84	0.847711231790863
15.87	-32.97	0.8852378512847098
15.79	-34.0	0.7848844820933024
16.92	-33.85	0.761332183327535
17.06	-32.9	0.8951367692849294
17.12	-31.8	0.8572473964042301
17.16	-30.65	0.8903095378270784
17.19	-29.46	0.9589953612177632
17.21	-28.27	1.0013432005442227
17.23	-27.08	1.0446784509892166
17.24	-25.86	1.0814490614720902
17.23	-24.62	1.214672791662494
17.23	-23.38	1.0711511393988262
17.23	-22.16	1.0667467851443635
17.24	-20.93	1.064975370270322
17.25	-19.71	1.0462442581725275
17.25	-18.48	1.040893485914819
17.25	-17.25	1.029506553906954
17.25	-16.02	1.0301277281604153
17.25	-14.79	1.0288075171407398
17.26	-13.56	1.0243498027009188
17.26	-12.33	1.0334763489377539
17.26	-11.1	1.03638710684641
17.26	-9.86	1.0294718300582288
17.26	-8.63	1.027844855446535
17.26	-7.4	1.0429450440870718
17.26	-6.17	1.0350139579354742
17.26	-4.93	1.0411828626075572
17.27	-3.7	1.0423979113691846
17.27	-2.47	1.0443189770546908
17.27	-1.23	1.0415341998753267
17.27	0.0	1.0420578753105907
17.27	1.23	1.0379621261499434
17.27	2.47	1.0517983437021838
17.27	3.7	1.0450621175622596
17.26	4.93	1.051045625015762
17.26	6.17	1.0554339544304725
17.26	7.4	1.0562242061457408
17.26	8.63	1.0488325959173896
17.26	9.86	1.0552703024309307
17.26	11.1	1.0561252918366275
17.26	12.33	1.0721756941184932
17.26	13.56	1.0676928178188556
17.25	14.79	1.06598446264737
17.25	16.02	1.0682129829912417
17.25	17.25	1.0774321818438168
17.25	18.48	1.0740737812835706
17.25	19.71	1.0658734085303965
17.24	20.93	1.0649657833026458
17.23	22.16	1.0557049449547447
17.23	23.38	1.0230458809760075
17.23	24.62	1.0188156482266797
17.24	25.86	1.0094073187020782
17.23	27.08	0.9251635464200956
17.21	28.27	0.8527676270067335
17.19	29.46	0.7727417042678418
17.16	30.65	0.7286465131381583
17.12	31.8	0.731525578504778
17.06	32.9	0.6138780061216383
16.92	33.85	0.26687005628233806
18.21	32.78	0.42278506685213385
18.31	31.74	0.7078939788493898
18.37	30.61	0.7272163436986112
18.4	29.44	0.7258266787817261
18.42	28.25	0.8144342617795645
18.45	27.06	0.8839794329902783
18.47	25.85	0.962549689164694
18.47	24.63	1.0011353114368735
18.46	23.39	1.014566277698976
18.46	22.15	1.0335615764534485
18.47	20.93	1.0560757957223637
18.47	19.7	1.0581193870338603
18.48	18.48	1.063635870224846
18.48	17.25	1.065486438031226
18.48	16.02	1.0732413646857504
18.48	14.79	1.0745403175161197
18.49	13.56	1.0683926403616433
18.49	12.33	1.0649845582365327
18.49	11.1	1.0617241582015857
18.49	9.86	1.0533541832160231
18.49	8.63	1.055853288093515
18.49	7.4	1.0526071283223448
18.49	6.16	1.0471277151027052
18.5	4.93	1.0445536810182532
18.5	3.7	1.0452375083311298
18.5	2.47	1.0418252509201482
18.5	1.23	1.0536209181324767
18.5	-0.0	1.0526346946774876
18.5	-1.23	1.038615662213752
18.5	-2.47	1.0416532312375395
18.5	-3.7	1.0333596498528543
18.5	-4.93	1.0328723764473298
18.49	-6.16	1.0430131699679759
18.49	-7.4	1.0369660089819743
18.49	-8.63	1.0436289982825897
18.49	-9.86	1.0437808257062677
18.49	-11.1	1.02785794934407
18.49	-12.33	1.0240731475797213
18.49	-13.56	1.0305261869902875
18.48	-14.79	1.0252140477660803
18.48	-16.02	1.01969965974263
18.48	-17.25	1.0478644938871278
18.48	-18.48	1.042373988667101
18.47	-19.7	1.057239938256637
18.47	-20.93	1.0649533066390424
18.46	-22.15	1.075034756194589
18.46	-23.39	1.0786139747599928
18.47	-24.63	1.077172918230696
18.47	-25.85	1.0598182018307016
18.45	-27.06	1.0240875727973224
18.42	-28.25	0.9876825130666735
18.4	-29.44	0.9254319795909542
18.37	-30.61	0.878584298478171
18.31	-31.74	0.9102908204557302
18.21	-32.78	0.7918547390373966
19.32	-32.6	0.6957930203411142
19.48	-31.66	0.8988552207349458
19.56	-30.56	0.8953226381043692
19.61	-29.41	0.9232313176414314
19.63	-28.22	0.9731467431356713
19.66	-27.03	1.000726075828027
19.68	-25.84	1.0292977136755908
19.7	-24.62	1.066637506580954
19.7	-23.39	1.0828042190627443
19.69	-22.16	1.0788604480423107
19.69	-20.92	1.0714708459133986
19.7	-19.7	1.0583116070277483
19.7	-18.47	1.051759947643341
19.71	-17.25	1.0402938581253944
19.71	-16.02	1.0484799501553441
19.71	-14.78	1.0393832993504657
19.71	-13.55	1.0291369682963654
19.72	-12.32	1.0386509664874815
19.72	-11.09	1.0341393081487185
19.72	-9.86	1.0417268302773524
19.72	-8.63	1.0247973027092119
19.73	-7.4	1.0398721786185354
19.73	-6.16	1.0386985430170972
19.73	-4.93	1.0387929346021563
19.73	-3.7	1.0371233704575
19.73	-2.47	1.0424140829439557
19.73	-1.23	1.0455661065460262
19.73	0.0	1.0568559046398367
19.73	1.23	1.048573716955773
19.73	2.47	1.039486214955876
19.73	3.7	1.0496606437863671
19.73	4.93	1.056081221033954
19.73	6.16	1.0544172801341722
19.73	7.4	1.054774417980332
19.72	8.63	1.0640305877748077
19.72	9.86	1.0645225442434947
19.72	11.09	1.0541802165740806
19.72	12.32	1.0596143427201286
19.71	13.55	1.053417520418977
19.71	14.78	1.0643297749187535
19.71	16.02	1.0654140925869533
19.71	17.25	1.0641340446764778
19.7	18.47	1.0559708300283759
19.7	19.7	1.0581309004436144
19.69	20.92	1.0455850879127844
19.69	22.16	1.0198075638757287
19.7	23.39	1.0052160464554725
19.7	24.62	0.9813794361255366
19.68	25.84	0.9040225315572094
19.66	27.03	0.8425380135681442
19.63	28.22	0.7568819168882464
19.61	29.41	0.7270553435447455
19.56	30.56	0.7058594224658411
19.48	31.66	0.5879588632912753
19.32	32.6	0.19178683278272665
20.61	31.52	0.34329842938154254
20.73	30.49	0.6653941318290444
20.8	29.36	0.7291812680129252
20.84	28.2	0.7332612520229889
20.87	27.01	0.7838149125377375
20.89	25.81	0.8714131934289967
20.92	24.61	0.916119026010875
20.93	23.39	0.9782027640152635
20.93	22.16	1.0145617010039019
20.92	20.92	1.0236587232123018
20.92	19.69	1.046363218500522
20.93	18.47	1.0538932662957292
20.93	17.24	1.0601707368271098
20.94	16.01	1.0579755883435706
20.94	14.78	1.0708782959954035
20.94	13.55	1.0567737047953238
20.94	12.32	1.0601615834030522
20.95	11.09	1.0598561284241195
20.95	9.86	1.0548527519906397
20.95	8.63	1.0586386778209378
20.95	7.4	1.044916578835423
20.96	6.16	1.0541180114043474
20.96	4.93	1.0579692974169599
20.96	3.7	1.0486948122697528
20.96	2.47	1.0563060746547785
20.96	1.23	1.0498070255416454
20.96	-0.0	1.0598793426646982
20.96	-1.23	1.0493075926758402
20.96	-2.47	1.048689772994362
20.96	-3.7	1.0436233224152756
20.96	-4.93	1.0400702888058833
20.96	-6.16	1.0466749108785716
20.95	-7.4	1.0423289419917146
20.95	-8.63	1.0434309587096642
20.95	-9.86	1.0409821057550934
20.95	-11.09	1.0260425135650997
20.94	-12.32	1.0410250322205057
20.94	-13.55	1.038986798827307
20.94	-14.78	1.0384341924673113
20.94	-16.01	1.0458425832158371
20.93	-17.24	1.0537763380437242
20.93	-18.47	1.0621378638665557
20.92	-19.69	1.0769810819466816
20.92	-20.92	1.0839586725958021
20.93	-22.16	1.0892336133614993
20.93	-23.39	1.0722785798289542
20.92	-24.61	1.0410204830067398
20.89	-25.81	1.0101549629008542
20.87	-27.01	0.986728137801712
20.84	-28.2	0.944729836173295
20.8	-29.36	0.9178369800683865
20.73	-30.49	0.9314206048535337
20.61	-31.52	0.7634679977535999
21.63	-31.24	0.8434952875705071
21.87	-30.38	0.8761071673285632
21.97	-29.3	0.9485403557081642
22.04	-28.16	0.9387995996030052
22.07	-26.98	0.9774955555162468
22.1	-25.78	1.0009800886462514
22.13	-24.59	1.0144113776656987
22.15	-23.38	1.0477520747492872
22.16	-22.16	1.0711805470416849
22.16	-20.93	1.081145489999208
22.16	-19.69	1.0785798261430632
22.15	-18.46	1.0686281784018705
22.16	-17.23	1.0596739583173909
22.16	-16.01	1.0567963562735614
22.17	-14.78	1.0562566929669215
22.17	-13.55	1.047919553158698
22.18	-12.32	1.0494599535625382
22.18	-11.09	1.0507526564404595
22.18	-9.86	1.0394849468996739
22.18	-8.62	1.0350397092946846
22.18	-7.39	1.0407978380009162
22.18	-6.16	1.0427871956423374
22.18	-4.93	1.040002561845611
22.19	-3.7	1.0479607826680566
22.19	-2.47	1.0438817304718375
22.19	-1.23	1.0453429626903754
22.19	0.0	1.0508464651543041
22.19	1.23	1.0499305328276267
22.19	2.47	1.0517470943692282
22.19	3.7	1.0565235558915602
22.18	4.93	1.0445033994082682
22.18	6.16	1.0595393864738694
22.18	7.39	1.0638962267892977
22.18	8.62	1.0466534210087135
22.18	9.86	1.0374193317782647
22.18	11.09	1.0585351897267825
22.18	12.32	1.0706175000770366
22.17	13.55	1.0587861544048012
22.17	14.78	1.0581556472809994
22.16	16.01	1.0740315712997592
22.16	17.23	1.060177034022682
22.15	18.46	1.038168410545722
22.16	19.69	1.024375160898923
22.16	20.93	1.0057295258559698
22.16	22.16	0.9769426408925305
22.15	23.38	0.9254541624383181
22.13	24.59	0.870408245876412
22.1	25.78	0.7957534987022314
22.07	26.98	0.7370244142346152
22.04	28.16	0.7258898713445806
21.97	29.3	0.6838615134544941
21.87	30.38	0.4934177854948735
21.63	31.24	0.596197870989388
22.94	30.18	0.348578199861878
23.12	29.2	0.5738177027426336
23.21	28.1	0.7014388593079037
23.27	26.94	0.7202410937054414
23.31	25.76	0.7419108052792927
23.33	24.56	0.8184598156336363
23.36	23.36	0.892922233988135
23.38	22.15	0.9350025765150412
23.39	20.93	0.9721092239633637
23.39	19.7	1.0056340304566094
23.39	18.46	1.030557426805856
23.38	17.23	1.046299022129924
23.39	16.0	1.0608399575716687
23.39	14.77	1.0647609509066998
23.4	13.55	1.061865583224331
23.4	12.32	1.056321978144739
23.41	11.09	1.0519731572204476
23.41	9.86	1.0482582229396535
23.41	8.62	1.0435069147173122
23.41	7.39	1.0375872133832307
23.41	6.16	1.035043159410016
23.41	4.93	1.0437304001931802
23.41	3.7	1.040192396374563
23.41	2.46	1.0557612123352362
23.41	1.23	1.0425165347994167
23.41	-0.0	1.055681385103011
23.41	-1.23	1.0469291914185714
23.41	-2.46	1.0403116442257363
23.41	-3.7	1.0370617460068206
23.41	-4.93	1.0423602897138398
23.41	-6.16	1.0456542627137317
23.41	-7.39	1.0700115585320231
23.41	-8.62	1.082737912483918
23.41	-9.86	1.0747960890837271
23.41	-11.09	1.0514874756489005
23.4	-12.32	1.0615409649332692
23.4	-13.55	1.0641368841193708
23.39	-14.77	1.0623335912420837
23.39	-16.0	1.0701904072686501
23.38	-17.23	1.0725862730839835
23.39	-18.46	1.070025175724889
23.39	-19.7	1.0819116821752737
23.39	-20.93	1.0726387488648033
23.38	-22.15	1.0451521312972376
23.36	-23.36	1.0321231498649122
23.33	-24.56	1.0052484310654068
23.31	-25.76	0.9869229672910954
23.27	-26.94	0.9695279948243192
23.21	-28.1	0.9641014702385419
23.12	-29.2	0.937569483834425
22.94	-30.18	0.787061055382206
24.2	-29.04	0.813173202539985
24.36	-28.01	0.971232430879529
24.44	-26.89	0.9792315767267417
24.5	-25.72	0.9903557288930832
24.53	-24.53	1.0122104962316683
24.56	-23.33	1.029246204287241
24.59	-22.13	1.0358383427887994
24.61	-20.92	1.0461014417296615
24.62	-19.7	1.0600254334721202
24.63	-18.47	1.0769630574394584
24.62	-17.23	1.0860116204600032
24.62	-16.0	1.0779379639839022
24.62	-14.77	1.0755448314019826
24.62	-13.54	1.064516045924503
24.63	-12.31	1.0542940871147346
24.63	-11.08	1.0540446454309493
24.63	-9.85	1.0447116849253208
24.64	-8.62	1.0616207626729244
24.64	-7.39	1.0830504622180177
24.64	-6.16	1.100107446792661
24.64	-4.93	1.1231317769595581
24.64	-3.7	1.1111503075322047
24.64	-2.46	1.112035720463515
24.64	-1.23	1.089240371539572
24.64	0.0	1.0828472559993498
24.64	1.23	1.0700159731638084
24.64	2.46	1.0542817904331983
24.64	3.7	1.0585433978481775
24.64	4.93	1.044122257741865
24.64	6.16	1.041719435394411
24.64	7.39	1.0499702958026609
24.64	8.62	1.0530330696978272
24.63	9.85	1.067881533916029
24.63	11.08	1.0488390370978269
24.63	12.31	1.0574891685378989
24.62	13.54	1.0537057956767546
24.62	14.77	1.0558873518692293
24.62	16.0	1.0422224392274355
24.62	17.23	1.0157322496303607
24.63	18.47	0.9957340873536472
24.62	19.7	0.9803629501551447
24.61	20.92	0.9336939158162004
24.59	22.13	0.8880512429570173
24.56	23.33	0.819038408855122
24.53	24.53	0.7489031135473864
24.5	25.72	0.7226703384925408
24.44	26.89	0.7113075599088098
24.36	28.01	0.6878064312072231
24.2	29.04	0.40680783301439377
25.43	27.86	0.4177801517358418
25.59	26.8	0.6496686036112719
25.67	25.67	0.6979373554827694
25.72	24.5	0.7218327113878706
25.76	23.31	0.7468383119979283
25.78	22.1	0.8194046547754097
25.81	20.89	0.8894728912608098
25.84	19.68	0.9197509879748099
25.85	18.47	0.9593269100484585
25.86	17.24	0.9861780340733118
25.85	16.01	1.0147915606960844
25.85	14.77	1.0497948169408715
25.85	13.54	1.0473773392906496
25.85	12.31	1.0439569371414281
25.85	11.08	1.045950748475606
25.85	9.85	1.056619389774761
25.86	8.62	1.0556640570609843
25.86	7.39	1.0422853058151034
25.87	6.16	1.0561284932695003
25.87	4.93	1.0563009658862121
25.87	3.7	1.045139010659941
25.87	2.46	1.0555585924153483
25.87	1.23	1.054169382244706
25.87	-0.0	1.0722403445989828
25.87	-1.23	1.0662898397812304
25.87	-2.46	1.0694067583182136
25.87	-3.7	1.0642412868327737
25.87	-4.93	1.0693490635765914
25.87	-6.16	1.0665327250508396
25.86	-7.39	1.0733467769014735
25.86	-8.62	1.0719478309560448
25.85	-9.85	1.0620591744424932
25.85	-11.08	1.0550847468164672
25.85	-12.31	1.0844312183845002
25.85	-13.54	1.0855737138127768
25.85	-14.77	1.0949748230349488
25.85	-16.01	1.0807039653116013
25.86	-17.24	1.0791265809075707
25.85	-18.47	1.063584760966912
25.84	-19.68	1.0534203112315572
25.81	-20.89	1.0371655914809979
25.78	-22.1	1.0311485727353162
25.76	-23.31	1.0314455642694877
25.72	-24.5	1.0089258176279499
25.67	-25.67	1.0107065127604726
25.59	-26.8	1.008334367290953
25.43	-27.86	0.8758665701121832
26.65	-26.65	0.904188630132705
26.8	-25.59	1.0253151859886875
26.89	-24.44	1.0171112832700446
26.94	-23.27	1.0215799850304754
26.98	-22.07	1.0317402673742484
27.01	-20.87	1.0446358573103973
27.03	-19.66	1.0513882506443626
27.06	-18.45	1.062269068364728
27.08	-17.23	1.0577629681084848
27.09	-16.01	1.05469113852256
27.09	-14.78	1.0637046495027298
27.08	-13.54	1.0781840413605766
27.08	-12.31	1.0876418021955199
27.08	-11.08	1.0768628475441362
27.08	-9.85	1.0654805292847898
27.08	-8.62	1.063234210292535
27.08	-7.39	1.0694551110690569
27.08	-6.16	1.0550805372127245
27.09	-4.93	1.058198751642316
27.09	-3.69	1.0636290551317016
27.09	-2.46	1.058615352041524
27.09	-1.23	1.0626641963767094
27.09	0.0	1.058324627423072
27.09	1.23	1.0642084692834832
27.09	2.46	1.0687873802943895
27.09	3.69	1.0695887579916903
27.09	4.93	1.0484270808856717
27.08	6.16	1.0582786177493877
27.08	7.39	1.04173959290685
27.08	8.62	1.0458504788353524
27.08	9.85	1.0501762391517646
27.08	11.08	1.0531913394603367
27.08	12.31	1.040115225083762
27.08	13.54	1.02228401281105
27.09	14.78	1.0045089988584022
27.09	16.01	0.9987008646598308
27.08	17.23	0.8341368635797938
27.06	18.45	0.9150818722193835
27.03	19.66	0.8794668406370055
27.01	20.87	0.8062317210615337
26.98	22.07	0.7433799061398604
26.94	23.27	0.7350561140730291
26.89	24.44	0.6810725633007103
26.8	25.59	0.6555667791381787
26.65	26.65	0.5374288802477369
27.86	25.43	0.4255796160233679
28.01	24.36	0.6471000021438769
28.1	23.21	0.7098206512298115
28.16	22.04	0.7210250217417703
28.2	20.84	0.7521247863239207
28.22	19.63	0.7951183811551655
28.25	18.42	0.8513761085730215
28.27	17.21	0.901464015599488
28.3	15.99	0.9302481428096259
28.31	14.77	0.9619877209956542
28.32	13.54	0.9879485787135952
28.32	12.31	1.0050601920248234
28.32	11.08	1.0274620891157418
28.31	9.85	1.028028886543362
28.31	8.62	1.0411680813082007
28.31	7.38	1.0419309112796589
28.31	6.15	1.0355704381698605
28.31	4.92	1.043575733539052
28.31	3.69	1.047871610771773
28.31	2.46	1.0547575137575644
28.31	1.23	1.060936531463596
28.31	-0.0	1.0612573249398631
28.31	-1.23	1.046691157624218
28.31	-2.46	1.0611710055725874
28.31	-3.69	1.0540650743679443
28.31	-4.92	1.071935210609842
28.31	-6.15	1.0512194704788964
28.31	-7.38	1.0530383816200641
28.31	-8.62	1.0671944366617963
28.31	-9.85	1.0743159946280778
28.32	-11.08	1.0677564999406806
28.32	-12.31	1.077347292668792
28.32	-13.54	1.0669473948271362
28.31	-14.77	1.0635007910063
28.3	-15.99	1.0585586240499325
28.27	-17.21	1.064850416836366
28.25	-18.42	1.049333063111086
28.22	-19.63	1.060480618331506
28.2	-20.84	1.0428428263441003
28.16	-22.04	1.043983396059975
28.1	-23.21	1.043672540944261
28.01	-24.36	1.036594243854873
27.86	-25.43	0.9260596459055976
29.04	-24.2	0.933218696124897
29.2	-23.12	1.0409772721862107
29.3	-21.97	1.0532430007193527
29.36	-20.8	1.0544212684325873
29.41	-19.61	1.062070817290075
29.44	-18.4	1.0673944680814393
29.46	-17.19	1.0721300053158695
29.48	-15.97	1.0661429449079787
29.51	-14.75	1.045653076840597
29.53	-13.53	1.0505092175218196
29.54	-12.31	1.043382500924741
29.55	-11.08	1.0534216194632002
29.55	-9.85	1.0486918697705656
29.55	-8.62	1.0472139876505933
29.55	-7.39	1.0570139024706202
29.55	-6.16	1.056539466418363
29.54	-4.92	1.0528428215746857
29.54	-3.69	1.0642891632411449
29.54	-2.46	1.0579892934516688
29.54	-1.23	1.045505511827071
29.54	0.0	1.042636310104328
29.54	1.23	1.0393871745017753
29.54	2.46	1.0472086408349706
29.54	3.69	1.031768880114204
29.54	4.92	1.0472386010126273
29.55	6.16	1.0325663273256263
29.55	7.39	1.0308518631239105
29.55	8.62	1.0112004580330327
29.55	9.85	1.0120109783194817
29.55	11.08	0.9947658977377195
29.54	12.31	0.9747022577296847
29.53	13.53	0.9768487403181378
29.51	14.75	0.929803620932543
29.48	15.97	0.9002010561835376
29.46	17.19	0.8338024688896566
29.44	18.4	0.779398892898092
29.41	19.61	0.7338191030472082
29.36	20.8	0.7422447935154383
29.3	21.97	0.6843433526055592
29.2	23.12	0.612543008436028
29.04	24.2	0.4349060054845211
30.18	22.94	0.37405621022831065
30.38	21.87	0.559944477936372
30.49	20.73	0.6821628737148917
30.56	19.56	0.6960328715923865
30.61	18.37	0.7426431229122188
30.65	17.16	0.751675425048821
30.67	15.95	0.8016534388757248
30.69	14.73	0.8485140634129228
30.71	13.51	0.9028430521630023
30.73	12.29	0.9356831837505684
30.75	11.07	0.9575486284505431
30.76	9.84	0.9808212545627134
30.77	8.62	0.9856142161031242
30.78	7.39	0.997061745251526
30.78	6.16	1.0026906732813194
30.78	4.93	1.0167077453365616
30.78	3.69	1.0256640428091688
30.78	2.46	1.0422515489584088
30.78	1.23	1.031107329414425
30.78	-0.0	1.0450319246325808
30.78	-1.23	1.045743811859046
30.78	-2.46	1.0406896642479049
30.78	-3.69	1.0365316550426478
30.78	-4.93	1.053913178018075
30.78	-6.16	1.0538903083912696
30.78	-7.39	1.049380880384335
30.77	-8.62	1.0581432900726622
30.76	-9.84	1.0464302708278663
30.75	-11.07	1.0649371740047882
30.73	-12.29	1.061322703476129
30.71	-13.51	1.0748989914145834
30.69	-14.73	1.0768804327924772
30.67	-15.95	1.0762966750020322
30.65	-17.16	1.0679204262010544
30.61	-18.37	1.0693463986102911
30.56	-19.56	1.0663648739871912
30.49	-20.73	1.0681065702779924
30.38	-21.87	1.0281662765946442
30.18	-22.94	0.8956190122576896
31.24	-21.63	0.7333474169067212
31.52	-20.61	1.0034512608676602
31.66	-19.48	1.0538777171042153
31.74	-18.31	1.0760010773931081
31.8	-17.12	1.0787608853489836
31.84	-15.92	1.0553881132028062
31.87	-14.71	1.0779659751563981
31.9	-13.49	1.0808761980711084
31.91	-12.27	1.0798204715537179
31.93	-11.05	1.0711470997216042
31.95	-9.83	1.0505997499601745
31.96	-8.6	1.0505825700022713
31.97	-7.38	1.0494749252794882
31.98	-6.15	1.0421847514361882
31.99	-4.92	1.0303090782712612
32.0	-3.69	1.0174222019376622
32.0	-2.46	1.0150925796188224
32.0	-1.23	1.0136201599183148
32.0	0.0	1.014936286776259
32.0	1.23	1.0190660327200802
32.0	2.46	1.0036130797489906
32.0	3.69	1.0141844924667536
31.99	4.92	0.9920909851857609
31.98	6.15	0.9791889206208132
31.97	7.38	0.9695091144519096
31.96	8.6	0.9535712254519276
31.95	9.83	0.9386761150298215
31.93	11.05	0.8992396694094322
31.91	12.27	0.8636830839169043
31.9	13.49	0.8068835256449028
31.87	14.71	0.7582113065835472
31.84	15.92	0.7381699025821451
31.8	17.12	0.7140537052870859
31.74	18.31	0.6993017501898257
31.66	19.48	0.6475979039821632
31.52	20.61	0.501832563204997
31.24	21.63	0.3309481252445364
32.6	19.32	0.4092848309286689
32.78	18.21	0.5533934135721903
32.9	17.06	0.6776591236917002
32.97	15.87	0.6915586314902992
33.02	14.67	0.7050220713975918
33.06	13.47	0.7442585125453756
33.09	12.25	0.7518496914587623
33.11	11.04	0.8005615585258629
33.13	9.82	0.8476029111971045
33.14	8.59	0.8913753700744487
33.15	7.37	0.9208729654292699
33.16	6.14	0.9449977151605052
33.17	4.91	0.9702342667902749
33.18	3.69	0.979635957505389
33.18	2.46	0.9926255261002173
33.18	1.23	1.0020267670319563
33.19	-0.0	1.0177825796007927
33.18	-1.23	1.0193949889729388
33.18	-2.46	1.0178390478823174
33.18	-3.69	1.033035570371723
33.17	-4.91	1.0446588083759123
33.16	-6.14	1.0471351790905368
33.15	-7.37	1.056443953598377
33.14	-8.59	1.0537761582180623
33.13	-9.82	1.0749566975318003
33.11	-11.04	1.066202514785279
33.09	-12.25	1.0671006244366958
33.06	-13.47	1.079583972270318
33.02	-14.67	1.0701580871005183
32.97	-15.87	1.0640144594774001
32.9	-17.06	1.0441129603891084
32.78	-18.21	1.0117954497423767
32.6	-19.32	0.8565621416414927
33.85	-16.92	0.8243216688255233
34.0	-15.79	0.9607827742259355
34.1	-14.62	0.9866123468034826
34.17	-13.42	1.0119447692275374
34.22	-12.22	1.0334400020955972
34.26	-11.01	1.0344632065844053
34.29	-9.8	1.048061422958602
34.31	-8.58	1.055311326710636
34.33	-7.36	1.057068925549269
34.34	-6.13	1.0541904707763678
34.35	-4.91	1.0432414649681145
34.35	-3.68	1.0341261985995682
34.36	-2.45	1.0225391917691813
34.36	-1.23	1.0092351032706885
34.36	0.0	0.9892950090793463
34.36	1.23	0.9697150364764958
34.36	2.45	0.9697240775470521
34.35	3.68	0.9337150538049808
34.35	4.91	0.8929282068275978
34.34	6.13	0.8532316537283607
34.33	7.36	0.8190115390796885
34.31	8.58	0.7837891193854083
34.29	9.8	0.7624470230165284
34.26	11.01	0.7119009685271614
34.22	12.22	0.6965991355741125
34.17	13.42	0.7148559670122632
34.1	14.62	0.6864712435319525
34.0	15.79	0.5868840164266764
33.85	16.92	0.4519502443975199
35.02	14.49	0.4759784035010426
35.17	13.34	0.582510139550118
35.27	12.16	0.6798119670882858
35.34	10.97	0.7266351085576865
35.39	9.76	0.7169304725708556
35.43	8.55	0.7070455307557092
35.46	7.34	0.724024388595336
35.48	6.12	0.7602168875082785
35.49	4.9	0.7912596767719474
35.51	3.67	0.8171206470693663
35.52	2.45	0.8349558434413354
35.52	1.22	0.8737245029576718
35.52	-0.0	0.9012782013680624
35.52	-1.22	0.9179151006112977
35.52	-2.45	0.937026642855802
35.51	-3.67	0.9447539644870468
35.49	-4.9	0.9673394757322478
35.48	-6.12	0.9669111884167977
35.46	-7.34	0.9701927856621805
35.43	-8.55	0.9548348502159979
35.39	-9.76	0.8890724653460674
35.34	-10.97	0.8924755641345979
35.27	-12.16	0.8912484113311021
35.17	-13.34	0.8368967578944484
35.02	-14.49	0.7249316792377057
36.05	-12.02	0.6071107323699448
36.26	-10.88	0.7045852458725187
36.37	-9.7	0.7665844202307478
36.45	-8.51	0.7889875330362475
36.51	-7.3	0.8073113785431799
36.55	-6.09	0.7972058190397726
36.58	-4.88	0.7988138577345533
36.6	-3.66	0.7832811815393601
36.61	-2.44	0.7785584282379263
36.62	-1.22	0.7727592241523262
36.62	0.0	0.7577228337016851
36.62	1.22	0.7565293007230537
36.61	2.44	0.7403626537393984
36.6	3.66	0.7362407372567723
36.58	4.88	0.7410993232448598
36.55	6.09	0.7348920546344841
36.51	7.3	0.7302853234836284
36.45	8.51	0.698560289808899
36.37	9.7	0.6511710752152374
36.26	10.88	0.5540192650121716
36.05	12.02	0.4796279295907421
37.3	7.22	0.6353700928006688
37.42	6.04	0.6667517106403709
37.5	4.84	0.6950151924375931
37.55	3.63	0.7162966606274501
37.58	2.42	0.7319345090804821
37.6	1.21	0.73460893867651
37.6	-0.0	0.741078591491358
37.6	-1.21	0.7342849777833851
37.58	-2.42	0.7407648530172332
37.55	-3.63	0.7288179662220214
37.5	-4.84	0.7190912273240176
37.42	-6.04	0.6898022194137158
37.3	-7.22	0.6609667346553348
