-37.3	-7.22	0.5922133042719164
-37.42	-6.04	0.6293460347314791
-37.5	-4.84	0.6548324261182136
-37.55	-3.63	0.6890366887444545
-37.58	-2.42	0.689499702161327
-37.6	-1.21	0.696984303511889
-37.6	0.0	0.6947844246581647
-37.6	1.21	0.704622010136563
-37.58	2.42	0.6948103245764886
-37.55	3.63	0.6865543971242729
-37.5	4.84	0.6915934889341817
-37.42	6.04	0.6734932075010146
-37.3	7.22	0.6418559976217375
-36.05	12.02	0.49385513119860514
-36.26	10.88	0.578103427150639
-36.37	9.7	0.6457984650975102
-36.45	8.51	0.6824585221889934
-36.51	7.3	0.705552199869317
-36.55	6.09	0.6970079639026017
-36.58	4.88	0.7156903550172077
-36.6	3.66	0.7184323373293455
-36.61	2.44	0.7138825964314766
-36.62	1.22	0.7400005335694826
-36.62	-0.0	0.7407481418504758
-36.62	-1.22	0.7450029206271561
-36.61	-2.44	0.7523489322830735
-36.6	-3.66	0.763343135246904
-36.58	-4.88	0.7638365001606817
-36.55	-6.09	0.7572332018694721
-36.51	-7.3	0.7501309705760839
-36.45	-8.51	0.7426862812517865
-36.37	-9.7	0.6893480291514872
-36.26	-10.88	0.6002352356005867
-36.05	-12.02	0.4608244624172077
-35.02	-14.49	0.6131660008775777
-35.17	-13.34	0.7827616773143337
-35.27	-12.16	0.8491827977656883
-35.34	-10.97	0.8843462476550945
-35.39	-9.76	0.920814661564178
-35.43	-8.55	0.9470438330139679
-35.46	-7.34	0.9748811887341349
-35.48	-6.12	0.9554029106413255
-35.49	-4.9	0.947588223789115
-35.51	-3.67	0.9443324365417651
-35.52	-2.45	0.9248009858360587
-35.52	-1.22	0.9075099875392861
-35.52	0.0	0.886720215486635
-35.52	1.22	0.8644353919236296
-35.52	2.45	0.8364862801092404
-35.51	3.67	0.8198292560305062
-35.49	4.9	0.7901362542626322
-35.48	6.12	0.7550430848859901
-35.46	7.34	0.7119446379402611
-35.43	8.55	0.6916787247428549
-35.39	9.76	0.6881800391872664
-35.34	10.97	0.6918959735326473
-35.27	12.16	0.659910909251419
-35.17	13.34	0.5903182270480677
-35.02	14.49	0.4667941407329801
-33.85	16.92	0.47254504284152826
-34.0	15.79	0.5754940278752378
-34.1	14.62	0.6534597158938641
-34.17	13.42	0.6840942924722503
-34.22	12.22	0.6777272777789394
-34.26	11.01	0.7083950625354398
-34.29	9.8	0.7551553885628198
-34.31	8.58	0.7681660806088012
-34.33	7.36	0.8161086932512679
-34.34	6.13	0.8674197919362782
-34.35	4.91	0.8995078044143968
-34.35	3.68	0.9383913006315938
-34.36	2.45	0.9508654984398462
-34.36	1.23	0.9838507234216742
-34.36	-0.0	0.9969590227894459
-34.36	-1.23	1.0178902524228113
-34.36	-2.45	1.0125268332680057
-34.35	-3.68	1.0263344851214602
-34.35	-4.91	1.0441117134217859
-34.34	-6.13	1.0379095706120185
-34.33	-7.36	1.0557604085427454
-34.31	-8.58	1.0508199110283452
-34.29	-9.8	1.0425220192527944
-34.26	-11.01	1.056751842907742
-34.22	-12.22	1.0465459633959635
-34.17	-13.42	1.0238538553884116
-34.1	-14.62	0.9719967399332398
-34.0	-15.79	0.9149769681639996
-33.85	-16.92	0.7232813715255121
-32.6	-19.32	0.7641209686533388
-32.78	-18.21	0.9723721214795713
-32.9	-17.06	1.0341059140986346
-32.97	-15.87	1.0546264534417518
-33.02	-14.67	1.0725615480462805
-33.06	-13.47	1.0806685830702993
-33.09	-12.25	1.0628838849939866
-33.11	-11.04	1.0608740911741548
-33.13	-9.82	1.079033817594344
-33.14	-8.59	1.0711675303524442
-33.15	-7.37	1.052782502035318
-33.16	-6.14	1.0460286365731781
-33.17	-4.91	1.0346822376047822
-33.18	-3.69	1.04286974402348
-33.18	-2.46	1.017728164163447
-33.18	-1.23	1.0221963113563464
-33.19	0.0	1.0156285632398248
-33.18	1.23	1.0071074237527256
-33.18	2.46	1.0030033803491143
-33.18	3.69	0.9958055032397943
-33.17	4.91	0.9734708628787407
-33.16	6.14	0.9652724168764774
-33.15	7.37	0.9293230371430016
-33.14	8.59	0.8982557426733554
-33.13	9.82	0.8569833401302767
-33.11	11.04	0.7978453467608502
-33.09	12.25	0.7477733267025546
-33.06	13.47	0.7226569187670323
-33.02	14.67	0.6837586827179473
-32.97	15.87	0.6610516476670878
-32.9	17.06	0.6470037861502446
-32.78	18.21	0.5657992683492638
-32.6	19.32	0.431398938849118
-31.24	21.63	0.37125865940387676
-31.52	20.61	0.5126420788422524
-31.66	19.48	0.6235313928239195
-31.74	18.31	0.6674391624010804
-31.8	17.12	0.6671762255764635
-31.84	15.92	0.7142706201274885
-31.87	14.71	0.7416693475255105
-31.9	13.49	0.8127617815450696
-31.91	12.27	0.8580859712158663
-31.93	11.05	0.9122080440323825
-31.95	9.83	0.9417189735745639
-31.96	8.6	0.9590762998848189
-31.97	7.38	0.9714765426403317
-31.98	6.15	1.014745029358437
-31.99	4.92	1.0117880665438883
-32.0	3.69	1.0225248518645638
-32.0	2.46	1.0379501288808566
-32.0	1.23	1.0313250615012144
-32.0	-0.0	1.0486166391263003
-32.0	-1.23	1.0559614545708378
-32.0	-2.46	1.0506892370242342
-32.0	-3.69	1.0550508771495606
-31.99	-4.92	1.0560321386010858
-31.98	-6.15	1.059558855460632
-31.97	-7.38	1.0503586270982983
-31.96	-8.6	1.061236099522877
-31.95	-9.83	1.052907416504802
-31.93	-11.05	1.059397319677032
-31.91	-12.27	1.0766216192041367
-31.9	-13.49	1.0741825419118272
-31.87	-14.71	1.0628163574026588
-31.84	-15.92	1.085154262234433
-31.8	-17.12	1.074926831951945
-31.74	-18.31	1.0575431794883987
-31.66	-19.48	1.0493223890761836
-31.52	-20.61	0.9419463641452952
-31.24	-21.63	0.7003781458315964
-30.18	-22.94	0.7852324124156902
-30.38	-21.87	1.0106064397379666
-30.49	-20.73	1.0479629268677997
-30.56	-19.56	1.0559428416990972
-30.61	-18.37	1.0689566352355222
-30.65	-17.16	1.078567689662922
-30.67	-15.95	1.0638966447651823
-30.69	-14.73	1.0655636427518338
-30.71	-13.51	1.04534727899295
-30.73	-12.29	1.0576990592305924
-30.75	-11.07	1.0497798667891378
-30.76	-9.84	1.0573176622574916
-30.77	-8.62	1.063808249363133
-30.78	-7.39	1.0473414704554278
-30.78	-6.16	1.0485204069297631
-30.78	-4.93	1.0456463576175368
-30.78	-3.69	1.0324548135202152
-30.78	-2.46	1.0408808484502727
-30.78	-1.23	1.042126527789602
-30.78	0.0	1.03909939464227
-30.78	1.23	1.0379100769074632
-30.78	2.46	1.0349545798252973
-30.78	3.69	1.0230541891539164
-30.78	4.93	1.03047153979936
-30.78	6.16	1.0201868373838616
-30.78	7.39	1.0069117240223862
-30.77	8.62	1.000093830638822
-30.76	9.84	0.9905799186350256
-30.75	11.07	0.963621276453697
-30.73	12.29	0.9365978955566469
-30.71	13.51	0.9082412040699016
-30.69	14.73	0.8552027183434602
-30.67	15.95	0.8043357938385494
-30.65	17.16	0.7138012472564419
-30.61	18.37	0.7218739274438989
-30.56	19.56	0.6903724051853076
-30.49	20.73	0.6583502393202169
-30.38	21.87	0.575123487448469
-30.18	22.94	0.4197031098946177
-29.04	24.2	0.43951628282247834
-29.2	23.12	0.6211064857710926
-29.3	21.97	0.6602611886857817
-29.36	20.8	0.7062357362477208
-29.41	19.61	0.7129460115312135
-29.44	18.4	0.756412130293247
-29.46	17.19	0.8364219976984184
-29.48	15.97	0.8915242124018676
-29.51	14.75	0.9249822920512367
-29.53	13.53	0.9544237964356731
-29.54	12.31	0.9858394230404308
-29.55	11.08	1.0039699915757059
-29.55	9.85	1.0086740964224512
-29.55	8.62	1.0123660417368845
-29.55	7.39	1.0267004372190818
-29.55	6.16	1.0357713029991948
-29.54	4.92	1.0342524789903242
-29.54	3.69	1.0502312204533408
-29.54	2.46	1.0517344453612492
-29.54	1.23	1.0589211062963253
-29.54	-0.0	1.0606066360379522
-29.54	-1.23	1.0630982118714587
-29.54	-2.46	1.0502844226644514
-29.54	-3.69	1.0556900819167223
-29.54	-4.92	1.0538168706243265
-29.55	-6.16	1.056550614393108
-29.55	-7.39	1.0545992207202706
-29.55	-8.62	1.0455591812829503
-29.55	-9.85	1.0352793204227468
-29.55	-11.08	1.051875535284153
-29.54	-12.31	1.0527165113896224
-29.53	-13.53	1.0539713901467727
-29.51	-14.75	1.0547685195159808
-29.48	-15.97	1.0546338788120952
-29.46	-17.19	1.06529976797389
-29.44	-18.4	1.061178428218522
-29.41	-19.61	1.0595658486818667
-29.36	-20.8	1.0550180392853186
-29.3	-21.97	1.0484780252533823
-29.2	-23.12	1.0277109499054975
-29.04	-24.2	0.848373387953968
-27.86	-25.43	0.8844865667767023
-28.01	-24.36	1.0179061739704502
-28.1	-23.21	1.0237304992963479
-28.16	-22.04	1.0391396503083739
-28.2	-20.84	1.0523678658589442
-28.22	-19.63	1.0599799696934817
-28.25	-18.42	1.0374383063123631
-28.27	-17.21	1.0400049348960632
-28.3	-15.99	1.0492214902739834
-28.31	-14.77	1.0398103689794094
-28.32	-13.54	1.053796836727354
-28.32	-12.31	1.0556793155722517
-28.32	-11.08	1.0618697133412585
-28.31	-9.85	1.0717520925727235
-28.31	-8.62	1.063125027939243
-28.31	-7.38	1.0683262021495232
-28.31	-6.15	1.0630559155392234
-28.31	-4.92	1.0773345544621469
-28.31	-3.69	1.077218797816004
-28.31	-2.46	1.0582446050725691
-28.31	-1.23	1.0706061821679864
-28.31	0.0	1.065695233467592
-28.31	1.23	1.0670531340853504
-28.31	2.46	1.060807012193815
-28.31	3.69	1.0570512483742827
-28.31	4.92	1.058295514293766
-28.31	6.15	1.0553035200490903
-28.31	7.38	1.0427694058453423
-28.31	8.62	1.0491219294065945
-28.31	9.85	1.0331588617867669
-28.32	11.08	1.0214146770486858
-28.32	12.31	1.0045902743520116
-28.32	13.54	0.9989495669131854
-28.31	14.77	0.9802113076081962
-28.3	15.99	0.945679657415837
-28.27	17.21	0.9151540843842868
-28.25	18.42	0.8727104558612168
-28.22	19.63	0.7944641871135322
-28.2	20.84	0.7246411778195412
-28.16	22.04	0.715493963343541
-28.1	23.21	0.687186166387109
-28.01	24.36	0.6345733986115087
-27.86	25.43	0.4712167321961876
-26.65	26.65	0.4713916201115813
-26.8	25.59	0.6347778944822402
-26.89	24.44	0.6840423453240142
-26.94	23.27	0.7100231373210523
-26.98	22.07	0.7207230233040314
-27.01	20.87	0.8299098143338763
-27.03	19.66	0.8796782695492303
-27.06	18.45	0.9321018854857079
-27.08	17.23	0.9661645445148219
-27.09	16.01	0.9840312953463987
-27.09	14.78	1.0141952218612331
-27.08	13.54	1.0231533599760445
-27.08	12.31	1.0414988442092383
-27.08	11.08	1.0330853841437362
-27.08	9.85	1.0477827594291693
-27.08	8.62	1.0589369659521155
-27.08	7.39	1.0548158416552749
-27.08	6.16	1.0641650348424585
-27.09	4.93	1.072227473208487
-27.09	3.69	1.0684573146458267
-27.09	2.46	1.0635852956138665
-27.09	1.23	1.0633746022195627
-27.09	-0.0	1.0649364303917528
-27.09	-1.23	1.067678096099761
-27.09	-2.46	1.0719247040123838
-27.09	-3.69	1.066557460437703
-27.09	-4.93	1.067690405161933
-27.08	-6.16	1.0780903583778862
-27.08	-7.39	1.0737726322881929
-27.08	-8.62	1.0697998767672963
-27.08	-9.85	1.0754152467559537
-27.08	-11.08	1.0735902894488012
-27.08	-12.31	1.0674211214671168
-27.08	-13.54	1.0692535453215457
-27.09	-14.78	1.058315573232866
-27.09	-16.01	1.050221994138929
-27.08	-17.23	1.0509763662708045
-27.06	-18.45	1.0371602996960885
-27.03	-19.66	1.034221594071802
-27.01	-20.87	1.0461213129213072
-26.98	-22.07	1.0445450643923289
-26.94	-23.27	1.0124780449266175
-26.89	-24.44	1.0157325067905691
-26.8	-25.59	1.0031451603563235
-26.65	-26.65	0.8690751083289964
-25.43	-27.86	0.82307849741862
-25.59	-26.8	0.9775864382029129
-25.67	-25.67	0.9884277442304451
-25.72	-24.5	1.002209850799143
-25.76	-23.31	1.0292359409388
-25.78	-22.1	1.029081881624573
-25.81	-20.89	1.043418534859797
-25.84	-19.68	1.0362330179773929
-25.85	-18.47	1.0455035682348184
-25.86	-17.24	1.0601744116517808
-25.85	-16.01	1.0599109285007486
-25.85	-14.77	1.0724252429571761
-25.85	-13.54	1.0820022153101028
-25.85	-12.31	1.087168099715532
-25.85	-11.08	1.0747529141467087
-25.85	-9.85	1.0765252244984873
-25.86	-8.62	1.0748668100060639
-25.86	-7.39	1.0698480500846264
-25.87	-6.16	1.071228975312995
-25.87	-4.93	1.0749704302647662
-25.87	-3.7	1.0712657773597798
-25.87	-2.46	1.0728608562138984
-25.87	-1.23	1.0659648618432642
-25.87	0.0	1.0648287641217433
-25.87	1.23	1.0583677140897618
-25.87	2.46	1.0533964718238966
-25.87	3.7	1.0589129023127273
-25.87	4.93	1.058739520483469
-25.87	6.16	1.0498306666439938
-25.86	7.39	1.0553906841214735
-25.86	8.62	1.0688786506740033
-25.85	9.85	1.065654303943794
-25.85	11.08	1.0488228813975493
-25.85	12.31	1.059360568652253
-25.85	13.54	1.0357974421427778
-25.85	14.77	1.0489117460082693
-25.85	16.01	1.0129614297900873
-25.86	17.24	1.0065753271167264
-25.85	18.47	0.9740980899273578
-25.84	19.68	0.9389205993873679
-25.81	20.89	0.8931429356196224
-25.78	22.1	0.8226115008481918
-25.76	23.31	0.745574884345089
-25.72	24.5	0.7095868994239324
-25.67	25.67	0.7031228208692337
-25.59	26.8	0.643863600589748
-25.43	27.86	0.47186677637559804
-24.2	29.04	0.3779213760907979
-24.36	28.01	0.6303803654793397
-24.44	26.89	0.6874323544837081
-24.5	25.72	0.7044081968338625
-24.53	24.53	0.7406657464690132
-24.56	23.33	0.8239145413564097
-24.59	22.13	0.8846776977343096
-24.61	20.92	0.9460965385101696
-24.62	19.7	0.9962591752446763
-24.63	18.47	1.013002799729615
-24.62	17.23	1.0288888354900054
-24.62	16.0	1.0605557799386578
-24.62	14.77	1.0567711668084747
-24.62	13.54	1.05427676852507
-24.63	12.31	1.0556320511788186
-24.63	11.08	1.0501920578534838
-24.63	9.85	1.0658496215416389
-24.64	8.62	1.050390811731841
-24.64	7.39	1.0587445383138407
-24.64	6.16	1.05803614650031
-24.64	4.93	1.050270068775899
-24.64	3.7	1.06724644451187
-24.64	2.46	1.0801708168479613
-24.64	1.23	1.0663196887829929
-24.64	-0.0	1.0687046311179842
-24.64	-1.23	1.0832231804630557
-24.64	-2.46	1.0759098856289522
-24.64	-3.7	1.0786418922429375
-24.64	-4.93	1.0785088893063903
-24.64	-6.16	1.0772258435954523
-24.64	-7.39	1.0800353786662418
-24.64	-8.62	1.06214239153743
-24.63	-9.85	1.0729023140726892
-24.63	-11.08	1.0845440652347218
-24.63	-12.31	1.0804458166093518
-24.62	-13.54	1.0803771049150912
-24.62	-14.77	1.0921557824758494
-24.62	-16.0	1.0881048289850088
-24.62	-17.23	1.0912905360730314
-24.63	-18.47	1.0686617139593313
-24.62	-19.7	1.05948840880799
-24.61	-20.92	1.0497798890200911
-24.59	-22.13	1.0322010353649043
-24.56	-23.33	1.0248197074806273
-24.53	-24.53	1.0147096948628413
-24.5	-25.72	0.9752809711737407
-24.44	-26.89	0.9728084913249568
-24.36	-28.01	0.9657538089370383
-24.2	-29.04	0.7649950645509268
-22.94	-30.18	0.7550295624185244
-23.12	-29.2	0.9044065636088804
-23.21	-28.1	0.9576107698371423
-23.27	-26.94	0.9419561585136124
-23.31	-25.76	0.9963542867151722
-23.33	-24.56	1.0177559543526422
-23.36	-23.36	1.0310454608114068
-23.38	-22.15	1.0446674198513122
-23.39	-20.93	1.0469784849570476
-23.39	-19.7	1.0751662103452577
-23.39	-18.46	1.0911373850396608
-23.38	-17.23	1.089534893579992
-23.39	-16.0	1.090987449496722
-23.39	-14.77	1.0822590263008234
-23.4	-13.55	1.0779293573251036
-23.4	-12.32	1.0720337661141095
-23.41	-11.09	1.0757579374955764
-23.41	-9.86	1.0719093367536643
-23.41	-8.62	1.0747519190060757
-23.41	-7.39	1.0737930610851993
-23.41	-6.16	1.0619390705709724
-23.41	-4.93	1.0716865640635893
-23.41	-3.7	1.077808033291753
-23.41	-2.46	1.074185445651992
-23.41	-1.23	1.0685208145086391
-23.41	0.0	1.0682094439647387
-23.41	1.23	1.0683588727016557
-23.41	2.46	1.0724124613774182
-23.41	3.7	1.0702904354826859
-23.41	4.93	1.0688621302946741
-23.41	6.16	1.066113558226758
-23.41	7.39	1.038391328128512
-23.41	8.62	1.042961891765076
-23.41	9.86	1.0454726125907772
-23.41	11.09	1.067092349081945
-23.4	12.32	1.0625256506598262
-23.4	13.55	1.0726881752919393
-23.39	14.77	1.0590497026883663
-23.39	16.0	1.0599059401810567
-23.38	17.23	1.0403714374659288
-23.39	18.46	1.0418236121827562
-23.39	19.7	1.0279581611399318
-23.39	20.93	1.006069994121772
-23.38	22.15	0.942797222254686
-23.36	23.36	0.8963532507239786
-23.33	24.56	0.8387643237328268
-23.31	25.76	0.7379237886470438
-23.27	26.94	0.7182150346305288
-23.21	28.1	0.6976356607285265
-23.12	29.2	0.6081479949802934
-22.94	30.18	0.460029695922154
-21.63	31.24	1.0455829816225735
-21.87	30.38	0.5495622636512257
-21.97	29.3	0.7001163391419434
-22.04	28.16	0.7073805707945144
-22.07	26.98	0.7216437229329107
-22.1	25.78	0.8210068221971494
-22.13	24.59	0.8918553856732094
-22.15	23.38	0.9517752759935919
-22.16	22.16	0.9977598676582081
-22.16	20.93	1.0192198338541818
-22.16	19.69	1.0450207672964118
-22.15	18.46	1.0591890287022994
-22.16	17.23	1.0627842114132975
-22.16	16.01	1.063713009041492
-22.17	14.78	1.0672775795155411
-22.17	13.55	1.0801320065846123
-22.18	12.32	1.0721098385222745
-22.18	11.09	1.067947737228418
-22.18	9.86	1.0733045413162017
-22.18	8.62	1.0779978850874108
-22.18	7.39	1.0834926311233064
-22.18	6.16	1.0705230482296089
-22.18	4.93	1.0720649189378766
-22.19	3.7	1.0738501081670682
-22.19	2.47	1.061420907725397
-22.19	1.23	1.0623595553647143
-22.19	-0.0	1.0743842230755616
-22.19	-1.23	1.0750898044129709
-22.19	-2.47	1.0665525189799103
-22.19	-3.7	1.0654807641777544
-22.18	-4.93	1.0675045339426295
-22.18	-6.16	1.0619375250051948
-22.18	-7.39	1.079512781450897
-22.18	-8.62	1.070170103633322
-22.18	-9.86	1.068251937963098
-22.18	-11.09	1.0734301510071995
-22.18	-12.32	1.0645864646745105
-22.17	-13.55	1.0610584951014306
-22.17	-14.78	1.0693484580205233
-22.16	-16.01	1.0831115565751808
-22.16	-17.23	1.0887883347169147
-22.15	-18.46	1.0926001037121928
-22.16	-19.69	1.099173792548566
-22.16	-20.93	1.0847441018612045
-22.16	-22.16	1.0650795487988125
-22.15	-23.38	1.0485234931359675
-22.13	-24.59	1.0226005791014874
-22.1	-25.78	1.0028251779023345
-22.07	-26.98	0.9741084851331053
-22.04	-28.16	0.9172848849269737
-21.97	-29.3	0.9296220936220274
-21.87	-30.38	0.8209256840361233
-21.63	-31.24	0.9805570015275239
-20.61	-31.52	0.7130013010403726
-20.73	-30.49	0.9342512789281716
-20.8	-29.36	0.8844533854556863
-20.84	-28.2	0.9443330900901997
-20.87	-27.01	0.9878589282557054
-20.89	-25.81	1.0131162893532195
-20.92	-24.61	1.0451202365786616
-20.93	-23.39	1.0521207153393375
-20.93	-22.16	1.08606406155922
-20.92	-20.92	1.095369622680995
-20.92	-19.69	1.093251264498984
-20.93	-18.47	1.082491477876384
-20.93	-17.24	1.088127640901349
-20.94	-16.01	1.0671703646573403
-20.94	-14.78	1.066040311997732
-20.94	-13.55	1.0818939391450635
-20.94	-12.32	1.0712077668501947
-20.95	-11.09	1.057791933078512
-20.95	-9.86	1.0731629405062943
-20.95	-8.63	1.0661728212118113
-20.95	-7.4	1.0716483078502566
-20.96	-6.16	1.064090796649411
-20.96	-4.93	1.0604002351460036
-20.96	-3.7	1.0619255810729362
-20.96	-2.47	1.073385207126693
-20.96	-1.23	1.0728820810118316
-20.96	0.0	1.0746603720901515
-20.96	1.23	1.0680776839646264
-20.96	2.47	1.070405032553779
-20.96	3.7	1.080241952313844
-20.96	4.93	1.068501669075191
-20.96	6.16	1.0714908681566522
-20.95	7.4	1.0818372462397035
-20.95	8.63	1.0821899180899828
-20.95	9.86	1.067633829474868
-20.95	11.09	1.0858881084338916
-20.94	12.32	1.0703901607689945
-20.94	13.55	1.078068319469218
-20.94	14.78	1.0766792667947118
-20.94	16.01	1.0770156908109918
-20.93	17.24	1.0701967008854187
-20.93	18.47	1.0776891185743396
-20.92	19.69	1.0607619001520534
-20.92	20.92	1.0510859205873972
-20.93	22.16	1.0255408107670358
-20.93	23.39	1.002343050230653
-20.92	24.61	0.948773289754876
-20.89	25.81	0.8866782445813598
-20.87	27.01	0.8036682798802841
-20.84	28.2	0.7336907620100577
-20.8	29.36	0.7227676115464542
-20.73	30.49	0.6697093611614328
-20.61	31.52	0.4091401354097408
-19.32	32.6	0.03218483071022232
-19.48	31.66	0.6205689073274429
-19.56	30.56	0.7232961511735922
-19.61	29.41	0.719982169233665
-19.63	28.22	0.7565538928538131
-19.66	27.03	0.8636904781947083
-19.68	25.84	0.9308910712582943
-19.7	24.62	0.9851721557902879
-19.7	23.39	1.0238140124157047
-19.69	22.16	1.0377756449023887
-19.69	20.92	1.0633102755641737
-19.7	19.7	1.0697065507243144
-19.7	18.47	1.0525621272602022
-19.71	17.25	1.0625431347472276
-19.71	16.02	1.061760447826955
-19.71	14.78	1.0921101525664096
-19.71	13.55	1.078699921563196
-19.72	12.32	1.0736057190146482
-19.72	11.09	1.0798065402299324
-19.72	9.86	1.0723772159652818
-19.72	8.63	1.0652930041693194
-19.73	7.4	1.0709667855404463
-19.73	6.16	1.0757856431443868
-19.73	4.93	1.0592223522862714
-19.73	3.7	1.0633088835838287
-19.73	2.47	1.0619499866931994
-19.73	1.23	1.0689865687200721
-19.73	-0.0	1.0728684821924603
-19.73	-1.23	1.0712201877749636
-19.73	-2.47	1.056135177567119
-19.73	-3.7	1.0574942527330757
-19.73	-4.93	1.0651011647833453
-19.73	-6.16	1.0720723355034618
-19.73	-7.4	1.0684728540767476
-19.72	-8.63	1.0520969153687607
-19.72	-9.86	1.0560039821113338
-19.72	-11.09	1.0560870242698228
-19.72	-12.32	1.063103396081945
-19.71	-13.55	1.0585163202801724
-19.71	-14.78	1.0573146967450007
-19.71	-16.02	1.0722899456411283
-19.71	-17.25	1.0537435409132996
-19.7	-18.47	1.067286397441628
-19.7	-19.7	1.0753759145459878
-19.69	-20.92	1.0809577423297438
-19.69	-22.16	1.092757239084807
-19.7	-23.39	1.0852317093078296
-19.7	-24.62	1.0695122742547818
-19.68	-25.84	1.0369207720867792
-19.66	-27.03	1.000052357923767
-19.63	-28.22	0.9420466098698432
-19.61	-29.41	0.8957483990483767
-19.56	-30.56	0.8736271648537768
-19.48	-31.66	0.8610360543701084
-19.32	-32.6	0.9105858796984415
-18.21	-32.78	0.746015459768329
-18.31	-31.74	0.8893219123056907
-18.37	-30.61	0.8439171198883811
-18.4	-29.44	0.9131029718814483
-18.42	-28.25	0.9656322614070554
-18.45	-27.06	1.019981549153251
-18.47	-25.85	1.0536655487386206
-18.47	-24.63	1.09780179752086
-18.46	-23.39	1.1008662668240026
-18.46	-22.15	1.0886451067004286
-18.47	-20.93	1.0868350187463631
-18.47	-19.7	1.0750798199634697
-18.48	-18.48	1.071051099791751
-18.48	-17.25	1.064946412098588
-18.48	-16.02	1.0556480298606559
-18.48	-14.79	1.0693795974219302
-18.49	-13.56	1.05455631279346
-18.49	-12.33	1.052155798484269
-18.49	-11.1	1.0610385201840582
-18.49	-9.86	1.053719661275643
-18.49	-8.63	1.0626844109676807
-18.49	-7.4	1.0554569196477694
-18.49	-6.16	1.0538721266842297
-18.5	-4.93	1.0700088310883165
-18.5	-3.7	1.068180647995929
-18.5	-2.47	1.060829846349538
-18.5	-1.23	1.0690934602459443
-18.5	0.0	1.0678248557717747
-18.5	1.23	1.0571870533083314
-18.5	2.47	1.061100435934391
-18.5	3.7	1.0660124468875798
-18.5	4.93	1.058278926052498
-18.49	6.16	1.0741820802743884
-18.49	7.4	1.0658095617765608
-18.49	8.63	1.0617634196356236
-18.49	9.86	1.0822669595648684
-18.49	11.1	1.0746997200204353
-18.49	12.33	1.080283278884842
-18.49	13.56	1.0723952030156796
-18.48	14.79	1.0707848404964235
-18.48	16.02	1.0824616724597453
-18.48	17.25	1.0713697632564572
-18.48	18.48	1.0734651805676225
-18.47	19.7	1.0711519950078727
-18.47	20.93	1.077144647831081
-18.46	22.15	1.0573744061967192
-18.46	23.39	1.0243864987123434
-18.47	24.63	1.0226540688618124
-18.47	25.85	0.9728622691035987
-18.45	27.06	0.9027537287510949
-18.42	28.25	0.8307200591418933
-18.4	29.44	0.7276768301911508
-18.37	30.61	0.733219354210694
-18.31	31.74	0.681114550945937
-18.21	32.78	0.4899391505544697
-16.92	33.85	0.4731764497429722
-17.06	32.9	0.6194454018745226
-17.12	31.8	0.7264795099854531
-17.16	30.65	0.7184025578254442
-17.19	29.46	0.7857725195190083
-17.21	28.27	0.8768584354480011
-17.23	27.08	0.932514801875878
-17.24	25.86	1.0076569235070003
-17.23	24.62	1.035717952127776
-17.23	23.38	1.0448371146205542
-17.23	22.16	1.060008251934779
-17.24	20.93	1.0801702730537093
-17.25	19.71	1.080856495111595
-17.25	18.48	1.0807230303794848
-17.25	17.25	1.0894706327640384
-17.25	16.02	1.0793822971437241
-17.25	14.79	1.0823287406688782
-17.26	13.56	1.0864864987476626
-17.26	12.33	1.0782437677446715
-17.26	11.1	1.0771776024628825
-17.26	9.86	1.0752213872100171
-17.26	8.63	1.0694270311799945
-17.26	7.4	1.075796918509541
-17.26	6.17	1.07650507547993
-17.26	4.93	1.0752788956102375
-17.27	3.7	1.064269131639505
-17.27	2.47	1.0648914782732313
-17.27	1.23	1.0709727413181271
-17.27	-0.0	1.0691593410569493
-17.27	-1.23	1.0687590329366596
-17.27	-2.47	1.0616976978359527
-17.27	-3.7	1.0547111338307953
-17.26	-4.93	1.0570218291213067
-17.26	-6.17	1.0527193779060966
-17.26	-7.4	1.061810027771769
-17.26	-8.63	1.0541465076898766
-17.26	-9.86	1.0503863127611006
-17.26	-11.1	1.0556758518489526
-17.26	-12.33	1.0545556988665041
-17.26	-13.56	1.0626011205125239
-17.25	-14.79	1.0552178563058145
-17.25	-16.02	1.0529256705293661
-17.25	-17.25	1.0496492143632392
-17.25	-18.48	1.0634242029051042
-17.25	-19.71	1.0760605460313826
-17.24	-20.93	1.0534658470361817
-17.23	-22.16	1.0728570782943605
-17.23	-23.38	1.086004131536435
-17.23	-24.62	1.096205974499107
-17.24	-25.86	1.0809586383088678
-17.23	-27.08	1.0503923344797355
-17.21	-28.27	0.9908828759647501
-17.19	-29.46	0.9233015365456756
-17.16	-30.65	0.8709116119107866
-17.12	-31.8	0.8241688530291158
-17.06	-32.9	0.8846496296900741
-16.92	-33.85	0.8017519667599294
-15.79	-34.0	0.7779801799712831
-15.87	-32.97	0.869756003096692
-15.92	-31.84	0.8322630097339919
-15.95	-30.67	0.8935922242963941
-15.97	-29.48	0.9449375617919816
-15.99	-28.3	1.027625198843059
-16.01	-27.09	1.0759108800933967
-16.01	-25.85	1.1024849087261173
-16.0	-24.62	1.097202325284993
-16.0	-23.39	1.0907272111766853
-16.01	-22.16	1.0813982178934232
-16.01	-20.94	1.07315523552473
-16.02	-19.71	1.0721850964169655
-16.02	-18.48	1.0583867639978033
-16.02	-17.25	1.048818729646868
-16.02	-16.02	1.0629380873288417
-16.03	-14.79	1.0498267030922868
-16.03	-13.56	1.0421295715024457
-16.03	-12.33	1.0451726152535668
-16.03	-11.1	1.0668473161623133
-16.03	-9.86	1.0682821895428851
-16.03	-8.63	1.0738029136048055
-16.03	-7.4	1.057035241119247
-16.03	-6.17	1.063875869135626
-16.04	-4.93	1.0649578343968755
-16.04	-3.7	1.0533876781784506
-16.04	-2.47	1.0757616778619468
-16.04	-1.23	1.0711395380656203
-16.04	0.0	1.066518121758575
-16.04	1.23	1.0661969779919385
-16.04	2.47	1.0675100570855538
-16.04	3.7	1.070739761660177
-16.04	4.93	1.0720063357089482
-16.03	6.17	1.0672344702983978
-16.03	7.4	1.068318866586215
-16.03	8.63	1.0775151324743253
-16.03	9.86	1.0780028562168282
-16.03	11.1	1.0790814066339478
-16.03	12.33	1.0771525180053314
-16.03	13.56	1.0762624870411797
-16.03	14.79	1.085933282029459
-16.02	16.02	1.09809974638607
-16.02	17.25	1.0910827844009632
-16.02	18.48	1.0851901232622023
-16.02	19.71	1.0817344077690825
-16.01	20.94	1.079526921816541
-16.01	22.16	1.0634376865335444
-16.0	23.39	1.067291001985326
-16.0	24.62	1.0430011273722868
-16.01	25.85	1.0210641999373111
-16.01	27.09	1.0001688916735947
-15.99	28.3	0.9198643815986624
-15.97	29.48	0.8364369297583667
-15.95	30.67	0.729842250958541
-15.92	31.84	0.738844341909406
-15.87	32.97	0.6967621377911559
-15.79	34.0	0.46326558696623293
-14.49	35.02	1.0852971144591979
-14.62	34.1	0.6011358818255536
-14.67	33.02	0.7404658520110236
-14.71	31.87	0.7289930159971248
-14.73	30.69	0.7881228780485277
-14.75	29.51	0.8832791211047356
-14.77	28.31	0.9566452984225463
-14.78	27.09	1.0291640867774416
-14.77	25.85	1.0257160681828525
-14.77	24.62	1.0563729184551895
-14.77	23.39	1.0732413846118956
-14.78	22.17	1.0717767402779683
-14.78	20.94	1.0852035991487072
-14.78	19.71	1.0987561407726039
-14.79	18.48	1.0901174273075902
-14.79	17.25	1.0947893245828118
-14.79	16.03	1.0975095549504648
-14.79	14.79	1.0806581192444944
-14.8	13.56	1.0800881937686329
-14.8	12.33	1.0835257157115912
-14.8	11.1	1.0854071118403767
-14.8	9.87	1.0734287423774937
-14.8	8.63	1.0640440941145382
-14.8	7.4	1.076904127594755
-14.8	6.17	1.0593751912932405
-14.8	4.93	1.0683837540780157
-14.8	3.7	1.067017401060627
-14.8	2.47	1.0529127767600825
-14.8	1.23	1.070631347825535
-14.8	-0.0	1.0711748708982187
-14.8	-1.23	1.075105828165209
-14.8	-2.47	1.065214032100562
-14.8	-3.7	1.0694237840502772
-14.8	-4.93	1.0628373275028413
-14.8	-6.17	1.0567365096784276
-14.8	-7.4	1.0590391748882813
-14.8	-8.63	1.0592770604149213
-14.8	-9.87	1.0703862527107222
-14.8	-11.1	1.0614230551492858
-14.8	-12.33	1.0499972243670692
-14.8	-13.56	1.0517512863611755
-14.79	-14.79	1.0307080220013616
-14.79	-16.03	1.051022973467867
-14.79	-17.25	1.047361232858778
-14.79	-18.48	1.0501334116138492
-14.78	-19.71	1.058909016895934
-14.78	-20.94	1.058077431368543
-14.78	-22.17	1.0570305542771887
-14.77	-23.39	1.0835336330465188
-14.77	-24.62	1.0849354512759324
-14.77	-25.85	1.1021618338077173
-14.78	-27.09	1.0888706451459982
-14.77	-28.31	1.0457407917369343
-14.75	-29.51	0.9861096476159087
-14.73	-30.69	0.9045201144273013
-14.71	-31.87	0.818457751497117
-14.67	-33.02	0.7917158455250537
-14.62	-34.1	0.8581380087139064
-14.49	-35.02	0.8378471913177133
-13.34	-35.17	0.9826920401998697
-13.42	-34.17	0.8557003195952081
-13.47	-33.06	0.7679028313207618
-13.49	-31.9	0.831754844193242
-13.51	-30.71	0.9355416335085083
-13.53	-29.53	1.0294803081227355
-13.54	-28.32	1.0805850422283838
-13.54	-27.08	1.117174966601374
-13.54	-25.85	1.1045444212872912
-13.54	-24.62	1.0859372219818886
-13.55	-23.4	1.0823347133383192
-13.55	-22.17	1.057477962690273
-13.55	-20.94	1.058267992772449
-13.55	-19.71	1.0510230771242688
-13.56	-18.49	1.0471453249392666
-13.56	-17.26	1.0367209977607774
-13.56	-16.03	1.0436070471204564
-13.56	-14.8	1.035723251429232
-13.56	-13.56	1.0497015130526524
-13.56	-12.33	1.0402094961362158
-13.57	-11.1	1.047359144646507
-13.57	-9.87	1.0453313317511923
-13.57	-8.64	1.0728469444675919
-13.57	-7.4	1.0723115287091252
-13.57	-6.17	1.0700663193419797
-13.57	-4.93	1.0628966375560545
-13.57	-3.7	1.065592769243002
-13.57	-2.47	1.065350946074749
-13.57	-1.23	1.062491953787746
-13.57	0.0	1.0603497678000868
-13.57	1.23	1.0603279648017683
-13.57	2.47	1.0640341071228068
-13.57	3.7	1.0750378745876719
-13.57	4.93	1.061663577243634
-13.57	6.17	1.0657126337585685
-13.57	7.4	1.057829637014079
-13.57	8.64	1.0717639183025458
-13.57	9.87	1.0779852125044487
-13.57	11.1	1.0837375157290634
-13.56	12.33	1.0748092387449248
-13.56	13.56	1.0716297300711544
-13.56	14.8	1.0757670569356126
-13.56	16.03	1.08004404336517
-13.56	17.26	1.0852128441738411
-13.56	18.49	1.0951085865849706
-13.55	19.71	1.0865774053548383
-13.55	20.94	1.079066696620251
-13.55	22.17	1.0778941208464587
-13.55	23.4	1.079589015164612
-13.54	24.62	1.0842681932423486
-13.54	25.85	1.0391095621169606
-13.54	27.08	1.0187272269624308
-13.54	28.32	0.9998152016981329
-13.53	29.53	0.9047461873088563
-13.51	30.71	0.8069477324140114
-13.49	31.9	0.7407135925945801
-13.47	33.06	0.7272793257875536
-13.42	34.17	0.6887595655804203
-13.34	35.17	0.36162842246397814
-12.02	36.05	0.7647105978749393
-12.16	35.27	0.4957912952210218
-12.22	34.22	0.7168935775777007
-12.25	33.09	0.7172722621318652
-12.27	31.91	0.751079279813691
-12.29	30.73	0.8560569605566035
-12.31	29.54	0.9456190887698351
-12.31	28.32	1.0023998468106092
-12.31	27.08	1.0304060079340471
-12.31	25.85	1.0598108617050588
-12.31	24.63	1.085679486437132
-12.32	23.4	1.0840281834688115
-12.32	22.18	1.0877448781420713
-12.32	20.94	1.0882443105634254
-12.32	19.72	1.0965451066503362
-12.33	18.49	1.0904939773785876
-12.33	17.26	1.084813786980981
-12.33	16.03	1.0879514900589071
-12.33	14.8	1.092008550406222
-12.33	13.56	1.0767465819068214
-12.33	12.33	1.0787991365418084
-12.34	11.1	1.0705585106293867
-12.34	9.87	1.0759813629048764
-12.34	8.64	1.0694464020480647
-12.34	7.4	1.068051552116616
-12.34	6.17	1.0586719246625995
-12.34	4.93	1.0610176139308436
-12.34	3.7	1.0743685471783955
-12.34	2.47	1.0674286058492226
-12.34	1.23	1.0633465016201018
-12.34	-0.0	1.0664143809821982
-12.34	-1.23	1.066865188009626
-12.34	-2.47	1.0543241749352477
-12.34	-3.7	1.05569694728133
-12.34	-4.93	1.0595898408251818
-12.34	-6.17	1.0524334762846106
-12.34	-7.4	1.0608802945135172
-12.34	-8.64	1.0558057934716654
-12.34	-9.87	1.063207361781893
-12.34	-11.1	1.0542574203083013
-12.33	-12.33	1.0512751599591459
-12.33	-13.56	1.051868094804127
-12.33	-14.8	1.0344748666100738
-12.33	-16.03	1.041897556832794
-12.33	-17.26	1.0394984493872712
-12.33	-18.49	1.0316315798833409
-12.32	-19.72	1.0391865298305598
-12.32	20.94	1.0849680807374096
-12.32	22.18	1.0811132285407783
-12.32	23.4	1.0829537563374152
-12.31	24.63	1.0795382681408876
-12.31	25.85	1.0405279707022481
-12.31	27.08	1.0155450905380934
-12.31	28.32	0.9926634395992702
-12.31	29.54	0.9463067387856782
-12.29	30.73	0.8441224592103773
-12.27	31.91	0.7629850274921127
-12.25	33.09	0.7194582604185987
-12.22	34.22	0.6977362359609253
-12.16	35.27	0.49253571979410576
-12.02	36.05	0.9442124131782608
-10.88	36.26	0.6163883661910075
-10.97	35.34	0.5991767984377081
-11.01	34.26	0.7214261764266336
-11.04	33.11	0.7068436402865462
-11.05	31.93	0.778471040844559
-11.07	30.75	0.8931139701794537
-11.08	29.55	0.9668630419067457
-11.08	28.32	0.9972319133302093
-11.08	27.08	1.0273543907796476
-11.08	25.85	1.0720761893236095
-11.08	24.63	1.0758357109383438
-11.09	23.41	1.0746802315193542
-11.09	22.18	1.0696738807120674
-11.09	20.95	1.0801211118808887
-11.09	19.72	1.0892504584273004
-11.1	18.49	1.0826538567316955
-11.1	17.26	1.0848696057035716
-11.1	16.03	1.0778731954129177
-11.1	14.8	1.0736114631958298
-11.1	13.57	1.0714331828234258
-11.1	12.34	1.0638736494993686
-11.1	11.1	1.0568318496978548
-11.1	9.87	1.058820426870041
-11.1	8.64	1.0540101599087783
-11.1	7.4	1.0654516854579814
-11.1	6.17	1.064316870330821
-11.1	4.94	1.0599550554323411
-11.11	3.7	1.0588270584528519
-11.11	2.47	1.0505534949912054
-11.11	1.23	1.0553303309301725
-11.11	-0.0	1.0532196160301557
-11.11	-1.23	1.0567616616245814
-11.11	-2.47	1.0513073814216423
-11.11	-3.7	1.0576827042125234
-11.1	-4.94	1.059556631702501
-11.1	-6.17	1.0613607710756734
-11.1	-7.4	1.0558093479469417
-11.1	-8.64	1.046011981837472
-11.1	-9.87	1.0593937136767317
-11.1	-11.1	1.0538597043339648
-11.1	-12.34	1.053771458336323
-11.1	-13.57	1.0416876141572902
-11.1	-14.8	1.0260353481025777
-11.1	-16.03	1.0400788553167655
-11.1	-17.26	1.0261198983270352
-11.1	-18.49	1.0257166130982034
-11.09	-19.72	1.014848208784209
-11.09	-20.95	1.025371600274644
-11.09	-22.18	1.0379238879940107
-11.09	-23.41	1.064309879984041
-11.08	-24.63	1.0594286212582047
-11.08	-25.85	1.0715661464853214
-11.08	-27.08	1.099919108898858
-11.08	-28.32	1.1076505608792895
-11.08	-29.55	1.0802818629559854
-11.07	-30.75	0.9887709648583705
-11.05	-31.93	0.8887759949509327
-11.04	-33.11	0.7838161505624752
-11.01	-34.26	0.7535582209766218
-10.97	-35.34	0.8034159918341968
-10.88	-36.26	0.8591055719277796
-9.7	-36.37	0.7898093611605711
-9.76	-35.39	0.8392394004099689
-9.8	-34.29	0.712067722357089
-9.82	-33.13	0.7972501439589219
-9.83	-31.95	0.918338045759376
-9.84	-30.76	1.0269169832881144
-9.85	-29.55	1.0740878953716335
-9.85	-28.31	1.1043503308562233
-9.85	-27.08	1.0854152234045384
-9.85	-25.85	1.0708561329030302
-9.85	-24.63	1.0509514846322043
-9.86	-23.41	1.0575066977181269
-9.86	-22.18	1.0318771375357256
-9.86	-20.95	1.034437172596134
-9.86	-19.72	1.0175393307897156
-9.86	-18.49	1.035660385823049
-9.86	-17.26	1.0211241741489228
-9.86	-16.03	1.0315675034721308
-9.87	-14.8	1.0319896381432347
-9.87	-13.57	1.0498633809002584
-9.87	-12.34	1.0494836209298966
-9.87	-11.1	1.0572521600392095
-9.87	-9.87	1.0569093476209268
-9.87	-8.64	1.060265677232177
-9.87	-7.4	1.0559739643943329
-9.87	-6.17	1.0635168985589827
-9.87	-4.94	1.0597448238233327
-9.88	-3.7	1.0566418545451746
-9.88	-2.47	1.0646730283149362
-9.88	-1.23	1.0665086018168817
-9.88	0.0	1.0575968622043939
-9.88	1.23	1.0620207746540429
-9.88	2.47	1.0540396831517473
-9.88	3.7	1.0567540598029956
-9.87	4.94	1.048357809729024
-9.87	6.17	1.0506717147730007
-9.87	7.4	1.0604297640038332
-9.87	8.64	1.067429940925718
-9.87	9.87	1.0524465579093574
-9.87	11.1	1.065365073672246
-9.87	12.34	1.072709873432061
-9.87	13.57	1.0727206976520411
-9.87	14.8	1.0697450510380149
-9.86	16.03	1.083047959062593
-9.86	17.26	1.0854621561624234
-9.86	18.49	1.0653156440101228
-9.86	19.72	1.0902613326698274
-9.86	20.95	1.0993841195364689
-9.86	22.18	1.0784615917916274
-9.86	23.41	1.0879438214193435
-9.85	24.63	1.0757733540102026
-9.85	25.85	1.0694983055108316
-9.85	27.08	1.0266722935026473
-9.85	28.31	1.0116177412233796
-9.85	29.55	0.994838860165889
-9.84	30.76	0.9088594367417054
-9.83	31.95	0.8102428521767253
-9.82	33.13	0.7213652523843587
-9.8	34.29	0.7318185749228733
-9.76	35.39	0.651166000448909
-9.7	36.37	0.36919721073656686
-8.51	36.45	0.42726718478761666
-8.55	35.43	0.693781245267314
-8.58	34.31	0.7131695831488052
-8.59	33.14	0.739679177695327
-8.6	31.96	0.8314241414927337
-8.62	30.77	0.922667215986983
-8.62	29.55	1.0011165760150296
-8.62	28.31	1.0075692903485765
-8.62	27.08	1.053375681891376
-8.62	25.86	1.0724264741864538
-8.62	24.64	1.0781717673939835
-8.62	23.41	1.0806496531206067
-8.62	22.18	1.0788947818784156
-8.63	20.95	1.0996004075280454
-8.63	19.72	1.082561156316412
-8.63	18.49	1.0900488123881902
-8.63	17.26	1.0855670782549842
-8.63	16.03	1.0745354207840934
-8.63	14.8	1.0853188035088919
-8.64	13.57	1.0736269786307855
-8.64	12.34	1.0631789346477907
-8.64	11.1	1.0683375890957267
-8.64	9.87	1.0539785295350284
-8.64	8.64	1.053201599289263
-8.64	7.4	1.0628630685938845
-8.64	6.17	1.0615514219631863
-8.64	4.94	1.0512213786009934
-8.64	3.7	1.056622780629063
-8.64	2.47	1.0629259696974949
-8.64	1.23	1.0618118723421797
-8.64	-0.0	1.0535464671441603
-8.64	-1.23	1.0615332942877955
-8.64	-2.47	1.0575719585127312
-8.64	-3.7	1.0646465060103218
-8.64	-4.94	1.0553786149420687
-8.64	-6.17	1.0701321439301104
-8.64	-7.4	1.0781170401944702
-8.64	-8.64	1.0604685106953162
-8.64	-9.87	1.0587780813349552
-8.64	-11.1	1.0559725368075974
-8.64	-12.34	1.0424688479157824
-8.64	-13.57	1.0574655391834247
-8.63	-14.8	1.0539881605096513
-8.63	-16.03	1.028521088119885
-8.63	-17.26	1.0277340810079798
-8.63	-18.49	1.0181581964600182
-8.63	-19.72	1.0146108474092834
-8.63	-20.95	1.0213540765131208
-8.62	-22.18	1.037856548722373
-8.62	-23.41	1.0474763554197601
-8.62	-24.64	1.0458145260021794
-8.62	-25.86	1.0690293639761543
-8.62	-27.08	1.0921834183139323
-8.62	-28.31	1.1021861271730566
-8.62	-29.55	1.093345274881479
-8.62	-30.77	1.0507177383011839
-8.6	-31.96	0.9428100231581242
-8.59	-33.14	0.8274217349479425
-8.58	-34.31	0.7228670249276811
-8.55	-35.43	0.7957003905268171
-8.51	-36.45	0.7722125575302806
-7.22	-37.3	0.7305961652827887
-7.3	-36.51	0.7672292569441266
-7.34	-35.46	0.7642497981033992
-7.36	-34.33	0.7189780734670256
-7.37	-33.15	0.8617369639278365
-7.38	-31.97	0.9842643943731129
-7.39	-30.78	1.0663351693749867
-7.39	-29.55	1.1002649720708613
-7.38	-28.31	1.0910110967012872
-7.39	-27.08	1.077432695394599
-7.39	-25.86	1.0661156589232506
-7.39	-24.64	1.0578844055753651
-7.39	-23.41	1.0453098606143096
-7.39	-22.18	1.0114509514269174
-7.4	-20.95	1.0305890324187759
-7.4	-19.73	1.0212926788172774
-7.4	-18.49	1.0427774918726262
-7.4	-17.26	1.025219153114877
-7.4	-16.03	1.0450993199051244
-7.4	-14.8	1.0433881323813459
-7.4	-13.57	1.0505192480213459
-7.4	-12.34	1.046834969479645
-7.4	-11.1	1.059668935748316
-7.4	-9.87	1.0675585308276296
-7.4	-8.64	1.0500607904617374
-7.41	-7.41	1.0686996131621003
-7.41	-6.17	1.0647754131945129
-7.41	-4.94	1.0659585020745215
-7.41	-3.7	1.0564010260353887
-7.41	-2.47	1.062310551825633
-7.41	-1.23	1.0648707240574424
-7.41	0.0	1.0585106510754487
-7.41	1.23	1.061256761715515
-7.41	2.47	1.0481821081057074
-7.41	3.7	1.0444866380702729
-7.41	4.94	1.0614230478922775
-7.41	6.17	1.055222369699917
-7.41	7.41	1.048713230038354
-7.4	8.64	1.048641403201107
-7.4	9.87	1.061607067265392
-7.4	11.1	1.0561944078418886
-7.4	12.34	1.06106775817959
-7.4	13.57	1.0601992793081787
-7.4	14.8	1.0732032511458731
-7.4	16.03	1.073147756106977
-7.4	17.26	1.0850688159489443
-7.4	18.49	1.0968115471980593
-7.4	19.73	1.102235365552388
-7.4	20.95	1.1002852443536255
-7.39	22.18	1.0788646903964962
-7.39	23.41	1.0895369713334269
-7.39	24.64	1.08965859284755
-7.39	25.86	1.0840586654378075
-7.39	27.08	1.0644584941912019
-7.38	28.31	1.0057920656000177
-7.39	29.55	1.003658389261201
-7.39	30.78	0.9559926670737283
-7.38	31.97	0.8529221772714127
-7.37	33.15	0.763278450715474
-7.36	34.33	0.7189737501500599
-7.34	35.46	0.725952059669923
-7.3	36.51	0.49847678904151843
-7.22	37.3	0.8246577276048294
-6.04	37.42	0.9965918793116469
-6.09	36.55	0.5555844337302145
-6.12	35.48	0.7131095304050512
-6.13	34.34	0.7196368189750844
-6.14	33.16	0.7602009260329698
-6.15	31.98	0.8672813773043873
-6.16	30.78	0.97987807307721
-6.16	29.55	0.995931170745147
-6.15	28.31	1.0160872972738075
-6.16	27.08	1.0769750239203548
-6.16	25.87	1.0779605450314504
-6.16	24.64	1.0823541016825793
-6.16	23.41	1.0806141892582275
-6.16	22.18	1.0986214102892131
-6.16	20.96	1.0995413064109958
-6.16	19.73	1.0946367160657666
-6.16	18.49	1.0887283092054663
-6.17	17.26	1.0902012510498196
-6.17	16.03	1.0738541980242546
-6.17	14.8	1.0600925373564813
-6.17	13.57	1.0622421271788336
-6.17	12.34	1.0571253356211134
-6.17	11.1	1.0596133043144622
-6.17	9.87	1.0510048064628321
-6.17	8.64	1.059416067483771
-6.17	7.41	1.060332542636899
-6.17	6.17	1.050450192564638
-6.17	4.94	1.0566126294698088
-6.17	3.7	1.044488985050447
-6.17	2.47	1.0585289031225715
-6.17	1.23	1.058314338106943
-6.17	-0.0	1.0666559956958441
-6.17	-1.23	1.05710064747933
-6.17	-2.47	1.0768231558923025
-6.17	-3.7	1.076566918862544
-6.17	-4.94	1.0632271452785977
-6.17	-6.17	1.0724795454967508
-6.17	-7.41	1.0624576454584553
-6.17	-8.64	1.0562808642528412
-6.17	-9.87	1.0731330088197912
-6.17	-11.1	1.0658293733591053
-6.17	-12.34	1.0528490307796363
-6.17	-13.57	1.0471355029283094
-6.17	-14.8	1.063948830960867
-6.17	-16.03	1.0282352802061054
-6.17	-17.26	1.0363580201364906
-6.16	-18.49	1.0237147405510414
-6.16	-19.73	1.0181044452235293
-6.16	-20.96	1.019947475120061
-6.16	-22.18	1.0116491094900668
-6.16	-23.41	1.039451962844043
-6.16	-24.64	1.0411228465999294
-6.16	-25.87	1.0568810448241446
-6.16	-27.08	1.0765088038214685
-6.15	-28.31	1.092940835862948
-6.16	-29.55	1.0938802818595206
-6.16	-30.78	1.082802127178697
-6.15	-31.98	1.0043545474357192
-6.14	-33.16	0.8730734026031313
-6.13	-34.34	0.7645675021349465
-6.12	-35.48	0.7399616177124537
-6.09	-36.55	0.7879737113656605
-6.04	-37.42	0.7326637072008548
-4.84	-37.5	0.9032913852430302
-4.88	-36.58	0.7779788283461815
-4.9	-35.49	0.7267002592624124
-4.91	-34.35	0.7540248969249089
-4.91	-33.17	0.8976542748751529
-4.92	-31.99	1.014724549174479
-4.93	-30.78	1.0986271312804243
-4.92	-29.54	1.093264510688642
-4.92	-28.31	1.0887524147692387
-4.93	-27.09	1.0792105824091947
-4.93	-25.87	1.0648369366836816
-4.93	-24.64	1.046517789336431
-4.93	-23.41	1.0290088749227149
-4.93	-22.18	1.0178837064415736
-4.93	-20.96	1.0101539154645838
-4.93	-19.73	1.0114750412070206
-4.93	-18.5	1.033186219832966
-4.93	-17.26	1.0239882962310591
-4.93	-16.04	1.045355052247556
-4.93	-14.8	1.037240493106074
-4.93	-13.57	1.0747150816622315
-4.93	-12.34	1.0591312774120254
-4.94	-11.1	1.0657994582611412
-4.94	-9.87	1.0702317556998375
-4.94	-8.64	1.0690664549111095
-4.94	-7.41	1.076272607715454
-4.94	-6.17	1.0821099354521053
-4.94	-4.94	1.0696345962196498
-4.94	-3.7	1.0617384881326863
-4.94	-2.47	1.0841503690140293
-4.94	-1.24	1.0756759379315795
-4.94	0.0	1.0571405538327185
-4.94	1.24	1.0546367181085707
-4.94	2.47	1.0454234718426894
-4.94	3.7	1.0312123336843675
-4.94	4.94	1.0499505968086114
-4.94	6.17	1.0514139796107018
-4.94	7.41	1.0606198033123664
-4.94	8.64	1.0574480936584691
-4.94	9.87	1.0611041820628964
-4.94	11.1	1.048231864442287
-4.93	12.34	1.0562400332662771
-4.93	13.57	1.0784458782553237
-4.93	14.8	1.0849867386261147
-4.93	16.04	1.0904524003161709
-4.93	17.26	1.0814880839448553
-4.93	18.5	1.0875350928077643
-4.93	19.73	1.085849122169156
-4.93	20.96	1.0857121694840284
-4.93	22.18	1.0994566746550638
-4.93	23.41	1.0844433066904313
-4.93	24.64	1.0847665360379186
-4.93	25.87	1.077123040315335
-4.93	27.09	1.089231388764158
-4.92	28.31	1.0164028863130181
-4.92	29.54	0.9959988770715068
-4.93	30.78	0.9957088885718559
-4.92	31.99	0.8827561440203479
-4.91	33.17	0.784439773865205
-4.91	34.35	0.7181278735233761
-4.9	35.49	0.7274922101193699
-4.88	36.58	0.5945279545893756
-4.84	37.5	0.15773541401983784
-3.63	37.55	0.3684367673932106
-3.66	36.6	0.6510197349749847
-3.67	35.51	0.7302171754810147
-3.68	34.35	0.7379688303904032
-3.69	33.18	0.7939281594409773
-3.69	32.0	0.8991793731653901
-3.69	30.78	0.9939159489463687
-3.69	29.54	0.9898367396047091
-3.69	28.31	1.0343706634075638
-3.69	27.09	1.0829633756641106
-3.7	25.87	1.0902474572847516
-3.7	24.64	1.0816563099584282
-3.7	23.41	1.0921254790427826
-3.7	22.19	1.1022765530195113
-3.7	20.96	1.0904794279492125
-3.7	19.73	1.0853454380514966
-3.7	18.5	1.0807656168497883
-3.7	17.27	1.0737098116551418
-3.7	16.04	1.0762354563145262
-3.7	14.8	1.071718760889347
-3.7	13.57	1.073504302609196
-3.7	12.34	1.0614414602228255
-3.7	11.11	1.0552202744988668
-3.7	9.88	1.0577790151073378
-3.7	8.64	1.0577790049305302
-3.7	7.41	1.0430178346939825
-3.7	6.17	1.0409933015720163
-3.7	4.94	1.0374252496172744
-3.71	3.71	1.037730645665851
-3.7	2.47	1.0419380445976723
-3.7	1.23	1.0628805716861784
-3.7	-0.0	1.0750019811512803
-3.7	-1.23	1.0714361734503672
-3.7	-2.47	1.0681163574952128
-3.71	-3.71	1.0715624824875787
-3.7	-4.94	1.078558728399202
-3.7	-6.17	1.0847821049540356
-3.7	-7.41	1.0804957532795392
-3.7	-8.64	1.0673620843223548
-3.7	-9.88	1.074868457337549
-3.7	-11.11	1.0526982920176806
-3.7	-12.34	1.0521271189734522
-3.7	-13.57	1.051421347454513
-3.7	-14.8	1.0408701252026031
-3.7	-16.04	1.0564853593392178
-3.7	-17.27	1.0354946415321742
-3.7	-18.5	1.0191011573089694
-3.7	-19.73	1.031145456499996
-3.7	-20.96	1.0246354652331808
-3.7	-22.19	1.0072685090780404
-3.7	-23.41	1.021419272115293
-3.7	-24.64	1.0444296477057227
-3.7	-25.87	1.0642902572981412
-3.69	-27.09	1.0718989234826533
-3.69	-28.31	1.0823297452394154
-3.69	-29.54	1.0975755282062254
-3.69	-30.78	1.0945856975437005
-3.69	-32.0	1.019119401167455
-3.69	-33.18	0.904346056805826
-3.68	-34.35	0.7856830230276387
-3.67	-35.51	0.7017815719500143
-3.66	-36.6	0.8175646641181578
-3.63	-37.55	0.7437355579076693
-2.42	-37.58	0.9089570753460336
-2.44	-36.61	0.8063185457581032
-2.45	-35.52	0.7142082182130935
-2.45	-34.36	0.7955269101099021
-2.46	-33.18	0.9211266748170273
-2.46	-32.0	1.0348450541886893
-2.46	-30.78	1.1004869979461023
-2.46	-29.54	1.0848834679465478
-2.46	-28.31	1.0892272064110777
-2.46	-27.09	1.0615018598451307
-2.46	-25.87	1.0521180326984823
-2.46	-24.64	1.038705898555663
-2.46	-23.41	1.0382781243388843
-2.47	-22.19	1.0230746712992431
-2.47	-20.96	1.002798224565872
-2.47	-19.73	1.022944765925883
-2.47	-18.5	1.0162440920256173
-2.47	-17.27	1.0328236125669987
-2.47	-16.04	1.0447760084954227
-2.47	-14.8	1.0482982115675887
-2.47	-13.57	1.0580983839053795
-2.47	-12.34	1.0584413356451814
-2.47	-11.11	1.0591768125504386
-2.47	-9.88	1.062196745198121
-2.47	-8.64	1.075369353309504
-2.47	-7.41	1.0758074218199645
-2.47	-6.17	1.082983652946883
-2.47	-4.94	1.0867413420932082
-2.47	-3.7	1.0908633806672745
-2.47	-2.47	1.0831212029023987
-2.47	-1.24	1.0797331028387127
-2.47	0.0	1.0618372457091327
-2.47	1.24	1.0463447614383283
-2.47	2.47	1.0369480879922728
-2.47	3.7	1.0388969974867683
-2.47	4.94	1.034766816318109
-2.47	6.17	1.0426434246609555
-2.47	7.41	1.0510104029184164
-2.47	8.64	1.0536623560211158
-2.47	9.88	1.066977425452353
-2.47	11.11	1.0438869061589064
-2.47	12.34	1.0564540269280334
-2.47	13.57	1.0631627200246874
-2.47	14.8	1.0784094176537913
-2.47	16.04	1.0826418311424961
-2.47	17.27	1.0814407206360213
-2.47	18.5	1.0878827681843068
-2.47	19.73	1.099889453835223
-2.47	20.96	1.0941838318492578
-2.47	22.19	1.0921979196665563
-2.46	23.41	1.093105664794184
-2.46	24.64	1.0858997651779232
-2.46	25.87	1.084941413172488
-2.46	27.09	1.095997382655398
-2.46	28.31	1.0334044124869928
-2.46	29.54	0.9894558108232169
-2.46	30.78	1.0057766195155662
-2.46	32.0	0.9113661357945557
-2.46	33.18	0.7945524035250081
-2.45	34.36	0.7257684317697863
-2.45	35.52	0.7357662289930678
-2.44	36.61	0.65733002431773
-2.42	37.58	0.2836975039486908
-1.21	37.6	0.28208200961200514
-1.22	36.62	0.6586071624017713
-1.22	35.52	0.7271292462816294
-1.23	34.36	0.7288458240359584
-1.23	33.18	0.8086053560433847
-1.23	32.0	0.9065383639991144
-1.23	30.78	0.9948953739607004
-1.23	29.54	0.9966677090293226
-1.23	28.31	1.0359052268044149
-1.23	27.09	1.0803927419873645
-1.23	25.87	1.0815181813694843
-1.23	24.64	1.073677521124149
-1.23	23.41	1.0875533909009545
-1.23	22.19	1.1154785639542186
-1.23	20.96	1.0922477281006213
-1.23	19.73	1.0865239522329853
-1.23	18.5	1.0938599312723296
-1.23	17.27	1.090148267239266
-1.23	16.04	1.0802666563847863
-1.23	14.8	1.076993490606435
-1.23	13.57	1.0701014375833322
-1.23	12.34	1.0665453683745747
-1.23	11.11	1.0508956445323525
-1.23	9.88	1.0624993011263406
-1.23	8.64	1.0515218817772312
-1.23	7.41	1.0419362864839148
-1.23	6.17	1.0403141925689388
-1.24	4.94	1.0225640178148554
-1.23	3.7	1.0312873771771582
-1.24	2.47	1.0342684266717215
-1.24	1.24	1.0424438942571486
-1.24	-0.0	1.061849444486252
-1.24	-1.24	1.084445657337221
-1.24	-2.47	1.072022999195458
-1.23	-3.7	1.0773716405608582
-1.24	-4.94	1.0836425611577487
-1.23	-6.17	1.0829581148908045
-1.23	-7.41	1.077080846053809
-1.23	-8.64	1.0659062902918666
-1.23	-9.88	1.0736911431786162
-1.23	-11.11	1.064160111297992
-1.23	-12.34	1.062761964812964
-1.23	-13.57	1.0562506827214722
-1.23	-14.8	1.049804503361998
-1.23	-16.04	1.0495887599743254
-1.23	-17.27	1.029857061264597
-1.23	-18.5	1.0270278958206929
-1.23	-19.73	1.0338502227751982
-1.23	-20.96	1.0298047691807564
-1.23	-22.19	1.0109661433190409
-1.23	-23.41	1.0188209566133744
-1.23	-24.64	1.0379262939194578
-1.23	-25.87	1.0479708544532385
-1.23	-27.09	1.0767609739086135
-1.23	-28.31	1.084676941782199
-1.23	-29.54	1.1011717258212395
-1.23	-30.78	1.1006041870058647
-1.23	-32.0	1.0609506597153466
-1.23	-33.18	0.9333568801040752
-1.23	-34.36	0.8120895652936564
-1.22	-35.52	0.7162048787182087
-1.22	-36.62	0.8252114650301664
-1.21	-37.6	1.0253794614879272
0.0	-37.6	0.8288720189293983
0.0	-36.62	0.8360872996730937
0.0	-35.52	0.6898419680452839
0.0	-34.36	0.8154342067668037
0.0	-33.19	0.9370371624470749
0.0	-32.0	1.0469099529686825
0.0	-30.78	1.1047465332813737
0.0	-29.54	1.0915979678814007
0.0	-28.31	1.0858009391728873
0.0	-27.09	1.060507659245012
0.0	-25.87	1.0447823925601916
0.0	-24.64	1.032190160568205
0.0	-23.41	1.0215535764809704
0.0	-22.19	1.0105634927697156
0.0	-20.96	1.0181569902836776
0.0	-19.73	1.0284929173018182
0.0	-18.5	1.0222869671469808
0.0	-17.27	1.038723966735232
0.0	-16.04	1.0406260456236933
0.0	-14.8	1.0506076997623817
0.0	-13.57	1.0736920854635745
0.0	-12.34	1.0476173857380084
0.0	-11.11	1.067983339268939
0.0	-9.88	1.0671689452560797
0.0	-8.64	1.0674623987292313
0.0	-7.41	1.0819461970482835
0.0	-6.17	1.0846442617051428
0.0	-4.94	1.0995317752996243
0.0	-3.7	1.081180816932588
0.0	-2.47	1.0869318517115376
0.0	-1.24	1.07384498042361
0.0	0.0	1.0473711853538181
0.0	1.24	1.040480898361303
0.0	2.47	1.0361449842894566
0.0	3.7	1.031022655492137
0.0	4.94	1.0244671772510079
0.0	6.17	1.0433490680605888
0.0	7.41	1.0492557898589725
0.0	8.64	1.0516663717544765
0.0	9.88	1.063571917268502
0.0	11.11	1.0590448226337354
0.0	12.34	1.0569606564384215
0.0	13.57	1.0723425239639752
0.0	14.8	1.074686803578476
0.0	16.04	1.0769969568555415
0.0	17.27	1.0902956084280642
0.0	18.5	1.0909105431164783
0.0	19.73	1.1018596338482034
0.0	20.96	1.0930339262526008
0.0	22.19	1.0970800845549764
0.0	23.41	1.102683941990193
0.0	24.64	1.080937124407477
0.0	25.87	1.086963545404208
0.0	27.09	1.0842912859021032
0.0	28.31	1.0292293194007847
0.0	29.54	1.0040547045048869
0.0	30.78	1.0001062981752726
0.0	32.0	0.9027680874053383
0.0	33.19	0.8222994374937039
0.0	34.36	0.7374446672369964
0.0	35.52	0.7362641363200724
0.0	36.62	0.668647831990981
0.0	37.6	0.3038018157577189
1.21	37.6	0.32434463567983324
1.22	36.62	0.6696554007697475
1.22	35.52	0.7342825759830358
1.23	34.36	0.7396390080728746
1.23	33.18	0.809484896697788
1.23	32.0	0.9036623186136292
1.23	30.78	1.010431830178906
1.23	29.54	1.0033118414677797
1.23	28.31	1.0381204667029937
1.23	27.09	1.0940299752275358
1.23	25.87	1.0806930501039496
1.23	24.64	1.0888564108930845
1.23	23.41	1.0935518040916188
1.23	22.19	1.1086118132988512
1.23	20.96	1.0975874106008467
1.23	19.73	1.0928212173132943
1.23	18.5	1.08883940359117
1.23	17.27	1.0776788399414092
1.23	16.04	1.085948768429447
1.23	14.8	1.0772015236513408
1.23	13.57	1.0736671247359701
1.23	12.34	1.052566965198145
1.23	11.11	1.0496407287420306
1.23	9.88	1.0611702751045053
1.23	8.64	1.0570361441883838
1.23	7.41	1.0487218046631268
1.23	6.17	1.0380761086988768
1.24	4.94	1.0183665880408503
1.23	3.7	1.0242466914888777
1.24	2.47	1.0219377580337852
1.24	1.24	1.0289472639048305
1.24	-0.0	1.0504488417859308
1.24	-1.24	1.0815872402430315
1.24	-2.47	1.0905905339379018
1.23	-3.7	1.0917967471015921
1.24	-4.94	1.0686080338754964
1.23	-6.17	1.0798054506568562
1.23	-7.41	1.0782766323921842
1.23	-8.64	1.0676426784798196
1.23	-9.88	1.065901164037596
1.23	-11.11	1.0655023801597812
1.23	-12.34	1.0578994201702232
1.23	-13.57	1.0638026726793537
1.23	-14.8	1.0433158266980995
1.23	-16.04	1.0431992828660295
1.23	-17.27	1.0357972061209115
1.23	-18.5	1.037280779031014
1.23	-19.73	1.0305725533730092
1.23	-20.96	1.0161463746239712
1.23	-22.19	1.02334051984718
1.23	-23.41	1.0185479332892438
1.23	-24.64	1.0456656935852033
1.23	-25.87	1.0604267473903124
1.23	-27.09	1.0858660843064414
1.23	-28.31	1.088425013014415
1.23	-29.54	1.0929330575300784
1.23	-30.78	1.1018331508705745
1.23	-32.0	1.048886662995749
1.23	-33.18	0.9260491275194892
1.23	-34.36	0.797439579227139
1.22	-35.52	0.7141056479069108
1.22	-36.62	0.8267324855428614
1.21	-37.6	1.0152747762610275
2.42	-37.58	0.9612820218338847
2.44	-36.61	0.8291557886132531
2.45	-35.52	0.7153439533858184
2.45	-34.36	0.8121460721392415
2.46	-33.18	0.9343353063332307
2.46	-32.0	1.0422070021598313
2.46	-30.78	1.1059442967714355
2.46	-29.54	1.1099727491801443
2.46	-28.31	1.0814199255257464
2.46	-27.09	1.0673725747596345
2.46	-25.87	1.053559534467107
2.46	-24.64	1.0449855667381454
2.46	-23.41	1.020431274153156
2.47	-22.19	1.0174497768990356
2.47	-20.96	1.026437660522622
2.47	-19.73	1.0251866444410525
2.47	-18.5	1.0287843422520295
2.47	-17.27	1.0443349500706836
2.47	-16.04	1.0362052308819987
2.47	-14.8	1.054294345910845
2.47	-13.57	1.058324125118241
2.47	-12.34	1.0605589339177937
2.47	-11.11	1.0706499502582107
2.47	-9.88	1.0690163801649708
2.47	-8.64	1.0695698269322302
2.47	-7.41	1.0795573247282435
2.47	-6.17	1.0865877674563378
2.47	-4.94	1.0915679037645545
2.47	-3.7	1.0819086415574644
2.47	-2.47	1.080502077421425
2.47	-1.24	1.0653261455895726
2.47	0.0	1.0610138810191103
2.47	1.24	1.0383554745937478
2.47	2.47	1.0424934669615977
2.47	3.7	1.0330455218128287
2.47	4.94	1.0386250995033293
2.47	6.17	1.0477742274957134
2.47	7.41	1.049577018154513
2.47	8.64	1.0511765016814745
2.47	9.88	1.0615959620383262
2.47	11.11	1.050040902734895
2.47	12.34	1.059427717037527
2.47	13.57	1.0666491392516988
2.47	14.8	1.0703471426500946
2.47	16.04	1.0881312423593108
2.47	17.27	1.0799935761486823
2.47	18.5	1.0925060341192847
2.47	19.73	1.0845435809896475
2.47	20.96	1.0864086396766035
2.47	22.19	1.107456033318988
2.46	23.41	1.0880272359578946
2.46	24.64	1.0878077237039097
2.46	25.87	1.0910001847199677
2.46	27.09	1.096244871154536
2.46	28.31	1.0303769788354122
2.46	29.54	1.0084409552960651
2.46	30.78	1.008064820044984
2.46	32.0	0.9040427085629483
2.46	33.18	0.8088104566884008
2.45	34.36	0.7249597182566675
2.45	35.52	0.7298317180156338
2.44	36.61	0.6495737337861021
2.42	37.58	0.2972588268872001
3.63	37.55	0.5283782657051197
3.66	36.6	0.6438693303931599
3.67	35.51	0.7458337562600799
3.68	34.35	0.729632153272555
3.69	33.18	0.814513071928007
3.69	32.0	0.8877729084495779
3.69	30.78	1.0078689153708142
3.69	29.54	0.9998130154680201
3.69	28.31	1.0264597225925272
3.69	27.09	1.0910014338290872
3.7	25.87	1.0866749113509837
3.7	24.64	1.0883570998707053
3.7	23.41	1.089892497092779
3.7	22.19	1.1075478730692443
3.7	20.96	1.106049041021245
3.7	19.73	1.0937660799123623
3.7	18.5	1.089696167506531
3.7	17.27	1.0770583184919544
3.7	16.04	1.074477640714999
3.7	14.8	1.0742976215124473
3.7	13.57	1.0740677436674493
3.7	12.34	1.0578718639830524
3.7	11.11	1.0553718082437216
3.7	9.88	1.062003511926959
3.7	8.64	1.060556787003318
3.7	7.41	1.0586162783415658
3.7	6.17	1.0381557988594494
3.7	4.94	1.0434606328976204
3.71	3.71	1.043549341514207
3.7	2.47	1.0338348930042736
3.7	1.23	1.0427944263026883
3.7	-0.0	1.0592434000123059
3.7	-1.23	1.0706621754512304
3.7	-2.47	1.0816991740157742
3.71	-3.71	1.0819180373585329
3.7	-4.94	1.0805373910385048
3.7	-6.17	1.0846947033348866
3.7	-7.41	1.0762194245384311
3.7	-8.64	1.081502364738406
3.7	-9.88	1.0629927542388338
3.7	-11.11	1.0570164427630324
3.7	-12.34	1.0595570798618121
3.7	-13.57	1.0471834511560472
3.7	-14.8	1.0547960118014652
3.7	-16.04	1.0366902903673851
3.7	-17.27	1.0366186549711118
3.7	-18.5	1.0379672778310174
3.7	-19.73	1.0142198675800507
3.7	-20.96	1.0214752150377733
3.7	-22.19	1.0284244842525678
3.7	-23.41	1.0251523676029386
3.7	-24.64	1.0437563523349807
3.7	-25.87	1.0594196750598965
3.69	-27.09	1.0732605343191004
3.69	-28.31	1.0918918619307585
3.69	-29.54	1.1058323959122798
3.69	-30.78	1.0981040603519339
3.69	-32.0	1.027959186679849
3.69	-33.18	0.9276823683674384
3.68	-34.35	0.8089226523215326
3.67	-35.51	0.7444204147914506
3.66	-36.6	0.832828587587027
3.63	-37.55	0.9386683094750307
4.84	-37.5	0.9250839618977938
4.88	-36.58	0.8021896732155561
4.9	-35.49	0.7396992827222821
4.91	-34.35	0.8011704639688564
4.91	-33.17	0.9027273561183982
4.92	-31.99	1.0396908971457957
4.93	-30.78	1.0963306061728704
4.92	-29.54	1.0934348154017006
4.92	-28.31	1.090085908136829
4.93	-27.09	1.0820926372717499
4.93	-25.87	1.0367638843883953
4.93	-24.64	1.0537177821567696
4.93	-23.41	1.0369147968722405
4.93	-22.18	1.0322171096735953
4.93	-20.96	1.0181861335607256
4.93	-19.73	1.0279095218238545
4.93	-18.5	1.031481431241535
4.93	-17.26	1.0392967804685105
4.93	-16.04	1.041998180799923
4.93	-14.8	1.0486887184735503
4.93	-13.57	1.0605298956513871
4.93	-12.34	1.055572275293108
4.94	-11.1	1.06195647760972
4.94	-9.87	1.0588127477722717
4.94	-8.64	1.0585318772838994
4.94	-7.41	1.059112861086317
4.94	-6.17	1.0818484965185424
4.94	-4.94	1.0809963670107883
4.94	-3.7	1.0728237903578899
4.94	-2.47	1.0789315620579505
4.94	-1.24	1.0777174485741001
4.94	0.0	1.058243370353317
4.94	1.24	1.057959061750346
4.94	2.47	1.044057191885932
4.94	3.7	1.0449629851459352
4.94	4.94	1.045036479195799
4.94	6.17	1.0580411427516898
4.94	7.41	1.068314273387161
4.94	8.64	1.0622991022716055
4.94	9.87	1.0683661449382704
4.94	11.1	1.069878744661611
4.93	12.34	1.0777827278029322
4.93	13.57	0.9909250382804983
4.93	14.8	1.0805263771605134
4.93	16.04	1.0702906625233108
4.93	17.26	1.090255183505093
4.93	18.5	1.0942927030226184
4.93	19.73	1.0948143243235753
4.93	20.96	1.1052271463265282
4.93	22.18	1.0991642847991296
4.93	23.41	1.0890244103133255
4.93	24.64	1.1025293644211922
4.93	25.87	1.0957603317825386
4.93	27.09	1.095384809964646
4.92	28.31	1.03939844289977
4.92	29.54	1.0078154946706324
4.93	30.78	1.0105134041074866
4.92	31.99	0.8769442002980963
4.91	33.17	0.7867183935472085
4.91	34.35	0.7377987546854783
4.9	35.49	0.7350512678863227
4.88	36.58	0.6357689659711102
4.84	37.5	0.38562383528061844
6.04	37.42	1.0841443022224084
6.09	36.55	0.5780644657135026
6.12	35.48	0.7454842651359941
6.13	34.34	0.7123815943939099
6.14	33.16	0.7884495877042282
6.15	31.98	0.8830641227328404
6.16	30.78	0.9917463224777454
6.16	29.55	1.0203019510964983
6.15	28.31	1.0204010619381014
6.16	27.08	1.068160817069529
6.16	25.87	1.0973361697973696
6.16	24.64	1.1006670799386125
6.16	23.41	1.0955468132489636
6.16	22.18	1.0982172261424852
6.16	20.96	1.09771921477723
6.16	19.73	1.0868470107999402
6.16	18.49	1.0989716724099436
6.17	17.26	1.1060436429530633
6.17	16.03	1.0851522057148264
6.17	14.8	1.0907676892835683
6.17	13.57	1.081889538900118
6.17	12.34	1.0742535211183064
6.17	11.1	1.06696513254941
6.17	9.87	1.069189859440499
6.17	8.64	1.0589173078694274
6.17	7.41	1.0626567934999986
6.17	6.17	1.0573712709605856
6.17	4.94	1.05390581874977
6.17	3.7	1.0513520354484205
6.17	2.47	1.0619210804334054
6.17	1.23	1.0574850616243903
6.17	-0.0	1.0652155126200562
6.17	-1.23	1.0668104690166247
6.17	-2.47	1.07737139042466
6.17	-3.7	1.0745182888592562
6.17	-4.94	1.0836312774021646
6.17	-6.17	1.0823707624279575
6.17	-7.41	1.0519146115155837
6.17	-8.64	1.0679099477607241
6.17	-9.87	1.0737844568662605
6.17	-11.1	1.0639969003122223
6.17	-12.34	1.0599564761397446
6.17	-13.57	1.0575407112440485
6.17	-14.8	1.0489920389483347
6.17	-16.03	1.0400785835926032
6.17	-17.26	1.0327290272053917
6.16	-18.49	1.0265486016090846
6.16	-19.73	1.0067486268824686
6.16	-20.96	1.0140196001989752
6.16	-22.18	1.0298416965862198
6.16	-23.41	1.0324842962040532
6.16	-24.64	1.0614999242617198
6.16	-25.87	1.0642470190246627
6.16	-27.08	1.080241219948135
6.15	-28.31	1.084271474119067
6.16	-29.55	1.105697661606011
6.16	-30.78	1.0970561736554583
6.15	-31.98	1.0172998015077963
6.14	-33.16	0.9034565635929789
6.13	-34.34	0.7980926989397472
6.12	-35.48	0.7642744763783559
6.09	-36.55	0.8451149358887583
6.04	-37.42	0.8438058908315745
7.22	-37.3	0.7264324459405243
7.3	-36.51	0.8285535569044377
7.34	-35.46	0.7860619423992774
7.36	-34.33	0.7846736937874036
7.37	-33.15	0.8928796643574642
7.38	-31.97	0.9963829302133048
7.39	-30.78	1.0655770148736137
7.39	-29.55	1.0900643684397449
7.38	-28.31	1.1025870796497825
7.39	-27.08	1.0894431754601352
7.39	-25.86	1.0648498598418605
7.39	-24.64	1.0551116268473164
7.39	-23.41	1.0377587721510197
7.39	-22.18	1.0234568868527942
7.4	-20.95	1.0325336774968523
7.4	-19.73	1.0360803109911576
7.4	-18.49	1.0303348080500963
7.4	-17.26	1.0327273237036592
7.4	-16.03	1.045904941973928
7.4	-14.8	1.043900885672223
7.4	-13.57	1.0621837919518078
7.4	-12.34	1.062146613551486
7.4	-11.1	1.0586136207358399
7.4	-9.87	1.059115346345784
7.4	-8.64	1.072540085959756
7.41	-7.41	1.084897006487977
7.41	-6.17	1.0680425974831396
7.41	-4.94	1.063944846717253
7.41	-3.7	1.0692848652282396
7.41	-2.47	1.0637535811164145
7.41	-1.23	1.0602663424090264
7.41	0.0	1.061165591480509
7.41	1.23	1.0584325245809494
7.41	2.47	1.0608324188782918
7.41	3.7	1.0562077955739717
7.41	4.94	1.0532446110379032
7.41	6.17	1.068963118736367
7.41	7.41	1.066484132620221
7.4	8.64	1.0586415531322824
7.4	9.87	1.06517470944639
7.4	11.1	1.0770436525007965
7.4	12.34	1.0656638127611013
7.4	13.57	1.0706704113104049
7.4	14.8	1.0806486303568232
7.4	16.03	1.0961504190665916
7.4	17.26	1.0841111677270618
7.4	18.49	1.0878526855731314
7.4	19.73	1.1008693201914304
7.4	20.95	1.0993427077583902
7.39	22.18	1.094774406191004
7.39	23.41	1.0865162264204236
7.39	24.64	1.0979673600001993
7.39	25.86	1.092376076254789
7.39	27.08	1.0541652537051605
7.38	28.31	1.0130339383136915
7.39	29.55	1.024654174107342
7.39	30.78	0.9735416614408666
7.38	31.97	0.8587800127862534
7.37	33.15	0.7627953961649337
7.36	34.33	0.728402491002261
7.34	35.46	0.7287690864395869
7.3	36.51	0.4980192056109977
7.22	37.3	0.9819174634414446
8.51	36.45	0.44307835876545104
8.55	35.43	0.7194874152732822
8.58	34.31	0.7407881625029112
8.59	33.14	0.7667911625768207
8.6	31.96	0.832910381950432
8.62	30.77	0.9415839720934429
8.62	29.55	1.030333811750375
8.62	28.31	1.002567921919753
8.62	27.08	1.023153856243593
8.62	25.86	1.092662943574775
8.62	24.64	1.088695999662299
8.62	23.41	1.085189477801667
8.62	22.18	1.0953642554991092
8.63	20.95	1.1035804258506066
8.63	19.72	1.1007909441006911
8.63	18.49	1.0896204824063884
8.63	17.26	1.1032104521233483
8.63	16.03	1.0931718477908954
8.63	14.8	1.0816323950177744
8.64	13.57	1.0912961635271705
8.64	12.34	1.0790994096579327
8.64	11.1	1.0711183671576128
8.64	9.87	1.0673231151359956
8.64	8.64	1.0686082587783596
8.64	7.4	1.0607149300731626
8.64	6.17	1.0673858725570389
8.64	4.94	1.0618062045262007
8.64	3.7	1.0602656282828267
8.64	2.47	1.0632904031415678
8.64	1.23	1.0625746190203211
8.64	-0.0	1.0618906531773407
8.64	-1.23	1.0735102508200594
8.64	-2.47	1.0665262450264323
8.64	-3.7	1.0744356832547195
8.64	-4.94	1.0664303097119794
8.64	-6.17	1.0721679038970424
8.64	-7.4	1.0808085500734697
8.64	-8.64	1.0594332861266145
8.64	-9.87	1.0644971507858507
8.64	-11.1	1.0627746268055862
8.64	-12.34	1.066676839647088
8.64	-13.57	1.0530423388977108
8.63	-14.8	1.055437438861658
8.63	-16.03	1.0474572384499024
8.63	-17.26	1.0319251899061619
8.63	-18.49	1.0335241387076926
8.63	-19.72	1.028903768447016
8.63	-20.95	1.0315544212738792
8.62	-22.18	1.03870477682838
8.62	-23.41	1.0598743290641894
8.62	-24.64	1.0643802222829877
8.62	-25.86	1.0585899188908454
8.62	-27.08	1.0690090294786023
8.62	-28.31	1.0978928599883873
8.62	-29.55	1.1106711056242424
8.62	-30.77	1.0506740546817155
8.6	-31.96	0.9842867342452121
8.59	-33.14	0.8721896410227424
8.58	-34.31	0.776389911695986
8.55	-35.43	0.8458780473942346
8.51	-36.45	0.7994033709562864
9.7	-36.37	0.7448512158172924
9.76	-35.39	0.8566085062176285
9.8	-34.29	0.7645743654495282
9.82	-33.13	0.8622133561995412
9.83	-31.95	0.9555778270155189
9.84	-30.76	1.0201128254859388
9.85	-29.55	1.0908649822738876
9.85	-28.31	1.1001360703026757
9.85	-27.08	1.0842657746191784
9.85	-25.85	1.0809875857086533
9.85	-24.63	1.0606467867673306
9.86	-23.41	1.0600766886576263
9.86	-22.18	1.0470230604521538
9.86	-20.95	1.0350820851127431
9.86	-19.72	1.0324264049885454
9.86	-18.49	1.0317877934766744
9.86	-17.26	1.0362212731668425
9.86	-16.03	1.045886230944832
9.87	-14.8	1.060131792494128
9.87	-13.57	1.0510650849971812
9.87	-12.34	1.044357948378662
9.87	-11.1	1.0417992737838588
9.87	-9.87	1.0712221397750568
9.87	-8.64	1.064475114202088
9.87	-7.4	1.0706496544296873
9.87	-6.17	1.0705542347785992
9.87	-4.94	1.069403994141305
9.88	-3.7	1.079547279051289
9.88	-2.47	1.0599162582711545
9.88	-1.23	1.0596002860560045
9.88	0.0	1.071888023328495
9.88	1.23	1.0638086076152828
9.88	2.47	1.0630159551856178
9.88	3.7	1.0668445427549575
9.87	4.94	1.0615253363403017
9.87	6.17	1.0659227094853847
9.87	7.4	1.0679573873884476
9.87	8.64	1.0700979547904328
9.87	9.87	1.078649985320428
9.87	11.1	1.0779229371043026
9.87	12.34	1.0819591436732978
9.87	13.57	1.0869186623901952
9.87	14.8	1.0906347955331193
9.86	16.03	1.1021695503110347
9.86	17.26	1.0968066128330698
9.86	18.49	1.106392334800761
9.86	19.72	1.107354075897971
9.86	20.95	1.1135455779882413
9.86	22.18	1.096075636085116
9.86	23.41	1.1071081562230065
9.85	24.63	1.0871204535967067
9.85	25.85	1.082695392371423
9.85	27.08	1.0319477774594468
9.85	28.31	1.0054697783711337
9.85	29.55	1.0061721377912005
9.84	30.76	0.9046472962309399
9.83	31.95	0.8217061999020829
9.82	33.13	0.7464743397697013
9.8	34.29	0.7495804226932048
9.76	35.39	0.6755735213482325
9.7	36.37	0.3066013205548074
10.88	36.26	0.13411800162031792
10.97	35.34	0.5971655958725052
11.01	34.26	0.7461724824423424
11.04	33.11	0.7309385595894211
11.05	31.93	0.7881664592795623
11.07	30.75	0.8804763299975098
11.08	29.55	0.9926947643830389
11.08	28.32	1.023335192329665
11.08	27.08	1.0134541034392655
11.08	25.85	1.044348938777302
11.08	24.63	1.0934756213555905
11.09	23.41	1.08070215411722
11.09	22.18	1.0840847578312867
11.09	20.95	1.0884346971538714
11.09	19.72	1.0994262630202016
11.1	18.49	1.105382932979215
11.1	17.26	1.0940619182026445
11.1	16.03	1.087336140026935
11.1	14.8	1.0838366513083098
11.1	13.57	1.0796688623026087
11.1	12.34	1.0741596887645106
11.1	11.1	1.067639419076215
11.1	9.87	1.0689773329404295
11.1	8.64	1.072053163439648
11.1	7.4	1.0684768402905032
11.1	6.17	1.0569131763120128
11.1	4.94	1.0587969944478364
11.11	3.7	1.0681730265760425
11.11	2.47	1.0625879697412115
11.11	1.23	1.06699733439301
11.11	-0.0	1.0578156666573704
11.11	-1.23	1.063917082824334
11.11	-2.47	1.0571758924230925
11.11	-3.7	1.059568220771204
11.1	-4.94	1.059608481011268
11.1	-6.17	1.062948915528683
11.1	-7.4	1.0657165702364506
11.1	-8.64	1.0642534364783602
11.1	-9.87	1.0544515715360498
11.1	-11.1	1.0579546832098243
11.1	-12.34	1.0636606097781425
11.1	-13.57	1.0412210557691761
11.1	-14.8	1.039288784515849
11.1	-16.03	1.0387147584070966
11.1	-17.26	1.0328215465328079
11.1	-18.49	1.0360224859306586
11.09	-19.72	1.0295773152712007
11.09	-20.95	1.0520243669880651
11.09	-22.18	1.050051155540411
11.09	-23.41	1.056462748033552
11.08	-24.63	1.0639107959105438
11.08	-25.85	1.0835244393120622
11.08	-27.08	1.1025677330788397
11.08	-28.32	1.102585510292024
11.08	-29.55	1.0885999111605127
11.07	-30.75	1.0151865133671425
11.05	-31.93	0.9351359961136303
11.04	-33.11	0.8546989783154352
11.01	-34.26	0.7853965710260558
10.97	-35.34	0.868947181482819
10.88	-36.26	0.9643907370547297
12.02	-36.05	0.7610487325913845
12.16	-35.27	0.7728790544362342
12.22	-34.22	0.8260486402375309
12.25	-33.09	0.8236818043410012
12.27	-31.91	0.9042557732678566
12.29	-30.73	0.9718436796701477
12.31	-29.54	1.043673802236219
12.31	-28.32	1.0968909288601667
12.31	-27.08	1.0974952994928062
12.31	-25.85	1.0800324046184708
12.31	-24.63	1.0705311485239444
12.32	-23.4	1.053112722191914
12.32	-22.18	1.0547101327661295
12.32	-20.94	1.0423455566100883
12.32	-19.72	1.0317525590367902
12.33	-18.49	1.0304575400779354
12.33	-17.26	1.0413025290307143
12.33	-16.03	1.0491485051092775
12.33	-14.8	1.0484498465803644
12.33	-13.56	1.0524004258271615
12.33	-12.33	1.0527236853881572
12.34	-11.1	1.0517986058625504
12.34	-9.87	1.0540472205481353
12.34	-8.64	1.0750012117420704
12.34	-7.4	1.0639010540415952
12.34	-6.17	1.06522957459562
12.34	-4.93	1.0528029252090438
12.34	-3.7	1.0521449781999725
12.34	-2.47	1.0596853474289947
12.34	-1.23	1.0495923352810628
12.34	0.0	1.0581662621322014
12.34	1.23	1.0645116739249376
12.34	2.47	1.0596638660711117
12.34	3.7	1.068170553104648
12.34	4.93	1.071242222178071
12.34	6.17	1.061415675665279
12.34	7.4	1.0736104560145145
12.34	8.64	1.0806809988628558
12.34	9.87	1.0619560480044778
12.34	11.1	1.0801240009845088
12.33	12.33	1.0792103664214985
12.33	13.56	1.0733036210540896
12.33	14.8	1.0824890728417944
12.33	16.03	1.0994915361095383
12.33	17.26	1.1026174425849902
12.33	18.49	1.083136100723404
12.32	19.72	1.0893430174967345
12.32	20.94	1.0972914450861417
12.32	22.18	1.0871602911691962
12.32	23.4	1.0859483582609875
12.31	24.63	1.0723683463514182
12.31	25.85	1.0429883598669563
12.31	27.08	1.0064953107876577
12.31	28.32	1.0222957076430574
12.31	29.54	0.9429512675239982
12.29	30.73	0.8546444509802463
12.27	31.91	0.7526146289034822
12.25	33.09	0.71921794162745
12.22	34.22	0.713295961113922
12.16	35.27	0.48009932291272067
12.02	36.05	1.0221824025041522
13.34	35.17	0.37240219367307587
13.42	34.17	0.6691634802643645
13.47	33.06	0.7398041173092552
13.49	31.9	0.7250467382063336
13.51	30.71	0.8213853956369608
13.53	29.53	0.8957819806314731
13.54	28.32	0.9975521196133256
13.54	27.08	1.0257191807608743
13.54	25.85	1.0192114906396859
13.54	24.62	1.050078581072773
13.55	23.4	1.090555960591499
13.55	22.17	1.0856027691469738
13.55	20.94	1.0745447629128917
13.55	19.71	1.0870344177864073
13.56	18.49	1.0957360529904367
13.56	17.26	1.1010324102503337
13.56	16.03	1.085620812286156
13.56	14.8	1.070485540044957
13.56	13.56	1.086655574638334
13.56	12.33	1.0814911092219637
13.57	11.1	1.0696751745841533
13.57	9.87	1.0759387698869316
13.57	8.64	1.0765356788245286
13.57	7.4	1.066620020274669
13.57	6.17	1.0724440527027101
13.57	4.93	1.071684080263564
13.57	3.7	1.0635584689462325
13.57	2.47	1.0668643227540635
13.57	1.23	1.0640235479452438
13.57	-0.0	1.055383123482254
13.57	-1.23	1.0607438319456017
13.57	-2.47	1.058747178552913
13.57	-3.7	1.0671935693359251
13.57	-4.93	1.0627888835378125
13.57	-6.17	1.0725061581656028
13.57	-7.4	1.0531972997844845
13.57	-8.64	1.061583276970217
13.57	-9.87	1.0648546398877974
13.57	-11.1	1.0506296045538135
13.56	-12.33	1.040215351250343
13.56	-13.56	1.0440064654527534
13.56	-14.8	1.0453892075218134
13.56	-16.03	1.0331648882491098
13.56	-17.26	1.0349274762895255
13.56	-18.49	1.0399203025037975
13.55	-19.71	1.0413602606588863
13.55	-20.94	1.0494606557736683
13.55	-22.17	1.0631633438985264
13.55	-23.4	1.0699999191425411
13.54	-24.62	1.0859982888844004
13.54	-25.85	1.0956625611261073
13.54	-27.08	1.1176986794510486
13.54	-28.32	1.0927598466979864
13.53	-29.53	1.019688519747809
13.51	-30.71	0.9616326914458824
13.49	-31.9	0.8905946733770782
13.47	-33.06	0.8057947677800437
13.42	-34.17	0.8848190865816781
13.34	-35.17	0.8104436634515013
14.49	-35.02	0.952793135704306
14.62	-34.1	0.8760577658181145
14.67	-33.02	0.8212046563759537
14.71	-31.87	0.8622095928141353
14.73	-30.69	0.9361238893659917
14.75	-29.51	1.0042087930250252
14.77	-28.31	1.062854294950747
14.78	-27.09	1.0926789255534515
14.77	-25.85	1.0946419545842545
14.77	-24.62	1.0830641748934005
14.77	-23.39	1.083603511528921
14.78	-22.17	1.0721935817638903
14.78	-20.94	1.0603800492970994
14.78	-19.71	1.0545161393041675
14.79	-18.48	1.0462797627064326
14.79	-17.25	1.0446526665930675
14.79	-16.03	1.031702710537279
14.79	-14.79	1.0594623484381418
14.8	-13.56	1.0397588437563836
14.8	-12.33	1.0498344933387436
14.8	-11.1	1.0570738780268774
14.8	-9.87	1.0425316266717788
14.8	-8.63	1.0659219829287345
14.8	-7.4	1.0622369157531735
14.8	-6.17	1.0559887014914193
14.8	-4.93	1.0588252865794936
14.8	-3.7	1.0565978370128049
14.8	-2.47	1.0481650454584803
14.8	-1.23	1.0604519069208962
14.8	0.0	1.0646106480405149
14.8	1.23	1.0601992079618119
14.8	2.47	1.0583977169539582
14.8	3.7	1.0650875556583712
14.8	4.93	1.0755016621053548
14.8	6.17	1.0727477933971392
14.8	7.4	1.0615511666894666
14.8	8.63	1.0499964897784433
14.8	9.87	1.076941092961758
14.8	11.1	1.0711292555560807
14.8	12.33	1.0826542140445332
14.8	13.56	1.0795223768604036
14.79	14.79	1.09203061876808
14.79	16.03	1.093248831295793
14.79	17.25	1.0980418492148458
14.79	18.48	1.0927059427564294
14.78	19.71	1.0997303803630953
14.78	20.94	1.0826087163820064
14.78	22.17	1.0835594494298966
14.77	23.39	1.0877918601562624
14.77	24.62	1.0491804244439513
14.77	25.85	1.0239091489631356
14.78	27.09	1.0312179040384006
14.77	28.31	0.9558076904573753
14.75	29.51	0.8720582863684547
14.73	30.69	0.7810735084331042
14.71	31.87	0.7353868280214577
14.67	33.02	0.7308821572228271
14.62	34.1	0.5842882780338262
14.49	35.02	0.5543975408668882
15.79	34.0	0.44015244064501785
15.87	32.97	0.7010732267623989
15.92	31.84	0.7294696582058505
15.95	30.67	0.7587239320643911
15.97	29.48	0.8339747171742076
15.99	28.3	0.917451502504364
16.01	27.09	1.0003046947409624
16.01	25.85	1.02958263403616
16.0	24.62	1.033147589291349
16.0	23.39	1.0488259330273648
16.01	22.16	1.0867642350060578
16.01	20.94	1.072193544555991
16.02	19.71	1.088350382199376
16.02	18.48	1.091302767059911
16.02	17.25	1.1073512871752758
16.02	16.02	1.097889638307032
16.03	14.79	1.0913753759951104
16.03	13.56	1.0883084556384248
16.03	12.33	1.0833204344208118
16.03	11.1	1.0867195821168638
16.03	9.86	1.086702682514977
16.03	8.63	1.0720845846426987
16.03	7.4	1.0742764832344533
16.03	6.17	1.0697476624056488
16.04	4.93	1.0543007157141682
16.04	3.7	1.0596392458135235
16.04	2.47	1.052927610356532
16.04	1.23	1.0726798054701228
16.04	-0.0	1.070852268079108
16.04	-1.23	1.062555160826142
16.04	-2.47	1.063975927164274
16.04	-3.7	1.0618220274734287
16.04	-4.93	1.0618457564461536
16.03	-6.17	1.0661545998672408
16.03	-7.4	1.0551926678452657
16.03	-8.63	1.0427521136777849
16.03	-9.86	1.0447223891417547
16.03	-11.1	1.0381656934753427
16.03	-12.33	1.0523710687508707
16.03	-13.56	1.0461318956620498
16.03	-14.79	1.0497278498550955
16.02	-16.02	1.0459989563890524
16.02	-17.25	1.0547200883250005
16.02	-18.48	1.0442416658354354
16.02	-19.71	1.0628429225594087
16.01	-20.94	1.0700874604175044
16.01	-22.16	1.0832017598205461
16.0	-23.39	1.078808014353008
16.0	-24.62	1.0980834299154665
16.01	-25.85	1.0967178863593599
16.01	-27.09	1.0860521792518734
15.99	-28.3	1.030614714408692
15.97	-29.48	0.9747355613899876
15.95	-30.67	0.9390986637406052
15.92	-31.84	0.8492998115322031
15.87	-32.97	0.8928919813092455
15.79	-34.0	0.8626598576750292
16.92	-33.85	0.8482579798405728
17.06	-32.9	0.9121581388365022
17.12	-31.8	0.8541676253094623
17.16	-30.65	0.9042118679947739
17.19	-29.46	0.9595267052554268
17.21	-28.27	1.003521848549209
17.23	-27.08	1.040756064512066
17.24	-25.86	1.0976495398327342
17.23	-24.62	1.0937223793904767
17.23	-23.38	1.0834151261794505
17.23	-22.16	1.08660862179288
17.24	-20.93	1.0726162979830787
17.25	-19.71	1.0727843967096842
17.25	-18.48	1.054982793359362
17.25	-17.25	1.0564292335245755
17.25	-16.02	1.0428926937103216
17.25	-14.79	1.0563069496053126
17.26	-13.56	1.045222473468126
17.26	-12.33	1.05141096355905
17.26	-11.1	1.04571948481797
17.26	-9.86	1.0452806236494752
17.26	-8.63	1.0538139903803712
17.26	-7.4	1.0497062054944695
17.26	-6.17	1.0602698522073817
17.26	-4.93	1.0584716136563608
17.27	-3.7	1.0584350805376836
17.27	-2.47	1.0492239964586614
17.27	-1.23	1.0601646426610656
17.27	0.0	1.0587063458449437
17.27	1.23	1.0658176379302877
17.27	2.47	1.0693424924633377
17.27	3.7	1.060813388194749
17.26	4.93	1.0707703398631627
17.26	6.17	1.0716656362040888
17.26	7.4	1.0688083740862706
17.26	8.63	1.0624180903796536
17.26	9.86	1.07205336502774
17.26	11.1	1.0816139298003609
17.26	12.33	1.07903527207717
17.26	13.56	1.0923124020248844
17.25	14.79	1.0905268084248667
17.25	16.02	1.0901424911524376
17.25	17.25	1.097837947126572
17.25	18.48	1.0947779902485013
17.25	19.71	1.076669643320288
17.24	20.93	1.0688175851995043
17.23	22.16	1.0720189921945715
17.23	23.38	1.0296617842438838
17.23	24.62	1.0146624784813703
17.24	25.86	1.026260241634056
17.23	27.08	0.933284737605145
17.21	28.27	0.8720185005685939
17.19	29.46	0.7840307597263751
17.16	30.65	0.7244374100583753
17.12	31.8	0.7547798618901974
17.06	32.9	0.6202452150088333
16.92	33.85	0.39975791948440076
18.21	32.78	0.45731791517888776
18.31	31.74	0.7062869740518878
18.37	30.61	0.7341938849774421
18.4	29.44	0.7245967629958848
18.42	28.25	0.8178337111167094
18.45	27.06	0.8974279465824812
18.47	25.85	0.9652947137587198
18.47	24.63	1.0238609187228753
18.46	23.39	1.030769680307176
18.46	22.15	1.0415208185465352
18.47	20.93	1.0790392562212117
18.47	19.7	1.073677691087369
18.48	18.48	1.079509229397054
18.48	17.25	1.0850587477691656
18.48	16.02	1.088244377076206
18.48	14.79	1.07372377886858
18.49	13.56	1.0851652515391734
18.49	12.33	1.0898232181804455
18.49	11.1	1.0826236531133615
18.49	9.86	1.0842183070593743
18.49	8.63	1.0730957362494782
18.49	7.4	1.073446605468186
18.49	6.16	1.0715562438667503
18.5	4.93	1.0687430796651451
18.5	3.7	1.0723767126004824
18.5	2.47	1.0760675087016967
18.5	1.23	1.0704391706663678
18.5	-0.0	1.0663013144416782
18.5	-1.23	1.069644030231887
18.5	-2.47	1.057727089461926
18.5	-3.7	1.0726925837848407
18.5	-4.93	1.0629383758174018
18.49	-6.16	1.0585799274036312
18.49	-7.4	1.0619670871346014
18.49	-8.63	1.060860960689151
18.49	-9.86	1.0462527840349234
18.49	-11.1	1.042958202761263
18.49	-12.33	1.0429633198134032
18.49	-13.56	1.048230586728632
18.48	-14.79	1.0474372634589728
18.48	-16.02	1.0560678080732842
18.48	-17.25	1.0469371558751972
18.48	-18.48	1.0601311190817875
18.47	-19.7	1.0738722685691204
18.47	-20.93	1.0669593401017314
18.46	-22.15	1.0762900467092504
18.46	-23.39	1.1015510193233162
18.47	-24.63	1.0896105118840045
18.47	-25.85	1.069509391009068
18.45	-27.06	1.0241860601502537
18.42	-28.25	0.9885829926876386
18.4	-29.44	0.9518691135024561
18.37	-30.61	0.876105272872519
18.31	-31.74	0.9166562578237539
18.21	-32.78	0.7859392807804794
19.32	-32.6	0.6464212400768496
19.48	-31.66	0.9227963308993273
19.56	-30.56	0.8966671955967948
19.61	-29.41	0.9291394256067623
19.63	-28.22	0.9889572922596092
19.66	-27.03	1.0095494972678405
19.68	-25.84	1.0384764105227742
19.7	-24.62	1.06037605070201
19.7	-23.39	1.0819338824703764
19.69	-22.16	1.0974362725620277
19.69	-20.92	1.0764320588772716
19.7	-19.7	1.0728015857611992
19.7	-18.47	1.0691699768851786
19.71	-17.25	1.0597426144370117
19.71	-16.02	1.0613860547332277
19.71	-14.78	1.050342010954442
19.71	-13.55	1.0524737247855256
19.72	-12.32	1.0498936410138815
19.72	-11.09	1.0579868663221583
19.72	-9.86	1.0457154564818605
19.72	-8.63	1.0526229828564073
19.73	-7.4	1.0562001832767942
19.73	-6.16	1.0531394836315096
19.73	-4.93	1.0612881510962051
19.73	-3.7	1.0610717800419738
19.73	-2.47	1.0575314310089174
19.73	-1.23	1.0624391672503715
19.73	0.0	1.0517799269274855
19.73	1.23	1.068546336931449
19.73	2.47	1.0589059484405299
19.73	3.7	1.0756097451588285
19.73	4.93	1.0800554265193103
19.73	6.16	1.0727138508893002
19.73	7.4	1.0630815781031693
19.72	8.63	1.0674497380433425
19.72	9.86	1.091302714164425
19.72	11.09	1.0866563781540275
19.72	12.32	1.0865650876947843
19.71	13.55	1.0781678003057755
19.71	14.78	1.0786500828642658
19.71	16.02	1.0829756258814829
19.71	17.25	1.069549950783899
19.7	18.47	1.0908895492422124
19.7	19.7	1.0813600987026957
19.69	20.92	1.0538643835693169
19.69	22.16	1.0415913914030785
19.7	23.39	1.0322458714176141
19.7	24.62	0.9898622184299407
19.68	25.84	0.9243891645800411
19.66	27.03	0.8486434813367406
19.63	28.22	0.762867188433427
19.61	29.41	0.7270424415641814
19.56	30.56	0.7254058711087039
19.48	31.66	0.6036716885105708
19.32	32.6	0.234131543479809
20.61	31.52	0.4668558686279769
20.73	30.49	0.6756072856274077
20.8	29.36	0.7320544772967799
20.84	28.2	0.7233815820531502
20.87	27.01	0.7937395801074051
20.89	25.81	0.8892997811904702
20.92	24.61	0.9343597661640288
20.93	23.39	0.9918320477990074
20.93	22.16	1.0167419054968296
20.92	20.92	1.0396722887954486
20.92	19.69	1.0776566930371734
20.93	18.47	1.079472101171168
20.93	17.24	1.0798682682707124
20.94	16.01	1.0728263992949176
20.94	14.78	1.0837953164318066
20.94	13.55	1.0772311772449905
20.94	12.32	1.075591186248434
20.95	11.09	1.0768610232891058
20.95	9.86	1.0798959607547327
20.95	8.63	1.0762394195774194
20.95	7.4	1.0724993943737107
20.96	6.16	1.0781163868061387
20.96	4.93	1.0752413270582835
20.96	3.7	1.0621590751927128
20.96	2.47	1.067844696219628
20.96	1.23	1.0671131440882322
20.96	-0.0	1.073191818100531
20.96	-1.23	1.0662470910684192
20.96	-2.47	1.067449012095762
20.96	-3.7	1.0556243429635657
20.96	-4.93	1.0441901401751514
20.96	-6.16	1.0555317956256662
20.95	-7.4	1.0635980870147577
20.95	-8.63	1.0531511017872648
20.95	-9.86	1.0605447754568684
20.95	-11.09	1.0547305080670424
20.94	-12.32	1.0592987736905084
20.94	-13.55	1.0626451690581689
20.94	-14.78	1.053667403711847
20.94	-16.01	1.0699013642436126
20.93	-17.24	1.0751664582456046
20.93	-18.47	1.0791146648291392
20.92	-19.69	1.0836072980527074
20.92	-20.92	1.1003326980092152
20.93	-22.16	1.0962738613710132
20.93	-23.39	1.0903562529667583
20.92	-24.61	1.057186163458583
20.89	-25.81	1.0238568673486823
20.87	-27.01	0.987427629923498
20.84	-28.2	0.9713109348441901
20.8	-29.36	0.9115434085338343
20.73	-30.49	0.9535186567630047
20.61	-31.52	0.7942581116731948
21.63	-31.24	0.8998880541175013
21.87	-30.38	0.8762494959016103
21.97	-29.3	0.9611652217909958
22.04	-28.16	0.9392979487910929
22.07	-26.98	0.9996612031123475
22.1	-25.78	1.007659008644175
22.13	-24.59	1.0372635737633076
22.15	-23.38	1.0523991270973614
22.16	-22.16	1.0816137376897434
22.16	-20.93	1.0856430968219655
22.16	-19.69	1.0848835367820933
22.15	-18.46	1.0868538920448676
22.16	-17.23	1.085482138100357
22.16	-16.01	1.0723606620500719
22.17	-14.78	1.0712626507409855
22.17	-13.55	1.0649128685474278
22.18	-12.32	1.0571749517136217
22.18	-11.09	1.0698339597130004
22.18	-9.86	1.0589794959467889
22.18	-8.62	1.0698294156720078
22.18	-7.39	1.059897371367411
22.18	-6.16	1.0611398070426548
22.18	-4.93	1.0569492914113372
22.19	-3.7	1.0616929038003597
22.19	-2.47	1.0680880286567136
22.19	-1.23	1.0770494529927541
22.19	0.0	1.0680624151721383
22.19	1.23	1.0662692283440862
22.19	2.47	1.0697636660011716
22.19	3.7	1.0566578297062623
22.18	4.93	1.077340388710913
22.18	6.16	1.074642004764087
22.18	7.39	1.0719915650284637
22.18	8.62	1.0744153553061044
22.18	9.86	1.064129000558538
22.18	11.09	1.0681144265667408
22.18	12.32	1.0757701857149085
22.17	13.55	1.0714709944484995
22.17	14.78	1.0739126632732954
22.16	16.01	1.0842649680708292
22.16	17.23	1.0701172188266832
22.15	18.46	1.0615341776810032
22.16	19.69	1.0394445177905038
22.16	20.93	1.0193523231988826
22.16	22.16	0.994149388302147
22.15	23.38	0.9416021503775914
22.13	24.59	0.8941713905194097
22.1	25.78	0.8163945921042457
22.07	26.98	0.7382606016861587
22.04	28.16	0.7267429434883702
21.97	29.3	0.6866539525227456
21.87	30.38	0.5080886421476964
21.63	31.24	1.0465834054713596
22.94	30.18	0.3364526124822879
23.12	29.2	0.5884535097318347
23.21	28.1	0.7006997604104691
23.27	26.94	0.7249506951092073
23.31	25.76	0.7409242890857258
23.33	24.56	0.8142286887180514
23.36	23.36	0.9090444135321746
23.38	22.15	0.9534645584173135
23.39	20.93	0.9923127214383208
23.39	19.7	1.0173088250599776
23.39	18.46	1.0461620442964157
23.38	17.23	1.0668043497983446
23.39	16.0	1.0698916910193965
23.39	14.77	1.0611839691291964
23.4	13.55	1.0710949378859453
23.4	12.32	1.0730267264758373
23.41	11.09	1.0701493936721762
23.41	9.86	1.0773348871506934
23.41	8.62	1.0571835450585885
23.41	7.39	1.0542286559333742
23.41	6.16	1.0500511312360035
23.41	4.93	1.0667453397049478
23.41	3.7	1.0745255770159774
23.41	2.46	1.0674786047605052
23.41	1.23	1.0747402751634063
23.41	-0.0	1.0696795303309967
23.41	-1.23	1.061009923651469
23.41	-2.46	1.0701160206937823
23.41	-3.7	1.059729383498007
23.41	-4.93	1.072935167261972
23.41	-6.16	1.0729526064331574
23.41	-7.39	1.0704744106686255
23.41	-8.62	1.0742378990929722
23.41	-9.86	1.0663252393878329
23.41	-11.09	1.065296714920238
23.4	-12.32	1.0692269347036474
23.4	-13.55	1.0658254113033343
23.39	-14.77	1.0693747353702239
23.39	-16.0	1.0824339714936189
23.38	-17.23	1.0933931010181364
23.39	-18.46	1.0961734144257427
23.39	-19.7	1.0962140761795454
23.39	-20.93	1.0735024968892377
23.38	-22.15	1.0549784748141149
23.36	-23.36	1.037182015436699
23.33	-24.56	1.0309131648648708
23.31	-25.76	1.015256396219441
23.27	-26.94	0.9761158093923634
23.21	-28.1	0.9692174513162536
23.12	-29.2	0.9578941297610204
22.94	-30.18	0.7202255360559431
24.2	-29.04	0.7883408042303343
24.36	-28.01	0.9889239140639239
24.44	-26.89	0.9837827780079985
24.5	-25.72	0.9976220605852517
24.53	-24.53	1.0186999572090618
24.56	-23.33	1.0277665933891709
24.59	-22.13	1.038075670263696
24.61	-20.92	1.0488250719413017
24.62	-19.7	1.0704829166884489
24.63	-18.47	1.0886578905836488
24.62	-17.23	1.0873074805644036
24.62	-16.0	1.088029021515842
24.62	-14.77	1.0896778169546497
24.62	-13.54	1.075197183072023
24.63	-12.31	1.0789913920076035
24.63	-11.08	1.0763272020125385
24.63	-9.85	1.0677197880990494
24.64	-8.62	1.073507513744772
24.64	-7.39	1.0826551922046679
24.64	-6.16	1.0883610786608893
24.64	-4.93	1.0923246241724809
24.64	-3.7	1.0962367413845069
24.64	-2.46	1.084813126490501
24.64	-1.23	1.0895424445964312
24.64	0.0	1.0718615458423189
24.64	1.23	1.073218595892658
24.64	2.46	1.0638335435459443
24.64	3.7	1.0616283366444919
24.64	4.93	1.0693696566520852
24.64	6.16	1.054658073193164
24.64	7.39	1.067658486422954
24.64	8.62	1.065521838713358
24.63	9.85	1.061983670357897
24.63	11.08	1.068527703789596
24.63	12.31	1.060396225877036
24.62	13.54	1.0773437255333906
24.62	14.77	1.0636022767027582
24.62	16.0	1.0632918239550277
24.62	17.23	1.0438300030752945
24.63	18.47	1.0239362219317216
24.62	19.7	0.9972330435012362
24.61	20.92	0.9516963224375677
24.59	22.13	0.8991298826445073
24.56	23.33	0.8335322208438307
24.53	24.53	0.7576165007458106
24.5	25.72	0.7200922613624289
24.44	26.89	0.7087146413009527
24.36	28.01	0.6354830757659415
24.2	29.04	0.44179994334351286
25.43	27.86	0.45075823306047946
25.59	26.8	0.6525552492953811
25.67	25.67	0.6988751865709201
25.72	24.5	0.7353433147364357
25.76	23.31	0.7565463880131702
25.78	22.1	0.8324484671233494
25.81	20.89	0.896072575613424
25.84	19.68	0.9348073529418383
25.85	18.47	0.9766890814548331
25.86	17.24	1.0173796541779698
25.85	16.01	1.0290242298843288
25.85	14.77	1.0530021792514888
25.85	13.54	1.0659800282473522
25.85	12.31	1.0692788240746773
25.85	11.08	1.074635363836832
25.85	9.85	1.0655750227979564
25.86	8.62	1.0695931137507995
25.86	7.39	1.0655241439452818
25.87	6.16	1.0628334855737178
25.87	4.93	1.0583126169840018
25.87	3.7	1.0667280146112283
25.87	2.46	1.0683896903944945
25.87	1.23	1.0742800257538245
25.87	-0.0	1.0753291284137172
25.87	-1.23	1.0754372953029523
25.87	-2.46	1.0863786566573688
25.87	-3.7	1.0853305851950195
25.87	-4.93	1.0801749351384808
25.87	-6.16	1.07342873060036
25.86	-7.39	1.0707602190651084
25.86	-8.62	1.0796041714925406
25.85	-9.85	1.0683802169087346
25.85	-11.08	1.0750772565480293
25.85	-12.31	1.0839893458487417
25.85	-13.54	1.0801338344717089
25.85	-14.77	1.0941371479293691
25.85	-16.01	1.0867720429323204
25.86	-17.24	1.0822939155113969
25.85	-18.47	1.0731057475199153
25.84	-19.68	1.0559914634234902
25.81	-20.89	1.04578588658062
25.78	-22.1	1.051244560557018
25.76	-23.31	1.045497294810072
25.72	-24.5	1.0155472599724669
25.67	-25.67	1.0072637558341178
25.59	-26.8	1.0194207887672013
25.43	-27.86	0.8952708331896692
26.65	-26.65	0.9344169065120878
26.8	-25.59	1.0332913884020316
26.89	-24.44	1.0417879230622908
26.94	-23.27	1.0338755671083528
26.98	-22.07	1.0550954688154468
27.01	-20.87	1.0669139875890348
27.03	-19.66	1.0589809721240766
27.06	-18.45	1.0568359243562397
27.08	-17.23	1.07090106443263
27.09	-16.01	1.066605194923672
27.09	-14.78	1.0763490744221034
27.08	-13.54	1.0820752856467866
27.08	-12.31	1.0864126672527388
27.08	-11.08	1.081000530842455
27.08	-9.85	1.0784035920422281
27.08	-8.62	1.0723567336685491
27.08	-7.39	1.0727424051974643
27.08	-6.16	1.0758820081784763
27.09	-4.93	1.0644652188424333
27.09	-3.69	1.0643023382470747
27.09	-2.46	1.073859640108776
27.09	-1.23	1.0830046735654226
27.09	0.0	1.0824399158533524
27.09	1.23	1.073383533785909
27.09	2.46	1.0721138356118631
27.09	3.69	1.0809373466080725
27.09	4.93	1.0686529606989776
27.08	6.16	1.0566229279948702
27.08	7.39	1.0646664575507356
27.08	8.62	1.0667953452183532
27.08	9.85	1.0552383564592593
27.08	11.08	1.0524663173764588
27.08	12.31	1.0702028809553168
27.08	13.54	1.0493128714548592
27.09	14.78	1.0187697926956485
27.09	16.01	0.9944819146840044
27.08	17.23	0.963464838826271
27.06	18.45	0.9354800135219024
27.03	19.66	0.8931412636313598
27.01	20.87	0.802347134887486
26.98	22.07	0.7588912153205192
26.94	23.27	0.735497452919041
26.89	24.44	0.7195047535760578
26.8	25.59	0.6530066464951865
26.65	26.65	0.4664421884939123
27.86	25.43	0.47690540335345794
28.01	24.36	0.647904387410483
28.1	23.21	0.6978611912826255
28.16	22.04	0.7464622757486526
28.2	20.84	0.7327597624087857
28.22	19.63	0.7916598788567527
28.25	18.42	0.8635764155372662
28.27	17.21	0.9129175454224959
28.3	15.99	0.9564592649896683
28.31	14.77	0.9847605473390021
28.32	13.54	1.0084904890895225
28.32	12.31	1.0155958419029703
28.32	11.08	1.0374919158789113
28.31	9.85	1.0421475775835323
28.31	8.62	1.0666647789708517
28.31	7.38	1.0638398582645545
28.31	6.15	1.062860779216415
28.31	4.92	1.0667077336301098
28.31	3.69	1.0560457643330836
28.31	2.46	1.061679128948647
28.31	1.23	1.079979517369641
28.31	-0.0	1.0653491785083702
28.31	-1.23	1.0705556011593418
28.31	-2.46	1.0819071568953034
28.31	-3.69	1.0752140340530927
28.31	-4.92	1.0752493691161065
28.31	-6.15	1.0803162526667403
28.31	-7.38	1.06979736672474
28.31	-8.62	1.0798921690090115
28.31	-9.85	1.0826666654238768
28.32	-11.08	1.0766091651813392
28.32	-12.31	1.0717692593723147
28.32	-13.54	1.070232468444394
28.31	-14.77	1.0709681996909932
28.3	-15.99	1.058912012892012
28.27	-17.21	1.061267239056587
28.25	-18.42	1.0711820167513606
28.22	-19.63	1.0848040805994166
28.2	-20.84	1.0726299917548041
28.16	-22.04	1.0496089811859668
28.1	-23.21	1.048161311584245
28.01	-24.36	1.0556606171731089
27.86	-25.43	0.9512909713666358
29.04	-24.2	0.9489181549346426
29.2	-23.12	1.0634085010852343
29.3	-21.97	1.0672620972820985
29.36	-20.8	1.0726331670674383
29.41	-19.61	1.0753362097605157
29.44	-18.4	1.090506020451033
29.46	-17.19	1.0740858334977206
29.48	-15.97	1.068373625252976
29.51	-14.75	1.0661729433046494
29.53	-13.53	1.0625988003384403
29.54	-12.31	1.063714704408473
29.55	-11.08	1.0747449194140066
29.55	-9.85	1.064637641943865
29.55	-8.62	1.0790057628019465
29.55	-7.39	1.0669908567904955
29.55	-6.16	1.0615385360005407
29.54	-4.92	1.0649948341689195
29.54	-3.69	1.0632181955012578
29.54	-2.46	1.0678742380389104
29.54	-1.23	1.0625429878780297
29.54	0.0	1.0632490472883274
29.54	1.23	1.0632451988937413
29.54	2.46	1.046558796394113
29.54	3.69	1.0553109755902812
29.54	4.92	1.0579202294483938
29.55	6.16	1.0480026796094448
29.55	7.39	1.042153818574163
29.55	8.62	1.0312464426975905
29.55	9.85	1.0328055870596249
29.55	11.08	0.9954374467836437
29.54	12.31	0.9806469989338711
29.53	13.53	0.9709503789082804
29.51	14.75	0.9398690526402703
29.48	15.97	0.913225255102022
29.46	17.19	0.8437112720677598
29.44	18.4	0.7768801769764352
29.41	19.61	0.7457689983146071
29.36	20.8	0.7300161431374597
29.3	21.97	0.7034033661554069
29.2	23.12	0.6216971243269808
29.04	24.2	0.3915706219592861
30.18	22.94	0.3824494911743328
30.38	21.87	0.5714946910719552
30.49	20.73	0.6865903432686706
30.56	19.56	0.7230479410001527
30.61	18.37	0.7440217041467501
30.65	17.16	0.7601979850400519
30.67	15.95	0.8166756377517725
30.69	14.73	0.8772113950338559
30.71	13.51	0.9316487154085865
30.73	12.29	0.9548043494878111
30.75	11.07	0.9690952227104952
30.76	9.84	0.9980970438901107
30.77	8.62	1.0039454350845192
30.78	7.39	1.0072721552485933
30.78	6.16	1.0169894033383637
30.78	4.93	1.0386913694030644
30.78	3.69	1.0381757642991924
30.78	2.46	1.0346583156978573
30.78	1.23	1.048881909609238
30.78	-0.0	1.0513731490568803
30.78	-1.23	1.0513335973804794
30.78	-2.46	1.0669871690336634
30.78	-3.69	1.0501475353817673
30.78	-4.93	1.0547812692412524
30.78	-6.16	1.0607895469948254
30.78	-7.39	1.0590772765057768
30.77	-8.62	1.052782777452808
30.76	-9.84	1.0563192790899976
30.75	-11.07	1.0459160132761138
30.73	-12.29	1.0750408681054577
30.71	-13.51	1.0787479618320228
30.69	-14.73	1.0719992973648205
30.67	-15.95	1.091222259315129
30.65	-17.16	1.0901773417999023
30.61	-18.37	1.0787688307547778
30.56	-19.56	1.0781248379363608
30.49	-20.73	1.085877849598089
30.38	-21.87	1.065667623754323
30.18	-22.94	0.9065119932044123
31.24	-21.63	0.782689686889487
31.52	-20.61	1.0288183560080377
31.66	-19.48	1.0764225577115998
31.74	-18.31	1.089472086961997
31.8	-17.12	1.0866362390689643
31.84	-15.92	1.0738249684751722
31.87	-14.71	1.0927029334421903
31.9	-13.49	1.0821387705138985
31.91	-12.27	1.0848262046677477
31.93	-11.05	1.064177636905993
31.95	-9.83	1.0630058458672964
31.96	-8.6	1.0510774632857744
31.97	-7.38	1.048492684130327
31.98	-6.15	1.0415868409876443
31.99	-4.92	1.0367209381164584
32.0	-3.69	1.0341266360096968
32.0	-2.46	1.025474710490064
32.0	-1.23	1.0175058449080543
32.0	0.0	1.0355388534394883
32.0	1.23	1.0384992011575673
32.0	2.46	1.020398046619648
32.0	3.69	1.0140189526077503
31.99	4.92	1.0138515226804532
31.98	6.15	0.9897675142660146
31.97	7.38	0.984528957490124
31.96	8.6	0.9700456279901898
31.95	9.83	0.9429137936873982
31.93	11.05	0.9041569097836673
31.91	12.27	0.8836593900879093
31.9	13.49	0.802222386750673
31.87	14.71	0.7596040082744653
31.84	15.92	0.7473197405154297
31.8	17.12	0.7215896113486031
31.74	18.31	0.6997774768053617
31.66	19.48	0.6479681464264784
31.52	20.61	0.4950944646233169
31.24	21.63	0.44748734452771466
32.6	19.32	0.43095744232885774
32.78	18.21	0.5630935107476107
32.9	17.06	0.6710005883599803
32.97	15.87	0.7013782772675533
33.02	14.67	0.7049656408244483
33.06	13.47	0.7396438120096381
33.09	12.25	0.7666774099066802
33.11	11.04	0.7979624355662982
33.13	9.82	0.8533080904100541
33.14	8.59	0.9015824791799897
33.15	7.37	0.9224252204384867
33.16	6.14	0.9635884291385513
33.17	4.91	0.9758106174365686
33.18	3.69	0.9948080322206336
33.18	2.46	1.014791411891864
33.18	1.23	1.0259077423799552
33.19	-0.0	1.0311936158071753
33.18	-1.23	1.0288743053955516
33.18	-2.46	1.0443537869494663
33.18	-3.69	1.0473626254102337
33.17	-4.91	1.0497907817458858
33.16	-6.14	1.0661267389058933
33.15	-7.37	1.075598213158423
33.14	-8.59	1.0655557122335775
33.13	-9.82	1.0782373374094962
33.11	-11.04	1.083186809207211
33.09	-12.25	1.094405075953792
33.06	-13.47	1.0777716163577638
33.02	-14.67	1.085266079751044
32.97	-15.87	1.0782431511677297
32.9	-17.06	1.0619417001250557
32.78	-18.21	1.0334515535985886
32.6	-19.32	0.8865442062124331
33.85	-16.92	0.8547761595843342
34.0	-15.79	0.9738188674336112
34.1	-14.62	1.0099475847779602
34.17	-13.42	1.0385403439298464
34.22	-12.22	1.0495927921468482
34.26	-11.01	1.0639088867574904
34.29	-9.8	1.0692199138652936
34.31	-8.58	1.0552114471151843
34.33	-7.36	1.0574008072706402
34.34	-6.13	1.060241018003504
34.35	-4.91	1.053121214879561
34.35	-3.68	1.0364802785554221
34.36	-2.45	1.0447860144128363
34.36	-1.23	1.0091852859044874
34.36	0.0	1.0133771892873773
34.36	1.23	0.9828134769559846
34.36	2.45	0.9565636225476416
34.35	3.68	0.932880355835801
34.35	4.91	0.9019460091792516
34.34	6.13	0.8615538156985391
34.33	7.36	0.8182542537420975
34.31	8.58	0.7807323415800492
34.29	9.8	0.7568231595858055
34.26	11.01	0.7216636460919825
34.22	12.22	0.7020656952589218
34.17	13.42	0.7117024423562058
34.1	14.62	0.7044011124416161
34.0	15.79	0.6114137589909104
33.85	16.92	0.5004939944302641
35.02	14.49	0.5174380218155186
35.17	13.34	0.5853568961165505
35.27	12.16	0.6936478777553107
35.34	10.97	0.7214716488763514
35.39	9.76	0.7228843208090227
35.43	8.55	0.7275081002340802
35.46	7.34	0.740493781022907
35.48	6.12	0.759786705448268
35.49	4.9	0.7937559107006662
35.51	3.67	0.8192918214074767
35.52	2.45	0.8395354951977285
35.52	1.22	0.8750515844805388
35.52	-0.0	0.9010077292015817
35.52	-1.22	0.9268674235663139
35.52	-2.45	0.9440674424485115
35.51	-3.67	0.9656802291157405
35.49	-4.9	0.9768954886322587
35.48	-6.12	0.9843917822865744
35.46	-7.34	0.9817893407786356
35.43	-8.55	0.960775402430331
35.39	-9.76	0.9278902613742545
35.34	-10.97	0.9057696488725419
35.27	-12.16	0.9045781760057898
35.17	-13.34	0.8593845671226955
35.02	-14.49	0.7379458797969518
36.05	-12.02	0.6175230718102235
36.26	-10.88	0.7146738383497917
36.37	-9.7	0.768685858607954
36.45	-8.51	0.7951749435112037
36.51	-7.3	0.809512825084212
36.55	-6.09	0.8041931795526273
36.58	-4.88	0.8050100273353712
36.6	-3.66	0.7881263236152282
36.61	-2.44	0.7927363230322881
36.62	-1.22	0.7795697657280278
36.62	0.0	0.7729593696466915
36.62	1.22	0.7539444497711769
36.61	2.44	0.7543908079683722
36.6	3.66	0.7414067241423271
36.58	4.88	0.7355131593542231
36.55	6.09	0.7435500034526767
36.51	7.3	0.7320339971382707
36.45	8.51	0.715319265086321
36.37	9.7	0.6606854468879949
36.26	10.88	0.5737173836056724
36.05	12.02	0.49365780708529067
37.3	7.22	0.6322685290734987
37.42	6.04	0.6971191998825665
37.5	4.84	0.6931878575927656
37.55	3.63	0.7254707004576576
37.58	2.42	0.7433027899038844
37.6	1.21	0.747390417781035
37.6	-0.0	0.7393426171972237
37.6	-1.21	0.7469512107574154
37.58	-2.42	0.7450994537694678
37.55	-3.63	0.7304125893228014
37.5	-4.84	0.7242527302648808
37.42	-6.04	0.7018083924945322
37.3	-7.22	0.683335636088139
