-37.3	-7.22	0.5750166683112079
-37.42	-6.04	0.6251755241528469
-37.5	-4.84	0.660913944873333
-37.55	-3.63	0.6772261114127641
-37.58	-2.42	0.693078727067526
-37.6	-1.21	0.6996175855402851
-37.6	0.0	0.6989228423137201
-37.6	1.21	0.697509325871321
-37.58	2.42	0.7098990014139296
-37.55	3.63	0.6920652769649053
-37.5	4.84	0.681525647815846
-37.42	6.04	0.6822503806894774
-37.3	7.22	0.6479980823558966
-36.05	12.02	0.5080035004621044
-36.26	10.88	0.5734504586424986
-36.37	9.7	0.6344490287963361
-36.45	8.51	0.6827738901491164
-36.51	7.3	0.6940069738498547
-36.55	6.09	0.701977684357033
-36.58	4.88	0.7088525229915607
-36.6	3.66	0.7065671292556424
-36.61	2.44	0.7185281660697821
-36.62	1.22	0.7251742587104867
-36.62	-0.0	0.7456923344703505
-36.62	-1.22	0.7447315531286285
-36.61	-2.44	0.7530999677153832
-36.6	-3.66	0.7522151413889915
-36.58	-4.88	0.754827744058444
-36.55	-6.09	0.7767949278424935
-36.51	-7.3	0.7608557855006756
-36.45	-8.51	0.7456539875465754
-36.37	-9.7	0.6821163325381443
-36.26	-10.88	0.5979895140840903
-36.05	-12.02	0.46285223182684454
-35.02	-14.49	0.5710329166308042
-35.17	-13.34	0.771077145159007
-35.27	-12.16	0.8522760422040018
-35.34	-10.97	0.8678513314619677
-35.39	-9.76	0.9125455673163353
-35.43	-8.55	0.934327965936297
-35.46	-7.34	0.9478247396494383
-35.48	-6.12	0.9438300114872201
-35.49	-4.9	0.9427259653596578
-35.51	-3.67	0.9422141827326325
-35.52	-2.45	0.9256683914384085
-35.52	-1.22	0.8982616913629655
-35.52	0.0	0.884111875273709
-35.52	1.22	0.8628443909504884
-35.52	2.45	0.8312516436735129
-35.51	3.67	0.8045074118664212
-35.49	4.9	0.7731320020179103
-35.48	6.12	0.7384990490445991
-35.46	7.34	0.6944349366677103
-35.43	8.55	0.6967580981984101
-35.39	9.76	0.6969736587662616
-35.34	10.97	0.6834254894658612
-35.27	12.16	0.6618786644442791
-35.17	13.34	0.5899941132321201
-35.02	14.49	0.49143268501902626
-33.85	16.92	0.44456936842620287
-34.0	15.79	0.5839858135525813
-34.1	14.62	0.6645054453365961
-34.17	13.42	0.6733085300539334
-34.22	12.22	0.6764491290008123
-34.26	11.01	0.6955453979645481
-34.29	9.8	0.7379981042044167
-34.31	8.58	0.7700099478766816
-34.33	7.36	0.8132787328224869
-34.34	6.13	0.8695683297434605
-34.35	4.91	0.8972660358828236
-34.35	3.68	0.9213640492990016
-34.36	2.45	0.9453736283802879
-34.36	1.23	0.9608716270197181
-34.36	-0.0	0.9925084527974268
-34.36	-1.23	0.9993219471214071
-34.36	-2.45	1.0151265843098716
-34.35	-3.68	1.025841629470524
-34.35	-4.91	1.0398335035638384
-34.34	-6.13	1.0409884885239176
-34.33	-7.36	1.033810589145364
-34.31	-8.58	1.0394813841428832
-34.29	-9.8	1.0417657026740055
-34.26	-11.01	1.0330364304943829
-34.22	-12.22	1.0337941776018968
-34.17	-13.42	1.0048698962919334
-34.1	-14.62	0.9766543597800473
-34.0	-15.79	0.9048794868303851
-33.85	-16.92	0.7039663594355798
-32.6	-19.32	0.7293854591524839
-32.78	-18.21	0.9662090665226908
-32.9	-17.06	1.0242425831177575
-32.97	-15.87	1.052558483852595
-33.02	-14.67	1.0545530643518983
-33.06	-13.47	1.064139679601927
-33.09	-12.25	1.0533386647777225
-33.11	-11.04	1.0585756263545951
-33.13	-9.82	1.0549187777406475
-33.14	-8.59	1.0503061744521753
-33.15	-7.37	1.0459155852399369
-33.16	-6.14	1.034235037823593
-33.17	-4.91	1.0379718096535713
-33.18	-3.69	1.020569726671061
-33.18	-2.46	1.027455160942477
-33.18	-1.23	1.0283648018121438
-33.19	0.0	1.001728363757965
-33.18	1.23	1.0004336241851037
-33.18	2.46	0.9889447629788162
-33.18	3.69	0.9686701309315833
-33.17	4.91	0.9632722990858669
-33.16	6.14	0.9481492462099481
-33.15	7.37	0.9286835959388166
-33.14	8.59	0.8797319084223554
-33.13	9.82	0.8563423506123647
-33.11	11.04	0.8068789691924838
-33.09	12.25	0.7520429445583202
-33.06	13.47	0.7238580195956272
-33.02	14.67	0.6873542814512746
-32.97	15.87	0.6654448303579485
-32.9	17.06	0.6445347844080942
-32.78	18.21	0.5681745863576614
-32.6	19.32	0.41297457023640477
-31.24	21.63	0.44429078827197127
-31.52	20.61	0.49427969275053046
-31.66	19.48	0.6294935086529448
-31.74	18.31	0.6544745839889928
-31.8	17.12	0.6825389112201709
-31.84	15.92	0.7039394321749942
-31.87	14.71	0.7554657948924619
-31.9	13.49	0.7976300691181248
-31.91	12.27	0.8577756949448576
-31.93	11.05	0.9012076897177311
-31.95	9.83	0.9402986876088425
-31.96	8.6	0.9557812054618975
-31.97	7.38	0.9674469335213193
-31.98	6.15	0.9779468626582036
-31.99	4.92	1.001865401452707
-32.0	3.69	1.0135728380182263
-32.0	2.46	1.0226434474725696
-32.0	1.23	1.0370574041142588
-32.0	-0.0	1.0500935924963466
-32.0	-1.23	1.0519227312565582
-32.0	-2.46	1.0385799824499151
-32.0	-3.69	1.053273863092328
-31.99	-4.92	1.057795380465128
-31.98	-6.15	1.0568035215738307
-31.97	-7.38	1.0440041120329662
-31.96	-8.6	1.0429763156141314
-31.95	-9.83	1.0462284243507955
-31.93	-11.05	1.054671664250187
-31.91	-12.27	1.0642221229894782
-31.9	-13.49	1.0748141983502102
-31.87	-14.71	1.0647366938215226
-31.84	-15.92	1.0674294391604378
-31.8	-17.12	1.0723654232270057
-31.74	-18.31	1.0678667937832527
-31.66	-19.48	1.0328896414043267
-31.52	-20.61	0.9310396043171295
-31.24	-21.63	0.6628111145696979
-30.18	-22.94	0.7894039866910741
-30.38	-21.87	1.0064094002219306
-30.49	-20.73	1.0446036088773896
-30.56	-19.56	1.0626308349676818
-30.61	-18.37	1.0567046667244826
-30.65	-17.16	1.0620788959805871
-30.67	-15.95	1.068052194469245
-30.69	-14.73	1.056531113611924
-30.71	-13.51	1.0518208306554715
-30.73	-12.29	1.0442256918731012
-30.75	-11.07	1.0504626660027865
-30.76	-9.84	1.0573851719987262
-30.77	-8.62	1.044583046659761
-30.78	-7.39	1.047090427614629
-30.78	-6.16	1.0338525083977004
-30.78	-4.93	1.0290125545756836
-30.78	-3.69	1.0332549654646486
-30.78	-2.46	1.0351552582417929
-30.78	-1.23	1.0313213759811253
-30.78	0.0	1.0376697759127422
-30.78	1.23	1.0168905629816127
-30.78	2.46	1.023065163838366
-30.78	3.69	1.0154685127744536
-30.78	4.93	1.0160232588529365
-30.78	6.16	1.0174238432929872
-30.78	7.39	1.0081031082879253
-30.77	8.62	0.9939567709047189
-30.76	9.84	0.9787929786906184
-30.75	11.07	0.9439461027401085
-30.73	12.29	0.923501176241035
-30.71	13.51	0.8919545536491718
-30.69	14.73	0.8397324795411745
-30.67	15.95	0.7934962129905995
-30.65	17.16	0.7334592718245836
-30.61	18.37	0.7158207920842344
-30.56	19.56	0.6868106761754509
-30.49	20.73	0.6565560959136902
-30.38	21.87	0.5644314014319106
-30.18	22.94	0.3913711136865534
-29.04	24.2	0.43080032368413734
-29.2	23.12	0.6108122219611538
-29.3	21.97	0.6511366603858991
-29.36	20.8	0.72257765637723
-29.41	19.61	0.719802684977856
-29.44	18.4	0.7713069232483175
-29.46	17.19	0.8303868522473463
-29.48	15.97	0.8810038270798005
-29.51	14.75	0.9219912889801095
-29.53	13.53	0.9601471585671112
-29.54	12.31	0.9809543371337797
-29.55	11.08	0.9883981810109342
-29.55	9.85	1.0163667190843797
-29.55	8.62	1.0074487503124454
-29.55	7.39	1.036792022192905
-29.55	6.16	1.0382895550204974
-29.54	4.92	1.0204152926021162
-29.54	3.69	1.0503613670205294
-29.54	2.46	1.0427393868812043
-29.54	1.23	1.0479640963087415
-29.54	-0.0	1.0455495947658489
-29.54	-1.23	1.0487882476385324
-29.54	-2.46	1.0504955856616331
-29.54	-3.69	1.0563209557470685
-29.54	-4.92	1.0572124361284616
-29.55	-6.16	1.0576198419758995
-29.55	-7.39	1.0534420879563093
-29.55	-8.62	1.0403243606820018
-29.55	-9.85	1.0382673583344204
-29.55	-11.08	1.0421033708613112
-29.54	-12.31	1.0368424877376012
-29.53	-13.53	1.04885779289177
-29.51	-14.75	1.0464942944891829
-29.48	-15.97	1.0440627299878245
-29.46	-17.19	1.0505922510896828
-29.44	-18.4	1.050678177379523
-29.41	-19.61	1.058010945822134
-29.36	-20.8	1.0524831316057366
-29.3	-21.97	1.0473769010640883
-29.2	-23.12	1.0159814411513064
-29.04	-24.2	0.8386832690257481
-27.86	-25.43	0.8548303265773961
-28.01	-24.36	1.0150893280108833
-28.1	-23.21	1.026356828494028
-28.16	-22.04	1.0281984934590185
-28.2	-20.84	1.0451988861760984
-28.22	-19.63	1.0498232590565233
-28.25	-18.42	1.0315102109041
-28.27	-17.21	1.0387658750172768
-28.3	-15.99	1.0274583499974945
-28.31	-14.77	1.0378715073809746
-28.32	-13.54	1.0434933041418009
-28.32	-12.31	1.0424320412348114
-28.32	-11.08	1.0620366534013497
-28.31	-9.85	1.0612672607425386
-28.31	-8.62	1.0631096857336901
-28.31	-7.38	1.0569097808552903
-28.31	-6.15	1.0589425084181447
-28.31	-4.92	1.063800748148892
-28.31	-3.69	1.0549507304789125
-28.31	-2.46	1.054300815718181
-28.31	-1.23	1.0578885407619008
-28.31	0.0	1.0590674047923179
-28.31	1.23	1.0541305637645044
-28.31	2.46	1.0544495357006425
-28.31	3.69	1.0529823021703133
-28.31	4.92	1.0453024016544399
-28.31	6.15	1.0481514467639015
-28.31	7.38	1.0329886271797482
-28.31	8.62	1.0370452082346713
-28.31	9.85	1.0307699538009214
-28.32	11.08	1.0180666078935316
-28.32	12.31	0.9948482090570822
-28.32	13.54	0.9998556169984486
-28.31	14.77	0.9711840531537353
-28.3	15.99	0.9435109508303673
-28.27	17.21	0.9040336552914554
-28.25	18.42	0.858219987367205
-28.22	19.63	0.7907382328016922
-28.2	20.84	0.7197581302534904
-28.16	22.04	0.7068001667503909
-28.1	23.21	0.6767976907363652
-28.01	24.36	0.6513737121730734
-27.86	25.43	0.4566914525825959
-26.65	26.65	0.45484585325055404
-26.8	25.59	0.6301159622425222
-26.89	24.44	0.6988917489045647
-26.94	23.27	0.705753858604505
-26.98	22.07	0.7419256030702663
-27.01	20.87	0.8056857864747516
-27.03	19.66	0.8741936212404492
-27.06	18.45	0.922180163758659
-27.08	17.23	0.9585610904289779
-27.09	16.01	0.986746427663476
-27.09	14.78	0.9898048294165228
-27.08	13.54	1.015954418253611
-27.08	12.31	1.0268501716366567
-27.08	11.08	1.0348857287702289
-27.08	9.85	1.0444128378461681
-27.08	8.62	1.0496482805433398
-27.08	7.39	1.054404340462712
-27.08	6.16	1.0514166078793947
-27.09	4.93	1.0672647885279827
-27.09	3.69	1.0728318763996798
-27.09	2.46	1.0636167798816656
-27.09	1.23	1.053087957185032
-27.09	-0.0	1.0545307888158961
-27.09	-1.23	1.0567337704233686
-27.09	-2.46	1.0682710489383977
-27.09	-3.69	1.0630940033402234
-27.09	-4.93	1.0605956596189272
-27.08	-6.16	1.0671695710908196
-27.08	-7.39	1.0689407690570165
-27.08	-8.62	1.0713493903331772
-27.08	-9.85	1.0716135455389175
-27.08	-11.08	1.0751982358109753
-27.08	-12.31	1.0696035268717037
-27.08	-13.54	1.0705650197250527
-27.09	-14.78	1.0586071020989034
-27.09	-16.01	1.0476549062837912
-27.08	-17.23	1.0469860318893083
-27.06	-18.45	1.0278784478367644
-27.03	-19.66	1.0366987341930742
-27.01	-20.87	1.0383367257356562
-26.98	-22.07	1.0303249476972407
-26.94	-23.27	1.0168625801309188
-26.89	-24.44	1.0165207871055713
-26.8	-25.59	1.0036621357679938
-26.65	-26.65	0.8732431587060032
-25.43	-27.86	0.8161239272292943
-25.59	-26.8	0.9803247858795291
-25.67	-25.67	0.988913521805721
-25.72	-24.5	0.9810794890619242
-25.76	-23.31	1.018217541393792
-25.78	-22.1	1.0214655012384883
-25.81	-20.89	1.028154707702094
-25.84	-19.68	1.0369790488692725
-25.85	-18.47	1.0487778081180688
-25.86	-17.24	1.0532915080975387
-25.85	-16.01	1.058648446410255
-25.85	-14.77	1.0737590016129084
-25.85	-13.54	1.0820824135925269
-25.85	-12.31	1.0751492955104236
-25.85	-11.08	1.0744996739828205
-25.85	-9.85	1.0732559821309846
-25.86	-8.62	1.0664923225153322
-25.86	-7.39	1.069970204653635
-25.87	-6.16	1.0630363078391385
-25.87	-4.93	1.0662316142898811
-25.87	-3.7	1.067647929141323
-25.87	-2.46	1.0662728930823913
-25.87	-1.23	1.077440581839442
-25.87	0.0	1.071907385848337
-25.87	1.23	1.0557388270205756
-25.87	2.46	1.0683128502930337
-25.87	3.7	1.053708503047065
-25.87	4.93	1.0562389364726252
-25.87	6.16	1.0470438832246785
-25.86	7.39	1.0520596672784193
-25.86	8.62	1.060910595831299
-25.85	9.85	1.0617326434035883
-25.85	11.08	1.0460983222039337
-25.85	12.31	1.0450154051305738
-25.85	13.54	1.0388669205620096
-25.85	14.77	1.0333029263299318
-25.85	16.01	1.008527225377288
-25.86	17.24	0.9980971871341028
-25.85	18.47	0.9767306709405518
-25.84	19.68	0.9058630509826127
-25.81	20.89	0.8841063540296477
-25.78	22.1	0.8176093210758115
-25.76	23.31	0.7522406969639094
-25.72	24.5	0.7135912337575506
-25.67	25.67	0.6789294567000475
-25.59	26.8	0.6500725576010066
-25.43	27.86	0.4517885084138247
-24.2	29.04	0.43839218565309357
-24.36	28.01	0.6300313810173881
-24.44	26.89	0.7049857229104534
-24.5	25.72	0.7182895708279163
-24.53	24.53	0.7537972637597059
-24.56	23.33	0.8220339424990847
-24.59	22.13	0.8881747210539185
-24.61	20.92	0.9317496089318987
-24.62	19.7	0.9819680350924948
-24.63	18.47	1.0020027357516073
-24.62	17.23	1.0301834254489064
-24.62	16.0	1.0509731239736284
-24.62	14.77	1.038972355813382
-24.62	13.54	1.0489721979975484
-24.63	12.31	1.0455494080086167
-24.63	11.08	1.057286697202227
-24.63	9.85	1.0430300936022725
-24.64	8.62	1.0576563168886326
-24.64	7.39	1.0487822288806028
-24.64	6.16	1.0514663101839985
-24.64	4.93	1.0435109344630498
-24.64	3.7	1.061196517756397
-24.64	2.46	1.0638948040138418
-24.64	1.23	1.0791734858759103
-24.64	-0.0	1.0752871245350013
-24.64	-1.23	1.061367134178704
-24.64	-2.46	1.0790129119940868
-24.64	-3.7	1.090530218250685
-24.64	-4.93	1.0870089674219745
-24.64	-6.16	1.0672018485342076
-24.64	-7.39	1.0687844179252415
-24.64	-8.62	1.0587450588816933
-24.63	-9.85	1.0619307254701875
-24.63	-11.08	1.0669489243420294
-24.63	-12.31	1.0735299893378396
-24.62	-13.54	1.0712593426008685
-24.62	-14.77	1.0803473934477588
-24.62	-16.0	1.0870610418098061
-24.62	-17.23	1.0848466751199608
-24.63	-18.47	1.068374944933881
-24.62	-19.7	1.0523232910207523
-24.61	-20.92	1.0454925755730908
-24.59	-22.13	1.03646589037716
-24.56	-23.33	1.0203653909586394
-24.53	-24.53	1.0062401585459853
-24.5	-25.72	0.977018084655524
-24.44	-26.89	0.9687531246614784
-24.36	-28.01	0.9638085252903278
-24.2	-29.04	0.7967401278373857
-22.94	-30.18	0.8449586869659592
-23.12	-29.2	0.9176211946271102
-23.21	-28.1	0.9369555750249696
-23.27	-26.94	0.9405925751226005
-23.31	-25.76	0.9945196653537675
-23.33	-24.56	1.0107650351048665
-23.36	-23.36	1.0198335491442512
-23.38	-22.15	1.0415183764042988
-23.39	-20.93	1.0520717314740804
-23.39	-19.7	1.0688402717166912
-23.39	-18.46	1.0755996835910637
-23.38	-17.23	1.0840535716538529
-23.39	-16.0	1.0688196231990073
-23.39	-14.77	1.0829634765959513
-23.4	-13.55	1.0654653458581447
-23.4	-12.32	1.06029851614881
-23.41	-11.09	1.0662034585753786
-23.41	-9.86	1.0646430035346077
-23.41	-8.62	1.0588817964430945
-23.41	-7.39	1.0615919154180524
-23.41	-6.16	1.0534829647527315
-23.41	-4.93	1.0555599022747693
-23.41	-3.7	1.0583662819445785
-23.41	-2.46	1.070138584990744
-23.41	-1.23	1.0553382856943008
-23.41	0.0	1.058866601187853
-23.41	1.23	1.0612314115504027
-23.41	2.46	1.0706383929496286
-23.41	3.7	1.0712962860797577
-23.41	4.93	1.0563145455211496
-23.41	6.16	1.0564965555161938
-23.41	7.39	1.036955226725518
-23.41	8.62	1.0079587523462943
-23.41	9.86	1.0440124535073148
-23.41	11.09	1.0510293511557094
-23.4	12.32	1.063961788627039
-23.4	13.55	1.0620354819495688
-23.39	14.77	1.0604335415047499
-23.39	16.0	1.062577651863902
-23.38	17.23	1.0490831360305437
-23.39	18.46	1.0452277896348767
-23.39	19.7	1.0185383987941115
-23.39	20.93	0.9891180974584604
-23.38	22.15	0.9371530665769607
-23.36	23.36	0.8903614178213424
-23.33	24.56	0.8370843049154455
-23.31	25.76	0.7406771740625542
-23.27	26.94	0.7182539236786714
-23.21	28.1	0.6979151109298087
-23.12	29.2	0.604611725507474
-22.94	30.18	0.5449210131852045
-21.63	31.24	0.9610254534634687
-21.87	30.38	0.5518670950638123
-21.97	29.3	0.6666765666913563
-22.04	28.16	0.721206160513189
-22.07	26.98	0.7401736153058057
-22.1	25.78	0.8190766874446724
-22.13	24.59	0.8786284267090689
-22.15	23.38	0.9349279931244165
-22.16	22.16	0.989519188455131
-22.16	20.93	1.0063916831295556
-22.16	19.69	1.0381679202742142
-22.15	18.46	1.0465894483323677
-22.16	17.23	1.068299542288757
-22.16	16.01	1.0528423022462874
-22.17	14.78	1.0613529448290828
-22.17	13.55	1.0687909026471907
-22.18	12.32	1.0586582723072027
-22.18	11.09	1.053712615291856
-22.18	9.86	1.061006245848477
-22.18	8.62	1.0739596927751756
-22.18	7.39	1.0580604536270009
-22.18	6.16	1.0691074825531715
-22.18	4.93	1.0614307079884953
-22.19	3.7	1.058863422511897
-22.19	2.47	1.055762716949604
-22.19	1.23	1.0627377531251945
-22.19	-0.0	1.0606525940411649
-22.19	-1.23	1.0524388892693395
-22.19	-2.47	1.0564044557469239
-22.19	-3.7	1.0612587930166562
-22.18	-4.93	1.0705588506851886
-22.18	-6.16	1.0596772125653693
-22.18	-7.39	1.067926879912581
-22.18	-8.62	1.0615691729640382
-22.18	-9.86	1.062251216724131
-22.18	-11.09	1.0692299503816383
-22.18	-12.32	1.0641108322463475
-22.17	-13.55	1.0614686954209573
-22.17	-14.78	1.0705726505172382
-22.16	-16.01	1.0697263138421331
-22.16	-17.23	1.0835497193128667
-22.15	-18.46	1.0830780092845236
-22.16	-19.69	1.0869734853153379
-22.16	-20.93	1.0882741077615976
-22.16	-22.16	1.062886659460035
-22.15	-23.38	1.0393364262167006
-22.13	-24.59	1.0218695804285591
-22.1	-25.78	0.9954538525264007
-22.07	-26.98	0.9618176220548995
-22.04	-28.16	0.9055743569933102
-21.97	-29.3	0.9369166712620218
-21.87	-30.38	0.8328522821548102
-21.63	-31.24	0.8756977848515185
-20.61	-31.52	0.7326595060114683
-20.73	-30.49	0.9291767028084646
-20.8	-29.36	0.8823756577615854
-20.84	-28.2	0.9431211176445586
-20.87	-27.01	0.971931150271622
-20.89	-25.81	1.0046936902439136
-20.92	-24.61	1.0331961983356202
-20.93	-23.39	1.0612411282877146
-20.93	-22.16	1.0798857781870714
-20.92	-20.92	1.0870627690325427
-20.92	-19.69	1.0856542268949643
-20.93	-18.47	1.0788007203279144
-20.93	-17.24	1.0794098070402816
-20.94	-16.01	1.0686321218384287
-20.94	-14.78	1.050139459612013
-20.94	-13.55	1.0587243275087665
-20.94	-12.32	1.0587248329756103
-20.95	-11.09	1.0560427215730244
-20.95	-9.86	1.0586676892695983
-20.95	-8.63	1.0620184217736015
-20.95	-7.4	1.0517904484333145
-20.96	-6.16	1.0623392426186158
-20.96	-4.93	1.0503904471247278
-20.96	-3.7	1.0654914557844188
-20.96	-2.47	1.0599212764561918
-20.96	-1.23	1.0598123106056216
-20.96	0.0	1.0614884460668768
-20.96	1.23	1.0694578374990125
-20.96	2.47	1.0688194528877315
-20.96	3.7	1.0626989879922257
-20.96	4.93	1.054720159647464
-20.96	6.16	1.0585764635470114
-20.95	7.4	1.0701211837298403
-20.95	8.63	1.068396071504495
-20.95	9.86	1.060798467473961
-20.95	11.09	1.0690045498435103
-20.94	12.32	1.0697107139559303
-20.94	13.55	1.076207041031701
-20.94	14.78	1.0854514387363743
-20.94	16.01	1.066004710705562
-20.93	17.24	1.0656495719137307
-20.93	18.47	1.05990281746345
-20.92	19.69	1.0614287725005134
-20.92	20.92	1.0335379780653962
-20.93	22.16	1.0213038010045161
-20.93	23.39	0.9883583085640592
-20.92	24.61	0.9343596344087969
-20.89	25.81	0.8689303843383032
-20.87	27.01	0.7898309719766529
-20.84	28.2	0.7145563561714834
-20.8	29.36	0.7265099603578629
-20.73	30.49	0.6639379075789553
-20.61	31.52	0.4333355933851024
-19.32	32.6	0.5709412520132696
-19.48	31.66	0.6228614223027474
-19.56	30.56	0.7324564807625203
-19.61	29.41	0.7202007257873937
-19.63	28.22	0.7700627407922603
-19.66	27.03	0.8479220238720154
-19.68	25.84	0.9101436560125887
-19.7	24.62	0.9763157700517483
-19.7	23.39	0.9996590422418419
-19.69	22.16	1.0280491136100824
-19.69	20.92	1.0651796593728724
-19.7	19.7	1.0593733829550263
-19.7	18.47	1.0547382854048015
-19.71	17.25	1.0714091581667762
-19.71	16.02	1.0682688332518573
-19.71	14.78	1.0697740459157539
-19.71	13.55	1.077426587372637
-19.72	12.32	1.0773529473573016
-19.72	11.09	1.0720706975869523
-19.72	9.86	1.0655417521613335
-19.72	8.63	1.0645265828089177
-19.73	7.4	1.0630184432037533
-19.73	6.16	1.0619189314441764
-19.73	4.93	1.0612767940641645
-19.73	3.7	1.0587650813624498
-19.73	2.47	1.051342271107182
-19.73	1.23	1.0595255376438926
-19.73	-0.0	1.0701586311906448
-19.73	-1.23	1.0537666127144127
-19.73	-2.47	1.058799801227903
-19.73	-3.7	1.0512023391019174
-19.73	-4.93	1.0506519490158863
-19.73	-6.16	1.0578888951507088
-19.73	-7.4	1.065419626565453
-19.72	-8.63	1.0498558602709775
-19.72	-9.86	1.0476801682991725
-19.72	-11.09	1.04580460206376
-19.72	-12.32	1.047506765995695
-19.71	-13.55	1.0535721930489121
-19.71	-14.78	1.055098632840025
-19.71	-16.02	1.0541329605919103
-19.71	-17.25	1.0528033327888762
-19.7	-18.47	1.0642858584905661
-19.7	-19.7	1.0799648339384267
-19.69	-20.92	1.0822527096614218
-19.69	-22.16	1.0910403462220322
-19.7	-23.39	1.078992963366407
-19.7	-24.62	1.0584156813920977
-19.68	-25.84	1.0328191128298285
-19.66	-27.03	0.9932515851010308
-19.63	-28.22	0.9409398670045855
-19.61	-29.41	0.8890550224752083
-19.56	-30.56	0.8647404091515082
-19.48	-31.66	0.870481764148811
-19.32	-32.6	0.8294253187646301
-18.21	-32.78	0.7625724450430453
-18.31	-31.74	0.8807209689426393
-18.37	-30.61	0.846827786054083
-18.4	-29.44	0.9106877473953842
-18.42	-28.25	0.9664238061080275
-18.45	-27.06	1.0176453028216275
-18.47	-25.85	1.0577209032120616
-18.47	-24.63	1.0761604610217175
-18.46	-23.39	1.08733506307887
-18.46	-22.15	1.0732784908546826
-18.47	-20.93	1.0785621856158958
-18.47	-19.7	1.0634894515736335
-18.48	-18.48	1.0542052667670285
-18.48	-17.25	1.0566291373707755
-18.48	-16.02	1.0540851296494442
-18.48	-14.79	1.0497105274118232
-18.49	-13.56	1.057585356511389
-18.49	-12.33	1.0566095661559012
-18.49	-11.1	1.0488681462097391
-18.49	-9.86	1.0406841173573667
-18.49	-8.63	1.0556835756689236
-18.49	-7.4	1.045826465883506
-18.49	-6.16	1.0505174813006375
-18.5	-4.93	1.042688697983491
-18.5	-3.7	1.0501187265287137
-18.5	-2.47	1.0521156806395047
-18.5	-1.23	1.0620487789064461
-18.5	0.0	1.0437659120803944
-18.5	1.23	1.0630612319292705
-18.5	2.47	1.0577330053067227
-18.5	3.7	1.0543178167205312
-18.5	4.93	1.0647996739965662
-18.49	6.16	1.0573410710364415
-18.49	7.4	1.0571545909876245
-18.49	8.63	1.0587588453291648
-18.49	9.86	1.0704310529268186
-18.49	11.1	1.0626136632521375
-18.49	12.33	1.079118654616537
-18.49	13.56	1.073850192488321
-18.48	14.79	1.0611399135193404
-18.48	16.02	1.0596156614956773
-18.48	17.25	1.0531782129069658
-18.48	18.48	1.078758274700374
-18.47	19.7	1.0545144330068768
-18.47	20.93	1.0700578258741755
-18.46	22.15	1.0451286558955608
-18.46	23.39	1.0180550284195515
-18.47	24.63	0.997318542385278
-18.47	25.85	0.9551166015940844
-18.45	27.06	0.8982471449009819
-18.42	28.25	0.8291378922464623
-18.4	29.44	0.7401212019250438
-18.37	30.61	0.7319278587531656
-18.31	31.74	0.6834290577304623
-18.21	32.78	0.44246260407665344
-16.92	33.85	0.3862584971908442
-17.06	32.9	0.6287593764724131
-17.12	31.8	0.7128768726458182
-17.16	30.65	0.7113874952673291
-17.19	29.46	0.777168520387223
-17.21	28.27	0.8695815163607006
-17.23	27.08	0.9413925868968478
-17.24	25.86	1.0023616788965948
-17.23	24.62	1.0224756871951683
-17.23	23.38	1.0382909184540052
-17.23	22.16	1.0600631184783698
-17.24	20.93	1.0646663060278092
-17.25	19.71	1.0732708673363305
-17.25	18.48	1.063537217850222
-17.25	17.25	1.0672058541372362
-17.25	16.02	1.0704031950457196
-17.25	14.79	1.0684892891526325
-17.26	13.56	1.0767432882378511
-17.26	12.33	1.06767163679518
-17.26	11.1	1.0725010754591324
-17.26	9.86	1.069255792312671
-17.26	8.63	1.060003915680505
-17.26	7.4	1.071750786153054
-17.26	6.17	1.0704662569026009
-17.26	4.93	1.0627010260602252
-17.27	3.7	1.0555555226915803
-17.27	2.47	1.0634188398078885
-17.27	1.23	1.0620335084717143
-17.27	-0.0	1.0660766457104693
-17.27	-1.23	1.0445421746669659
-17.27	-2.47	1.0528908172766795
-17.27	-3.7	1.0433711618662698
-17.26	-4.93	1.046107918522454
-17.26	-6.17	1.0471346306819704
-17.26	-7.4	1.0496616365181974
-17.26	-8.63	1.0472422655688025
-17.26	-9.86	1.053060135745045
-17.26	-11.1	1.039136472546744
-17.26	-12.33	1.0422970487608885
-17.26	-13.56	1.037654674296545
-17.25	-14.79	1.0430942153417957
-17.25	-16.02	1.0427616542632008
-17.25	-17.25	1.0467992952663887
-17.25	-18.48	1.0439965955481425
-17.25	-19.71	1.0473742045350074
-17.24	-20.93	1.0654363119701593
-17.23	-22.16	1.0715866013137019
-17.23	-23.38	1.069492774268308
-17.23	-24.62	1.0933890795069119
-17.24	-25.86	1.0771278086063723
-17.23	-27.08	1.0452927113579908
-17.21	-28.27	0.999763825111618
-17.19	-29.46	0.9245793040458964
-17.16	-30.65	0.8589155315703658
-17.12	-31.8	0.8181263336602195
-17.06	-32.9	0.8655832820566158
-16.92	-33.85	0.7753903754709397
-15.79	-34.0	0.8024853664089138
-15.87	-32.97	0.8614184659427215
-15.92	-31.84	0.8035967636748801
-15.95	-30.67	0.8760055350785567
-15.97	-29.48	0.9520455623982804
-15.99	-28.3	1.0118920223395207
-16.01	-27.09	1.0741429370126
-16.01	-25.85	1.0926312047574422
-16.0	-24.62	1.1031075317700991
-16.0	-23.39	1.086029943877197
-16.01	-22.16	1.0686793440133717
-16.01	-20.94	1.0586591728842747
-16.02	-19.71	1.0578279742453103
-16.02	-18.48	1.0421861405291672
-16.02	-17.25	1.0295415473247689
-16.02	-16.02	1.0472248491009266
-16.03	-14.79	1.0352386066633124
-16.03	-13.56	1.0444834383079016
-16.03	-12.33	1.0528245998645223
-16.03	-11.1	1.0441182617764018
-16.03	-9.86	1.0560347935284633
-16.03	-8.63	1.06176902533097
-16.03	-7.4	1.048781763090187
-16.03	-6.17	1.0525501366000733
-16.04	-4.93	1.0592384229522587
-16.04	-3.7	1.0590270320854431
-16.04	-2.47	1.0568546904365075
-16.04	-1.23	1.0597332296017177
-16.04	0.0	1.0603540693616837
-16.04	1.23	1.0491941799096771
-16.04	2.47	1.0626235350610234
-16.04	3.7	1.052624736077687
-16.04	4.93	1.055229224652199
-16.03	6.17	1.07117074494615
-16.03	7.4	1.055673467853165
-16.03	8.63	1.0673433708180624
-16.03	9.86	1.0648918371101668
-16.03	11.1	1.0601552580957423
-16.03	12.33	1.077772021512832
-16.03	13.56	1.0853996978613338
-16.03	14.79	1.0734253045143718
-16.02	16.02	1.0772654595777065
-16.02	17.25	1.0801517071818045
-16.02	18.48	1.0748422474815673
-16.02	19.71	1.076849593576464
-16.01	20.94	1.0706358653886243
-16.01	22.16	1.0701285564662355
-16.0	23.39	1.0581767301571579
-16.0	24.62	1.0371901901919414
-16.01	25.85	1.0126575220592218
-16.01	27.09	0.9877264810166653
-15.99	28.3	0.907692333726778
-15.97	29.48	0.8221703862764094
-15.95	30.67	0.7518437476600021
-15.92	31.84	0.7415174732944878
-15.87	32.97	0.6941611825398158
-15.79	34.0	0.46516440060322717
-14.49	35.02	1.034698238393314
-14.62	34.1	0.6095534098288433
-14.67	33.02	0.7294906907104092
-14.71	31.87	0.7237142940771581
-14.73	30.69	0.7771596197855212
-14.75	29.51	0.8692065686389429
-14.77	28.31	0.9465502803285434
-14.78	27.09	1.015830408334573
-14.77	25.85	1.013004337387329
-14.77	24.62	1.0572731673499807
-14.77	23.39	1.0750741869676177
-14.78	22.17	1.074458660822649
-14.78	20.94	1.07759084795452
-14.78	19.71	1.0865651205965023
-14.79	18.48	1.0861412492703117
-14.79	17.25	1.08613775735826
-14.79	16.03	1.0912530067612598
-14.79	14.79	1.077105456580118
-14.8	13.56	1.0750251707054825
-14.8	12.33	1.0680151717814412
-14.8	11.1	1.070934616706951
-14.8	9.87	1.0628601404250615
-14.8	8.63	1.0533761606910381
-14.8	7.4	1.0639187736602058
-14.8	6.17	1.0576860153693106
-14.8	4.93	1.0619867818353352
-14.8	3.7	1.0560514903603673
-14.8	2.47	1.0574415253945437
-14.8	1.23	1.0568599585697256
-14.8	-0.0	1.0493537924528578
-14.8	-1.23	1.0513816591495038
-14.8	-2.47	1.0539491741313947
-14.8	-3.7	1.0653373090280354
-14.8	-4.93	1.0522433817198475
-14.8	-6.17	1.0601360358044334
-14.8	-7.4	1.054954348739797
-14.8	-8.63	1.0518378048152606
-14.8	-9.87	1.0420756323426368
-14.8	-11.1	1.056062960930749
-14.8	-12.33	1.0437010940104876
-14.8	-13.56	1.039732240322321
-14.79	-14.79	1.0418558050732376
-14.79	-16.03	1.039060693585656
-14.79	-17.25	1.028211677286216
-14.79	-18.48	1.0378600209985909
-14.78	-19.71	1.053225480899088
-14.78	-20.94	1.0565375901200296
-14.78	-22.17	1.0578321927187164
-14.77	-23.39	1.067085471314591
-14.77	-24.62	1.07545749530093
-14.77	-25.85	1.0807098377717799
-14.78	-27.09	1.0889367945425394
-14.77	-28.31	1.0479070364771703
-14.75	-29.51	0.9857758651401697
-14.73	-30.69	0.8962545608559283
-14.71	-31.87	0.8218002312842709
-14.67	-33.02	0.7960416303514453
-14.62	-34.1	0.8344796616935403
-14.49	-35.02	0.9345035788906056
-13.34	-35.17	0.8710255893215807
-13.42	-34.17	0.8664857482929397
-13.47	-33.06	0.7710354199055935
-13.49	-31.9	0.8378525892690448
-13.51	-30.71	0.932899865249916
-13.53	-29.53	1.0142354341324946
-13.54	-28.32	1.0818424157477702
-13.54	-27.08	1.100456687908614
-13.54	-25.85	1.0889826353815248
-13.54	-24.62	1.063074143646614
-13.55	-23.4	1.0843975741756067
-13.55	-22.17	1.0536429673783687
-13.55	-20.94	1.040357149417568
-13.55	-19.71	1.0345885506727908
-13.56	-18.49	1.016043643852441
-13.56	-17.26	1.0335469849398544
-13.56	-16.03	1.0404986526598923
-13.56	-14.8	1.0386528097866887
-13.56	-13.56	1.0384773284765325
-13.56	-12.33	1.0406585270475663
-13.57	-11.1	1.0402685645666796
-13.57	-9.87	1.039519367586692
-13.57	-8.64	1.0419002289894204
-13.57	-7.4	1.0603330766942716
-13.57	-6.17	1.0489080228180303
-13.57	-4.93	1.050779147185479
-13.57	-3.7	1.0577047563929918
-13.57	-2.47	1.0518668504462552
-13.57	-1.23	1.0547654920099265
-13.57	0.0	1.0546056420536971
-13.57	1.23	1.0655540464037396
-13.57	2.47	1.0430951451534383
-13.57	3.7	1.0483470540154458
-13.57	4.93	1.0500318215519535
-13.57	6.17	1.0588674047047457
-13.57	7.4	1.0562931676378462
-13.57	8.64	1.0608764459509992
-13.57	9.87	1.065132359582016
-13.57	11.1	1.0686716477851606
-13.56	12.33	1.0667210151092914
-13.56	13.56	1.0708618353127939
-13.56	14.8	1.0683063584798007
-13.56	16.03	1.0784991869721938
-13.56	17.26	1.0832003449057912
-13.56	18.49	1.0898355007469311
-13.55	19.71	1.0782955637308584
-13.55	20.94	1.0677712969736233
-13.55	22.17	1.0892100808598824
-13.55	23.4	1.0767358302246022
-13.54	24.62	1.0741917343870104
-13.54	25.85	1.0251269178589493
-13.54	27.08	1.0055222795767087
-13.54	28.32	0.982582370211186
-13.53	29.53	0.8969895102435711
-13.51	30.71	0.813988633859951
-13.49	31.9	0.7322367579790497
-13.47	33.06	0.735478403783575
-13.42	34.17	0.6977002622143457
-13.34	35.17	0.38181512740830326
-12.02	36.05	1.0472683729812742
-12.16	35.27	0.4925229777524745
-12.22	34.22	0.7176065631325904
-12.25	33.09	0.7195216988070953
-12.27	31.91	0.7689797408268371
-12.29	30.73	0.8615644814637032
-12.31	29.54	0.9504836910497514
-12.31	28.32	1.001617056581277
-12.31	27.08	1.0214541296917994
-12.31	25.85	1.049876803727855
-12.31	24.63	1.0824785525365304
-12.32	23.4	1.0752747220955083
-12.32	22.18	1.0800475122638435
-12.32	20.94	1.0837888340058743
-12.32	19.72	1.0821644797508188
-12.33	18.49	1.0898456262717413
-12.33	17.26	1.0742316831903216
-12.33	16.03	1.083963013869719
-12.33	14.8	1.0730012652426346
-12.33	13.56	1.0777140115676538
-12.33	12.33	1.0704005851784557
-12.34	11.1	1.066763538753318
-12.34	9.87	1.0584582116002335
-12.34	8.64	1.0638699735156176
-12.34	7.4	1.0645925516357622
-12.34	6.17	1.0691871138205686
-12.34	4.93	1.0510632164042277
-12.34	3.7	1.0613302878248543
-12.34	2.47	1.058724043306975
-12.34	1.23	1.0495288970123076
-12.34	-0.0	1.0602935451685385
-12.34	-1.23	1.0582276881388522
-12.34	-2.47	1.055006364740246
-12.34	-3.7	1.0535821764075137
-12.34	-4.93	1.0395736281466272
-12.34	-6.17	1.0586059602781825
-12.34	-7.4	1.0553663020608033
-12.34	-8.64	1.0557256912798239
-12.34	-9.87	1.0483585532921682
-12.34	-11.1	1.0569356405682953
-12.33	-12.33	1.0494148169562836
-12.33	-13.56	1.039722940570844
-12.33	-14.8	1.0371974662863355
-12.33	-16.03	1.0312347735580143
-12.33	-17.26	1.0228072909887729
-12.33	-18.49	1.0215154687528665
-12.32	-19.72	1.0321442373708858
-12.32	20.94	1.0659240891196176
-12.32	22.18	1.0740757743417857
-12.32	23.4	1.063284254625316
-12.31	24.63	1.0719834161616875
-12.31	25.85	1.04262148374825
-12.31	27.08	1.0088926055112637
-12.31	28.32	0.9975610595366453
-12.31	29.54	0.9446248948561856
-12.29	30.73	0.8360181362923074
-12.27	31.91	0.7636178730627359
-12.25	33.09	0.7157363307835665
-12.22	34.22	0.699603864439568
-12.16	35.27	0.5017817243647793
-12.02	36.05	1.0097996066742523
-10.88	36.26	0.012169066312738947
-10.97	35.34	0.6062433395602487
-11.01	34.26	0.7087912070557455
-11.04	33.11	0.7246696319366295
-11.05	31.93	0.7851026097063212
-11.07	30.75	0.8756506691184719
-11.08	29.55	0.9606305958993402
-11.08	28.32	1.008105135483534
-11.08	27.08	1.0006664645387433
-11.08	25.85	1.0638067926247166
-11.08	24.63	1.069112733186594
-11.09	23.41	1.0734669964740287
-11.09	22.18	1.0676386770824968
-11.09	20.95	1.0749464619638531
-11.09	19.72	1.0721086459482028
-11.1	18.49	1.07448092174393
-11.1	17.26	1.0721681913520462
-11.1	16.03	1.065617587013519
-11.1	14.8	1.0699267788278528
-11.1	13.57	1.0671749048301746
-11.1	12.34	1.0564963592274232
-11.1	11.1	1.0616362690151218
-11.1	9.87	1.0482174749063904
-11.1	8.64	1.0446490534498114
-11.1	7.4	1.047535696869414
-11.1	6.17	1.0561554618115463
-11.1	4.94	1.0545933703681876
-11.11	3.7	1.044955891426443
-11.11	2.47	1.048687175659849
-11.11	1.23	1.0492750827532393
-11.11	-0.0	1.0391527119739992
-11.11	-1.23	1.0464013844251752
-11.11	-2.47	1.0469080876644516
-11.11	-3.7	1.0463999214836688
-11.1	-4.94	1.0571810610900318
-11.1	-6.17	1.0481126737255069
-11.1	-7.4	1.0512851787842807
-11.1	-8.64	1.0465739039377178
-11.1	-9.87	1.032693567413714
-11.1	-11.1	1.0446620134804865
-11.1	-12.34	1.0484656164624373
-11.1	-13.57	1.0436005665956947
-11.1	-14.8	1.024015960472572
-11.1	-16.03	1.0232633992394529
-11.1	-17.26	1.0165135044857374
-11.1	-18.49	1.0085899150602744
-11.09	-19.72	1.018116177772593
-11.09	-20.95	1.0255993438333773
-11.09	-22.18	1.0346496873199937
-11.09	-23.41	1.0457077061422113
-11.08	-24.63	1.0564864825548517
-11.08	-25.85	1.0560009251732858
-11.08	-27.08	1.0834392523004095
-11.08	-28.32	1.0907220146807304
-11.08	-29.55	1.0605697721944387
-11.07	-30.75	0.9844948908478234
-11.05	-31.93	0.8906860156067575
-11.04	-33.11	0.7821165822778526
-11.01	-34.26	0.7524258445047108
-10.97	-35.34	0.814862700586153
-10.88	-36.26	0.8031147708569868
-9.7	-36.37	0.9710223762033584
-9.76	-35.39	0.8292359143443765
-9.8	-34.29	0.7189584501252445
-9.82	-33.13	0.8053315772747689
-9.83	-31.95	0.9103457144762886
-9.84	-30.76	1.002164340488992
-9.85	-29.55	1.0774365079246206
-9.85	-28.31	1.0910232739425385
-9.85	-27.08	1.0907479448978967
-9.85	-25.85	1.0732910981548411
-9.85	-24.63	1.0326022456084132
-9.86	-23.41	1.0302090082717787
-9.86	-22.18	1.0374019172286488
-9.86	-20.95	1.007240258356234
-9.86	-19.72	1.0185270242344173
-9.86	-18.49	1.0193451821318569
-9.86	-17.26	1.013146155056951
-9.86	-16.03	1.023362943976148
-9.87	-14.8	1.0345491850629909
-9.87	-13.57	1.0321080187158538
-9.87	-12.34	1.0362843035208424
-9.87	-11.1	1.0441588695455408
-9.87	-9.87	1.0471073433471054
-9.87	-8.64	1.0539585779991327
-9.87	-7.4	1.0434677036486182
-9.87	-6.17	1.0523364550238417
-9.87	-4.94	1.0425055289809735
-9.88	-3.7	1.0510536609977834
-9.88	-2.47	1.0519078157938717
-9.88	-1.23	1.061835915322291
-9.88	0.0	1.0553453832581468
-9.88	1.23	1.047801673774822
-9.88	2.47	1.0488860499758808
-9.88	3.7	1.061211419149212
-9.87	4.94	1.0455062287373507
-9.87	6.17	1.0493870176983304
-9.87	7.4	1.0544684369517057
-9.87	8.64	1.0516195605510514
-9.87	9.87	1.0545340765928695
-9.87	11.1	1.04923756561527
-9.87	12.34	1.0548327611619064
-9.87	13.57	1.0684873888675355
-9.87	14.8	1.0572314115568908
-9.86	16.03	1.0748112929042446
-9.86	17.26	1.0689926634902835
-9.86	18.49	1.082249507688162
-9.86	19.72	1.087325116908955
-9.86	20.95	1.082953327529714
-9.86	22.18	1.0690934822455265
-9.86	23.41	1.0651602472601833
-9.85	24.63	1.0788441581061046
-9.85	25.85	1.0691289625976155
-9.85	27.08	1.0292440687620832
-9.85	28.31	0.9983892896610311
-9.85	29.55	0.9963193706380196
-9.84	30.76	0.9040624657994588
-9.83	31.95	0.8185003552932755
-9.82	33.13	0.7141584990188974
-9.8	34.29	0.7190123360042728
-9.76	35.39	0.6427978826010482
-9.7	36.37	0.35554932411283136
-8.51	36.45	0.37433288335120185
-8.55	35.43	0.7084368186024775
-8.58	34.31	0.7108765271830705
-8.59	33.14	0.7340816377603839
-8.6	31.96	0.8411599125394705
-8.62	30.77	0.9259114589925534
-8.62	29.55	0.9999757460043509
-8.62	28.31	1.0077601592271739
-8.62	27.08	1.0524230164667667
-8.62	25.86	1.0795600301790824
-8.62	24.64	1.064739778879026
-8.62	23.41	1.070089854965764
-8.62	22.18	1.0634437876866873
-8.63	20.95	1.0875640734951395
-8.63	19.72	1.0849047424418825
-8.63	18.49	1.0828939535090791
-8.63	17.26	1.0716512868453927
-8.63	16.03	1.0821703423855815
-8.63	14.8	1.07143533824825
-8.64	13.57	1.064391777406167
-8.64	12.34	1.0708400492051837
-8.64	11.1	1.055526796056678
-8.64	9.87	1.0647827796485902
-8.64	8.64	1.0486701009369523
-8.64	7.4	1.051492101465625
-8.64	6.17	1.0515679379080516
-8.64	4.94	1.0350580672724452
-8.64	3.7	1.0527777981147761
-8.64	2.47	1.0521273233636161
-8.64	1.23	1.0536788592582027
-8.64	-0.0	1.0654421417920938
-8.64	-1.23	1.049583937799599
-8.64	-2.47	1.0542756286722466
-8.64	-3.7	1.0648230668275935
-8.64	-4.94	1.0576912013022972
-8.64	-6.17	1.0649035002163232
-8.64	-7.4	1.0584198929703716
-8.64	-8.64	1.0454193411274744
-8.64	-9.87	1.043797010141943
-8.64	-11.1	1.04747476055005
-8.64	-12.34	1.0518259786212452
-8.64	-13.57	1.0482837107190568
-8.63	-14.8	1.0387385770709707
-8.63	-16.03	1.0237774521980825
-8.63	-17.26	1.0088818047922044
-8.63	-18.49	1.0165035914079747
-8.63	-19.72	1.0157887551922877
-8.63	-20.95	1.0201119512941101
-8.62	-22.18	1.0259302536347095
-8.62	-23.41	1.0284417614122505
-8.62	-24.64	1.0436470082927454
-8.62	-25.86	1.0715729691675946
-8.62	-27.08	1.0713409950282369
-8.62	-28.31	1.0887005527157516
-8.62	-29.55	1.0990445201650827
-8.62	-30.77	1.0404415427081937
-8.6	-31.96	0.9518233929640464
-8.59	-33.14	0.8240965631101019
-8.58	-34.31	0.7377899567204478
-8.55	-35.43	0.8167348931486503
-8.51	-36.45	0.8223087832575078
-7.22	-37.3	0.6603364239240941
-7.3	-36.51	0.7980403008620545
-7.34	-35.46	0.7587538450856292
-7.36	-34.33	0.7380038536956487
-7.37	-33.15	0.8642987288133916
-7.38	-31.97	0.9828027959665367
-7.39	-30.78	1.0604783955532397
-7.39	-29.55	1.0848416748676688
-7.38	-28.31	1.087752225391325
-7.39	-27.08	1.077491635651974
-7.39	-25.86	1.0492813440049493
-7.39	-24.64	1.0409068716242862
-7.39	-23.41	1.0272078454688902
-7.39	-22.18	1.019219670743393
-7.4	-20.95	1.0135123520423694
-7.4	-19.73	1.0220067620900508
-7.4	-18.49	1.015143594511943
-7.4	-17.26	1.0234423338863936
-7.4	-16.03	1.0213863368834093
-7.4	-14.8	1.039448864107042
-7.4	-13.57	1.052012684718075
-7.4	-12.34	1.0507415285645063
-7.4	-11.1	1.0466122412133785
-7.4	-9.87	1.0565689640432403
-7.4	-8.64	1.0637557544891716
-7.41	-7.41	1.0579784680432942
-7.41	-6.17	1.064441959155494
-7.41	-4.94	1.0577195543853215
-7.41	-3.7	1.053683350283332
-7.41	-2.47	1.0495412402798205
-7.41	-1.23	1.0611516225707716
-7.41	0.0	1.0509037516745199
-7.41	1.23	1.0457055846588974
-7.41	2.47	1.0621871332956108
-7.41	3.7	1.0373161560569772
-7.41	4.94	1.0400893255898658
-7.41	6.17	1.041474478044194
-7.41	7.41	1.0359519305613611
-7.4	8.64	1.0447307269812154
-7.4	9.87	1.0431415231977963
-7.4	11.1	1.0524656404860138
-7.4	12.34	1.053999951965751
-7.4	13.57	1.0621995246568339
-7.4	14.8	1.0642356976766731
-7.4	16.03	1.071372358399737
-7.4	17.26	1.0806522285939382
-7.4	18.49	1.0781833707160355
-7.4	19.73	1.0822222592846769
-7.4	20.95	1.0943151796184798
-7.39	22.18	1.081771889608344
-7.39	23.41	1.0730243129562622
-7.39	24.64	1.077138642507913
-7.39	25.86	1.0739508086914777
-7.39	27.08	1.0676452285546216
-7.38	28.31	1.0066980248400237
-7.39	29.55	1.0092633950103058
-7.39	30.78	0.9458896095244022
-7.38	31.97	0.8574581123490168
-7.37	33.15	0.7527939857933759
-7.36	34.33	0.7125638712076755
-7.34	35.46	0.7254229386052018
-7.3	36.51	0.48977883383784326
-7.22	37.3	0.9643692092062321
-6.04	37.42	1.0365143122939176
-6.09	36.55	0.5700500664445843
-6.12	35.48	0.7304706002040027
-6.13	34.34	0.707491748208143
-6.14	33.16	0.7799764300551051
-6.15	31.98	0.8693386761722061
-6.16	30.78	0.958817701203743
-6.16	29.55	0.9896288971390764
-6.15	28.31	1.0153781804597695
-6.16	27.08	1.082354740238112
-6.16	25.87	1.0723913401295215
-6.16	24.64	1.0823705165642508
-6.16	23.41	1.0826726126708708
-6.16	22.18	1.0844236116385373
-6.16	20.96	1.0895616614564358
-6.16	19.73	1.0803662197127646
-6.16	18.49	1.0852813464425575
-6.17	17.26	1.0797260582029826
-6.17	16.03	1.0776220130693328
-6.17	14.8	1.0547108263724925
-6.17	13.57	1.063207885788465
-6.17	12.34	1.0565860009437396
-6.17	11.1	1.055807898957678
-6.17	9.87	1.0462055816573501
-6.17	8.64	1.0561120534613935
-6.17	7.41	1.0495389584874468
-6.17	6.17	1.0430850987104965
-6.17	4.94	1.0387050539937945
-6.17	3.7	1.0461350648403622
-6.17	2.47	1.0403426425596336
-6.17	1.23	1.0473744864350083
-6.17	-0.0	1.052447094997296
-6.17	-1.23	1.0659307181953994
-6.17	-2.47	1.0620269239093594
-6.17	-3.7	1.054333168000339
-6.17	-4.94	1.0701781207804644
-6.17	-6.17	1.065892321305616
-6.17	-7.41	1.0579100377399404
-6.17	-8.64	1.056360681889809
-6.17	-9.87	1.0432435034937202
-6.17	-11.1	1.057008442525718
-6.17	-12.34	1.0515486204137066
-6.17	-13.57	1.052777723489091
-6.17	-14.8	1.0316490227063795
-6.17	-16.03	1.0379480745342187
-6.17	-17.26	1.0240172350208392
-6.16	-18.49	1.0096953849853838
-6.16	-19.73	1.0129558336359967
-6.16	-20.96	1.0044550303037711
-6.16	-22.18	1.0080413283491387
-6.16	-23.41	1.0212443201360561
-6.16	-24.64	1.0337771392533794
-6.16	-25.87	1.0458422359465414
-6.16	-27.08	1.0723105490457232
-6.15	-28.31	1.0752693708073706
-6.16	-29.55	1.1024850792514365
-6.16	-30.78	1.0744308110423615
-6.15	-31.98	0.9808469965492984
-6.14	-33.16	0.8760191801585138
-6.13	-34.34	0.7325534974126034
-6.12	-35.48	0.7302333957858385
-6.09	-36.55	0.7978384436325009
-6.04	-37.42	0.8429480312552353
-4.84	-37.5	0.7780281718627513
-4.88	-36.58	0.7881374907220761
-4.9	-35.49	0.7215849119361127
-4.91	-34.35	0.7699097355846632
-4.91	-33.17	0.8959538080986033
-4.92	-31.99	1.0119042124930315
-4.93	-30.78	1.0970999666699301
-4.92	-29.54	1.0890992945059184
-4.92	-28.31	1.0850388565981732
-4.93	-27.09	1.0577384729206116
-4.93	-25.87	1.0425810965667843
-4.93	-24.64	1.0326321992070189
-4.93	-23.41	1.0117615038610959
-4.93	-22.18	1.0031444571041364
-4.93	-20.96	1.0056835915681868
-4.93	-19.73	1.0142135725008492
-4.93	-18.5	1.0208004631762095
-4.93	-17.26	1.02529603440045
-4.93	-16.04	1.0205108940927248
-4.93	-14.8	1.0409256410252372
-4.93	-13.57	1.0431926248090975
-4.93	-12.34	1.045717778825529
-4.94	-11.1	1.0414005656405851
-4.94	-9.87	1.0517719060037412
-4.94	-8.64	1.0604752477984436
-4.94	-7.41	1.057424040255844
-4.94	-6.17	1.0621750026017394
-4.94	-4.94	1.0764700876525968
-4.94	-3.7	1.071466322478015
-4.94	-2.47	1.0721351896460165
-4.94	-1.24	1.0728913321248574
-4.94	0.0	1.0582901667542357
-4.94	1.24	1.0376667463917009
-4.94	2.47	1.0409754642619025
-4.94	3.7	1.0380330463623713
-4.94	4.94	1.04100069219174
-4.94	6.17	1.0442674935880136
-4.94	7.41	1.0551462118112755
-4.94	8.64	1.0585940978159754
-4.94	9.87	1.0542684240515925
-4.94	11.1	1.056520913917062
-4.93	12.34	1.0444283749415857
-4.93	13.57	1.065790149618922
-4.93	14.8	1.0675734520214555
-4.93	16.04	1.0642894364315532
-4.93	17.26	1.0695737712811981
-4.93	18.5	1.0819723652109872
-4.93	19.73	1.0799261770837383
-4.93	20.96	1.078670722618321
-4.93	22.18	1.0891445683499361
-4.93	23.41	1.0922412777930977
-4.93	24.64	1.0695831224518495
-4.93	25.87	1.069801772993708
-4.93	27.09	1.079476403038978
-4.92	28.31	1.0130767360727277
-4.92	29.54	0.9931321890118171
-4.93	30.78	0.9757642506120311
-4.92	31.99	0.8915754585387953
-4.91	33.17	0.7798278505928021
-4.91	34.35	0.7218586344462413
-4.9	35.49	0.7395521128817186
-4.88	36.58	0.6187569005203536
-4.84	37.5	0.1280397660185071
-3.63	37.55	0.20337630927070144
-3.66	36.6	0.6462523526022891
-3.67	35.51	0.7296805102297969
-3.68	34.35	0.7336801625260988
-3.69	33.18	0.8114363244034144
-3.69	32.0	0.8986664605875284
-3.69	30.78	0.9789171216092128
-3.69	29.54	0.9920813101568765
-3.69	28.31	1.0315230651685514
-3.69	27.09	1.0836117420826075
-3.7	25.87	1.0765690785516422
-3.7	24.64	1.0746349639880204
-3.7	23.41	1.0817981091396112
-3.7	22.19	1.1015742060788944
-3.7	20.96	1.0830783839465945
-3.7	19.73	1.0901918201161673
-3.7	18.5	1.0840576864159497
-3.7	17.27	1.0663231584112167
-3.7	16.04	1.0729982484816953
-3.7	14.8	1.071232072474046
-3.7	13.57	1.0671723699095323
-3.7	12.34	1.042999188789543
-3.7	11.11	1.0471128417475797
-3.7	9.88	1.0533873760626746
-3.7	8.64	1.0475872860993054
-3.7	7.41	1.0421725314279982
-3.7	6.17	1.0289917669461055
-3.7	4.94	1.0280772112968186
-3.71	3.71	1.021912283390263
-3.7	2.47	1.0322948327996022
-3.7	1.23	1.0470459200525644
-3.7	-0.0	1.0427360288468948
-3.7	-1.23	1.0662955938656888
-3.7	-2.47	1.0724376669681324
-3.71	-3.71	1.0643138655500932
-3.7	-4.94	1.072084308863439
-3.7	-6.17	1.068668566084309
-3.7	-7.41	1.0594674845179675
-3.7	-8.64	1.0547786984328427
-3.7	-9.88	1.054062121392481
-3.7	-11.11	1.051459112859463
-3.7	-12.34	1.0449054648491367
-3.7	-13.57	1.05384144606015
-3.7	-14.8	1.0401198079548233
-3.7	-16.04	1.038982646324237
-3.7	-17.27	1.0288878142067384
-3.7	-18.5	1.0201005569881734
-3.7	-19.73	1.0102327112465854
-3.7	-20.96	1.002868422369031
-3.7	-22.19	1.0147184253477357
-3.7	-23.41	1.019377372537979
-3.7	-24.64	1.0234492135017321
-3.7	-25.87	1.034118290885993
-3.69	-27.09	1.0560638317485092
-3.69	-28.31	1.09092596481146
-3.69	-29.54	1.0958059617182
-3.69	-30.78	1.0895804607588042
-3.69	-32.0	1.0287812442852642
-3.69	-33.18	0.9029703130747226
-3.68	-34.35	0.7755921134888033
-3.67	-35.51	0.7248004764719091
-3.66	-36.6	0.8157797928506324
-3.63	-37.55	0.9026033117034645
-2.42	-37.58	0.9048227730907722
-2.44	-36.61	0.8081864931525011
-2.45	-35.52	0.7200480769872193
-2.45	-34.36	0.7883829246091308
-2.46	-33.18	0.9155119905423262
-2.46	-32.0	1.0278806201524955
-2.46	-30.78	1.0882209060515196
-2.46	-29.54	1.087762969662165
-2.46	-28.31	1.0832225525618222
-2.46	-27.09	1.0565743808132617
-2.46	-25.87	1.0362105852923593
-2.46	-24.64	1.0208115046505843
-2.46	-23.41	1.0181864836032468
-2.47	-22.19	1.0002631106715456
-2.47	-20.96	1.0103860050573892
-2.47	-19.73	1.0142513724071063
-2.47	-18.5	1.0158831050634654
-2.47	-17.27	1.0218269595054434
-2.47	-16.04	1.0259016328725652
-2.47	-14.8	1.0524531660421075
-2.47	-13.57	1.0428941561099425
-2.47	-12.34	1.0366113534287968
-2.47	-11.11	1.05681577369065
-2.47	-9.88	1.059371503768653
-2.47	-8.64	1.0661036455042647
-2.47	-7.41	1.064579496391468
-2.47	-6.17	1.0811526804219438
-2.47	-4.94	1.081141011516182
-2.47	-3.7	1.0817764043984823
-2.47	-2.47	1.0669246484465635
-2.47	-1.24	1.076141574435955
-2.47	0.0	1.0491876334531667
-2.47	1.24	1.0319740347389248
-2.47	2.47	1.027398509801684
-2.47	3.7	1.0309811007457252
-2.47	4.94	1.0149449516398934
-2.47	6.17	1.0316044547492773
-2.47	7.41	1.0426485349791734
-2.47	8.64	1.0476029254804642
-2.47	9.88	1.0393861909259985
-2.47	11.11	1.057423045156118
-2.47	12.34	1.0468975476887885
-2.47	13.57	1.059680579183969
-2.47	14.8	1.06529359834885
-2.47	16.04	1.0708615217090758
-2.47	17.27	1.0794237808467224
-2.47	18.5	1.077153097376984
-2.47	19.73	1.0821256863547286
-2.47	20.96	1.0811026425684849
-2.47	22.19	1.096367409957231
-2.46	23.41	1.0868799791620836
-2.46	24.64	1.0835574458236663
-2.46	25.87	1.0778361600072743
-2.46	27.09	1.0762926413755176
-2.46	28.31	1.0237249372442814
-2.46	29.54	0.9839288184666933
-2.46	30.78	0.9821365619620942
-2.46	32.0	0.8971261907594628
-2.46	33.18	0.8125886465551236
-2.45	34.36	0.7352705067021803
-2.45	35.52	0.7270166638661781
-2.44	36.61	0.6722202767256421
-2.42	37.58	0.22903465312463095
-1.21	37.6	0.2520769664507936
-1.22	36.62	0.6755463820757672
-1.22	35.52	0.7455300389079917
-1.23	34.36	0.7405127052497803
-1.23	33.18	0.8124258677632791
-1.23	32.0	0.9097236717904116
-1.23	30.78	0.9909116871372531
-1.23	29.54	0.9853741976280417
-1.23	28.31	1.0292728102476694
-1.23	27.09	1.0815633545876742
-1.23	25.87	1.0807230238361445
-1.23	24.64	1.088080147500358
-1.23	23.41	1.0802338514677123
-1.23	22.19	1.0930069322980112
-1.23	20.96	1.0795995302671573
-1.23	19.73	1.0932409820847886
-1.23	18.5	1.0760090574286119
-1.23	17.27	1.0692259013341434
-1.23	16.04	1.0700689185949093
-1.23	14.8	1.0615004198156774
-1.23	13.57	1.0570110010561193
-1.23	12.34	1.0506080697085072
-1.23	11.11	1.03343007334789
-1.23	9.88	1.0545835285055805
-1.23	8.64	1.0542849398354308
-1.23	7.41	1.0393946604055466
-1.23	6.17	1.0322063720825627
-1.24	4.94	1.0197019212869705
-1.23	3.7	1.0134389323815434
-1.24	2.47	1.038606746685212
-1.24	1.24	1.0378341579564594
-1.24	-0.0	1.0486985521759236
-1.24	-1.24	1.068340484759148
-1.24	-2.47	1.0809353891151863
-1.23	-3.7	1.0718098943302423
-1.24	-4.94	1.078306272501328
-1.23	-6.17	1.0867302068989093
-1.23	-7.41	1.07472461407395
-1.23	-8.64	1.0596692249736883
-1.23	-9.88	1.0625953003830515
-1.23	-11.11	1.0598543485065963
-1.23	-12.34	1.0513923161678227
-1.23	-13.57	1.048090677524734
-1.23	-14.8	1.039671958250471
-1.23	-16.04	1.033483977485675
-1.23	-17.27	1.0285089770856475
-1.23	-18.5	1.0287282907319615
-1.23	-19.73	1.0200645210443253
-1.23	-20.96	1.0233238927855843
-1.23	-22.19	1.0036001802254388
-1.23	-23.41	0.9998654876076779
-1.23	-24.64	1.014291360636332
-1.23	-25.87	1.0463364532327508
-1.23	-27.09	1.0558150152379562
-1.23	-28.31	1.0878289627419575
-1.23	-29.54	1.0925439351211124
-1.23	-30.78	1.096584326030925
-1.23	-32.0	1.0369288371010617
-1.23	-33.18	0.9300060696101541
-1.23	-34.36	0.7833941860687651
-1.22	-35.52	0.7057409087837728
-1.22	-36.62	0.8238446252223184
-1.21	-37.6	0.8432985294186705
0.0	-37.6	0.9493269180861124
0.0	-36.62	0.8233719013222714
0.0	-35.52	0.7121343063740847
0.0	-34.36	0.8170620252808631
0.0	-33.19	0.9281895289412145
0.0	-32.0	1.0475739675184013
0.0	-30.78	1.0951622055614239
0.0	-29.54	1.0926767035183953
0.0	-28.31	1.0757977080591008
0.0	-27.09	1.053309843008589
0.0	-25.87	1.0422228974787568
0.0	-24.64	1.0278134725120018
0.0	-23.41	1.013266026304015
0.0	-22.19	1.0209345360927378
0.0	-20.96	1.013382065660385
0.0	-19.73	1.0127398312245004
0.0	-18.5	1.029019949051808
0.0	-17.27	1.0369957262608733
0.0	-16.04	1.0506330520056844
0.0	-14.8	1.0436265598287857
0.0	-13.57	1.051034891631743
0.0	-12.34	1.0544131963691672
0.0	-11.11	1.0650957526438825
0.0	-9.88	1.0699494952979067
0.0	-8.64	1.0566508652123803
0.0	-7.41	1.0695489153642863
0.0	-6.17	1.0858088202105458
0.0	-4.94	1.0886646999334821
0.0	-3.7	1.0730541897886492
0.0	-2.47	1.090013316444033
0.0	-1.24	1.0619266063570219
0.0	0.0	1.0548897538154
0.0	1.24	1.028641832431561
0.0	2.47	1.0291297810768323
0.0	3.7	1.013988245777039
0.0	4.94	1.0247282619911433
0.0	6.17	1.0254824982894613
0.0	7.41	1.0261153357970856
0.0	8.64	1.047585515840746
0.0	9.88	1.0503914078297887
0.0	11.11	1.0465368801220511
0.0	12.34	1.06172686316688
0.0	13.57	1.0641721604042773
0.0	14.8	1.0687654340388513
0.0	16.04	1.0670660104111414
0.0	17.27	1.0879893670347438
0.0	18.5	1.0775910978176728
0.0	19.73	1.0937559467421762
0.0	20.96	1.085482065240981
0.0	22.19	1.095923201245692
0.0	23.41	1.0993550869008228
0.0	24.64	1.080307142673139
0.0	25.87	1.074661842610618
0.0	27.09	1.0938018806491363
0.0	28.31	1.0420530613200858
0.0	29.54	1.0007071339964904
0.0	30.78	0.9968706335733951
0.0	32.0	0.8988201631105041
0.0	33.19	0.8094587684553973
0.0	34.36	0.7432075201636156
0.0	35.52	0.7356872276581378
0.0	36.62	0.6865473822132423
0.0	37.6	0.33136964467375474
1.21	37.6	0.269440825127263
1.22	36.62	0.6593992685569193
1.22	35.52	0.7268713404771484
1.23	34.36	0.7425500964074184
1.23	33.18	0.8085427306850811
1.23	32.0	0.9135198007665134
1.23	30.78	1.0049903403655134
1.23	29.54	0.9936868938073489
1.23	28.31	1.0287879838798757
1.23	27.09	1.0868081531128178
1.23	25.87	1.0716134374952837
1.23	24.64	1.0984060049432762
1.23	23.41	1.0892802955233056
1.23	22.19	1.1026866945894591
1.23	20.96	1.078556475761152
1.23	19.73	1.0753609084715854
1.23	18.5	1.075590851192501
1.23	17.27	1.0706285952248389
1.23	16.04	1.0783214431850905
1.23	14.8	1.0699028965818302
1.23	13.57	1.0622803713634383
1.23	12.34	1.0617849288169676
1.23	11.11	1.0428729360681375
1.23	9.88	1.050350418996395
1.23	8.64	1.0489666474620762
1.23	7.41	1.0411174343308411
1.23	6.17	1.0217792910857983
1.24	4.94	1.0093842876843426
1.23	3.7	1.0096489685515457
1.24	2.47	1.020267650974251
1.24	1.24	1.0404456327610885
1.24	-0.0	1.0470796750381661
1.24	-1.24	1.083600108657492
1.24	-2.47	1.0812683944291992
1.23	-3.7	1.0712773428436024
1.24	-4.94	1.088906103299428
1.23	-6.17	1.0639049887603915
1.23	-7.41	1.0764432553273016
1.23	-8.64	1.058920428537935
1.23	-9.88	1.0646924079385744
1.23	-11.11	1.0500833692121387
1.23	-12.34	1.0521214233609908
1.23	-13.57	1.0482064585956814
1.23	-14.8	1.045564391707788
1.23	-16.04	1.0432193167967414
1.23	-17.27	1.0284293824750625
1.23	-18.5	1.0122287247433286
1.23	-19.73	1.016809597587875
1.23	-20.96	1.0096296133287896
1.23	-22.19	0.9995286962228654
1.23	-23.41	1.0179054919394845
1.23	-24.64	1.0268086031486
1.23	-25.87	1.0534700128141294
1.23	-27.09	1.0557869551182668
1.23	-28.31	1.0894020012855927
1.23	-29.54	1.0739222969430315
1.23	-30.78	1.0970903395009328
1.23	-32.0	1.0251802372174004
1.23	-33.18	0.940324213507029
1.23	-34.36	0.8100917678689952
1.22	-35.52	0.7126574076400708
1.22	-36.62	0.8153916100879189
1.21	-37.6	0.9837778038735934
2.42	-37.58	0.9608370517054887
2.44	-36.61	0.8380227441330722
2.45	-35.52	0.7120876583126325
2.45	-34.36	0.8013887998868152
2.46	-33.18	0.9392562673845859
2.46	-32.0	1.0388910468862547
2.46	-30.78	1.0985131450887664
2.46	-29.54	1.0821137136821721
2.46	-28.31	1.0790609847794301
2.46	-27.09	1.0479418038050983
2.46	-25.87	1.0538309823491407
2.46	-24.64	1.025759236197457
2.46	-23.41	1.0107554260232443
2.47	-22.19	1.0038650197231738
2.47	-20.96	1.0273824959672506
2.47	-19.73	1.0061981323684313
2.47	-18.5	1.0146905787597025
2.47	-17.27	1.0098785949196212
2.47	-16.04	1.0364050025659308
2.47	-14.8	1.037237802455364
2.47	-13.57	1.0487462047455063
2.47	-12.34	1.0535198840375648
2.47	-11.11	1.0534959140419484
2.47	-9.88	1.062190188655348
2.47	-8.64	1.0629043186875173
2.47	-7.41	1.065356892220644
2.47	-6.17	1.0881847696090226
2.47	-4.94	1.0778520195284211
2.47	-3.7	1.0721903119230078
2.47	-2.47	1.0697140896208757
2.47	-1.24	1.0686040049737917
2.47	0.0	1.0660013737167227
2.47	1.24	1.0301905178131314
2.47	2.47	1.0258690983840233
2.47	3.7	1.0158671249062445
2.47	4.94	1.0223145193858947
2.47	6.17	1.0305428786749458
2.47	7.41	1.039632127384923
2.47	8.64	1.0351667063644896
2.47	9.88	1.050425440211158
2.47	11.11	1.0504021240012056
2.47	12.34	1.047698544007715
2.47	13.57	1.0569919088251953
2.47	14.8	1.0756081004519855
2.47	16.04	1.0627465271655518
2.47	17.27	1.073077695153544
2.47	18.5	1.090212894798723
2.47	19.73	1.0852107699831874
2.47	20.96	1.0926343724379877
2.47	22.19	1.0803801815364888
2.46	23.41	1.0977508048548064
2.46	24.64	1.0692729527731502
2.46	25.87	1.0743902981284075
2.46	27.09	1.0803116575989935
2.46	28.31	1.0261919278469784
2.46	29.54	1.0032282464749318
2.46	30.78	1.0006659346294617
2.46	32.0	0.9123661561504165
2.46	33.18	0.800208147702252
2.45	34.36	0.7443440538813394
2.45	35.52	0.7343074785263575
2.44	36.61	0.663289348684048
2.42	37.58	0.23813771667754047
3.63	37.55	0.159847873758563
3.66	36.6	0.6407166445529952
3.67	35.51	0.7242099813037616
3.68	34.35	0.731546554999355
3.69	33.18	0.7929076669787726
3.69	32.0	0.8894601448057297
3.69	30.78	0.996642490778126
3.69	29.54	1.0100418859210873
3.69	28.31	1.0219056380563505
3.69	27.09	1.089851067579432
3.7	25.87	1.0658168028875137
3.7	24.64	1.081552910388985
3.7	23.41	1.0759728182375807
3.7	22.19	1.0936914580001682
3.7	20.96	1.093635451220574
3.7	19.73	1.0853589878998968
3.7	18.5	1.0869806802257462
3.7	17.27	1.0856470795368978
3.7	16.04	1.0725680722961193
3.7	14.8	1.06753142140355
3.7	13.57	1.0592402147788917
3.7	12.34	1.0575705548745562
3.7	11.11	1.044251626295875
3.7	9.88	1.043646317366715
3.7	8.64	1.045170051237488
3.7	7.41	1.0514732373087134
3.7	6.17	1.041983504297734
3.7	4.94	1.0310024771164827
3.71	3.71	1.042160355781237
3.7	2.47	1.025939838287556
3.7	1.23	1.0406750221579213
3.7	-0.0	1.0636233284107566
3.7	-1.23	1.0619972983822592
3.7	-2.47	1.064607618869652
3.71	-3.71	1.0636587266170714
3.7	-4.94	1.076624676490282
3.7	-6.17	1.0715541775293838
3.7	-7.41	1.0660172575473135
3.7	-8.64	1.0564072306675607
3.7	-9.88	1.0531243566227295
3.7	-11.11	1.046972179593726
3.7	-12.34	1.0623695439518068
3.7	-13.57	1.0595841252705422
3.7	-14.8	1.0437073422824776
3.7	-16.04	1.0442542704995625
3.7	-17.27	1.0205963911102383
3.7	-18.5	1.0274849519908895
3.7	-19.73	1.0182004245547975
3.7	-20.96	1.0017412576436067
3.7	-22.19	1.0046049377839834
3.7	-23.41	1.0202921392301552
3.7	-24.64	1.0326050104883109
3.7	-25.87	1.0449628902106007
3.69	-27.09	1.053250248512754
3.69	-28.31	1.0774707314012038
3.69	-29.54	1.0952900203665015
3.69	-30.78	1.0862021731862102
3.69	-32.0	1.036370594309853
3.69	-33.18	0.9272787881372987
3.68	-34.35	0.7934522215088133
3.67	-35.51	0.732086360123334
3.66	-36.6	0.8206039145910198
3.63	-37.55	0.8268119509332695
4.84	-37.5	0.9139259281310482
4.88	-36.58	0.8217371712720092
4.9	-35.49	0.7265538725144595
4.91	-34.35	0.7857793823344479
4.91	-33.17	0.9175060706314544
4.92	-31.99	1.0214297253431721
4.93	-30.78	1.0975654626662896
4.92	-29.54	1.0964377963952574
4.92	-28.31	1.0973987570041164
4.93	-27.09	1.0729732091862514
4.93	-25.87	1.0443372872965233
4.93	-24.64	1.034227250580108
4.93	-23.41	1.0288600329519786
4.93	-22.18	1.0135385872433371
4.93	-20.96	1.0200329957890784
4.93	-19.73	1.0201046203646364
4.93	-18.5	1.0182630010658964
4.93	-17.26	1.035213562667621
4.93	-16.04	1.0236196514931675
4.93	-14.8	1.0324769595294656
4.93	-13.57	1.0493632083876074
4.93	-12.34	1.0490794011756135
4.94	-11.1	1.0545063523146343
4.94	-9.87	1.0593047137233977
4.94	-8.64	1.0633457951857117
4.94	-7.41	1.069847935808839
4.94	-6.17	1.0615387894626098
4.94	-4.94	1.0723425933258743
4.94	-3.7	1.060207214791608
4.94	-2.47	1.0606389835264345
4.94	-1.24	1.0604232252339798
4.94	0.0	1.0514044615253817
4.94	1.24	1.0438560739158393
4.94	2.47	1.0345672709791263
4.94	3.7	1.048118460651906
4.94	4.94	1.0326692815657434
4.94	6.17	1.041883614266382
4.94	7.41	1.055024912779646
4.94	8.64	1.053240085203288
4.94	9.87	1.046444670338548
4.94	11.1	1.0361773552197255
4.93	12.34	1.0560356787354541
4.93	13.57	1.0580764332879018
4.93	14.8	1.0654501710107658
4.93	16.04	1.0728361732597471
4.93	17.26	1.0808205657049825
4.93	18.5	1.0888849496398734
4.93	19.73	1.0875324440954366
4.93	20.96	1.0961808084209754
4.93	22.18	1.0972451387716813
4.93	23.41	1.0976146122739947
4.93	24.64	1.0880490763275066
4.93	25.87	1.0811471206126222
4.93	27.09	1.0871237901941273
4.92	28.31	1.0123372963984596
4.92	29.54	1.0012218647530453
4.93	30.78	0.9913888428412265
4.92	31.99	0.8739539232291117
4.91	33.17	0.801802459576919
4.91	34.35	0.7297471677623074
4.9	35.49	0.7307489620059645
4.88	36.58	0.6293042512037482
4.84	37.5	0.1041272854607748
6.04	37.42	1.0482455323481124
6.09	36.55	0.5688453679354823
6.12	35.48	0.7371666668768259
6.13	34.34	0.7257041985656709
6.14	33.16	0.784021332436708
6.15	31.98	0.8641730849206292
6.16	30.78	0.9799724910211588
6.16	29.55	1.0063642825153136
6.15	28.31	1.0118794539635108
6.16	27.08	1.072300057591459
6.16	25.87	1.0765968584116963
6.16	24.64	1.074528941875678
6.16	23.41	1.073142339029325
6.16	22.18	1.0965352669977466
6.16	20.96	1.099988417889438
6.16	19.73	1.0879724122539525
6.16	18.49	1.0908308539660954
6.17	17.26	1.079024216283166
6.17	16.03	1.0797917929797862
6.17	14.8	1.0793873533969092
6.17	13.57	1.0620163856235725
6.17	12.34	1.060468270651953
6.17	11.1	1.0643778132639814
6.17	9.87	1.053615177817419
6.17	8.64	1.0577441928898275
6.17	7.41	1.056820257653229
6.17	6.17	1.0449928016934216
6.17	4.94	1.0492740529624567
6.17	3.7	1.0448220897170073
6.17	2.47	1.051653227730506
6.17	1.23	1.055619425738493
6.17	-0.0	1.0610463706456488
6.17	-1.23	1.0604571417850148
6.17	-2.47	1.0667960825278946
6.17	-3.7	1.0619925646297224
6.17	-4.94	1.072057885035428
6.17	-6.17	1.0490539621604202
6.17	-7.41	1.052464687088869
6.17	-8.64	1.062255013217243
6.17	-9.87	1.061938915308485
6.17	-11.1	1.051248860219136
6.17	-12.34	1.054416267817328
6.17	-13.57	1.0374027774934158
6.17	-14.8	1.035391939842093
6.17	-16.03	1.0360302862342041
6.17	-17.26	1.0236123521135105
6.16	-18.49	1.021762646138522
6.16	-19.73	1.0149110562631065
6.16	-20.96	1.006384892227172
6.16	-22.18	1.0149752731654242
6.16	-23.41	1.0306532897914589
6.16	-24.64	1.033786082977235
6.16	-25.87	1.0363554404194593
6.16	-27.08	1.080891289301359
6.15	-28.31	1.0865058391322833
6.16	-29.55	1.0891723451084288
6.16	-30.78	1.0809433806207231
6.15	-31.98	1.0082434019950954
6.14	-33.16	0.8941985576242647
6.13	-34.34	0.7757794461475657
6.12	-35.48	0.7550683100382239
6.09	-36.55	0.8063826564510768
6.04	-37.42	0.8289322996362708
7.22	-37.3	0.6977838987290323
7.3	-36.51	0.8290876238370192
7.34	-35.46	0.7902163993288883
7.36	-34.33	0.7781156310865792
7.37	-33.15	0.8858717825264404
7.38	-31.97	0.997947026420461
7.39	-30.78	1.0771535784407809
7.39	-29.55	1.0934931177162994
7.38	-28.31	1.090065149259824
7.39	-27.08	1.0890851953134462
7.39	-25.86	1.0544341578550525
7.39	-24.64	1.0520384300762562
7.39	-23.41	1.0466252432098129
7.39	-22.18	1.0112886136315946
7.4	-20.95	1.0068710258998972
7.4	-19.73	1.0175301290928815
7.4	-18.49	1.0176381223468178
7.4	-17.26	1.0163340016955484
7.4	-16.03	1.0377386028925129
7.4	-14.8	1.0433125804103307
7.4	-13.57	1.0442338023942344
7.4	-12.34	1.0413454603377015
7.4	-11.1	1.0598669401252634
7.4	-9.87	1.05830588320282
7.4	-8.64	1.0618371259316475
7.41	-7.41	1.0662184967306383
7.41	-6.17	1.062831169306131
7.41	-4.94	1.0613741315935141
7.41	-3.7	1.0617488871041256
7.41	-2.47	1.062369771500721
7.41	-1.23	1.0516461672727773
7.41	0.0	1.064941705207143
7.41	1.23	1.0589070898495827
7.41	2.47	1.0480501405846123
7.41	3.7	1.0432511886585778
7.41	4.94	1.0493401053159852
7.41	6.17	1.0470744098440108
7.41	7.41	1.0510277281171025
7.4	8.64	1.0512270675431827
7.4	9.87	1.057339257872745
7.4	11.1	1.068834095976514
7.4	12.34	1.067681631003005
7.4	13.57	1.0749416612315215
7.4	14.8	1.0706783227069643
7.4	16.03	1.083225260780851
7.4	17.26	1.088267736586012
7.4	18.49	1.0833964597778036
7.4	19.73	1.0923192116447191
7.4	20.95	1.098651406733082
7.39	22.18	1.094180843584788
7.39	23.41	1.089172034020126
7.39	24.64	1.091155520713366
7.39	25.86	1.085673397370295
7.39	27.08	1.0527973380606874
7.38	28.31	1.0173632434887439
7.39	29.55	1.0261429115984175
7.39	30.78	0.960433827196259
7.38	31.97	0.8455478758727314
7.37	33.15	0.7513293707516533
7.36	34.33	0.7230603635281447
7.34	35.46	0.7294630843132286
7.3	36.51	0.5088608525544525
7.22	37.3	0.984601460226816
8.51	36.45	0.4122106572615672
8.55	35.43	0.7167728794700698
8.58	34.31	0.7265596468060227
8.59	33.14	0.755812647235108
8.6	31.96	0.8395461371309157
8.62	30.77	0.9270697401587145
8.62	29.55	1.026339531585607
8.62	28.31	0.9979155683984596
8.62	27.08	1.025269842748346
8.62	25.86	1.079072750715461
8.62	24.64	1.07547926796695
8.62	23.41	1.0837503698486983
8.62	22.18	1.0906380395992943
8.63	20.95	1.096724663527956
8.63	19.72	1.091995814614924
8.63	18.49	1.0821024278075049
8.63	17.26	1.0788910245863381
8.63	16.03	1.0844863431673906
8.63	14.8	1.0766648750943824
8.64	13.57	1.0779240203609004
8.64	12.34	1.0577341872396848
8.64	11.1	1.0442751656937395
8.64	9.87	1.0605944957241722
8.64	8.64	1.0534799693032642
8.64	7.4	1.04890206168183
8.64	6.17	1.0546897516704599
8.64	4.94	1.0406437997152937
8.64	3.7	1.0440118119350221
8.64	2.47	1.0542009857886223
8.64	1.23	1.0588262546434393
8.64	-0.0	1.0628249078623397
8.64	-1.23	1.0728017749672754
8.64	-2.47	1.0669751894014448
8.64	-3.7	1.060306404098105
8.64	-4.94	1.0688533696330915
8.64	-6.17	1.0746924339579023
8.64	-7.4	1.0605880883423993
8.64	-8.64	1.056208918533274
8.64	-9.87	1.0629353609992682
8.64	-11.1	1.046923853003782
8.64	-12.34	1.0416108315266595
8.64	-13.57	1.042059430627968
8.63	-14.8	1.0408867591634714
8.63	-16.03	1.0329368903584526
8.63	-17.26	1.019901167392812
8.63	-18.49	1.0124561031551327
8.63	-19.72	1.0048648591080152
8.63	-20.95	1.0209291723640574
8.62	-22.18	1.0230288474843
8.62	-23.41	1.03352554171481
8.62	-24.64	1.049659228738369
8.62	-25.86	1.0546524325108673
8.62	-27.08	1.067281128766247
8.62	-28.31	1.0894564676436949
8.62	-29.55	1.0986099994381673
8.62	-30.77	1.0593962034460056
8.6	-31.96	0.9847347248012023
8.59	-33.14	0.8677099343138751
8.58	-34.31	0.7792852567698191
8.55	-35.43	0.8317435049235588
8.51	-36.45	0.7803712064157512
9.7	-36.37	0.8927520352956942
9.76	-35.39	0.8654672793898329
9.8	-34.29	0.7618452070671853
9.82	-33.13	0.8598088535275841
9.83	-31.95	0.9457758854042672
9.84	-30.76	1.0315591202871335
9.85	-29.55	1.0775981750800951
9.85	-28.31	1.1061788279377727
9.85	-27.08	1.0711920483507142
9.85	-25.85	1.0746873878863703
9.85	-24.63	1.0513382451599844
9.86	-23.41	1.0400990254610891
9.86	-22.18	1.0373993334333351
9.86	-20.95	1.0218195573602995
9.86	-19.72	1.0212543917679304
9.86	-18.49	1.0228456662647396
9.86	-17.26	1.0185439396142848
9.86	-16.03	1.0345413270089439
9.87	-14.8	1.048427187199519
9.87	-13.57	1.0498671381940738
9.87	-12.34	1.044042135715271
9.87	-11.1	1.0588873956382134
9.87	-9.87	1.051176828046975
9.87	-8.64	1.0528091598499407
9.87	-7.4	1.0535846290174962
9.87	-6.17	1.0686427977536779
9.87	-4.94	1.0622229637676652
9.88	-3.7	1.0582374180233978
9.88	-2.47	1.054911356773467
9.88	-1.23	1.0573350745599195
9.88	0.0	1.0480489017507284
9.88	1.23	1.054056256685894
9.88	2.47	1.0481815782948838
9.88	3.7	1.060405502716191
9.87	4.94	1.0467449265296633
9.87	6.17	1.065803876418823
9.87	7.4	1.0531967698031246
9.87	8.64	1.0510161029489322
9.87	9.87	1.0712636896431489
9.87	11.1	1.0650857377464331
9.87	12.34	1.0802014763692547
9.87	13.57	1.0751721578846432
9.87	14.8	1.0812493152931508
9.86	16.03	1.0680245661113235
9.86	17.26	1.087200557897928
9.86	18.49	1.0849301905514745
9.86	19.72	1.097175845499608
9.86	20.95	1.0836230512126515
9.86	22.18	1.0808289272093539
9.86	23.41	1.0872481761536246
9.85	24.63	1.0898997375573827
9.85	25.85	1.064334051441724
9.85	27.08	1.0265256180173368
9.85	28.31	1.0215364570226453
9.85	29.55	1.0165232000570577
9.84	30.76	0.9036860419111454
9.83	31.95	0.8092374487985302
9.82	33.13	0.7319955018591199
9.8	34.29	0.747350263739164
9.76	35.39	0.6724738264730009
9.7	36.37	0.30146807544125476
10.88	36.26	0.4996648029783435
10.97	35.34	0.6108545821557192
11.01	34.26	0.7420590142280764
11.04	33.11	0.7221784622472344
11.05	31.93	0.7990083533736272
11.07	30.75	0.8732581523485369
11.08	29.55	0.9738980159414361
11.08	28.32	1.0231168314547876
11.08	27.08	1.019596384872812
11.08	25.85	1.0364455172431466
11.08	24.63	1.081225162717464
11.09	23.41	1.0845994025769072
11.09	22.18	1.0789180399920772
11.09	20.95	1.0806105721302295
11.09	19.72	1.0928421171074012
11.1	18.49	1.0966559204530342
11.1	17.26	1.0756264263721045
11.1	16.03	1.0759071212290303
11.1	14.8	1.0838433902854796
11.1	13.57	1.0790372520199096
11.1	12.34	1.0709793118924875
11.1	11.1	1.0805898156098566
11.1	9.87	1.0621919557918427
11.1	8.64	1.0644269260289854
11.1	7.4	1.0588667917452528
11.1	6.17	1.0527013994761432
11.1	4.94	1.0488935671624118
11.11	3.7	1.0525457982057458
11.11	2.47	1.0542285423358144
11.11	1.23	1.0633286670502782
11.11	-0.0	1.0560855708337173
11.11	-1.23	1.0448812974539035
11.11	-2.47	1.0553206543431546
11.11	-3.7	1.0498667988377381
11.1	-4.94	1.0494544174686324
11.1	-6.17	1.037873491634359
11.1	-7.4	1.0518250515873884
11.1	-8.64	1.053228296650293
11.1	-9.87	1.0525467362443746
11.1	-11.1	1.0488384962503015
11.1	-12.34	1.0413434180560324
11.1	-13.57	1.0388160935257111
11.1	-14.8	1.0426064421828032
11.1	-16.03	1.0437163170644876
11.1	-17.26	1.0259863145615589
11.1	-18.49	1.0238638459285903
11.09	-19.72	1.0152173723947333
11.09	-20.95	1.0352696062661542
11.09	-22.18	1.039131001790514
11.09	-23.41	1.0457732909450277
11.08	-24.63	1.074843443329913
11.08	-25.85	1.078307068570838
11.08	-27.08	1.083949633193881
11.08	-28.32	1.0905677156461182
11.08	-29.55	1.0834790812149726
11.07	-30.75	1.0214507856412578
11.05	-31.93	0.9276692282507273
11.04	-33.11	0.8331888845438198
11.01	-34.26	0.7912874039373248
10.97	-35.34	0.855085831017807
10.88	-36.26	0.8302145061602296
12.02	-36.05	0.8175719791766439
12.16	-35.27	0.8121110373433564
12.22	-34.22	0.8311209266838696
12.25	-33.09	0.8134229111883944
12.27	-31.91	0.9042419824050165
12.29	-30.73	0.9735463625574303
12.31	-29.54	1.0472154838355592
12.31	-28.32	1.1008892939659005
12.31	-27.08	1.1023053142557462
12.31	-25.85	1.0851050530241109
12.31	-24.63	1.0795896235220757
12.32	-23.4	1.0471162377059886
12.32	-22.18	1.0474516890605208
12.32	-20.94	1.042628227713689
12.32	-19.72	1.0188575309919874
12.33	-18.49	1.0260996821430064
12.33	-17.26	1.0271055343523303
12.33	-16.03	1.0335022898241308
12.33	-14.8	1.029570962458469
12.33	-13.56	1.0398639033248456
12.33	-12.33	1.0425741588759183
12.34	-11.1	1.040965059813095
12.34	-9.87	1.0589897691546204
12.34	-8.64	1.0536124350027571
12.34	-7.4	1.050964897693116
12.34	-6.17	1.053768207969195
12.34	-4.93	1.0511837548288026
12.34	-3.7	1.0570436607315312
12.34	-2.47	1.0549316677645124
12.34	-1.23	1.0540362759704978
12.34	0.0	1.0531283363967494
12.34	1.23	1.0517728423885124
12.34	2.47	1.0581530734017062
12.34	3.7	1.0522777468787328
12.34	4.93	1.052944625147336
12.34	6.17	1.0504733674795073
12.34	7.4	1.0529994025425864
12.34	8.64	1.0626763044422434
12.34	9.87	1.0555415910197452
12.34	11.1	1.053487562578796
12.33	12.33	1.0721404946466895
12.33	13.56	1.080859500144604
12.33	14.8	1.0779328043856597
12.33	16.03	1.0860393149504264
12.33	17.26	1.066473518360698
12.33	18.49	1.0889572581833005
12.32	19.72	1.0822716128992818
12.32	20.94	1.0879998978322978
12.32	22.18	1.0888608143592153
12.32	23.4	1.068454295768642
12.31	24.63	1.0732579481324935
12.31	25.85	1.0316963809985356
12.31	27.08	1.0094684196462893
12.31	28.32	1.0317323820890216
12.31	29.54	0.9303684971248104
12.29	30.73	0.8348529016348303
12.27	31.91	0.7670003732742214
12.25	33.09	0.7250246733862954
12.22	34.22	0.718063123806103
12.16	35.27	0.5119401183544012
12.02	36.05	0.9364225067951691
13.34	35.17	0.3786197745039598
13.42	34.17	0.6948303494566652
13.47	33.06	0.725183239305238
13.49	31.9	0.7205582708220336
13.51	30.71	0.8081897813378229
13.53	29.53	0.885295859606526
13.54	28.32	0.9936239318706742
13.54	27.08	1.0129993398766217
13.54	25.85	1.0185596094897036
13.54	24.62	1.0413410809334092
13.55	23.4	1.0711035290685893
13.55	22.17	1.0781936536382006
13.55	20.94	1.0819969071360565
13.55	19.71	1.0810441245635969
13.56	18.49	1.082633595146253
13.56	17.26	1.0973855784785778
13.56	16.03	1.0774478020354041
13.56	14.8	1.0790091348082163
13.56	13.56	1.0764651231410287
13.56	12.33	1.0690199278568817
13.57	11.1	1.0717723642336114
13.57	9.87	1.0596582859133674
13.57	8.64	1.0676081778699151
13.57	7.4	1.059653600084293
13.57	6.17	1.050687065412621
13.57	4.93	1.0660877952744652
13.57	3.7	1.060044017687128
13.57	2.47	1.057442726812839
13.57	1.23	1.0533517242492194
13.57	-0.0	1.0456444713472441
13.57	-1.23	1.0496445240376893
13.57	-2.47	1.0508670385972496
13.57	-3.7	1.0536035510022432
13.57	-4.93	1.0615779841441229
13.57	-6.17	1.0532280488799086
13.57	-7.4	1.0517195666243733
13.57	-8.64	1.0489581040585696
13.57	-9.87	1.0456301760392053
13.57	-11.1	1.050525055677787
13.56	-12.33	1.0403483610940627
13.56	-13.56	1.035773804793777
13.56	-14.8	1.0282589331788012
13.56	-16.03	1.0318603914576423
13.56	-17.26	1.0290452181713934
13.56	-18.49	1.0176570967139014
13.55	-19.71	1.0356325801006117
13.55	-20.94	1.0425483904339776
13.55	-22.17	1.0566878569139897
13.55	-23.4	1.0648090045928291
13.54	-24.62	1.0771217521247725
13.54	-25.85	1.0809974489171226
13.54	-27.08	1.1029182184055835
13.54	-28.32	1.0849423482530107
13.53	-29.53	1.030653138755082
13.51	-30.71	0.9628405916663435
13.49	-31.9	0.8854884369376951
13.47	-33.06	0.8139343591135634
13.42	-34.17	0.8894988801236791
13.34	-35.17	0.7632344127508202
14.49	-35.02	0.7844195655291089
14.62	-34.1	0.8598879164217464
14.67	-33.02	0.8230731262515203
14.71	-31.87	0.8526482020076266
14.73	-30.69	0.9410817871962673
14.75	-29.51	1.0019755941995112
14.77	-28.31	1.0510969613065173
14.78	-27.09	1.1089552800663935
14.77	-25.85	1.0877514021293873
14.77	-24.62	1.0744246292200417
14.77	-23.39	1.071605127139798
14.78	-22.17	1.065931041024105
14.78	-20.94	1.0541257041325782
14.78	-19.71	1.0487357673238014
14.79	-18.48	1.0319445174771673
14.79	-17.25	1.0343339516894616
14.79	-16.03	1.0329554103586247
14.79	-14.79	1.0368955741192676
14.8	-13.56	1.0347043045145632
14.8	-12.33	1.0354501985300448
14.8	-11.1	1.0433111105512
14.8	-9.87	1.048640577106224
14.8	-8.63	1.0558170614017017
14.8	-7.4	1.048080198889133
14.8	-6.17	1.061511900682975
14.8	-4.93	1.0610228932442964
14.8	-3.7	1.0511571560293722
14.8	-2.47	1.0657767790105865
14.8	-1.23	1.0577920175438758
14.8	0.0	1.061617842317637
14.8	1.23	1.0510466636857547
14.8	2.47	1.068167801586484
14.8	3.7	1.0520487624649113
14.8	4.93	1.0609501152514578
14.8	6.17	1.0612541905692254
14.8	7.4	1.0510573402774726
14.8	8.63	1.070365762064339
14.8	9.87	1.0567335542455927
14.8	11.1	1.06837196545459
14.8	12.33	1.0744154232133503
14.8	13.56	1.0750294764894137
14.79	14.79	1.0731573629998885
14.79	16.03	1.0913415984306853
14.79	17.25	1.0793769173127854
14.79	18.48	1.0916510974787013
14.78	19.71	1.0776506369034766
14.78	20.94	1.0890479219368363
14.78	22.17	1.0799860850375527
14.77	23.39	1.0691860749644777
14.77	24.62	1.0381888482430863
14.77	25.85	1.0004877934652092
14.78	27.09	1.0363952976351376
14.77	28.31	0.9466565694063522
14.75	29.51	0.8618433373263267
14.73	30.69	0.7795701800963598
14.71	31.87	0.7305037957945045
14.67	33.02	0.7314912993663488
14.62	34.1	0.5990531481274508
14.49	35.02	1.1900631600749718
15.79	34.0	0.39320518290186024
15.87	32.97	0.7049683576516019
15.92	31.84	0.7314718949911948
15.95	30.67	0.7609541085719743
15.97	29.48	0.8376992157487462
15.99	28.3	0.9060702565841665
16.01	27.09	0.993857574617029
16.01	25.85	1.0251515602733765
16.0	24.62	1.0386565538703565
16.0	23.39	1.05026006285583
16.01	22.16	1.0742406524715804
16.01	20.94	1.0672383149181508
16.02	19.71	1.0829412689595639
16.02	18.48	1.085064289621228
16.02	17.25	1.074626950462585
16.02	16.02	1.0836922401124813
16.03	14.79	1.0928665492835088
16.03	13.56	1.0696412365573158
16.03	12.33	1.0722901704616499
16.03	11.1	1.0770076864949016
16.03	9.86	1.0736632432142854
16.03	8.63	1.0624509096400214
16.03	7.4	1.065264497266634
16.03	6.17	1.0613503882808495
16.04	4.93	1.0549794840003475
16.04	3.7	1.0499391480248852
16.04	2.47	1.0549785223558308
16.04	1.23	1.063142721786516
16.04	-0.0	1.0472400730359992
16.04	-1.23	1.0525340436800172
16.04	-2.47	1.0437182440332324
16.04	-3.7	1.0551372159729304
16.04	-4.93	1.0483917180407192
16.03	-6.17	1.0539340538265183
16.03	-7.4	1.047303445693769
16.03	-8.63	1.054748992291279
16.03	-9.86	1.0428359005471048
16.03	-11.1	1.0493050921387244
16.03	-12.33	1.039081296604843
16.03	-13.56	1.038140867969447
16.03	-14.79	1.0264398524664904
16.02	-16.02	1.0295117452748965
16.02	-17.25	1.0411387624183375
16.02	-18.48	1.0433088193985722
16.02	-19.71	1.0560221799626803
16.01	-20.94	1.0593296650589719
16.01	-22.16	1.07012969123002
16.0	-23.39	1.0760099274505261
16.0	-24.62	1.0828412204377356
16.01	-25.85	1.0970687562493007
16.01	-27.09	1.0768346385570469
15.99	-28.3	1.034122782096365
15.97	-29.48	0.9776927365350079
15.95	-30.67	0.9256156951833213
15.92	-31.84	0.8468503027879054
15.87	-32.97	0.8924873331988081
15.79	-34.0	0.7964615150639159
16.92	-33.85	0.8935023724443176
17.06	-32.9	0.907971309515941
17.12	-31.8	0.8530542230783441
17.16	-30.65	0.8956083315271652
17.19	-29.46	0.9512360743816556
17.21	-28.27	1.0211378983733097
17.23	-27.08	1.0437462773247357
17.24	-25.86	1.0925875668700746
17.23	-24.62	1.0878376893960193
17.23	-23.38	1.0772135925893602
17.23	-22.16	1.0718448629873774
17.24	-20.93	1.067769247684314
17.25	-19.71	1.056784109329011
17.25	-18.48	1.0468482972009627
17.25	-17.25	1.0484240966867895
17.25	-16.02	1.0403643866859298
17.25	-14.79	1.0380228728272645
17.26	-13.56	1.033572251709949
17.26	-12.33	1.0344624353784395
17.26	-11.1	1.0300386143887765
17.26	-9.86	1.0403314159659258
17.26	-8.63	1.0432329235458586
17.26	-7.4	1.0456460416733324
17.26	-6.17	1.049326175430241
17.26	-4.93	1.0450538688769055
17.27	-3.7	1.0469720884690474
17.27	-2.47	1.043597661677393
17.27	-1.23	1.054908054077052
17.27	0.0	1.0527760365011298
17.27	1.23	1.0604868005190486
17.27	2.47	1.0488859831914557
17.27	3.7	1.0614988263140164
17.26	4.93	1.0623596614912152
17.26	6.17	1.067780612283618
17.26	7.4	1.057588076651189
17.26	8.63	1.0540034782428176
17.26	9.86	1.072017549782635
17.26	11.1	1.0573161844760266
17.26	12.33	1.0667029303547488
17.26	13.56	1.0692326868688085
17.25	14.79	1.0740250743152573
17.25	16.02	1.082355732429867
17.25	17.25	1.0859453688815988
17.25	18.48	1.0743891395279372
17.25	19.71	1.0691354857605349
17.24	20.93	1.0660346920682962
17.23	22.16	1.0667200863724011
17.23	23.38	1.036563106809073
17.23	24.62	1.009978692564572
17.24	25.86	1.0087747832668972
17.23	27.08	0.9312963672282563
17.21	28.27	0.8715558638561759
17.19	29.46	0.7840770994523264
17.16	30.65	0.732623059792033
17.12	31.8	0.7225554449626695
17.06	32.9	0.6158966883114045
16.92	33.85	0.26598430910277027
18.21	32.78	0.424671491132909
18.31	31.74	0.6863171891425803
18.37	30.61	0.7515146676373996
18.4	29.44	0.7335794994996601
18.42	28.25	0.8276783017708385
18.45	27.06	0.8979523650812269
18.47	25.85	0.9658022975238398
18.47	24.63	1.0164737662401566
18.46	23.39	1.0227989213955662
18.46	22.15	1.0355367354928906
18.47	20.93	1.0760885179461497
18.47	19.7	1.0726453232846291
18.48	18.48	1.0704229996517605
18.48	17.25	1.0770761273825962
18.48	16.02	1.0821958092922275
18.48	14.79	1.0810008541114582
18.49	13.56	1.0688804162615742
18.49	12.33	1.0874968250978343
18.49	11.1	1.0639368788334098
18.49	9.86	1.0640778347093038
18.49	8.63	1.0756575058939326
18.49	7.4	1.072344577776857
18.49	6.16	1.0623636648278263
18.5	4.93	1.0583636782852923
18.5	3.7	1.0608506640546944
18.5	2.47	1.0585393140774746
18.5	1.23	1.0549074258496973
18.5	-0.0	1.0651920846137155
18.5	-1.23	1.0540323365404947
18.5	-2.47	1.052540095949122
18.5	-3.7	1.055463252495946
18.5	-4.93	1.0452683490124135
18.49	-6.16	1.0516058396094967
18.49	-7.4	1.0443830729689771
18.49	-8.63	1.047166939444883
18.49	-9.86	1.0458915736684002
18.49	-11.1	1.0448558114591604
18.49	-12.33	1.039034279700626
18.49	-13.56	1.0491249022042548
18.48	-14.79	1.0460249515232167
18.48	-16.02	1.0529998860153968
18.48	-17.25	1.0469102846089855
18.48	-18.48	1.045194544726979
18.47	-19.7	1.0756516645288243
18.47	-20.93	1.0639512069619421
18.46	-22.15	1.0831503629779695
18.46	-23.39	1.0894955762181342
18.47	-24.63	1.0995317469519206
18.47	-25.85	1.0640447183047224
18.45	-27.06	1.008899259281942
18.42	-28.25	0.9910996421407129
18.4	-29.44	0.9414651998060877
18.37	-30.61	0.8822440945806367
18.31	-31.74	0.9180016775689643
18.21	-32.78	0.801546089136781
19.32	-32.6	0.7461575704635771
19.48	-31.66	0.8885253255018213
19.56	-30.56	0.8970467730330779
19.61	-29.41	0.9170271567643473
19.63	-28.22	0.9794603284521011
19.66	-27.03	1.00652296323784
19.68	-25.84	1.0383343063675472
19.7	-24.62	1.0692087852497996
19.7	-23.39	1.0832509029991035
19.69	-22.16	1.0787376283565957
19.69	-20.92	1.075231564772296
19.7	-19.7	1.0741982564870243
19.7	-18.47	1.063243251509026
19.71	-17.25	1.0454923085859962
19.71	-16.02	1.0524491211272475
19.71	-14.78	1.040878759847179
19.71	-13.55	1.05176767795833
19.72	-12.32	1.0544511632287548
19.72	-11.09	1.0406989795577941
19.72	-9.86	1.0413836091136148
19.72	-8.63	1.0449739738011206
19.73	-7.4	1.0404618016036697
19.73	-6.16	1.0464555490795926
19.73	-4.93	1.0590843973555166
19.73	-3.7	1.0489804606198732
19.73	-2.47	1.0489265229815468
19.73	-1.23	1.0469089997411425
19.73	0.0	1.0605416440878155
19.73	1.23	1.0514086211212677
19.73	2.47	1.0667728604952962
19.73	3.7	1.0633984134363277
19.73	4.93	1.058162680413968
19.73	6.16	1.0581724883159045
19.73	7.4	1.0558912222701249
19.72	8.63	1.0556862143948278
19.72	9.86	1.076363448589481
19.72	11.09	1.069293503212363
19.72	12.32	1.0752725380521797
19.71	13.55	1.074548574664974
19.71	14.78	1.079348938495789
19.71	16.02	1.0683789056632047
19.71	17.25	1.0657758894760165
19.7	18.47	1.071076333307408
19.7	19.7	1.0683009989490742
19.69	20.92	1.0554964633109993
19.69	22.16	1.0268016413109275
19.7	23.39	1.0160089299064552
19.7	24.62	0.9793367583625096
19.68	25.84	0.906728240881226
19.66	27.03	0.8373968653080621
19.63	28.22	0.7618975136630002
19.61	29.41	0.7374530769175626
19.56	30.56	0.7208243076625092
19.48	31.66	0.6024651425067906
19.32	32.6	0.5508082550229202
20.61	31.52	0.41304682873740756
20.73	30.49	0.6719383220198514
20.8	29.36	0.7371036617371887
20.84	28.2	0.7199787720532212
20.87	27.01	0.7915686590001686
20.89	25.81	0.8673480483522816
20.92	24.61	0.9263378114084669
20.93	23.39	0.9837333011994767
20.93	22.16	0.9980310954597299
20.92	20.92	1.041458914601636
20.92	19.69	1.0412019960188437
20.93	18.47	1.0737470295885057
20.93	17.24	1.071641909084918
20.94	16.01	1.0594218868829761
20.94	14.78	1.074728800854034
20.94	13.55	1.073449536290722
20.94	12.32	1.0651609832131015
20.95	11.09	1.0614472095666505
20.95	9.86	1.072231421840641
20.95	8.63	1.061867677440562
20.95	7.4	1.0690199743616342
20.96	6.16	1.065714519935132
20.96	4.93	1.0658243343980969
20.96	3.7	1.0599914893934803
20.96	2.47	1.0570224244428914
20.96	1.23	1.064937171832392
20.96	-0.0	1.0640518439262503
20.96	-1.23	1.05920231618273
20.96	-2.47	1.0543204177337075
20.96	-3.7	1.0593596999371353
20.96	-4.93	1.0477534068033267
20.96	-6.16	1.0461138213327896
20.95	-7.4	1.045728028550521
20.95	-8.63	1.0503403048560631
20.95	-9.86	1.0501059031758715
20.95	-11.09	1.0447376542288613
20.94	-12.32	1.0433433423514344
20.94	-13.55	1.0499534742301857
20.94	-14.78	1.0500102880053817
20.94	-16.01	1.0594580167087075
20.93	-17.24	1.074945125415802
20.93	-18.47	1.0673171320459258
20.92	-19.69	1.079218800047216
20.92	-20.92	1.0809023056031484
20.93	-22.16	1.0926774127572676
20.93	-23.39	1.0728313537530294
20.92	-24.61	1.0450016199759795
20.89	-25.81	1.013161651561147
20.87	-27.01	1.0005153601675911
20.84	-28.2	0.9658498498593614
20.8	-29.36	0.9217154976174732
20.73	-30.49	0.9506770232717142
20.61	-31.52	0.791555458597736
21.63	-31.24	0.734887029763851
21.87	-30.38	0.8978455045367212
21.97	-29.3	0.9585323634843634
22.04	-28.16	0.9359192561744947
22.07	-26.98	0.9847780574705752
22.1	-25.78	1.0075839384777396
22.13	-24.59	1.021024958387422
22.15	-23.38	1.0497767228813533
22.16	-22.16	1.0657954915716181
22.16	-20.93	1.0830523865622754
22.16	-19.69	1.0814669179855776
22.15	-18.46	1.0823540363395574
22.16	-17.23	1.063928720543914
22.16	-16.01	1.0683041689225985
22.17	-14.78	1.070243152471467
22.17	-13.55	1.0473297426386359
22.18	-12.32	1.0602330525677388
22.18	-11.09	1.0511257749050797
22.18	-9.86	1.0430829947753406
22.18	-8.62	1.053868473873597
22.18	-7.39	1.0543947378458602
22.18	-6.16	1.0467009339933426
22.18	-4.93	1.053646157515825
22.19	-3.7	1.0543602560714342
22.19	-2.47	1.0564550870219498
22.19	-1.23	1.0667357977836087
22.19	0.0	1.0580487002816483
22.19	1.23	1.060862820569742
22.19	2.47	1.0604483529851985
22.19	3.7	1.067542957614634
22.18	4.93	1.0732199752956026
22.18	6.16	1.0563820311404566
22.18	7.39	1.067141884791921
22.18	8.62	1.0578582125445124
22.18	9.86	1.063702681939279
22.18	11.09	1.075644533281004
22.18	12.32	1.0619171908811715
22.17	13.55	1.0662060228562413
22.17	14.78	1.0599681728604409
22.16	16.01	1.0755750358208658
22.16	17.23	1.069976640817843
22.15	18.46	1.049152443867142
22.16	19.69	1.0229206167941862
22.16	20.93	1.0194117085851295
22.16	22.16	0.977568050721347
22.15	23.38	0.9411135415761189
22.13	24.59	0.8783602692206238
22.1	25.78	0.8144589546459496
22.07	26.98	0.7251953694179536
22.04	28.16	0.7542874851080958
21.97	29.3	0.6893908637356667
21.87	30.38	0.5432736450483372
21.63	31.24	1.0724460369459206
22.94	30.18	0.42624499798330084
23.12	29.2	0.585260165310209
23.21	28.1	0.7150827356223604
23.27	26.94	0.7149827512273509
23.31	25.76	0.7406031701026777
23.33	24.56	0.8176978340474997
23.36	23.36	0.8745405666117416
23.38	22.15	0.9292246620244298
23.39	20.93	0.9963947772917806
23.39	19.7	1.018441145104897
23.39	18.46	1.0410624239063528
23.38	17.23	1.0496394930789474
23.39	16.0	1.0759793620054134
23.39	14.77	1.0794003780023655
23.4	13.55	1.071975111100315
23.4	12.32	1.065992331884612
23.41	11.09	1.0654971239818523
23.41	9.86	1.0715197724663101
23.41	8.62	1.0558098121650743
23.41	7.39	1.0500084910598506
23.41	6.16	1.048821765671059
23.41	4.93	1.0449058497341728
23.41	3.7	1.0603117306225591
23.41	2.46	1.056181675135806
23.41	1.23	1.0622113835749698
23.41	-0.0	1.0651478242568329
23.41	-1.23	1.0581969822201203
23.41	-2.46	1.0622507828274927
23.41	-3.7	1.059265258670409
23.41	-4.93	1.061126100264959
23.41	-6.16	1.0554020564097601
23.41	-7.39	1.076474334497757
23.41	-8.62	1.0864249664344425
23.41	-9.86	1.0730321146193915
23.41	-11.09	1.0627871756713545
23.4	-12.32	1.055757916026165
23.4	-13.55	1.0718307605617203
23.39	-14.77	1.0639162755774927
23.39	-16.0	1.07301238946672
23.38	-17.23	1.085373773383288
23.39	-18.46	1.0886241606533478
23.39	-19.7	1.0805998817974585
23.39	-20.93	1.0599227938340567
23.38	-22.15	1.0579387969158305
23.36	-23.36	1.0274967922692329
23.33	-24.56	1.0140925618604655
23.31	-25.76	1.0091105013173283
23.27	-26.94	0.9774388519332791
23.21	-28.1	0.9622858964215323
23.12	-29.2	0.9539204631998143
22.94	-30.18	0.7683263370322371
24.2	-29.04	0.8127826077422335
24.36	-28.01	0.9804468893819
24.44	-26.89	0.9813778035332886
24.5	-25.72	0.9860245357443985
24.53	-24.53	1.0225757769000021
24.56	-23.33	1.0322051355510489
24.59	-22.13	1.0267540054955646
24.61	-20.92	1.0496442888223334
24.62	-19.7	1.0635334330872643
24.63	-18.47	1.080014504904286
24.62	-17.23	1.0916055495060948
24.62	-16.0	1.0843404782185286
24.62	-14.77	1.0858766179771548
24.62	-13.54	1.0623150452808854
24.63	-12.31	1.072712599994283
24.63	-11.08	1.066489993250954
24.63	-9.85	1.0582168055695387
24.64	-8.62	1.0592433382547755
24.64	-7.39	1.0744006208718477
24.64	-6.16	1.0943140750506646
24.64	-4.93	1.0965922069600123
24.64	-3.7	1.1040658083917436
24.64	-2.46	1.0834138513807048
24.64	-1.23	1.0834537303403216
24.64	0.0	1.075596074177517
24.64	1.23	1.0631940449428647
24.64	2.46	1.06072306574084
24.64	3.7	1.0413749581919776
24.64	4.93	1.0526800790735242
24.64	6.16	1.0596146964923805
24.64	7.39	1.0494591318327036
24.64	8.62	1.0506012511304867
24.63	9.85	1.054389544587929
24.63	11.08	1.0653640914112064
24.63	12.31	1.0633238857587977
24.62	13.54	1.070622381231757
24.62	14.77	1.0563983335369909
24.62	16.0	1.0490000167537015
24.62	17.23	1.0345873711622682
24.63	18.47	1.0025244750266429
24.62	19.7	0.9751619991997481
24.61	20.92	0.932354805561554
24.59	22.13	0.8920198876877387
24.56	23.33	0.821174406614446
24.53	24.53	0.7383070290929963
24.5	25.72	0.7260614975672255
24.44	26.89	0.6980628652910295
24.36	28.01	0.6416429322853978
24.2	29.04	0.3277062091403134
25.43	27.86	0.3915203452571572
25.59	26.8	0.646743934524323
25.67	25.67	0.704758944342489
25.72	24.5	0.7406541594991821
25.76	23.31	0.7469099930415158
25.78	22.1	0.8263966598918588
25.81	20.89	0.8848979798329151
25.84	19.68	0.9374740572352483
25.85	18.47	0.9623153580635398
25.86	17.24	1.005028949154561
25.85	16.01	1.0357952654458487
25.85	14.77	1.0446382830123049
25.85	13.54	1.0515912282907303
25.85	12.31	1.0520831316363493
25.85	11.08	1.0555127335677248
25.85	9.85	1.0591758942629594
25.86	8.62	1.0634168097964198
25.86	7.39	1.061718957000874
25.87	6.16	1.061014629137487
25.87	4.93	1.069115273426297
25.87	3.7	1.0608950911586699
25.87	2.46	1.0721515275303195
25.87	1.23	1.0737650747169383
25.87	-0.0	1.06563496776241
25.87	-1.23	1.07071306576258
25.87	-2.46	1.0561328248792916
25.87	-3.7	1.0754247591815131
25.87	-4.93	1.0595386964711633
25.87	-6.16	1.0600253227822594
25.86	-7.39	1.065412607015069
25.86	-8.62	1.064664857882564
25.85	-9.85	1.065643249461598
25.85	-11.08	1.0761979945444171
25.85	-12.31	1.0830652457252452
25.85	-13.54	1.0881097189022297
25.85	-14.77	1.076601990446524
25.85	-16.01	1.0861134297725688
25.86	-17.24	1.079490727434129
25.85	-18.47	1.0687550968827573
25.84	-19.68	1.060595288908834
25.81	-20.89	1.0467243723314952
25.78	-22.1	1.0387420514290153
25.76	-23.31	1.0431450346684903
25.72	-24.5	1.012039278743902
25.67	-25.67	1.0016860690315683
25.59	-26.8	1.0298926095960497
25.43	-27.86	0.8845733230788493
26.65	-26.65	0.9260617209742256
26.8	-25.59	1.0389482279512314
26.89	-24.44	1.0214284903477615
26.94	-23.27	1.0313247100929464
26.98	-22.07	1.0516276023826803
27.01	-20.87	1.0485878172108662
27.03	-19.66	1.0562898322808247
27.06	-18.45	1.0590241178867204
27.08	-17.23	1.0613432716564226
27.09	-16.01	1.068585900772792
27.09	-14.78	1.068389590585811
27.08	-13.54	1.0817516867823447
27.08	-12.31	1.0713514202838683
27.08	-11.08	1.0904617840797612
27.08	-9.85	1.0749108144177597
27.08	-8.62	1.0714269246407877
27.08	-7.39	1.0599294843123708
27.08	-6.16	1.0688675133500665
27.09	-4.93	1.0794808029059662
27.09	-3.69	1.0764886817038004
27.09	-2.46	1.084004207649076
27.09	-1.23	1.0710247807053657
27.09	0.0	1.0767868653277948
27.09	1.23	1.0658185222198868
27.09	2.46	1.0682881128452122
27.09	3.69	1.0628202004838465
27.09	4.93	1.0660568187568273
27.08	6.16	1.0534227597892087
27.08	7.39	1.051243010721131
27.08	8.62	1.0591468684716057
27.08	9.85	1.049580189739312
27.08	11.08	1.0524342128913486
27.08	12.31	1.045374204440824
27.08	13.54	1.0310536764544194
27.09	14.78	1.0196067657502783
27.09	16.01	1.0037068387128238
27.08	17.23	0.9519243550367081
27.06	18.45	0.9230804275510412
27.03	19.66	0.872777298102474
27.01	20.87	0.8055690251687693
26.98	22.07	0.7507116155229283
26.94	23.27	0.7321492749985857
26.89	24.44	0.7208879541780508
26.8	25.59	0.6603170608610008
26.65	26.65	0.45043384050636226
27.86	25.43	0.45287732379121964
28.01	24.36	0.6463031253434625
28.1	23.21	0.7125176070876353
28.16	22.04	0.7456298219960628
28.2	20.84	0.7436736759972026
28.22	19.63	0.8001514008805948
28.25	18.42	0.8662185536458794
28.27	17.21	0.9159455342056307
28.3	15.99	0.949893356138895
28.31	14.77	0.9770537591143403
28.32	13.54	0.9987459109062422
28.32	12.31	1.0150365524824319
28.32	11.08	1.0320402120134153
28.31	9.85	1.0494958756267414
28.31	8.62	1.048211584592574
28.31	7.38	1.050108445232857
28.31	6.15	1.0547795111005602
28.31	4.92	1.0540567890146981
28.31	3.69	1.0566342319196638
28.31	2.46	1.0581910742633431
28.31	1.23	1.0606073533600848
28.31	-0.0	1.066585944461292
28.31	-1.23	1.049592592025835
28.31	-2.46	1.0725205792107193
28.31	-3.69	1.0637243122479538
28.31	-4.92	1.0736236321450885
28.31	-6.15	1.0778390610355038
28.31	-7.38	1.0758075131842244
28.31	-8.62	1.0664173662338434
28.31	-9.85	1.0682073060283204
28.32	-11.08	1.0718086258640693
28.32	-12.31	1.0712155486920698
28.32	-13.54	1.0525783345424575
28.31	-14.77	1.064296589957389
28.3	-15.99	1.0562478350805906
28.27	-17.21	1.0669661098486471
28.25	-18.42	1.0622908907901842
28.22	-19.63	1.0769602612165938
28.2	-20.84	1.0579773193683497
28.16	-22.04	1.0475294984343368
28.1	-23.21	1.0593037527942555
28.01	-24.36	1.0379072258585342
27.86	-25.43	0.9262686676036128
29.04	-24.2	0.9504788972459312
29.2	-23.12	1.0548955388642371
29.3	-21.97	1.0525899664533107
29.36	-20.8	1.0595134229972558
29.41	-19.61	1.0680770619742024
29.44	-18.4	1.0688832365469314
29.46	-17.19	1.0728519795115798
29.48	-15.97	1.0633833149936922
29.51	-14.75	1.0602979155430856
29.53	-13.53	1.0632586181255446
29.54	-12.31	1.052175454028612
29.55	-11.08	1.053294179970515
29.55	-9.85	1.0650318637831973
29.55	-8.62	1.0567423488914685
29.55	-7.39	1.0644318352382087
29.55	-6.16	1.0696057132738597
29.54	-4.92	1.0629763350048316
29.54	-3.69	1.064740272378028
29.54	-2.46	1.0577347472790477
29.54	-1.23	1.0559198086492745
29.54	0.0	1.0510613245385654
29.54	1.23	1.0529180118704535
29.54	2.46	1.0585457940491245
29.54	3.69	1.0515091312541336
29.54	4.92	1.0351390763299144
29.55	6.16	1.0379885106535964
29.55	7.39	1.0387799538919842
29.55	8.62	1.0196420271455644
29.55	9.85	1.012692625239108
29.55	11.08	0.9933021445826443
29.54	12.31	0.985127860715557
29.53	13.53	0.9764106852340315
29.51	14.75	0.9395948666522445
29.48	15.97	0.9050890914039083
29.46	17.19	0.8507286994833001
29.44	18.4	0.768026670962191
29.41	19.61	0.7250956315976291
29.36	20.8	0.7309343458324282
29.3	21.97	0.7047912643518702
29.2	23.12	0.6246665765584497
29.04	24.2	0.4299337612486991
30.18	22.94	0.4060641395565958
30.38	21.87	0.573836102339199
30.49	20.73	0.6915124554232075
30.56	19.56	0.7036876464089981
30.61	18.37	0.7531207505520985
30.65	17.16	0.753565193977781
30.67	15.95	0.8036316139637972
30.69	14.73	0.85793700482214
30.71	13.51	0.9152614527354976
30.73	12.29	0.9397151480823038
30.75	11.07	0.9750465283789016
30.76	9.84	0.9778343362855852
30.77	8.62	0.9938990341502782
30.78	7.39	1.0083092728208518
30.78	6.16	1.0111443938560047
30.78	4.93	1.023856408789238
30.78	3.69	1.03759825866766
30.78	2.46	1.0429320613355555
30.78	1.23	1.043990740743866
30.78	-0.0	1.042294243905717
30.78	-1.23	1.0522126505030356
30.78	-2.46	1.0455344147883519
30.78	-3.69	1.0487728742607705
30.78	-4.93	1.0432660592775846
30.78	-6.16	1.0322929139117067
30.78	-7.39	1.0451682317686137
30.77	-8.62	1.0499248466093676
30.76	-9.84	1.0550969605385219
30.75	-11.07	1.0587254242251014
30.73	-12.29	1.0556820749787437
30.71	-13.51	1.0694241383117031
30.69	-14.73	1.0767024396139422
30.67	-15.95	1.0927962091983399
30.65	-17.16	1.0785964080276778
30.61	-18.37	1.0799408914883653
30.56	-19.56	1.0810752228165241
30.49	-20.73	1.069698074512462
30.38	-21.87	1.0500733285431036
30.18	-22.94	0.9046408084972761
31.24	-21.63	0.7654618841252027
31.52	-20.61	1.0069584750459541
31.66	-19.48	1.0685082829638988
31.74	-18.31	1.0816268941007934
31.8	-17.12	1.0865423002731334
31.84	-15.92	1.0851574393189858
31.87	-14.71	1.0858796930181818
31.9	-13.49	1.0929047600847401
31.91	-12.27	1.0726547169363232
31.93	-11.05	1.0797282412752554
31.95	-9.83	1.0673148483786845
31.96	-8.6	1.0568143785984814
31.97	-7.38	1.0555430004354143
31.98	-6.15	1.0404664838528555
31.99	-4.92	1.023805806119266
32.0	-3.69	1.0180915873981224
32.0	-2.46	1.028375744868247
32.0	-1.23	1.0246669785071318
32.0	0.0	1.0202256922995407
32.0	1.23	1.0250850499600588
32.0	2.46	1.0338010969949327
32.0	3.69	1.007889393219839
31.99	4.92	0.9930311680142998
31.98	6.15	0.9971473993832907
31.97	7.38	0.9947802315016447
31.96	8.6	0.9625389880726342
31.95	9.83	0.9351124398273143
31.93	11.05	0.9157963057001283
31.91	12.27	0.8702269584284865
31.9	13.49	0.8051031868595642
31.87	14.71	0.7695622018709993
31.84	15.92	0.7567481905234893
31.8	17.12	0.7226043743241126
31.74	18.31	0.6998889348806804
31.66	19.48	0.6312283183209093
31.52	20.61	0.4852386918848634
31.24	21.63	0.5211835896152264
32.6	19.32	0.45049624911286074
32.78	18.21	0.5513019356450154
32.9	17.06	0.6726138144466379
32.97	15.87	0.7072301537212073
33.02	14.67	0.691460767357166
33.06	13.47	0.7261481837590361
33.09	12.25	0.7510402293053896
33.11	11.04	0.8061969005147291
33.13	9.82	0.8547928760931588
33.14	8.59	0.889178011385442
33.15	7.37	0.9249987838812425
33.16	6.14	0.9483115270346092
33.17	4.91	0.9798289814756312
33.18	3.69	0.9898150808791595
33.18	2.46	1.0066629078736034
33.18	1.23	1.010422192216605
33.19	-0.0	1.0159060559412028
33.18	-1.23	1.0202246431569466
33.18	-2.46	1.0416027150872158
33.18	-3.69	1.0427780962150532
33.17	-4.91	1.0483903556956267
33.16	-6.14	1.0458842976999545
33.15	-7.37	1.0491218748539768
33.14	-8.59	1.0738048977507808
33.13	-9.82	1.0740283367054007
33.11	-11.04	1.0767174282635494
33.09	-12.25	1.0783485477672574
33.06	-13.47	1.0870511422673246
33.02	-14.67	1.0715523572859642
32.97	-15.87	1.0717995354301295
32.9	-17.06	1.0472488675826583
32.78	-18.21	1.0249147076265044
32.6	-19.32	0.8808122591641554
33.85	-16.92	0.8365521660460771
34.0	-15.79	0.9623038259447264
34.1	-14.62	1.0042725313862582
34.17	-13.42	1.013736142057602
34.22	-12.22	1.0492110324609654
34.26	-11.01	1.0534763217413252
34.29	-9.8	1.0656550964083786
34.31	-8.58	1.0525955382683037
34.33	-7.36	1.0491159619269437
34.34	-6.13	1.0473394815561996
34.35	-4.91	1.0366582316390727
34.35	-3.68	1.0284081349915686
34.36	-2.45	1.0230448296664119
34.36	-1.23	1.009813027067123
34.36	0.0	1.0074166475279014
34.36	1.23	0.9860029286370634
34.36	2.45	0.9667693042255339
34.35	3.68	0.9338649882853507
34.35	4.91	0.8976118139880431
34.34	6.13	0.8595581728714418
34.33	7.36	0.8304267207116559
34.31	8.58	0.7924031565295956
34.29	9.8	0.7575304824114045
34.26	11.01	0.7052470669421895
34.22	12.22	0.6868648155503958
34.17	13.42	0.7233212171357498
34.1	14.62	0.6947168113172927
34.0	15.79	0.5922597068221963
33.85	16.92	0.47901477917036694
35.02	14.49	0.4902404039960634
35.17	13.34	0.5946244890934911
35.27	12.16	0.6779300368468223
35.34	10.97	0.7235799247978165
35.39	9.76	0.7137513796120999
35.43	8.55	0.7127176705846898
35.46	7.34	0.7384027188178555
35.48	6.12	0.7559842726336284
35.49	4.9	0.7850446546312334
35.51	3.67	0.8202631774754426
35.52	2.45	0.8419917461981777
35.52	1.22	0.8705691839924595
35.52	-0.0	0.8970778632626921
35.52	-1.22	0.9217080959547025
35.52	-2.45	0.9363997760500773
35.51	-3.67	0.9589342711093035
35.49	-4.9	0.9537238905984856
35.48	-6.12	0.9625549114942341
35.46	-7.34	0.9829234058646349
35.43	-8.55	0.9602925951394423
35.39	-9.76	0.9132859925157157
35.34	-10.97	0.9065320369654224
35.27	-12.16	0.9117642053096386
35.17	-13.34	0.8545488946588031
35.02	-14.49	0.7311410798378559
36.05	-12.02	0.6146525598243423
36.26	-10.88	0.7007254649512913
36.37	-9.7	0.7582848406405388
36.45	-8.51	0.78815814890237
36.51	-7.3	0.8138727093955954
36.55	-6.09	0.7923627836621275
36.58	-4.88	0.7877275627102113
36.6	-3.66	0.7844493064438032
36.61	-2.44	0.7867970631683504
36.62	-1.22	0.7763323065902913
36.62	0.0	0.7722684561062424
36.62	1.22	0.7598884281348781
36.61	2.44	0.7435755535653954
36.6	3.66	0.7448150841779418
36.58	4.88	0.7396413389351354
36.55	6.09	0.7360792250007278
36.51	7.3	0.7331239893783044
36.45	8.51	0.7137553241191168
36.37	9.7	0.651207364505601
36.26	10.88	0.5661997185707927
36.05	12.02	0.5045366657308885
37.3	7.22	0.6322875636169497
37.42	6.04	0.6751393485539375
37.5	4.84	0.7061884725880042
37.55	3.63	0.7219569944742489
37.58	2.42	0.7368859273239304
37.6	1.21	0.7381891775323723
37.6	-0.0	0.7379074331694011
37.6	-1.21	0.7467866119827636
37.58	-2.42	0.749185392535861
37.55	-3.63	0.7324428423848826
37.5	-4.84	0.731269352719776
37.42	-6.04	0.6968181562754665
37.3	-7.22	0.6755337292633862
