-37.3	-7.22	0.5737326186662554
-37.42	-6.04	0.6107615993538379
-37.5	-4.84	0.6415251166165392
-37.55	-3.63	0.6711867359386225
-37.58	-2.42	0.6877479708455638
-37.6	-1.21	0.6884149667551539
-37.6	0.0	0.6926369087190275
-37.6	1.21	0.6969323108746409
-37.58	2.42	0.6956403721196578
-37.55	3.63	0.6845113078130668
-37.5	4.84	0.6711792862394176
-37.42	6.04	0.6595364068241432
-37.3	7.22	0.641258800874256
-36.05	12.02	0.5298566114863797
-36.26	10.88	0.5623172476008745
-36.37	9.7	0.633827736050362
-36.45	8.51	0.6759266435534617
-36.51	7.3	0.7011186038947076
-36.55	6.09	0.7101871228806833
-36.58	4.88	0.7104334919411737
-36.6	3.66	0.7223770902468366
-36.61	2.44	0.7165713015757448
-36.62	1.22	0.7299784532288208
-36.62	-0.0	0.7241888512750577
-36.62	-1.22	0.7390949822578771
-36.61	-2.44	0.7504888055326722
-36.6	-3.66	0.7415395175936821
-36.58	-4.88	0.753641426022273
-36.55	-6.09	0.7771331182267023
-36.51	-7.3	0.7721633893263029
-36.45	-8.51	0.7426229478750438
-36.37	-9.7	0.6860522568607255
-36.26	-10.88	0.580978805146595
-36.05	-12.02	0.46250082954700744
-35.02	-14.49	0.5702289300505405
-35.17	-13.34	0.7618555034385593
-35.27	-12.16	0.84826052990366
-35.34	-10.97	0.856706146533652
-35.39	-9.76	0.8863436666237686
-35.43	-8.55	0.8998619335603705
-35.46	-7.34	0.9260689010496433
-35.48	-6.12	0.9302068801932337
-35.49	-4.9	0.9230126895657053
-35.51	-3.67	0.9221115453875052
-35.52	-2.45	0.9027372847489987
-35.52	-1.22	0.8838817213122949
-35.52	0.0	0.8609107791416611
-35.52	1.22	0.8413140460203644
-35.52	2.45	0.8176411485617486
-35.51	3.67	0.8041164488484125
-35.49	4.9	0.7673869585647325
-35.48	6.12	0.740962979271103
-35.46	7.34	0.7022958041463232
-35.43	8.55	0.6856709161643721
-35.39	9.76	0.6953453749571119
-35.34	10.97	0.6796079343680678
-35.27	12.16	0.644959156227297
-35.17	13.34	0.5751059809971315
-35.02	14.49	0.48462877646985386
-33.85	16.92	0.44684300882605266
-34.0	15.79	0.5644242023735894
-34.1	14.62	0.6561940705097469
-34.17	13.42	0.6703085359425852
-34.22	12.22	0.669457863058538
-34.26	11.01	0.706923310822171
-34.29	9.8	0.7391491486931883
-34.31	8.58	0.7766201380410147
-34.33	7.36	0.8075340866186285
-34.34	6.13	0.8469819281981935
-34.35	4.91	0.8635251218294699
-34.35	3.68	0.8941837382899284
-34.36	2.45	0.9125999205975117
-34.36	1.23	0.9335262716279289
-34.36	-0.0	0.960669258012327
-34.36	-1.23	0.967702490140797
-34.36	-2.45	0.9890921835803925
-34.35	-3.68	0.9961707991862931
-34.35	-4.91	1.0021480007046337
-34.34	-6.13	1.0099189623798248
-34.33	-7.36	1.0187404078974232
-34.31	-8.58	1.0264513076423758
-34.29	-9.8	1.010226061443767
-34.26	-11.01	1.0060991161102335
-34.22	-12.22	1.001308743563361
-34.17	-13.42	0.986347098093755
-34.1	-14.62	0.9497034868044731
-34.0	-15.79	0.8829882861597448
-33.85	-16.92	0.6599275398828855
-32.6	-19.32	0.6820278373230554
-32.78	-18.21	0.9341450612423301
-32.9	-17.06	0.9981615356788067
-32.97	-15.87	1.0365654604249794
-33.02	-14.67	1.0354991695452849
-33.06	-13.47	1.0408659571519263
-33.09	-12.25	1.0323246071732075
-33.11	-11.04	1.047622745569895
-33.13	-9.82	1.0451990245374312
-33.14	-8.59	1.0412034928946596
-33.15	-7.37	1.0274873856210611
-33.16	-6.14	1.0143912570209586
-33.17	-4.91	1.0140327281660806
-33.18	-3.69	1.0107549665954476
-33.18	-2.46	1.002520390236358
-33.18	-1.23	1.0079672464123355
-33.19	0.0	0.9863802015912236
-33.18	1.23	0.9811650709273487
-33.18	2.46	0.9782310948320608
-33.18	3.69	0.9577299339516177
-33.17	4.91	0.9414986901185765
-33.16	6.14	0.9240156471946775
-33.15	7.37	0.8824916501435143
-33.14	8.59	0.8718101657131351
-33.13	9.82	0.8186603823945727
-33.11	11.04	0.7816150987462047
-33.09	12.25	0.7550334615021405
-33.06	13.47	0.719168273045503
-33.02	14.67	0.6750452898219436
-32.97	15.87	0.6490785902045065
-32.9	17.06	0.6502421491762145
-32.78	18.21	0.551800155274966
-32.6	19.32	0.4125531488283749
-31.24	21.63	0.4165569496731005
-31.52	20.61	0.48242940245703075
-31.66	19.48	0.6333757500790372
-31.74	18.31	0.6610102857711211
-31.8	17.12	0.6646442121566671
-31.84	15.92	0.7116524365465269
-31.87	14.71	0.7344233204508733
-31.9	13.49	0.7810554873305442
-31.91	12.27	0.8272624784758658
-31.93	11.05	0.8701150109564796
-31.95	9.83	0.9002077332106457
-31.96	8.6	0.9217892618601358
-31.97	7.38	0.9437770791629568
-31.98	6.15	0.9611209569072819
-31.99	4.92	0.9809050386047696
-32.0	3.69	0.9895263470802591
-32.0	2.46	1.001201741856524
-32.0	1.23	1.0039038437974126
-32.0	-0.0	1.0090465530409363
-32.0	-1.23	1.0180323668331612
-32.0	-2.46	1.0313079058113044
-32.0	-3.69	1.0264907797467004
-31.99	-4.92	1.0251843730234083
-31.98	-6.15	1.0375285178732396
-31.97	-7.38	1.0447469989351026
-31.96	-8.6	1.0349087047128553
-31.95	-9.83	1.044907466467329
-31.93	-11.05	1.0400128942798053
-31.91	-12.27	1.054227864895086
-31.9	-13.49	1.0536783283169613
-31.87	-14.71	1.0550984578962554
-31.84	-15.92	1.0502548715578868
-31.8	-17.12	1.049348604174784
-31.74	-18.31	1.0359802251793846
-31.66	-19.48	1.0043654379396327
-31.52	-20.61	0.9196512310548424
-31.24	-21.63	0.609501723930828
-30.18	-22.94	0.7458850028349988
-30.38	-21.87	0.9852311090715898
-30.49	-20.73	1.0343869672069994
-30.56	-19.56	1.0308099033255964
-30.61	-18.37	1.0593236629934664
-30.65	-17.16	1.0560003528404915
-30.67	-15.95	1.045903857455879
-30.69	-14.73	1.0393427283021892
-30.71	-13.51	1.037721084810108
-30.73	-12.29	1.0385195722217895
-30.75	-11.07	1.0352417964241503
-30.76	-9.84	1.0406988226385987
-30.77	-8.62	1.0356460168375452
-30.78	-7.39	1.0385624656901142
-30.78	-6.16	1.0268973451908816
-30.78	-4.93	1.0357934068245584
-30.78	-3.69	1.0154102620018859
-30.78	-2.46	1.014011727106723
-30.78	-1.23	1.018455225545326
-30.78	0.0	1.005157078563192
-30.78	1.23	1.0085297406226446
-30.78	2.46	1.0188524808586212
-30.78	3.69	0.9918967580019629
-30.78	4.93	0.9957826344993551
-30.78	6.16	0.9793596162739487
-30.78	7.39	0.9737570617227383
-30.77	8.62	0.9512687168101605
-30.76	9.84	0.9513838221478379
-30.75	11.07	0.9167631419091872
-30.73	12.29	0.8933217577432799
-30.71	13.51	0.8490897444190726
-30.69	14.73	0.8011134695928592
-30.67	15.95	0.7705868944047489
-30.65	17.16	0.7318600123840998
-30.61	18.37	0.7185310981151568
-30.56	19.56	0.6830636481306495
-30.49	20.73	0.6588996958446972
-30.38	21.87	0.5604457378446944
-30.18	22.94	0.3804007583925682
-29.04	24.2	0.41009188073024716
-29.2	23.12	0.61186147982162
-29.3	21.97	0.6692310167428094
-29.36	20.8	0.7060190650830074
-29.41	19.61	0.7159780682123137
-29.44	18.4	0.7506181585012074
-29.46	17.19	0.806561607299412
-29.48	15.97	0.861523069797553
-29.51	14.75	0.8902425033463105
-29.53	13.53	0.9216323302794457
-29.54	12.31	0.9414057309269759
-29.55	11.08	0.9573217091340133
-29.55	9.85	0.9754693516951695
-29.55	8.62	0.9887809511332695
-29.55	7.39	0.9964338329134579
-29.55	6.16	0.9973184906889875
-29.54	4.92	1.0069459860850398
-29.54	3.69	1.0148327517676459
-29.54	2.46	1.0196748868172696
-29.54	1.23	1.0145582230635832
-29.54	-0.0	1.0133652197773353
-29.54	-1.23	1.0310778072789084
-29.54	-2.46	1.0158190416090338
-29.54	-3.69	1.0350963056334068
-29.54	-4.92	1.0289842087035175
-29.55	-6.16	1.0352608608953524
-29.55	-7.39	1.021424839425457
-29.55	-8.62	1.034234497093068
-29.55	-9.85	1.0507152255808856
-29.55	-11.08	1.0370765823557815
-29.54	-12.31	1.0382951205433144
-29.53	-13.53	1.035862693528172
-29.51	-14.75	1.0398590004297108
-29.48	-15.97	1.0468725222258304
-29.46	-17.19	1.044986152761592
-29.44	-18.4	1.0341080827288305
-29.41	-19.61	1.0298308693180493
-29.36	-20.8	1.0238549414954157
-29.3	-21.97	1.039299423562289
-29.2	-23.12	1.0074946373292604
-29.04	-24.2	0.8621381996267793
-27.86	-25.43	0.8581560879835337
-28.01	-24.36	1.0067313654110337
-28.1	-23.21	1.0224353608302867
-28.16	-22.04	1.0174450847738814
-28.2	-20.84	1.028180551387034
-28.22	-19.63	1.0285665761854352
-28.25	-18.42	1.0310364133086567
-28.27	-17.21	1.0388440273057686
-28.3	-15.99	1.0331274325986288
-28.31	-14.77	1.0287175383866825
-28.32	-13.54	1.0344904026333956
-28.32	-12.31	1.0483030515851628
-28.32	-11.08	1.0377403319979677
-28.31	-9.85	1.0554179320675776
-28.31	-8.62	1.031107482275649
-28.31	-7.38	1.0365622025597987
-28.31	-6.15	1.036879649454325
-28.31	-4.92	1.0331932275786333
-28.31	-3.69	1.0263055565084063
-28.31	-2.46	1.02505693293288
-28.31	-1.23	1.027797461975313
-28.31	0.0	1.0387990132520137
-28.31	1.23	1.0254708599057765
-28.31	2.46	1.0199064627892687
-28.31	3.69	1.020157105554806
-28.31	4.92	1.015708475145379
-28.31	6.15	1.0153258610994333
-28.31	7.38	1.0111923234984346
-28.31	8.62	1.0048968810517247
-28.31	9.85	0.9939961685712794
-28.32	11.08	0.9939240057504641
-28.32	12.31	0.977372264421962
-28.32	13.54	0.961867582460651
-28.31	14.77	0.9369884094353667
-28.3	15.99	0.9100764409036652
-28.27	17.21	0.8640693297262882
-28.25	18.42	0.8331283112661937
-28.22	19.63	0.7555162915816429
-28.2	20.84	0.721629534533617
-28.16	22.04	0.7035598422301504
-28.1	23.21	0.6680907656495911
-28.01	24.36	0.6329220048814705
-27.86	25.43	0.42439302307227145
-26.65	26.65	0.42141718100166803
-26.8	25.59	0.6389915664705363
-26.89	24.44	0.6880964833115257
-26.94	23.27	0.7032229442235038
-26.98	22.07	0.7287947668085769
-27.01	20.87	0.7850739145567448
-27.03	19.66	0.8387921050091289
-27.06	18.45	0.8813193751889018
-27.08	17.23	0.9253463942477906
-27.09	16.01	0.9497071763807886
-27.09	14.78	0.9735425347632533
-27.08	13.54	0.9796058475607693
-27.08	12.31	0.9871793390509154
-27.08	11.08	1.0032496339170582
-27.08	9.85	0.9993304341410433
-27.08	8.62	1.0109459733752575
-27.08	7.39	1.0074045489542172
-27.08	6.16	1.0145838422578572
-27.09	4.93	1.0213250927702924
-27.09	3.69	1.0208369731757574
-27.09	2.46	1.0334044884896385
-27.09	1.23	1.0255649374253084
-27.09	-0.0	1.0254412248664009
-27.09	-1.23	1.0223203210661764
-27.09	-2.46	1.0338167529213347
-27.09	-3.69	1.0130752434212418
-27.09	-4.93	1.0195267212124737
-27.08	-6.16	1.029625750237069
-27.08	-7.39	1.0468610933686595
-27.08	-8.62	1.0363825362068897
-27.08	-9.85	1.036363703997179
-27.08	-11.08	1.042322530919316
-27.08	-12.31	1.0426018193092343
-27.08	-13.54	1.0401222819780824
-27.09	-14.78	1.051348047916166
-27.09	-16.01	1.0415401271288194
-27.08	-17.23	1.0413946778703638
-27.06	-18.45	1.026727933752408
-27.03	-19.66	1.0282803661121591
-27.01	-20.87	1.0210317231810044
-26.98	-22.07	1.0124166134747676
-26.94	-23.27	0.9824289509064196
-26.89	-24.44	1.0048611428860172
-26.8	-25.59	0.9933031692692624
-26.65	-26.65	0.8852992282669174
-25.43	-27.86	0.8202559055707195
-25.59	-26.8	0.9733895524488158
-25.67	-25.67	0.9757144218114556
-25.72	-24.5	0.9786572697473537
-25.76	-23.31	0.9934326150349171
-25.78	-22.1	1.0055734477357359
-25.81	-20.89	1.027325559983255
-25.84	-19.68	1.0239258112110874
-25.85	-18.47	1.04300746326875
-25.86	-17.24	1.0496651369842576
-25.85	-16.01	1.0385195913050391
-25.85	-14.77	1.0548479546561416
-25.85	-13.54	1.0507539924137306
-25.85	-12.31	1.0433957036844352
-25.85	-11.08	1.0423585356248424
-25.85	-9.85	1.0301078596350994
-25.86	-8.62	1.031555107460582
-25.86	-7.39	1.0368743518404655
-25.87	-6.16	1.0248865795480013
-25.87	-4.93	1.0344966344553859
-25.87	-3.7	1.0381750528258884
-25.87	-2.46	1.022855158068368
-25.87	-1.23	1.0391393983483983
-25.87	0.0	1.0336948924573068
-25.87	1.23	1.0281626146060463
-25.87	2.46	1.0412757263729384
-25.87	3.7	1.029880036848187
-25.87	4.93	1.0316974490534594
-25.87	6.16	1.0170850136882035
-25.86	7.39	1.017693197339836
-25.86	8.62	1.0279079691413693
-25.85	9.85	1.0341290659891473
-25.85	11.08	1.019094582203822
-25.85	12.31	1.0103951374986588
-25.85	13.54	1.0043265135041675
-25.85	14.77	1.001935237575066
-25.85	16.01	0.9857396586091933
-25.86	17.24	0.9618441076326489
-25.85	18.47	0.9418824064751214
-25.84	19.68	0.8900470968741133
-25.81	20.89	0.8457167042923301
-25.78	22.1	0.776482754964838
-25.76	23.31	0.7308584042851741
-25.72	24.5	0.714980475167818
-25.67	25.67	0.6701972345334493
-25.59	26.8	0.6401349270539758
-25.43	27.86	0.4119107542691614
-24.2	29.04	0.36548683946205945
-24.36	28.01	0.6290557585037223
-24.44	26.89	0.6968575112801303
-24.5	25.72	0.7166569603737328
-24.53	24.53	0.7385937258500185
-24.56	23.33	0.7930397954183414
-24.59	22.13	0.8394302486200639
-24.61	20.92	0.9021970281066438
-24.62	19.7	0.9521443955374442
-24.63	18.47	0.9706106585726746
-24.62	17.23	0.9890960354116508
-24.62	16.0	1.0118159560949969
-24.62	14.77	1.0075803444663995
-24.62	13.54	1.0207272354117436
-24.63	12.31	1.022063228953555
-24.63	11.08	1.036777026692437
-24.63	9.85	1.023058616342674
-24.64	8.62	1.025903459607392
-24.64	7.39	1.0132753770042493
-24.64	6.16	1.0168017747204001
-24.64	4.93	1.0134349883103697
-24.64	3.7	1.0182996957543338
-24.64	2.46	1.0307209278849507
-24.64	1.23	1.0260218485474086
-24.64	-0.0	1.0459316869981776
-24.64	-1.23	0.954097379072754
-24.64	-2.46	1.0432561436396897
-24.64	-3.7	1.0451526554180988
-24.64	-4.93	1.0500684471405193
-24.64	-6.16	1.0360865593518436
-24.64	-7.39	1.0313663499295518
-24.64	-8.62	1.0319296818646357
-24.63	-9.85	1.0296918038814233
-24.63	-11.08	1.0338898880680123
-24.63	-12.31	1.0479496766376082
-24.62	-13.54	1.0543361172260386
-24.62	-14.77	1.0474717899641308
-24.62	-16.0	1.0577396489812392
-24.62	-17.23	1.0625513130997093
-24.63	-18.47	1.0427949191213832
-24.62	-19.7	1.0454135491964107
-24.61	-20.92	1.0338436324263585
-24.59	-22.13	1.0189478157307612
-24.56	-23.33	1.012964543713011
-24.53	-24.53	0.9811085226181873
-24.5	-25.72	0.9541954730981296
-24.44	-26.89	0.9663477970410678
-24.36	-28.01	0.9655458386444591
-24.2	-29.04	0.7746183215116842
-22.94	-30.18	0.725154189788089
-23.12	-29.2	0.922325644621164
-23.21	-28.1	0.9451081688562827
-23.27	-26.94	0.9283520432252315
-23.31	-25.76	0.9443330038376886
-23.33	-24.56	0.9919147027206008
-23.36	-23.36	1.0105969842311875
-23.38	-22.15	1.0346650566217128
-23.39	-20.93	1.0346351955968243
-23.39	-19.7	1.0495018223211143
-23.39	-18.46	1.0530117253925555
-23.38	-17.23	1.0559985276854167
-23.39	-16.0	1.050946125131916
-23.39	-14.77	1.0339088414017323
-23.4	-13.55	1.0325260941260153
-23.4	-12.32	1.035025048061874
-23.41	-11.09	1.0264119768599054
-23.41	-9.86	1.0290156002198192
-23.41	-8.62	1.0323264448541303
-23.41	-7.39	1.024377095599645
-23.41	-6.16	1.0244155519479672
-23.41	-4.93	1.0227325526178255
-23.41	-3.7	1.0146665442860203
-23.41	-2.46	1.0121017200944562
-23.41	-1.23	1.0216369894135477
-23.41	0.0	1.0165496133293142
-23.41	1.23	1.0378723261609095
-23.41	2.46	1.0313230711613632
-23.41	3.7	1.026425400628457
-23.41	4.93	1.027316318221528
-23.41	6.16	1.0121694037655764
-23.41	7.39	1.0104940595758272
-23.41	8.62	0.9840318882430839
-23.41	9.86	1.0178594146456406
-23.41	11.09	1.0208701937373983
-23.4	12.32	1.0214016999770579
-23.4	13.55	1.0335246433814205
-23.39	14.77	1.010212418016996
-23.39	16.0	1.0206276627307738
-23.38	17.23	1.0155019050001493
-23.39	18.46	1.012908609428563
-23.39	19.7	0.9841015931658499
-23.39	20.93	0.9541622766511219
-23.38	22.15	0.9071831175584629
-23.36	23.36	0.861237272910214
-23.33	24.56	0.7915032404999033
-23.31	25.76	0.7388570608711498
-23.27	26.94	0.7122218299423609
-23.21	28.1	0.6899725946062388
-23.12	29.2	0.5921411336327946
-22.94	30.18	0.3691300450763676
-21.63	31.24	0.9701799299252564
-21.87	30.38	0.5294538495317836
-21.97	29.3	0.6798040838296958
-22.04	28.16	0.707495328475474
-22.07	26.98	0.7191291675053866
-22.1	25.78	0.7845753701103031
-22.13	24.59	0.8430394821373788
-22.15	23.38	0.8992016630132897
-22.16	22.16	0.9657296534129766
-22.16	20.93	0.9810013714679541
-22.16	19.69	1.0100445474351407
-22.15	18.46	1.0219419812378019
-22.16	17.23	1.0261544918916345
-22.16	16.01	1.0298409568498323
-22.17	14.78	1.036512528040349
-22.17	13.55	1.0247104563975649
-22.18	12.32	1.0258905356712942
-22.18	11.09	1.0238237724119286
-22.18	9.86	1.0381813321478068
-22.18	8.62	1.031476094443912
-22.18	7.39	1.0314021289952702
-22.18	6.16	1.028137554570049
-22.18	4.93	1.0320762979007965
-22.19	3.7	1.031440035343091
-22.19	2.47	1.0364326248867144
-22.19	1.23	1.0241702613186874
-22.19	-0.0	1.028996518853646
-22.19	-1.23	1.0322833244946241
-22.19	-2.47	1.0292497690948013
-22.19	-3.7	1.027480080417266
-22.18	-4.93	1.0336852780149959
-22.18	-6.16	1.0191047647440732
-22.18	-7.39	1.035178627233605
-22.18	-8.62	1.0192633866473488
-22.18	-9.86	1.0341629821167777
-22.18	-11.09	1.0203588615858648
-22.18	-12.32	1.0423329205122995
-22.17	-13.55	1.0266776178849772
-22.17	-14.78	1.0291581445796605
-22.16	-16.01	1.032063229895944
-22.16	-17.23	1.0391255030994833
-22.15	-18.46	1.0684789038020481
-22.16	-19.69	1.0672014741462639
-22.16	-20.93	1.059446122506089
-22.16	-22.16	1.0589094076058267
-22.15	-23.38	1.0389515317576634
-22.13	-24.59	1.0208902449995538
-22.1	-25.78	0.9702853213764128
-22.07	-26.98	0.9462174429516077
-22.04	-28.16	0.9078854651575409
-21.97	-29.3	0.9325464881619744
-21.87	-30.38	0.8800386093599933
-21.63	-31.24	0.9431462774164644
-20.61	-31.52	0.7881349537847353
-20.73	-30.49	0.9069424742219865
-20.8	-29.36	0.8777204048981855
-20.84	-28.2	0.9112047225035244
-20.87	-27.01	0.9536564784226578
-20.89	-25.81	0.9946268634360913
-20.92	-24.61	1.0250985117223232
-20.93	-23.39	1.0563662438923946
-20.93	-22.16	1.0600320227704685
-20.92	-20.92	1.0531091349339192
-20.92	-19.69	1.0437444482297669
-20.93	-18.47	1.0488675775229945
-20.93	-17.24	1.0358009346720414
-20.94	-16.01	1.0291071257305948
-20.94	-14.78	1.0355938743936202
-20.94	-13.55	1.0348126929390122
-20.94	-12.32	1.016809380519688
-20.95	-11.09	1.0246187321501714
-20.95	-9.86	1.0283400502429794
-20.95	-8.63	1.0202454969758372
-20.95	-7.4	1.0254894252634947
-20.96	-6.16	1.0158780642892442
-20.96	-4.93	1.0207867993714974
-20.96	-3.7	1.022635389188816
-20.96	-2.47	1.0269380378833441
-20.96	-1.23	1.0268729773678187
-20.96	0.0	1.028602550188457
-20.96	1.23	1.0174660106982703
-20.96	2.47	1.0306620218317546
-20.96	3.7	1.0335383453484257
-20.96	4.93	1.0261263782921508
-20.96	6.16	1.0232203333226646
-20.95	7.4	1.0318350394741331
-20.95	8.63	1.0206658509811166
-20.95	9.86	1.0317293379641341
-20.95	11.09	1.0336743555052597
-20.94	12.32	1.0432450886944948
-20.94	13.55	1.0314147795410429
-20.94	14.78	1.0386947081607936
-20.94	16.01	1.036039369933139
-20.93	17.24	1.0366475747871704
-20.93	18.47	1.0388132387610685
-20.92	19.69	1.0309849153415618
-20.92	20.92	1.0186103235668877
-20.93	22.16	0.9824451596491497
-20.93	23.39	0.9680075241730717
-20.92	24.61	0.9109264058429862
-20.89	25.81	0.8483857533230087
-20.87	27.01	0.7731308588045284
-20.84	28.2	0.7185656003578197
-20.8	29.36	0.7106689890770869
-20.73	30.49	0.6643261893813172
-20.61	31.52	0.38081557888706574
-19.32	32.6	0.5411975735132264
-19.48	31.66	0.6028891420576735
-19.56	30.56	0.7207921010403904
-19.61	29.41	0.7098643839475802
-19.63	28.22	0.7550179820707579
-19.66	27.03	0.823558509133419
-19.68	25.84	0.8971297299981977
-19.7	24.62	0.9576136271493723
-19.7	23.39	0.981415315371657
-19.69	22.16	1.0240582694136793
-19.69	20.92	1.024982537555099
-19.7	19.7	1.0289833965164992
-19.7	18.47	1.0299696435165686
-19.71	17.25	1.0344305491795789
-19.71	16.02	1.0370402599719504
-19.71	14.78	1.0453384465912912
-19.71	13.55	1.038788498647296
-19.72	12.32	1.0409750203735388
-19.72	11.09	1.039330442426429
-19.72	9.86	1.019328928815396
-19.72	8.63	1.0277710116996273
-19.73	7.4	1.020563971286102
-19.73	6.16	1.0190203962198072
-19.73	4.93	1.029597742163656
-19.73	3.7	1.0103248305402979
-19.73	2.47	1.0198900614280466
-19.73	1.23	1.0295934572959662
-19.73	-0.0	1.014047476808788
-19.73	-1.23	1.0234713640437492
-19.73	-2.47	1.0193559588055356
-19.73	-3.7	1.020121820899654
-19.73	-4.93	1.0179802621042806
-19.73	-6.16	1.0215813652183894
-19.73	-7.4	1.0195950981005921
-19.72	-8.63	1.021257485418124
-19.72	-9.86	1.0043153875572264
-19.72	-11.09	1.0177757189316745
-19.72	-12.32	1.016284040884022
-19.71	-13.55	1.016830819537714
-19.71	-14.78	1.0167594495204308
-19.71	-16.02	1.0254774802580455
-19.71	-17.25	1.0184047362632134
-19.7	-18.47	1.0248684634732201
-19.7	-19.7	1.037733501162666
-19.69	-20.92	1.048450788557775
-19.69	-22.16	1.0534144925361066
-19.7	-23.39	1.0594704643796893
-19.7	-24.62	1.0452278725584219
-19.68	-25.84	1.0138364184445474
-19.66	-27.03	0.9837451757598625
-19.63	-28.22	0.927356006245819
-19.61	-29.41	0.8645712538033447
-19.56	-30.56	0.8694342682776979
-19.48	-31.66	0.8841611707810288
-19.32	-32.6	0.7050766162033536
-18.21	-32.78	0.8141233647522431
-18.31	-31.74	0.8794445422946375
-18.37	-30.61	0.8331110938367152
-18.4	-29.44	0.8771072798792313
-18.42	-28.25	0.9542210515398513
-18.45	-27.06	1.0144783480175228
-18.47	-25.85	1.0369750466143424
-18.47	-24.63	1.0629436648522812
-18.46	-23.39	1.066335892091718
-18.46	-22.15	1.0538790646638623
-18.47	-20.93	1.0385371310753226
-18.47	-19.7	1.0290822749254402
-18.48	-18.48	1.034923556991798
-18.48	-17.25	1.0202936419125148
-18.48	-16.02	1.024924120727074
-18.48	-14.79	1.0055628389059008
-18.49	-13.56	1.018254951244178
-18.49	-12.33	1.0124210614351183
-18.49	-11.1	1.0196760177491195
-18.49	-9.86	1.0219381656984057
-18.49	-8.63	1.0155019814777961
-18.49	-7.4	1.0092673888907904
-18.49	-6.16	1.0151690647159188
-18.5	-4.93	1.0220770111403399
-18.5	-3.7	1.0206358308082466
-18.5	-2.47	1.025894122755362
-18.5	-1.23	1.0148038329746958
-18.5	0.0	1.0191829799422285
-18.5	1.23	1.0302668617035597
-18.5	2.47	1.0167437281311762
-18.5	3.7	1.0248780543046403
-18.5	4.93	1.0235824405526182
-18.49	6.16	1.0241189209272843
-18.49	7.4	1.0255137497475157
-18.49	8.63	1.0297028326663542
-18.49	9.86	1.0324196879275724
-18.49	11.1	1.0273191584686348
-18.49	12.33	1.0328399548976102
-18.49	13.56	1.0337300470713475
-18.48	14.79	1.0365074569579278
-18.48	16.02	1.0315367102914315
-18.48	17.25	1.030176996344056
-18.48	18.48	1.0419635215459728
-18.47	19.7	1.0311617358031246
-18.47	20.93	1.0440453581710385
-18.46	22.15	1.0107239639414571
-18.46	23.39	1.0114013696354887
-18.47	24.63	0.9790810717377368
-18.47	25.85	0.931134008053634
-18.45	27.06	0.8752680796136842
-18.42	28.25	0.7991202433181668
-18.4	29.44	0.7231559526114921
-18.37	30.61	0.7275813954039988
-18.31	31.74	0.6935550197622693
-18.21	32.78	0.44435833443019046
-16.92	33.85	0.5429216896255383
-17.06	32.9	0.6090138670941995
-17.12	31.8	0.7138989564261327
-17.16	30.65	0.7041258925759959
-17.19	29.46	0.7503317230572182
-17.21	28.27	0.8304414724444088
-17.23	27.08	0.9099610584309152
-17.24	25.86	0.9786460045127805
-17.23	24.62	0.9980472137608318
-17.23	23.38	1.0213159607116395
-17.23	22.16	1.020696559954459
-17.24	20.93	1.0251333411327677
-17.25	19.71	1.0297950909795581
-17.25	18.48	1.0255589063843373
-17.25	17.25	1.034593571664949
-17.25	16.02	1.0394906930466747
-17.25	14.79	1.0405674425123965
-17.26	13.56	1.0413816734265258
-17.26	12.33	1.0335342701322463
-17.26	11.1	1.0314166915250556
-17.26	9.86	1.0394057368288443
-17.26	8.63	1.0254504344947897
-17.26	7.4	1.0195205182671365
-17.26	6.17	1.0313849289984987
-17.26	4.93	1.033044862053744
-17.27	3.7	1.0216471604001616
-17.27	2.47	1.0267366539282248
-17.27	1.23	1.0268244888981977
-17.27	-0.0	1.0275706646957692
-17.27	-1.23	1.0185828269031252
-17.27	-2.47	1.00828722638168
-17.27	-3.7	1.0251098454182819
-17.26	-4.93	1.0210596283122237
-17.26	-6.17	1.012231738667312
-17.26	-7.4	1.013836276294994
-17.26	-8.63	1.0220465483945023
-17.26	-9.86	1.0074982839200257
-17.26	-11.1	1.001819969856503
-17.26	-12.33	1.0185190067563554
-17.26	-13.56	1.0066726256786898
-17.25	-14.79	1.0127085203582147
-17.25	-16.02	1.0111708441112741
-17.25	-17.25	1.0144411707573135
-17.25	-18.48	1.017117016359561
-17.25	-19.71	1.0303248503255416
-17.24	-20.93	1.0419928031438477
-17.23	-22.16	1.047532302689219
-17.23	-23.38	1.0535472124728114
-17.23	-24.62	1.0539215859411437
-17.24	-25.86	1.065773987845967
-17.23	-27.08	1.0318298438789983
-17.21	-28.27	0.9811769074112072
-17.19	-29.46	0.9151915746072566
-17.16	-30.65	0.8342049315816547
-17.12	-31.8	0.825005300352497
-17.06	-32.9	0.8631691948870409
-16.92	-33.85	0.889100703677936
-15.79	-34.0	0.7921810163256426
-15.87	-32.97	0.8565867386423357
-15.92	-31.84	0.8089728011563565
-15.95	-30.67	0.871384633009362
-15.97	-29.48	0.96153518179002
-15.99	-28.3	1.0106862425420753
-16.01	-27.09	1.055854954523938
-16.01	-25.85	1.0561026414130492
-16.0	-24.62	1.0639820660236226
-16.0	-23.39	1.0476573109314822
-16.01	-22.16	1.0392468669059762
-16.01	-20.94	1.0259198341002145
-16.02	-19.71	1.0105352636547889
-16.02	-18.48	1.0197194105694543
-16.02	-17.25	1.002987752018924
-16.02	-16.02	1.006563171703753
-16.03	-14.79	1.0205916775222628
-16.03	-13.56	1.0047302353323666
-16.03	-12.33	1.009662261343606
-16.03	-11.1	1.0058608033504246
-16.03	-9.86	1.009983743585233
-16.03	-8.63	1.0273239219433132
-16.03	-7.4	1.0201606465867974
-16.03	-6.17	1.0129331005547046
-16.04	-4.93	1.0187296380618631
-16.04	-3.7	1.0234855160415965
-16.04	-2.47	1.0224608847962076
-16.04	-1.23	1.0160573120129828
-16.04	0.0	1.0185833024384494
-16.04	1.23	1.0239862906689412
-16.04	2.47	1.031512709142094
-16.04	3.7	1.0324541652337877
-16.04	4.93	1.0274565064319865
-16.03	6.17	1.0289945976086767
-16.03	7.4	1.0285006321366905
-16.03	8.63	1.0300460171577865
-16.03	9.86	1.0326060315105021
-16.03	11.1	1.0388224067910636
-16.03	12.33	1.037486455414086
-16.03	13.56	1.035767535582392
-16.03	14.79	1.0453849719079462
-16.02	16.02	1.0415935918783095
-16.02	17.25	1.0491073279397787
-16.02	18.48	1.0390868444170482
-16.02	19.71	1.0342592457164965
-16.01	20.94	1.0445920706734975
-16.01	22.16	1.0402678498212075
-16.0	23.39	1.042571801113262
-16.0	24.62	1.0182201594247506
-16.01	25.85	0.9895079246323332
-16.01	27.09	0.9573530524059236
-15.99	28.3	0.896883106029056
-15.97	29.48	0.8132469300052887
-15.95	30.67	0.7280677828706426
-15.92	31.84	0.7223002082601995
-15.87	32.97	0.6827310125465892
-15.79	34.0	0.36869252057585067
-14.49	35.02	1.1375459469902638
-14.62	34.1	0.578438790886887
-14.67	33.02	0.7240646310823963
-14.71	31.87	0.7210217431131865
-14.73	30.69	0.7679760960295516
-14.75	29.51	0.8658046505288454
-14.77	28.31	0.935117787090512
-14.78	27.09	0.9824563301938728
-14.77	25.85	1.0161396083233176
-14.77	24.62	1.0288025456943475
-14.77	23.39	1.0391760731356718
-14.78	22.17	1.041706987321318
-14.78	20.94	1.044893064097271
-14.78	19.71	1.046514017331511
-14.79	18.48	1.038954260456926
-14.79	17.25	1.0342199994864452
-14.79	16.03	1.042671836700528
-14.79	14.79	1.031709214928983
-14.8	13.56	1.0313812542122878
-14.8	12.33	1.0324548646444704
-14.8	11.1	1.0340965929720671
-14.8	9.87	1.027737344692057
-14.8	8.63	1.028982704900976
-14.8	7.4	1.0326095933463633
-14.8	6.17	1.025571032154372
-14.8	4.93	1.0366454597817492
-14.8	3.7	1.0205030563358997
-14.8	2.47	1.0229544049584003
-14.8	1.23	1.0152683057434226
-14.8	-0.0	1.033329275551082
-14.8	-1.23	1.0252171350411412
-14.8	-2.47	1.0114743173798955
-14.8	-3.7	1.0263148175803751
-14.8	-4.93	1.0252212480064553
-14.8	-6.17	1.019710837085892
-14.8	-7.4	1.0198619925054935
-14.8	-8.63	1.0108912052486858
-14.8	-9.87	1.01257657886354
-14.8	-11.1	1.0071442847288428
-14.8	-12.33	1.007938525276261
-14.8	-13.56	1.0028295066856316
-14.79	-14.79	1.008091995186172
-14.79	-16.03	0.9959777210044385
-14.79	-17.25	0.9837188672969344
-14.79	-18.48	1.0227310759856616
-14.78	-19.71	1.0115372796723998
-14.78	-20.94	1.0092376297595893
-14.78	-22.17	1.0247813163976334
-14.77	-23.39	1.040801373284655
-14.77	-24.62	1.0568573440480034
-14.77	-25.85	1.0648650580863102
-14.78	-27.09	1.0597014859460343
-14.77	-28.31	1.0256755607448829
-14.75	-29.51	0.9694215714940504
-14.73	-30.69	0.8796333190777045
-14.71	-31.87	0.8014074896483258
-14.67	-33.02	0.7897568828605621
-14.62	-34.1	0.8232997206727865
-14.49	-35.02	0.9379916210187856
-13.34	-35.17	0.8173978392366853
-13.42	-34.17	0.8392123883111419
-13.47	-33.06	0.7707699607240563
-13.49	-31.9	0.8325302543030861
-13.51	-30.71	0.9323725292033248
-13.53	-29.53	1.0093138795603622
-13.54	-28.32	1.0572405596915255
-13.54	-27.08	1.0682793923448564
-13.54	-25.85	1.060155202337296
-13.54	-24.62	1.0527453044404065
-13.55	-23.4	1.0295383631748338
-13.55	-22.17	1.0187662176774348
-13.55	-20.94	1.014496721411327
-13.55	-19.71	0.9948279501646761
-13.56	-18.49	0.9946493482693197
-13.56	-17.26	0.9948536324108866
-13.56	-16.03	0.9943270217495674
-13.56	-14.8	1.0007391409232678
-13.56	-13.56	0.9954206400253923
-13.56	-12.33	1.0074222206983194
-13.57	-11.1	1.0070969934851255
-13.57	-9.87	1.0149733506425587
-13.57	-8.64	1.0071899336371823
-13.57	-7.4	1.019416683794736
-13.57	-6.17	1.0184680322378483
-13.57	-4.93	1.0155784981766343
-13.57	-3.7	1.0332058478439325
-13.57	-2.47	1.0164123669941632
-13.57	-1.23	1.0184596784804034
-13.57	0.0	1.012603938734116
-13.57	1.23	1.0192468470332698
-13.57	2.47	1.0123955858294178
-13.57	3.7	1.0159162398192187
-13.57	4.93	1.0274979152403438
-13.57	6.17	1.030319930991021
-13.57	7.4	1.0272932995489346
-13.57	8.64	1.0229407906651102
-13.57	9.87	1.0213701982613155
-13.57	11.1	1.0282187761939925
-13.56	12.33	1.0356638644441996
-13.56	13.56	1.0311751509937583
-13.56	14.8	1.03506155290803
-13.56	16.03	1.0326642327990558
-13.56	17.26	1.040755310721437
-13.56	18.49	1.0451875324973103
-13.55	19.71	1.044195945169453
-13.55	20.94	1.0467508781217099
-13.55	22.17	1.04267123991454
-13.55	23.4	1.043455738450372
-13.54	24.62	1.0541904825998818
-13.54	25.85	1.0218536581867623
-13.54	27.08	1.0001921869827382
-13.54	28.32	0.9616367678387021
-13.53	29.53	0.8820775229724004
-13.51	30.71	0.7972981659290106
-13.49	31.9	0.7338501589263011
-13.47	33.06	0.7223179010316303
-13.42	34.17	0.6634464600768629
-13.34	35.17	0.283638691588338
-12.02	36.05	0.9165905280247961
-12.16	35.27	0.47105993485091807
-12.22	34.22	0.7100921259121201
-12.25	33.09	0.7173361476676184
-12.27	31.91	0.7561719290963189
-12.29	30.73	0.8412595165744455
-12.31	29.54	0.9223788783582285
-12.31	28.32	0.988710584706262
-12.31	27.08	1.0156236396264575
-12.31	25.85	1.0340738546401713
-12.31	24.63	1.046066963447056
-12.32	23.4	1.047110911900955
-12.32	22.18	1.0521360026360378
-12.32	20.94	1.0548223201253608
-12.32	19.72	1.0508661035512459
-12.33	18.49	1.042666344254326
-12.33	17.26	1.0508113990019257
-12.33	16.03	1.0350946124301312
-12.33	14.8	1.0396757093157056
-12.33	13.56	1.0367670788705008
-12.33	12.33	1.0432176902558086
-12.34	11.1	1.0216170552426875
-12.34	9.87	1.0267496393274893
-12.34	8.64	1.0215660320807651
-12.34	7.4	1.0201460276117145
-12.34	6.17	1.0105101282467264
-12.34	4.93	1.0138327026740777
-12.34	3.7	1.0125515423921316
-12.34	2.47	1.02619376169341
-12.34	1.23	1.0277445767788405
-12.34	-0.0	1.0248119741833979
-12.34	-1.23	1.0290920331022015
-12.34	-2.47	1.0257069868916915
-12.34	-3.7	1.0246166962489112
-12.34	-4.93	1.0207380185205472
-12.34	-6.17	1.0108195102049369
-12.34	-7.4	1.0133827555871928
-12.34	-8.64	1.0139623910133801
-12.34	-9.87	1.0065727770060406
-12.34	-11.1	1.0100669042369135
-12.33	-12.33	1.0070459844918234
-12.33	-13.56	0.9981763908755169
-12.33	-14.8	1.0023481264960172
-12.33	-16.03	0.9977853386551052
-12.33	-17.26	0.9993106468498553
-12.33	-18.49	0.9983626418079048
-12.32	-19.72	0.9978675585807267
-12.32	20.94	1.0264556479058364
-12.32	22.18	1.041898682621762
-12.32	23.4	1.0389861747862756
-12.31	24.63	1.0391844469091083
-12.31	25.85	1.021529411180828
-12.31	27.08	1.01203012398478
-12.31	28.32	0.974627553198282
-12.31	29.54	0.91924977830737
-12.29	30.73	0.8389075570289956
-12.27	31.91	0.7460206526402406
-12.25	33.09	0.7226900261107497
-12.22	34.22	0.6941410880726882
-12.16	35.27	0.4687371377774896
-12.02	36.05	0.7933565961877314
-10.88	36.26	1.1422930434106024
-10.97	35.34	0.5900330084190162
-11.01	34.26	0.7208023297705138
-11.04	33.11	0.7064847247977473
-11.05	31.93	0.7608082657841119
-11.07	30.75	0.8711755331953581
-11.08	29.55	0.949633046873501
-11.08	28.32	0.9901534585961196
-11.08	27.08	1.0073033643602531
-11.08	25.85	1.0441114198339345
-11.08	24.63	1.050259322774023
-11.09	23.41	1.0344384136203395
-11.09	22.18	1.0389794001102104
-11.09	20.95	1.0443783011030399
-11.09	19.72	1.048659097435813
-11.1	18.49	1.033664356715458
-11.1	17.26	1.0327795301547766
-11.1	16.03	1.0291440722453855
-11.1	14.8	1.0261483635733002
-11.1	13.57	1.0194923212720537
-11.1	12.34	1.0108550493432207
-11.1	11.1	1.0164339092916206
-11.1	9.87	1.0122808772654843
-11.1	8.64	1.011962120155213
-11.1	7.4	1.0020064109665379
-11.1	6.17	1.0068605310338117
-11.1	4.94	1.003548085512456
-11.11	3.7	1.0161057920529488
-11.11	2.47	1.0168834458243732
-11.11	1.23	1.0184713993693872
-11.11	-0.0	1.0067357002669919
-11.11	-1.23	1.012037975531458
-11.11	-2.47	1.0122450188480436
-11.11	-3.7	1.0170046105247863
-11.1	-4.94	1.0123263911915121
-11.1	-6.17	1.0129648770311497
-11.1	-7.4	1.0016419920077344
-11.1	-8.64	1.0093198688549858
-11.1	-9.87	1.0140068699513207
-11.1	-11.1	1.0041371262919634
-11.1	-12.34	1.0001808882199101
-11.1	-13.57	1.0071206736041416
-11.1	-14.8	0.9944648686636828
-11.1	-16.03	0.9796275758414102
-11.1	-17.26	0.9911546615654151
-11.1	-18.49	0.9848090337603917
-11.09	-19.72	0.9858933334083028
-11.09	-20.95	0.9884341444491832
-11.09	-22.18	1.0024920982439016
-11.09	-23.41	1.0100208002164581
-11.08	-24.63	1.022932353079168
-11.08	-25.85	1.0387553780291454
-11.08	-27.08	1.0625099496351023
-11.08	-28.32	1.0738613273887427
-11.08	-29.55	1.0417131020124029
-11.07	-30.75	0.9782302103033019
-11.05	-31.93	0.8722355941888147
-11.04	-33.11	0.7672061432419726
-11.01	-34.26	0.7477868151988303
-10.97	-35.34	0.818619565332649
-10.88	-36.26	0.8024677249628078
-9.7	-36.37	0.8896695402732576
-9.76	-35.39	0.810982824897648
-9.8	-34.29	0.7297873666219092
-9.82	-33.13	0.7800841566866701
-9.83	-31.95	0.9068765331380015
-9.84	-30.76	1.0078936082327448
-9.85	-29.55	1.0776066621219176
-9.85	-28.31	1.068496862239973
-9.85	-27.08	1.063378052555289
-9.85	-25.85	1.0361967654050717
-9.85	-24.63	1.0116524718728641
-9.86	-23.41	1.0017451113859617
-9.86	-22.18	0.9920565676178945
-9.86	-20.95	0.9806776175852636
-9.86	-19.72	0.977323140610476
-9.86	-18.49	0.9808540980822317
-9.86	-17.26	0.9829366617976123
-9.86	-16.03	0.9862436906119881
-9.87	-14.8	0.981918458935239
-9.87	-13.57	1.009990627712229
-9.87	-12.34	0.9980205873905466
-9.87	-11.1	1.0144215854327143
-9.87	-9.87	1.0042770969214128
-9.87	-8.64	1.0082819069584745
-9.87	-7.4	1.010784317735646
-9.87	-6.17	1.0186409127860574
-9.87	-4.94	1.0215790557848816
-9.88	-3.7	1.019579016209613
-9.88	-2.47	1.0126604910394819
-9.88	-1.23	1.0232311945271764
-9.88	0.0	1.0195165167700653
-9.88	1.23	1.0115441656097794
-9.88	2.47	1.0013281619574885
-9.88	3.7	1.0110116095080468
-9.87	4.94	1.0065332992350016
-9.87	6.17	1.002117611408982
-9.87	7.4	1.0168892609709885
-9.87	8.64	1.0137067333440812
-9.87	9.87	1.0172520741896514
-9.87	11.1	1.0092062188337145
-9.87	12.34	1.0222204747187507
-9.87	13.57	1.013738550880789
-9.87	14.8	1.007407743732998
-9.86	16.03	1.031748336843792
-9.86	17.26	1.0325675691386376
-9.86	18.49	1.0396534934928867
-9.86	19.72	1.0355374671231452
-9.86	20.95	1.0462107977390445
-9.86	22.18	1.037122656661148
-9.86	23.41	1.033695135630811
-9.85	24.63	1.0388756231597307
-9.85	25.85	1.0438267739771703
-9.85	27.08	1.0191625452423638
-9.85	28.31	0.994631838147909
-9.85	29.55	0.9682619935015971
-9.84	30.76	0.882208968546073
-9.83	31.95	0.7943819533732901
-9.82	33.13	0.7175334746594308
-9.8	34.29	0.7079042951618246
-9.76	35.39	0.6561745711767236
-9.7	36.37	0.23919353934517473
-8.51	36.45	0.305418164197167
-8.55	35.43	0.6884680820979164
-8.58	34.31	0.7118467586905912
-8.59	33.14	0.728367706404235
-8.6	31.96	0.8143498257910755
-8.62	30.77	0.9087673437228444
-8.62	29.55	0.9707474036836928
-8.62	28.31	1.001957479660996
-8.62	27.08	1.0281749995406
-8.62	25.86	1.0395160851432812
-8.62	24.64	1.033520227905908
-8.62	23.41	1.046044934121157
-8.62	22.18	1.0444161458088055
-8.63	20.95	1.0543332361269238
-8.63	19.72	1.0433236204355343
-8.63	18.49	1.0481769863562107
-8.63	17.26	1.0264845026815945
-8.63	16.03	1.0423227967363768
-8.63	14.8	1.0286389439238461
-8.64	13.57	1.0221845962343703
-8.64	12.34	1.0252902852081818
-8.64	11.1	1.0169123658649992
-8.64	9.87	1.0141179180128286
-8.64	8.64	1.0194198421868248
-8.64	7.4	1.0244087254446106
-8.64	6.17	1.0120377950003443
-8.64	4.94	1.014155814198262
-8.64	3.7	1.0243550544105646
-8.64	2.47	1.0162352866757727
-8.64	1.23	1.0133047787862235
-8.64	-0.0	1.022194652298234
-8.64	-1.23	1.0177141582322178
-8.64	-2.47	1.0236788933407868
-8.64	-3.7	1.024101371829059
-8.64	-4.94	1.015736245191275
-8.64	-6.17	1.0163687836575492
-8.64	-7.4	1.0135386991184636
-8.64	-8.64	1.0122549190232162
-8.64	-9.87	1.0152151197409223
-8.64	-11.1	1.0224160831799793
-8.64	-12.34	1.0147396268186757
-8.64	-13.57	0.9983801057776377
-8.63	-14.8	1.0027081160180091
-8.63	-16.03	0.9837279537249415
-8.63	-17.26	0.9826179153137174
-8.63	-18.49	0.9887656232176837
-8.63	-19.72	0.9879902861750217
-8.63	-20.95	0.9875116256944152
-8.62	-22.18	0.9812202092959039
-8.62	-23.41	0.9921992573956226
-8.62	-24.64	1.0012827321448339
-8.62	-25.86	1.0388691028985155
-8.62	-27.08	1.039681923947078
-8.62	-28.31	1.066568122287526
-8.62	-29.55	1.0699323536271543
-8.62	-30.77	1.0380995865683993
-8.6	-31.96	0.928123395567602
-8.59	-33.14	0.8217546917284491
-8.58	-34.31	0.7179076674090658
-8.55	-35.43	0.798948914962458
-8.51	-36.45	0.7542422756994189
-7.22	-37.3	0.6955839832203052
-7.3	-36.51	0.7366627615365621
-7.34	-35.46	0.7714677429336672
-7.36	-34.33	0.7264343427090881
-7.37	-33.15	0.8403944964290209
-7.38	-31.97	0.9743896801564053
-7.39	-30.78	1.0521278826635914
-7.39	-29.55	1.075287798209749
-7.38	-28.31	1.0739868532827495
-7.39	-27.08	1.0460989380524859
-7.39	-25.86	1.0124956374755973
-7.39	-24.64	1.0079098782934108
-7.39	-23.41	0.9880095409655238
-7.39	-22.18	0.9745618800594711
-7.4	-20.95	0.9669486523297638
-7.4	-19.73	0.9766633711393201
-7.4	-18.49	0.9811139515861684
-7.4	-17.26	0.9868650614856561
-7.4	-16.03	0.9892924273633122
-7.4	-14.8	0.9945334773498264
-7.4	-13.57	0.9975349855492577
-7.4	-12.34	1.0209768825796548
-7.4	-11.1	1.0164500923786994
-7.4	-9.87	1.0325288817105343
-7.4	-8.64	1.0122467706833307
-7.41	-7.41	1.0079556861933594
-7.41	-6.17	1.0289903548822341
-7.41	-4.94	1.015356383532947
-7.41	-3.7	1.0213476055132304
-7.41	-2.47	1.0219975981850158
-7.41	-1.23	1.0225175372872197
-7.41	0.0	1.0074483273453851
-7.41	1.23	1.0091636634206131
-7.41	2.47	1.0166478634525298
-7.41	3.7	1.0022880041942985
-7.41	4.94	1.0018914116758473
-7.41	6.17	1.013721782409858
-7.41	7.41	1.0064295043438356
-7.4	8.64	1.01058755914983
-7.4	9.87	1.0160492271814883
-7.4	11.1	1.0110618946419618
-7.4	12.34	1.0192070502630943
-7.4	13.57	1.0246331734231953
-7.4	14.8	1.0300268160691404
-7.4	16.03	1.0302395455280784
-7.4	17.26	1.0375018662926576
-7.4	18.49	1.037656937115544
-7.4	19.73	1.0527148928631689
-7.4	20.95	1.0460447019625831
-7.39	22.18	1.0469121928125928
-7.39	23.41	1.051845798331995
-7.39	24.64	1.04800576935492
-7.39	25.86	1.0476052776921208
-7.39	27.08	1.042884699803192
-7.38	28.31	1.0011584273974665
-7.39	29.55	0.9760952337191933
-7.39	30.78	0.9274920038180959
-7.38	31.97	0.8303153398375448
-7.37	33.15	0.7396792435138152
-7.36	34.33	0.7115512243758798
-7.34	35.46	0.7097246746024763
-7.3	36.51	0.45327590093420633
-7.22	37.3	0.8787648644491456
-6.04	37.42	0.7710012912415275
-6.09	36.55	0.5584530540763734
-6.12	35.48	0.728901551054531
-6.13	34.34	0.7110183731232982
-6.14	33.16	0.7576354899521833
-6.15	31.98	0.8596736551928972
-6.16	30.78	0.9499385178328105
-6.16	29.55	0.9879879426754649
-6.15	28.31	1.0138852435449888
-6.16	27.08	1.0549771477088432
-6.16	25.87	1.0564598457157162
-6.16	24.64	1.0606525165580978
-6.16	23.41	1.055034964203543
-6.16	22.18	1.0598925486469015
-6.16	20.96	1.0547989272754872
-6.16	19.73	1.0507869846224567
-6.16	18.49	1.0399221478886627
-6.17	17.26	1.046324379346122
-6.17	16.03	1.0299644528479353
-6.17	14.8	1.0175165371221508
-6.17	13.57	1.0257013135230542
-6.17	12.34	1.0207748311691984
-6.17	11.1	1.0214437232711269
-6.17	9.87	1.0172116723633438
-6.17	8.64	1.0105604267358503
-6.17	7.41	1.0161106230456067
-6.17	6.17	1.0014355360233518
-6.17	4.94	1.0048732129063687
-6.17	3.7	1.0140966412944679
-6.17	2.47	1.0338340888870141
-6.17	1.23	1.0070786580672306
-6.17	-0.0	1.0228738045551005
-6.17	-1.23	1.0272274353387918
-6.17	-2.47	1.0194166049175188
-6.17	-3.7	1.03137359523978
-6.17	-4.94	1.0237899154303824
-6.17	-6.17	1.0263842114070092
-6.17	-7.41	1.0108878933878522
-6.17	-8.64	1.0184124481183803
-6.17	-9.87	1.0146175485689668
-6.17	-11.1	1.0113762514536777
-6.17	-12.34	1.0082253845388396
-6.17	-13.57	1.0035028809752393
-6.17	-14.8	0.9974529584315094
-6.17	-16.03	0.993302961579671
-6.17	-17.26	0.9937955170407949
-6.16	-18.49	0.9836015602485428
-6.16	-19.73	0.9839873381565434
-6.16	-20.96	0.9739186016312438
-6.16	-22.18	0.9804955919084213
-6.16	-23.41	0.985587197798866
-6.16	-24.64	1.0009503865178697
-6.16	-25.87	1.0195767104314624
-6.16	-27.08	1.0408084917476548
-6.15	-28.31	1.0580890258371538
-6.16	-29.55	1.0804307152659318
-6.16	-30.78	1.0655288416243933
-6.15	-31.98	0.9942788365460209
-6.14	-33.16	0.859339863391636
-6.13	-34.34	0.7320794363513724
-6.12	-35.48	0.7341888474169717
-6.09	-36.55	0.7686736390864561
-6.04	-37.42	0.6726280575774825
-4.84	-37.5	0.7331626330959458
-4.88	-36.58	0.7688528837563281
-4.9	-35.49	0.7245163636084302
-4.91	-34.35	0.7410076970323362
-4.91	-33.17	0.8994185057121187
-4.92	-31.99	1.008681233538043
-4.93	-30.78	1.067460569841479
-4.92	-29.54	1.069891800732543
-4.92	-28.31	1.0586682466218136
-4.93	-27.09	1.0331241713772756
-4.93	-25.87	1.0170692644290413
-4.93	-24.64	1.007906762173416
-4.93	-23.41	0.9820518693168416
-4.93	-22.18	0.9798543157145464
-4.93	-20.96	0.9779150617720587
-4.93	-19.73	0.9743675164284927
-4.93	-18.5	0.9774286942803526
-4.93	-17.26	0.9885383186462128
-4.93	-16.04	0.9973014225820479
-4.93	-14.8	1.0094277254682684
-4.93	-13.57	1.0118208365001045
-4.93	-12.34	1.0021921215935399
-4.94	-11.1	1.0133122969685833
-4.94	-9.87	1.0197958202348745
-4.94	-8.64	1.019956738986584
-4.94	-7.41	1.021624662349771
-4.94	-6.17	1.0247303977981044
-4.94	-4.94	1.033047443592523
-4.94	-3.7	1.0276146499077885
-4.94	-2.47	1.0271900848088484
-4.94	-1.24	1.0292527228114359
-4.94	0.0	1.0209709788336703
-4.94	1.24	0.9970541461636279
-4.94	2.47	0.9972630920977392
-4.94	3.7	1.0040890900116823
-4.94	4.94	1.0004571199398264
-4.94	6.17	1.0044981138019848
-4.94	7.41	1.009520241020891
-4.94	8.64	1.0072760289648746
-4.94	9.87	0.9995124651800475
-4.94	11.1	1.0166959647150848
-4.93	12.34	1.017359194096474
-4.93	13.57	1.0130729476981513
-4.93	14.8	1.0193093405196005
-4.93	16.04	1.0280120055427
-4.93	17.26	1.0293486330750572
-4.93	18.5	1.0428890754439282
-4.93	19.73	1.043278242758405
-4.93	20.96	1.0537375208265567
-4.93	22.18	1.0496206987234369
-4.93	23.41	1.0572254828006193
-4.93	24.64	1.0506704297434413
-4.93	25.87	1.0503582260344255
-4.93	27.09	1.0460502214418625
-4.92	28.31	1.0172220691197937
-4.92	29.54	0.9953942184260784
-4.93	30.78	0.9603140129918926
-4.92	31.99	0.854451410854448
-4.91	33.17	0.7620130939815972
-4.91	34.35	0.7153693236474974
-4.9	35.49	0.7330671926818039
-4.88	36.58	0.6086211732215284
-4.84	37.5	0.4932619844142836
-3.63	37.55	0.18265190228055941
-3.66	36.6	0.643466485606164
-3.67	35.51	0.7306552229490492
-3.68	34.35	0.7268925474939312
-3.69	33.18	0.7700904986732731
-3.69	32.0	0.8757004676027685
-3.69	30.78	0.9653430606156744
-3.69	29.54	1.0053515938972168
-3.69	28.31	1.0055737246981407
-3.69	27.09	1.061038688043164
-3.7	25.87	1.0417602500225
-3.7	24.64	1.0587635323518154
-3.7	23.41	1.0477121048265419
-3.7	22.19	1.0467827677665202
-3.7	20.96	1.0451850648123273
-3.7	19.73	1.0442643412556936
-3.7	18.5	1.0464871883403006
-3.7	17.27	1.0406446737192254
-3.7	16.04	1.0269824998069184
-3.7	14.8	1.02877017399096
-3.7	13.57	1.0309303860427277
-3.7	12.34	1.008829574039219
-3.7	11.11	1.0079845439051967
-3.7	9.88	1.0068745704966395
-3.7	8.64	1.0183814614735727
-3.7	7.41	1.001959643559416
-3.7	6.17	0.9942924215249719
-3.7	4.94	1.0006320139128062
-3.71	3.71	0.9962808521056978
-3.7	2.47	0.9862837647104697
-3.7	1.23	1.0063483137977332
-3.7	-0.0	1.023240298480379
-3.7	-1.23	1.0361533637447666
-3.7	-2.47	1.0307368969212023
-3.71	-3.71	1.0263212217336901
-3.7	-4.94	1.0375665029914
-3.7	-6.17	1.0363269723283177
-3.7	-7.41	1.0227113759795774
-3.7	-8.64	1.01439165802298
-3.7	-9.88	1.0213144263861331
-3.7	-11.11	1.0125000875462056
-3.7	-12.34	1.0230308542336648
-3.7	-13.57	1.0123192415287243
-3.7	-14.8	0.9933620994154508
-3.7	-16.04	1.0062289844847605
-3.7	-17.27	0.9798375619040869
-3.7	-18.5	0.9890329814279447
-3.7	-19.73	0.9743639709930957
-3.7	-20.96	0.9703479810702699
-3.7	-22.19	0.9818207520355693
-3.7	-23.41	0.9862364888684233
-3.7	-24.64	0.9906593289065478
-3.7	-25.87	1.0083385707871275
-3.69	-27.09	1.0337462875949388
-3.69	-28.31	1.0614878157528682
-3.69	-29.54	1.0697445509025894
-3.69	-30.78	1.0673290757779692
-3.69	-32.0	1.0178090217434548
-3.69	-33.18	0.9057410178396851
-3.68	-34.35	0.76973110169336
-3.67	-35.51	0.7023840653402769
-3.66	-36.6	0.8144984010409126
-3.63	-37.55	1.0014752762298735
-2.42	-37.58	0.9054003224571674
-2.44	-36.61	0.8171224029606257
-2.45	-35.52	0.7151029188628828
-2.45	-34.36	0.778235421466714
-2.46	-33.18	0.92466044671893
-2.46	-32.0	1.028011635137228
-2.46	-30.78	1.0660432945749898
-2.46	-29.54	1.0675707683087234
-2.46	-28.31	1.0623107635637599
-2.46	-27.09	1.023910786496239
-2.46	-25.87	1.0082457670728948
-2.46	-24.64	0.9913194883659175
-2.46	-23.41	0.9774353264877601
-2.47	-22.19	0.9821698322481661
-2.47	-20.96	0.9703200904671673
-2.47	-19.73	0.9732177461905906
-2.47	-18.5	0.9800918477259801
-2.47	-17.27	0.9945380855674222
-2.47	-16.04	1.0015147479838464
-2.47	-14.8	1.001888775448901
-2.47	-13.57	1.0029016163775932
-2.47	-12.34	1.0114163105969995
-2.47	-11.11	1.0101623879772197
-2.47	-9.88	1.0141686635004095
-2.47	-8.64	1.0156018108000724
-2.47	-7.41	1.0336596611755646
-2.47	-6.17	1.043403350592262
-2.47	-4.94	1.0475906963411394
-2.47	-3.7	1.0246621361596573
-2.47	-2.47	1.0436388264658583
-2.47	-1.24	1.0257497357426233
-2.47	0.0	1.0160410793450825
-2.47	1.24	1.0071374245521052
-2.47	2.47	0.9883193481179248
-2.47	3.7	0.9886923091720059
-2.47	4.94	0.9773806702063553
-2.47	6.17	0.9817065322752142
-2.47	7.41	0.9993527140208162
-2.47	8.64	1.0065360714471756
-2.47	9.88	1.0098127669379262
-2.47	11.11	1.0275922387251437
-2.47	12.34	1.0159657583826465
-2.47	13.57	1.0144144527417491
-2.47	14.8	1.0175750496645242
-2.47	16.04	1.0279922971399664
-2.47	17.27	1.0320523628325573
-2.47	18.5	1.0527153698805145
-2.47	19.73	1.0437731054853705
-2.47	20.96	1.0433751073796067
-2.47	22.19	1.0545561154865883
-2.46	23.41	1.0607347179008404
-2.46	24.64	1.0499571348583847
-2.46	25.87	1.0440133590310463
-2.46	27.09	1.061407957517009
-2.46	28.31	1.0369185645533554
-2.46	29.54	1.0086558561542247
-2.46	30.78	0.9724314475233847
-2.46	32.0	0.8766515022761987
-2.46	33.18	0.7913666840176514
-2.45	34.36	0.7182673941194334
-2.45	35.52	0.7100115543908742
-2.44	36.61	0.6555514098303076
-2.42	37.58	0.178015252401845
-1.21	37.6	0.23147325656522216
-1.22	36.62	0.6666619565335586
-1.22	35.52	0.7161423972352623
-1.23	34.36	0.7196632034647332
-1.23	33.18	0.785423348543165
-1.23	32.0	0.8892383860237042
-1.23	30.78	0.9764797888971878
-1.23	29.54	1.0251153546116896
-1.23	28.31	1.0267074661525382
-1.23	27.09	1.053633973078429
-1.23	25.87	1.0522077612824676
-1.23	24.64	1.0481771465312868
-1.23	23.41	1.0457137546824746
-1.23	22.19	1.04510513283483
-1.23	20.96	1.0377633077283688
-1.23	19.73	1.0411232554956322
-1.23	18.5	1.0356696252955702
-1.23	17.27	1.0262318537416888
-1.23	16.04	1.0255573869128074
-1.23	14.8	1.0312106870679456
-1.23	13.57	1.029020054694175
-1.23	12.34	1.0146872270486902
-1.23	11.11	1.0149597402564203
-1.23	9.88	1.0012404985129342
-1.23	8.64	1.0053984335225477
-1.23	7.41	1.003778453341242
-1.23	6.17	0.9851258180275321
-1.24	4.94	0.9788749881041174
-1.23	3.7	0.9805376084338469
-1.24	2.47	0.9996270001674231
-1.24	1.24	0.9993976931153141
-1.24	-0.0	1.0123339731279346
-1.24	-1.24	1.0362248786752346
-1.24	-2.47	1.0457632703756976
-1.23	-3.7	1.029870656034362
-1.24	-4.94	1.0403941461163435
-1.23	-6.17	1.045245354069825
-1.23	-7.41	1.0321823020874858
-1.23	-8.64	1.0334309099235544
-1.23	-9.88	1.0119305506417369
-1.23	-11.11	1.0083698279161661
-1.23	-12.34	1.011641015387432
-1.23	-13.57	1.0197743834708972
-1.23	-14.8	1.0055436167204173
-1.23	-16.04	1.0004903790179989
-1.23	-17.27	0.994782483081549
-1.23	-18.5	0.9790200695701319
-1.23	-19.73	0.9921079819729446
-1.23	-20.96	0.9641997029479411
-1.23	-22.19	0.9746881459417331
-1.23	-23.41	0.9690627500071441
-1.23	-24.64	0.9854350607496979
-1.23	-25.87	1.0038744649383795
-1.23	-27.09	1.0254043967226125
-1.23	-28.31	1.0618667404868134
-1.23	-29.54	1.0662447233797139
-1.23	-30.78	1.073149297514897
-1.23	-32.0	1.038739618557595
-1.23	-33.18	0.9269605631613458
-1.23	-34.36	0.7827033158404308
-1.22	-35.52	0.6976322295183339
-1.22	-36.62	0.8125079147092106
-1.21	-37.6	0.7566503010717845
0.0	-37.6	0.9770552531337092
0.0	-36.62	0.8110417512920876
0.0	-35.52	0.7104140037747977
0.0	-34.36	0.7935485461861251
0.0	-33.19	0.9358339097926366
0.0	-32.0	1.0351485400459606
0.0	-30.78	1.0838812696846996
0.0	-29.54	1.071390365388053
0.0	-28.31	1.0472124733155417
0.0	-27.09	1.0325739544189951
0.0	-25.87	1.007733622111983
0.0	-24.64	0.9928065419402593
0.0	-23.41	0.972374644763477
0.0	-22.19	0.9769098434578548
0.0	-20.96	0.9816341041897485
0.0	-19.73	0.9807278561578826
0.0	-18.5	0.9922006334501219
0.0	-17.27	0.9822444423095424
0.0	-16.04	1.003354382155707
0.0	-14.8	1.0139511931061431
0.0	-13.57	1.0121001759312702
0.0	-12.34	1.0146909370196833
0.0	-11.11	1.0156873341791552
0.0	-9.88	1.0122251934704392
0.0	-8.64	1.0304685824913373
0.0	-7.41	1.024994791889633
0.0	-6.17	1.0535577662218474
0.0	-4.94	1.0388478881206502
0.0	-3.7	1.0383257504160186
0.0	-2.47	1.0403235122116008
0.0	-1.24	1.043012331937517
0.0	0.0	1.0167824137680646
0.0	1.24	1.0015222075423222
0.0	2.47	0.9826300883850848
0.0	3.7	0.9768270415703669
0.0	4.94	0.9810981770365851
0.0	6.17	0.9842721347390939
0.0	7.41	1.00246565416748
0.0	8.64	1.007406419260201
0.0	9.88	1.0114908054476703
0.0	11.11	1.015130410945345
0.0	12.34	1.0125843613597478
0.0	13.57	1.02697995983113
0.0	14.8	1.0274706886130542
0.0	16.04	1.039347920170782
0.0	17.27	1.0351260608050918
0.0	18.5	1.041176741960941
0.0	19.73	1.044713531505378
0.0	20.96	1.041506040961874
0.0	22.19	1.0648062275308916
0.0	23.41	1.0449029165836334
0.0	24.64	1.0441977469877195
0.0	25.87	1.0531276725816758
0.0	27.09	1.0495518246190723
0.0	28.31	1.0322063186913126
0.0	29.54	1.0082304138220028
0.0	30.78	0.9662019802603871
0.0	32.0	0.8885729177311652
0.0	33.19	0.7994539981957656
0.0	34.36	0.7174140284284629
0.0	35.52	0.7164494998206524
0.0	36.62	0.6588422618298495
0.0	37.6	0.23529152976296683
1.21	37.6	0.2322921358771289
1.22	36.62	0.6614863756931586
1.22	35.52	0.724327924389121
1.23	34.36	0.7138184126770396
1.23	33.18	0.7888645271175956
1.23	32.0	0.8936997491662106
1.23	30.78	0.9780088198132394
1.23	29.54	0.9986042014604822
1.23	28.31	1.03137624649746
1.23	27.09	1.0523408787900508
1.23	25.87	1.05638187916207
1.23	24.64	1.0582702810654596
1.23	23.41	1.0534472163331126
1.23	22.19	1.056424641751489
1.23	20.96	1.0495793673229148
1.23	19.73	1.0337742726133063
1.23	18.5	1.040979836582591
1.23	17.27	1.0369947426724904
1.23	16.04	1.0222573597050968
1.23	14.8	1.0291039371108763
1.23	13.57	1.0248119724845106
1.23	12.34	1.0117120729402045
1.23	11.11	1.009666086254491
1.23	9.88	1.021503290298642
1.23	8.64	1.0088575983019368
1.23	7.41	0.998786368831246
1.23	6.17	0.9890156871091691
1.24	4.94	0.9818101602805939
1.23	3.7	0.9769144872051105
1.24	2.47	0.9777128912478604
1.24	1.24	0.99788496922155
1.24	-0.0	1.0249173671073237
1.24	-1.24	1.0387836252325076
1.24	-2.47	1.044573234746098
1.23	-3.7	1.0502708733545072
1.24	-4.94	1.0470052544736699
1.23	-6.17	1.0389095321535087
1.23	-7.41	1.0320810126229414
1.23	-8.64	1.0257006824718453
1.23	-9.88	1.0128735181574378
1.23	-11.11	1.018225597938765
1.23	-12.34	1.0149499343579027
1.23	-13.57	1.0159950104563518
1.23	-14.8	1.0046596824120015
1.23	-16.04	0.9994584342489471
1.23	-17.27	0.9919588734815133
1.23	-18.5	0.9778542791529283
1.23	-19.73	0.972386078993923
1.23	-20.96	0.9958317124377625
1.23	-22.19	0.9759533812828931
1.23	-23.41	0.983273460810933
1.23	-24.64	0.9943810161709626
1.23	-25.87	0.9982657187626757
1.23	-27.09	1.0225657447499348
1.23	-28.31	1.0556007676542012
1.23	-29.54	1.0669764448140933
1.23	-30.78	1.0773651091095044
1.23	-32.0	1.0411914431755227
1.23	-33.18	0.9419775676966056
1.23	-34.36	0.7867726827607956
1.22	-35.52	0.718083698320448
1.22	-36.62	0.8156484951082623
1.21	-37.6	0.7942552984027467
2.42	-37.58	0.9005369671268273
2.44	-36.61	0.8257837551410809
2.45	-35.52	0.7125129499260304
2.45	-34.36	0.7907067069752699
2.46	-33.18	0.9188604764684151
2.46	-32.0	1.031372393643855
2.46	-30.78	1.0749056579128025
2.46	-29.54	1.0669800850018936
2.46	-28.31	1.0597938953645762
2.46	-27.09	1.0220067911055866
2.46	-25.87	1.0016570931502795
2.46	-24.64	0.9834022018914478
2.46	-23.41	0.9753745945018398
2.47	-22.19	0.9782335854707275
2.47	-20.96	0.9666262393926599
2.47	-19.73	0.9807957583809829
2.47	-18.5	0.9909279989652926
2.47	-17.27	0.9880571151227849
2.47	-16.04	1.004827230222886
2.47	-14.8	1.0072241011650434
2.47	-13.57	1.011103746828949
2.47	-12.34	1.0241011601317733
2.47	-11.11	1.0203081155023388
2.47	-9.88	1.0193204445938142
2.47	-8.64	1.0207687387360311
2.47	-7.41	1.0294433976250266
2.47	-6.17	1.040117078759258
2.47	-4.94	1.0453373563481108
2.47	-3.7	1.0360329228121101
2.47	-2.47	1.03896529537472
2.47	-1.24	1.047422371014632
2.47	0.0	1.0216874559906173
2.47	1.24	0.9927864215444426
2.47	2.47	0.9919221429713121
2.47	3.7	0.9848803804412709
2.47	4.94	0.9747625588058906
2.47	6.17	0.994217521070246
2.47	7.41	1.0088586710300198
2.47	8.64	1.0048757699431854
2.47	9.88	1.0096130943780874
2.47	11.11	1.0107575366068269
2.47	12.34	1.0122153305999368
2.47	13.57	1.026245393496723
2.47	14.8	1.02691163565554
2.47	16.04	1.029907038740822
2.47	17.27	1.0419749214975675
2.47	18.5	1.05503640262933
2.47	19.73	1.0425298510013097
2.47	20.96	1.0431999580996125
2.47	22.19	1.0497742577785352
2.46	23.41	1.0519859121763901
2.46	24.64	1.0544359401446686
2.46	25.87	1.0545156344073858
2.46	27.09	1.0572015134245263
2.46	28.31	1.0374628086004136
2.46	29.54	0.9962709390148451
2.46	30.78	0.9791787886918933
2.46	32.0	0.8806513725214341
2.46	33.18	0.7919007600299103
2.45	34.36	0.7201511372141819
2.45	35.52	0.7365155860607522
2.44	36.61	0.6512224303821817
2.42	37.58	0.17809993387861134
3.63	37.55	0.3504085168731544
3.66	36.6	0.637609680351285
3.67	35.51	0.7342944344115455
3.68	34.35	0.7254366818542712
3.69	33.18	0.776014585333104
3.69	32.0	0.8802238341590272
3.69	30.78	0.9766323614619945
3.69	29.54	0.9984699771283442
3.69	28.31	1.0288508828335428
3.69	27.09	1.0543928435131702
3.7	25.87	1.0576171015460947
3.7	24.64	1.054129074633602
3.7	23.41	1.0537771486997713
3.7	22.19	1.057412520146473
3.7	20.96	1.0421253573582512
3.7	19.73	1.0533917627452847
3.7	18.5	1.038857588589404
3.7	17.27	1.0362426975245058
3.7	16.04	1.0249530804478146
3.7	14.8	1.034759423828923
3.7	13.57	1.021344003812495
3.7	12.34	1.0300906902789926
3.7	11.11	1.0197091558134126
3.7	9.88	1.0081276587204737
3.7	8.64	0.9967617660049611
3.7	7.41	1.0113900284324981
3.7	6.17	0.995077954054451
3.7	4.94	0.9864998598138419
3.71	3.71	0.9902708454737095
3.7	2.47	0.9962935122552002
3.7	1.23	1.0005816989619714
3.7	-0.0	1.029747210548319
3.7	-1.23	1.025217143455749
3.7	-2.47	1.0336940369166097
3.71	-3.71	1.0290431796214377
3.7	-4.94	1.0434449121473275
3.7	-6.17	1.0340228788724115
3.7	-7.41	1.0365880861168986
3.7	-8.64	1.0186689329117904
3.7	-9.88	1.0179095851857143
3.7	-11.11	1.0237266902335183
3.7	-12.34	1.0089787260789769
3.7	-13.57	1.0066889161446153
3.7	-14.8	0.9987667228155769
3.7	-16.04	0.9972738455153787
3.7	-17.27	0.9983910153920724
3.7	-18.5	0.9803088468627116
3.7	-19.73	0.9862454938957098
3.7	-20.96	0.9658888638738398
3.7	-22.19	0.9758279624224099
3.7	-23.41	0.9874468057857734
3.7	-24.64	1.0053887229664658
3.7	-25.87	1.0024699810406394
3.69	-27.09	1.028546530348069
3.69	-28.31	1.0560693719035594
3.69	-29.54	1.0760740518273746
3.69	-30.78	1.0747178003351254
3.69	-32.0	1.0374959247814834
3.69	-33.18	0.9218460652076275
3.68	-34.35	0.7800078513310731
3.67	-35.51	0.7151176612374283
3.66	-36.6	0.8080932884138033
3.63	-37.55	0.9782789661651834
4.84	-37.5	0.7446681870414469
4.88	-36.58	0.8014166794133052
4.9	-35.49	0.7191341491137571
4.91	-34.35	0.7701815209508377
4.91	-33.17	0.9127692844194434
4.92	-31.99	1.0261672727219424
4.93	-30.78	1.0754540992399995
4.92	-29.54	1.0696404307167815
4.92	-28.31	1.061492556915253
4.93	-27.09	1.0417259114179132
4.93	-25.87	1.007716565219985
4.93	-24.64	1.0114738387605258
4.93	-23.41	1.001615969005101
4.93	-22.18	0.9786614922126401
4.93	-20.96	0.9841176848651748
4.93	-19.73	0.9779483654617395
4.93	-18.5	0.9837565545246136
4.93	-17.26	0.9931276922213147
4.93	-16.04	0.9991807378601918
4.93	-14.8	1.0119750504871832
4.93	-13.57	1.015911980646949
4.93	-12.34	1.012943491775307
4.94	-11.1	1.0222326996623774
4.94	-9.87	1.0227009663334259
4.94	-8.64	1.0242841464960528
4.94	-7.41	1.0274488061334328
4.94	-6.17	1.0333623962235
4.94	-4.94	1.0334714954660236
4.94	-3.7	1.032277546156205
4.94	-2.47	1.0331359075999156
4.94	-1.24	1.0273635395536376
4.94	0.0	1.0272735848083614
4.94	1.24	1.0167119717648223
4.94	2.47	1.0082060343948331
4.94	3.7	0.9912974234241133
4.94	4.94	0.9948655807601494
4.94	6.17	1.0006937802686633
4.94	7.41	1.0137762642885237
4.94	8.64	1.0137779844691668
4.94	9.87	1.0162857881159586
4.94	11.1	1.0102303094706284
4.93	12.34	1.0283252500873223
4.93	13.57	1.014578952046826
4.93	14.8	1.0256997158805308
4.93	16.04	1.044682836339012
4.93	17.26	1.03277445876747
4.93	18.5	1.0474875422580836
4.93	19.73	1.053948427901389
4.93	20.96	1.05262810355581
4.93	22.18	1.0615890979007012
4.93	23.41	1.065187491954874
4.93	24.64	1.0475793401916438
4.93	25.87	1.0547173916543053
4.93	27.09	1.049373487289487
4.92	28.31	1.0178454392593252
4.92	29.54	1.0013505080173695
4.93	30.78	0.965345709355863
4.92	31.99	0.8689524037312097
4.91	33.17	0.7682645723753075
4.91	34.35	0.7220101408732152
4.9	35.49	0.7380055149280785
4.88	36.58	0.6015483529091896
4.84	37.5	0.18960910051035781
6.04	37.42	0.7421780594201034
6.09	36.55	0.5559552694908613
6.12	35.48	0.7248468472262988
6.13	34.34	0.711891973817273
6.14	33.16	0.7557714942142373
6.15	31.98	0.8616003258619118
6.16	30.78	0.9592135265474351
6.16	29.55	0.9989347134378022
6.15	28.31	1.0090017387670518
6.16	27.08	1.0544476685692714
6.16	25.87	1.0516422817779032
6.16	24.64	1.0413446487775029
6.16	23.41	1.0526266300150873
6.16	22.18	1.0594694066825727
6.16	20.96	1.0536062476288954
6.16	19.73	1.0444133574356234
6.16	18.49	1.0326175504590958
6.17	17.26	1.0472589598305477
6.17	16.03	1.045129551200464
6.17	14.8	1.031906751158864
6.17	13.57	1.039192888800432
6.17	12.34	1.0239808690787793
6.17	11.1	1.0217818788266764
6.17	9.87	1.0145081434749839
6.17	8.64	1.0225047568382393
6.17	7.41	1.010295129625501
6.17	6.17	1.0236410744359372
6.17	4.94	1.0180033157368633
6.17	3.7	1.0031801364221589
6.17	2.47	1.0197809239046849
6.17	1.23	1.0161447468347204
6.17	-0.0	1.023430249526965
6.17	-1.23	1.0321786654083076
6.17	-2.47	1.0376505746912186
6.17	-3.7	1.0260949372028447
6.17	-4.94	1.0237130265306766
6.17	-6.17	1.0208441802089618
6.17	-7.41	1.0201141847785018
6.17	-8.64	1.0293173072309425
6.17	-9.87	1.0078118616613798
6.17	-11.1	1.0253480118883673
6.17	-12.34	1.0115935608755355
6.17	-13.57	1.0137069753140926
6.17	-14.8	0.9963008802088118
6.17	-16.03	1.0000630881984123
6.17	-17.26	0.97824744150701
6.16	-18.49	0.9803474720352848
6.16	-19.73	0.9914077797299967
6.16	-20.96	0.9863956079949081
6.16	-22.18	0.9836151408362583
6.16	-23.41	0.9803849486779157
6.16	-24.64	0.9883456134063677
6.16	-25.87	1.0223526981167659
6.16	-27.08	1.0474579896918887
6.15	-28.31	1.0660100918203543
6.16	-29.55	1.0806069191632999
6.16	-30.78	1.0766401582984222
6.15	-31.98	1.0042155405477304
6.14	-33.16	0.888328640431946
6.13	-34.34	0.776752792455442
6.12	-35.48	0.749409562210729
6.09	-36.55	0.7892425396294563
6.04	-37.42	0.8088689215673868
7.22	-37.3	0.6999423883211464
7.3	-36.51	0.7710686265556682
7.34	-35.46	0.7766656882347955
7.36	-34.33	0.7650591076082391
7.37	-33.15	0.8729807715713718
7.38	-31.97	0.9807889519448353
7.39	-30.78	1.071587860389014
7.39	-29.55	1.0745560788766295
7.38	-28.31	1.0664909160801583
7.39	-27.08	1.0500345356750347
7.39	-25.86	1.0168778047499687
7.39	-24.64	1.0147886012059135
7.39	-23.41	0.9984119313646932
7.39	-22.18	0.9964001892886313
7.4	-20.95	0.9915534760122856
7.4	-19.73	0.9772044672390726
7.4	-18.49	0.9722540773074607
7.4	-17.26	0.9959074409693078
7.4	-16.03	1.214672791662494
7.4	-14.8	0.9993891940025177
7.4	-13.57	1.0100437883356328
7.4	-12.34	1.0106939531543797
7.4	-11.1	1.0056834447517076
7.4	-9.87	1.017155268651292
7.4	-8.64	1.0225507814959236
7.41	-7.41	1.014079727683281
7.41	-6.17	1.0192484454077684
7.41	-4.94	1.0383135536468313
7.41	-3.7	1.0367704991673414
7.41	-2.47	1.0284057278423233
7.41	-1.23	1.0155565152313148
7.41	0.0	1.021094011244641
7.41	1.23	1.0235639485993564
7.41	2.47	1.0165379798106897
7.41	3.7	1.0111467115223476
7.41	4.94	1.009844841185256
7.41	6.17	1.0158308488217689
7.41	7.41	1.0109226889118432
7.4	8.64	1.0071300476820342
7.4	9.87	1.0135239751707577
7.4	11.1	1.0315761322088641
7.4	12.34	1.020819381803793
7.4	13.57	1.025730598801701
7.4	14.8	1.0405492043982443
7.4	16.03	1.0402557708899784
7.4	17.26	1.0414890360882463
7.4	18.49	1.0441895114257476
7.4	19.73	1.0504190556481763
7.4	20.95	1.05143829954571
7.39	22.18	1.054419259021361
7.39	23.41	1.0638004933208227
7.39	24.64	1.0600022075550528
7.39	25.86	1.0580851242950353
7.39	27.08	1.032955674249239
7.38	28.31	1.0304561311727336
7.39	29.55	0.9984464607537864
7.39	30.78	0.9427096055089205
7.38	31.97	0.8375149178169434
7.37	33.15	0.7522876700683093
7.36	34.33	0.7192453311154288
7.34	35.46	0.7366196232844846
7.3	36.51	0.4999287428688861
7.22	37.3	0.9126782528071
8.51	36.45	0.3643110715286716
8.55	35.43	0.696578274557819
8.58	34.31	0.7297285290879714
8.59	33.14	0.7289011433078663
8.6	31.96	0.8127431976756155
8.62	30.77	0.9112534644629463
8.62	29.55	0.9952793486773737
8.62	28.31	1.0045504354064225
8.62	27.08	1.0315194571368262
8.62	25.86	1.0566884876692235
8.62	24.64	1.0485253808112045
8.62	23.41	1.059275646448351
8.62	22.18	1.0567778986738177
8.63	20.95	1.0620335498476212
8.63	19.72	1.0520379271637188
8.63	18.49	1.0482046866206625
8.63	17.26	1.0438434383180442
8.63	16.03	1.0379978562959626
8.63	14.8	1.043495060717451
8.64	13.57	1.0314090066572328
8.64	12.34	1.0259985484089262
8.64	11.1	1.0233957923531587
8.64	9.87	1.0227021586689824
8.64	8.64	1.0155029401982913
8.64	7.4	1.0192833468835196
8.64	6.17	1.0144915448886809
8.64	4.94	1.0125432719440401
8.64	3.7	1.0138725764898455
8.64	2.47	1.0185817150169252
8.64	1.23	1.0179398245898452
8.64	-0.0	1.017808381050804
8.64	-1.23	1.030160790448195
8.64	-2.47	1.0264693383820203
8.64	-3.7	1.0311380091082658
8.64	-4.94	1.0267225790981118
8.64	-6.17	1.0271688830505243
8.64	-7.4	1.0143804920248656
8.64	-8.64	1.0250781162250735
8.64	-9.87	1.0257100231267307
8.64	-11.1	1.0199053282584951
8.64	-12.34	1.0111600509113146
8.64	-13.57	1.0288201093413092
8.63	-14.8	1.0120533903693045
8.63	-16.03	0.9910421984709945
8.63	-17.26	0.9894886934091497
8.63	-18.49	0.9733876529349504
8.63	-19.72	0.9822281741624662
8.63	-20.95	0.9855603097792807
8.62	-22.18	0.9931715923585797
8.62	-23.41	1.0028576966145952
8.62	-24.64	1.0143218890395855
8.62	-25.86	1.0398362270513577
8.62	-27.08	1.053800026846406
8.62	-28.31	1.0778291106366549
8.62	-29.55	1.0770116688409364
8.62	-30.77	1.0436921366430254
8.6	-31.96	0.985119192615202
8.59	-33.14	0.8598687801042295
8.58	-34.31	0.7551943462816851
8.55	-35.43	0.8269840408265624
8.51	-36.45	0.7162436081048814
9.7	-36.37	0.8730940044693394
9.76	-35.39	0.8592877336547333
9.8	-34.29	0.753206727198149
9.82	-33.13	0.8380436084149797
9.83	-31.95	0.9366892185147343
9.84	-30.76	1.0440945291485324
9.85	-29.55	1.0761465092251736
9.85	-28.31	1.065726299590078
9.85	-27.08	1.050165979264956
9.85	-25.85	1.0336003099383821
9.85	-24.63	1.019727260367676
9.86	-23.41	1.0047839177331417
9.86	-22.18	0.9949298194987217
9.86	-20.95	0.9929732672124905
9.86	-19.72	0.9812495312704143
9.86	-18.49	0.9838239177082585
9.86	-17.26	0.9877894883751923
9.86	-16.03	1.004118967416081
9.87	-14.8	1.0035581008557328
9.87	-13.57	1.0074348145298595
9.87	-12.34	1.0185232812396672
9.87	-11.1	1.0181468690609834
9.87	-9.87	1.0197046837550767
9.87	-8.64	1.0243811600830148
9.87	-7.4	1.014894846926444
9.87	-6.17	1.0291026923621296
9.87	-4.94	1.0194034556404064
9.88	-3.7	1.0211314846325978
9.88	-2.47	1.0286735009453074
9.88	-1.23	1.0240676254878163
9.88	0.0	1.0167715291009312
9.88	1.23	1.0059923420103578
9.88	2.47	1.0138216728472786
9.88	3.7	1.0237291878503958
9.87	4.94	1.0191581622023156
9.87	6.17	1.0250519714774604
9.87	7.4	1.0176432106904993
9.87	8.64	1.02878101029928
9.87	9.87	1.030808541847069
9.87	11.1	1.0288308836840658
9.87	12.34	1.0277221501868214
9.87	13.57	1.039786139748132
9.87	14.8	1.0423380251705971
9.86	16.03	1.0321747868168418
9.86	17.26	1.0429567460106284
9.86	18.49	1.051532651266802
9.86	19.72	1.051344059604419
9.86	20.95	1.0514861356511975
9.86	22.18	1.0597318751312548
9.86	23.41	1.056116648321854
9.85	24.63	1.0592214466374954
9.85	25.85	1.060351333229421
9.85	27.08	1.0225997299381686
9.85	28.31	1.0053315177002438
9.85	29.55	0.9888822417887124
9.84	30.76	0.8852383720181992
9.83	31.95	0.7948928802734737
9.82	33.13	0.7221827954356814
9.8	34.29	0.7194888484883318
9.76	35.39	0.6685061987254999
9.7	36.37	0.203590703584321
10.88	36.26	1.25
10.97	35.34	0.595898064709933
11.01	34.26	0.7191335953031677
11.04	33.11	0.7308682025837951
11.05	31.93	0.7598213947459312
11.07	30.75	0.8605799735714207
11.08	29.55	0.9520791678036616
11.08	28.32	1.0187292529937362
11.08	27.08	1.013516339110107
11.08	25.85	1.0425182255924332
11.08	24.63	1.051684830497001
11.09	23.41	1.0481115110600885
11.09	22.18	1.0513798945063457
11.09	20.95	1.0612044316771434
11.09	19.72	1.0585862661001753
11.1	18.49	1.0470357835517232
11.1	17.26	1.0521138513017698
11.1	16.03	1.0492647462945601
11.1	14.8	1.039747820896402
11.1	13.57	1.0300848958659998
11.1	12.34	1.0306973526535677
11.1	11.1	1.0331104399325417
11.1	9.87	1.0291324827935169
11.1	8.64	1.0241444122085945
11.1	7.4	1.0276111021456282
11.1	6.17	1.0264912041947474
11.1	4.94	1.0120432073052459
11.11	3.7	1.026656721397673
11.11	2.47	1.026085798417829
11.11	1.23	1.0125291534646148
11.11	-0.0	1.0128211368112274
11.11	-1.23	1.0161245785208501
11.11	-2.47	1.023966682766824
11.11	-3.7	1.0118462775154404
11.1	-4.94	1.0202765424002378
11.1	-6.17	1.015261484879692
11.1	-7.4	1.0169518209118846
11.1	-8.64	1.0150907708667956
11.1	-9.87	1.0198621399708063
11.1	-11.1	1.0042433025415252
11.1	-12.34	1.0037722389300048
11.1	-13.57	1.008945466979553
11.1	-14.8	1.0073834484007218
11.1	-16.03	0.9987224776610931
11.1	-17.26	0.9925550500829736
11.1	-18.49	0.988190456848603
11.09	-19.72	0.9943756627738083
11.09	-20.95	0.9907220203156327
11.09	-22.18	0.9942330150740036
11.09	-23.41	1.007960010779086
11.08	-24.63	1.0337969758256889
11.08	-25.85	1.0396148123175135
11.08	-27.08	1.0647678901104702
11.08	-28.32	1.0785890514974288
11.08	-29.55	1.0670880239264602
11.07	-30.75	1.00509715181056
11.05	-31.93	0.9251157379715208
11.04	-33.11	0.8101964409584433
11.01	-34.26	0.7839012474442802
10.97	-35.34	0.8277422539056961
10.88	-36.26	0.9491740732219693
12.02	-36.05	0.7766121340153724
12.16	-35.27	0.7826814951215814
12.22	-34.22	0.8078298838345471
12.25	-33.09	0.7963785452118907
12.27	-31.91	0.888171463693936
12.29	-30.73	0.997103698842484
12.31	-29.54	1.0530632090315526
12.31	-28.32	1.0738088401848007
12.31	-27.08	1.082185231661728
12.31	-25.85	1.0522808469171807
12.31	-24.63	1.030583622833826
12.32	-23.4	1.0177485996970632
12.32	-22.18	1.0045304078111406
12.32	-20.94	0.9911829650866942
12.32	-19.72	1.0017321530948957
12.33	-18.49	0.9928967263554155
12.33	-17.26	0.9804209212946918
12.33	-16.03	0.997804515686152
12.33	-14.8	1.0095394070947274
12.33	-13.56	1.0077100439539985
12.33	-12.33	1.0074485579636903
12.34	-11.1	1.0077719056766685
12.34	-9.87	1.0053222635532442
12.34	-8.64	1.0087120176248667
12.34	-7.4	1.0106731947397591
12.34	-6.17	1.0221829303519958
12.34	-4.93	1.0268351260959725
12.34	-3.7	1.013875814319119
12.34	-2.47	1.0227857627599282
12.34	-1.23	1.0175235452610232
12.34	0.0	1.0201424631257165
12.34	1.23	1.0175445308812279
12.34	2.47	1.0139620079500025
12.34	3.7	1.0198083956917297
12.34	4.93	1.0207646992654587
12.34	6.17	1.0098595599832156
12.34	7.4	1.0283153325492727
12.34	8.64	1.0304741671048776
12.34	9.87	1.036552553909635
12.34	11.1	1.0313935057265131
12.33	12.33	1.0276997144808586
12.33	13.56	1.0446895593749443
12.33	14.8	1.0448442072265307
12.33	16.03	1.045449267109024
12.33	17.26	1.049951774337206
12.33	18.49	1.0515231344493912
12.32	19.72	1.0512396053324011
12.32	20.94	1.0474733326322425
12.32	22.18	1.0566017784110209
12.32	23.4	1.041203540001017
12.31	24.63	1.0518575722331687
12.31	25.85	1.0299383777884035
12.31	27.08	1.0144575879602862
12.31	28.32	0.9916067398766205
12.31	29.54	0.9046377280392718
12.29	30.73	0.8402339519472932
12.27	31.91	0.7418760664045357
12.25	33.09	0.7252478584423964
12.22	34.22	0.7225070903656879
12.16	35.27	0.5039490870150569
12.02	36.05	0.877581147738201
13.34	35.17	0.29031729595918415
13.42	34.17	0.6654362806298133
13.47	33.06	0.7295210460829231
13.49	31.9	0.7293700008560503
13.51	30.71	0.7915247737396552
13.53	29.53	0.8869799401208389
13.54	28.32	0.9712153739367602
13.54	27.08	0.9990628052955122
13.54	25.85	1.0144014836499036
13.54	24.62	1.0415708407184063
13.55	23.4	1.0395095319910006
13.55	22.17	1.0635484671731066
13.55	20.94	1.0550911613990324
13.55	19.71	1.0557799604850582
13.56	18.49	1.0470980565273587
13.56	17.26	1.0538991508632487
13.56	16.03	1.0439483654677637
13.56	14.8	1.0414048846754413
13.56	13.56	1.0342731363274458
13.56	12.33	1.035016061264401
13.57	11.1	1.0232338976696447
13.57	9.87	1.0352860566792983
13.57	8.64	1.0300913231902593
13.57	7.4	1.0195754103041932
13.57	6.17	1.023506186928763
13.57	4.93	1.0202339409934678
13.57	3.7	1.025689589000727
13.57	2.47	1.0229006997388475
13.57	1.23	1.0252917248343856
13.57	-0.0	1.021365826782859
13.57	-1.23	1.0239276916486333
13.57	-2.47	1.0210637396640074
13.57	-3.7	1.0205718258815486
13.57	-4.93	1.0151685881647539
13.57	-6.17	1.017140126162236
13.57	-7.4	1.014655885707396
13.57	-8.64	1.0094954329495534
13.57	-9.87	1.0195706415576196
13.57	-11.1	1.0151022466079922
13.56	-12.33	0.9960772700918802
13.56	-13.56	0.9968719441850278
13.56	-14.8	0.9951924741719665
13.56	-16.03	0.9912561931648672
13.56	-17.26	0.9998682042003855
13.56	-18.49	0.989345319928201
13.55	-19.71	0.9950048768574881
13.55	-20.94	0.9958119304120159
13.55	-22.17	1.0196870390914232
13.55	-23.4	1.0222838908258391
13.54	-24.62	1.0441450051244041
13.54	-25.85	1.0625034097808945
13.54	-27.08	1.080198994163532
13.54	-28.32	1.0762544835356205
13.53	-29.53	1.0308799489819107
13.51	-30.71	0.9598027732456548
13.49	-31.9	0.8748367290101445
13.47	-33.06	0.8025733969412996
13.42	-34.17	0.8757408758368661
13.34	-35.17	0.7609147439940233
14.49	-35.02	0.7966595081374875
14.62	-34.1	0.8621117502858473
14.67	-33.02	0.8228377170761321
14.71	-31.87	0.8420621149646754
14.73	-30.69	0.9265831626022505
14.75	-29.51	1.0029423608444994
14.77	-28.31	1.0570722961824668
14.78	-27.09	1.077458501104197
14.77	-25.85	1.0635367249189442
14.77	-24.62	1.0425834689493647
14.77	-23.39	1.0412080474571623
14.78	-22.17	1.0198045684390409
14.78	-20.94	1.006382482245454
14.78	-19.71	1.002101354906531
14.79	-18.48	1.0019654118926635
14.79	-17.25	0.9909309390145485
14.79	-16.03	0.9909938376132046
14.79	-14.79	1.0028154791689414
14.8	-13.56	1.005505819484044
14.8	-12.33	1.0015175846301363
14.8	-11.1	1.0088754896371035
14.8	-9.87	1.011777523622164
14.8	-8.63	1.0046315713142986
14.8	-7.4	1.0207554504628797
14.8	-6.17	1.0126602860354421
14.8	-4.93	1.0254076590029386
14.8	-3.7	1.0274587281518242
14.8	-2.47	1.0258821159211402
14.8	-1.23	1.0112585700745103
14.8	0.0	1.014698778958935
14.8	1.23	1.0260244221436934
14.8	2.47	1.0243244956417255
14.8	3.7	1.0145112610492064
14.8	4.93	1.0235574371081801
14.8	6.17	1.0228901155230345
14.8	7.4	1.0254245648622953
14.8	8.63	1.0377870529666557
14.8	9.87	1.0285656645079404
14.8	11.1	1.029644586706078
14.8	12.33	1.0356384817794169
14.8	13.56	1.044731867316626
14.79	14.79	1.0375320543724833
14.79	16.03	1.05356857184819
14.79	17.25	1.0484953446785894
14.79	18.48	1.0541888656538476
14.78	19.71	1.0578550641985498
14.78	20.94	1.038543562389143
14.78	22.17	1.0537955336151574
14.77	23.39	1.0537916927429256
14.77	24.62	1.0216746162175518
14.77	25.85	1.0171200508641582
14.78	27.09	0.9994433849899307
14.77	28.31	0.9317334698034502
14.75	29.51	0.8491540133019451
14.73	30.69	0.7597236382257809
14.71	31.87	0.7277582605915266
14.67	33.02	0.7120463314179658
14.62	34.1	0.5775252972797311
14.49	35.02	1.216307522301467
15.79	34.0	0.39105840848199275
15.87	32.97	0.7021627590230057
15.92	31.84	0.7239711904617563
15.95	30.67	0.7305260420032508
15.97	29.48	0.8050511117977468
15.99	28.3	0.8721962664885498
16.01	27.09	0.9660793441198186
16.01	25.85	1.0166280528437088
16.0	24.62	1.020119826725926
16.0	23.39	1.0388448721642363
16.01	22.16	1.0392488470737415
16.01	20.94	1.0588189303682485
16.02	19.71	1.0547071269214185
16.02	18.48	1.0383828259695234
16.02	17.25	1.0376421969373293
16.02	16.02	1.0479360931611381
16.03	14.79	1.0484854475275172
16.03	13.56	1.0327580280317132
16.03	12.33	1.039927505064037
16.03	11.1	1.0337668932496438
16.03	9.86	1.0412721777497043
16.03	8.63	1.0348403972275297
16.03	7.4	1.0278364544199912
16.03	6.17	1.0287014066136042
16.04	4.93	1.028487565010204
16.04	3.7	1.0281310848506025
16.04	2.47	1.0139013869235356
16.04	1.23	1.0193687629225212
16.04	-0.0	1.0206892599366548
16.04	-1.23	1.0145289868138916
16.04	-2.47	1.007580251702648
16.04	-3.7	1.0146491803222915
16.04	-4.93	1.0162589730124993
16.03	-6.17	1.0185492350041603
16.03	-7.4	1.0121573676005404
16.03	-8.63	1.0239503651392692
16.03	-9.86	1.012087797178334
16.03	-11.1	1.0157681132963585
16.03	-12.33	1.0093776974374589
16.03	-13.56	0.9992154738982792
16.03	-14.79	0.9950194363475331
16.02	-16.02	1.0074168475730532
16.02	-17.25	1.0090869155519473
16.02	-18.48	1.0065449557537967
16.02	-19.71	1.0151522452996915
16.01	-20.94	1.0284938340523582
16.01	-22.16	1.0364562981949066
16.0	-23.39	1.0458063189335962
16.0	-24.62	1.0667097726558834
16.01	-25.85	1.0640074666245674
16.01	-27.09	1.0688888402850747
15.99	-28.3	1.0315334207413405
15.97	-29.48	0.9822424990668489
15.95	-30.67	0.894986689425591
15.92	-31.84	0.8356757660694483
15.87	-32.97	0.8754493841194227
15.79	-34.0	0.7742978845740848
16.92	-33.85	0.5900733314983874
17.06	-32.9	0.9028238120417029
17.12	-31.8	0.8668157478991398
17.16	-30.65	0.8794575969252362
17.19	-29.46	0.9526929368162889
17.21	-28.27	1.0108042026784718
17.23	-27.08	1.052128303299135
17.24	-25.86	1.0707751075995848
17.23	-24.62	1.059278319592743
17.23	-23.38	1.036701341887072
17.23	-22.16	1.0437762994831359
17.24	-20.93	1.0273685058076847
17.25	-19.71	1.031377446207359
17.25	-18.48	1.0153193135310428
17.25	-17.25	0.9939354558199041
17.25	-16.02	1.0139639606493587
17.25	-14.79	0.9995354256190396
17.26	-13.56	0.9970290298787137
17.26	-12.33	1.004547752859247
17.26	-11.1	1.0134379569674234
17.26	-9.86	1.0185898258491235
17.26	-8.63	1.0108886395855616
17.26	-7.4	1.0157389918834525
17.26	-6.17	1.0062785067950561
17.26	-4.93	1.0202827470780664
17.27	-3.7	1.0215876542939455
17.27	-2.47	1.0193210168570594
17.27	-1.23	1.0215699559178317
17.27	0.0	1.0201336630573288
17.27	1.23	1.0235998676239693
17.27	2.47	1.0195618325691689
17.27	3.7	1.0205873249881863
17.26	4.93	1.0138656805997242
17.26	6.17	1.0347520435104574
17.26	7.4	1.0315241660889838
17.26	8.63	1.0284296293319968
17.26	9.86	1.039393200794181
17.26	11.1	1.0342879264959253
17.26	12.33	1.0262670319746412
17.26	13.56	1.0511027779094704
17.25	14.79	1.0476650663274787
17.25	16.02	1.0561737946417276
17.25	17.25	1.0411081476722108
17.25	18.48	1.0502534674706736
17.25	19.71	1.0443970294756193
17.24	20.93	1.0436625425573132
17.23	22.16	1.0463152374221623
17.23	23.38	1.0166542020680611
17.23	24.62	1.004627151186234
17.24	25.86	0.9862999184390536
17.23	27.08	0.9131663955430801
17.21	28.27	0.8446446085511623
17.19	29.46	0.7624416064328166
17.16	30.65	0.7145623242559204
17.12	31.8	0.7299318818661831
17.06	32.9	0.5958304739479273
16.92	33.85	0.031968406269788446
18.21	32.78	0.34118661246320736
18.31	31.74	0.6880208483972191
18.37	30.61	0.7181966539443573
18.4	29.44	0.736730339558667
18.42	28.25	0.7970962901955737
18.45	27.06	0.8557054998165226
18.47	25.85	0.9429953787787088
18.47	24.63	0.9973353756505746
18.46	23.39	1.006748085875672
18.46	22.15	1.022637713718383
18.47	20.93	1.0437175474558622
18.47	19.7	1.0393340249753944
18.48	18.48	1.0326456512073006
18.48	17.25	1.051859565420794
18.48	16.02	1.0412229786817382
18.48	14.79	1.0376115533633836
18.49	13.56	1.0456524382942938
18.49	12.33	1.0403762346593493
18.49	11.1	1.0413152346337762
18.49	9.86	1.0291717624090782
18.49	8.63	1.0318014301450356
18.49	7.4	1.0365834197555974
18.49	6.16	1.010205685730002
18.5	4.93	1.0235036405406446
18.5	3.7	1.0287782176606637
18.5	2.47	1.0259749325107548
18.5	1.23	1.0266295533312724
18.5	-0.0	1.020560342715551
18.5	-1.23	1.0239171965773504
18.5	-2.47	1.0214640204300576
18.5	-3.7	1.0271049043165394
18.5	-4.93	1.021566008927787
18.49	-6.16	1.0181471805390585
18.49	-7.4	1.0085262945277262
18.49	-8.63	1.0147278276320786
18.49	-9.86	1.0164208118201168
18.49	-11.1	1.0093639589971637
18.49	-12.33	1.0013729708901113
18.49	-13.56	1.0114670269951866
18.48	-14.79	1.0121586101368747
18.48	-16.02	1.007003059139055
18.48	-17.25	1.0150534062873746
18.48	-18.48	1.0186245126743263
18.47	-19.7	1.0337443551089114
18.47	-20.93	1.0459794604630075
18.46	-22.15	1.064209474255846
18.46	-23.39	1.06055928383952
18.47	-24.63	1.0875036848146193
18.47	-25.85	1.0568916308289673
18.45	-27.06	1.0252076177720557
18.42	-28.25	0.9728607234330924
18.4	-29.44	0.9183797505900141
18.37	-30.61	0.876048904302684
18.31	-31.74	0.9036314310217628
18.21	-32.78	0.8264891705116337
19.32	-32.6	0.7633201563861758
19.48	-31.66	0.9191556736061014
19.56	-30.56	0.9045899826403679
19.61	-29.41	0.901337544868822
19.63	-28.22	0.9572122715001286
19.66	-27.03	0.9984939218999201
19.68	-25.84	1.0314211674690767
19.7	-24.62	1.0614481624332612
19.7	-23.39	1.0628969000660942
19.69	-22.16	1.065401228021814
19.69	-20.92	1.0580527304836604
19.7	-19.7	1.046047024855205
19.7	-18.47	1.0136659542046074
19.71	-17.25	1.0183429904467265
19.71	-16.02	1.0149490481435004
19.71	-14.78	1.020269640030989
19.71	-13.55	1.0054549391401826
19.72	-12.32	1.0049079764022695
19.72	-11.09	1.0173599462610374
19.72	-9.86	1.0047942701632435
19.72	-8.63	0.9937814457152099
19.73	-7.4	1.0166303777024739
19.73	-6.16	1.0120035637060902
19.73	-4.93	1.024892803250613
19.73	-3.7	1.011589727901749
19.73	-2.47	1.0157383566262606
19.73	-1.23	1.0123905896503176
19.73	0.0	1.018015389118704
19.73	1.23	1.0217849321198138
19.73	2.47	1.0249572747824673
19.73	3.7	1.0153882228765903
19.73	4.93	1.0244889810002413
19.73	6.16	1.0307110791075278
19.73	7.4	1.0310600200986237
19.72	8.63	1.0323304142741383
19.72	9.86	1.034440269341713
19.72	11.09	1.0306366547955959
19.72	12.32	1.0417574055731618
19.71	13.55	1.0306626178582305
19.71	14.78	1.0449506034975569
19.71	16.02	1.049372754107259
19.71	17.25	1.0375460733057933
19.7	18.47	1.0499895222980697
19.7	19.7	1.031743630046356
19.69	20.92	1.025868899504881
19.69	22.16	1.0082266515102898
19.7	23.39	0.9837907491752663
19.7	24.62	0.969171729054387
19.68	25.84	0.8962514610485607
19.66	27.03	0.8157161878815925
19.63	28.22	0.7540295451602151
19.61	29.41	0.7252161568902902
19.56	30.56	0.7109940100349935
19.48	31.66	0.5818316956430355
19.32	32.6	0.1885690743486221
20.61	31.52	0.3232043874395446
20.73	30.49	0.65916911715057
20.8	29.36	0.7266560838977751
20.84	28.2	0.729396356606355
20.87	27.01	0.7702800780354445
20.89	25.81	0.832822129737044
20.92	24.61	0.8910774609413789
20.93	23.39	0.9702080110547132
20.93	22.16	0.9940789826355105
20.92	20.92	1.0150837940857917
20.92	19.69	1.0281981936871294
20.93	18.47	1.029556762649772
20.93	17.24	1.0373904620703904
20.94	16.01	1.0521674666512038
20.94	14.78	1.0389446797653337
20.94	13.55	1.0379006911712108
20.94	12.32	1.0332992866472932
20.95	11.09	1.028907996639559
20.95	9.86	1.0391070577410488
20.95	8.63	1.0510650940622026
20.95	7.4	1.0271259046775083
20.96	6.16	1.0186600218020692
20.96	4.93	1.0265188112879773
20.96	3.7	1.0295419876019447
20.96	2.47	1.0339053876867321
20.96	1.23	1.0333118546357418
20.96	-0.0	1.0258643442080269
20.96	-1.23	1.028547983266063
20.96	-2.47	1.0184532999635305
20.96	-3.7	1.0209564745238147
20.96	-4.93	1.0241159008459348
20.96	-6.16	1.0107946266528445
20.95	-7.4	1.0168402101268037
20.95	-8.63	1.0234165443496168
20.95	-9.86	1.0143472961517463
20.95	-11.09	1.024641384111765
20.94	-12.32	1.0247176307751038
20.94	-13.55	1.0232186214481476
20.94	-14.78	1.0288372965587587
20.94	-16.01	1.0366702019248188
20.93	-17.24	1.0276934119464258
20.93	-18.47	1.0449301731482206
20.92	-19.69	1.0597851383820722
20.92	-20.92	1.0641869531532562
20.93	-22.16	1.0664287731280389
20.93	-23.39	1.0570535808370787
20.92	-24.61	1.029916577719297
20.89	-25.81	1.0006580915682635
20.87	-27.01	0.9782159361285809
20.84	-28.2	0.9360149024295814
20.8	-29.36	0.9222180193610587
20.73	-30.49	0.9484554004015175
20.61	-31.52	0.8329290162404639
21.63	-31.24	0.69417722189696
21.87	-30.38	0.9003060347730889
21.97	-29.3	0.9774725365765207
22.04	-28.16	0.9439553589533213
22.07	-26.98	0.9717964702530988
22.1	-25.78	0.9830260884229427
22.13	-24.59	1.0184092570551604
22.15	-23.38	1.049994041753679
22.16	-22.16	1.0592143877212472
22.16	-20.93	1.058169921380858
22.16	-19.69	1.0634703987189478
22.15	-18.46	1.0431156557602943
22.16	-17.23	1.0410553406738061
22.16	-16.01	1.0397408578825362
22.17	-14.78	1.0261103010185608
22.17	-13.55	1.0223407669335927
22.18	-12.32	1.0253960011591978
22.18	-11.09	1.0219239365582333
22.18	-9.86	1.0284887954681547
22.18	-8.62	1.0136067959496153
22.18	-7.39	1.0041816289493655
22.18	-6.16	1.0203227246723319
22.18	-4.93	1.0142687618088302
22.19	-3.7	1.0298519938241557
22.19	-2.47	1.0222241432791574
22.19	-1.23	1.0218085959474208
22.19	0.0	1.0256555815739687
22.19	1.23	1.032184841743369
22.19	2.47	1.0232494664130918
22.19	3.7	1.0289911083462702
22.18	4.93	1.0403018580914352
22.18	6.16	1.0408648417016695
22.18	7.39	1.0383280552540126
22.18	8.62	1.0268898055253344
22.18	9.86	1.0283346988302196
22.18	11.09	1.03358053517934
22.18	12.32	1.0419453484728858
22.17	13.55	1.0368857200330426
22.17	14.78	1.043613303882636
22.16	16.01	1.0260138479093144
22.16	17.23	1.0251325509804758
22.15	18.46	1.028549350398808
22.16	19.69	1.0156607906712625
22.16	20.93	0.9850044858684892
22.16	22.16	0.9692494828886951
22.15	23.38	0.9112735279099018
22.13	24.59	0.8567270675227177
22.1	25.78	0.7845409420833125
22.07	26.98	0.728085092470327
22.04	28.16	0.7235315505317862
21.97	29.3	0.6869138034647156
21.87	30.38	0.4878224868033844
21.63	31.24	0.8674674617305657
22.94	30.18	0.33520128943804395
23.12	29.2	0.562428012711503
23.21	28.1	0.6860579720898821
23.27	26.94	0.7272720676877186
23.31	25.76	0.7295991342265162
23.33	24.56	0.7963929205702459
23.36	23.36	0.8655340139483245
23.38	22.15	0.9195367445786836
23.39	20.93	0.9498572031254758
23.39	19.7	0.9886965214784681
23.39	18.46	1.012559703582647
23.38	17.23	1.0266493356773025
23.39	16.0	1.0309599708328103
23.39	14.77	1.040054252863561
23.4	13.55	1.0402881129819639
23.4	12.32	1.0292055414738122
23.41	11.09	1.041069995839533
23.41	9.86	1.040473823903014
23.41	8.62	1.0211164298683117
23.41	7.39	1.000862523465413
23.41	6.16	1.0048889418129754
23.41	4.93	1.0101773034486738
23.41	3.7	1.0263733115996843
23.41	2.46	1.023397725704032
23.41	1.23	1.018036106274616
23.41	-0.0	1.020129529082045
23.41	-1.23	1.0270631826761365
23.41	-2.46	1.0275218590214856
23.41	-3.7	1.0191632239586108
23.41	-4.93	1.0175447155327715
23.41	-6.16	1.0186187805780127
23.41	-7.39	1.0314205248715402
23.41	-8.62	1.034835258898161
23.41	-9.86	1.0413280068222983
23.41	-11.09	1.0375176044176515
23.4	-12.32	1.0329552830976154
23.4	-13.55	1.035376898258999
23.39	-14.77	1.0383392399907811
23.39	-16.0	1.0492202945613323
23.38	-17.23	1.0478270120870974
23.39	-18.46	1.0728526130565963
23.39	-19.7	1.076355202764746
23.39	-20.93	1.0604422295328673
23.38	-22.15	1.0462178697890843
23.36	-23.36	1.041381663442759
23.33	-24.56	1.0064622123707734
23.31	-25.76	0.9733421383967127
23.27	-26.94	0.9571304038021237
23.21	-28.1	0.9616079829661521
23.12	-29.2	0.9495274863307667
22.94	-30.18	0.7917175452432421
24.2	-29.04	0.8662500790310098
24.36	-28.01	0.9779094983716828
24.44	-26.89	0.9885327263055254
24.5	-25.72	0.9813456192675382
24.53	-24.53	1.003559209922443
24.56	-23.33	1.016186071587988
24.59	-22.13	1.0352036679813752
24.61	-20.92	1.0540273298609577
24.62	-19.7	1.0589944555601873
24.63	-18.47	1.0682256247873652
24.62	-17.23	1.0643582923824904
24.62	-16.0	1.0533931654956532
24.62	-14.77	1.0510429968168136
24.62	-13.54	1.0410443278833819
24.63	-12.31	1.031327684479738
24.63	-11.08	1.0240644008768287
24.63	-9.85	1.0370408250933827
24.64	-8.62	1.0288391379458068
24.64	-7.39	1.026744306844198
24.64	-6.16	1.0314988165220447
24.64	-4.93	1.0475495783571973
24.64	-3.7	1.040456527545965
24.64	-2.46	1.0594036763902248
24.64	-1.23	1.0462891292916259
24.64	0.0	1.0347279066920836
24.64	1.23	1.0116327482897378
24.64	2.46	1.021271265535075
24.64	3.7	1.0195307083395588
24.64	4.93	1.017303702704691
24.64	6.16	1.0313089845262302
24.64	7.39	1.02661893162011
24.64	8.62	1.0211239466286033
24.63	9.85	1.037930368598719
24.63	11.08	1.041317086814307
24.63	12.31	1.03449415781867
24.62	13.54	1.0275553941094158
24.62	14.77	1.0319398488603464
24.62	16.0	1.0269712927596262
24.62	17.23	1.0181163098555739
24.63	18.47	0.9696736075532768
24.62	19.7	0.946893323103468
24.61	20.92	0.912301707997506
24.59	22.13	0.8642751533774664
24.56	23.33	0.8041588014247537
24.53	24.53	0.7435145058250329
24.5	25.72	0.7232495237789115
24.44	26.89	0.697505214183879
24.36	28.01	0.6245031733967928
24.2	29.04	0.29560440692171386
25.43	27.86	0.39141397921212073
25.59	26.8	0.6343652887868498
25.67	25.67	0.7017876258187099
25.72	24.5	0.7303924535995806
25.76	23.31	0.746159540486293
25.78	22.1	0.7992012528358601
25.81	20.89	0.8579449885085585
25.84	19.68	0.912887809183429
25.85	18.47	0.9588052422985218
25.86	17.24	0.9696212877762603
25.85	16.01	0.9975521208690347
25.85	14.77	1.0049564924566134
25.85	13.54	1.0137248933531786
25.85	12.31	1.0237857624918147
25.85	11.08	1.0287161412652372
25.85	9.85	1.030084021797432
25.86	8.62	1.035575706255987
25.86	7.39	1.0271840548614546
25.87	6.16	1.0248131292074905
25.87	4.93	1.028843459256939
25.87	3.7	1.0328998194148498
25.87	2.46	1.036286119209929
25.87	1.23	1.0247203219310732
25.87	-0.0	1.0367389948031216
25.87	-1.23	1.017258143553307
25.87	-2.46	1.0269241177770942
25.87	-3.7	1.0339867992479512
25.87	-4.93	1.0297150428320692
25.87	-6.16	1.0472370816598007
25.86	-7.39	1.0267670159128375
25.86	-8.62	1.031090013622501
25.85	-9.85	1.036913654296607
25.85	-11.08	1.0399488363172416
25.85	-12.31	1.044477210608345
25.85	-13.54	1.0524462037085471
25.85	-14.77	1.0518786513587879
25.85	-16.01	1.0597226384693759
25.86	-17.24	1.0738939003548509
25.85	-18.47	1.069671548317606
25.84	-19.68	1.056565915858613
25.81	-20.89	1.0434673662472274
25.78	-22.1	1.0219953038526095
25.76	-23.31	1.0115882847393838
25.72	-24.5	1.0065875568257456
25.67	-25.67	1.0031404865536602
25.59	-26.8	0.9985341082974564
25.43	-27.86	0.9199023231995846
26.65	-26.65	0.9552624493078706
26.8	-25.59	1.016849296666637
26.89	-24.44	1.0264206893389405
26.94	-23.27	1.0081916952995802
26.98	-22.07	1.0188292129492476
27.01	-20.87	1.0320330546706198
27.03	-19.66	1.0488513636346237
27.06	-18.45	1.0551327758300948
27.08	-17.23	1.0561825585873568
27.09	-16.01	1.0522072141284162
27.09	-14.78	1.0547242706492919
27.08	-13.54	1.0633402842119863
27.08	-12.31	1.0505933283852877
27.08	-11.08	1.0467492359552653
27.08	-9.85	1.038259045983336
27.08	-8.62	1.0506802713726464
27.08	-7.39	1.036582097655496
27.08	-6.16	1.0333147498902033
27.09	-4.93	1.0206373510261713
27.09	-3.69	1.0267695398089365
27.09	-2.46	1.0379492112706479
27.09	-1.23	1.030259487955409
27.09	0.0	1.0324943772541233
27.09	1.23	1.0398172104459977
27.09	2.46	1.0282511091806694
27.09	3.69	1.0303712869471948
27.09	4.93	1.0347210964535203
27.08	6.16	1.0209016315236026
27.08	7.39	1.0183236481722702
27.08	8.62	1.018362772701959
27.08	9.85	1.0196064466068013
27.08	11.08	1.025899798557462
27.08	12.31	1.0154532788901967
27.08	13.54	0.9940634202946736
27.09	14.78	0.9831113365426007
27.09	16.01	0.9672762213171494
27.08	17.23	0.914018127152237
27.06	18.45	0.8977246050305668
27.03	19.66	0.8621759534384679
27.01	20.87	0.8006459171981389
26.98	22.07	0.7526872198175598
26.94	23.27	0.7381705615229028
26.89	24.44	0.7115718555919123
26.8	25.59	0.6535941269985391
26.65	26.65	0.40737007886664095
27.86	25.43	0.4223962657712679
28.01	24.36	0.63554279012537
28.1	23.21	0.6878434653051059
28.16	22.04	0.736777914477785
28.2	20.84	0.7503569697121069
28.22	19.63	0.785132472369814
28.25	18.42	0.8454173739687005
28.27	17.21	0.8745958600057963
28.3	15.99	0.9135092380747999
28.31	14.77	0.9559778538612755
28.32	13.54	0.9627121687174754
28.32	12.31	0.9989559803691646
28.32	11.08	1.0026506467335172
28.31	9.85	1.0234760249730552
28.31	8.62	1.01036194019343
28.31	7.38	1.0137140511689546
28.31	6.15	1.0212020615166144
28.31	4.92	1.0193659242779551
28.31	3.69	1.0244580818095095
28.31	2.46	1.0253867041487512
28.31	1.23	1.031648825835208
28.31	-0.0	1.0234781959522183
28.31	-1.23	1.032572029346114
28.31	-2.46	1.037725915460509
28.31	-3.69	1.0332643650403883
28.31	-4.92	1.0383614330714397
28.31	-6.15	1.043892378391166
28.31	-7.38	1.043064583138036
28.31	-8.62	1.0507322291943069
28.31	-9.85	1.0384705390333036
28.32	-11.08	1.0549499339033892
28.32	-12.31	1.0516088142508075
28.32	-13.54	1.0581054011620117
28.31	-14.77	1.066403188625015
28.3	-15.99	1.0549477967041154
28.27	-17.21	1.0683341242273703
28.25	-18.42	1.0534564850223063
28.22	-19.63	1.04401107583486
28.2	-20.84	1.041372285987837
28.16	-22.04	1.0462541834575272
28.1	-23.21	1.0366554008548166
28.01	-24.36	1.0399237866193836
27.86	-25.43	0.95209927189034
29.04	-24.2	0.9405981271602625
29.2	-23.12	1.0490882830418764
29.3	-21.97	1.0603124340242536
29.36	-20.8	1.0500880815154443
29.41	-19.61	1.0437515455082278
29.44	-18.4	1.0648675843347521
29.46	-17.19	1.0662456410397185
29.48	-15.97	1.0585076976772942
29.51	-14.75	1.061802667478414
29.53	-13.53	1.0547879861887304
29.54	-12.31	1.0575161193864648
29.55	-11.08	1.0462485156664263
29.55	-9.85	1.054842619940441
29.55	-8.62	1.0479921192096617
29.55	-7.39	1.0527050801949975
29.55	-6.16	1.0509434433086953
29.54	-4.92	1.037765321228522
29.54	-3.69	1.0355650143786077
29.54	-2.46	1.0316217213148167
29.54	-1.23	1.0281208471857728
29.54	0.0	1.02515184055956
29.54	1.23	1.0250129969908819
29.54	2.46	1.0199629610829615
29.54	3.69	1.019320077563173
29.54	4.92	1.0203549738864173
29.55	6.16	1.0053254076285623
29.55	7.39	1.0105282927879613
29.55	8.62	0.9986461735928325
29.55	9.85	0.986708426437748
29.55	11.08	0.9690147838946134
29.54	12.31	0.9570441224262536
29.53	13.53	0.9396472997175978
29.51	14.75	0.913962764926901
29.48	15.97	0.8707499380306878
29.46	17.19	0.8186256127448711
29.44	18.4	0.7702916390581587
29.41	19.61	0.7313414261179918
29.36	20.8	0.7266517793399426
29.3	21.97	0.7050497196714155
29.2	23.12	0.6190041212627915
29.04	24.2	0.4068039174827182
30.18	22.94	0.41973880089222393
30.38	21.87	0.5699075065418234
30.49	20.73	0.701952630673397
30.56	19.56	0.7033964947275534
30.61	18.37	0.7245331196032114
30.65	17.16	0.7554229576723133
30.67	15.95	0.7988694500490389
30.69	14.73	0.8403349599595386
30.71	13.51	0.8757096621216034
30.73	12.29	0.9218366504084113
30.75	11.07	0.9426614747304972
30.76	9.84	0.9605065220674559
30.77	8.62	0.9760821638100097
30.78	7.39	0.992485381060814
30.78	6.16	0.9994304875392312
30.78	4.93	0.9985280058560042
30.78	3.69	1.0166548947741587
30.78	2.46	1.0146376559339885
30.78	1.23	1.0151903417271924
30.78	-0.0	1.0298715142558137
30.78	-1.23	1.041583957278351
30.78	-2.46	1.0353784505247763
30.78	-3.69	1.0309335621238673
30.78	-4.93	1.0323178303717249
30.78	-6.16	1.028261368496179
30.78	-7.39	1.0501970178224291
30.77	-8.62	1.0384391769946462
30.76	-9.84	1.0433005063386833
30.75	-11.07	1.0578579964835066
30.73	-12.29	1.0533914512836022
30.71	-13.51	1.0678441409192783
30.69	-14.73	1.077703867029622
30.67	-15.95	1.07425724061415
30.65	-17.16	1.0628633974999078
30.61	-18.37	1.057874764013652
30.56	-19.56	1.0620563111767836
30.49	-20.73	1.0647637762424862
30.38	-21.87	1.0347445083159106
30.18	-22.94	0.8889203946317779
31.24	-21.63	0.704193139455384
31.52	-20.61	0.9813446123559783
31.66	-19.48	1.0565613452081428
31.74	-18.31	1.07123790718523
31.8	-17.12	1.0631095653202944
31.84	-15.92	1.0666938827748473
31.87	-14.71	1.06786735024369
31.9	-13.49	1.072856078116914
31.91	-12.27	1.0689568684131432
31.93	-11.05	1.0595191598573641
31.95	-9.83	1.0614153497642846
31.96	-8.6	1.042885487660321
31.97	-7.38	1.0404082421356806
31.98	-6.15	1.0361978547457835
31.99	-4.92	1.0213155381313337
32.0	-3.69	1.0239744169093812
32.0	-2.46	1.0277295272512312
32.0	-1.23	1.0143275426089258
32.0	0.0	1.0066606842273758
32.0	1.23	1.0087452546811957
32.0	2.46	1.001807835339124
32.0	3.69	0.9940724985527435
31.99	4.92	0.9722567554212288
31.98	6.15	0.9679239303423113
31.97	7.38	0.9622624065639136
31.96	8.6	0.9397202078877458
31.95	9.83	0.9113775332824807
31.93	11.05	0.8745629393750772
31.91	12.27	0.8453835678510968
31.9	13.49	0.7954390261960816
31.87	14.71	0.7587607227196579
31.84	15.92	0.745101349258483
31.8	17.12	0.7025205060379904
31.74	18.31	0.6897566218613186
31.66	19.48	0.6393070451505654
31.52	20.61	0.4735413451615484
31.24	21.63	0.40181889273651294
32.6	19.32	0.4137244244153153
32.78	18.21	0.5408351133938701
32.9	17.06	0.6744262092249242
32.97	15.87	0.7034056317002777
33.02	14.67	0.7017274750987933
33.06	13.47	0.7406188196233412
33.09	12.25	0.7621760719249101
33.11	11.04	0.7889183034905413
33.13	9.82	0.8337028579543061
33.14	8.59	0.8659260144634914
33.15	7.37	0.8944262774512758
33.16	6.14	0.9256653764997725
33.17	4.91	0.9497208958958332
33.18	3.69	0.9623061679080293
33.18	2.46	0.9009847103107289
33.18	1.23	0.9874470824472287
33.19	-0.0	1.0042149932242852
33.18	-1.23	1.0011997084490476
33.18	-2.46	1.0166564155186215
33.18	-3.69	1.0210879935401844
33.17	-4.91	1.0343188443190918
33.16	-6.14	1.0343711062946597
33.15	-7.37	1.039794048936463
33.14	-8.59	1.0422775425942574
33.13	-9.82	1.0641468185641962
33.11	-11.04	1.0560688138269323
33.09	-12.25	1.0709148714047838
33.06	-13.47	1.0630140865530884
33.02	-14.67	1.067232047809184
32.97	-15.87	1.060202316495569
32.9	-17.06	1.0251869585250433
32.78	-18.21	1.0070263269765938
32.6	-19.32	0.8184671063438589
33.85	-16.92	0.7960692413118952
34.0	-15.79	0.948622311498804
34.1	-14.62	0.9846959739652932
34.17	-13.42	1.0207975407926086
34.22	-12.22	1.0216518323482453
34.26	-11.01	1.0249485460710508
34.29	-9.8	1.0299834079163286
34.31	-8.58	1.0288021201480537
34.33	-7.36	1.022562862711566
34.34	-6.13	1.0094185527992092
34.35	-4.91	1.0071338009813429
34.35	-3.68	1.0024805900487315
34.36	-2.45	0.9939418735753482
34.36	-1.23	0.9906911642465482
34.36	0.0	0.9764699117598626
34.36	1.23	0.954797734424106
34.36	2.45	0.9325074203308217
34.35	3.68	0.9171644123633235
34.35	4.91	0.8808533690472099
34.34	6.13	0.8470529865172574
34.33	7.36	0.8224574125421856
34.31	8.58	0.7860423488415276
34.29	9.8	0.7687020412620139
34.26	11.01	0.7297519249336553
34.22	12.22	0.6929200442643072
34.17	13.42	0.7203792468136552
34.1	14.62	0.6766884952431113
34.0	15.79	0.5880475422514687
33.85	16.92	0.4405973488349802
35.02	14.49	0.5201270603310804
35.17	13.34	0.589182759416449
35.27	12.16	0.6781684089793089
35.34	10.97	0.7169914099134942
35.39	9.76	0.7272601869765873
35.43	8.55	0.706218756467531
35.46	7.34	0.7231629265428507
35.48	6.12	0.7584044516628704
35.49	4.9	0.782124747888266
35.51	3.67	0.8205666873197772
35.52	2.45	0.838578218570245
35.52	1.22	0.8561258709906518
35.52	-0.0	0.8738968180596093
35.52	-1.22	0.8961657779047665
35.52	-2.45	0.9206279184017927
35.51	-3.67	0.9297467666018984
35.49	-4.9	0.9497207479253948
35.48	-6.12	0.9607166409774203
35.46	-7.34	0.9677304552728903
35.43	-8.55	0.9415511802840478
35.39	-9.76	0.9029277078198248
35.34	-10.97	0.8804559250499702
35.27	-12.16	0.8805949313627335
35.17	-13.34	0.8459198868206125
35.02	-14.49	0.7201977827677304
36.05	-12.02	0.5988257788785797
36.26	-10.88	0.7070283102535762
36.37	-9.7	0.7644443732286101
36.45	-8.51	0.8064907025658578
36.51	-7.3	0.8163732588146276
36.55	-6.09	0.7983317568434557
36.58	-4.88	0.7938659245750782
36.6	-3.66	0.7909476269968945
36.61	-2.44	0.7848284888283921
36.62	-1.22	0.7721546767657489
36.62	0.0	0.7620777604266409
36.62	1.22	0.7560676100247976
36.61	2.44	0.7510867501336517
36.6	3.66	0.7433706797105715
36.58	4.88	0.7477197903628121
36.55	6.09	0.7314346537080809
36.51	7.3	0.7263118470366136
36.45	8.51	0.7093439057088424
36.37	9.7	0.6471513061713207
36.26	10.88	0.563457507068303
36.05	12.02	0.5019982389912055
37.3	7.22	0.6141680597862776
37.42	6.04	0.6376259021169308
37.5	4.84	0.6853394283330666
37.55	3.63	0.7208762081040364
37.58	2.42	0.7197125256056832
37.6	1.21	0.7326275869099426
37.6	-0.0	0.7383442947727553
37.6	-1.21	0.7433046103051334
37.58	-2.42	0.7440184932767645
37.55	-3.63	0.72875451097564
37.5	-4.84	0.7045827830042443
37.42	-6.04	0.6912045186893443
37.3	-7.22	0.6634745203234574
