-37.3	-7.22	0.5738637808821904
-37.42	-6.04	0.6158462901494758
-37.5	-4.84	0.6494946379744597
-37.55	-3.63	0.676743908690199
-37.58	-2.42	0.6877023752829038
-37.6	-1.21	0.6966133444401365
-37.6	0.0	0.688918411342967
-37.6	1.21	0.704677480578102
-37.58	2.42	0.6929286557359401
-37.55	3.63	0.6889606534994503
-37.5	4.84	0.6811812345875394
-37.42	6.04	0.664160455299056
-37.3	7.22	0.6350856902385732
-36.05	12.02	0.523475666001487
-36.26	10.88	0.5682501750415543
-36.37	9.7	0.6331128661758456
-36.45	8.51	0.6764264058024502
-36.51	7.3	0.6924847551125246
-36.55	6.09	0.6984661953708884
-36.58	4.88	0.7014450935023823
-36.6	3.66	0.7060850804555623
-36.61	2.44	0.7063755257931288
-36.62	1.22	0.7178981400776646
-36.62	-0.0	0.7335978425011049
-36.62	-1.22	0.7336977636529112
-36.61	-2.44	0.7507268977448305
-36.6	-3.66	0.7471319810899858
-36.58	-4.88	0.7387143857355981
-36.55	-6.09	0.7541565084905951
-36.51	-7.3	0.7688574948764175
-36.45	-8.51	0.7414007773527264
-36.37	-9.7	0.6889674353336086
-36.26	-10.88	0.582621150163687
-36.05	-12.02	0.4684589756416334
-35.02	-14.49	0.5699290164479462
-35.17	-13.34	0.7594929011820134
-35.27	-12.16	0.84364715792723
-35.34	-10.97	0.861256931854757
-35.39	-9.76	0.8822129955481866
-35.43	-8.55	0.9032660022995571
-35.46	-7.34	0.9294342397180986
-35.48	-6.12	0.920061962919762
-35.49	-4.9	0.9230627849273533
-35.51	-3.67	0.9186514247094087
-35.52	-2.45	0.895474079048981
-35.52	-1.22	0.8779507305839751
-35.52	0.0	0.8615080243713537
-35.52	1.22	0.8453323255807236
-35.52	2.45	0.823424333109631
-35.51	3.67	0.7975893782549889
-35.49	4.9	0.7733806655450466
-35.48	6.12	0.7514355106282727
-35.46	7.34	0.6977548670669357
-35.43	8.55	0.691927696887224
-35.39	9.76	0.6785938346165178
-35.34	10.97	0.6798230229418941
-35.27	12.16	0.6462302571124802
-35.17	13.34	0.5745312355233357
-35.02	14.49	0.4925280657240441
-33.85	16.92	0.4498549004791031
-34.0	15.79	0.5732228520090412
-34.1	14.62	0.6506283611071861
-34.17	13.42	0.6668350039402081
-34.22	12.22	0.6517732090283763
-34.26	11.01	0.7057729899139813
-34.29	9.8	0.740133222836894
-34.31	8.58	0.7696951202865607
-34.33	7.36	0.8038593837648802
-34.34	6.13	0.8489660465483163
-34.35	4.91	0.8681482967135086
-34.35	3.68	0.9101735200945544
-34.36	2.45	0.9362338541661772
-34.36	1.23	0.9476564602733432
-34.36	-0.0	0.9564473497626114
-34.36	-1.23	0.9784779401695071
-34.36	-2.45	0.9907897186458181
-34.35	-3.68	1.0000318410297715
-34.35	-4.91	1.0051489280885628
-34.34	-6.13	1.025691231069736
-34.33	-7.36	1.0209447414845394
-34.31	-8.58	1.0148882478244914
-34.29	-9.8	1.0142781456049947
-34.26	-11.01	1.00933811608862
-34.22	-12.22	1.0116029355824083
-34.17	-13.42	0.9849721527900079
-34.1	-14.62	0.954486798118481
-34.0	-15.79	0.886476662705414
-33.85	-16.92	0.67242637546681
-32.6	-19.32	0.6962769021859185
-32.78	-18.21	0.9328710867379767
-32.9	-17.06	1.0058191376586554
-32.97	-15.87	1.0457901538422265
-33.02	-14.67	1.043049179635508
-33.06	-13.47	1.047389982876059
-33.09	-12.25	1.037317769692634
-33.11	-11.04	1.0500361361498147
-33.13	-9.82	1.0522277049484414
-33.14	-8.59	1.028461972620893
-33.15	-7.37	1.0289062636894628
-33.16	-6.14	1.029623007977815
-33.17	-4.91	1.013450519492868
-33.18	-3.69	1.009239203645806
-33.18	-2.46	1.0115276536143891
-33.18	-1.23	0.9978846302411243
-33.19	0.0	0.9868601857187009
-33.18	1.23	0.9751617744938265
-33.18	2.46	0.9708379529029579
-33.18	3.69	0.9479154254496093
-33.17	4.91	0.9419262653342468
-33.16	6.14	0.9259760900662185
-33.15	7.37	0.8911421804095225
-33.14	8.59	0.8639680241577289
-33.13	9.82	0.8212191835028261
-33.11	11.04	0.7930074138704353
-33.09	12.25	0.7557947459066976
-33.06	13.47	0.7104099068737924
-33.02	14.67	0.6754347952240524
-32.97	15.87	0.6652728054525505
-32.9	17.06	0.6453221430799262
-32.78	18.21	0.564362825172661
-32.6	19.32	0.3815048079238725
-31.24	21.63	0.3532653910676424
-31.52	20.61	0.4923884590989677
-31.66	19.48	0.6288888007859152
-31.74	18.31	0.6650495119608935
-31.8	17.12	0.6860189525355967
-31.84	15.92	0.7148356365968671
-31.87	14.71	0.75050159698466
-31.9	13.49	0.7877837699636532
-31.91	12.27	0.8305766218950884
-31.93	11.05	0.8685917905757028
-31.95	9.83	0.8961034670025713
-31.96	8.6	0.9213074667377532
-31.97	7.38	0.9520593442203679
-31.98	6.15	0.9583583177052519
-31.99	4.92	0.9765383750219994
-32.0	3.69	0.9937265305254818
-32.0	2.46	1.0143407411309644
-32.0	1.23	1.018820870291214
-32.0	-0.0	1.0231180356631207
-32.0	-1.23	1.023006893015396
-32.0	-2.46	1.0218318126995023
-32.0	-3.69	1.028682452094349
-31.99	-4.92	1.0290665337032845
-31.98	-6.15	1.0280946260736534
-31.97	-7.38	1.0421784818582525
-31.96	-8.6	1.0290123801078181
-31.95	-9.83	1.039575689447814
-31.93	-11.05	1.0466353877994103
-31.91	-12.27	1.0601932334589348
-31.9	-13.49	1.0471627301896316
-31.87	-14.71	1.0542886760594437
-31.84	-15.92	1.0581376154755797
-31.8	-17.12	1.0586493243020278
-31.74	-18.31	1.0398303827573088
-31.66	-19.48	1.0163949529951244
-31.52	-20.61	0.9198490529178565
-31.24	-21.63	0.6190421194237501
-30.18	-22.94	0.7776519795939929
-30.38	-21.87	0.985514093394054
-30.49	-20.73	1.0386734349904487
-30.56	-19.56	1.0456214809341902
-30.61	-18.37	1.0482244664308775
-30.65	-17.16	1.0595502747299872
-30.67	-15.95	1.0529419244213463
-30.69	-14.73	1.0522576465354219
-30.71	-13.51	1.041837449663174
-30.73	-12.29	1.036558092942589
-30.75	-11.07	1.045006758154669
-30.76	-9.84	1.043159632745509
-30.77	-8.62	1.0409576953349131
-30.78	-7.39	1.0429266535186241
-30.78	-6.16	1.0287712633877597
-30.78	-4.93	1.0268225868119012
-30.78	-3.69	1.0222657389114413
-30.78	-2.46	1.0271417655838406
-30.78	-1.23	1.0188966876594123
-30.78	0.0	1.0130839483236849
-30.78	1.23	1.025276542919117
-30.78	2.46	1.0046608029899138
-30.78	3.69	1.0068031012932745
-30.78	4.93	1.0028139278368533
-30.78	6.16	0.9860181873659842
-30.78	7.39	0.9825943321588695
-30.77	8.62	0.9597096103496883
-30.76	9.84	0.9540061083502337
-30.75	11.07	0.9202113893308725
-30.73	12.29	0.8969963138084325
-30.71	13.51	0.8690053373206518
-30.69	14.73	0.8300826771800511
-30.67	15.95	0.7819875533402355
-30.65	17.16	0.7272585718744944
-30.61	18.37	0.7127561261160303
-30.56	19.56	0.6478383418423336
-30.49	20.73	0.6644020245053363
-30.38	21.87	0.5540605005019485
-30.18	22.94	0.3839387775942831
-29.04	24.2	0.40894750277049907
-29.2	23.12	0.6057057654273278
-29.3	21.97	0.6695707909514862
-29.36	20.8	0.7100528608828488
-29.41	19.61	0.7159994310895414
-29.44	18.4	0.7505997510199308
-29.46	17.19	0.7936669261406343
-29.48	15.97	0.8545381533006677
-29.51	14.75	0.8928021140942002
-29.53	13.53	0.9298673226196736
-29.54	12.31	0.9479510760603649
-29.55	11.08	0.9652024590895991
-29.55	9.85	0.9821851282819675
-29.55	8.62	0.9961588307297502
-29.55	7.39	1.0010317947227327
-29.55	6.16	1.0122629539849919
-29.54	4.92	1.0156451288358743
-29.54	3.69	1.0170094457270011
-29.54	2.46	1.0319204840797853
-29.54	1.23	1.0246459085724469
-29.54	-0.0	1.0205004489097957
-29.54	-1.23	1.030452035678199
-29.54	-2.46	1.0193258236831773
-29.54	-3.69	1.0396093172256573
-29.54	-4.92	1.0419405358860891
-29.55	-6.16	1.0337929066759828
-29.55	-7.39	1.0375367747072526
-29.55	-8.62	1.0413336079095306
-29.55	-9.85	1.036128501699126
-29.55	-11.08	1.039130009589721
-29.54	-12.31	1.0410130406117726
-29.53	-13.53	1.0419338661630881
-29.51	-14.75	1.040440677288907
-29.48	-15.97	1.0359378877014285
-29.46	-17.19	0.5234455749375364
-29.44	-18.4	1.0424939587087796
-29.41	-19.61	1.04230217828573
-29.36	-20.8	1.0391677346138035
-29.3	-21.97	1.0416282440400753
-29.2	-23.12	1.0151805283185689
-29.04	-24.2	0.8464563425108725
-27.86	-25.43	0.8766844300871598
-28.01	-24.36	1.0001926858214323
-28.1	-23.21	1.0201464915023537
-28.16	-22.04	1.001258373399524
-28.2	-20.84	1.0204516982843799
-28.22	-19.63	1.0272856103440178
-28.25	-18.42	1.033512188798837
-28.27	-17.21	1.026796816865079
-28.3	-15.99	1.03604175549362
-28.31	-14.77	1.0356613679452398
-28.32	-13.54	1.036827769977441
-28.32	-12.31	1.044676868111572
-28.32	-11.08	1.041228382064783
-28.31	-9.85	1.0410425307815165
-28.31	-8.62	1.0470627848839513
-28.31	-7.38	1.0364524224515579
-28.31	-6.15	1.040027271498005
-28.31	-4.92	1.0495388422381007
-28.31	-3.69	1.0403562692144441
-28.31	-2.46	1.03650997932491
-28.31	-1.23	1.0374450368495063
-28.31	0.0	1.0318564045392076
-28.31	1.23	1.0269227298287154
-28.31	2.46	1.0229750496278773
-28.31	3.69	1.0258792766577105
-28.31	4.92	1.0207761387954264
-28.31	6.15	1.0209756603380042
-28.31	7.38	1.018985700462164
-28.31	8.62	1.0111489972029508
-28.31	9.85	1.0033480521914018
-28.32	11.08	0.9890290391076142
-28.32	12.31	0.9782720135686929
-28.32	13.54	0.96465285609289
-28.31	14.77	0.9476075451907278
-28.3	15.99	0.9113263785739807
-28.27	17.21	0.8713984391869104
-28.25	18.42	0.8357543498805317
-28.22	19.63	0.7684282512522531
-28.2	20.84	0.7181504517386704
-28.16	22.04	0.7055892785095106
-28.1	23.21	0.6544810869667842
-28.01	24.36	0.6302142927899671
-27.86	25.43	0.42196934332728026
-26.65	26.65	0.43449324454483124
-26.8	25.59	0.6241289898324729
-26.89	24.44	0.681585415201611
-26.94	23.27	0.7012171647647735
-26.98	22.07	0.7332593030141114
-27.01	20.87	0.77991465038145
-27.03	19.66	0.8501133184929087
-27.06	18.45	0.8990228402069116
-27.08	17.23	0.9222825327464245
-27.09	16.01	0.9533743577475717
-27.09	14.78	0.9652250968261737
-27.08	13.54	0.9934491458691647
-27.08	12.31	1.0015968869287302
-27.08	11.08	1.0047749754597153
-27.08	9.85	1.019067418843259
-27.08	8.62	1.0132525782965962
-27.08	7.39	1.0147801262716338
-27.08	6.16	1.035259016945452
-27.09	4.93	1.0391457196957803
-27.09	3.69	1.041368324910076
-27.09	2.46	1.0392303773012472
-27.09	1.23	1.0254848773013834
-27.09	-0.0	1.0439052964071893
-27.09	-1.23	1.0388227855427867
-27.09	-2.46	1.0364001686684445
-27.09	-3.69	1.0359275254773048
-27.09	-4.93	1.0412280042345508
-27.08	-6.16	1.0325791865463232
-27.08	-7.39	1.053641819425289
-27.08	-8.62	1.0447298145766235
-27.08	-9.85	1.0568552369411952
-27.08	-11.08	1.0511770882676048
-27.08	-12.31	1.0492477742358448
-27.08	-13.54	1.050107999030382
-27.09	-14.78	1.0489841970418936
-27.09	-16.01	1.0474480440332135
-27.08	-17.23	1.043850465959242
-27.06	-18.45	1.0405239319643722
-27.03	-19.66	1.0358940373323446
-27.01	-20.87	1.0257787916354582
-26.98	-22.07	1.007425794831438
-26.94	-23.27	0.9959839192638326
-26.89	-24.44	0.9983517458664707
-26.8	-25.59	0.9909758750906539
-26.65	-26.65	0.880925099512133
-25.43	-27.86	0.832415156373335
-25.59	-26.8	0.9769890692858563
-25.67	-25.67	0.9720596553736244
-25.72	-24.5	0.9748560504402931
-25.76	-23.31	0.9885860068096166
-25.78	-22.1	1.0082030661955346
-25.81	-20.89	1.018199133402392
-25.84	-19.68	1.0301268697786405
-25.85	-18.47	1.0429917157040711
-25.86	-17.24	1.0546162651468631
-25.85	-16.01	1.0530474182376028
-25.85	-14.77	1.0501077120395401
-25.85	-13.54	1.046674729923007
-25.85	-12.31	1.055774532819627
-25.85	-11.08	1.0460664844456216
-25.85	-9.85	1.0498363021377648
-25.86	-8.62	1.038820791388663
-25.86	-7.39	1.0395730439382096
-25.87	-6.16	1.0368137947229599
-25.87	-4.93	1.038407967565224
-25.87	-3.7	1.042875254450098
-25.87	-2.46	1.0397958658361244
-25.87	-1.23	1.056056659647731
-25.87	0.0	1.0479501783318883
-25.87	1.23	1.0435824264713223
-25.87	2.46	1.0482316146244082
-25.87	3.7	1.0305570874072014
-25.87	4.93	1.0290487436830833
-25.87	6.16	1.02740795840328
-25.86	7.39	1.0275359278383005
-25.86	8.62	1.033358538009098
-25.85	9.85	1.029560453312369
-25.85	11.08	1.0256865883215953
-25.85	12.31	1.010687147968423
-25.85	13.54	1.009400802403887
-25.85	14.77	0.9994989900294119
-25.85	16.01	0.9838149511722828
-25.86	17.24	0.9726021850263685
-25.85	18.47	0.9413984798069599
-25.84	19.68	0.8971983268924687
-25.81	20.89	0.8591686318863541
-25.78	22.1	0.7919057814400692
-25.76	23.31	0.7370106279628376
-25.72	24.5	0.7103918383853122
-25.67	25.67	0.6784501768642525
-25.59	26.8	0.634506663267637
-25.43	27.86	0.40106852145881544
-24.2	29.04	0.3500350290999781
-24.36	28.01	0.6239469809652622
-24.44	26.89	0.6935070986259968
-24.5	25.72	0.7166315044732537
-24.53	24.53	0.7364401627282923
-24.56	23.33	0.7997150020397437
-24.59	22.13	0.8644384349883388
-24.61	20.92	0.9031954267773699
-24.62	19.7	0.9390678158834687
-24.63	18.47	0.9682094813101502
-24.62	17.23	1.0009362926656977
-24.62	16.0	1.0147390519589703
-24.62	14.77	1.0199502646478953
-24.62	13.54	1.0228491330102916
-24.63	12.31	1.0239568738937743
-24.63	11.08	1.0397368798560198
-24.63	9.85	1.0433060651748256
-24.64	8.62	1.0275298799992265
-24.64	7.39	1.015055341349404
-24.64	6.16	1.0112763855211322
-24.64	4.93	1.0193708006093545
-24.64	3.7	1.0221376127726673
-24.64	2.46	1.0474441898539606
-24.64	1.23	1.0438509337930808
-24.64	-0.0	1.060787143598523
-24.64	-1.23	1.0487867963108823
-24.64	-2.46	1.058498625914676
-24.64	-3.7	1.071052043456995
-24.64	-4.93	1.0711730596491704
-24.64	-6.16	1.0533989210422685
-24.64	-7.39	1.042553859295971
-24.64	-8.62	1.04479485418465
-24.63	-9.85	1.046179634060807
-24.63	-11.08	1.0462610268582688
-24.63	-12.31	1.0505577087331164
-24.62	-13.54	1.0472318434246624
-24.62	-14.77	1.0154541135722115
-24.62	-16.0	1.0538267913632113
-24.62	-17.23	1.053497893388024
-24.63	-18.47	1.044167086126681
-24.62	-19.7	1.0361073554088402
-24.61	-20.92	1.044030275834082
-24.59	-22.13	1.0126160173499412
-24.56	-23.33	0.9992746537101169
-24.53	-24.53	0.9857993601595988
-24.5	-25.72	0.9590782153759905
-24.44	-26.89	0.9614930510838131
-24.36	-28.01	0.946828246768277
-24.2	-29.04	0.8001303587536422
-22.94	-30.18	0.7656094538274892
-23.12	-29.2	0.9264943117056131
-23.21	-28.1	0.933773099806749
-23.27	-26.94	0.9272921512899239
-23.31	-25.76	0.9520058133761384
-23.33	-24.56	0.9878273738135838
-23.36	-23.36	1.0186004765627543
-23.38	-22.15	1.0415659468212581
-23.39	-20.93	1.0407715353621303
-23.39	-19.7	1.054971177989413
-23.39	-18.46	1.0654145040068734
-23.38	-17.23	1.064452703403511
-23.39	-16.0	1.0609081653832069
-23.39	-14.77	1.0647937977683648
-23.4	-13.55	1.0492556454392872
-23.4	-12.32	1.051429454356227
-23.41	-11.09	1.040499332302428
-23.41	-9.86	1.0410168598199272
-23.41	-8.62	1.0363378891451058
-23.41	-7.39	1.0303329506564265
-23.41	-6.16	1.0368181555081366
-23.41	-4.93	1.0296616084949417
-23.41	-3.7	1.028118750201702
-23.41	-2.46	1.0306005410693602
-23.41	-1.23	1.0318006244484696
-23.41	0.0	1.0318837647299082
-23.41	1.23	1.0422508135834208
-23.41	2.46	1.0275764998646204
-23.41	3.7	1.0339517743353641
-23.41	4.93	1.0306761849168988
-23.41	6.16	1.0184303348458497
-23.41	7.39	1.0060596951614522
-23.41	8.62	0.9978912007468601
-23.41	9.86	1.017689731089232
-23.41	11.09	1.0380626722127937
-23.4	12.32	1.0320255030458123
-23.4	13.55	1.0347758183411082
-23.39	14.77	1.0237039400825985
-23.39	16.0	1.029563011043685
-23.38	17.23	1.0222027812567622
-23.39	18.46	1.0053633836306144
-23.39	19.7	0.9739713515971175
-23.39	20.93	0.9704084779198938
-23.38	22.15	0.9233537765647309
-23.36	23.36	0.8647382123112753
-23.33	24.56	0.8072628048435031
-23.31	25.76	0.7392831896289453
-23.27	26.94	0.7071120477265682
-23.21	28.1	0.688564212274559
-23.12	29.2	0.5999122192995882
-22.94	30.18	0.422414961794848
-21.63	31.24	1.0515728092662966
-21.87	30.38	0.5301792116272039
-21.97	29.3	0.6760209220159753
-22.04	28.16	0.7152456701958091
-22.07	26.98	0.7189390373555534
-22.1	25.78	0.7846887849986145
-22.13	24.59	0.8662426991688225
-22.15	23.38	0.9169395037047471
-22.16	22.16	0.9715996246327877
-22.16	20.93	0.9868802677733503
-22.16	19.69	1.0086262432796858
-22.15	18.46	1.0437190477706317
-22.16	17.23	1.0216918467240768
-22.16	16.01	1.0347007678785336
-22.17	14.78	1.0256670908626793
-22.17	13.55	1.0405015937157658
-22.18	12.32	1.0320777175367577
-22.18	11.09	1.0310837749557924
-22.18	9.86	1.039679174178144
-22.18	8.62	1.0404300112378122
-22.18	7.39	1.042751580276789
-22.18	6.16	1.040821049293677
-22.18	4.93	1.0359786221926863
-22.19	3.7	1.0354985872793259
-22.19	2.47	1.029079258431404
-22.19	1.23	1.0425388874180028
-22.19	-0.0	1.0338694580314327
-22.19	-1.23	1.0326883566993599
-22.19	-2.47	1.0352722544439759
-22.19	-3.7	1.0329952838619307
-22.18	-4.93	1.0346919163965147
-22.18	-6.16	1.0353118012485072
-22.18	-7.39	1.0319488295290433
-22.18	-8.62	1.032040332259427
-22.18	-9.86	1.0353764123070655
-22.18	-11.09	1.02761887247144
-22.18	-12.32	1.0393850126633715
-22.17	-13.55	1.024159969384081
-22.17	-14.78	1.03059571409631
-22.16	-16.01	1.0585987889705482
-22.16	-17.23	1.0542988760593492
-22.15	-18.46	1.0653204179451539
-22.16	-19.69	1.0565753980753247
-22.16	-20.93	1.0618472988010004
-22.16	-22.16	1.0496511644696724
-22.15	-23.38	1.030002014287344
-22.13	-24.59	1.0155314471499084
-22.1	-25.78	0.9711357201960181
-22.07	-26.98	0.9530100517320241
-22.04	-28.16	0.8992744967283672
-21.97	-29.3	0.9272796543043872
-21.87	-30.38	0.8560912473864496
-21.63	-31.24	0.9961351298953132
-20.61	-31.52	0.7986366378275024
-20.73	-30.49	0.9078618933393142
-20.8	-29.36	0.8805701715618385
-20.84	-28.2	0.9095443346572434
-20.87	-27.01	0.9568009691209943
-20.89	-25.81	1.0104891097240258
-20.92	-24.61	1.0285252595680576
-20.93	-23.39	1.050336404047765
-20.93	-22.16	1.0631510988206256
-20.92	-20.92	1.055284475242001
-20.92	-19.69	1.054875130093786
-20.93	-18.47	1.052812407697409
-20.93	-17.24	1.054758045282708
-20.94	-16.01	1.0481447288517618
-20.94	-14.78	1.0466630558193109
-20.94	-13.55	1.0373593872143
-20.94	-12.32	1.030143512763868
-20.95	-11.09	1.0317992606208763
-20.95	-9.86	1.0190428049835039
-20.95	-8.63	1.0247201060632818
-20.95	-7.4	1.0291433748027805
-20.96	-6.16	1.0226384187561808
-20.96	-4.93	1.0403890918550711
-20.96	-3.7	1.029504751631569
-20.96	-2.47	1.0271147306930937
-20.96	-1.23	1.035656375574637
-20.96	0.0	1.0336808048055088
-20.96	1.23	1.0391417188955776
-20.96	2.47	1.034024478899748
-20.96	3.7	1.0291465030088096
-20.96	4.93	1.035550124477249
-20.96	6.16	1.04429295939762
-20.95	7.4	1.0424000487927927
-20.95	8.63	1.0496777805703945
-20.95	9.86	1.0412452502503748
-20.95	11.09	1.0421643158904508
-20.94	12.32	1.0335531310099026
-20.94	13.55	1.0479275005573276
-20.94	14.78	1.0292325492821275
-20.94	16.01	1.214672791662494
-20.93	17.24	1.0346218867392662
-20.93	18.47	1.0453708442854102
-20.92	19.69	1.0381714552441361
-20.92	20.92	1.0150295926448345
-20.93	22.16	0.992125464305782
-20.93	23.39	0.9602298220746306
-20.92	24.61	0.9166398888724141
-20.89	25.81	0.8458785928519632
-20.87	27.01	0.7701475202781332
-20.84	28.2	0.7257459970731522
-20.8	29.36	0.7150809866593375
-20.73	30.49	0.6709307378607391
-20.61	31.52	0.43106047089419486
-19.32	32.6	0.724097969314326
-19.48	31.66	0.6023367540404011
-19.56	30.56	0.7064126947126939
-19.61	29.41	0.7214159746983766
-19.63	28.22	0.7634952150845191
-19.66	27.03	0.8319584238528022
-19.68	25.84	0.8896692307833731
-19.7	24.62	0.9540194415664539
-19.7	23.39	0.9845351537683988
-19.69	22.16	1.0097225985169977
-19.69	20.92	1.0223969245048643
-19.7	19.7	1.037482423249658
-19.7	18.47	1.0449240733983356
-19.71	17.25	1.0244498095574803
-19.71	16.02	1.0417425085165646
-19.71	14.78	1.0426174245635698
-19.71	13.55	1.0512046096791396
-19.72	12.32	1.0385271309300164
-19.72	11.09	1.0374433012260376
-19.72	9.86	1.0402693491786932
-19.72	8.63	1.035963506422067
-19.73	7.4	1.0260875114344006
-19.73	6.16	1.0269691454536878
-19.73	4.93	1.0417015350082977
-19.73	3.7	1.025479986401027
-19.73	2.47	1.019354741258799
-19.73	1.23	1.02589941453784
-19.73	-0.0	1.0310638456679408
-19.73	-1.23	1.0380008927191637
-19.73	-2.47	1.0255879832115464
-19.73	-3.7	1.0325833751424671
-19.73	-4.93	1.0226076460450133
-19.73	-6.16	1.0273171322379901
-19.73	-7.4	1.01634337237564
-19.72	-8.63	1.0197583219135113
-19.72	-9.86	1.020993114653256
-19.72	-11.09	1.0131392980661207
-19.72	-12.32	1.0180829460615675
-19.71	-13.55	1.0283741544408809
-19.71	-14.78	1.0238502788252166
-19.71	-16.02	1.0336982244565003
-19.71	-17.25	1.0277681141353068
-19.7	-18.47	1.0300329420271153
-19.7	-19.7	1.0523128208403973
-19.69	-20.92	1.0492450862577294
-19.69	-22.16	1.0682819514506279
-19.7	-23.39	1.0559612029578909
-19.7	-24.62	1.052493393057817
-19.68	-25.84	1.0143431343167397
-19.66	-27.03	0.9822309820179604
-19.63	-28.22	0.927012634765917
-19.61	-29.41	0.8672599191299085
-19.56	-30.56	0.8639800133655097
-19.48	-31.66	0.8667275214786311
-19.32	-32.6	0.902004423532844
-18.21	-32.78	0.8067157344624921
-18.31	-31.74	0.8708382605496342
-18.37	-30.61	0.8306926068309116
-18.4	-29.44	0.873377279816464
-18.42	-28.25	0.9448396779792445
-18.45	-27.06	1.0030027681264508
-18.47	-25.85	1.0407732479704814
-18.47	-24.63	1.0621964560414334
-18.46	-23.39	1.059626743406392
-18.46	-22.15	1.0638623117576678
-18.47	-20.93	1.055073527964411
-18.47	-19.7	1.0354003047505809
-18.48	-18.48	1.026458862888312
-18.48	-17.25	1.026653747392401
-18.48	-16.02	1.0280113014185221
-18.48	-14.79	1.0248195543051286
-18.49	-13.56	1.025933163677423
-18.49	-12.33	1.013827295991323
-18.49	-11.1	1.0135797699051612
-18.49	-9.86	1.0209754131796462
-18.49	-8.63	1.0268966880374732
-18.49	-7.4	1.0232878768799027
-18.49	-6.16	1.033603004286415
-18.5	-4.93	1.030168223107121
-18.5	-3.7	1.021509070775133
-18.5	-2.47	1.0204371334039177
-18.5	-1.23	1.0301778115492726
-18.5	0.0	1.026539128746811
-18.5	1.23	1.0342898085881422
-18.5	2.47	1.0281676953895567
-18.5	3.7	1.0331250102594205
-18.5	4.93	1.022494057832266
-18.49	6.16	1.0254747608385408
-18.49	7.4	1.0365749002667741
-18.49	8.63	1.0276792175636806
-18.49	9.86	1.0328236420749441
-18.49	11.1	1.0393304435395097
-18.49	12.33	1.0423005006300228
-18.49	13.56	1.0383935146369883
-18.48	14.79	1.0427700058971994
-18.48	16.02	1.0350448730303525
-18.48	17.25	1.0393206256307936
-18.48	18.48	1.051024380207029
-18.47	19.7	1.03265253069689
-18.47	20.93	1.037465098439438
-18.46	22.15	1.0241811283297724
-18.46	23.39	1.007514152041885
-18.47	24.63	0.9829069435635449
-18.47	25.85	0.9355641003097879
-18.45	27.06	0.8646187646327967
-18.42	28.25	0.8020498029069818
-18.4	29.44	0.7287623999077749
-18.37	30.61	0.7189302554923946
-18.31	31.74	0.6866370707914339
-18.21	32.78	0.47011394229665693
-16.92	33.85	0.24328170835539192
-17.06	32.9	0.616521139029047
-17.12	31.8	0.7264739244036346
-17.16	30.65	0.7081263048295495
-17.19	29.46	0.7644546468713557
-17.21	28.27	0.8436340407771633
-17.23	27.08	0.9151174315055047
-17.24	25.86	0.9695200111871852
-17.23	24.62	1.0006010930240847
-17.23	23.38	1.0206027341690511
-17.23	22.16	1.0265035003228102
-17.24	20.93	1.0442244398508937
-17.25	19.71	1.0375619597482155
-17.25	18.48	1.0333807790175988
-17.25	17.25	1.0372593780838677
-17.25	16.02	1.038076691232682
-17.25	14.79	1.0509889311885647
-17.26	13.56	1.0406869101210796
-17.26	12.33	1.0368774885000824
-17.26	11.1	1.0440321594031765
-17.26	9.86	1.0432475662161735
-17.26	8.63	1.0337189880976763
-17.26	7.4	1.046576941389114
-17.26	6.17	1.043954055707863
-17.26	4.93	1.0305925193121404
-17.27	3.7	1.024352476047578
-17.27	2.47	1.0191904979720825
-17.27	1.23	1.0290550290661256
-17.27	-0.0	1.0358340906323713
-17.27	-1.23	1.0300955337126863
-17.27	-2.47	1.0334893838735477
-17.27	-3.7	1.021972603345625
-17.26	-4.93	1.0348727383574101
-17.26	-6.17	1.039251384131732
-17.26	-7.4	1.0219700693571374
-17.26	-8.63	1.008615929567909
-17.26	-9.86	1.0117361365035042
-17.26	-11.1	1.020860048481443
-17.26	-12.33	1.0199892155867762
-17.26	-13.56	1.0048738601629423
-17.25	-14.79	1.0211026954420201
-17.25	-16.02	1.0258657008838752
-17.25	-17.25	1.0153986937843946
-17.25	-18.48	1.0216311320629765
-17.25	-19.71	1.0281238953205818
-17.24	-20.93	1.0426736598766786
-17.23	-22.16	1.0486860897093573
-17.23	-23.38	1.052822585927309
-17.23	-24.62	1.069229541086146
-17.24	-25.86	1.0727770116052369
-17.23	-27.08	1.0355757599136546
-17.21	-28.27	0.9808672346507519
-17.19	-29.46	0.9227764310197445
-17.16	-30.65	0.8345678596200302
-17.12	-31.8	0.8190869523570721
-17.06	-32.9	0.8774710308995722
-16.92	-33.85	0.9184442125205027
-15.79	-34.0	0.8051492616651159
-15.87	-32.97	0.8449874915419178
-15.92	-31.84	0.8032987471151692
-15.95	-30.67	0.8587695982605981
-15.97	-29.48	0.9520277099056169
-15.99	-28.3	1.023951636308666
-16.01	-27.09	1.0671209205869072
-16.01	-25.85	1.0763756326179201
-16.0	-24.62	1.0612385921696303
-16.0	-23.39	1.0658466012803136
-16.01	-22.16	1.0467821538167934
-16.01	-20.94	1.031014953690668
-16.02	-19.71	1.0256143289121418
-16.02	-18.48	1.0127405234575333
-16.02	-17.25	1.0063273784066284
-16.02	-16.02	1.0068193775021705
-16.03	-14.79	1.0238457161351588
-16.03	-13.56	1.0145435841314938
-16.03	-12.33	1.0111269072378548
-16.03	-11.1	1.016057431475666
-16.03	-9.86	1.022582175193891
-16.03	-8.63	1.022982974446362
-16.03	-7.4	1.0275318018144992
-16.03	-6.17	1.020544018240872
-16.04	-4.93	1.0350870367359568
-16.04	-3.7	1.033830411940833
-16.04	-2.47	1.02443205605839
-16.04	-1.23	1.0308577719853953
-16.04	0.0	1.0345072646332416
-16.04	1.23	1.0405588530391905
-16.04	2.47	1.0256224370806624
-16.04	3.7	1.0229352494965545
-16.04	4.93	1.0367060362659994
-16.03	6.17	1.0351596808560395
-16.03	7.4	1.0313831509266431
-16.03	8.63	1.0270594791799958
-16.03	9.86	1.041335521401517
-16.03	11.1	1.0482959894002024
-16.03	12.33	1.0455421894517516
-16.03	13.56	1.0414293434439292
-16.03	14.79	1.041543706342683
-16.02	16.02	1.04786101847253
-16.02	17.25	1.045553662104814
-16.02	18.48	1.0481483031109797
-16.02	19.71	1.054182551817146
-16.01	20.94	1.0428211913695913
-16.01	22.16	1.0511238682363686
-16.0	23.39	1.03732052666901
-16.0	24.62	1.018414612092718
-16.01	25.85	1.0038588028096722
-16.01	27.09	0.9600343672833791
-15.99	28.3	0.8924808617759651
-15.97	29.48	0.8081059840004844
-15.95	30.67	0.7383999344690538
-15.92	31.84	0.7226337833482889
-15.87	32.97	0.6965722065255517
-15.79	34.0	0.3961553788745496
-14.49	35.02	0.9631700045905943
-14.62	34.1	0.5863313171263312
-14.67	33.02	0.7214632984161687
-14.71	31.87	0.7218366414825486
-14.73	30.69	0.7701117056818285
-14.75	29.51	0.8521578680389998
-14.77	28.31	0.9398525269050468
-14.78	27.09	0.9961373566407447
-14.77	25.85	1.0188341143369666
-14.77	24.62	1.02811437499732
-14.77	23.39	1.0479114239145908
-14.78	22.17	1.0490538125445776
-14.78	20.94	1.0513565434416206
-14.78	19.71	1.0419269704102205
-14.79	18.48	1.045254664049677
-14.79	17.25	1.0544638814083582
-14.79	16.03	1.059590062828716
-14.79	14.79	1.0512948924106653
-14.8	13.56	1.0474387891413042
-14.8	12.33	1.0354167349362648
-14.8	11.1	1.0408244931161557
-14.8	9.87	1.0391043732413272
-14.8	8.63	1.0453113912675327
-14.8	7.4	1.0206951274853908
-14.8	6.17	1.0401198828793567
-14.8	4.93	1.0380991324111137
-14.8	3.7	1.0288229502395294
-14.8	2.47	1.023116645118498
-14.8	1.23	1.0211292194397408
-14.8	-0.0	1.0306868642052085
-14.8	-1.23	1.0285911790889963
-14.8	-2.47	1.0260099517955572
-14.8	-3.7	1.0302032256593958
-14.8	-4.93	1.0255478242821094
-14.8	-6.17	1.0305545625737147
-14.8	-7.4	0.9541031278816754
-14.8	-8.63	1.0271599366716162
-14.8	-9.87	1.0190814838377489
-14.8	-11.1	1.0102559643200792
-14.8	-12.33	1.0093364322916705
-14.8	-13.56	1.0162355055291952
-14.79	-14.79	1.0087273698824588
-14.79	-16.03	1.0113795285256197
-14.79	-17.25	0.9915767095465228
-14.79	-18.48	1.020355387017723
-14.78	-19.71	1.0188745400777721
-14.78	-20.94	1.0265655209579425
-14.78	-22.17	1.0242038275052663
-14.77	-23.39	1.0473770391647594
-14.77	-24.62	1.0635479523458775
-14.77	-25.85	1.068275273069887
-14.78	-27.09	1.0707473260000262
-14.77	-28.31	1.042266729619101
-14.75	-29.51	0.9806142056790337
-14.73	-30.69	0.8975421805913886
-14.71	-31.87	0.8043199117541591
-14.67	-33.02	0.7919494932310406
-14.62	-34.1	0.8196415232865727
-14.49	-35.02	0.9444570839744298
-13.34	-35.17	0.7232891831904962
-13.42	-34.17	0.8420676922433477
-13.47	-33.06	0.7778819536159048
-13.49	-31.9	0.831003897562903
-13.51	-30.71	0.9210455376244504
-13.53	-29.53	1.0175109890755605
-13.54	-28.32	1.0590946731413953
-13.54	-27.08	0.9845219271087251
-13.54	-25.85	1.068448320314297
-13.54	-24.62	1.0534773699889382
-13.55	-23.4	1.0365960432229053
-13.55	-22.17	1.037560721449965
-13.55	-20.94	1.0155400491081306
-13.55	-19.71	1.0076482857546079
-13.56	-18.49	0.9955646464877893
-13.56	-17.26	0.9959444923188939
-13.56	-16.03	0.9965675016074682
-13.56	-14.8	0.9999868150837571
-13.56	-13.56	1.0110994031123888
-13.56	-12.33	1.017834987237493
-13.57	-11.1	1.0186417685007172
-13.57	-9.87	1.019515168753522
-13.57	-8.64	1.018942945330111
-13.57	-7.4	1.0244118823866162
-13.57	-6.17	1.01859426828752
-13.57	-4.93	1.0301734647887308
-13.57	-3.7	1.0199777740334253
-13.57	-2.47	1.0252586212360697
-13.57	-1.23	1.0185553471560769
-13.57	0.0	1.0203662684031631
-13.57	1.23	1.0327470843727942
-13.57	2.47	1.0235726609492624
-13.57	3.7	1.0216992076548472
-13.57	4.93	1.0239412050135839
-13.57	6.17	1.0297367991069886
-13.57	7.4	1.0295859023665364
-13.57	8.64	1.0315418004026724
-13.57	9.87	1.0442541790847368
-13.57	11.1	1.0411697683739214
-13.56	12.33	1.038267616187046
-13.56	13.56	1.0351979333411023
-13.56	14.8	1.0518542346612378
-13.56	16.03	1.0413162414944943
-13.56	17.26	1.0509448814286055
-13.56	18.49	1.0569007626014364
-13.55	19.71	1.0451869647726177
-13.55	20.94	1.0640415361640219
-13.55	22.17	1.0455698368349695
-13.55	23.4	1.0511609666369564
-13.54	24.62	1.041449366475531
-13.54	25.85	1.015501132259731
-13.54	27.08	0.9943067403461344
-13.54	28.32	0.9657609060698342
-13.53	29.53	0.8905973845289235
-13.51	30.71	0.8033891509635471
-13.49	31.9	0.7327534116627552
-13.47	33.06	0.728044646241667
-13.42	34.17	0.6705398873561266
-13.34	35.17	0.27933860653999976
-12.02	36.05	1.029806224547774
-12.16	35.27	0.4728879097356436
-12.22	34.22	0.7029343028977666
-12.25	33.09	0.7099177051777485
-12.27	31.91	0.749045249330604
-12.29	30.73	0.849628851193249
-12.31	29.54	0.9276415384095654
-12.31	28.32	0.9887055992594689
-12.31	27.08	1.013822997243771
-12.31	25.85	1.024630411977208
-12.31	24.63	1.0554673473619522
-12.32	23.4	1.0528164090720824
-12.32	22.18	1.0499621605392548
-12.32	20.94	1.055623971709803
-12.32	19.72	1.0528905364183563
-12.33	18.49	1.0667617974942833
-12.33	17.26	1.0432233049538433
-12.33	16.03	1.0515943132094023
-12.33	14.8	1.0406654172327956
-12.33	13.56	1.04318920637346
-12.33	12.33	1.0337153053498975
-12.34	11.1	1.0300806320821867
-12.34	9.87	1.0369611514266193
-12.34	8.64	1.024364041481887
-12.34	7.4	1.0330482876107525
-12.34	6.17	1.0222200700244775
-12.34	4.93	1.0358355218457553
-12.34	3.7	1.0323361590971416
-12.34	2.47	1.018523952379976
-12.34	1.23	1.0277242769542738
-12.34	-0.0	1.0114533941112813
-12.34	-1.23	1.019210253182475
-12.34	-2.47	1.030445132333991
-12.34	-3.7	1.0271657257122229
-12.34	-4.93	1.02956153689993
-12.34	-6.17	1.0235423669545611
-12.34	-7.4	1.0168258594872366
-12.34	-8.64	1.0215039523466654
-12.34	-9.87	1.019221345464179
-12.34	-11.1	1.0162741576974863
-12.33	-12.33	1.0114750370270198
-12.33	-13.56	1.0121746222304915
-12.33	-14.8	1.0095589084806007
-12.33	-16.03	1.0058102840474659
-12.33	-17.26	0.9957220229959669
-12.33	-18.49	0.9977562712792672
-12.32	-19.72	0.9997040050633396
-12.32	20.94	1.032310720495533
-12.32	22.18	1.0494157089905878
-12.32	23.4	1.0371323669034553
-12.31	24.63	1.0454990598335068
-12.31	25.85	1.0217534334007383
-12.31	27.08	0.9979853237511068
-12.31	28.32	0.9653529647842424
-12.31	29.54	0.9237587661997501
-12.29	30.73	0.8372416245107123
-12.27	31.91	0.7471174734244118
-12.25	33.09	0.7146781570868952
-12.22	34.22	0.7009450474828978
-12.16	35.27	0.47388711466100053
-12.02	36.05	0.8677693038716365
-10.88	36.26	0.024000306613240534
-10.97	35.34	0.5829338618777449
-11.01	34.26	0.7232806675786375
-11.04	33.11	0.70793386369183
-11.05	31.93	0.7658972048952455
-11.07	30.75	0.8626406019489984
-11.08	29.55	0.939514191938766
-11.08	28.32	0.9795550315812642
-11.08	27.08	1.011007096987567
-11.08	25.85	1.0462608492852696
-11.08	24.63	1.0498726920812105
-11.09	23.41	1.0476910158611332
-11.09	22.18	1.0552937240588591
-11.09	20.95	1.0439713103459614
-11.09	19.72	1.0415811502025019
-11.1	18.49	1.0436250849030702
-11.1	17.26	1.0433124924609865
-11.1	16.03	1.0373083444620392
-11.1	14.8	1.0265902586221254
-11.1	13.57	1.0236165760501976
-11.1	12.34	1.0356727054729837
-11.1	11.1	1.0245087463953102
-11.1	9.87	1.0216177225211773
-11.1	8.64	1.0111997829431372
-11.1	7.4	1.0248246147084576
-11.1	6.17	1.0182619396157049
-11.1	4.94	1.0222474808227462
-11.11	3.7	1.0309433191240356
-11.11	2.47	1.0194325161092492
-11.11	1.23	1.027861259668377
-11.11	-0.0	1.017857194427163
-11.11	-1.23	1.0210130981523706
-11.11	-2.47	1.021303264137754
-11.11	-3.7	1.0186285001131792
-11.1	-4.94	1.0281713215624029
-11.1	-6.17	1.0223193958126087
-11.1	-7.4	1.0199816192558633
-11.1	-8.64	1.0087112315878826
-11.1	-9.87	1.0209125376507022
-11.1	-11.1	1.0182174835396707
-11.1	-12.34	1.0073875419443172
-11.1	-13.57	1.0021438065337274
-11.1	-14.8	1.001836172352723
-11.1	-16.03	0.9949238562797745
-11.1	-17.26	0.9851091282094447
-11.1	-18.49	0.9869166626140943
-11.09	-19.72	0.9945433625133505
-11.09	-20.95	1.0019583010309219
-11.09	-22.18	1.010249522296096
-11.09	-23.41	1.0053771570604957
-11.08	-24.63	1.0314887594590212
-11.08	-25.85	1.0427994931974833
-11.08	-27.08	1.0605139189269728
-11.08	-28.32	1.0840314037903218
-11.08	-29.55	1.0523164697359226
-11.07	-30.75	0.9923308841012495
-11.05	-31.93	0.8724525092324515
-11.04	-33.11	0.759724764331604
-11.01	-34.26	0.7293474213350519
-10.97	-35.34	0.8020845907680816
-10.88	-36.26	0.7056588572843011
-9.7	-36.37	0.8013952119066812
-9.76	-35.39	0.8164854523411523
-9.8	-34.29	0.7265144026152712
-9.82	-33.13	0.7973308795679098
-9.83	-31.95	0.9152559504321939
-9.84	-30.76	1.01197489397591
-9.85	-29.55	1.0620852069575393
-9.85	-28.31	1.0688149998241627
-9.85	-27.08	1.0469817491625457
-9.85	-25.85	1.0390469116005643
-9.85	-24.63	1.0251504530365114
-9.86	-23.41	1.0141713416689362
-9.86	-22.18	1.0009168557576724
-9.86	-20.95	0.9883718630796978
-9.86	-19.72	0.9840665405601143
-9.86	-18.49	0.989602184118364
-9.86	-17.26	0.9887397880617399
-9.86	-16.03	1.001270548384664
-9.87	-14.8	0.9973243714562829
-9.87	-13.57	0.9979030606201266
-9.87	-12.34	1.013126994030111
-9.87	-11.1	1.0251663014618186
-9.87	-9.87	1.0315181199973817
-9.87	-8.64	1.0191857782768956
-9.87	-7.4	1.011925621407169
-9.87	-6.17	1.0141247012567887
-9.87	-4.94	1.0159842847790452
-9.88	-3.7	1.0293281395654945
-9.88	-2.47	1.0275526255733027
-9.88	-1.23	1.0251213956760752
-9.88	0.0	1.0271707482579
-9.88	1.23	1.0184706465652082
-9.88	2.47	1.0215034618512369
-9.88	3.7	1.018137355459178
-9.87	4.94	1.0147755684920332
-9.87	6.17	1.0215768451643985
-9.87	7.4	1.0066203836786933
-9.87	8.64	1.0134701334629312
-9.87	9.87	1.0215667215742026
-9.87	11.1	1.0260312959515678
-9.87	12.34	1.0297565447796402
-9.87	13.57	1.0318939441970671
-9.87	14.8	1.034523314468991
-9.86	16.03	1.041588809216391
-9.86	17.26	1.0400925867644941
-9.86	18.49	1.0369725809986532
-9.86	19.72	1.0466184969147938
-9.86	20.95	1.0434346168880644
-9.86	22.18	1.052251520697445
-9.86	23.41	1.0489682966376546
-9.85	24.63	1.054276267485333
-9.85	25.85	1.0644039376267893
-9.85	27.08	1.015130647192461
-9.85	28.31	0.9865996275545323
-9.85	29.55	0.9749100740827757
-9.84	30.76	0.8834420675684198
-9.83	31.95	0.8091275895724276
-9.82	33.13	0.7148820562242683
-9.8	34.29	0.7181719985790013
-9.76	35.39	0.6555077599499779
-9.7	36.37	0.2504759841291106
-8.51	36.45	0.3733655164671794
-8.55	35.43	0.6795285092940642
-8.58	34.31	0.7019174933159993
-8.59	33.14	0.7348542572083998
-8.6	31.96	0.8232610546867359
-8.62	30.77	0.9230421234993563
-8.62	29.55	0.9773280948360763
-8.62	28.31	1.0201446565174395
-8.62	27.08	1.031651436032452
-8.62	25.86	1.0589749113997071
-8.62	24.64	1.0569554005384258
-8.62	23.41	1.0463799763708435
-8.62	22.18	1.0470661871971512
-8.63	20.95	1.0549571797603126
-8.63	19.72	1.063437268095802
-8.63	18.49	1.0443165745835685
-8.63	17.26	1.0429879462124223
-8.63	16.03	1.0464684037546397
-8.63	14.8	1.0420673712147672
-8.64	13.57	1.0333812540189782
-8.64	12.34	1.022619761419967
-8.64	11.1	1.0226551232572716
-8.64	9.87	1.0302440022659933
-8.64	8.64	1.0222919951989515
-8.64	7.4	1.023113333925332
-8.64	6.17	1.0207365174875747
-8.64	4.94	1.016379314909871
-8.64	3.7	1.0160591815512394
-8.64	2.47	1.0267924354195888
-8.64	1.23	1.022717627313338
-8.64	-0.0	1.0384398052362749
-8.64	-1.23	1.0315807080911144
-8.64	-2.47	1.0249005393850605
-8.64	-3.7	1.0270981662186442
-8.64	-4.94	1.0333999860431164
-8.64	-6.17	1.0228164191926368
-8.64	-7.4	1.0282628463030425
-8.64	-8.64	1.0229812013467412
-8.64	-9.87	1.0193752131393132
-8.64	-11.1	1.012350785457239
-8.64	-12.34	1.0127605987929251
-8.64	-13.57	1.0260921055896457
-8.63	-14.8	0.9990633363771482
-8.63	-16.03	0.9934240573630229
-8.63	-17.26	0.9775370920409494
-8.63	-18.49	0.9854310627706072
-8.63	-19.72	0.9899691933711767
-8.63	-20.95	0.9829469863131833
-8.62	-22.18	0.9919020394410079
-8.62	-23.41	0.9958821242600258
-8.62	-24.64	1.0201973798472206
-8.62	-25.86	1.0272155089932997
-8.62	-27.08	1.0509536897366636
-8.62	-28.31	1.0685844270958331
-8.62	-29.55	1.0862585873426498
-8.62	-30.77	1.026390577950533
-8.6	-31.96	0.9549330232145318
-8.59	-33.14	0.8212744585854231
-8.58	-34.31	0.722573775719658
-8.55	-35.43	0.8019542809000029
-8.51	-36.45	0.6528684477829592
-7.22	-37.3	0.6700639014118103
-7.3	-36.51	0.775498210120451
-7.34	-35.46	0.7492676010056096
-7.36	-34.33	0.7182206548433833
-7.37	-33.15	0.8437611554652407
-7.38	-31.97	0.9812988332933048
-7.39	-30.78	1.0446001438782069
-7.39	-29.55	1.0779108738485503
-7.38	-28.31	1.0746832688618333
-7.39	-27.08	1.0612196972071681
-7.39	-25.86	1.0236339366234235
-7.39	-24.64	1.0213977485670014
-7.39	-23.41	1.0004175123943135
-7.39	-22.18	0.9974844022970066
-7.4	-20.95	0.9934763257212977
-7.4	-19.73	0.977659890774583
-7.4	-18.49	0.9874341656913597
-7.4	-17.26	0.9882585536034753
-7.4	-16.03	1.003735773200409
-7.4	-14.8	1.0168995223348323
-7.4	-13.57	1.0134837175857543
-7.4	-12.34	1.0237593062343076
-7.4	-11.1	1.0189059496542838
-7.4	-9.87	1.028947831146666
-7.4	-8.64	1.0267793892161077
-7.41	-7.41	1.0257699593751695
-7.41	-6.17	1.0384344127909328
-7.41	-4.94	1.0310744750464846
-7.41	-3.7	1.0319572224809832
-7.41	-2.47	1.035638786350305
-7.41	-1.23	1.02220268321319
-7.41	0.0	1.031994171212846
-7.41	1.23	1.0407272068413873
-7.41	2.47	1.014307457325489
-7.41	3.7	1.034431274893731
-7.41	4.94	1.0192217902787657
-7.41	6.17	1.013608099946244
-7.41	7.41	1.029143017545046
-7.4	8.64	1.0144654455165887
-7.4	9.87	1.0246907494384827
-7.4	11.1	1.0244689586819191
-7.4	12.34	1.0289918850313482
-7.4	13.57	1.0348172327722491
-7.4	14.8	1.0327903899271036
-7.4	16.03	1.0308470931791291
-7.4	17.26	1.0393624371565766
-7.4	18.49	1.045827109351608
-7.4	19.73	1.0383946515542082
-7.4	20.95	1.0510379112586878
-7.39	22.18	1.0475635640261618
-7.39	23.41	1.0456547843740236
-7.39	24.64	1.05010025063514
-7.39	25.86	1.0542416910424397
-7.39	27.08	1.0390143563577414
-7.38	28.31	1.0189305861193294
-7.39	29.55	0.9848797325087317
-7.39	30.78	0.931980856268243
-7.38	31.97	0.828460185113273
-7.37	33.15	0.7389227081239784
-7.36	34.33	0.7089677610099546
-7.34	35.46	0.7132427023155303
-7.3	36.51	0.47407626366287925
-7.22	37.3	0.9546036584340502
-6.04	37.42	1.0213628914258344
-6.09	36.55	0.5541568467261967
-6.12	35.48	0.7257755764399767
-6.13	34.34	0.7112937571445608
-6.14	33.16	0.7505653075223981
-6.15	31.98	0.8558945132193446
-6.16	30.78	0.9469683040769709
-6.16	29.55	0.9907642404780737
-6.15	28.31	1.0112368836527583
-6.16	27.08	1.0592282499422694
-6.16	25.87	1.05122564978392
-6.16	24.64	1.059088951002179
-6.16	23.41	1.055284717639267
-6.16	22.18	1.0630303568325505
-6.16	20.96	1.0457948351823856
-6.16	19.73	1.0553005654741017
-6.16	18.49	1.0513653688197904
-6.17	17.26	1.0345993977923726
-6.17	16.03	1.0376604246644463
-6.17	14.8	1.0320366347567906
-6.17	13.57	1.026948361098092
-6.17	12.34	1.0216996283524729
-6.17	11.1	1.018039419093959
-6.17	9.87	1.0233218590675348
-6.17	8.64	1.0169294112392242
-6.17	7.41	1.0077548715052664
-6.17	6.17	1.0213558486755294
-6.17	4.94	1.013940573423606
-6.17	3.7	1.0131245518635854
-6.17	2.47	1.0199894814621189
-6.17	1.23	1.0368511617070524
-6.17	-0.0	1.0333056643257832
-6.17	-1.23	1.041029147248232
-6.17	-2.47	1.0395218379380042
-6.17	-3.7	1.0341955015764381
-6.17	-4.94	1.034439644465244
-6.17	-6.17	1.0380814001952423
-6.17	-7.41	1.0303926691737892
-6.17	-8.64	1.0290821032169304
-6.17	-9.87	1.0162227272906996
-6.17	-11.1	1.0136961885854046
-6.17	-12.34	1.0168835057038546
-6.17	-13.57	1.0085666514028073
-6.17	-14.8	1.0050294039554786
-6.17	-16.03	1.005869772273912
-6.17	-17.26	0.9922489932728336
-6.16	-18.49	0.993724844648381
-6.16	-19.73	0.9822323347825755
-6.16	-20.96	0.977972540047728
-6.16	-22.18	0.9837638335676716
-6.16	-23.41	0.9859721386572179
-6.16	-24.64	0.9986085324172435
-6.16	-25.87	1.0193869087601661
-6.16	-27.08	1.0527499876002528
-6.15	-28.31	1.0773240494131433
-6.16	-29.55	1.0773948726682314
-6.16	-30.78	1.062845043367563
-6.15	-31.98	0.9876524509063125
-6.14	-33.16	0.8666410792912539
-6.13	-34.34	0.7443713003953949
-6.12	-35.48	0.7470466590792045
-6.09	-36.55	0.76510727839523
-6.04	-37.42	0.688063999796365
-4.84	-37.5	0.6834057104514278
-4.88	-36.58	0.7859039165172088
-4.9	-35.49	0.7097043239164921
-4.91	-34.35	0.747668582432131
-4.91	-33.17	0.8867405715844907
-4.92	-31.99	1.0143950630484475
-4.93	-30.78	1.0614060052045815
-4.92	-29.54	1.0824412191375428
-4.92	-28.31	1.0754712773031079
-4.93	-27.09	1.0458063308655616
-4.93	-25.87	1.0181678060559434
-4.93	-24.64	1.0009911542149674
-4.93	-23.41	0.9902787947276325
-4.93	-22.18	0.991128459121816
-4.93	-20.96	0.9839448641223222
-4.93	-19.73	0.9720960622939692
-4.93	-18.5	0.9908275366343421
-4.93	-17.26	0.9968013603764729
-4.93	-16.04	0.998263267137707
-4.93	-14.8	1.0011946764449426
-4.93	-13.57	1.0139045611317286
-4.93	-12.34	1.0232214284722356
-4.94	-11.1	1.0274865918266993
-4.94	-9.87	1.0283402673561592
-4.94	-8.64	1.0294976916722811
-4.94	-7.41	1.0350094060722501
-4.94	-6.17	1.0458927497311774
-4.94	-4.94	1.0484732226804705
-4.94	-3.7	1.0464667583677985
-4.94	-2.47	1.0377030838839503
-4.94	-1.24	1.0272967108271158
-4.94	0.0	1.0371414951490436
-4.94	1.24	1.0251155382063188
-4.94	2.47	1.0110273249725288
-4.94	3.7	1.0117331348952006
-4.94	4.94	0.998112548762848
-4.94	6.17	1.0090740052462779
-4.94	7.41	1.0135044156935078
-4.94	8.64	1.0223990463869437
-4.94	9.87	1.0201819785169244
-4.94	11.1	1.0314073122668888
-4.93	12.34	1.0279609742556772
-4.93	13.57	1.0256560145156615
-4.93	14.8	1.038764327810741
-4.93	16.04	1.0377174115780445
-4.93	17.26	1.043787898757485
-4.93	18.5	1.0465274597492125
-4.93	19.73	1.044188904842161
-4.93	20.96	1.0624885807109825
-4.93	22.18	1.0637639985861052
-4.93	23.41	1.0536322185722236
-4.93	24.64	1.0608780627432464
-4.93	25.87	1.0481156538438712
-4.93	27.09	1.054667554208386
-4.92	28.31	1.0200423754220294
-4.92	29.54	0.9962305394992065
-4.93	30.78	0.9648126104287926
-4.92	31.99	0.8608372222523798
-4.91	33.17	0.7697498232384623
-4.91	34.35	0.7158892099299977
-4.9	35.49	0.7320803032201743
-4.88	36.58	0.5956625351055828
-4.84	37.5	0.5560863851515373
-3.63	37.55	0.12889895151209932
-3.66	36.6	0.6427572585578396
-3.67	35.51	0.7344877122897311
-3.68	34.35	0.713456531045057
-3.69	33.18	0.7799300845501251
-3.69	32.0	0.8651714363649384
-3.69	30.78	0.9622668748540764
-3.69	29.54	1.0076339216909238
-3.69	28.31	1.0347501438980524
-3.69	27.09	1.0631100299455625
-3.7	25.87	1.0498040211051318
-3.7	24.64	1.055403911158148
-3.7	23.41	1.0682324354607842
-3.7	22.19	1.048999681088166
-3.7	20.96	1.0565716575132214
-3.7	19.73	1.034770706065686
-3.7	18.5	1.0529817038384561
-3.7	17.27	1.0428592047456386
-3.7	16.04	1.0386217019538624
-3.7	14.8	1.0340089427427426
-3.7	13.57	1.0278325600832205
-3.7	12.34	1.0224673585456487
-3.7	11.11	1.0187243620741344
-3.7	9.88	1.0150130834681181
-3.7	8.64	1.0112302512517257
-3.7	7.41	1.01842830025991
-3.7	6.17	1.0032993490187698
-3.7	4.94	1.0017316641298601
-3.71	3.71	0.9993188332380949
-3.7	2.47	1.0006092832824482
-3.7	1.23	1.0228719752153217
-3.7	-0.0	1.034350905689672
-3.7	-1.23	1.041389740523364
-3.7	-2.47	1.0474376198914603
-3.71	-3.71	1.0457107582166507
-3.7	-4.94	1.0481722284012518
-3.7	-6.17	1.0343192859840784
-3.7	-7.41	1.023793330366451
-3.7	-8.64	1.0287816123772406
-3.7	-9.88	1.0324652379735042
-3.7	-11.11	1.0342638822011752
-3.7	-12.34	1.0190919564179977
-3.7	-13.57	1.0100547104795734
-3.7	-14.8	1.0027782787435644
-3.7	-16.04	1.0129561164486534
-3.7	-17.27	0.9956060682484283
-3.7	-18.5	0.9911682573403379
-3.7	-19.73	0.9841875171054513
-3.7	-20.96	0.9845371855427394
-3.7	-22.19	0.981235820424443
-3.7	-23.41	0.985824063886221
-3.7	-24.64	0.9962174613998914
-3.7	-25.87	1.0098286727871277
-3.69	-27.09	1.033002547303323
-3.69	-28.31	1.0615880807474358
-3.69	-29.54	1.0768877869771947
-3.69	-30.78	1.074179199161076
-3.69	-32.0	1.023576235879117
-3.69	-33.18	0.911790435439721
-3.68	-34.35	0.7669068402174612
-3.67	-35.51	0.7057760047322031
-3.66	-36.6	0.7869310497941628
-3.63	-37.55	0.8768998458929045
-2.42	-37.58	0.966590902439513
-2.44	-36.61	0.8110807026981299
-2.45	-35.52	0.6982665392029347
-2.45	-34.36	0.778239990183952
-2.46	-33.18	0.9233410010850719
-2.46	-32.0	1.036825980534636
-2.46	-30.78	1.0913688055386197
-2.46	-29.54	1.0690428544093047
-2.46	-28.31	1.0745818061724024
-2.46	-27.09	1.0438314157654351
-2.46	-25.87	1.0073433512424894
-2.46	-24.64	1.0002228917497735
-2.46	-23.41	1.0031980833689447
-2.47	-22.19	0.9799214405244023
-2.47	-20.96	0.9788583356640319
-2.47	-19.73	0.9831943049276043
-2.47	-18.5	0.9837906114071486
-2.47	-17.27	0.994240285708689
-2.47	-16.04	1.00673732832775
-2.47	-14.8	0.9993723293292295
-2.47	-13.57	1.0181742200335382
-2.47	-12.34	1.0222779937435964
-2.47	-11.11	1.0263431738518765
-2.47	-9.88	1.0228357457538453
-2.47	-8.64	1.0353033665240048
-2.47	-7.41	1.024916012140335
-2.47	-6.17	1.047752704636716
-2.47	-4.94	1.0540007067986077
-2.47	-3.7	1.0375308191489323
-2.47	-2.47	1.0487142206180984
-2.47	-1.24	1.0382825568330627
-2.47	0.0	1.0226241359580623
-2.47	1.24	1.0027776365395291
-2.47	2.47	1.0110081391213839
-2.47	3.7	0.9972330512409991
-2.47	4.94	0.9877157891583986
-2.47	6.17	1.0036834809001545
-2.47	7.41	1.0125174499580882
-2.47	8.64	1.022776516803646
-2.47	9.88	1.0041012946922068
-2.47	11.11	1.02313494872416
-2.47	12.34	1.0320137576569979
-2.47	13.57	1.0335961856689082
-2.47	14.8	1.0369914119433625
-2.47	16.04	1.0307640978781394
-2.47	17.27	1.0438593999716892
-2.47	18.5	1.0508090587854657
-2.47	19.73	1.0478911814771863
-2.47	20.96	1.051591390234725
-2.47	22.19	1.0622124307309462
-2.46	23.41	1.0637420171836436
-2.46	24.64	1.0583682585957355
-2.46	25.87	1.0561788492129536
-2.46	27.09	1.0561466097451977
-2.46	28.31	1.0235125341240587
-2.46	29.54	0.9995037544542473
-2.46	30.78	0.9799313966590419
-2.46	32.0	0.8861431504537824
-2.46	33.18	0.7906027664879305
-2.45	34.36	0.7204355989528125
-2.45	35.52	0.7218404770377245
-2.44	36.61	0.6695068613457078
-2.42	37.58	0.1886304095935253
-1.21	37.6	0.23101878988270272
-1.22	36.62	0.6692720232008483
-1.22	35.52	0.7196882788593509
-1.23	34.36	0.7191387830484445
-1.23	33.18	0.7878830678673148
-1.23	32.0	0.8912154389815472
-1.23	30.78	0.9778429779919238
-1.23	29.54	1.0072010266519253
-1.23	28.31	1.026432205898611
-1.23	27.09	1.0495740553041732
-1.23	25.87	1.051704565163055
-1.23	24.64	1.0629072434809324
-1.23	23.41	1.0575117385333508
-1.23	22.19	1.0611605006127944
-1.23	20.96	1.05064475833165
-1.23	19.73	1.0474997322550343
-1.23	18.5	1.045288212785538
-1.23	17.27	1.0432440628537811
-1.23	16.04	1.0453991072376154
-1.23	14.8	1.0384407155574313
-1.23	13.57	1.0267892950982758
-1.23	12.34	1.042716578547292
-1.23	11.11	1.0191344857690108
-1.23	9.88	1.0263882436093774
-1.23	8.64	1.0133846037644523
-1.23	7.41	1.0155044254857606
-1.23	6.17	0.9903654725154157
-1.24	4.94	0.9854480172788872
-1.23	3.7	0.9825618250273344
-1.24	2.47	1.0006080707180764
-1.24	1.24	1.0055696895798312
-1.24	-0.0	1.029210312422725
-1.24	-1.24	1.0417392706724602
-1.24	-2.47	1.0607184818802782
-1.23	-3.7	1.044184280594494
-1.24	-4.94	1.047068732203758
-1.23	-6.17	1.0524524425345583
-1.23	-7.41	1.038343505222958
-1.23	-8.64	1.0332561656132613
-1.23	-9.88	1.0307976778495234
-1.23	-11.11	1.013560269479079
-1.23	-12.34	1.018354748181252
-1.23	-13.57	1.0207862058016883
-1.23	-14.8	1.0112345671447125
-1.23	-16.04	1.0082566148819192
-1.23	-17.27	0.9840695615729317
-1.23	-18.5	0.9890205408079864
-1.23	-19.73	0.9746110146619756
-1.23	-20.96	0.9752170524118547
-1.23	-22.19	0.9778099421133267
-1.23	-23.41	0.9837096237022727
-1.23	-24.64	0.9995514802886447
-1.23	-25.87	1.013336136909123
-1.23	-27.09	1.0276185874276653
-1.23	-28.31	1.0690732998116435
-1.23	-29.54	1.071059129979318
-1.23	-30.78	1.072363766042865
-1.23	-32.0	1.0282939683182402
-1.23	-33.18	0.9377221681164629
-1.23	-34.36	0.7762863850556648
-1.22	-35.52	0.7085235498646495
-1.22	-36.62	0.8047342283432719
-1.21	-37.6	0.9145483795699193
0.0	-37.6	0.9838213492427468
0.0	-36.62	0.8088545691184117
0.0	-35.52	0.6968857535055487
0.0	-34.36	0.7792764973269571
0.0	-33.19	0.9365233410418565
0.0	-32.0	1.038194557138606
0.0	-30.78	1.0759571262594476
0.0	-29.54	1.0702980754463327
0.0	-28.31	1.0677358763172045
0.0	-27.09	1.0242163473597423
0.0	-25.87	0.9998732139855422
0.0	-24.64	0.9965167143596837
0.0	-23.41	0.9891397871470479
0.0	-22.19	0.9812054415593054
0.0	-20.96	0.9848590936238876
0.0	-19.73	0.9858516712842529
0.0	-18.5	0.9943781597922201
0.0	-17.27	0.9955621558853165
0.0	-16.04	1.0028633315738227
0.0	-14.8	1.0145904840385747
0.0	-13.57	1.0266463691586067
0.0	-12.34	1.016726871853379
0.0	-11.11	1.0249391844189113
0.0	-9.88	1.0325083181679569
0.0	-8.64	1.0410166041375732
0.0	-7.41	1.0485121386689467
0.0	-6.17	1.0636115822302235
0.0	-4.94	1.0593883869927805
0.0	-3.7	1.0481188245895567
0.0	-2.47	1.0471426319562755
0.0	-1.24	1.0480042713486446
0.0	0.0	1.0253996535652532
0.0	1.24	1.0104098072593728
0.0	2.47	0.9892454625933347
0.0	3.7	0.9878585529154263
0.0	4.94	0.9845672029118755
0.0	6.17	1.0015693147544347
0.0	7.41	0.9909079518886658
0.0	8.64	1.0261907123911065
0.0	9.88	1.0200105343248058
0.0	11.11	1.020874649539131
0.0	12.34	1.0168253676903056
0.0	13.57	1.029288068368014
0.0	14.8	1.0435505400858252
0.0	16.04	1.047497099134544
0.0	17.27	1.0508234431865557
0.0	18.5	1.0620215921038079
0.0	19.73	1.052265228173423
0.0	20.96	1.0619492922950642
0.0	22.19	1.0579590793255984
0.0	23.41	1.0501555138608047
0.0	24.64	1.0642691447972574
0.0	25.87	1.051448443669637
0.0	27.09	1.0710116847724793
0.0	28.31	1.0333731087690787
0.0	29.54	1.0059717585752477
0.0	30.78	0.9739658038708637
0.0	32.0	0.8881499985199425
0.0	33.19	0.7946983134702471
0.0	34.36	0.7205491758957179
0.0	35.52	0.7262865931404252
0.0	36.62	0.6583192055164097
0.0	37.6	0.21328129192953793
1.21	37.6	0.18026983628343046
1.22	36.62	0.6708688905563631
1.22	35.52	0.7127108740177708
1.23	34.36	0.725366544851862
1.23	33.18	0.7927485434695503
1.23	32.0	0.8845291832866384
1.23	30.78	0.9804113773832279
1.23	29.54	1.003543309130245
1.23	28.31	1.0298018368448023
1.23	27.09	1.0626269741987195
1.23	25.87	1.0586009248929302
1.23	24.64	1.05994961238644
1.23	23.41	1.0565249378090433
1.23	22.19	1.073649885296612
1.23	20.96	1.0592151608897469
1.23	19.73	1.0514174428428453
1.23	18.5	1.0571470380211874
1.23	17.27	1.0512053394947456
1.23	16.04	1.0387525195884935
1.23	14.8	1.032074553635316
1.23	13.57	1.0274258419071989
1.23	12.34	1.0171397962648345
1.23	11.11	1.0132181638484918
1.23	9.88	1.022432196291851
1.23	8.64	1.0091194713811351
1.23	7.41	1.018808209253162
1.23	6.17	0.9932852094974127
1.24	4.94	0.9953336154311507
1.23	3.7	0.993535467675764
1.24	2.47	0.9948629100806393
1.24	1.24	1.0027755667725542
1.24	-0.0	1.0123499083129033
1.24	-1.24	1.0425706334418665
1.24	-2.47	1.036689994664513
1.23	-3.7	1.03958966391279
1.24	-4.94	1.0617828654693833
1.23	-6.17	1.0531826447809702
1.23	-7.41	1.0375289842011743
1.23	-8.64	1.021294382083403
1.23	-9.88	1.0373716275433107
1.23	-11.11	1.0232306876737534
1.23	-12.34	1.0170187966338207
1.23	-13.57	1.0243587137945853
1.23	-14.8	1.0151427960532646
1.23	-16.04	1.0045831931706442
1.23	-17.27	0.9973415425975294
1.23	-18.5	0.9933000772016004
1.23	-19.73	0.9883223417746538
1.23	-20.96	0.9835450392565575
1.23	-22.19	0.9791341469418853
1.23	-23.41	0.982765049816004
1.23	-24.64	0.9986825880796848
1.23	-25.87	1.0066300978369238
1.23	-27.09	1.035448815038994
1.23	-28.31	1.0757335595894377
1.23	-29.54	1.0873775853553906
1.23	-30.78	1.075799711050908
1.23	-32.0	1.0396727369418377
1.23	-33.18	0.9366530352923551
1.23	-34.36	0.7952047887209556
1.22	-35.52	0.706427302197889
1.22	-36.62	0.8234219332427911
1.21	-37.6	0.8479078849084051
2.42	-37.58	0.8461700139337032
2.44	-36.61	0.817533261940836
2.45	-35.52	0.7069811489697376
2.45	-34.36	0.7916942383174402
2.46	-33.18	0.9331862348381641
2.46	-32.0	1.032463734868856
2.46	-30.78	1.0881265165873646
2.46	-29.54	1.0688028807332046
2.46	-28.31	1.0610201764045482
2.46	-27.09	1.0372301079848816
2.46	-25.87	1.0198224833481866
2.46	-24.64	0.9871889988029976
2.46	-23.41	0.982766140232158
2.47	-22.19	0.984163491370547
2.47	-20.96	0.9792127360968866
2.47	-19.73	0.9771239771416725
2.47	-18.5	0.9865105023203318
2.47	-17.27	1.002937005752665
2.47	-16.04	1.0045935449318992
2.47	-14.8	1.0169670063629916
2.47	-13.57	1.0148653346261107
2.47	-12.34	1.023367828838281
2.47	-11.11	1.0250805635700981
2.47	-9.88	1.0253797574549783
2.47	-8.64	1.029840458907811
2.47	-7.41	1.0393530334033387
2.47	-6.17	1.049129721055361
2.47	-4.94	1.0433480896331868
2.47	-3.7	1.050269224296224
2.47	-2.47	1.0513148257649956
2.47	-1.24	1.0416775885051002
2.47	0.0	1.0277266801294076
2.47	1.24	1.0094346251153907
2.47	2.47	0.9883558569654078
2.47	3.7	0.9886857564897786
2.47	4.94	0.988048550129217
2.47	6.17	1.0051987910652438
2.47	7.41	1.0072594933262131
2.47	8.64	1.018925577445292
2.47	9.88	1.0189554178567164
2.47	11.11	1.019179529433937
2.47	12.34	1.0206569370852085
2.47	13.57	1.0275881654386538
2.47	14.8	1.035859608995215
2.47	16.04	1.0409852194231448
2.47	17.27	1.0561712365390348
2.47	18.5	1.0523350785905181
2.47	19.73	1.0525805496302696
2.47	20.96	1.0519763583964366
2.47	22.19	1.0676007074401248
2.46	23.41	1.0570176081220055
2.46	24.64	1.0591291097726392
2.46	25.87	1.0501022825655952
2.46	27.09	1.0695113370352678
2.46	28.31	1.030126040758644
2.46	29.54	0.9919460273146682
2.46	30.78	0.9723905880616824
2.46	32.0	0.888298289489935
2.46	33.18	0.7843880017313986
2.45	34.36	0.7202239841877685
2.45	35.52	0.7252744825998375
2.44	36.61	0.6575119515059535
2.42	37.58	0.15626248095379833
3.63	37.55	0.18018945550707643
3.66	36.6	0.637106393458469
3.67	35.51	0.7165953705457658
3.68	34.35	0.7226951863181074
3.69	33.18	0.7793446240555953
3.69	32.0	0.8837044628988092
3.69	30.78	0.9760123399040608
3.69	29.54	1.0025342261883565
3.69	28.31	0.9826210587260293
3.69	27.09	1.0647466814425584
3.7	25.87	1.0570535147308686
3.7	24.64	1.063212858499635
3.7	23.41	1.0665240243910907
3.7	22.19	1.0549976697100918
3.7	20.96	1.047213684176677
3.7	19.73	1.05700981549022
3.7	18.5	1.05112922654983
3.7	17.27	1.038643500008532
3.7	16.04	1.0456731999261235
3.7	14.8	1.033839049517253
3.7	13.57	1.031127373457757
3.7	12.34	1.0254935477421394
3.7	11.11	1.0267746253393244
3.7	9.88	1.020268466128094
3.7	8.64	1.0129269747198149
3.7	7.41	1.0201101662284275
3.7	6.17	1.0046378416765984
3.7	4.94	0.9938818480083413
3.71	3.71	0.9978336752535505
3.7	2.47	1.0102226223549304
3.7	1.23	1.0073589385886221
3.7	-0.0	1.0312294546575749
3.7	-1.23	1.0479710318291862
3.7	-2.47	1.0480637188650652
3.71	-3.71	1.0508326968524515
3.7	-4.94	1.0459257140563298
3.7	-6.17	1.0333384936613175
3.7	-7.41	1.0311133387310725
3.7	-8.64	1.0185560417997477
3.7	-9.88	1.019771353090529
3.7	-11.11	1.0249618886928433
3.7	-12.34	1.0214231285190543
3.7	-13.57	1.0254211548654217
3.7	-14.8	1.0143144573395617
3.7	-16.04	1.0076317895983133
3.7	-17.27	0.9903366740592665
3.7	-18.5	0.9848454695038492
3.7	-19.73	0.9969910047018352
3.7	-20.96	0.987570475378449
3.7	-22.19	0.9890659850472134
3.7	-23.41	0.9862354401097198
3.7	-24.64	0.9885228780294676
3.7	-25.87	1.0177738917331338
3.69	-27.09	1.0329316251267437
3.69	-28.31	1.0762372725035008
3.69	-29.54	1.0808711045957904
3.69	-30.78	1.06299381664199
3.69	-32.0	1.0423345688320176
3.69	-33.18	0.9149401492687645
3.68	-34.35	0.7828979147394048
3.67	-35.51	0.7179502833593244
3.66	-36.6	0.8139744421049323
3.63	-37.55	0.718573472009199
4.84	-37.5	0.6950590655748524
4.88	-36.58	0.8005716400156295
4.9	-35.49	0.7363512567305655
4.91	-34.35	0.7603764170134028
4.91	-33.17	0.9119660170961197
4.92	-31.99	1.0240623214400137
4.93	-30.78	1.0741243543677146
4.92	-29.54	1.0792227136444823
4.92	-28.31	1.0638634149759225
4.93	-27.09	1.0365643975407197
4.93	-25.87	1.007048303540268
4.93	-24.64	1.0186024246577952
4.93	-23.41	0.9989869184781651
4.93	-22.18	0.9988061652069321
4.93	-20.96	0.9741750373868789
4.93	-19.73	0.9713471758180434
4.93	-18.5	0.9860561837735745
4.93	-17.26	0.9840215536516553
4.93	-16.04	1.0063479793912153
4.93	-14.8	1.0120695817197307
4.93	-13.57	1.0210208543604362
4.93	-12.34	1.0158556906764673
4.94	-11.1	1.0232541242421087
4.94	-9.87	1.0315590558462655
4.94	-8.64	1.0236981410524455
4.94	-7.41	1.034655034128093
4.94	-6.17	1.0454047504817816
4.94	-4.94	1.04487259291203
4.94	-3.7	1.0407104805385141
4.94	-2.47	1.0329275266773263
4.94	-1.24	1.0357809313663475
4.94	0.0	1.0243984349218143
4.94	1.24	1.0263327722373816
4.94	2.47	1.0066642162883181
4.94	3.7	1.0086644689772566
4.94	4.94	1.0056230335139058
4.94	6.17	1.0078582753224643
4.94	7.41	1.013359159729425
4.94	8.64	1.0224297424446909
4.94	9.87	1.0205303537827266
4.94	11.1	1.0175774436920038
4.93	12.34	1.0244457256315769
4.93	13.57	1.0367604498378922
4.93	14.8	1.0425814759044971
4.93	16.04	1.0404645614697876
4.93	17.26	1.0415028167093725
4.93	18.5	1.0554538637084188
4.93	19.73	1.063751058381056
4.93	20.96	1.0622589766336048
4.93	22.18	1.0670926400279375
4.93	23.41	1.0667379982018292
4.93	24.64	1.066537411496997
4.93	25.87	1.0576936818809581
4.93	27.09	1.0634162817176092
4.92	28.31	1.0267720301100878
4.92	29.54	1.0039387827182398
4.93	30.78	0.9731988403354023
4.92	31.99	0.8788665759827133
4.91	33.17	0.769387085575758
4.91	34.35	0.7206148117571132
4.9	35.49	0.7383692499978741
4.88	36.58	0.6102754900031396
4.84	37.5	0.13468201686931447
6.04	37.42	0.9289485375820997
6.09	36.55	0.5421749431994931
6.12	35.48	0.7282060290163017
6.13	34.34	0.7156068396122041
6.14	33.16	0.780290332940129
6.15	31.98	0.8576601159377841
6.16	30.78	0.9590927557828264
6.16	29.55	1.0054673121738318
6.15	28.31	1.0196339933693837
6.16	27.08	1.0540871402690848
6.16	25.87	1.0567880849849545
6.16	24.64	1.0633387828817422
6.16	23.41	1.0730996928828747
6.16	22.18	1.064915376158626
6.16	20.96	1.0685191512321577
6.16	19.73	1.0627895911475918
6.16	18.49	1.0451147965422107
6.17	17.26	1.0541601438470447
6.17	16.03	1.0468800852731381
6.17	14.8	1.0382589847580264
6.17	13.57	1.0365526312116449
6.17	12.34	1.0276816461755043
6.17	11.1	1.0215039680144287
6.17	9.87	1.019196852710744
6.17	8.64	1.0211919233390119
6.17	7.41	1.021179100980471
6.17	6.17	1.0188851706303192
6.17	4.94	1.0091766286548132
6.17	3.7	1.0157926638983685
6.17	2.47	1.0222752948077876
6.17	1.23	1.0354754812928364
6.17	-0.0	1.030209633309067
6.17	-1.23	1.0377066279086846
6.17	-2.47	1.044000885532675
6.17	-3.7	1.0310452817908797
6.17	-4.94	1.04022218526236
6.17	-6.17	1.0429334352507353
6.17	-7.41	1.0214673659411806
6.17	-8.64	1.038014557545394
6.17	-9.87	1.018043726080549
6.17	-11.1	1.030480009178462
6.17	-12.34	1.0234910993914665
6.17	-13.57	1.0190512664282385
6.17	-14.8	1.018725671557859
6.17	-16.03	1.0018141590549374
6.17	-17.26	0.9977619044844234
6.16	-18.49	0.9826484611490084
6.16	-19.73	0.9860630994129008
6.16	-20.96	0.9839857227700434
6.16	-22.18	0.9900248584401006
6.16	-23.41	0.988751347979663
6.16	-24.64	1.0153493554701303
6.16	-25.87	1.0303507427193197
6.16	-27.08	1.0527497981004688
6.15	-28.31	1.0574594934040058
6.16	-29.55	1.0696066809854072
6.16	-30.78	1.0701011943920067
6.15	-31.98	1.0116626864063696
6.14	-33.16	0.8846178487958877
6.13	-34.34	0.7632712601668064
6.12	-35.48	0.7501168763092644
6.09	-36.55	0.779868048744771
6.04	-37.42	0.7238010471053686
7.22	-37.3	0.8031231281296487
7.3	-36.51	0.7864792079962993
7.34	-35.46	0.7887378892512074
7.36	-34.33	0.7684428718398889
7.37	-33.15	0.8630527358953287
7.38	-31.97	0.9874012592991522
7.39	-30.78	1.0684864834959014
7.39	-29.55	1.066459937318045
7.38	-28.31	0.5365534764312555
7.39	-27.08	1.0503229056789731
7.39	-25.86	1.0255330247516232
7.39	-24.64	1.0209344409092957
7.39	-23.41	0.9985873008922889
7.39	-22.18	0.9877283250741717
7.4	-20.95	0.9930932127947206
7.4	-19.73	0.986064822146086
7.4	-18.49	1.0015777548298466
7.4	-17.26	0.9981533960564644
7.4	-16.03	1.00421729809174
7.4	-14.8	1.0129007122966396
7.4	-13.57	1.0154348730967602
7.4	-12.34	1.0204340484785968
7.4	-11.1	1.0088758676186083
7.4	-9.87	1.0272544223932096
7.4	-8.64	1.0310889029869712
7.41	-7.41	1.037858652127045
7.41	-6.17	1.0319423071748048
7.41	-4.94	1.0306239677972906
7.41	-3.7	1.036407361574643
7.41	-2.47	1.0338362214207988
7.41	-1.23	1.0313392099609833
7.41	0.0	1.0296127703291162
7.41	1.23	1.01799975711612
7.41	2.47	1.0201539127748718
7.41	3.7	1.0276287093674623
7.41	4.94	1.0130718043707736
7.41	6.17	1.0122845350524643
7.41	7.41	1.0252563549653797
7.4	8.64	1.0280857903053393
7.4	9.87	1.0273485123371744
7.4	11.1	1.0268070330061425
7.4	12.34	1.0261266701793301
7.4	13.57	1.0355157365969914
7.4	14.8	1.0416089861005904
7.4	16.03	1.0575191505848958
7.4	17.26	1.0562732027439687
7.4	18.49	1.050273301466003
7.4	19.73	1.0612149108090636
7.4	20.95	1.0704287427224093
7.39	22.18	1.062562618468895
7.39	23.41	1.0674958294004495
7.39	24.64	1.0661807279547026
7.39	25.86	1.0687725859536417
7.39	27.08	1.0414723382689575
7.38	28.31	1.0075160910968055
7.39	29.55	1.0028733005998411
7.39	30.78	0.9550112133756381
7.38	31.97	0.8340903525473659
7.37	33.15	0.746437883386789
7.36	34.33	0.7136356465994417
7.34	35.46	0.705564390583887
7.3	36.51	0.43267893416274494
7.22	37.3	0.9057047212940499
8.51	36.45	0.3036199228705941
8.55	35.43	0.6990260406372771
8.58	34.31	0.7259248119992928
8.59	33.14	0.737350370583828
8.6	31.96	0.8277267301772497
8.62	30.77	0.908777185488228
8.62	29.55	1.002989848006088
8.62	28.31	1.0128759453470841
8.62	27.08	1.0268720281035804
8.62	25.86	1.0762218644012942
8.62	24.64	1.0700258608588205
8.62	23.41	1.0623245991863461
8.62	22.18	1.0549182564414887
8.63	20.95	1.0607233995122345
8.63	19.72	1.064068529367514
8.63	18.49	1.0517318076758422
8.63	17.26	1.0483045385228245
8.63	16.03	1.0397857068053866
8.63	14.8	1.044088760224749
8.64	13.57	1.0421005723202446
8.64	12.34	1.033870844425712
8.64	11.1	1.030591538098853
8.64	9.87	1.0371234018190942
8.64	8.64	1.025118619304247
8.64	7.4	1.0281970888917593
8.64	6.17	1.0238995380519977
8.64	4.94	1.0251965598580526
8.64	3.7	1.0218434154568976
8.64	2.47	1.023809709537247
8.64	1.23	1.025934289989607
8.64	-0.0	1.0444274159792382
8.64	-1.23	1.0366072888894076
8.64	-2.47	1.040868667018162
8.64	-3.7	1.0340652326531865
8.64	-4.94	1.0334565205653363
8.64	-6.17	1.0261235120934846
8.64	-7.4	1.0286737117762996
8.64	-8.64	1.0424232446050035
8.64	-9.87	1.027355148767887
8.64	-11.1	1.018956248754301
8.64	-12.34	1.0223450154093439
8.64	-13.57	1.0147982621667044
8.63	-14.8	1.0065249117447612
8.63	-16.03	1.003675515926269
8.63	-17.26	0.9936548195796491
8.63	-18.49	0.9877529745900017
8.63	-19.72	0.9828140658628604
8.63	-20.95	0.9908758088289051
8.62	-22.18	1.0104336662612297
8.62	-23.41	1.0072539180136955
8.62	-24.64	1.0233196546734848
8.62	-25.86	1.0346565208276786
8.62	-27.08	1.051682370270412
8.62	-28.31	1.0689535073794485
8.62	-29.55	1.0757471970664274
8.62	-30.77	1.0442272735521534
8.6	-31.96	0.9707525393279269
8.59	-33.14	0.8521600228590764
8.58	-34.31	0.7570606071969693
8.55	-35.43	0.8161263253197661
8.51	-36.45	0.809259443508189
9.7	-36.37	0.633308667144957
9.76	-35.39	0.8452602886837179
9.8	-34.29	0.7633287982270385
9.82	-33.13	0.8264487287820396
9.83	-31.95	0.9510176169844599
9.84	-30.76	1.0283116290125696
9.85	-29.55	1.0664739075911602
9.85	-28.31	1.0799118171299142
9.85	-27.08	1.0612930430721528
9.85	-25.85	1.0466581013188685
9.85	-24.63	1.022279853376893
9.86	-23.41	1.0198201867409535
9.86	-22.18	1.006411294929588
9.86	-20.95	1.0048528988481054
9.86	-19.72	0.9879707859105423
9.86	-18.49	0.9865586356944045
9.86	-17.26	1.0003805005546074
9.86	-16.03	1.0060912510729119
9.87	-14.8	1.0019575974920927
9.87	-13.57	1.0149463309409792
9.87	-12.34	1.0145925521063974
9.87	-11.1	1.0256922995071742
9.87	-9.87	1.0299838351629356
9.87	-8.64	1.0276908631646349
9.87	-7.4	1.027899327384712
9.87	-6.17	1.0193903926925225
9.87	-4.94	1.0306672344794887
9.88	-3.7	1.026314391376287
9.88	-2.47	1.0319750593651666
9.88	-1.23	1.029833156248856
9.88	0.0	1.0277395182580351
9.88	1.23	1.0210092089918936
9.88	2.47	1.0269489937404823
9.88	3.7	1.028436560078448
9.87	4.94	1.0189304542221054
9.87	6.17	1.0311774584133206
9.87	7.4	1.0281905898862878
9.87	8.64	0.9487575667363746
9.87	9.87	1.0328743339356912
9.87	11.1	1.0288355402037412
9.87	12.34	1.0362704258005875
9.87	13.57	1.0397379673039802
9.87	14.8	1.049553849437398
9.86	16.03	1.0451659108529183
9.86	17.26	1.056596233988837
9.86	18.49	1.0674815572922833
9.86	19.72	1.0542258040166217
9.86	20.95	1.066263379726773
9.86	22.18	1.0647401217815646
9.86	23.41	1.0649412768384312
9.85	24.63	1.06403983492362
9.85	25.85	1.0574995701493968
9.85	27.08	1.026741532879509
9.85	28.31	1.0028440464148496
9.85	29.55	0.9916353719600608
9.84	30.76	0.8767258157028247
9.83	31.95	0.7930698417478045
9.82	33.13	0.7303250276643484
9.8	34.29	0.7353722711249749
9.76	35.39	0.6690275865184425
9.7	36.37	0.2971000187395417
10.88	36.26	0.15602455313260052
10.97	35.34	0.606019514189253
11.01	34.26	0.7307761091808492
11.04	33.11	0.7206573998283176
11.05	31.93	0.7706935410550907
11.07	30.75	0.8563402427573451
11.08	29.55	0.9536605532251472
11.08	28.32	1.0077745634355908
11.08	27.08	1.0160149279596717
11.08	25.85	1.0385478055642223
11.08	24.63	1.055634902315871
11.09	23.41	1.0612531810299939
11.09	22.18	1.060515602436802
11.09	20.95	1.0600307042446977
11.09	19.72	1.0664390263476586
11.1	18.49	1.060389302080638
11.1	17.26	1.0527268932115694
11.1	16.03	1.0624291542485529
11.1	14.8	1.0392760924965214
11.1	13.57	1.044506219534956
11.1	12.34	1.0378452539829084
11.1	11.1	1.045087836991351
11.1	9.87	1.0382439201121862
11.1	8.64	1.0358078851467771
11.1	7.4	1.0214013296318154
11.1	6.17	1.0162563061610665
11.1	4.94	1.0176580711850947
11.11	3.7	1.0171763140089523
11.11	2.47	1.0187830327387062
11.11	1.23	1.0198063251979907
11.11	-0.0	1.0220511487704764
11.11	-1.23	1.0324779258371823
11.11	-2.47	1.0153609570304098
11.11	-3.7	1.0204274253753995
11.1	-4.94	1.0119541020216227
11.1	-6.17	1.0263526322222165
11.1	-7.4	1.0267206769242843
11.1	-8.64	1.0239457434807597
11.1	-9.87	1.0240856899387938
11.1	-11.1	1.0221651412101938
11.1	-12.34	1.0224134019003164
11.1	-13.57	1.0106803988956212
11.1	-14.8	1.0143828723591939
11.1	-16.03	0.9981742021712066
11.1	-17.26	0.9635553529328464
11.1	-18.49	0.9919140541877188
11.09	-19.72	0.9912884107668181
11.09	-20.95	1.0059115281053923
11.09	-22.18	1.0076680102952513
11.09	-23.41	1.0303653030368913
11.08	-24.63	1.02284651917816
11.08	-25.85	1.0532111097406522
11.08	-27.08	1.070891811656691
11.08	-28.32	1.0781676785084875
11.08	-29.55	1.0703804823641356
11.07	-30.75	1.0101319603794832
11.05	-31.93	0.9301747813856603
11.04	-33.11	0.8097710102149768
11.01	-34.26	0.7868362109428031
10.97	-35.34	0.8219976231399997
10.88	-36.26	0.9749509339425283
12.02	-36.05	0.8782941433756586
12.16	-35.27	0.8119686366974227
12.22	-34.22	0.8222163104808359
12.25	-33.09	0.8008899801652232
12.27	-31.91	0.8800775398802688
12.29	-30.73	0.9938850522609156
12.31	-29.54	1.0385029855437775
12.31	-28.32	1.0929493209095715
12.31	-27.08	1.077483540054554
12.31	-25.85	1.0499057564356202
12.31	-24.63	1.0459386351933317
12.32	-23.4	1.0241960520331634
12.32	-22.18	1.0178727602696782
12.32	-20.94	1.0036566966925258
12.32	-19.72	0.9971664604792545
12.33	-18.49	0.9932390633632593
12.33	-17.26	0.9862031129730083
12.33	-16.03	0.9975164517489318
12.33	-14.8	0.9974885218293118
12.33	-13.56	1.0106966497843592
12.33	-12.33	1.019660164622678
12.34	-11.1	1.011740859662109
12.34	-9.87	1.0303398297687987
12.34	-8.64	1.0239994644199042
12.34	-7.4	1.0252544065889209
12.34	-6.17	1.0348222735687367
12.34	-4.93	1.0237798608400874
12.34	-3.7	1.025384682131869
12.34	-2.47	1.0262866189053585
12.34	-1.23	1.0297004595212165
12.34	0.0	1.0203188863715633
12.34	1.23	1.0141572584324747
12.34	2.47	1.0268732391832713
12.34	3.7	0.5226978569615126
12.34	4.93	1.0222588894945106
12.34	6.17	1.0308445379467486
12.34	7.4	1.0234543332729074
12.34	8.64	1.0291005397022692
12.34	9.87	1.027233387795717
12.34	11.1	1.0243041331347043
12.33	12.33	1.0423706645440503
12.33	13.56	1.0496136858042062
12.33	14.8	1.0439915452263184
12.33	16.03	1.0516805718902
12.33	17.26	1.0538279849563852
12.33	18.49	1.0617718199357078
12.32	19.72	1.056563985218124
12.32	20.94	1.0623079407188047
12.32	22.18	1.0582926331916893
12.32	23.4	1.0487901356181402
12.31	24.63	1.0518609274159734
12.31	25.85	1.0270750236970758
12.31	27.08	1.0090297700066666
12.31	28.32	0.9928102573314946
12.31	29.54	0.9114859928582841
12.29	30.73	0.8294642776763685
12.27	31.91	0.7445966520014267
12.25	33.09	0.7229259722892375
12.22	34.22	0.7169094054387295
12.16	35.27	0.4474277719970813
12.02	36.05	0.998778713697328
13.34	35.17	0.3099536486477592
13.42	34.17	0.6733271684185707
13.47	33.06	0.7414437540391238
13.49	31.9	0.7219375068111796
13.51	30.71	0.7950812934760654
13.53	29.53	0.8673987657351063
13.54	28.32	0.9624447363457442
13.54	27.08	1.005438196506451
13.54	25.85	1.0202831743577447
13.54	24.62	1.0423458949625541
13.55	23.4	1.0547530976754795
13.55	22.17	1.0580230739564613
13.55	20.94	1.0644575221764785
13.55	19.71	1.0541354026125973
13.56	18.49	1.0618351778672457
13.56	17.26	1.0555332685016288
13.56	16.03	1.0428738768839232
13.56	14.8	1.04930149759931
13.56	13.56	1.043859851808785
13.56	12.33	1.042680055446192
13.57	11.1	1.03948275759105
13.57	9.87	1.0413537408639217
13.57	8.64	1.0266831081717829
13.57	7.4	1.0287023742286387
13.57	6.17	1.0285669313336747
13.57	4.93	1.0252103282628644
13.57	3.7	1.021817399677964
13.57	2.47	1.0284216689428802
13.57	1.23	1.023602194239368
13.57	-0.0	1.0176199518632707
13.57	-1.23	1.0441771943753708
13.57	-2.47	1.0310025142866779
13.57	-3.7	1.0280595791733655
13.57	-4.93	1.0253802372956575
13.57	-6.17	1.0331171055297759
13.57	-7.4	1.022451484838423
13.57	-8.64	1.0145431205645215
13.57	-9.87	1.0214005102995751
13.57	-11.1	1.011231835123184
13.56	-12.33	1.018497192498172
13.56	-13.56	1.0083487662640958
13.56	-14.8	1.0058860201682192
13.56	-16.03	1.0067902097695682
13.56	-17.26	1.0037013407300426
13.56	-18.49	0.9985280654854225
13.55	-19.71	1.0060531297421487
13.55	-20.94	1.0104097389905464
13.55	-22.17	1.024153312437225
13.55	-23.4	1.0433554911921028
13.54	-24.62	1.0432596636374414
13.54	-25.85	1.0579512892622258
13.54	-27.08	1.075558482065615
13.54	-28.32	1.0739666358589643
13.53	-29.53	1.0272675847883634
13.51	-30.71	0.9611709869662847
13.49	-31.9	0.8662989901948855
13.47	-33.06	0.8061955366813811
13.42	-34.17	0.8585432218406723
13.34	-35.17	0.7700752776271407
14.49	-35.02	1.001897322736272
14.62	-34.1	0.8625816226309185
14.67	-33.02	0.8187207963283262
14.71	-31.87	0.8412288566262822
14.73	-30.69	0.9231001216568764
14.75	-29.51	1.0099575107350398
14.77	-28.31	1.0616147340654005
14.78	-27.09	1.0817696744911358
14.77	-25.85	1.0695729037278214
14.77	-24.62	1.056193333150231
14.77	-23.39	1.045209792852661
14.78	-22.17	1.0339193262082176
14.78	-20.94	1.0194938838176522
14.78	-19.71	1.0115145853461973
14.79	-18.48	1.0074601264441463
14.79	-17.25	1.0057752427808262
14.79	-16.03	1.0054199769387593
14.79	-14.79	1.0115582627685584
14.8	-13.56	1.0088204363559374
14.8	-12.33	1.007729729355621
14.8	-11.1	0.9985279991350169
14.8	-9.87	1.0288126489515246
14.8	-8.63	0.5127806179961057
14.8	-7.4	1.0288351911883142
14.8	-6.17	1.0181237549966295
14.8	-4.93	1.0188751234934281
14.8	-3.7	1.0280249177257932
14.8	-2.47	1.02878482209204
14.8	-1.23	1.0260624201480721
14.8	0.0	1.0231746606276095
14.8	1.23	1.0249729878508067
14.8	2.47	1.0158386572098408
14.8	3.7	1.0307785205504976
14.8	4.93	1.0320080463820644
14.8	6.17	1.02551603472882
14.8	7.4	1.0307274967714264
14.8	8.63	1.0403410767471362
14.8	9.87	1.028055507848575
14.8	11.1	1.0365865188290746
14.8	12.33	1.043819870287541
14.8	13.56	1.0359034983864714
14.79	14.79	1.046019091131529
14.79	16.03	1.0621167659276378
14.79	17.25	1.0587359582176263
14.79	18.48	1.0635325669908577
14.78	19.71	1.0608619865389348
14.78	20.94	1.0525656524025868
14.78	22.17	1.0595023423773535
14.77	23.39	1.056919012410104
14.77	24.62	1.0364785096530271
14.77	25.85	1.0182018819508536
14.78	27.09	1.0011505566403296
14.77	28.31	0.9205861111496528
14.75	29.51	0.849303835373937
14.73	30.69	0.7619993377077465
14.71	31.87	0.7206331150245044
14.67	33.02	0.7271103913263685
14.62	34.1	0.576203149823738
14.49	35.02	0.6368091844068218
15.79	34.0	0.36738211901000467
15.87	32.97	0.6866383403986676
15.92	31.84	0.7217928239019109
15.95	30.67	0.7375760297115753
15.97	29.48	0.811166484655937
15.99	28.3	0.8933303208066058
16.01	27.09	0.9604568050957714
16.01	25.85	0.9915879433483329
16.0	24.62	1.0108434084485527
16.0	23.39	1.0375998359847518
16.01	22.16	1.0526808589208685
16.01	20.94	1.046172041863262
16.02	19.71	1.0546755696041192
16.02	18.48	1.0517018871160635
16.02	17.25	1.0581535156357456
16.02	16.02	1.0511864152033175
16.03	14.79	1.0507997501820796
16.03	13.56	1.043025380617103
16.03	12.33	1.0448492727144996
16.03	11.1	1.0434422943311548
16.03	9.86	1.0390809145904583
16.03	8.63	1.042478386740162
16.03	7.4	1.0417779761052908
16.03	6.17	1.0280400830259917
16.04	4.93	1.0254533868489133
16.04	3.7	1.0252428279235704
16.04	2.47	1.0210148182308354
16.04	1.23	1.0335783461160395
16.04	-0.0	1.0269381268960636
16.04	-1.23	1.0175022280052985
16.04	-2.47	1.0222939074411743
16.04	-3.7	1.0074275786306668
16.04	-4.93	1.0145337626753368
16.03	-6.17	1.031292991654054
16.03	-7.4	1.0212319515095245
16.03	-8.63	1.017331665517065
16.03	-9.86	1.0128143049614036
16.03	-11.1	1.01835123692024
16.03	-12.33	1.0084217320815252
16.03	-13.56	0.9969625695449139
16.03	-14.79	1.0154282372529702
16.02	-16.02	1.0114584837337242
16.02	-17.25	1.0114381540415784
16.02	-18.48	1.0091484075754256
16.02	-19.71	1.0248127254674024
16.01	-20.94	1.025893742713915
16.01	-22.16	1.0456663828256283
16.0	-23.39	1.0500072131051295
16.0	-24.62	1.0668724504293576
16.01	-25.85	1.0829324594332579
16.01	-27.09	1.0707609652351275
15.99	-28.3	1.0331731793633088
15.97	-29.48	0.9755971454887757
15.95	-30.67	0.9116907740351134
15.92	-31.84	0.8357552302242646
15.87	-32.97	0.886798914278966
15.79	-34.0	0.8115078142460803
16.92	-33.85	0.8159825017804025
17.06	-32.9	0.891589151644233
17.12	-31.8	0.8547450460001441
17.16	-30.65	0.8845981331367158
17.19	-29.46	0.9420102193616324
17.21	-28.27	0.9885796303667332
17.23	-27.08	1.0605635950185668
17.24	-25.86	1.0659990016665108
17.23	-24.62	1.0710172818697414
17.23	-23.38	1.0529331721517756
17.23	-22.16	1.0483441390948964
17.24	-20.93	1.0415399146501123
17.25	-19.71	1.0232178269913206
17.25	-18.48	1.0180578642549614
17.25	-17.25	0.9966310484590262
17.25	-16.02	1.0149746038528416
17.25	-14.79	1.0082047625652562
17.26	-13.56	1.0036352904677655
17.26	-12.33	1.0126879694351332
17.26	-11.1	1.0068182257072658
17.26	-9.86	1.0132577586820366
17.26	-8.63	1.0283712057576981
17.26	-7.4	1.0156340493411968
17.26	-6.17	1.0157027640793006
17.26	-4.93	1.0280921733213872
17.27	-3.7	1.0167776845282646
17.27	-2.47	1.0196474169030325
17.27	-1.23	1.0325501032327342
17.27	0.0	1.0324495438949872
17.27	1.23	1.0254633829215916
17.27	2.47	1.0257801459685003
17.27	3.7	1.0253298166591704
17.26	4.93	1.0279044406028848
17.26	6.17	1.0364818486152658
17.26	7.4	1.0341041709588923
17.26	8.63	1.0402950574016816
17.26	9.86	1.033327710708999
17.26	11.1	1.0329161105301197
17.26	12.33	1.05126085279171
17.26	13.56	1.0457250264713762
17.25	14.79	1.0463252128516862
17.25	16.02	1.0409271877384672
17.25	17.25	1.0630366271879625
17.25	18.48	1.0619914300982476
17.25	19.71	1.0475930548808274
17.24	20.93	1.0478654751857934
17.23	22.16	1.0492175357572444
17.23	23.38	1.0272366238849155
17.23	24.62	0.9979899441892124
17.24	25.86	0.9854298043856333
17.23	27.08	0.9141669264952682
17.21	28.27	0.8400155850894699
17.19	29.46	0.7598670706081736
17.16	30.65	0.7234906121379264
17.12	31.8	0.7211107433742747
17.06	32.9	0.6071846868171547
16.92	33.85	0.19475542475657212
18.21	32.78	0.4031804158257108
18.31	31.74	0.6909185381456662
18.37	30.61	0.7305217129609305
18.4	29.44	0.7372571271579431
18.42	28.25	0.8041500278839853
18.45	27.06	0.8779381321084183
18.47	25.85	0.939150675592826
18.47	24.63	1.0001038625823093
18.46	23.39	1.0029995721630778
18.46	22.15	1.0351113849398
18.47	20.93	1.047079655792396
18.47	19.7	1.04197644586462
18.48	18.48	1.0449216851087286
18.48	17.25	1.0487524678977602
18.48	16.02	1.0454878641074263
18.48	14.79	1.0479641356513896
18.49	13.56	1.0517099861334562
18.49	12.33	1.0483038102589022
18.49	11.1	1.0514321856977134
18.49	9.86	1.0361611068039898
18.49	8.63	1.0389759414983117
18.49	7.4	1.0330213957426226
18.49	6.16	1.0436937600043399
18.5	4.93	1.0277980727758085
18.5	3.7	1.0315106414382436
18.5	2.47	1.0341083172169767
18.5	1.23	1.0262281133996012
18.5	-0.0	1.0266733400977905
18.5	-1.23	1.0278762146749494
18.5	-2.47	1.0341311689550985
18.5	-3.7	1.025162389731378
18.5	-4.93	1.016812461543531
18.49	-6.16	1.0213443835492686
18.49	-7.4	1.016088557965254
18.49	-8.63	1.009017108316064
18.49	-9.86	1.0137997227984512
18.49	-11.1	1.0130538673293685
18.49	-12.33	1.0112110863255208
18.49	-13.56	1.0191713751552933
18.48	-14.79	1.0238428004309357
18.48	-16.02	1.0234375770120816
18.48	-17.25	1.0264346230692618
18.48	-18.48	1.0225641055950578
18.47	-19.7	1.0385762722012108
18.47	-20.93	1.0523456211337827
18.46	-22.15	1.0652865784706376
18.46	-23.39	1.0726985549623906
18.47	-24.63	1.0752903984891105
18.47	-25.85	1.0551577867437554
18.45	-27.06	1.0217390984311185
18.42	-28.25	0.9602292793141106
18.4	-29.44	0.9192530402582213
18.37	-30.61	0.8793064637773501
18.31	-31.74	0.8986653069360304
18.21	-32.78	0.7982623088698381
19.32	-32.6	0.7460582729516991
19.48	-31.66	0.9102008962372344
19.56	-30.56	0.8953482039767099
19.61	-29.41	0.9028836171425515
19.63	-28.22	0.9437052266053438
19.66	-27.03	0.9987265714420347
19.68	-25.84	0.5232782061999814
19.7	-24.62	1.0572878129007615
19.7	-23.39	1.0728742080647051
19.69	-22.16	1.068480313515123
19.69	-20.92	1.214672791662494
19.7	-19.7	1.0374578673252208
19.7	-18.47	1.0307959239809419
19.71	-17.25	1.024628972977212
19.71	-16.02	1.0219896563395083
19.71	-14.78	1.0243574851795756
19.71	-13.55	1.0098103861373025
19.72	-12.32	1.0146546416669988
19.72	-11.09	1.0200529620217036
19.72	-9.86	1.015536745757726
19.72	-8.63	1.0115482186653777
19.73	-7.4	1.004708126421702
19.73	-6.16	1.0220423088499275
19.73	-4.93	1.027413186382357
19.73	-3.7	1.0249532083329647
19.73	-2.47	1.023198268268948
19.73	-1.23	1.0271897857644925
19.73	0.0	1.0208392665144446
19.73	1.23	1.034612854306699
19.73	2.47	1.0220163613035935
19.73	3.7	1.020929360842178
19.73	4.93	1.0360426375708032
19.73	6.16	1.026753497483116
19.73	7.4	1.0402975841793993
19.72	8.63	1.030937334008718
19.72	9.86	1.0375437949598387
19.72	11.09	1.0439879667644179
19.72	12.32	1.046920548673645
19.71	13.55	1.0463816578809362
19.71	14.78	1.050929277947655
19.71	16.02	1.0508462852068434
19.71	17.25	1.043467655844794
19.7	18.47	1.0542434668184495
19.7	19.7	1.0505473624829003
19.69	20.92	1.0316476964912846
19.69	22.16	1.012995527922994
19.7	23.39	0.9864718718285619
19.7	24.62	0.968360563724132
19.68	25.84	0.90470168468004
19.66	27.03	0.8290741226388453
19.63	28.22	0.7492329373789721
19.61	29.41	0.7254003922487977
19.56	30.56	0.7219816990834681
19.48	31.66	0.5755582246079788
19.32	32.6	0.49543605333581625
20.61	31.52	0.32969268113184436
20.73	30.49	0.668539968273484
20.8	29.36	0.7295445072616286
20.84	28.2	0.7308349578398485
20.87	27.01	0.7700699528487738
20.89	25.81	0.8517994388696943
20.92	24.61	0.9082865831221488
20.93	23.39	0.9681026591431595
20.93	22.16	0.9937683312781478
20.92	20.92	1.0095080835345427
20.92	19.69	1.034107992854198
20.93	18.47	1.0455175596451778
20.93	17.24	1.0476844300516166
20.94	16.01	1.0377291907925885
20.94	14.78	1.055708741784834
20.94	13.55	1.0466568417618096
20.94	12.32	1.0425893726015096
20.95	11.09	1.0367728225703352
20.95	9.86	1.0427738926617829
20.95	8.63	1.0332796046552515
20.95	7.4	1.0266483422677908
20.96	6.16	1.0320867602231711
20.96	4.93	1.0419287170847928
20.96	3.7	1.042760249145495
20.96	2.47	1.0314203516245262
20.96	1.23	1.0330672759588844
20.96	-0.0	1.0352300001431642
20.96	-1.23	1.0251929872275656
20.96	-2.47	1.033229189292162
20.96	-3.7	1.0298828274718632
20.96	-4.93	1.023576636659036
20.96	-6.16	1.020628585386207
20.95	-7.4	1.0184639897634207
20.95	-8.63	1.030171204767763
20.95	-9.86	1.0150959177138366
20.95	-11.09	1.0201688395837614
20.94	-12.32	1.0141008138609076
20.94	-13.55	1.0271729520763688
20.94	-14.78	1.0277963065129307
20.94	-16.01	1.0358485682201872
20.93	-17.24	1.042172701005513
20.93	-18.47	1.05104905357725
20.92	-19.69	1.0656022567959913
20.92	-20.92	1.065102876808607
20.93	-22.16	1.0704766621341884
20.93	-23.39	1.0584061243661387
20.92	-24.61	1.0433120498133166
20.89	-25.81	1.0193938994973266
20.87	-27.01	0.9797218400322976
20.84	-28.2	0.9300884882817168
20.8	-29.36	0.903288566027065
20.73	-30.49	0.9435949029196574
20.61	-31.52	0.8156509620971752
21.63	-31.24	0.7454545949000008
21.87	-30.38	0.9103077351043233
21.97	-29.3	0.949666614783805
22.04	-28.16	0.9351932051813014
22.07	-26.98	0.9550753254522371
22.1	-25.78	1.0037334735587367
22.13	-24.59	1.009415323293065
22.15	-23.38	1.0382985595026313
22.16	-22.16	1.0776692636655727
22.16	-20.93	1.0701119702085389
22.16	-19.69	1.0687672169043714
22.15	-18.46	1.0582991890380204
22.16	-17.23	1.053976415508164
22.16	-16.01	1.0400623225290118
22.17	-14.78	1.033943382141511
22.17	-13.55	1.0286738074146429
22.18	-12.32	1.0371234574821082
22.18	-11.09	1.0448505526700056
22.18	-9.86	1.0147518787628755
22.18	-8.62	1.02733606924929
22.18	-7.39	1.0306418500790309
22.18	-6.16	1.0208838820813455
22.18	-4.93	1.0241835532714683
22.19	-3.7	1.0253541071890804
22.19	-2.47	1.033543226701585
22.19	-1.23	1.0348797487088903
22.19	0.0	1.0361637131025756
22.19	1.23	1.0350788075921626
22.19	2.47	1.0342736578109344
22.19	3.7	1.0355280500784536
22.18	4.93	1.03701617849452
22.18	6.16	1.0282316212921452
22.18	7.39	1.0343598096592155
22.18	8.62	1.0310376451905034
22.18	9.86	1.0426017081566814
22.18	11.09	1.030667701732649
22.18	12.32	1.0422269579198729
22.17	13.55	1.0474203999370426
22.17	14.78	1.0281389301216106
22.16	16.01	1.0435485223086745
22.16	17.23	1.0487464122855101
22.15	18.46	1.0402473672966386
22.16	19.69	1.0084411648192655
22.16	20.93	0.9880627302236591
22.16	22.16	0.9620866665615785
22.15	23.38	0.9031616699487871
22.13	24.59	0.8496656543427744
22.1	25.78	0.7860091397250148
22.07	26.98	0.73128061237588
22.04	28.16	0.7348869713539515
21.97	29.3	0.6866439501977086
21.87	30.38	0.4867618664473672
21.63	31.24	0.9864550723392704
22.94	30.18	0.2540264992998612
23.12	29.2	0.5760048052977884
23.21	28.1	0.7073208729493037
23.27	26.94	0.7214718143114153
23.31	25.76	0.7375287827613306
23.33	24.56	0.8133210398561621
23.36	23.36	0.8647098175225241
23.38	22.15	0.9159706684707174
23.39	20.93	0.9554450922391543
23.39	19.7	0.9973396071270135
23.39	18.46	1.0109492852783426
23.38	17.23	1.034271417472131
23.39	16.0	1.0386679278200632
23.39	14.77	1.0397614097496004
23.4	13.55	1.043786568595139
23.4	12.32	1.0329983907795017
23.41	11.09	1.0395913422036642
23.41	9.86	1.0367438005851384
23.41	8.62	1.0272604981479383
23.41	7.39	1.0210377149285184
23.41	6.16	1.0104568056932124
23.41	4.93	1.0252079901450308
23.41	3.7	1.024359074220738
23.41	2.46	1.044588510778338
23.41	1.23	1.0305804947160808
23.41	-0.0	1.0310787670633232
23.41	-1.23	1.0339181622248632
23.41	-2.46	1.0325049423369346
23.41	-3.7	1.0195934811340235
23.41	-4.93	1.030620317937995
23.41	-6.16	1.0327190499612944
23.41	-7.39	1.0365473937932503
23.41	-8.62	1.0645842044808163
23.41	-9.86	1.0671905527054169
23.41	-11.09	1.0381662393195195
23.4	-12.32	1.0359134973188322
23.4	-13.55	1.043718787029693
23.39	-14.77	1.0476628546491447
23.39	-16.0	1.0633804605938104
23.38	-17.23	1.0582852942867562
23.39	-18.46	1.0558859812637968
23.39	-19.7	1.0704203925619185
23.39	-20.93	1.0602056439195189
23.38	-22.15	1.0499083948743972
23.36	-23.36	1.0452979183703501
23.33	-24.56	1.010913995472673
23.31	-25.76	0.9727994628981774
23.27	-26.94	0.9512040065839129
23.21	-28.1	0.9735682724851933
23.12	-29.2	0.9571128629687549
22.94	-30.18	0.8034245211620984
24.2	-29.04	0.8369842306300328
24.36	-28.01	0.9815754256420474
24.44	-26.89	0.9777470696283648
24.5	-25.72	0.9772196025949507
24.53	-24.53	1.0037600683067107
24.56	-23.33	1.0092092443338514
24.59	-22.13	1.02584724366756
24.61	-20.92	1.0416114284984082
24.62	-19.7	1.0659081565244508
24.63	-18.47	1.0763114413650103
24.62	-17.23	1.0723563595630774
24.62	-16.0	1.0727146554655815
24.62	-14.77	1.0675587867840572
24.62	-13.54	1.0570912247102884
24.63	-12.31	1.0453419193017797
24.63	-11.08	1.0422438231765156
24.63	-9.85	1.038593222690585
24.64	-8.62	1.0440611099308186
24.64	-7.39	1.0401192925042604
24.64	-6.16	1.0571721037109698
24.64	-4.93	1.0796414394773384
24.64	-3.7	1.0674850801051106
24.64	-2.46	1.068027063460987
24.64	-1.23	1.0553392978629161
24.64	0.0	1.0501506164630452
24.64	1.23	1.0422865815150473
24.64	2.46	1.0310404924455028
24.64	3.7	1.0245761246425964
24.64	4.93	1.026331468300619
24.64	6.16	1.0312219687865556
24.64	7.39	1.03637735210559
24.64	8.62	1.0336159768419249
24.63	9.85	1.0337868962414671
24.63	11.08	1.0309097889588097
24.63	12.31	1.0348922634347295
24.62	13.54	1.0352217610175987
24.62	14.77	1.0290176914557108
24.62	16.0	1.0149827166998076
24.62	17.23	1.01435528265612
24.63	18.47	0.9885767449177747
24.62	19.7	0.9551344204170996
24.61	20.92	0.9273231518481333
24.59	22.13	0.8731508574394352
24.56	23.33	0.8051056947229677
24.53	24.53	0.7466116866739629
24.5	25.72	0.7290630739005616
24.44	26.89	0.7081649332770132
24.36	28.01	0.6198076356997089
24.2	29.04	0.37012842157521886
25.43	27.86	0.40087762467804094
25.59	26.8	0.6462880512840972
25.67	25.67	0.695165196844503
25.72	24.5	0.7235480790799964
25.76	23.31	0.7455806824127433
25.78	22.1	0.8223573977377096
25.81	20.89	0.8765937280464627
25.84	19.68	0.9068793615856174
25.85	18.47	0.9454074810651587
25.86	17.24	0.9702103004607717
25.85	16.01	0.9978744958997727
25.85	14.77	1.0164377032237037
25.85	13.54	1.0297608356092995
25.85	12.31	1.0290857190186051
25.85	11.08	1.0260913411273722
25.85	9.85	1.0331145815708402
25.86	8.62	1.0326657228112128
25.86	7.39	1.0290563279552094
25.87	6.16	1.036116322631887
25.87	4.93	1.0304565167838224
25.87	3.7	1.0363306822676652
25.87	2.46	1.0515424189713811
25.87	1.23	1.0410645942591046
25.87	-0.0	1.047116634560888
25.87	-1.23	1.052135135546943
25.87	-2.46	1.0415934538906324
25.87	-3.7	1.034517229944122
25.87	-4.93	1.0371999262157119
25.87	-6.16	1.04433026193831
25.86	-7.39	1.042895962411288
25.86	-8.62	1.0581140508699305
25.85	-9.85	1.0524558116152585
25.85	-11.08	1.0477230748043798
25.85	-12.31	1.0572299408861296
25.85	-13.54	1.0666291519441495
25.85	-14.77	1.0757202657701161
25.85	-16.01	1.0819694186042876
25.86	-17.24	1.0666009904383047
25.85	-18.47	1.0723913436407309
25.84	-19.68	1.055248215082222
25.81	-20.89	1.0399580137228288
25.78	-22.1	1.0271392916348028
25.76	-23.31	1.0053472308244424
25.72	-24.5	0.9928181025725147
25.67	-25.67	0.9929101128664957
25.59	-26.8	1.0074408003667137
25.43	-27.86	0.8999926157304265
26.65	-26.65	0.9339531440245272
26.8	-25.59	1.0217738947317894
26.89	-24.44	1.0236284070499682
26.94	-23.27	1.0035710200242067
26.98	-22.07	1.0308371286705353
27.01	-20.87	1.0347128675211728
27.03	-19.66	1.0347833718126624
27.06	-18.45	1.0556945647907727
27.08	-17.23	1.068370030632962
27.09	-16.01	1.0671386138815595
27.09	-14.78	1.0624049012375072
27.08	-13.54	1.0627351639148876
27.08	-12.31	1.0595219931347684
27.08	-11.08	1.05957575317183
27.08	-9.85	1.052628713387073
27.08	-8.62	1.0505826746315114
27.08	-7.39	1.044244313575422
27.08	-6.16	1.0454869770103334
27.09	-4.93	1.0394498924863556
27.09	-3.69	1.0333785692790842
27.09	-2.46	1.0403396073419582
27.09	-1.23	1.034954724750993
27.09	0.0	1.0398850563439497
27.09	1.23	1.053364282478802
27.09	2.46	1.0415618846143522
27.09	3.69	1.0565982909875842
27.09	4.93	1.0340343435488364
27.08	6.16	1.0185236890697256
27.08	7.39	1.0283848250266676
27.08	8.62	1.0227984986804708
27.08	9.85	1.0244903147121056
27.08	11.08	1.0265908789337843
27.08	12.31	1.0333918508324618
27.08	13.54	1.0166788331194951
27.09	14.78	0.9915334993845631
27.09	16.01	0.9683382786538077
27.08	17.23	0.9451532063791522
27.06	18.45	0.901338439571918
27.03	19.66	0.8515164765422614
27.01	20.87	0.8061686898053421
26.98	22.07	0.7552045223871142
26.94	23.27	0.7266629956457734
26.89	24.44	0.7080226936412491
26.8	25.59	0.6465706693687661
26.65	26.65	0.4107308193934624
27.86	25.43	0.3996383953638646
28.01	24.36	0.6408266759415439
28.1	23.21	0.6885136425102278
28.16	22.04	0.7304201712468495
28.2	20.84	0.7477572539437383
28.22	19.63	0.7791444188622373
28.25	18.42	0.850443806272188
28.27	17.21	0.8933139124788858
28.3	15.99	0.9263232034662083
28.31	14.77	0.9558434856917725
28.32	13.54	0.9845375896563554
28.32	12.31	0.9905738268640185
28.32	11.08	1.0060007933931727
28.31	9.85	1.017368970934441
28.31	8.62	1.0239788200857813
28.31	7.38	1.0256210694191272
28.31	6.15	1.0263757303330918
28.31	4.92	1.031885364213524
28.31	3.69	1.0247797514575154
28.31	2.46	1.0403617981983353
28.31	1.23	1.037407461829903
28.31	-0.0	1.032338849489888
28.31	-1.23	1.0417831526426702
28.31	-2.46	1.0394121418968338
28.31	-3.69	1.039214830635237
28.31	-4.92	1.0600655292967696
28.31	-6.15	1.051265707674058
28.31	-7.38	1.0454417684209942
28.31	-8.62	1.0501799455412852
28.31	-9.85	1.0569371229915085
28.32	-11.08	1.0583016477657217
28.32	-12.31	1.061663126020014
28.32	-13.54	1.0686091530280406
28.31	-14.77	1.057997892345178
28.3	-15.99	1.0644262615865487
28.27	-17.21	1.0537343856682941
28.25	-18.42	1.0603818416202553
28.22	-19.63	1.0605354347530367
28.2	-20.84	1.0360807616074024
28.16	-22.04	1.0348870264636991
28.1	-23.21	1.0400497736558534
28.01	-24.36	1.0337598011517932
27.86	-25.43	0.9459977775346563
29.04	-24.2	0.9259040841584681
29.2	-23.12	1.04467894175205
29.3	-21.97	1.0499486503492774
29.36	-20.8	1.0517877899947232
29.41	-19.61	1.04888077094413
29.44	-18.4	1.053675138440964
29.46	-17.19	1.0633873814835106
29.48	-15.97	1.0441374339955485
29.51	-14.75	1.058667009663586
29.53	-13.53	1.0560550669424853
29.54	-12.31	1.0711377834709679
29.55	-11.08	1.0525867937154139
29.55	-9.85	1.053508242858184
29.55	-8.62	1.0565398911809243
29.55	-7.39	1.0459760698449305
29.55	-6.16	1.0411008522361003
29.54	-4.92	1.0416159314346816
29.54	-3.69	1.033588106218755
29.54	-2.46	1.0425595390899811
29.54	-1.23	1.0281958736720063
29.54	0.0	1.030088251786845
29.54	1.23	1.0299806257739679
29.54	2.46	1.0224822416133188
29.54	3.69	1.0208572677554837
29.54	4.92	1.0235745793180813
29.55	6.16	1.0192963147964211
29.55	7.39	1.0192210162138375
29.55	8.62	0.9969665043112124
29.55	9.85	0.991538407246129
29.55	11.08	0.9809341670664657
29.54	12.31	0.9607260015990485
29.53	13.53	0.9320983484837245
29.51	14.75	0.9163373529727563
29.48	15.97	0.8718879746188453
29.46	17.19	0.8185094457405698
29.44	18.4	0.7804478345115181
29.41	19.61	0.7327052113184136
29.36	20.8	0.7337706995615706
29.3	21.97	0.6922460356857616
29.2	23.12	0.6061378980357098
29.04	24.2	0.4005025572531131
30.18	22.94	0.3877703286761741
30.38	21.87	0.5615689048708284
30.49	20.73	0.6876576459138745
30.56	19.56	0.6888079837572263
30.61	18.37	0.7370092277672718
30.65	17.16	0.7599864529223254
30.67	15.95	0.7913118194967347
30.69	14.73	0.8417719505298005
30.71	13.51	0.881279569398768
30.73	12.29	0.9167932810208179
30.75	11.07	0.9494229341509078
30.76	9.84	0.9584104390158389
30.77	8.62	0.9767303501476722
30.78	7.39	0.9808201959930204
30.78	6.16	0.9980385742946697
30.78	4.93	1.0043130164972984
30.78	3.69	1.0109810581012024
30.78	2.46	1.0069469129622324
30.78	1.23	1.0204733335538505
30.78	-0.0	1.0279635708943782
30.78	-1.23	1.0339540601917128
30.78	-2.46	1.0387659623827408
30.78	-3.69	1.0341086935265082
30.78	-4.93	1.0498242146099004
30.78	-6.16	1.0360497811538272
30.78	-7.39	1.0391195077609203
30.77	-8.62	1.0481133378123588
30.76	-9.84	1.051652473289767
30.75	-11.07	1.0728372352771005
30.73	-12.29	1.0706851379170226
30.71	-13.51	1.0603765510539396
30.69	-14.73	1.0671458205902615
30.67	-15.95	1.0675214339231676
30.65	-17.16	1.0592385688811388
30.61	-18.37	1.056269093064832
30.56	-19.56	1.0628898717048916
30.49	-20.73	1.0551849495284211
30.38	-21.87	1.0412972975702761
30.18	-22.94	0.8594039798655216
31.24	-21.63	0.7168020965968762
31.52	-20.61	0.984585393779024
31.66	-19.48	1.0437147842175516
31.74	-18.31	1.074102603105134
31.8	-17.12	1.074782749263598
31.84	-15.92	1.076393762613932
31.87	-14.71	1.0676634900235122
31.9	-13.49	1.066294909658587
31.91	-12.27	1.073734107088092
31.93	-11.05	1.058529133191484
31.95	-9.83	1.0640721176232004
31.96	-8.6	1.0564725413918323
31.97	-7.38	1.0540528487646317
31.98	-6.15	1.040608090921684
31.99	-4.92	1.0261310320370316
32.0	-3.69	1.0260009433282262
32.0	-2.46	1.014544270678462
32.0	-1.23	1.014793862789699
32.0	0.0	1.0141871626754773
32.0	1.23	1.0062735871334325
32.0	2.46	0.9953999942330982
32.0	3.69	0.9955891212017755
31.99	4.92	0.979585486278832
31.98	6.15	0.962642077916305
31.97	7.38	0.9478540456815561
31.96	8.6	0.9407025147678933
31.95	9.83	0.9089098400633024
31.93	11.05	0.8743011977271508
31.91	12.27	0.8470740747467361
31.9	13.49	0.8027896025800523
31.87	14.71	0.7684107470174537
31.84	15.92	0.7343547514721663
31.8	17.12	0.698667103131419
31.74	18.31	0.6987573077197319
31.66	19.48	0.6404864384208772
31.52	20.61	0.4939681033374577
31.24	21.63	0.4629408561844565
32.6	19.32	0.41165273039022365
32.78	18.21	0.5573278620907052
32.9	17.06	0.6785402586802018
32.97	15.87	0.7001519280106469
33.02	14.67	0.6930487774839487
33.06	13.47	0.7487414580998517
33.09	12.25	0.7633011348077172
33.11	11.04	0.7888776398345951
33.13	9.82	0.8356184678446856
33.14	8.59	0.8703549766526283
33.15	7.37	0.9010570480937351
33.16	6.14	0.9274442125725894
33.17	4.91	0.9524232174843172
33.18	3.69	0.9642439673153915
33.18	2.46	0.9707148436540833
33.18	1.23	0.9932490413132172
33.19	-0.0	1.0028639182624395
33.18	-1.23	1.0128003681191724
33.18	-2.46	1.01903706768698
33.18	-3.69	1.024038718338674
33.17	-4.91	1.038002318698997
33.16	-6.14	1.0433569028270562
33.15	-7.37	1.0460513514769392
33.14	-8.59	1.0459570605685775
33.13	-9.82	1.065716449860492
33.11	-11.04	1.0727133104843314
33.09	-12.25	1.0640122491927786
33.06	-13.47	1.0611269965643835
33.02	-14.67	1.0638953998790874
32.97	-15.87	1.0572579681049357
32.9	-17.06	1.0279275268451697
32.78	-18.21	1.016977531251256
32.6	-19.32	0.8260183197957774
33.85	-16.92	0.8152499113023302
34.0	-15.79	0.959915227699247
34.1	-14.62	0.9723502858495294
34.17	-13.42	1.0055058778295125
34.22	-12.22	1.0252026647371049
34.26	-11.01	1.0350688471797465
34.29	-9.8	1.036068958587912
34.31	-8.58	1.0323921062337613
34.33	-7.36	1.0293095833367305
34.34	-6.13	1.029891667620348
34.35	-4.91	1.030388376142834
34.35	-3.68	1.0067046539027886
34.36	-2.45	0.997467140572921
34.36	-1.23	0.9937055688126392
34.36	0.0	0.9712182497747711
34.36	1.23	0.9550981435685878
34.36	2.45	0.9427753645829743
34.35	3.68	0.9149319411996713
34.35	4.91	0.892819023916172
34.34	6.13	0.8515121568790996
34.33	7.36	0.8060842493140346
34.31	8.58	0.7962032870563397
34.29	9.8	0.7647530221414136
34.26	11.01	0.7224302777988061
34.22	12.22	0.6898197037171547
34.17	13.42	0.7108437013347062
34.1	14.62	0.6913742311557932
34.0	15.79	0.5853704201105316
33.85	16.92	0.45152227446017185
35.02	14.49	0.4685038206950818
35.17	13.34	0.5815482232284145
35.27	12.16	0.6836073200333793
35.34	10.97	0.7230301395343205
35.39	9.76	0.7221405018757706
35.43	8.55	0.7044754109363072
35.46	7.34	0.7197682996367981
35.48	6.12	0.7492776244322022
35.49	4.9	0.7791674924518464
35.51	3.67	0.8184841929649651
35.52	2.45	0.8360799590429562
35.52	1.22	0.8606643672402816
35.52	-0.0	0.8983002525804202
35.52	-1.22	0.9133059429226099
35.52	-2.45	0.9297872674853865
35.51	-3.67	0.9327389445761859
35.49	-4.9	0.9526043550596508
35.48	-6.12	0.9609805769824658
35.46	-7.34	0.9601844219006636
35.43	-8.55	0.9293232661534118
35.39	-9.76	0.899212795751518
35.34	-10.97	0.8784924442295844
35.27	-12.16	0.8902633980019253
35.17	-13.34	0.8392320105076657
35.02	-14.49	0.7063114647169569
36.05	-12.02	0.6117744222474635
36.26	-10.88	0.699844162612388
36.37	-9.7	0.7648537276053141
36.45	-8.51	0.7940302081371772
36.51	-7.3	0.8053474320619677
36.55	-6.09	0.8001946070781736
36.58	-4.88	0.7883552888991331
36.6	-3.66	0.7822460796881886
36.61	-2.44	0.7707148297010346
36.62	-1.22	0.7728879554107856
36.62	0.0	0.7473002893626292
36.62	1.22	0.7531894862054888
36.61	2.44	0.7422117245314517
36.6	3.66	0.733310785715042
36.58	4.88	0.7417617245082371
36.55	6.09	0.7339875315916127
36.51	7.3	0.7297822891105717
36.45	8.51	0.6990731878663173
36.37	9.7	0.6427172886840521
36.26	10.88	0.5752604546377622
36.05	12.02	0.48799134231500413
37.3	7.22	0.6320841795979852
37.42	6.04	0.6551394537020403
37.5	4.84	0.6826869588779698
37.55	3.63	0.7185478874267418
37.58	2.42	0.7362111581666553
37.6	1.21	0.7351198726597308
37.6	-0.0	0.7437953556773526
37.6	-1.21	0.7359272391004005
37.58	-2.42	0.7417487387166551
37.55	-3.63	0.7255727681024213
37.5	-4.84	0.7120483462295611
37.42	-6.04	0.6879167149670398
37.3	-7.22	0.6567855587507028
