-37.3	-7.22	0.5945105779030598
-37.42	-6.04	0.6278291995017415
-37.5	-4.84	0.6652197293782335
-37.55	-3.63	0.6852772014948011
-37.58	-2.42	0.6998860097715858
-37.6	-1.21	0.7037335176860468
-37.6	0.0	0.7030807526294818
-37.6	1.21	0.7086783282980932
-37.58	2.42	0.7052102487820806
-37.55	3.63	0.7006036716828756
-37.5	4.84	0.689031376046191
-37.42	6.04	0.6776277242624221
-37.3	7.22	0.656432968214813
-36.05	12.02	0.5208126309941524
-36.26	10.88	0.5833409869885664
-36.37	9.7	0.6362258291503801
-36.45	8.51	0.671855116999254
-36.51	7.3	0.7068902040528425
-36.55	6.09	0.6959594673107425
-36.58	4.88	0.7125163829132839
-36.6	3.66	0.7154818329826284
-36.61	2.44	0.7168121745100183
-36.62	1.22	0.7353171346225333
-36.62	-0.0	0.7508138363680795
-36.62	-1.22	0.7518532369931851
-36.61	-2.44	0.7705547421397646
-36.6	-3.66	0.769026885972557
-36.58	-4.88	0.7632695155837279
-36.55	-6.09	0.7745205407580976
-36.51	-7.3	0.7626043163926023
-36.45	-8.51	0.7433891904769506
-36.37	-9.7	0.6953437282035703
-36.26	-10.88	0.5935770772554451
-36.05	-12.02	0.48762908909077457
-35.02	-14.49	0.59022998337587
-35.17	-13.34	0.7692409992640887
-35.27	-12.16	0.8596424157958656
-35.34	-10.97	0.9028071889644267
-35.39	-9.76	0.9307835779842597
-35.43	-8.55	0.9501986412734676
-35.46	-7.34	0.9642644326580742
-35.48	-6.12	0.9753057956121131
-35.49	-4.9	0.9501195636737843
-35.51	-3.67	0.9555288807263742
-35.52	-2.45	0.9363603333508876
-35.52	-1.22	0.9191828394024526
-35.52	0.0	0.8892700020600246
-35.52	1.22	0.8659903831910346
-35.52	2.45	0.8447504471583975
-35.51	3.67	0.8244086926617158
-35.49	4.9	0.7789878743010772
-35.48	6.12	0.7567434387787879
-35.46	7.34	0.7452795672508606
-35.43	8.55	0.6857398901825421
-35.39	9.76	0.6949391401128809
-35.34	10.97	0.6836634505631691
-35.27	12.16	0.650017314893907
-35.17	13.34	0.5844169032383294
-35.02	14.49	0.5107588839146819
-33.85	16.92	0.4708091410150167
-34.0	15.79	0.5785759487495898
-34.1	14.62	0.660489164270953
-34.17	13.42	0.678636876598257
-34.22	12.22	0.6650750744684304
-34.26	11.01	0.7120179505161052
-34.29	9.8	0.7564208253765506
-34.31	8.58	0.7760854667004913
-34.33	7.36	0.8224223748530761
-34.34	6.13	0.8673526764890002
-34.35	4.91	0.9029841485836853
-34.35	3.68	0.9426233820444454
-34.36	2.45	0.9807860626874548
-34.36	1.23	0.9823533903335512
-34.36	-0.0	0.9964301497982824
-34.36	-1.23	1.015672922733019
-34.36	-2.45	1.0358724184517578
-34.35	-3.68	1.0340632225993946
-34.35	-4.91	1.0386866906682555
-34.34	-6.13	1.0361564790788809
-34.33	-7.36	1.0558478714980037
-34.31	-8.58	1.0508220705100189
-34.29	-9.8	1.0474432034150383
-34.26	-11.01	1.0417369362499758
-34.22	-12.22	1.0435864632574456
-34.17	-13.42	1.0291089508334246
-34.1	-14.62	0.9850959708863911
-34.0	-15.79	0.9151566373608725
-33.85	-16.92	0.7438112211409008
-32.6	-19.32	0.7690064317248659
-32.78	-18.21	0.9642812382670479
-32.9	-17.06	1.038577477874581
-32.97	-15.87	1.0722974393386755
-33.02	-14.67	1.070969447169292
-33.06	-13.47	1.071544547245351
-33.09	-12.25	1.0726564258402276
-33.11	-11.04	1.0807304866638872
-33.13	-9.82	1.0815148045479077
-33.14	-8.59	1.0672000942518007
-33.15	-7.37	1.0588745384605487
-33.16	-6.14	1.0575075821212216
-33.17	-4.91	1.0428472074206694
-33.18	-3.69	1.0338388559989375
-33.18	-2.46	1.0401569752378725
-33.18	-1.23	1.0335539894192578
-33.19	0.0	1.0308966359343532
-33.18	1.23	1.0184712569236118
-33.18	2.46	1.0052498649821584
-33.18	3.69	0.9993806152715654
-33.17	4.91	0.9964574259710999
-33.16	6.14	0.9689502795039455
-33.15	7.37	0.9506452862081348
-33.14	8.59	0.9108396171152118
-33.13	9.82	0.8653555823251982
-33.11	11.04	0.8127928059148982
-33.09	12.25	0.7472945539525971
-33.06	13.47	0.7244136769627073
-33.02	14.67	0.6894622979857832
-32.97	15.87	0.6592582792803957
-32.9	17.06	0.6535110944796179
-32.78	18.21	0.5570237477385107
-32.6	19.32	0.4333397582956441
-31.24	21.63	0.5029413658304116
-31.52	20.61	0.5611132624898159
-31.66	19.48	0.6335616141094653
-31.74	18.31	0.6679218508254463
-31.8	17.12	0.6974116402072524
-31.84	15.92	0.7181291910510357
-31.87	14.71	0.758696430956821
-31.9	13.49	0.807427412876404
-31.91	12.27	0.8678756026720373
-31.93	11.05	0.9088562029444253
-31.95	9.83	0.9467748635768899
-31.96	8.6	0.9701434547542811
-31.97	7.38	0.9808488047967163
-31.98	6.15	0.9962260748502403
-31.99	4.92	1.0250969726839172
-32.0	3.69	1.0278580941754543
-32.0	2.46	1.0478489552574473
-32.0	1.23	1.0515966796252567
-32.0	-0.0	1.0510583981915276
-32.0	-1.23	1.058742889132305
-32.0	-2.46	1.0570402674999366
-32.0	-3.69	1.0611484464129948
-31.99	-4.92	1.054512990460643
-31.98	-6.15	1.0579269029636469
-31.97	-7.38	1.0450898227168952
-31.96	-8.6	1.058409279946926
-31.95	-9.83	1.0614211556278264
-31.93	-11.05	1.0556590029015283
-31.91	-12.27	1.0623598873613418
-31.9	-13.49	1.0796051645842666
-31.87	-14.71	1.0901830764531304
-31.84	-15.92	1.0831724905242004
-31.8	-17.12	1.0713035062518252
-31.74	-18.31	1.0453461228894803
-31.66	-19.48	1.0506505945345719
-31.52	-20.61	0.9453870701975899
-31.24	-21.63	0.7103459719562226
-30.18	-22.94	0.7871939984776332
-30.38	-21.87	1.010311275380751
-30.49	-20.73	1.0558871797484513
-30.56	-19.56	1.063855929257621
-30.61	-18.37	1.0765938310760643
-30.65	-17.16	1.0778288280159325
-30.67	-15.95	1.0732539300635502
-30.69	-14.73	1.064598711440268
-30.71	-13.51	1.0645296239449749
-30.73	-12.29	1.0597575584251455
-30.75	-11.07	1.0637421547051717
-30.76	-9.84	1.0612833008914333
-30.77	-8.62	1.0558073766159497
-30.78	-7.39	1.0530203780452962
-30.78	-6.16	1.0401391664903892
-30.78	-4.93	1.0490876188055047
-30.78	-3.69	1.0447500195871522
-30.78	-2.46	1.0481349086312328
-30.78	-1.23	1.0443963078557097
-30.78	0.0	1.0465459193951
-30.78	1.23	1.0307877750868695
-30.78	2.46	1.0390800295387954
-30.78	3.69	1.0235311649411225
-30.78	4.93	1.0181529617877214
-30.78	6.16	1.0213572813571856
-30.78	7.39	1.0250592120298216
-30.77	8.62	1.0082818337928712
-30.76	9.84	0.994996659901965
-30.75	11.07	0.9683578415784223
-30.73	12.29	0.9464193751937909
-30.71	13.51	0.9027635058165657
-30.69	14.73	0.8553236078074702
-30.67	15.95	0.8055664677147109
-30.65	17.16	0.737745990575621
-30.61	18.37	0.7121005736529926
-30.56	19.56	0.6983758775504496
-30.49	20.73	0.6475783027009547
-30.38	21.87	0.5811945541861971
-30.18	22.94	0.3941706331040472
-29.04	24.2	0.4563053335845129
-29.2	23.12	0.6195277571890812
-29.3	21.97	0.6776009421668026
-29.36	20.8	0.6855289280316007
-29.41	19.61	0.6928245115958674
-29.44	18.4	0.7510405539103389
-29.46	17.19	0.8300639693961153
-29.48	15.97	0.8979848066654668
-29.51	14.75	0.9429222910405627
-29.53	13.53	0.9654698595817303
-29.54	12.31	0.9910839168594008
-29.55	11.08	1.0083138571429078
-29.55	9.85	1.0212014256191546
-29.55	8.62	1.0396021598349718
-29.55	7.39	1.0195672361292314
-29.55	6.16	1.0372596510413488
-29.54	4.92	1.0473637086858896
-29.54	3.69	1.0532389973243839
-29.54	2.46	1.0536577123867295
-29.54	1.23	1.0673177743740543
-29.54	-0.0	1.061364343868629
-29.54	-1.23	1.059277028148383
-29.54	-2.46	1.0567176519982118
-29.54	-3.69	1.0554283108450497
-29.54	-4.92	1.0642620473392903
-29.55	-6.16	1.0626882665244672
-29.55	-7.39	1.0617689402310004
-29.55	-8.62	1.0477883328206803
-29.55	-9.85	1.0500495677409059
-29.55	-11.08	1.0459608478179214
-29.54	-12.31	1.0459614004682312
-29.53	-13.53	1.0533820931432991
-29.51	-14.75	1.0529381575381138
-29.48	-15.97	1.0552010599165618
-29.46	-17.19	1.0696800056604745
-29.44	-18.4	1.0708872564052137
-29.41	-19.61	1.0592644955875188
-29.36	-20.8	1.0434819420532437
-29.3	-21.97	1.0568321129835732
-29.2	-23.12	1.0307019761567369
-29.04	-24.2	0.8579086680099646
-27.86	-25.43	0.8559454676125838
-28.01	-24.36	1.0319034742455457
-28.1	-23.21	1.0379055551813887
-28.16	-22.04	1.0241520149323846
-28.2	-20.84	1.0479350744476734
-28.22	-19.63	1.0571889312633567
-28.25	-18.42	1.040806000269259
-28.27	-17.21	1.041739218658541
-28.3	-15.99	1.0537478088244356
-28.31	-14.77	1.0486969689112233
-28.32	-13.54	1.0574122385408795
-28.32	-12.31	1.052848124037798
-28.32	-11.08	1.0676005150741108
-28.31	-9.85	1.0692583295620597
-28.31	-8.62	1.0733280608762565
-28.31	-7.38	1.0695379503001126
-28.31	-6.15	1.0647754067448112
-28.31	-4.92	1.0716178269382686
-28.31	-3.69	1.0713513425167835
-28.31	-2.46	1.0719225293572194
-28.31	-1.23	1.0833005519835703
-28.31	0.0	1.0681836147900916
-28.31	1.23	1.066803663769216
-28.31	2.46	1.0618159696324445
-28.31	3.69	1.0727026110518194
-28.31	4.92	1.0572394381203019
-28.31	6.15	1.057264501833037
-28.31	7.38	1.053122672826582
-28.31	8.62	1.0432156763410145
-28.31	9.85	1.0406692308623826
-28.32	11.08	1.030650865321283
-28.32	12.31	1.0125071815374127
-28.32	13.54	1.0069266489521418
-28.31	14.77	0.9772324898867898
-28.3	15.99	0.9451985577471254
-28.27	17.21	0.9068328950035075
-28.25	18.42	0.8783436341802578
-28.22	19.63	0.8111554760844824
-28.2	20.84	0.7264057444106738
-28.16	22.04	0.7144494671073419
-28.1	23.21	0.6577456652253667
-28.01	24.36	0.6415328575551885
-27.86	25.43	0.45973316819506044
-26.65	26.65	0.47491996844154016
-26.8	25.59	0.6466818006504237
-26.89	24.44	0.7015977049941737
-26.94	23.27	0.7047465785275476
-26.98	22.07	0.7346463562301139
-27.01	20.87	0.8054801223323346
-27.03	19.66	0.8805626879024285
-27.06	18.45	0.935106236039046
-27.08	17.23	0.9679112168019053
-27.09	16.01	0.9859218774387175
-27.09	14.78	1.0136379646636184
-27.08	13.54	1.0276422574984987
-27.08	12.31	1.0457649248033745
-27.08	11.08	1.0648594182831923
-27.08	9.85	1.0469778710851934
-27.08	8.62	1.0539097770330037
-27.08	7.39	1.062368787914168
-27.08	6.16	1.064861368948067
-27.09	4.93	1.0747058095324373
-27.09	3.69	1.0782467102613653
-27.09	2.46	1.0666626733741222
-27.09	1.23	1.067471141426184
-27.09	-0.0	1.0642427411855766
-27.09	-1.23	1.0729035629046517
-27.09	-2.46	1.0638370951207963
-27.09	-3.69	1.0607344034180377
-27.09	-4.93	1.0737063223842345
-27.08	-6.16	1.0729404112131684
-27.08	-7.39	1.0788641937158243
-27.08	-8.62	1.0745834098694533
-27.08	-9.85	1.07982690434877
-27.08	-11.08	1.075387623103125
-27.08	-12.31	1.0713293215648854
-27.08	-13.54	1.0773603022234306
-27.09	-14.78	1.0684965915372542
-27.09	-16.01	1.0479937680704132
-27.08	-17.23	1.050337874247713
-27.06	-18.45	1.04200597903574
-27.03	-19.66	1.0327655776367133
-27.01	-20.87	1.042343822304406
-26.98	-22.07	1.0438053893674122
-26.94	-23.27	1.0183448027554236
-26.89	-24.44	1.007679376951509
-26.8	-25.59	1.0234945832850588
-26.65	-26.65	0.8679995006749701
-25.43	-27.86	0.8343989441976623
-25.59	-26.8	0.9940953338000719
-25.67	-25.67	0.9762345505878098
-25.72	-24.5	1.0020801570486364
-25.76	-23.31	1.0247325129400273
-25.78	-22.1	1.0310132385796626
-25.81	-20.89	1.028384837266733
-25.84	-19.68	1.041780357660947
-25.85	-18.47	1.040643330419657
-25.86	-17.24	1.0626833512478933
-25.85	-16.01	1.0847081212841134
-25.85	-14.77	1.082677381811052
-25.85	-13.54	1.0855744132102083
-25.85	-12.31	1.0876813224049258
-25.85	-11.08	1.080365607187039
-25.85	-9.85	1.0788792157150635
-25.86	-8.62	1.0730242231398552
-25.86	-7.39	1.0748842988590481
-25.87	-6.16	1.0788745620419413
-25.87	-4.93	1.0794807423311967
-25.87	-3.7	1.0842649239403774
-25.87	-2.46	1.0815479196738753
-25.87	-1.23	1.070791576961014
-25.87	0.0	1.0790531786721043
-25.87	1.23	1.0636278189312027
-25.87	2.46	1.0643229249550046
-25.87	3.7	1.0619586038827058
-25.87	4.93	1.0646768689961532
-25.87	6.16	1.0620830797686185
-25.86	7.39	1.063434168271853
-25.86	8.62	1.0673536618834378
-25.85	9.85	1.0587333610421181
-25.85	11.08	1.0587322228077727
-25.85	12.31	1.0546080145516432
-25.85	13.54	1.0561423793001141
-25.85	14.77	1.0587771383609936
-25.85	16.01	1.0318746926945632
-25.86	17.24	1.0043404981300161
-25.85	18.47	0.9760667147723994
-25.84	19.68	0.9416617805242541
-25.81	20.89	0.8892480718608128
-25.78	22.1	0.8345724526959183
-25.76	23.31	0.7373398016462476
-25.72	24.5	0.7075610852514361
-25.67	25.67	0.68775640163008
-25.59	26.8	0.6530866977423843
-25.43	27.86	0.46788302405046495
-24.2	29.04	0.4446841938518352
-24.36	28.01	0.6442856562064448
-24.44	26.89	0.6753308243088023
-24.5	25.72	0.7056849338338139
-24.53	24.53	0.7586378307647174
-24.56	23.33	0.8465348310937051
-24.59	22.13	0.9096058599518797
-24.61	20.92	0.9449773513122003
-24.62	19.7	0.9943549050872234
-24.63	18.47	1.0054862026418323
-24.62	17.23	1.028929192267849
-24.62	16.0	1.0508103987555444
-24.62	14.77	1.0690035386026686
-24.62	13.54	1.0634390900700477
-24.63	12.31	1.067186852708009
-24.63	11.08	1.072694487472144
-24.63	9.85	1.063467060187592
-24.64	8.62	1.0664853619848624
-24.64	7.39	1.0538216033993213
-24.64	6.16	1.053459603146463
-24.64	4.93	1.0644074757114212
-24.64	3.7	1.063712669742225
-24.64	2.46	1.07676749461333
-24.64	1.23	1.0734461647204736
-24.64	-0.0	1.0735089121749912
-24.64	-1.23	1.0842380827823324
-24.64	-2.46	1.0809629980911495
-24.64	-3.7	1.0854015501859646
-24.64	-4.93	1.085962349628374
-24.64	-6.16	1.0786422440807721
-24.64	-7.39	1.067655229352553
-24.64	-8.62	1.0666993750415172
-24.63	-9.85	1.0745680546831815
-24.63	-11.08	1.090685966253906
-24.63	-12.31	1.079552542359621
-24.62	-13.54	1.0899036401666
-24.62	-14.77	1.0929855491855973
-24.62	-16.0	1.0978077475084482
-24.62	-17.23	1.0817616393642477
-24.63	-18.47	1.0743371557900185
-24.62	-19.7	1.054993066787461
-24.61	-20.92	1.0518557803296535
-24.59	-22.13	1.0415223455312697
-24.56	-23.33	1.0288810920300417
-24.53	-24.53	1.0214267870098548
-24.5	-25.72	0.9896170608446201
-24.44	-26.89	0.9425857442949169
-24.36	-28.01	0.9629851303858527
-24.2	-29.04	0.7838984276230724
-22.94	-30.18	0.7957982116221294
-23.12	-29.2	0.9119808072061047
-23.21	-28.1	0.9472025156714098
-23.27	-26.94	0.9401622518546757
-23.31	-25.76	1.0001310377845858
-23.33	-24.56	1.0118724667876613
-23.36	-23.36	1.0237466326928795
-23.38	-22.15	1.0529346146868983
-23.39	-20.93	1.067228688240343
-23.39	-19.7	1.0829893429903807
-23.39	-18.46	1.0889066658842352
-23.38	-17.23	1.0979501636178695
-23.39	-16.0	1.0977558917274817
-23.39	-14.77	1.0930057842670073
-23.4	-13.55	1.0850985015637635
-23.4	-12.32	1.0682216590301
-23.41	-11.09	1.0763429390878683
-23.41	-9.86	1.0877053454455325
-23.41	-8.62	1.0827384243811626
-23.41	-7.39	1.0787454186598604
-23.41	-6.16	1.0624152542358258
-23.41	-4.93	1.078307265566878
-23.41	-3.7	1.0820594125666847
-23.41	-2.46	1.0774488620426375
-23.41	-1.23	1.080459387350794
-23.41	0.0	1.0822472273403796
-23.41	1.23	1.088466005113756
-23.41	2.46	1.0777898740823413
-23.41	3.7	1.0747105652196125
-23.41	4.93	1.0776480340615098
-23.41	6.16	1.072642224448632
-23.41	7.39	1.048154651911933
-23.41	8.62	1.0459435935613686
-23.41	9.86	1.0628821700722546
-23.41	11.09	1.0708458759899675
-23.4	12.32	1.0745994221223785
-23.4	13.55	1.0731034228008787
-23.39	14.77	1.0711425191633277
-23.39	16.0	1.0777702142077745
-23.38	17.23	1.0551887932259079
-23.39	18.46	1.035770288752984
-23.39	19.7	1.0233770635416473
-23.39	20.93	0.9944167647505663
-23.38	22.15	0.9558493828880769
-23.36	23.36	0.9189691642306689
-23.33	24.56	0.8266094438077087
-23.31	25.76	0.7409673235697307
-23.27	26.94	0.7171223681658456
-23.21	28.1	0.6825266326889418
-23.12	29.2	0.6091725026670602
-22.94	30.18	0.44008187869864357
-21.63	31.24	0.7652957793866233
-21.87	30.38	0.5388399906509059
-21.97	29.3	0.6970498766381832
-22.04	28.16	0.7102146613226367
-22.07	26.98	0.7205928929518065
-22.1	25.78	0.8105767237708495
-22.13	24.59	0.892922127138684
-22.15	23.38	0.9574441676842388
-22.16	22.16	1.0041305193638368
-22.16	20.93	1.020412326010164
-22.16	19.69	1.0436892610336288
-22.15	18.46	1.0723342897975474
-22.16	17.23	1.0690998852261586
-22.16	16.01	1.0772283257431556
-22.17	14.78	1.0808619814103044
-22.17	13.55	1.0744345372330495
-22.18	12.32	1.065764937391664
-22.18	11.09	1.0675881131423408
-22.18	9.86	1.0879635944187112
-22.18	8.62	1.0782579294469274
-22.18	7.39	1.0746969518006602
-22.18	6.16	1.0864315475296886
-22.18	4.93	1.0779204270680556
-22.19	3.7	1.0800358201198625
-22.19	2.47	1.0771336834904324
-22.19	1.23	1.0729757434099048
-22.19	-0.0	1.0751555833809432
-22.19	-1.23	1.0764636077013743
-22.19	-2.47	1.0728063146192628
-22.19	-3.7	1.0893173359096366
-22.18	-4.93	1.0759674880791037
-22.18	-6.16	1.07590558951366
-22.18	-7.39	1.0800947018384797
-22.18	-8.62	1.0774487331841134
-22.18	-9.86	1.0746943953213837
-22.18	-11.09	1.0907807972151056
-22.18	-12.32	1.0829578829956372
-22.17	-13.55	1.0468612282829821
-22.17	-14.78	1.0888515264300418
-22.16	-16.01	1.1037244912742759
-22.16	-17.23	1.083114087708038
-22.15	-18.46	1.090300204521403
-22.16	-19.69	1.087640371705911
-22.16	-20.93	1.0883692101254234
-22.16	-22.16	1.074201938648159
-22.15	-23.38	1.0433315120720044
-22.13	-24.59	1.039205926745891
-22.1	-25.78	1.0061014439247147
-22.07	-26.98	0.9778934494133809
-22.04	-28.16	0.9075186997806254
-21.97	-29.3	0.9511441608802226
-21.87	-30.38	0.8253760059941044
-21.63	-31.24	0.996906162260459
-20.61	-31.52	0.7495455196250098
-20.73	-30.49	0.9164475895782663
-20.8	-29.36	0.8872759509707426
-20.84	-28.2	0.9376832791058657
-20.87	-27.01	0.9850343936681489
-20.89	-25.81	1.0201305147558832
-20.92	-24.61	1.0429710345329624
-20.93	-23.39	1.067732547231221
-20.93	-22.16	1.0945251851953535
-20.92	-20.92	1.0989996695338942
-20.92	-19.69	1.099020958659297
-20.93	-18.47	1.0904566354125578
-20.93	-17.24	1.0828277458569362
-20.94	-16.01	1.0627123019291687
-20.94	-14.78	1.0742728317403487
-20.94	-13.55	1.0861865882748836
-20.94	-12.32	1.0759824253786314
-20.95	-11.09	1.064570475686328
-20.95	-9.86	1.070804996622993
-20.95	-8.63	1.0758361421081188
-20.95	-7.4	1.072061279773133
-20.96	-6.16	1.0590345415601004
-20.96	-4.93	1.0730377236510318
-20.96	-3.7	1.0748067660708749
-20.96	-2.47	1.0749118940721445
-20.96	-1.23	1.0661712759541173
-20.96	0.0	1.0798864292815331
-20.96	1.23	1.078857027865128
-20.96	2.47	1.0753511244792946
-20.96	3.7	1.0765573485918751
-20.96	4.93	1.089182712128287
-20.96	6.16	1.0662520329675598
-20.95	7.4	1.0891589595856421
-20.95	8.63	1.0763728126454886
-20.95	9.86	1.0796723811180242
-20.95	11.09	1.085227831412973
-20.94	12.32	1.0852398673847774
-20.94	13.55	1.0834103397804586
-20.94	14.78	1.0879292347166232
-20.94	16.01	1.0780760425018252
-20.93	17.24	1.0854192207387399
-20.93	18.47	1.0753409307133228
-20.92	19.69	1.0710991116848176
-20.92	20.92	1.0546102665967607
-20.93	22.16	1.0183477802718455
-20.93	23.39	1.0127291570042896
-20.92	24.61	0.9483593124987789
-20.89	25.81	0.8908471751007953
-20.87	27.01	0.8000615977452198
-20.84	28.2	0.7171167917263291
-20.8	29.36	0.7218077341442122
-20.73	30.49	0.6834633788104093
-20.61	31.52	0.4635553213433152
-19.32	32.6	0.45029979602883885
-19.48	31.66	0.6021530151280563
-19.56	30.56	0.7350983638350544
-19.61	29.41	0.7227561045473574
-19.63	28.22	0.7720641041367718
-19.66	27.03	0.8625037748486203
-19.68	25.84	0.9300923593423682
-19.7	24.62	1.0020395029761935
-19.7	23.39	1.02060818204616
-19.69	22.16	1.0526280227292728
-19.69	20.92	1.0690865021045346
-19.7	19.7	1.0689837260962685
-19.7	18.47	1.063887533037868
-19.71	17.25	1.077150619702788
-19.71	16.02	1.0968985132114146
-19.71	14.78	1.0820493835965133
-19.71	13.55	1.0816961921120398
-19.72	12.32	1.0849726830851767
-19.72	11.09	1.0920256612534995
-19.72	9.86	1.072407124817246
-19.72	8.63	1.0759411840446171
-19.73	7.4	1.0743939924115795
-19.73	6.16	1.070842524187505
-19.73	4.93	1.0650859252357505
-19.73	3.7	1.06415160564537
-19.73	2.47	1.073294997946891
-19.73	1.23	1.0704490493893841
-19.73	-0.0	1.0773473175698365
-19.73	-1.23	1.0636395288776141
-19.73	-2.47	1.0740552782363668
-19.73	-3.7	1.0695990752470634
-19.73	-4.93	1.073554250592417
-19.73	-6.16	1.0721829979759008
-19.73	-7.4	1.0734748741213953
-19.72	-8.63	1.0589949749106753
-19.72	-9.86	1.0618961232827506
-19.72	-11.09	1.0569337849922296
-19.72	-12.32	1.0679353813598278
-19.71	-13.55	1.0713803991832795
-19.71	-14.78	1.0667623885006177
-19.71	-16.02	1.0697790447211228
-19.71	-17.25	1.0502147369065884
-19.7	-18.47	1.074394616458962
-19.7	-19.7	1.0702844719677203
-19.69	-20.92	1.087246308112348
-19.69	-22.16	1.0924237804318278
-19.7	-23.39	1.0906265692662862
-19.7	-24.62	1.0653966777019415
-19.68	-25.84	1.0452079931352993
-19.66	-27.03	1.0041439279583937
-19.63	-28.22	0.9518343294289956
-19.61	-29.41	0.8858500431189403
-19.56	-30.56	0.8583740151595409
-19.48	-31.66	0.8443124939157083
-19.32	-32.6	0.8537774247005787
-18.21	-32.78	0.7455537058775201
-18.31	-31.74	0.8738389614756623
-18.37	-30.61	0.8445284922038173
-18.4	-29.44	0.921759369788084
-18.42	-28.25	0.9680427421533132
-18.45	-27.06	1.0325450524814417
-18.47	-25.85	1.0654078054907317
-18.47	-24.63	1.0905836556435045
-18.46	-23.39	1.0979649171434895
-18.46	-22.15	1.091724356727169
-18.47	-20.93	1.0874662185008022
-18.47	-19.7	1.0752868543197682
-18.48	-18.48	1.0782767067739742
-18.48	-17.25	1.063844968546833
-18.48	-16.02	1.0564832172772154
-18.48	-14.79	1.0638846019151615
-18.49	-13.56	1.0529905008688896
-18.49	-12.33	1.0610607277409219
-18.49	-11.1	1.0570927420095977
-18.49	-9.86	1.0619853125623968
-18.49	-8.63	1.0784904940701303
-18.49	-7.4	1.0703055756076305
-18.49	-6.16	1.0666899999737582
-18.5	-4.93	1.0676894425113075
-18.5	-3.7	1.0812491338623609
-18.5	-2.47	1.0725943407945078
-18.5	-1.23	1.070542841233187
-18.5	0.0	1.0681116805359152
-18.5	1.23	1.071321941347847
-18.5	2.47	1.075249700870538
-18.5	3.7	1.062089245349665
-18.5	4.93	1.07796793338756
-18.49	6.16	1.0783473407947353
-18.49	7.4	1.0774288645043102
-18.49	8.63	1.0751441978888598
-18.49	9.86	1.0843812281600296
-18.49	11.1	1.078859978134866
-18.49	12.33	1.0841578864233843
-18.49	13.56	1.0981914544218523
-18.48	14.79	1.0868118120719967
-18.48	16.02	1.083249928307032
-18.48	17.25	1.0796104666798938
-18.48	18.48	1.0838331306066429
-18.47	19.7	1.080384285143046
-18.47	20.93	1.071857936395199
-18.46	22.15	1.0619496671694235
-18.46	23.39	1.0459118876796911
-18.47	24.63	1.0157744672931326
-18.47	25.85	0.9873386478080465
-18.45	27.06	0.9130933135079391
-18.42	28.25	0.8284266033674921
-18.4	29.44	0.7268911217450267
-18.37	30.61	0.7287512103511148
-18.31	31.74	0.6928452579585455
-18.21	32.78	0.4845534633772329
-16.92	33.85	0.5473818114742873
-17.06	32.9	0.6243113485863898
-17.12	31.8	0.7190318439850922
-17.16	30.65	0.7176692339499402
-17.19	29.46	0.772547682317665
-17.21	28.27	0.8710105249673935
-17.23	27.08	0.9470538018011166
-17.24	25.86	1.0163788683687938
-17.23	24.62	1.031780455014076
-17.23	23.38	1.0507241449349949
-17.23	22.16	1.0773727797232482
-17.24	20.93	1.0665570320162148
-17.25	19.71	1.0644705665722758
-17.25	18.48	1.0881252992442263
-17.25	17.25	1.0862668397831146
-17.25	16.02	1.0881963243592465
-17.25	14.79	1.0928143893421807
-17.26	13.56	1.0764696493555461
-17.26	12.33	1.0742960064117044
-17.26	11.1	1.0843519662785128
-17.26	9.86	1.0739519354644613
-17.26	8.63	1.0705269612033321
-17.26	7.4	1.0759789024489574
-17.26	6.17	1.0749702920326052
-17.26	4.93	1.0763327652595314
-17.27	3.7	1.0743250605275003
-17.27	2.47	1.071496172339406
-17.27	1.23	1.0732108816670656
-17.27	-0.0	1.0721405368600707
-17.27	-1.23	1.072380917555932
-17.27	-2.47	1.0732304185084076
-17.27	-3.7	1.067948398233374
-17.26	-4.93	1.052560306918096
-17.26	-6.17	1.0697038489036081
-17.26	-7.4	1.0643495072424272
-17.26	-8.63	1.0648122983654038
-17.26	-9.86	1.073235813444366
-17.26	-11.1	1.06156019247019
-17.26	-12.33	1.0604154506622274
-17.26	-13.56	1.0608417283739053
-17.25	-14.79	1.0564987753592197
-17.25	-16.02	1.0673786084584023
-17.25	-17.25	1.058674000554482
-17.25	-18.48	1.0724990949307665
-17.25	-19.71	1.0852941942968917
-17.24	-20.93	1.0841937059186875
-17.23	-22.16	1.084898124977693
-17.23	-23.38	1.0949103302230951
-17.23	-24.62	1.0920513244446672
-17.24	-25.86	1.0901565829829771
-17.23	-27.08	1.0464762191397028
-17.21	-28.27	1.0004864690427349
-17.19	-29.46	0.9262012454836719
-17.16	-30.65	0.8550490986840221
-17.12	-31.8	0.8249740989499542
-17.06	-32.9	0.8562418040892726
-16.92	-33.85	0.9153253166197461
-15.79	-34.0	0.7762304509749982
-15.87	-32.97	0.8637041902153004
-15.92	-31.84	0.8150265030393917
-15.95	-30.67	0.8823728453683137
-15.97	-29.48	0.9672964213684044
-15.99	-28.3	1.0343519437435185
-16.01	-27.09	1.0740137976782402
-16.01	-25.85	1.1122547370419982
-16.0	-24.62	1.1008870407820213
-16.0	-23.39	1.0867866961403108
-16.01	-22.16	1.0841037689693227
-16.01	-20.94	1.082938186026152
-16.02	-19.71	1.0657107179640246
-16.02	-18.48	1.0555321207277244
-16.02	-17.25	1.061046289058534
-16.02	-16.02	1.0584998302744963
-16.03	-14.79	1.0603261630296685
-16.03	-13.56	1.0636283091585004
-16.03	-12.33	1.0620011443236206
-16.03	-11.1	1.0634774528089144
-16.03	-9.86	1.062448505823067
-16.03	-8.63	1.0757543456482535
-16.03	-7.4	1.0678118567592798
-16.03	-6.17	1.0675607451684086
-16.04	-4.93	1.0658367594824878
-16.04	-3.7	1.0810042696974878
-16.04	-2.47	1.0705867773853734
-16.04	-1.23	1.0685154050164842
-16.04	0.0	1.079703844768688
-16.04	1.23	1.0761836347464466
-16.04	2.47	1.0774785065649626
-16.04	3.7	1.0738681575984936
-16.04	4.93	1.0808794443952672
-16.03	6.17	1.0817495769419616
-16.03	7.4	1.0764717882204735
-16.03	8.63	1.0803525783373005
-16.03	9.86	1.094025514071981
-16.03	11.1	1.0950099828762356
-16.03	12.33	1.0793189548412863
-16.03	13.56	1.0849334542519409
-16.03	14.79	1.1008938264798132
-16.02	16.02	1.1035483163737136
-16.02	17.25	1.0929768380727594
-16.02	18.48	1.0948495938851215
-16.02	19.71	1.0882616253331547
-16.01	20.94	1.09247645479374
-16.01	22.16	1.0871632918319072
-16.0	23.39	1.0777568534818713
-16.0	24.62	1.04277169725489
-16.01	25.85	1.028801691460911
-16.01	27.09	1.0037381381470756
-15.99	28.3	0.9129837333156953
-15.97	29.48	0.8239570468797572
-15.95	30.67	0.7508782923030574
-15.92	31.84	0.7320346411705377
-15.87	32.97	0.7037333940907953
-15.79	34.0	0.4755004796117981
-14.49	35.02	0.5752691510334239
-14.62	34.1	0.5866081372803684
-14.67	33.02	0.7245862002154201
-14.71	31.87	0.7196586222002419
-14.73	30.69	0.7721170746197774
-14.75	29.51	0.8799599054162771
-14.77	28.31	0.9733815835281477
-14.78	27.09	1.0238601854752167
-14.77	25.85	1.0301611613429156
-14.77	24.62	1.0472562399166412
-14.77	23.39	1.0867989856158082
-14.78	22.17	1.0946782734023188
-14.78	20.94	1.091807853994583
-14.78	19.71	1.1061546422991508
-14.79	18.48	1.0888677210901863
-14.79	17.25	1.0986158486989988
-14.79	16.03	1.0991246026485704
-14.79	14.79	1.0912152747269266
-14.8	13.56	1.0899482221040806
-14.8	12.33	1.091895987216944
-14.8	11.1	1.090279839607613
-14.8	9.87	1.0829720195277055
-14.8	8.63	1.0809560587743101
-14.8	7.4	1.0685009686294786
-14.8	6.17	1.0747566349072004
-14.8	4.93	1.081271590302162
-14.8	3.7	1.073539028942725
-14.8	2.47	1.0658380994026742
-14.8	1.23	1.0654646959344094
-14.8	-0.0	1.076750531480008
-14.8	-1.23	1.0638649491667866
-14.8	-2.47	1.0818505585500025
-14.8	-3.7	1.0748118774714006
-14.8	-4.93	1.0685078300251218
-14.8	-6.17	1.0739462715335697
-14.8	-7.4	1.0661528092680346
-14.8	-8.63	1.0648136912368587
-14.8	-9.87	1.0583560856352754
-14.8	-11.1	1.0638559251028037
-14.8	-12.33	1.0518302635631904
-14.8	-13.56	1.05468992646858
-14.79	-14.79	1.049895073378422
-14.79	-16.03	1.0450887144513512
-14.79	-17.25	1.0477789693211168
-14.79	-18.48	1.0438083100222924
-14.78	-19.71	1.0539440323239668
-14.78	-20.94	1.0661514466216055
-14.78	-22.17	1.070044906496949
-14.77	-23.39	1.0853920416790825
-14.77	-24.62	1.0936850528567692
-14.77	-25.85	1.1050058777820135
-14.78	-27.09	1.0960542761003926
-14.77	-28.31	1.0614112124069774
-14.75	-29.51	0.9869026055160823
-14.73	-30.69	0.8929752751806502
-14.71	-31.87	0.8285076277936043
-14.67	-33.02	0.7941314737348486
-14.62	-34.1	0.8288357796838699
-14.49	-35.02	1.0421976949120193
-13.34	-35.17	0.6091817673389575
-13.42	-34.17	0.8587369957524652
-13.47	-33.06	0.7606693820734878
-13.49	-31.9	0.8663526488258982
-13.51	-30.71	0.9229632197414969
-13.53	-29.53	1.0239530508468768
-13.54	-28.32	1.082828920774113
-13.54	-27.08	1.1094263251344902
-13.54	-25.85	1.10027546126778
-13.54	-24.62	1.0829221414589467
-13.55	-23.4	1.0770973408752789
-13.55	-22.17	1.061734284874776
-13.55	-20.94	1.0529800227612256
-13.55	-19.71	1.0436124649527851
-13.56	-18.49	1.0505579291189204
-13.56	-17.26	1.032279985723124
-13.56	-16.03	1.0311077275344465
-13.56	-14.8	1.048915324033095
-13.56	-13.56	1.0585259308342112
-13.56	-12.33	1.0569074246840966
-13.57	-11.1	1.072007271473477
-13.57	-9.87	1.0529405704053658
-13.57	-8.64	1.0769604143427123
-13.57	-7.4	1.07523512419073
-13.57	-6.17	1.0678553481300552
-13.57	-4.93	1.0661556921883428
-13.57	-3.7	1.0654258655520121
-13.57	-2.47	1.064494636195236
-13.57	-1.23	1.0752057535223118
-13.57	0.0	1.0762606732398388
-13.57	1.23	1.0615875826665522
-13.57	2.47	1.070357413308973
-13.57	3.7	1.081067886000011
-13.57	4.93	1.0770410707146705
-13.57	6.17	1.069911959215317
-13.57	7.4	1.0736709986520332
-13.57	8.64	1.0848444066953733
-13.57	9.87	1.082121174682896
-13.57	11.1	1.081896430862798
-13.56	12.33	1.0910281054125412
-13.56	13.56	1.093536642032926
-13.56	14.8	1.088496862101994
-13.56	16.03	1.0994645736446857
-13.56	17.26	1.0932022029504946
-13.56	18.49	1.0961133127380167
-13.55	19.71	1.0830232388207495
-13.55	20.94	1.0984805052672282
-13.55	22.17	1.0788298608971374
-13.55	23.4	1.0835503070943036
-13.54	24.62	1.0786713626317466
-13.54	25.85	1.0208875763343246
-13.54	27.08	1.010278940289096
-13.54	28.32	1.0085097113592074
-13.53	29.53	0.9219265685342924
-13.51	30.71	0.8134614530315719
-13.49	31.9	0.7290340379717101
-13.47	33.06	0.7220999746293364
-13.42	34.17	0.6724630270664123
-13.34	35.17	0.3245163803663383
-12.02	36.05	1.0872305183629
-12.16	35.27	0.497138726557467
-12.22	34.22	0.7167932828983009
-12.25	33.09	0.73784593944197
-12.27	31.91	0.7484423566787671
-12.29	30.73	0.8546930667734067
-12.31	29.54	0.9438051805948132
-12.31	28.32	1.0159776261737161
-12.31	27.08	1.0294712156357526
-12.31	25.85	1.0528434226288297
-12.31	24.63	1.094508103683332
-12.32	23.4	1.0909247481872246
-12.32	22.18	1.0937148492525175
-12.32	20.94	1.096842734018487
-12.32	19.72	1.092280964057722
-12.33	18.49	1.0975225096428147
-12.33	17.26	1.0773903033976768
-12.33	16.03	1.0894415633563768
-12.33	14.8	1.0911775365592333
-12.33	13.56	1.0782426745913871
-12.33	12.33	1.0785331421123836
-12.34	11.1	1.0738902333892255
-12.34	9.87	1.0748011577556575
-12.34	8.64	1.0819220351407068
-12.34	7.4	1.0726049270421323
-12.34	6.17	1.0755942783610868
-12.34	4.93	1.064694214411995
-12.34	3.7	1.079508313771047
-12.34	2.47	1.07298132140313
-12.34	1.23	1.0772388748440824
-12.34	-0.0	1.0693626924040587
-12.34	-1.23	1.0639295431464373
-12.34	-2.47	1.0584206941031178
-12.34	-3.7	1.0568359355902368
-12.34	-4.93	1.0672731676342573
-12.34	-6.17	1.0752263203955221
-12.34	-7.4	1.0623259708757804
-12.34	-8.64	1.07600009306105
-12.34	-9.87	1.063382662057291
-12.34	-11.1	1.0623683284032635
-12.33	-12.33	1.0375938086492036
-12.33	-13.56	1.0466218813934112
-12.33	-14.8	1.034790251241599
-12.33	-16.03	1.045880713037751
-12.33	-17.26	1.037238159727797
-12.33	-18.49	1.041125840681531
-12.32	-19.72	1.05618649416854
-12.32	20.94	1.0909620797672297
-12.32	22.18	1.0850618393590832
-12.32	23.4	1.0835029300956989
-12.31	24.63	1.0856135602764792
-12.31	25.85	1.0467078428631187
-12.31	27.08	1.0082138602392918
-12.31	28.32	1.0095954402284815
-12.31	29.54	0.9496272960989769
-12.29	30.73	0.8462064994199517
-12.27	31.91	0.7472734666403704
-12.25	33.09	0.6986360077896353
-12.22	34.22	0.7130833039666701
-12.16	35.27	0.5020787323896753
-12.02	36.05	0.6737208185232767
-10.88	36.26	0.2305892499701454
-10.97	35.34	0.5812608555204902
-11.01	34.26	0.7199440594243225
-11.04	33.11	0.6965468392946295
-11.05	31.93	0.7811801930276764
-11.07	30.75	0.8789465256730391
-11.08	29.55	0.9779300477958977
-11.08	28.32	1.0148147000112921
-11.08	27.08	1.023305263562731
-11.08	25.85	1.0649557877997367
-11.08	24.63	1.084589334090273
-11.09	23.41	1.0808866934685348
-11.09	22.18	1.084538107168919
-11.09	20.95	1.0954764942193906
-11.09	19.72	1.0911820487032637
-11.1	18.49	1.0934963369304622
-11.1	17.26	1.0841254572338415
-11.1	16.03	1.0799048799358464
-11.1	14.8	1.0797848812149626
-11.1	13.57	1.0826458540449706
-11.1	12.34	1.0814278977746075
-11.1	11.1	1.0777037764719462
-11.1	9.87	1.0653808670950122
-11.1	8.64	1.0577644489078333
-11.1	7.4	1.0581807414090383
-11.1	6.17	1.070843325081448
-11.1	4.94	1.0600087265000657
-11.11	3.7	1.0607827957874971
-11.11	2.47	1.065540856104855
-11.11	1.23	1.0581567853509275
-11.11	-0.0	1.069876468985295
-11.11	-1.23	1.0640225107732082
-11.11	-2.47	1.0715698927715054
-11.11	-3.7	1.0701553577599507
-11.1	-4.94	1.0634886629860965
-11.1	-6.17	1.063389114802691
-11.1	-7.4	1.0588103978536638
-11.1	-8.64	1.0792561648481964
-11.1	-9.87	1.0655992428838654
-11.1	-11.1	1.0500720216016937
-11.1	-12.34	1.0544358596179533
-11.1	-13.57	1.0543090870843357
-11.1	-14.8	1.0427228724273725
-11.1	-16.03	1.0363561459432948
-11.1	-17.26	1.0266963876729434
-11.1	-18.49	1.0356391872178399
-11.09	-19.72	1.02932800677612
-11.09	-20.95	1.0383456525024728
-11.09	-22.18	1.0475019461056565
-11.09	-23.41	1.0730193324327844
-11.08	-24.63	1.069792172648072
-11.08	-25.85	1.0787298483262489
-11.08	-27.08	1.0933596060435042
-11.08	-28.32	1.0882477709897709
-11.08	-29.55	1.0653063216745804
-11.07	-30.75	0.9966907318650532
-11.05	-31.93	0.8895238932782719
-11.04	-33.11	0.7917385840703418
-11.01	-34.26	0.7440172335151164
-10.97	-35.34	0.8185051487689265
-10.88	-36.26	0.8747435526221221
-9.7	-36.37	0.7255550777418873
-9.76	-35.39	0.8398291974805954
-9.8	-34.29	0.7374008599723503
-9.82	-33.13	0.7887057287444544
-9.83	-31.95	0.9292491522966451
-9.84	-30.76	1.0170167338271796
-9.85	-29.55	1.0932117600295703
-9.85	-28.31	1.0691023418814007
-9.85	-27.08	1.080023106534141
-9.85	-25.85	1.0832966095886363
-9.85	-24.63	1.058161557620497
-9.86	-23.41	1.0427725438028765
-9.86	-22.18	1.0361460446847393
-9.86	-20.95	1.037364095361389
-9.86	-19.72	1.0387282144377263
-9.86	-18.49	1.0239542688639178
-9.86	-17.26	1.037128729837352
-9.86	-16.03	1.0352863946030935
-9.87	-14.8	1.056394873424382
-9.87	-13.57	1.03661879996635
-9.87	-12.34	1.0503506037865922
-9.87	-11.1	1.0613129250040743
-9.87	-9.87	1.0601510175561044
-9.87	-8.64	1.072841318587303
-9.87	-7.4	1.072532590464253
-9.87	-6.17	1.0648337009186843
-9.87	-4.94	1.0503318952253118
-9.88	-3.7	1.0716999539249803
-9.88	-2.47	1.064793248150181
-9.88	-1.23	1.0633037704203643
-9.88	0.0	1.0604707190240177
-9.88	1.23	1.0670416888432057
-9.88	2.47	1.065546849170486
-9.88	3.7	1.0633732097236015
-9.87	4.94	1.0597326324423966
-9.87	6.17	1.0531516028048638
-9.87	7.4	1.0642612715495459
-9.87	8.64	1.0661923660832455
-9.87	9.87	1.0786666798978708
-9.87	11.1	1.0671337999274593
-9.87	12.34	1.0726337863675182
-9.87	13.57	1.0768465115838604
-9.87	14.8	1.0729523977875157
-9.86	16.03	1.0796371025199918
-9.86	17.26	1.0995097271795438
-9.86	18.49	1.0951046398015096
-9.86	19.72	1.1032513427706134
-9.86	20.95	1.0917179010811067
-9.86	22.18	1.080056694099681
-9.86	23.41	1.0769785022516536
-9.85	24.63	1.0802379126134078
-9.85	25.85	1.080878526934693
-9.85	27.08	1.031609154214074
-9.85	28.31	1.004593010973335
-9.85	29.55	0.9960684084048381
-9.84	30.76	0.9008823361165436
-9.83	31.95	0.8001284761343426
-9.82	33.13	0.7224543688927065
-9.8	34.29	0.720240234558311
-9.76	35.39	0.6626982479110108
-9.7	36.37	0.34063503776438353
-8.51	36.45	0.40539616825738045
-8.55	35.43	0.6761306619828531
-8.58	34.31	0.7216313516199293
-8.59	33.14	0.7350425905297409
-8.6	31.96	0.8336942668561101
-8.62	30.77	0.923627319719851
-8.62	29.55	1.0131077667834207
-8.62	28.31	0.9982719327326665
-8.62	27.08	1.0488733213911168
-8.62	25.86	1.083572849397415
-8.62	24.64	1.083763957338107
-8.62	23.41	1.0856697569941764
-8.62	22.18	1.0871186132606403
-8.63	20.95	1.0998698491420593
-8.63	19.72	1.0872774847625328
-8.63	18.49	1.0946747761398983
-8.63	17.26	1.0865190370624787
-8.63	16.03	1.0854514360751046
-8.63	14.8	1.0956106221250295
-8.64	13.57	1.0771877729713284
-8.64	12.34	1.0719812680890175
-8.64	11.1	1.070290521675058
-8.64	9.87	1.065783089549321
-8.64	8.64	1.0611017511833343
-8.64	7.4	1.063688992667464
-8.64	6.17	1.0574903010021568
-8.64	4.94	1.0648601230805266
-8.64	3.7	1.0517119714060759
-8.64	2.47	1.0713666307949785
-8.64	1.23	1.0687621449475242
-8.64	-0.0	1.0639484833101942
-8.64	-1.23	1.0747634513848403
-8.64	-2.47	1.0715464049848182
-8.64	-3.7	1.0581116556981853
-8.64	-4.94	1.0538312940907049
-8.64	-6.17	1.0719289403557404
-8.64	-7.4	1.0669956249785328
-8.64	-8.64	1.0716535166453083
-8.64	-9.87	1.0758327813658133
-8.64	-11.1	1.0569150143585835
-8.64	-12.34	1.0616292952524637
-8.64	-13.57	1.042671790513666
-8.63	-14.8	1.062133719822106
-8.63	-16.03	1.0461072198885086
-8.63	-17.26	1.0185899209674665
-8.63	-18.49	1.028378551413956
-8.63	-19.72	1.0311018128179577
-8.63	-20.95	1.034667962015147
-8.62	-22.18	1.0416670560734844
-8.62	-23.41	1.0382132371648152
-8.62	-24.64	1.0571993285354717
-8.62	-25.86	1.0744823862675819
-8.62	-27.08	1.0803829114998185
-8.62	-28.31	1.104930507157211
-8.62	-29.55	1.0889297951998658
-8.62	-30.77	1.0473452524086646
-8.6	-31.96	0.9548459128894844
-8.59	-33.14	0.8351986247185523
-8.58	-34.31	0.7342608162520369
-8.55	-35.43	0.8244285054106865
-8.51	-36.45	0.7909819511593935
-7.22	-37.3	0.7076547223729085
-7.3	-36.51	0.8141310989428743
-7.34	-35.46	0.7615439726540147
-7.36	-34.33	0.7287432515355048
-7.37	-33.15	0.843231096731216
-7.38	-31.97	0.9743013151655588
-7.39	-30.78	1.0746871833387899
-7.39	-29.55	1.095322870194634
-7.38	-28.31	1.086456314572237
-7.39	-27.08	1.084091886814134
-7.39	-25.86	1.0686013722537495
-7.39	-24.64	1.0574524446255655
-7.39	-23.41	1.036423484507237
-7.39	-22.18	1.0359320475529827
-7.4	-20.95	1.0276187377207833
-7.4	-19.73	1.0297076120945508
-7.4	-18.49	1.0389930789334032
-7.4	-17.26	1.0374981853557677
-7.4	-16.03	1.033777807473358
-7.4	-14.8	1.053393948486379
-7.4	-13.57	1.063045156479176
-7.4	-12.34	1.0647008503680286
-7.4	-11.1	1.0600010965522602
-7.4	-9.87	1.0680077586822725
-7.4	-8.64	1.0779870322459864
-7.41	-7.41	1.0676114881748626
-7.41	-6.17	1.067175345827161
-7.41	-4.94	1.0721194418534392
-7.41	-3.7	1.0688920944153435
-7.41	-2.47	1.063640426399123
-7.41	-1.23	1.0663290568675305
-7.41	0.0	1.0633463343239584
-7.41	1.23	1.0601416563525456
-7.41	2.47	1.0589764078909385
-7.41	3.7	1.0467423783184224
-7.41	4.94	1.0554276172689168
-7.41	6.17	1.063553788150738
-7.41	7.41	1.0594029421956164
-7.4	8.64	1.061291387272389
-7.4	9.87	1.0710484258739192
-7.4	11.1	1.0621608658757944
-7.4	12.34	1.0700563935158014
-7.4	13.57	1.0953778462278616
-7.4	14.8	1.0852294291156965
-7.4	16.03	1.0813194684696485
-7.4	17.26	1.0887334666078328
-7.4	18.49	1.0863740050014876
-7.4	19.73	1.0912211262187352
-7.4	20.95	1.1016382497446648
-7.39	22.18	1.0849572312322961
-7.39	23.41	1.0734199577026926
-7.39	24.64	1.0868439458315582
-7.39	25.86	1.0756424655553563
-7.39	27.08	1.077993066303638
-7.38	28.31	1.0078740990109853
-7.39	29.55	1.0101582626749892
-7.39	30.78	0.9483389688970181
-7.38	31.97	0.8661264211965701
-7.37	33.15	0.7390941269916713
-7.36	34.33	0.7119614149469369
-7.34	35.46	0.7139339083869102
-7.3	36.51	0.5060810509641446
-7.22	37.3	1.0509854748917098
-6.04	37.42	1.1357320828881234
-6.09	36.55	0.555763869824157
-6.12	35.48	0.7175493961601743
-6.13	34.34	0.7115899317951906
-6.14	33.16	0.7705828279712366
-6.15	31.98	0.8623380627331495
-6.16	30.78	0.97590107417653
-6.16	29.55	0.9946896761190255
-6.15	28.31	1.0093028310139642
-6.16	27.08	1.0766619877700492
-6.16	25.87	1.0964795024080651
-6.16	24.64	1.0923465146737137
-6.16	23.41	1.089787929499561
-6.16	22.18	1.0978858412833996
-6.16	20.96	1.1100088050136516
-6.16	19.73	1.101626925891175
-6.16	18.49	1.0893327685827696
-6.17	17.26	1.0903179693020288
-6.17	16.03	1.0832513139458915
-6.17	14.8	1.0791166001170698
-6.17	13.57	1.0781690607318253
-6.17	12.34	1.064723118511369
-6.17	11.1	1.0681160710855306
-6.17	9.87	1.0718702021139033
-6.17	8.64	1.0539399727496916
-6.17	7.41	1.069825142025284
-6.17	6.17	1.058580565076083
-6.17	4.94	1.059562017079352
-6.17	3.7	1.0491605599057843
-6.17	2.47	1.063794775613044
-6.17	1.23	1.0523084924126132
-6.17	-0.0	1.0692904999513415
-6.17	-1.23	1.0565276197983702
-6.17	-2.47	1.0626111232501825
-6.17	-3.7	1.0726878429375983
-6.17	-4.94	1.072133323273786
-6.17	-6.17	1.0726141618336198
-6.17	-7.41	1.0812581925778721
-6.17	-8.64	1.0735010305851773
-6.17	-9.87	1.0613691354030081
-6.17	-11.1	1.0772445715029009
-6.17	-12.34	1.0629046275507645
-6.17	-13.57	1.0709601672405025
-6.17	-14.8	1.0452272713928088
-6.17	-16.03	1.0491256607372674
-6.17	-17.26	1.036004184168637
-6.16	-18.49	1.0360301244317067
-6.16	-19.73	1.023062561132414
-6.16	-20.96	1.0212740523474337
-6.16	-22.18	1.0244472534879716
-6.16	-23.41	1.0459437299438055
-6.16	-24.64	1.051914560199543
-6.16	-25.87	1.0574675447757245
-6.16	-27.08	1.0776918781032836
-6.15	-28.31	1.091141884555764
-6.16	-29.55	1.105981684954452
-6.16	-30.78	1.0890633217073948
-6.15	-31.98	1.0030802589547028
-6.14	-33.16	0.8718427191489533
-6.13	-34.34	0.7546934763673765
-6.12	-35.48	0.7200121119119836
-6.09	-36.55	0.7641593843159068
-6.04	-37.42	0.7820123715705644
-4.84	-37.5	0.8494058548320836
-4.88	-36.58	0.775588500826467
-4.9	-35.49	0.7347095999591278
-4.91	-34.35	0.772932495867751
-4.91	-33.17	0.8896692788899637
-4.92	-31.99	1.0127568692966729
-4.93	-30.78	1.0888758213636294
-4.92	-29.54	1.1031327841609202
-4.92	-28.31	1.0889667507516922
-4.93	-27.09	1.0689777988505034
-4.93	-25.87	1.043550704991398
-4.93	-24.64	1.04279400478644
-4.93	-23.41	1.0351496386542118
-4.93	-22.18	1.032520846341045
-4.93	-20.96	1.0182160832177165
-4.93	-19.73	1.023391086798447
-4.93	-18.5	1.0367058288669562
-4.93	-17.26	1.036589129933807
-4.93	-16.04	1.0436636426488486
-4.93	-14.8	1.0518620847983133
-4.93	-13.57	1.0662105470020016
-4.93	-12.34	1.0668983402990582
-4.94	-11.1	1.0743310453880606
-4.94	-9.87	1.0682684404311011
-4.94	-8.64	1.0749374317457352
-4.94	-7.41	1.0747817893349978
-4.94	-6.17	1.068005590229835
-4.94	-4.94	1.0793067869967783
-4.94	-3.7	1.0710052119818305
-4.94	-2.47	1.0780892442970786
-4.94	-1.24	1.0804708346594574
-4.94	0.0	1.0555144255887223
-4.94	1.24	1.0709906270662604
-4.94	2.47	1.0619905239448326
-4.94	3.7	1.0550376091789662
-4.94	4.94	1.0527708486258156
-4.94	6.17	1.0599622011856498
-4.94	7.41	1.0560154452163617
-4.94	8.64	1.0504992151632404
-4.94	9.87	1.0627541625715786
-4.94	11.1	1.0563707672074958
-4.93	12.34	1.0644207062837503
-4.93	13.57	1.069165050524493
-4.93	14.8	1.082825401426724
-4.93	16.04	1.0917855537774614
-4.93	17.26	1.0797244874307186
-4.93	18.5	1.0697925510627442
-4.93	19.73	1.0902059000023336
-4.93	20.96	1.098880737753826
-4.93	22.18	1.0922410709848072
-4.93	23.41	1.0761121331531431
-4.93	24.64	1.099940470974016
-4.93	25.87	1.0844682529804415
-4.93	27.09	1.0900912213866114
-4.92	28.31	1.0320788175700355
-4.92	29.54	1.011698288263591
-4.93	30.78	0.9855209955418297
-4.92	31.99	0.8827776194074253
-4.91	33.17	0.7904081258582758
-4.91	34.35	0.7233546327351337
-4.9	35.49	0.7208557111867181
-4.88	36.58	0.6231960806407382
-4.84	37.5	0.5034914054305524
-3.63	37.55	0.16126961540496673
-3.66	36.6	0.6532156169826129
-3.67	35.51	0.727961303477881
-3.68	34.35	0.725408836640176
-3.69	33.18	0.8027252132296003
-3.69	32.0	0.9041255350466797
-3.69	30.78	0.9906566559961427
-3.69	29.54	0.9928626321992925
-3.69	28.31	1.0246320894954386
-3.69	27.09	1.0855959895625367
-3.7	25.87	1.077583528157527
-3.7	24.64	1.0855835687969755
-3.7	23.41	1.0865436416718135
-3.7	22.19	1.1100043132658606
-3.7	20.96	1.1016581165915496
-3.7	19.73	1.0970833280722763
-3.7	18.5	1.103913847509627
-3.7	17.27	1.0966240098263897
-3.7	16.04	1.0728771893333515
-3.7	14.8	1.0828177607379013
-3.7	13.57	1.0769444285588485
-3.7	12.34	1.0758562637841713
-3.7	11.11	1.0669902907298474
-3.7	9.88	1.0587257568312436
-3.7	8.64	1.066885827170851
-3.7	7.41	1.061522647181721
-3.7	6.17	1.0434002117428423
-3.7	4.94	1.0592646339813656
-3.71	3.71	1.0390772211400958
-3.7	2.47	1.0578738302174002
-3.7	1.23	1.0508750046743809
-3.7	-0.0	1.0603658028341327
-3.7	-1.23	1.0856160058748947
-3.7	-2.47	1.070115457593284
-3.71	-3.71	1.088490324721009
-3.7	-4.94	1.085656935028247
-3.7	-6.17	1.081436097586506
-3.7	-7.41	1.0706552655829118
-3.7	-8.64	1.0685213046352826
-3.7	-9.88	1.0820651007437834
-3.7	-11.11	1.0614852847417993
-3.7	-12.34	1.0561842719571137
-3.7	-13.57	1.0573536546349245
-3.7	-14.8	1.0532897686704796
-3.7	-16.04	1.0435589472534552
-3.7	-17.27	1.0415179998783775
-3.7	-18.5	1.0296253952717076
-3.7	-19.73	1.0304422596972858
-3.7	-20.96	1.0214658938997825
-3.7	-22.19	1.0294250849168167
-3.7	-23.41	1.042397270937896
-3.7	-24.64	1.049822893763169
-3.7	-25.87	1.0679349086754473
-3.69	-27.09	1.0614430088873967
-3.69	-28.31	1.101398428525695
-3.69	-29.54	1.0962270741208373
-3.69	-30.78	1.1001673561463368
-3.69	-32.0	1.0332032695804547
-3.69	-33.18	0.9139217835608462
-3.68	-34.35	0.7746846450004109
-3.67	-35.51	0.702932226758281
-3.66	-36.6	0.8140841058725635
-3.63	-37.55	0.8199378861101017
-2.42	-37.58	0.9421846037788046
-2.44	-36.61	0.8179545165446221
-2.45	-35.52	0.7181575225645709
-2.45	-34.36	0.7953872789131464
-2.46	-33.18	0.91958277111393
-2.46	-32.0	1.0472882527509104
-2.46	-30.78	1.0965408991039474
-2.46	-29.54	1.0976718406114354
-2.46	-28.31	1.0841137278810133
-2.46	-27.09	1.0630610502086468
-2.46	-25.87	1.0618229388328413
-2.46	-24.64	1.0318052117292709
-2.46	-23.41	1.0264205621160791
-2.47	-22.19	1.0357697676376292
-2.47	-20.96	1.0144100213104552
-2.47	-19.73	1.0258134990266286
-2.47	-18.5	1.043360449200347
-2.47	-17.27	1.0404629484677783
-2.47	-16.04	1.054953983555423
-2.47	-14.8	1.0582759070800245
-2.47	-13.57	1.0529845748417572
-2.47	-12.34	1.05519622076809
-2.47	-11.11	1.065469858173105
-2.47	-9.88	1.0741364622933307
-2.47	-8.64	1.0764986139929453
-2.47	-7.41	1.0878857455743207
-2.47	-6.17	1.0844238365662668
-2.47	-4.94	1.08721726118476
-2.47	-3.7	1.0837260053746571
-2.47	-2.47	1.0876923758595172
-2.47	-1.24	1.077724168135809
-2.47	0.0	1.069939024662539
-2.47	1.24	1.0545254574050194
-2.47	2.47	1.03261808575682
-2.47	3.7	1.0320609547858297
-2.47	4.94	1.0382608930468218
-2.47	6.17	1.0539634389432484
-2.47	7.41	1.0596781303799998
-2.47	8.64	1.0530404751517077
-2.47	9.88	1.0687391138110913
-2.47	11.11	1.0618450238302177
-2.47	12.34	1.0723131630779457
-2.47	13.57	1.0850815924986972
-2.47	14.8	1.0781607161494264
-2.47	16.04	1.0854845111386007
-2.47	17.27	1.0951249809061896
-2.47	18.5	1.0981947267841656
-2.47	19.73	1.0992154329749677
-2.47	20.96	1.108603564556646
-2.47	22.19	1.1050051034335133
-2.46	23.41	1.099898228682956
-2.46	24.64	1.085606165105743
-2.46	25.87	1.0791318016193154
-2.46	27.09	1.0910890737039092
-2.46	28.31	1.0311560499206287
-2.46	29.54	0.980416160571644
-2.46	30.78	1.0074019060843595
-2.46	32.0	0.9101803304649401
-2.46	33.18	0.8190505710775418
-2.45	34.36	0.7209767009847216
-2.45	35.52	0.7496362668892903
-2.44	36.61	0.6648118906319167
-2.42	37.58	0.24279651221806772
-1.21	37.6	0.2900095416516308
-1.22	36.62	0.6559247699349141
-1.22	35.52	0.7291027891348923
-1.23	34.36	0.726003442012023
-1.23	33.18	0.8080771224973529
-1.23	32.0	0.9210633711304681
-1.23	30.78	1.0051614005544764
-1.23	29.54	1.005987169008107
-1.23	28.31	1.035158387829331
-1.23	27.09	1.0895763076895215
-1.23	25.87	1.1013216574353715
-1.23	24.64	1.0923866071886972
-1.23	23.41	1.102236451701822
-1.23	22.19	1.1069275686689029
-1.23	20.96	1.095043640468168
-1.23	19.73	1.0975646005088173
-1.23	18.5	1.095395389260302
-1.23	17.27	1.0861148945367873
-1.23	16.04	1.078882317508392
-1.23	14.8	1.0845157886112355
-1.23	13.57	1.0791016579679158
-1.23	12.34	1.067526592655214
-1.23	11.11	1.0697114767169738
-1.23	9.88	1.0596690198825938
-1.23	8.64	1.0569641031993418
-1.23	7.41	1.049054657186152
-1.23	6.17	1.0440797616683948
-1.24	4.94	1.0416956201784116
-1.23	3.7	1.047246662906453
-1.24	2.47	1.0469391646403634
-1.24	1.24	1.0413383920671517
-1.24	-0.0	1.064374199304597
-1.24	-1.24	1.0846341119723628
-1.24	-2.47	1.0802948216768753
-1.23	-3.7	1.0842019351916186
-1.24	-4.94	1.0946667667907768
-1.23	-6.17	1.0952704617734998
-1.23	-7.41	1.0887573916637252
-1.23	-8.64	1.0830836267445907
-1.23	-9.88	1.0734723122999963
-1.23	-11.11	1.0664286504123568
-1.23	-12.34	1.067483294654477
-1.23	-13.57	1.0637854677778904
-1.23	-14.8	1.0600825504871711
-1.23	-16.04	1.0534793186994176
-1.23	-17.27	1.0312232116786357
-1.23	-18.5	1.056240625988902
-1.23	-19.73	1.0303553747780678
-1.23	-20.96	1.0225021662946223
-1.23	-22.19	1.0246369663493105
-1.23	-23.41	1.0265168864781302
-1.23	-24.64	1.0384948557740354
-1.23	-25.87	1.0544482540623383
-1.23	-27.09	1.0740306879710306
-1.23	-28.31	1.087763536326195
-1.23	-29.54	1.1041423027628217
-1.23	-30.78	1.0930241028658072
-1.23	-32.0	1.051688104250026
-1.23	-33.18	0.9313345416686507
-1.23	-34.36	0.7955335226729641
-1.22	-35.52	0.7065329894941614
-1.22	-36.62	0.82348990372926
-1.21	-37.6	0.9294962030089419
0.0	-37.6	0.9021883508417511
0.0	-36.62	0.8256952018951244
0.0	-35.52	0.7164909685003105
0.0	-34.36	0.7990627744596646
0.0	-33.19	0.9500540914176302
0.0	-32.0	1.0515982521217546
0.0	-30.78	1.0953877081955794
0.0	-29.54	1.1106956104041492
0.0	-28.31	1.0941114691403133
0.0	-27.09	1.062445350774083
0.0	-25.87	1.0572224394246184
0.0	-24.64	1.0426100615735336
0.0	-23.41	1.0153014597940926
0.0	-22.19	1.0287548750921007
0.0	-20.96	1.0129510797622951
0.0	-19.73	1.0383589758036218
0.0	-18.5	1.0250414293316144
0.0	-17.27	1.022946625398694
0.0	-16.04	1.0489229693098212
0.0	-14.8	1.0447922822185727
0.0	-13.57	1.0671582119378016
0.0	-12.34	1.0699056937068703
0.0	-11.11	1.0676450059020308
0.0	-9.88	1.0734964211966684
0.0	-8.64	1.076406965861797
0.0	-7.41	1.0809750838831444
0.0	-6.17	1.098491579559015
0.0	-4.94	1.0979764746574545
0.0	-3.7	1.0861333141879081
0.0	-2.47	1.0934039648495848
0.0	-1.24	1.0866314425916108
0.0	0.0	1.057861075308613
0.0	1.24	1.0434091108241477
0.0	2.47	1.035338469394243
0.0	3.7	1.0392673195530808
0.0	4.94	1.0282283238231362
0.0	6.17	1.0474667362082428
0.0	7.41	1.0474871077754095
0.0	8.64	1.0619040403760327
0.0	9.88	1.0497982760265654
0.0	11.11	1.0607943361293524
0.0	12.34	1.0640134283620297
0.0	13.57	1.0762961486897245
0.0	14.8	1.0831479568984956
0.0	16.04	1.0911815342154172
0.0	17.27	1.0984536142945747
0.0	18.5	1.1015396912830238
0.0	19.73	1.086928009485427
0.0	20.96	1.0907858232627723
0.0	22.19	1.1138960075648825
0.0	23.41	1.099490988023062
0.0	24.64	1.0967931134424376
0.0	25.87	1.0944921393349603
0.0	27.09	1.095043377570648
0.0	28.31	1.030297742294454
0.0	29.54	0.9956852235235611
0.0	30.78	1.0037432520981782
0.0	32.0	0.9035268702059517
0.0	33.19	0.8144570230330466
0.0	34.36	0.7240384052379699
0.0	35.52	0.7239920736310723
0.0	36.62	0.6893001167271958
0.0	37.6	0.25980362787637673
1.21	37.6	0.24379756054069898
1.22	36.62	0.658163056101674
1.22	35.52	0.7397075590628113
1.23	34.36	0.7473027533185213
1.23	33.18	0.7997164024694835
1.23	32.0	0.914100077121058
1.23	30.78	1.010296178180786
1.23	29.54	0.9975325451170088
1.23	28.31	1.0392804274365508
1.23	27.09	1.0965404422515528
1.23	25.87	1.08676553533655
1.23	24.64	1.0850836006319207
1.23	23.41	1.1083793153314083
1.23	22.19	1.1013837807168576
1.23	20.96	1.0943925752694246
1.23	19.73	1.0988088907224418
1.23	18.5	1.0895275214200846
1.23	17.27	1.0927906266644176
1.23	16.04	1.071556724594129
1.23	14.8	1.0840163931851
1.23	13.57	1.0704067782194036
1.23	12.34	1.068894975769996
1.23	11.11	1.0583506124968929
1.23	9.88	1.065291654686358
1.23	8.64	1.0569541252184806
1.23	7.41	1.0413235748077398
1.23	6.17	1.0461872631302467
1.24	4.94	1.0410374164460305
1.23	3.7	1.0241509178720698
1.24	2.47	1.0417951873501614
1.24	1.24	1.0475718075359977
1.24	-0.0	1.0634021144772683
1.24	-1.24	1.0727498248106924
1.24	-2.47	1.102377873465648
1.23	-3.7	1.095804862664665
1.24	-4.94	1.0808280542588011
1.23	-6.17	1.0836789751728564
1.23	-7.41	1.0835473454106546
1.23	-8.64	1.0834869992709981
1.23	-9.88	1.0701241807656237
1.23	-11.11	1.0697864211187773
1.23	-12.34	1.064967428068715
1.23	-13.57	1.0568289228467902
1.23	-14.8	1.0524851190073068
1.23	-16.04	1.0506616774253197
1.23	-17.27	1.0420803464530757
1.23	-18.5	1.0497024683231537
1.23	-19.73	1.0189897603581113
1.23	-20.96	1.0124606455573195
1.23	-22.19	1.021879248652275
1.23	-23.41	1.0379258241589173
1.23	-24.64	1.0524631811188574
1.23	-25.87	1.0692048375042804
1.23	-27.09	1.0666498082125397
1.23	-28.31	1.0848398340907588
1.23	-29.54	1.0941076799720675
1.23	-30.78	1.1050289838663925
1.23	-32.0	1.0504340592982628
1.23	-33.18	0.9474576255817874
1.23	-34.36	0.8107481051820129
1.22	-35.52	0.7365413186393464
1.22	-36.62	0.8123709463981258
1.21	-37.6	0.8520833603353043
2.42	-37.58	0.8440573895021812
2.44	-36.61	0.8283794558398172
2.45	-35.52	0.720714950874048
2.45	-34.36	0.8141295658923754
2.46	-33.18	0.946340220639706
2.46	-32.0	1.0390833497654357
2.46	-30.78	1.1004817772993676
2.46	-29.54	1.1002798571790575
2.46	-28.31	1.0809914248842774
2.46	-27.09	1.068474471353122
2.46	-25.87	1.0578379410594483
2.46	-24.64	1.0350538972902326
2.46	-23.41	1.0278412293476522
2.47	-22.19	1.0312655053980164
2.47	-20.96	1.0263754068647055
2.47	-19.73	1.0349595179604856
2.47	-18.5	1.0483178977985739
2.47	-17.27	1.0466831783664372
2.47	-16.04	1.0601093609260797
2.47	-14.8	1.0559350403699745
2.47	-13.57	1.0622099779509675
2.47	-12.34	1.0649056336271718
2.47	-11.11	1.0684830279990287
2.47	-9.88	1.0716400740767804
2.47	-8.64	1.0868103439455281
2.47	-7.41	1.0887025187062749
2.47	-6.17	1.0947400044244704
2.47	-4.94	1.0824081088699147
2.47	-3.7	1.0862889596954655
2.47	-2.47	1.0923441198941661
2.47	-1.24	1.0820823175119307
2.47	0.0	1.0461084513882297
2.47	1.24	1.0446035602743784
2.47	2.47	1.0331983941255505
2.47	3.7	1.0355881358993018
2.47	4.94	1.037366769735581
2.47	6.17	1.042554290630425
2.47	7.41	1.049157491861572
2.47	8.64	1.0535115547070026
2.47	9.88	1.071208551353734
2.47	11.11	1.0562110518912078
2.47	12.34	1.0758995467229453
2.47	13.57	1.0758814364571685
2.47	14.8	1.092257214687549
2.47	16.04	1.0831875232197519
2.47	17.27	1.0901949077009423
2.47	18.5	1.0979928195564086
2.47	19.73	1.1061398747696514
2.47	20.96	1.1080460797024
2.47	22.19	1.103093970298013
2.46	23.41	1.0954079637590368
2.46	24.64	1.092462658316331
2.46	25.87	1.0819927144420363
2.46	27.09	1.1038775979485294
2.46	28.31	1.0274549728951623
2.46	29.54	0.9815063005947898
2.46	30.78	1.014498780018521
2.46	32.0	0.9166629171784058
2.46	33.18	0.8045359195128058
2.45	34.36	0.7389035120121408
2.45	35.52	0.7437772697348717
2.44	36.61	0.6683191386620173
2.42	37.58	0.3135881403960126
3.63	37.55	0.21838294533311534
3.66	36.6	0.6528199676851076
3.67	35.51	0.7448027812799218
3.68	34.35	0.7277075746573257
3.69	33.18	0.8034541181468018
3.69	32.0	0.8931226796872086
3.69	30.78	1.0041928992208342
3.69	29.54	1.0001749008191514
3.69	28.31	1.0261684362753205
3.69	27.09	1.100677616389121
3.7	25.87	1.0970482834520805
3.7	24.64	1.0980176506954507
3.7	23.41	1.104743100277446
3.7	22.19	1.1060741666849903
3.7	20.96	1.1110834018492513
3.7	19.73	1.0973917404018305
3.7	18.5	1.1190487482682399
3.7	17.27	1.1119984103829372
3.7	16.04	1.0765320848652797
3.7	14.8	1.0815622302597738
3.7	13.57	1.0828193182598413
3.7	12.34	1.0769234756181723
3.7	11.11	1.0554629695884892
3.7	9.88	1.0680314045507489
3.7	8.64	1.072115196852323
3.7	7.41	1.0593580016215027
3.7	6.17	1.0537302223936262
3.7	4.94	1.0466303145849234
3.71	3.71	1.041850711931502
3.7	2.47	1.0350714186065015
3.7	1.23	1.0622026246381449
3.7	-0.0	1.0645330360596237
3.7	-1.23	1.0755503835176388
3.7	-2.47	1.0851070210724418
3.71	-3.71	1.0783753164978704
3.7	-4.94	1.0874416254485957
3.7	-6.17	1.0999217281691485
3.7	-7.41	1.073593325645513
3.7	-8.64	1.0670533733627918
3.7	-9.88	1.0782421611461994
3.7	-11.11	1.0668080315219846
3.7	-12.34	1.0609780434104776
3.7	-13.57	1.0704364866695248
3.7	-14.8	1.0566008962258624
3.7	-16.04	1.0463458023823038
3.7	-17.27	1.0326230900469238
3.7	-18.5	1.0275137983718805
3.7	-19.73	1.0295218259258843
3.7	-20.96	1.0023134120256112
3.7	-22.19	1.0286209435173985
3.7	-23.41	1.019158384145903
3.7	-24.64	1.0460389911215102
3.7	-25.87	1.0655804981752344
3.69	-27.09	1.0766452337308206
3.69	-28.31	1.1107998765009612
3.69	-29.54	1.107510793236309
3.69	-30.78	1.1003848030246481
3.69	-32.0	1.0360345355286158
3.69	-33.18	0.9362815095577133
3.68	-34.35	0.7864988743228738
3.67	-35.51	0.7268131130450705
3.66	-36.6	0.840449576631524
3.63	-37.55	0.9212019779798873
4.84	-37.5	0.9842124625679868
4.88	-36.58	0.8087316584199117
4.9	-35.49	0.7299429495436643
4.91	-34.35	0.7873665809109008
4.91	-33.17	0.916269253808225
4.92	-31.99	1.0280677653651422
4.93	-30.78	1.0935992348138273
4.92	-29.54	1.10972532148213
4.92	-28.31	1.094813706504839
4.93	-27.09	1.065696880207967
4.93	-25.87	1.0719302122757
4.93	-24.64	1.062477377621932
4.93	-23.41	1.0524355249570356
4.93	-22.18	1.032940958377565
4.93	-20.96	1.0159092627447175
4.93	-19.73	1.0393751331233991
4.93	-18.5	1.037470720280137
4.93	-17.26	1.040362507331846
4.93	-16.04	1.0572697986017694
4.93	-14.8	1.0480411053816978
4.93	-13.57	1.0760884099727726
4.93	-12.34	1.0594785700508427
4.94	-11.1	1.076324503065341
4.94	-9.87	1.0650750501023636
4.94	-8.64	1.0813891082719538
4.94	-7.41	1.0792982057823794
4.94	-6.17	1.091667236345641
4.94	-4.94	1.0877024158887985
4.94	-3.7	1.092459748015277
4.94	-2.47	1.0946654520480898
4.94	-1.24	1.081563249296193
4.94	0.0	1.0692820551234319
4.94	1.24	1.0527366107986733
4.94	2.47	1.0509145535459004
4.94	3.7	1.0487752861473127
4.94	4.94	1.0568792869587655
4.94	6.17	1.0532656793432906
4.94	7.41	1.0592429491626862
4.94	8.64	1.0749422862552445
4.94	9.87	1.0707646684660277
4.94	11.1	1.0751173607556725
4.93	12.34	1.0700233537909885
4.93	13.57	1.0806745056303535
4.93	14.8	1.084307023135141
4.93	16.04	1.098042170975271
4.93	17.26	1.0957741981636286
4.93	18.5	1.0964281583639914
4.93	19.73	1.0887312125225161
4.93	20.96	1.0993706110586299
4.93	22.18	1.096236061050245
4.93	23.41	1.1035115406649127
4.93	24.64	1.110285391724165
4.93	25.87	1.0913224798448549
4.93	27.09	1.0991108407906045
4.92	28.31	1.0012585199984159
4.92	29.54	1.0176912745087552
4.93	30.78	1.008987355826405
4.92	31.99	0.8820187959797948
4.91	33.17	0.78235613684389
4.91	34.35	0.7219673511233174
4.9	35.49	0.7330946710045261
4.88	36.58	0.6131613128321143
4.84	37.5	0.5186285460625603
6.04	37.42	1.0505557615517562
6.09	36.55	0.5640674544126837
6.12	35.48	0.7456185708168864
6.13	34.34	0.7273115315904508
6.14	33.16	0.8077718570424185
6.15	31.98	0.872216548375685
6.16	30.78	0.9967187181046896
6.16	29.55	1.0234903124305872
6.15	28.31	0.9975896292289317
6.16	27.08	1.073974877508023
6.16	25.87	1.0896348439263972
6.16	24.64	1.0949501586438883
6.16	23.41	1.0855902625145506
6.16	22.18	1.1044089715195917
6.16	20.96	1.1030539461678368
6.16	19.73	1.0959510557746663
6.16	18.49	1.1029289598371919
6.17	17.26	1.1017938429339007
6.17	16.03	1.1039711027713899
6.17	14.8	1.090942330527853
6.17	13.57	1.0890209502655654
6.17	12.34	1.0672816040107305
6.17	11.1	1.0715374644891857
6.17	9.87	1.079652825037521
6.17	8.64	1.0709259896153158
6.17	7.41	1.0748777386718724
6.17	6.17	1.0707516394227163
6.17	4.94	1.0556076922169886
6.17	3.7	1.0711616497063299
6.17	2.47	1.0623233349038224
6.17	1.23	1.058843285207836
6.17	-0.0	1.0697017701301117
6.17	-1.23	1.0704141811739638
6.17	-2.47	1.073184216544816
6.17	-3.7	1.0722484688686913
6.17	-4.94	1.0863557190477615
6.17	-6.17	1.06915189274801
6.17	-7.41	1.0902509679804389
6.17	-8.64	1.0719929271315718
6.17	-9.87	1.0694236445431566
6.17	-11.1	1.0657643184358176
6.17	-12.34	1.075831866206938
6.17	-13.57	1.0646626705633442
6.17	-14.8	1.0532510317088186
6.17	-16.03	1.0504579024770382
6.17	-17.26	1.0235616327817967
6.16	-18.49	1.0393037946229766
6.16	-19.73	1.0272952962322823
6.16	-20.96	1.0361584378669133
6.16	-22.18	1.0311708654580296
6.16	-23.41	1.0433771637281715
6.16	-24.64	1.0587435584243858
6.16	-25.87	1.052319566698993
6.16	-27.08	1.0822372478373978
6.15	-28.31	1.1033804610169469
6.16	-29.55	1.0943249696046984
6.16	-30.78	1.0978488968201854
6.15	-31.98	1.009649118851651
6.14	-33.16	0.9127867786286424
6.13	-34.34	0.7827387069247346
6.12	-35.48	0.7737593785823856
6.09	-36.55	0.8199413415481517
6.04	-37.42	0.9512685941075295
7.22	-37.3	0.8211737912234758
7.3	-36.51	0.8001347350013456
7.34	-35.46	0.7811113467100966
7.36	-34.33	0.7914483442862259
7.37	-33.15	0.8930745189543322
7.38	-31.97	0.9960435165887997
7.39	-30.78	1.0856257540454204
7.39	-29.55	1.1178822398907406
7.38	-28.31	1.0980234371835507
7.39	-27.08	1.0972090648384987
7.39	-25.86	1.0537644541184943
7.39	-24.64	1.060246201691765
7.39	-23.41	1.0573010099416165
7.39	-22.18	1.0367555839066946
7.4	-20.95	1.036859226923966
7.4	-19.73	1.0360646966799814
7.4	-18.49	1.0332182389585374
7.4	-17.26	1.0459266420680071
7.4	-16.03	1.035262765233196
7.4	-14.8	1.0529588033323205
7.4	-13.57	1.0670896352254007
7.4	-12.34	1.062346600020334
7.4	-11.1	1.068839134946654
7.4	-9.87	1.0788663182584304
7.4	-8.64	1.0738369036662068
7.41	-7.41	1.063630909547248
7.41	-6.17	1.079042571675913
7.41	-4.94	1.0852880230839919
7.41	-3.7	1.0885010522288225
7.41	-2.47	1.0815077284866608
7.41	-1.23	1.0679878851365359
7.41	0.0	1.075116733488416
7.41	1.23	1.069034955349733
7.41	2.47	1.0673130290175041
7.41	3.7	1.0610353408805921
7.41	4.94	1.0520055775311574
7.41	6.17	1.065882404786388
7.41	7.41	1.0641726705659675
7.4	8.64	1.0678813516160963
7.4	9.87	1.0837915302803274
7.4	11.1	1.0839059187278346
7.4	12.34	1.0865937343373293
7.4	13.57	1.085304770655022
7.4	14.8	1.093168077953662
7.4	16.03	1.0964063661806136
7.4	17.26	1.1005624611082305
7.4	18.49	1.0860094064859191
7.4	19.73	1.114949087839777
7.4	20.95	1.1147704574516166
7.39	22.18	1.0968672398250128
7.39	23.41	1.102163170954286
7.39	24.64	1.0811531289114964
7.39	25.86	1.0964385980357019
7.39	27.08	1.047170786958434
7.38	28.31	0.9982711029199649
7.39	29.55	1.0319836211194133
7.39	30.78	0.9720236222619963
7.38	31.97	0.8583313327579267
7.37	33.15	0.7714081740075923
7.36	34.33	0.7366726125855683
7.34	35.46	0.7360143257535782
7.3	36.51	0.5020473207339101
7.22	37.3	0.9309969517455424
8.51	36.45	0.3220794528743543
8.55	35.43	0.6910793167300231
8.58	34.31	0.7420480086459802
8.59	33.14	0.7464618758666939
8.6	31.96	0.8280751479030419
8.62	30.77	0.9451726235569498
8.62	29.55	1.034651856097119
8.62	28.31	1.0068845553702763
8.62	27.08	1.0130801493804822
8.62	25.86	1.0785373941199976
8.62	24.64	1.0971365987475243
8.62	23.41	1.0973957731587707
8.62	22.18	1.0951610665628748
8.63	20.95	1.0969954335473404
8.63	19.72	1.1108013609882106
8.63	18.49	1.096154942519035
8.63	17.26	1.1004154194824234
8.63	16.03	1.0808045344644777
8.63	14.8	1.098351927545275
8.64	13.57	1.0834796538428
8.64	12.34	1.0852603171339539
8.64	11.1	1.0810348753673664
8.64	9.87	1.0762793635812258
8.64	8.64	1.075051425731575
8.64	7.4	1.0578579633158418
8.64	6.17	1.0762503568913275
8.64	4.94	1.0723551848547583
8.64	3.7	1.0632473104289715
8.64	2.47	1.0705613347578937
8.64	1.23	1.0676478252818793
8.64	-0.0	1.071311509100295
8.64	-1.23	1.071033100195246
8.64	-2.47	1.0808197241876933
8.64	-3.7	1.0720798379864973
8.64	-4.94	1.0722529247050507
8.64	-6.17	1.0798478192483938
8.64	-7.4	1.0692450979082275
8.64	-8.64	1.070276811147375
8.64	-9.87	1.0815384248081295
8.64	-11.1	1.0678779280190036
8.64	-12.34	1.0680153622353383
8.64	-13.57	1.0659458196253162
8.63	-14.8	1.0550761118458687
8.63	-16.03	1.0558428220152594
8.63	-17.26	1.045912482154624
8.63	-18.49	1.0386067773133087
8.63	-19.72	1.0227351740983437
8.63	-20.95	1.0287672722135237
8.62	-22.18	1.0361071082138193
8.62	-23.41	1.0468347310444837
8.62	-24.64	1.0622233455516674
8.62	-25.86	1.0653017805148843
8.62	-27.08	1.0899025586328839
8.62	-28.31	1.1060194015056726
8.62	-29.55	1.1101678420238597
8.62	-30.77	1.0696044069044905
8.6	-31.96	0.9734303839226132
8.59	-33.14	0.8795145846865013
8.58	-34.31	0.7752891295559906
8.55	-35.43	0.8357617336755602
8.51	-36.45	0.8271669784013658
9.7	-36.37	0.9199327745040966
9.76	-35.39	0.8695080210757373
9.8	-34.29	0.7775382963270538
9.82	-33.13	0.8614719328724818
9.83	-31.95	0.960896534149269
9.84	-30.76	1.017614153398639
9.85	-29.55	1.1008953063707527
9.85	-28.31	1.1150704152731339
9.85	-27.08	1.098438524051905
9.85	-25.85	1.0835657855673608
9.85	-24.63	1.0596978049646735
9.86	-23.41	1.0640702305686711
9.86	-22.18	1.0489135031893875
9.86	-20.95	1.0428646277084919
9.86	-19.72	1.0487589350171624
9.86	-18.49	1.0370871055817692
9.86	-17.26	1.0423546917887196
9.86	-16.03	1.0536761594772586
9.87	-14.8	1.061761496933465
9.87	-13.57	1.058793645389105
9.87	-12.34	1.0663497233651162
9.87	-11.1	1.0664957631979282
9.87	-9.87	1.0785672237979542
9.87	-8.64	1.072066367646226
9.87	-7.4	1.0730495320010782
9.87	-6.17	1.0717296750227798
9.87	-4.94	1.0613982829310187
9.88	-3.7	1.0678014351272098
9.88	-2.47	1.065635844405119
9.88	-1.23	1.0789228205769545
9.88	0.0	1.082314868384955
9.88	1.23	1.068984114851414
9.88	2.47	1.0671473052514269
9.88	3.7	1.0624798357948342
9.87	4.94	1.0650035439143526
9.87	6.17	1.069958180360689
9.87	7.4	1.0691755877573272
9.87	8.64	1.0786820818190201
9.87	9.87	1.0746586751788427
9.87	11.1	1.07326784293715
9.87	12.34	1.0827721231627825
9.87	13.57	1.0826373248138625
9.87	14.8	1.0994049453969081
9.86	16.03	1.0903191680481026
9.86	17.26	1.0977300749353787
9.86	18.49	1.0953896115966966
9.86	19.72	1.1173699040004357
9.86	20.95	1.099749192734566
9.86	22.18	1.0908683949408209
9.86	23.41	1.0865412016072498
9.85	24.63	1.1033079685586427
9.85	25.85	1.0803103110278873
9.85	27.08	1.0190051839509087
9.85	28.31	1.0122039022000822
9.85	29.55	1.017966454411434
9.84	30.76	0.9148895617011336
9.83	31.95	0.8176080219315991
9.82	33.13	0.75204588065625
9.8	34.29	0.7308935655155153
9.76	35.39	0.677752346648477
9.7	36.37	0.3412687893425161
10.88	36.26	0.22485877799661505
10.97	35.34	0.597690149719598
11.01	34.26	0.7544612514495974
11.04	33.11	0.7327168107216226
11.05	31.93	0.79292741814473
11.07	30.75	0.8733890037758313
11.08	29.55	0.9869084857520516
11.08	28.32	1.0240345996571367
11.08	27.08	0.9929797194754082
11.08	25.85	1.0358221565879533
11.08	24.63	1.0849843619833546
11.09	23.41	1.0848691483675195
11.09	22.18	1.0941790759277408
11.09	20.95	1.0881102816017687
11.09	19.72	1.1247950741625392
11.1	18.49	1.1086493726736357
11.1	17.26	1.0937632636123202
11.1	16.03	1.071906182080632
11.1	14.8	1.104432052525996
11.1	13.57	1.099561535999498
11.1	12.34	1.0845377457592071
11.1	11.1	1.083209925739753
11.1	9.87	1.08397559282125
11.1	8.64	1.0731193438581283
11.1	7.4	1.074328220233615
11.1	6.17	1.0737546550494446
11.1	4.94	1.064973130362947
11.11	3.7	1.0627754544647345
11.11	2.47	1.0702441873768014
11.11	1.23	1.0780976164593588
11.11	-0.0	1.0692764320664805
11.11	-1.23	1.0666740327545015
11.11	-2.47	1.066797803462855
11.11	-3.7	1.0709124572070263
11.1	-4.94	1.0639753000088739
11.1	-6.17	1.068414725315817
11.1	-7.4	1.0687933573663615
11.1	-8.64	1.0702630563257165
11.1	-9.87	1.0749165403251606
11.1	-11.1	1.0614577169795112
11.1	-12.34	1.0690134089722276
11.1	-13.57	1.0529120429929462
11.1	-14.8	1.049490026388288
11.1	-16.03	1.0491860442262608
11.1	-17.26	1.0468906147323431
11.1	-18.49	1.0332807647936246
11.09	-19.72	1.036671667673848
11.09	-20.95	1.0512768681320928
11.09	-22.18	1.0534939840937938
11.09	-23.41	1.0589136204173142
11.08	-24.63	1.082800134434782
11.08	-25.85	1.0880835620006146
11.08	-27.08	1.0906142378467636
11.08	-28.32	1.1130207938869965
11.08	-29.55	1.0767955271511631
11.07	-30.75	1.0045645583187601
11.05	-31.93	0.9201209223116898
11.04	-33.11	0.8389182020930968
11.01	-34.26	0.7829566915713888
10.97	-35.34	0.865151708242913
10.88	-36.26	0.8481267412544208
12.02	-36.05	0.8358551812814632
12.16	-35.27	0.8346203774183919
12.22	-34.22	0.8322851091982625
12.25	-33.09	0.8148781106148283
12.27	-31.91	0.9169071326776382
12.29	-30.73	0.9870517680990879
12.31	-29.54	1.0506429495226706
12.31	-28.32	1.1086036802895634
12.31	-27.08	1.1048540949757923
12.31	-25.85	1.098834070279457
12.31	-24.63	1.087374657362438
12.32	-23.4	1.0551286265207895
12.32	-22.18	1.0616226548335839
12.32	-20.94	1.047823244561245
12.32	-19.72	1.0411853531395971
12.33	-18.49	1.040785964081316
12.33	-17.26	1.0419604291456277
12.33	-16.03	1.0500372942699183
12.33	-14.8	1.0457580640461004
12.33	-13.56	1.057727032876014
12.33	-12.33	1.0585046382666146
12.34	-11.1	1.065051642091689
12.34	-9.87	1.0710221120731243
12.34	-8.64	1.064967565867959
12.34	-7.4	1.0611340855064666
12.34	-6.17	1.065311693106185
12.34	-4.93	1.0611790645063417
12.34	-3.7	1.0616007353120953
12.34	-2.47	1.0745210104823575
12.34	-1.23	1.072088663665753
12.34	0.0	1.069946755061364
12.34	1.23	1.0626101315819376
12.34	2.47	1.0651331013114869
12.34	3.7	1.0805227006846185
12.34	4.93	1.061607093334997
12.34	6.17	1.071146396673883
12.34	7.4	1.0875425276985853
12.34	8.64	1.0817038255680995
12.34	9.87	1.073960731410856
12.34	11.1	1.086085137649685
12.33	12.33	1.0900299865501695
12.33	13.56	1.0900184279856797
12.33	14.8	1.0880926869964054
12.33	16.03	1.0883214808153872
12.33	17.26	1.0852440314932734
12.33	18.49	1.0985080291276472
12.32	19.72	1.0887524564654745
12.32	20.94	1.0800239956397524
12.32	22.18	1.106639679107266
12.32	23.4	1.0834169083862164
12.31	24.63	1.0865148855363818
12.31	25.85	1.017047522053989
12.31	27.08	1.0134563235486433
12.31	28.32	1.0273010877898834
12.31	29.54	0.9445674442436095
12.29	30.73	0.8402772880976259
12.27	31.91	0.7667502568803508
12.25	33.09	0.7198657090054503
12.22	34.22	0.7218130348785681
12.16	35.27	0.4963749072183855
12.02	36.05	0.9863280841358363
13.34	35.17	0.39008946374109327
13.42	34.17	0.6999181651269942
13.47	33.06	0.752986017992211
13.49	31.9	0.7355914262081198
13.51	30.71	0.815649931981398
13.53	29.53	0.8992414767498191
13.54	28.32	1.0064786784508328
13.54	27.08	1.0300791629381791
13.54	25.85	1.0033016758099236
13.54	24.62	1.045723213850855
13.55	23.4	1.085622646086756
13.55	22.17	1.0971298433209173
13.55	20.94	1.0957203167680605
13.55	19.71	1.0914175224084128
13.56	18.49	1.0970990486481176
13.56	17.26	1.1008389050704954
13.56	16.03	1.0916010372097307
13.56	14.8	1.0958172518291591
13.56	13.56	1.0957077324512585
13.56	12.33	1.0865360294099966
13.57	11.1	1.0729783121268284
13.57	9.87	1.0813670915452744
13.57	8.64	1.0808632656992847
13.57	7.4	1.076656538137904
13.57	6.17	1.0736040850015687
13.57	4.93	1.0770427972601264
13.57	3.7	1.0740884306280922
13.57	2.47	1.078825747542648
13.57	1.23	1.0693754102162651
13.57	-0.0	1.066834794645338
13.57	-1.23	1.0663626978519691
13.57	-2.47	1.0782981172348978
13.57	-3.7	1.0572810150443395
13.57	-4.93	1.0621564007397974
13.57	-6.17	1.0608868991735183
13.57	-7.4	1.061691625624182
13.57	-8.64	1.06848591527297
13.57	-9.87	1.064677507561035
13.57	-11.1	1.054149729166899
13.56	-12.33	1.0564774647333424
13.56	-13.56	1.0505073623681696
13.56	-14.8	1.0545331153232522
13.56	-16.03	1.0421735630851872
13.56	-17.26	1.050876679473104
13.56	-18.49	1.044284868124234
13.55	-19.71	1.045439423849734
13.55	-20.94	1.0551347178218162
13.55	-22.17	1.064216296791185
13.55	-23.4	1.0763279815445337
13.54	-24.62	1.0833138246812994
13.54	-25.85	1.0902996057306096
13.54	-27.08	1.0988889236808905
13.54	-28.32	1.086612256187257
13.53	-29.53	1.0115219316229809
13.51	-30.71	0.9741481508457068
13.49	-31.9	0.89219264489891
13.47	-33.06	0.8238528647581509
13.42	-34.17	0.8931915339236122
13.34	-35.17	0.9449576287278066
14.49	-35.02	0.8782113850856227
14.62	-34.1	0.8858233058217402
14.67	-33.02	0.828029528884772
14.71	-31.87	0.8722776717905829
14.73	-30.69	0.9322754507804066
14.75	-29.51	0.9863778289013632
14.77	-28.31	1.047681813092372
14.78	-27.09	1.1059467416011746
14.77	-25.85	1.1005162202877183
14.77	-24.62	1.0800736527937167
14.77	-23.39	1.08983786766407
14.78	-22.17	1.0673573142412978
14.78	-20.94	1.0586394392848564
14.78	-19.71	1.0540000748909089
14.79	-18.48	1.0522334207936672
14.79	-17.25	1.0437879883694194
14.79	-16.03	1.0488976755705592
14.79	-14.79	1.054519666709369
14.8	-13.56	1.0509559324640325
14.8	-12.33	1.052635868335528
14.8	-11.1	1.0647876603952213
14.8	-9.87	1.0541872660727387
14.8	-8.63	1.0534513609183531
14.8	-7.4	1.0674557030962526
14.8	-6.17	1.0651333622142722
14.8	-4.93	1.0776671999017426
14.8	-3.7	1.0691012456680973
14.8	-2.47	1.0616998954228278
14.8	-1.23	1.0671173754637178
14.8	0.0	1.0617246825711542
14.8	1.23	1.0720300535972411
14.8	2.47	1.0567804870373452
14.8	3.7	1.072459203966016
14.8	4.93	1.0813564399279616
14.8	6.17	1.0714524432648207
14.8	7.4	1.074535688534683
14.8	8.63	1.0828214477886953
14.8	9.87	1.0718203200107657
14.8	11.1	1.0863635737521247
14.8	12.33	1.0899232296038832
14.8	13.56	1.1012779132698316
14.79	14.79	1.0890468264892852
14.79	16.03	1.1013896612098895
14.79	17.25	1.1003064208589026
14.79	18.48	1.0905306820675547
14.78	19.71	1.091017421748876
14.78	20.94	1.1021143587301643
14.78	22.17	1.0954323678317621
14.77	23.39	1.075264371970346
14.77	24.62	1.026488156374909
14.77	25.85	1.0054604704794499
14.78	27.09	1.0404345707832567
14.77	28.31	0.9684164862024915
14.75	29.51	0.8788390896550278
14.73	30.69	0.7910329392439545
14.71	31.87	0.7208846914969299
14.67	33.02	0.7415877521973616
14.62	34.1	0.590553539317596
14.49	35.02	0.3673630170805266
15.79	34.0	0.45103146543763234
15.87	32.97	0.6930321774860788
15.92	31.84	0.7332996367393709
15.95	30.67	0.7463633129414673
15.97	29.48	0.8589979729565693
15.99	28.3	0.9149390550807445
16.01	27.09	1.0156240693661498
16.01	25.85	1.03946292142949
16.0	24.62	1.024978399776848
16.0	23.39	1.0555365987420293
16.01	22.16	1.0763378247067152
16.01	20.94	1.0884413884415478
16.02	19.71	1.0981369466524824
16.02	18.48	1.079518893318747
16.02	17.25	1.083813609964267
16.02	16.02	1.0980060887591778
16.03	14.79	1.0974328939774836
16.03	13.56	1.0825831380929312
16.03	12.33	1.0873100355096774
16.03	11.1	1.0973045794873022
16.03	9.86	1.081606644972113
16.03	8.63	1.0782433046945379
16.03	7.4	1.0756824315901117
16.03	6.17	1.0800217812107853
16.04	4.93	1.0675249444022898
16.04	3.7	1.0772486970121182
16.04	2.47	1.0702548040793791
16.04	1.23	1.0764160545449726
16.04	-0.0	1.0746855050610646
16.04	-1.23	1.0663312630420587
16.04	-2.47	1.0622282091645594
16.04	-3.7	1.0607879972252412
16.04	-4.93	1.0732567339603403
16.03	-6.17	1.0681968020684192
16.03	-7.4	1.0692588598839234
16.03	-8.63	1.0647246923011853
16.03	-9.86	1.0502195749637138
16.03	-11.1	1.0555943504175909
16.03	-12.33	1.0524134461345178
16.03	-13.56	1.0440726872582575
16.03	-14.79	1.0490360539539927
16.02	-16.02	1.03730043227854
16.02	-17.25	1.047380107548831
16.02	-18.48	1.0592595085867347
16.02	-19.71	1.0669781541345045
16.01	-20.94	1.0675196315250601
16.01	-22.16	1.0835431940396532
16.0	-23.39	1.0922934854210915
16.0	-24.62	1.1002899338529353
16.01	-25.85	1.0995859904786103
16.01	-27.09	1.0770613900256958
15.99	-28.3	1.0291937546581889
15.97	-29.48	0.9798646817896929
15.95	-30.67	0.9278861560013834
15.92	-31.84	0.8560536569342624
15.87	-32.97	0.8864374717254551
15.79	-34.0	0.7973048733959093
16.92	-33.85	0.7641351649747736
17.06	-32.9	0.888614823812413
17.12	-31.8	0.8564467214416829
17.16	-30.65	0.8958042138927492
17.19	-29.46	0.9621072161996933
17.21	-28.27	1.0010116506655877
17.23	-27.08	1.0482279580590117
17.24	-25.86	1.0964181485202709
17.23	-24.62	1.0952714621485589
17.23	-23.38	1.096328195787908
17.23	-22.16	1.087161674233658
17.24	-20.93	1.091422370497455
17.25	-19.71	1.07251022092849
17.25	-18.48	1.0633320689045054
17.25	-17.25	1.0489543071360066
17.25	-16.02	1.055586121402865
17.25	-14.79	1.051720004198515
17.26	-13.56	1.0585806706701981
17.26	-12.33	1.0460327026293161
17.26	-11.1	1.0628843023341505
17.26	-9.86	1.0597274641691476
17.26	-8.63	1.0582040111241768
17.26	-7.4	1.0629103249476641
17.26	-6.17	1.0578303340084902
17.26	-4.93	1.0615306134067684
17.27	-3.7	1.0677961767035509
17.27	-2.47	1.0590236631408936
17.27	-1.23	1.0709556168687993
17.27	0.0	1.0625297614218046
17.27	1.23	1.0746145933384963
17.27	2.47	1.075819937527388
17.27	3.7	1.073706558516414
17.26	4.93	1.080940202828582
17.26	6.17	1.0762823642778752
17.26	7.4	1.0902533516124162
17.26	8.63	1.0806325949743736
17.26	9.86	1.0872787102043417
17.26	11.1	1.0839270379216877
17.26	12.33	1.084781746960951
17.26	13.56	1.0847153004706374
17.25	14.79	1.1072896362270086
17.25	16.02	1.0993716234472033
17.25	17.25	1.0907643626303238
17.25	18.48	1.0954886098185512
17.25	19.71	1.0817577080770246
17.24	20.93	1.071429832533282
17.23	22.16	1.0761817172967365
17.23	23.38	1.0433450036723233
17.23	24.62	1.0155269707461192
17.24	25.86	1.0197038824360376
17.23	27.08	0.947647270548468
17.21	28.27	0.8670414424446078
17.19	29.46	0.7794609612621993
17.16	30.65	0.7096737332694061
17.12	31.8	0.7363206565105556
17.06	32.9	0.6165697380765267
16.92	33.85	0.3025235943900168
18.21	32.78	0.4782397416808792
18.31	31.74	0.6857630970209759
18.37	30.61	0.7454334896438655
18.4	29.44	0.7329989862264652
18.42	28.25	0.8392223196902835
18.45	27.06	0.9000714879125203
18.47	25.85	0.9876556990327902
18.47	24.63	1.029665694613571
18.46	23.39	1.0185931815526859
18.46	22.15	1.0382192639571781
18.47	20.93	1.0815900761883706
18.47	19.7	1.0844097889941458
18.48	18.48	1.0876126813846094
18.48	17.25	1.0938851037304944
18.48	16.02	1.0887727579614401
18.48	14.79	1.0888871136450227
18.49	13.56	1.0932125960589087
18.49	12.33	1.0848216312728676
18.49	11.1	1.0874661377347397
18.49	9.86	1.0827046449618067
18.49	8.63	1.081550719585099
18.49	7.4	1.0695653551399062
18.49	6.16	1.070925567762478
18.5	4.93	1.0769516363593177
18.5	3.7	1.0765176429790337
18.5	2.47	1.0740824180264696
18.5	1.23	1.0765639725759664
18.5	-0.0	1.0577030287200442
18.5	-1.23	1.0645308190179508
18.5	-2.47	1.063990851192377
18.5	-3.7	1.0690909172069794
18.5	-4.93	1.06392783960173
18.49	-6.16	1.070248736769957
18.49	-7.4	1.0606911861827675
18.49	-8.63	1.0677901632680498
18.49	-9.86	1.0549124916436412
18.49	-11.1	1.0479438506803618
18.49	-12.33	1.0577317134110786
18.49	-13.56	1.057967112493066
18.48	-14.79	1.0511519288320024
18.48	-16.02	1.0560385205331462
18.48	-17.25	1.0647460842394976
18.48	-18.48	1.076016409597058
18.47	-19.7	1.072373695183032
18.47	-20.93	1.0908223743855041
18.46	-22.15	1.0875724464240797
18.46	-23.39	1.0897320810605082
18.47	-24.63	1.0940733956304145
18.47	-25.85	1.0577354263542775
18.45	-27.06	1.0279845458004755
18.42	-28.25	0.9886911526381086
18.4	-29.44	0.9480073222563453
18.37	-30.61	0.8871753374035266
18.31	-31.74	0.9113159130709677
18.21	-32.78	0.824100330432454
19.32	-32.6	0.6472266260001678
19.48	-31.66	0.9006018513516246
19.56	-30.56	0.8988867381465707
19.61	-29.41	0.9282197415579885
19.63	-28.22	0.9901977570910094
19.66	-27.03	1.0023967948083918
19.68	-25.84	1.0379577059861178
19.7	-24.62	1.071265412045176
19.7	-23.39	1.1015688156145365
19.69	-22.16	1.102183730074495
19.69	-20.92	1.0894268945348575
19.7	-19.7	1.0799649226185835
19.7	-18.47	1.0687546111220119
19.71	-17.25	1.0750135065026694
19.71	-16.02	1.0676638406105339
19.71	-14.78	1.0575552556926062
19.71	-13.55	1.0488086921415571
19.72	-12.32	1.064186201851385
19.72	-11.09	1.0635721589698144
19.72	-9.86	1.0538561023213557
19.72	-8.63	1.058720910698479
19.73	-7.4	1.0675508233103477
19.73	-6.16	1.0616208502822446
19.73	-4.93	1.065981464592688
19.73	-3.7	1.0598088061857216
19.73	-2.47	1.0568061700562401
19.73	-1.23	1.0690824613255285
19.73	0.0	1.0623899796777734
19.73	1.23	1.0622159765991583
19.73	2.47	1.074617746337964
19.73	3.7	1.071046602415682
19.73	4.93	1.0716300899606215
19.73	6.16	1.07386136062561
19.73	7.4	1.070653947148277
19.72	8.63	1.080886588685132
19.72	9.86	1.0892400285362056
19.72	11.09	1.0839561126584434
19.72	12.32	1.0839640813483902
19.71	13.55	1.0833053415940992
19.71	14.78	1.0935028031220848
19.71	16.02	1.083914278602172
19.71	17.25	1.082769012185413
19.7	18.47	1.0850649026859887
19.7	19.7	1.0887977233905293
19.69	20.92	1.0462916577336223
19.69	22.16	1.0343075889126832
19.7	23.39	1.0191244428525852
19.7	24.62	0.9988378855451037
19.68	25.84	0.9173256588789368
19.66	27.03	0.8560505797996231
19.63	28.22	0.7752603510004782
19.61	29.41	0.7340176824134075
19.56	30.56	0.7219093296649217
19.48	31.66	0.5869960658382122
19.32	32.6	0.31543641119122906
20.61	31.52	0.44300346378369226
20.73	30.49	0.6795427915810709
20.8	29.36	0.7444741169685734
20.84	28.2	0.7145917840265489
20.87	27.01	0.793816947549524
20.89	25.81	0.8718947603389494
20.92	24.61	0.9445875744705462
20.93	23.39	1.0028065985909929
20.93	22.16	1.0352396518170714
20.92	20.92	1.0465117415620155
20.92	19.69	1.062489526941511
20.93	18.47	1.0804858577210608
20.93	17.24	1.0716505659005757
20.94	16.01	1.0844916136669946
20.94	14.78	1.087874644532689
20.94	13.55	1.0915695391888771
20.94	12.32	1.0961589627278614
20.95	11.09	1.0857213062376974
20.95	9.86	1.082210848310648
20.95	8.63	1.0854905668634158
20.95	7.4	1.0813675693077254
20.96	6.16	1.0763815333251616
20.96	4.93	1.070668263926031
20.96	3.7	1.0707581180393937
20.96	2.47	1.070900610427957
20.96	1.23	1.068543339536238
20.96	-0.0	1.0736580034298917
20.96	-1.23	1.062918123854369
20.96	-2.47	1.077401743046526
20.96	-3.7	1.0577364293476244
20.96	-4.93	1.0661732245386548
20.96	-6.16	1.0677800217432787
20.95	-7.4	1.0627275792284108
20.95	-8.63	1.056402336090074
20.95	-9.86	1.0611834908647433
20.95	-11.09	1.0737003791363873
20.94	-12.32	1.0614949830818656
20.94	-13.55	1.0687460612716195
20.94	-14.78	1.065355633884104
20.94	-16.01	1.064916965588052
20.93	-17.24	1.0871005733094294
20.93	-18.47	1.0755556454268222
20.92	-19.69	1.0940569404066611
20.92	-20.92	1.0904365912153247
20.93	-22.16	1.104108162850006
20.93	-23.39	1.0764855138431741
20.92	-24.61	1.0553635683248088
20.89	-25.81	1.0254926152440456
20.87	-27.01	1.0122113688998093
20.84	-28.2	0.9723249675448447
20.8	-29.36	0.9267319005487376
20.73	-30.49	0.9528358238693062
20.61	-31.52	0.7562544324229084
21.63	-31.24	0.6833732201833155
21.87	-30.38	0.8767179643823673
21.97	-29.3	0.9564920310343825
22.04	-28.16	0.9508768518707404
22.07	-26.98	0.9916080190074709
22.1	-25.78	1.0125385530911621
22.13	-24.59	1.028326491288786
22.15	-23.38	1.0519716696629298
22.16	-22.16	1.0766206260107087
22.16	-20.93	1.100238120725383
22.16	-19.69	1.0969294425930471
22.15	-18.46	1.0968423939533334
22.16	-17.23	1.0929396240909866
22.16	-16.01	1.08626494954971
22.17	-14.78	1.079006298141853
22.17	-13.55	1.0699801172013532
22.18	-12.32	1.0731460439467142
22.18	-11.09	1.0563549158963679
22.18	-9.86	1.064555231951579
22.18	-8.62	1.0722206869578044
22.18	-7.39	1.070777952355623
22.18	-6.16	1.0655246520142068
22.18	-4.93	1.0670470071449847
22.19	-3.7	1.0663006369931785
22.19	-2.47	1.0722806387341652
22.19	-1.23	1.0753079554145268
22.19	0.0	1.0684239674309588
22.19	1.23	1.0797259275104494
22.19	2.47	1.0786150430930788
22.19	3.7	1.0792946851664946
22.18	4.93	1.073924866098073
22.18	6.16	1.0711230576428012
22.18	7.39	1.0808192444063072
22.18	8.62	1.0683411397320908
22.18	9.86	1.082072569890747
22.18	11.09	1.0757886907070504
22.18	12.32	1.091422309340499
22.17	13.55	1.080746110014771
22.17	14.78	1.0853791417162142
22.16	16.01	1.081991053954464
22.16	17.23	1.0814899819537709
22.15	18.46	1.0690681772998498
22.16	19.69	1.0452889195610233
22.16	20.93	1.0226702531493697
22.16	22.16	1.0089365571366307
22.15	23.38	0.9393088396659361
22.13	24.59	0.896367533382624
22.1	25.78	0.8143525870198075
22.07	26.98	0.7443515930209289
22.04	28.16	0.732140304648867
21.97	29.3	0.6923406597817903
21.87	30.38	0.5252396025925427
21.63	31.24	0.683858786019933
22.94	30.18	0.37277658347799464
23.12	29.2	0.5984349109615968
23.21	28.1	0.701275838875187
23.27	26.94	0.7173124887809085
23.31	25.76	0.732291559015704
23.33	24.56	0.8261898954971449
23.36	23.36	0.8985619247681542
23.38	22.15	0.9508398054613483
23.39	20.93	0.9936325207438219
23.39	19.7	1.0333456629232867
23.39	18.46	1.052205777694435
23.38	17.23	1.0720216198083894
23.39	16.0	1.0740324295778767
23.39	14.77	1.0797856840252376
23.4	13.55	1.0742136842689287
23.4	12.32	1.068681025542671
23.41	11.09	1.0793043189943246
23.41	9.86	1.0897855051877583
23.41	8.62	1.0696367329163223
23.41	7.39	1.0575022271774002
23.41	6.16	1.050886259481392
23.41	4.93	1.0613200166065573
23.41	3.7	1.07221953752971
23.41	2.46	1.0773517468478397
23.41	1.23	1.0695278512272706
23.41	-0.0	1.0664615367079844
23.41	-1.23	1.079973914193437
23.41	-2.46	1.0685865954668243
23.41	-3.7	1.071018658802976
23.41	-4.93	1.061935710555597
23.41	-6.16	1.0709688969261517
23.41	-7.39	1.0820972036384604
23.41	-8.62	1.0815593444249072
23.41	-9.86	1.081366065852808
23.41	-11.09	1.068474311914698
23.4	-12.32	1.0778747942896094
23.4	-13.55	1.078822245718377
23.39	-14.77	1.0851665859239905
23.39	-16.0	1.0860077314899745
23.38	-17.23	1.0930586464798202
23.39	-18.46	1.090946064973224
23.39	-19.7	1.0940728219909042
23.39	-20.93	1.0783584468588674
23.38	-22.15	1.0468854913754273
23.36	-23.36	1.0424272613320587
23.33	-24.56	1.0283813999761937
23.31	-25.76	1.018164470474221
23.27	-26.94	0.9797604617424993
23.21	-28.1	0.961625100462973
23.12	-29.2	0.9594603541530935
22.94	-30.18	0.6664723151834602
24.2	-29.04	0.7896884080502252
24.36	-28.01	0.9888606508834895
24.44	-26.89	1.0009986625581875
24.5	-25.72	1.005437689783029
24.53	-24.53	1.0196052082091827
24.56	-23.33	1.0370228288620236
24.59	-22.13	1.042735020190201
24.61	-20.92	1.0567179545917216
24.62	-19.7	1.0689203572571522
24.63	-18.47	1.0895986501091623
24.62	-17.23	1.1055546690994997
24.62	-16.0	1.0984020053265853
24.62	-14.77	1.0920920096837445
24.62	-13.54	1.086118848606808
24.63	-12.31	1.0730157753809597
24.63	-11.08	1.0779672250567371
24.63	-9.85	1.079600632869375
24.64	-8.62	1.0684114257267725
24.64	-7.39	1.0795633018308233
24.64	-6.16	1.0830335258336408
24.64	-4.93	1.0992316052596391
24.64	-3.7	1.0987224058643454
24.64	-2.46	1.0915602930944046
24.64	-1.23	1.079794028560693
24.64	0.0	1.0676851321699297
24.64	1.23	1.0601585181325164
24.64	2.46	1.0565708796030122
24.64	3.7	1.0648676346928705
24.64	4.93	1.0690553338619542
24.64	6.16	1.0697193907383165
24.64	7.39	1.0811511420406967
24.64	8.62	1.0803108358983506
24.63	9.85	1.0625282551672053
24.63	11.08	1.0830837037010368
24.63	12.31	1.075533679121936
24.62	13.54	1.077228783113157
24.62	14.77	1.083082217622787
24.62	16.0	1.0655192532356617
24.62	17.23	1.043809377199663
24.63	18.47	1.028041181751561
24.62	19.7	0.9939537421699615
24.61	20.92	0.945012235608972
24.59	22.13	0.8977699944485067
24.56	23.33	0.8388440038698471
24.53	24.53	0.7522426455983418
24.5	25.72	0.7221765645219006
24.44	26.89	0.7030206641491957
24.36	28.01	0.6315281294666909
24.2	29.04	0.4082385781104904
25.43	27.86	0.476957019709355
25.59	26.8	0.6405718937181714
25.67	25.67	0.7110127301056967
25.72	24.5	0.7417732985358819
25.76	23.31	0.760040260810277
25.78	22.1	0.8355754677395312
25.81	20.89	0.9022127815737843
25.84	19.68	0.9408367348882083
25.85	18.47	0.9982169961139411
25.86	17.24	1.0060312649030274
25.85	16.01	1.039950404945881
25.85	14.77	1.0547624839343102
25.85	13.54	1.068088880758332
25.85	12.31	1.0813716268559252
25.85	11.08	1.0600995317044495
25.85	9.85	1.0680787816601238
25.86	8.62	1.0680908117962238
25.86	7.39	1.0710184062082608
25.87	6.16	1.058014369640673
25.87	4.93	1.0674705695436815
25.87	3.7	1.0759495428446684
25.87	2.46	1.0814909762996725
25.87	1.23	1.0716772796281107
25.87	-0.0	1.0837800790715963
25.87	-1.23	1.0740612992463807
25.87	-2.46	1.0699044811091847
25.87	-3.7	1.0794877910306448
25.87	-4.93	1.0715751773539257
25.87	-6.16	1.09052074773633
25.86	-7.39	1.0813362250342982
25.86	-8.62	1.0763246768322658
25.85	-9.85	1.082915677569518
25.85	-11.08	1.0747370265557248
25.85	-12.31	1.0830938242107637
25.85	-13.54	1.0918923345239182
25.85	-14.77	1.095373220724222
25.85	-16.01	1.0937721897005777
25.86	-17.24	1.082292786713863
25.85	-18.47	1.0697549313502008
25.84	-19.68	1.0540437749332403
25.81	-20.89	1.054215013466844
25.78	-22.1	1.0580020578363147
25.76	-23.31	1.0434083428506489
25.72	-24.5	1.0230290923252545
25.67	-25.67	1.0225943954383794
25.59	-26.8	1.0178826652512007
25.43	-27.86	0.8857469928670882
26.65	-26.65	0.9208701480707521
26.8	-25.59	1.0378032812884441
26.89	-24.44	1.0491331818026752
26.94	-23.27	1.034305700788893
26.98	-22.07	1.0607466796705742
27.01	-20.87	1.0627265793684932
27.03	-19.66	1.0615992771290679
27.06	-18.45	1.06222371155549
27.08	-17.23	1.0613178244559454
27.09	-16.01	1.0730968237310514
27.09	-14.78	1.0830327484413464
27.08	-13.54	1.0839094783602252
27.08	-12.31	1.0787926519112792
27.08	-11.08	1.0876991950762473
27.08	-9.85	1.0808364799719312
27.08	-8.62	1.0847063646560442
27.08	-7.39	1.090065899943588
27.08	-6.16	1.068276733457424
27.09	-4.93	1.0816712459499649
27.09	-3.69	1.0774105983814166
27.09	-2.46	1.0820984083693854
27.09	-1.23	1.0730796887948812
27.09	0.0	1.0760947202088604
27.09	1.23	1.0787241878773435
27.09	2.46	1.0747158050301377
27.09	3.69	1.0670453094368215
27.09	4.93	1.061823298812336
27.08	6.16	1.0654460555534127
27.08	7.39	1.0647107845602954
27.08	8.62	1.0669073847561383
27.08	9.85	1.0680574816596087
27.08	11.08	1.058772687734777
27.08	12.31	1.0552499699128377
27.08	13.54	1.0457631172850874
27.09	14.78	1.0320123642915655
27.09	16.01	0.9989911716277922
27.08	17.23	0.9801812754080131
27.06	18.45	0.9437907789151124
27.03	19.66	0.8897180652123354
27.01	20.87	0.8162852253534914
26.98	22.07	0.7500531054275926
26.94	23.27	0.7385059958130392
26.89	24.44	0.713865728496627
26.8	25.59	0.6540563658884418
26.65	26.65	0.46630686535869625
27.86	25.43	0.47334242234691104
28.01	24.36	0.651229364322968
28.1	23.21	0.6996895124061571
28.16	22.04	0.7372571576415441
28.2	20.84	0.7258705967385393
28.22	19.63	0.8024124718922804
28.25	18.42	0.8712646590940212
28.27	17.21	0.9229804628995647
28.3	15.99	0.9636196869680862
28.31	14.77	1.003890658936332
28.32	13.54	1.0105613248348546
28.32	12.31	1.016815038227601
28.32	11.08	1.0429681050482695
28.31	9.85	1.0508864523760302
28.31	8.62	1.064896558229875
28.31	7.38	1.0623077369356555
28.31	6.15	1.0634267696760349
28.31	4.92	1.073659354537768
28.31	3.69	1.0764093920995768
28.31	2.46	1.0742920092203392
28.31	1.23	1.0752145413994982
28.31	-0.0	1.0721952040163552
28.31	-1.23	1.0775750484522701
28.31	-2.46	1.0704221132397043
28.31	-3.69	1.0854384913698394
28.31	-4.92	1.0827775147430367
28.31	-6.15	1.0713265664407887
28.31	-7.38	1.0818323533172935
28.31	-8.62	1.085427977052728
28.31	-9.85	1.0841330308588848
28.32	-11.08	1.0740549247123377
28.32	-12.31	1.0721317704147024
28.32	-13.54	1.0707784303251968
28.31	-14.77	1.0682832392029034
28.3	-15.99	1.062443250936758
28.27	-17.21	1.067009033855714
28.25	-18.42	1.0710787634137657
28.22	-19.63	1.0768615420495866
28.2	-20.84	1.0739614944000682
28.16	-22.04	1.0644166612234978
28.1	-23.21	1.0647973158526758
28.01	-24.36	1.0624777414109268
27.86	-25.43	0.9485895619550151
29.04	-24.2	0.9359592491755507
29.2	-23.12	1.064890223381431
29.3	-21.97	1.0516427491495237
29.36	-20.8	1.0715092218697329
29.41	-19.61	1.084803559641421
29.44	-18.4	1.0883618518741927
29.46	-17.19	1.0788740373723127
29.48	-15.97	1.064794556436855
29.51	-14.75	1.0711456981291418
29.53	-13.53	1.0703232750721647
29.54	-12.31	1.0742975695199868
29.55	-11.08	1.066468048115995
29.55	-9.85	1.0689712898020474
29.55	-8.62	1.0787030887252531
29.55	-7.39	1.0729157315106963
29.55	-6.16	1.0753134940981732
29.54	-4.92	1.0799687958028128
29.54	-3.69	1.0741862551633108
29.54	-2.46	1.0701965161020135
29.54	-1.23	1.0647877405102715
29.54	0.0	1.0766297708666912
29.54	1.23	1.0609313114329257
29.54	2.46	1.0672135460655052
29.54	3.69	1.0654833289929977
29.54	4.92	1.0621437227704955
29.55	6.16	1.0447777650588863
29.55	7.39	1.0543960599631819
29.55	8.62	1.0396477017723311
29.55	9.85	1.0223828868339662
29.55	11.08	1.0151591368018296
29.54	12.31	0.990698483425869
29.53	13.53	0.9784251333071592
29.51	14.75	0.9480636264417618
29.48	15.97	0.9079793701403401
29.46	17.19	0.8527180382761664
29.44	18.4	0.7805023892033581
29.41	19.61	0.7423314308021604
29.36	20.8	0.7399538351142393
29.3	21.97	0.6850034352932374
29.2	23.12	0.6245874000876664
29.04	24.2	0.4607192929464381
30.18	22.94	0.46366673556830085
30.38	21.87	0.5794471056462617
30.49	20.73	0.6925480354052593
30.56	19.56	0.7140557139032715
30.61	18.37	0.7388003324124816
30.65	17.16	0.7674792891860767
30.67	15.95	0.8218717015004059
30.69	14.73	0.8640966125353681
30.71	13.51	0.9260444252099675
30.73	12.29	0.9589947569377457
30.75	11.07	0.9829767808945198
30.76	9.84	1.0014257177867576
30.77	8.62	1.001201687507336
30.78	7.39	1.0315053180196498
30.78	6.16	1.02359230714885
30.78	4.93	1.0291488920499328
30.78	3.69	1.0390691686792795
30.78	2.46	1.0498217875950564
30.78	1.23	1.054541840441469
30.78	-0.0	1.060071721618871
30.78	-1.23	1.0688307146526452
30.78	-2.46	1.0619212784095973
30.78	-3.69	1.0568193780895148
30.78	-4.93	1.0482387968723903
30.78	-6.16	1.0635821835180312
30.78	-7.39	1.0627984183069163
30.77	-8.62	1.0496940301111048
30.76	-9.84	1.0617540481259193
30.75	-11.07	1.076244411148894
30.73	-12.29	1.0740980757236565
30.71	-13.51	1.0787114089176688
30.69	-14.73	1.0760611624027852
30.67	-15.95	1.0916982218420996
30.65	-17.16	1.0967733190475857
30.61	-18.37	1.0874107809962388
30.56	-19.56	1.083648135995269
30.49	-20.73	1.0661199893229492
30.38	-21.87	1.049569280109068
30.18	-22.94	0.9201656468612693
31.24	-21.63	0.8161248944229872
31.52	-20.61	1.0281919735619334
31.66	-19.48	1.077281034680259
31.74	-18.31	1.085205680917726
31.8	-17.12	1.0885814065670543
31.84	-15.92	1.0890854573889963
31.87	-14.71	1.0959469264273924
31.9	-13.49	1.092223534190956
31.91	-12.27	1.0856586939354964
31.93	-11.05	1.0777124703216274
31.95	-9.83	1.068193929155897
31.96	-8.6	1.0635744523298307
31.97	-7.38	1.0600058840112885
31.98	-6.15	1.0430330085939488
31.99	-4.92	1.0354544520793294
32.0	-3.69	1.0374557157448636
32.0	-2.46	1.0347121436928217
32.0	-1.23	1.0333950672967502
32.0	0.0	1.0278800692270833
32.0	1.23	1.0229581120271396
32.0	2.46	1.0299639625082846
32.0	3.69	1.0322486343197055
31.99	4.92	1.009152113963263
31.98	6.15	0.998325237509929
31.97	7.38	0.9997677701161608
31.96	8.6	0.9724114451309773
31.95	9.83	0.9528146187391113
31.93	11.05	0.9231832324499923
31.91	12.27	0.8788368663488315
31.9	13.49	0.8106336548933096
31.87	14.71	0.7680214049059686
31.84	15.92	0.7479165229139481
31.8	17.12	0.7244448763620119
31.74	18.31	0.7032124404960306
31.66	19.48	0.6405875864905441
31.52	20.61	0.5211570536346133
31.24	21.63	0.6053462205469794
32.6	19.32	0.45533739657205685
32.78	18.21	0.5775901420202407
32.9	17.06	0.6758988249690864
32.97	15.87	0.7010507227802484
33.02	14.67	0.7171089414702303
33.06	13.47	0.7508034917965684
33.09	12.25	0.7773813344248142
33.11	11.04	0.7987592005544123
33.13	9.82	0.8621136700194953
33.14	8.59	0.9034497076822895
33.15	7.37	0.9450632967094909
33.16	6.14	0.9724037873069141
33.17	4.91	0.9885187987173717
33.18	3.69	1.0072825648330388
33.18	2.46	1.0193176920968061
33.18	1.23	1.013488026994354
33.19	-0.0	1.021951045397798
33.18	-1.23	1.0381652395478482
33.18	-2.46	1.0397227357975412
33.18	-3.69	1.0513668610425795
33.17	-4.91	1.0623774828157848
33.16	-6.14	1.064374722810408
33.15	-7.37	1.0684746225529258
33.14	-8.59	1.0816377579483283
33.13	-9.82	1.0825453128684588
33.11	-11.04	1.0865406485286249
33.09	-12.25	1.0926370235821543
33.06	-13.47	1.091088855309168
33.02	-14.67	1.0977812044391502
32.97	-15.87	1.077702657024132
32.9	-17.06	1.0653927196992132
32.78	-18.21	1.035213044600861
32.6	-19.32	0.9012876711466798
33.85	-16.92	0.8537050018925826
34.0	-15.79	0.975843720716065
34.1	-14.62	1.0153141367691152
34.17	-13.42	1.0548023578158152
34.22	-12.22	1.061361944392622
34.26	-11.01	1.070036473620021
34.29	-9.8	1.0820401470565266
34.31	-8.58	1.061047676080651
34.33	-7.36	1.0609439018822273
34.34	-6.13	1.058364042889863
34.35	-4.91	1.059551629381882
34.35	-3.68	1.0386540408668983
34.36	-2.45	1.0362627836314247
34.36	-1.23	1.0176870984884099
34.36	0.0	0.9983943805005139
34.36	1.23	0.9952602569561794
34.36	2.45	0.9719732481137002
34.35	3.68	0.9407359580478977
34.35	4.91	0.9062476234081804
34.34	6.13	0.8653787003705969
34.33	7.36	0.8251387982246688
34.31	8.58	0.794986713272947
34.29	9.8	0.7692779723544481
34.26	11.01	0.7250121800994339
34.22	12.22	0.7027808335258486
34.17	13.42	0.7083606948449881
34.1	14.62	0.6886645151850398
34.0	15.79	0.5958196261529464
33.85	16.92	0.47072023693385356
35.02	14.49	0.4775061650878045
35.17	13.34	0.607655142704759
35.27	12.16	0.6932595889595748
35.34	10.97	0.7277338877376237
35.39	9.76	0.7228555089222416
35.43	8.55	0.722202211972744
35.46	7.34	0.7423281609884382
35.48	6.12	0.7525702356814168
35.49	4.9	0.8025590594064997
35.51	3.67	0.8097354259887983
35.52	2.45	0.8523103135635407
35.52	1.22	0.8795963467374287
35.52	-0.0	0.909080723810273
35.52	-1.22	0.9203484771568254
35.52	-2.45	0.9392771031919375
35.51	-3.67	0.9619969507061399
35.49	-4.9	0.9685667412104781
35.48	-6.12	0.9793243157611764
35.46	-7.34	0.982694738493737
35.43	-8.55	0.9658026760431494
35.39	-9.76	0.9361438838532534
35.34	-10.97	0.9144827245783529
35.27	-12.16	0.9098428363796123
35.17	-13.34	0.8590501067703491
35.02	-14.49	0.7406703379772623
36.05	-12.02	0.6257067547248025
36.26	-10.88	0.7125017533283841
36.37	-9.7	0.7663134985538995
36.45	-8.51	0.797292412445441
36.51	-7.3	0.813494647593938
36.55	-6.09	0.804346791632902
36.58	-4.88	0.7999772995806408
36.6	-3.66	0.8031477953635284
36.61	-2.44	0.787312687650156
36.62	-1.22	0.7881660050723869
36.62	0.0	0.7743429137276024
36.62	1.22	0.7622359869474199
36.61	2.44	0.749851653880627
36.6	3.66	0.737628856787882
36.58	4.88	0.7411107361042694
36.55	6.09	0.7453236764930641
36.51	7.3	0.7392888140825168
36.45	8.51	0.7136822147523048
36.37	9.7	0.658803553513075
36.26	10.88	0.5963462068226031
36.05	12.02	0.5104529174425998
37.3	7.22	0.6402280979559948
37.42	6.04	0.6684383731545922
37.5	4.84	0.7105950396774061
37.55	3.63	0.7271290855268846
37.58	2.42	0.7437346735621478
37.6	1.21	0.749444664047762
37.6	-0.0	0.7466187480909617
37.6	-1.21	0.7414102977930103
37.58	-2.42	0.7503840376918264
37.55	-3.63	0.733121137005238
37.5	-4.84	0.7160884341226893
37.42	-6.04	0.7068449925619003
37.3	-7.22	0.6703996905000456
