-37.3	-7.22	0.3821849759694843
-37.42	-6.04	0.3731866473062555
-37.5	-4.84	0.3531228318271611
-37.55	-3.63	0.36151055398316856
-37.58	-2.42	0.3587014087541138
-37.6	-1.21	0.34838119491241104
-37.6	0.0	0.36076052237621936
-37.6	1.21	0.37437729240195294
-37.58	2.42	0.35925791577898936
-37.55	3.63	0.3712971666984676
-37.5	4.84	0.3412277500290698
-37.42	6.04	0.36267492782052446
-37.3	7.22	0.38592078784932393
-36.05	12.02	0.5190768458985684
-36.26	10.88	0.446998548168675
-36.37	9.7	0.4059601186570788
-36.45	8.51	0.3683015842449062
-36.51	7.3	0.3596787905976233
-36.55	6.09	0.361381682222489
-36.58	4.88	0.34041756219443964
-36.6	3.66	0.35571886937518626
-36.61	2.44	0.37114591545876385
-36.62	1.22	0.34848863103982586
-36.62	-0.0	0.35759310396514987
-36.62	-1.22	0.37048014223637293
-36.61	-2.44	0.36620794283021607
-36.6	-3.66	0.35565013103537413
-36.58	-4.88	0.37010476648424373
-36.55	-6.09	0.3914943809919892
-36.51	-7.3	0.3718016289963122
-36.45	-8.51	0.3615174028349768
-36.37	-9.7	0.37108626955984136
-36.26	-10.88	0.4272916372887451
-36.05	-12.02	0.5219489710103723
-35.02	-14.49	0.47479514967711745
-35.17	-13.34	0.39875021922704046
-35.27	-12.16	0.36039873963670954
-35.34	-10.97	0.3741836581570862
-35.39	-9.76	0.3504859143199551
-35.43	-8.55	0.32781844784569913
-35.46	-7.34	0.33127178398696966
-35.48	-6.12	0.3491635649641709
-35.49	-4.9	0.3579813706237728
-35.51	-3.67	0.3282017880358866
-35.52	-2.45	0.34341446712302726
-35.52	-1.22	0.3650410325159238
-35.52	0.0	0.36273664094290814
-35.52	1.22	0.34639588941411603
-35.52	2.45	0.3728471806472675
-35.51	3.67	0.34914868858718984
-35.49	4.9	0.3282904673277247
-35.48	6.12	0.3618869162846685
-35.46	7.34	0.36409855359834464
-35.43	8.55	0.3719878407639138
-35.39	9.76	0.38478988915989143
-35.34	10.97	0.3664717049383919
-35.27	12.16	0.38252950200355984
-35.17	13.34	0.4214278774114135
-35.02	14.49	0.5236615428420559
-33.85	16.92	0.48630750487589236
-34.0	15.79	0.4411667065238821
-34.1	14.62	0.42869131200797406
-34.17	13.42	0.3707954233336045
-34.22	12.22	0.38203424027872246
-34.26	11.01	0.38708613081433163
-34.29	9.8	0.3451929955934687
-34.31	8.58	0.3660901553698287
-34.33	7.36	0.3833535595288805
-34.34	6.13	0.3564854904169227
-34.35	4.91	0.37112820491710485
-34.35	3.68	0.3554204695486364
-34.36	2.45	0.3575767908331011
-34.36	1.23	0.32796939409096304
-34.36	-0.0	0.3445804222426266
-34.36	-1.23	0.3274035078741966
-34.36	-2.45	0.3223648445094301
-34.35	-3.68	0.31958862250764497
-34.35	-4.91	0.3098170477782316
-34.34	-6.13	0.319058788235016
-34.33	-7.36	0.3176167941108866
-34.31	-8.58	0.3208640474831741
-34.29	-9.8	0.32788804539727845
-34.26	-11.01	0.3061188545164861
-34.22	-12.22	0.3011793998860509
-34.17	-13.42	0.3057346558575753
-34.1	-14.62	0.34449443673376534
-34.0	-15.79	0.36592513740744825
-33.85	-16.92	0.4813711282433105
-32.6	-19.32	0.43967847680046257
-32.78	-18.21	0.3305022901007463
-32.9	-17.06	0.30831888932677326
-32.97	-15.87	0.33793590840297727
-33.02	-14.67	0.3062303679262801
-33.06	-13.47	0.30653126718903145
-33.09	-12.25	0.3051970223890382
-33.11	-11.04	0.31028919982624803
-33.13	-9.82	0.2992710892547653
-33.14	-8.59	0.3069804425587471
-33.15	-7.37	0.32279749891562437
-33.16	-6.14	0.32186407957474633
-33.17	-4.91	0.32792305169430963
-33.18	-3.69	0.3114717247496105
-33.18	-2.46	0.3375893971983706
-33.18	-1.23	0.32201049926817277
-33.19	0.0	0.3338306116063512
-33.18	1.23	0.32147234127309593
-33.18	2.46	0.32715234425133294
-33.18	3.69	0.32639686961895165
-33.17	4.91	0.3517294381683691
-33.16	6.14	0.3279010675921112
-33.15	7.37	0.333901100994735
-33.14	8.59	0.35618026723842383
-33.13	9.82	0.34770085543891416
-33.11	11.04	0.36537511766487873
-33.09	12.25	0.3779901547862222
-33.06	13.47	0.38653561077580967
-33.02	14.67	0.3888866184075007
-32.97	15.87	0.4162286713121912
-32.9	17.06	0.4051323924949003
-32.78	18.21	0.44796985489984054
-32.6	19.32	0.4981276171811656
-31.24	21.63	0.7294766760497272
-31.52	20.61	0.45302470811806883
-31.66	19.48	0.4107333748466625
-31.74	18.31	0.42324669038468
-31.8	17.12	0.43140583760709705
-31.84	15.92	0.38358766022219315
-31.87	14.71	0.3656420310518639
-31.9	13.49	0.3786052581905974
-31.91	12.27	0.36960018864650307
-31.93	11.05	0.35179644901849605
-31.95	9.83	0.3514624693753135
-31.96	8.6	0.3461000959378565
-31.97	7.38	0.35028465628794564
-31.98	6.15	0.32275452210155536
-31.99	4.92	0.3358890014687043
-32.0	3.69	0.3178212081038066
-32.0	2.46	0.31149879121009216
-32.0	1.23	0.33513324261584676
-32.0	-0.0	0.31632228702365295
-32.0	-1.23	0.31052035023205765
-32.0	-2.46	0.3110838346160919
-32.0	-3.69	0.30797968123871894
-31.99	-4.92	0.32601490691387114
-31.98	-6.15	0.31194475296543733
-31.97	-7.38	0.3201124592621327
-31.96	-8.6	0.3284180040503506
-31.95	-9.83	0.3229722052174312
-31.93	-11.05	0.32176678512572365
-31.91	-12.27	0.31783493396485574
-31.9	-13.49	0.30450498193091713
-31.87	-14.71	0.31182894979294584
-31.84	-15.92	0.29706600201366423
-31.8	-17.12	0.30818342407529836
-31.74	-18.31	0.3149573110266808
-31.66	-19.48	0.3111058025222684
-31.52	-20.61	0.3577605717080553
-31.24	-21.63	0.5061562086604222
-30.18	-22.94	0.45837241816243446
-30.38	-21.87	0.3306765317969449
-30.49	-20.73	0.31218610417596826
-30.56	-19.56	0.32165101482754255
-30.61	-18.37	0.30109729356394804
-30.65	-17.16	0.29838888842890077
-30.67	-15.95	0.3248833735129242
-30.69	-14.73	0.3121445953968216
-30.71	-13.51	0.3241375424543832
-30.73	-12.29	0.31734891886094646
-30.75	-11.07	0.3216573139074168
-30.76	-9.84	0.3282725372710893
-30.77	-8.62	0.3243632530400742
-30.78	-7.39	0.32121634318701375
-30.78	-6.16	0.3280493004892893
-30.78	-4.93	0.31142762380049394
-30.78	-3.69	0.3403247169080321
-30.78	-2.46	0.3225478015790681
-30.78	-1.23	0.33406903185847847
-30.78	0.0	0.3191343251027838
-30.78	1.23	0.33225723585303035
-30.78	2.46	0.329830242072428
-30.78	3.69	0.33938884883550186
-30.78	4.93	0.3292409978086457
-30.78	6.16	0.32191310753485264
-30.78	7.39	0.33522491711926206
-30.77	8.62	0.33329542352314445
-30.76	9.84	0.3350286060210727
-30.75	11.07	0.3513993474018871
-30.73	12.29	0.3572351501980537
-30.71	13.51	0.3817830880264611
-30.69	14.73	0.40399315269453
-30.67	15.95	0.3922702053014515
-30.65	17.16	0.3822574838810173
-30.61	18.37	0.37918589156307647
-30.56	19.56	0.39011188993906
-30.49	20.73	0.40186191940890326
-30.38	21.87	0.4522561026866869
-30.18	22.94	0.517783246472128
-29.04	24.2	0.5439399990871469
-29.2	23.12	0.4197864029757966
-29.3	21.97	0.40333201575700484
-29.36	20.8	0.3742852660564665
-29.41	19.61	0.3670646880314078
-29.44	18.4	0.406784275098649
-29.46	17.19	0.40219696039344155
-29.48	15.97	0.3993219811604748
-29.51	14.75	0.3760206457166804
-29.53	13.53	0.3447687157282404
-29.54	12.31	0.3310719516721153
-29.55	11.08	0.3215517633057217
-29.55	9.85	0.3494520202981115
-29.55	8.62	0.3575171899794623
-29.55	7.39	0.3279234055665816
-29.55	6.16	0.3206494593508188
-29.54	4.92	0.3187014794120316
-29.54	3.69	0.3200495999385398
-29.54	2.46	0.32072882681944753
-29.54	1.23	0.32263619726741405
-29.54	-0.0	0.3167859474852622
-29.54	-1.23	0.32243434076112387
-29.54	-2.46	0.32672841420953697
-29.54	-3.69	0.3201691353125185
-29.54	-4.92	0.3193501978313359
-29.55	-6.16	0.3274644994095523
-29.55	-7.39	0.33628776220127204
-29.55	-8.62	0.31908763027912024
-29.55	-9.85	0.33923771756728277
-29.55	-11.08	0.3277232737046685
-29.54	-12.31	0.3195404493635803
-29.53	-13.53	0.3171439491630745
-29.51	-14.75	0.32439487596290867
-29.48	-15.97	0.3194999142408957
-29.46	-17.19	0.31194491418540876
-29.44	-18.4	0.3036864130291169
-29.41	-19.61	0.3069442772839259
-29.36	-20.8	0.3257777946403595
-29.3	-21.97	0.31532106914156743
-29.2	-23.12	0.3295639330730077
-29.04	-24.2	0.4174923624041713
-27.86	-25.43	0.39756742988756055
-28.01	-24.36	0.3165391864788194
-28.1	-23.21	0.31760461928360517
-28.16	-22.04	0.3167579859240482
-28.2	-20.84	0.32306243143415936
-28.22	-19.63	0.30997265142322383
-28.25	-18.42	0.3298720402458211
-28.27	-17.21	0.32026493934011946
-28.3	-15.99	0.31988407743727154
-28.31	-14.77	0.35109046367680236
-28.32	-13.54	0.3344880449195782
-28.32	-12.31	0.32968625425479636
-28.32	-11.08	0.31154553942859087
-28.31	-9.85	0.3140229466691998
-28.31	-8.62	0.3185341702194917
-28.31	-7.38	0.31241687858807543
-28.31	-6.15	0.3158703754530388
-28.31	-4.92	0.3113786805720784
-28.31	-3.69	0.2959786652215724
-28.31	-2.46	0.3115946311251876
-28.31	-1.23	0.30198394008585333
-28.31	0.0	0.32088931114127733
-28.31	1.23	0.3064202264631635
-28.31	2.46	0.31453822895023464
-28.31	3.69	0.31968868429342284
-28.31	4.92	0.3024688888667311
-28.31	6.15	0.3228191935687266
-28.31	7.38	0.3444314912527886
-28.31	8.62	0.31101162512103125
-28.31	9.85	0.31853241385009545
-28.32	11.08	0.33378549576022454
-28.32	12.31	0.34426393609530587
-28.32	13.54	0.3479248226391498
-28.31	14.77	0.34136039486612163
-28.3	15.99	0.36347090000234494
-28.27	17.21	0.357669547681539
-28.25	18.42	0.4012333111726857
-28.22	19.63	0.40400582526001416
-28.2	20.84	0.36417704067224266
-28.16	22.04	0.38587937729273136
-28.1	23.21	0.3877070362250452
-28.01	24.36	0.4443953605055573
-27.86	25.43	0.4912640406534079
-26.65	26.65	0.5118404572259919
-26.8	25.59	0.4277155074865602
-26.89	24.44	0.3969094574562345
-26.94	23.27	0.3695035886961763
-26.98	22.07	0.41963058971810185
-27.01	20.87	0.382115128426667
-27.03	19.66	0.39230832409924854
-27.06	18.45	0.364780401352145
-27.08	17.23	0.34825783118566994
-27.09	16.01	0.3504890505358621
-27.09	14.78	0.34216278174041237
-27.08	13.54	0.3383205436972192
-27.08	12.31	0.3161688752113883
-27.08	11.08	0.3268938057939107
-27.08	9.85	0.3223868797312451
-27.08	8.62	0.3125524974493551
-27.08	7.39	0.32955990773301924
-27.08	6.16	0.31334734340800174
-27.09	4.93	0.31425340540164926
-27.09	3.69	0.32084541654393917
-27.09	2.46	0.3201288884145802
-27.09	1.23	0.3286820431038834
-27.09	-0.0	0.3194753110053625
-27.09	-1.23	0.3170514496329283
-27.09	-2.46	0.3032272651788481
-27.09	-3.69	0.3042962218749526
-27.09	-4.93	0.3201051586701238
-27.08	-6.16	0.3137085202420527
-27.08	-7.39	0.32439043613516483
-27.08	-8.62	0.31962569341138586
-27.08	-9.85	0.30573537672553536
-27.08	-11.08	0.3122892007972741
-27.08	-12.31	0.316524030939315
-27.08	-13.54	0.3322404042187949
-27.09	-14.78	0.3132597861718287
-27.09	-16.01	0.3461765443818444
-27.08	-17.23	0.33433755367071866
-27.06	-18.45	0.3362437608274311
-27.03	-19.66	0.3212011766262094
-27.01	-20.87	0.32941494717261544
-26.98	-22.07	0.3167816760486474
-26.94	-23.27	0.33935785920169176
-26.89	-24.44	0.32328070761924654
-26.8	-25.59	0.3206388541548827
-26.65	-26.65	0.3888257346545051
-25.43	-27.86	0.442879787608493
-25.59	-26.8	0.3458846534440154
-25.67	-25.67	0.3263143055315081
-25.72	-24.5	0.34887076957834884
-25.76	-23.31	0.32604430997657136
-25.78	-22.1	0.32815027157055643
-25.81	-20.89	0.3241455476933614
-25.84	-19.68	0.35931037946818173
-25.85	-18.47	0.3465232837954609
-25.86	-17.24	0.33097186856539135
-25.85	-16.01	0.3429226531086133
-25.85	-14.77	0.3226682097844255
-25.85	-13.54	0.3075769999599582
-25.85	-12.31	0.3052123694494527
-25.85	-11.08	0.31604736793283367
-25.85	-9.85	0.31564432483623833
-25.86	-8.62	0.3197853854441495
-25.86	-7.39	0.33002578292589735
-25.87	-6.16	0.31951101484946404
-25.87	-4.93	0.31577961439621155
-25.87	-3.7	0.33190800188396935
-25.87	-2.46	0.3312398617547564
-25.87	-1.23	0.33538572915873066
-25.87	0.0	0.33171153449215607
-25.87	1.23	0.3334183262057377
-25.87	2.46	0.3267349290148389
-25.87	3.7	0.3188954419369631
-25.87	4.93	0.3136509402591451
-25.87	6.16	0.31459189509922814
-25.86	7.39	0.32651142347542056
-25.86	8.62	0.3077405932173962
-25.85	9.85	0.3182930667076937
-25.85	11.08	0.32708912079403296
-25.85	12.31	0.3072739398673226
-25.85	13.54	0.33133690652503744
-25.85	14.77	0.30492702595269544
-25.85	16.01	0.3366084580607079
-25.86	17.24	0.3304900447662269
-25.85	18.47	0.3431782980923286
-25.84	19.68	0.35488081370857466
-25.81	20.89	0.37430944406434064
-25.78	22.1	0.40191145257410377
-25.76	23.31	0.42398545481669847
-25.72	24.5	0.38588332414166293
-25.67	25.67	0.35893991324335306
-25.59	26.8	0.41925077798872235
-25.43	27.86	0.4896676276856814
-24.2	29.04	0.6251814156605158
-24.36	28.01	0.4371733118162838
-24.44	26.89	0.4282180892939603
-24.5	25.72	0.4125427075480581
-24.53	24.53	0.41215296920506383
-24.56	23.33	0.4250116014188345
-24.59	22.13	0.36913820205849374
-24.61	20.92	0.35545365247708105
-24.62	19.7	0.32658298861226454
-24.63	18.47	0.3414177858650898
-24.62	17.23	0.3189159301913443
-24.62	16.0	0.31749578032972026
-24.62	14.77	0.3185548598748575
-24.62	13.54	0.33141155414464823
-24.63	12.31	0.3307810987564876
-24.63	11.08	0.3481460160569088
-24.63	9.85	0.3004234357918716
-24.64	8.62	0.30973505368319204
-24.64	7.39	0.3055391473397127
-24.64	6.16	0.32920186455615
-24.64	4.93	0.33781556224293896
-24.64	3.7	0.3349350211700794
-24.64	2.46	0.3241128559338487
-24.64	1.23	0.32616313231148664
-24.64	-0.0	0.33401067489950853
-24.64	-1.23	0.33090298632301995
-24.64	-2.46	0.33447624682259264
-24.64	-3.7	0.3264123447425887
-24.64	-4.93	0.33406559384844836
-24.64	-6.16	0.323683211917003
-24.64	-7.39	0.3139878879793656
-24.64	-8.62	0.3373294601136898
-24.63	-9.85	0.3221220584810672
-24.63	-11.08	0.3143287270107389
-24.63	-12.31	0.30769510452827387
-24.62	-13.54	0.32085913844645103
-24.62	-14.77	0.3006158528370174
-24.62	-16.0	0.31451651170812683
-24.62	-17.23	0.3104994635437289
-24.63	-18.47	0.33513390028451967
-24.62	-19.7	0.3282618686664514
-24.61	-20.92	0.3523543936370241
-24.59	-22.13	0.3372087655271143
-24.56	-23.33	0.31921810607283796
-24.53	-24.53	0.3308690015932545
-24.5	-25.72	0.3259532725790124
-24.44	-26.89	0.3317587137746359
-24.36	-28.01	0.34175691572129085
-24.2	-29.04	0.4820393461107927
-22.94	-30.18	0.5091818802157707
-23.12	-29.2	0.368287311581471
-23.21	-28.1	0.31727326434767533
-23.27	-26.94	0.34028085481001275
-23.31	-25.76	0.3285849702858662
-23.33	-24.56	0.3301720038589275
-23.36	-23.36	0.34205026784552073
-23.38	-22.15	0.3411567106343994
-23.39	-20.93	0.3443008198233324
-23.39	-19.7	0.31370420948478595
-23.39	-18.46	0.30335323556403015
-23.38	-17.23	0.30783821623516544
-23.39	-16.0	0.31400150540859145
-23.39	-14.77	0.30562327840324277
-23.4	-13.55	0.3173740488730911
-23.4	-12.32	0.32270785279895153
-23.41	-11.09	0.31300019153284064
-23.41	-9.86	0.32402867501574095
-23.41	-8.62	0.3090097401185023
-23.41	-7.39	0.31769328253233897
-23.41	-6.16	0.33483110778374664
-23.41	-4.93	0.31182133223355474
-23.41	-3.7	0.32112152151907536
-23.41	-2.46	0.3183641219725471
-23.41	-1.23	0.3218007386570226
-23.41	0.0	0.32330549538912334
-23.41	1.23	0.31828194527757375
-23.41	2.46	0.3145333921252343
-23.41	3.7	0.3159077219191102
-23.41	4.93	0.3356974992081938
-23.41	6.16	0.31631752960290327
-23.41	7.39	0.3437945045853481
-23.41	8.62	0.3418819939856234
-23.41	9.86	0.31557486200928964
-23.41	11.09	0.31056456602022675
-23.4	12.32	0.31300903871260294
-23.4	13.55	0.3231026231230491
-23.39	14.77	0.3165233790129383
-23.39	16.0	0.31583283781670235
-23.38	17.23	0.339184461751746
-23.39	18.46	0.3060910455149955
-23.39	19.7	0.32715252153824875
-23.39	20.93	0.330647735415097
-23.38	22.15	0.3695546776149265
-23.36	23.36	0.38733475988705024
-23.33	24.56	0.3921945055076783
-23.31	25.76	0.3888631668312139
-23.27	26.94	0.38077421934270916
-23.21	28.1	0.39529816706117316
-23.12	29.2	0.45151842736492476
-22.94	30.18	0.5425314968702611
-21.63	31.24	0.3098043760005892
-21.87	30.38	0.4880212422029453
-21.97	29.3	0.3840016369567344
-22.04	28.16	0.36298842822463573
-22.07	26.98	0.3881697993558749
-22.1	25.78	0.38982244960836565
-22.13	24.59	0.3789318150064906
-22.15	23.38	0.36229431115913535
-22.16	22.16	0.3315414435776061
-22.16	20.93	0.33917758431213546
-22.16	19.69	0.32853724484317676
-22.15	18.46	0.31397829561896956
-22.16	17.23	0.3139419876946921
-22.16	16.01	0.32040010098769206
-22.17	14.78	0.3144829039789568
-22.17	13.55	0.2893012305793632
-22.18	12.32	0.2925712912765463
-22.18	11.09	0.30988390976603275
-22.18	9.86	0.3083654947940927
-22.18	8.62	0.3160293173378445
-22.18	7.39	0.3119656017899577
-22.18	6.16	0.3221696260163865
-22.18	4.93	0.31297749042108786
-22.19	3.7	0.3154180435879912
-22.19	2.47	0.3154631260134823
-22.19	1.23	0.31446714200058734
-22.19	-0.0	0.3263633779926953
-22.19	-1.23	0.31744810068627205
-22.19	-2.47	0.30900493371487564
-22.19	-3.7	0.3174099461645528
-22.18	-4.93	0.3246921370190599
-22.18	-6.16	0.33083985897087476
-22.18	-7.39	0.32740424148158387
-22.18	-8.62	0.32461686581748544
-22.18	-9.86	0.31978044519025534
-22.18	-11.09	0.2991664516701416
-22.18	-12.32	0.3226085253648871
-22.17	-13.55	0.33184020572312267
-22.17	-14.78	0.3304995564674988
-22.16	-16.01	0.31711933136041826
-22.16	-17.23	0.30067851222420305
-22.15	-18.46	0.3018725724633538
-22.16	-19.69	0.2997047287659842
-22.16	-20.93	0.3078955465544372
-22.16	-22.16	0.33896435367729955
-22.15	-23.38	0.3455426699125616
-22.13	-24.59	0.3386969998886955
-22.1	-25.78	0.34366558337462005
-22.07	-26.98	0.34008164675432023
-22.04	-28.16	0.3428816234607829
-21.97	-29.3	0.3456191658620772
-21.87	-30.38	0.42799666222126853
-21.63	-31.24	0.3911750502616679
-20.61	-31.52	0.5295919550666642
-20.73	-30.49	0.3453274745523418
-20.8	-29.36	0.34959209355052223
-20.84	-28.2	0.3436037745193435
-20.87	-27.01	0.33113462641114944
-20.89	-25.81	0.33940769124603337
-20.92	-24.61	0.33075804911862744
-20.93	-23.39	0.3421226486436213
-20.93	-22.16	0.32094008955461023
-20.92	-20.92	0.29828957722933686
-20.92	-19.69	0.3083227327290674
-20.93	-18.47	0.3029157824628234
-20.93	-17.24	0.31809626565375115
-20.94	-16.01	0.33176242780381465
-20.94	-14.78	0.32280239130755606
-20.94	-13.55	0.324937017733218
-20.94	-12.32	0.31558528565346794
-20.95	-11.09	0.3269539979867393
-20.95	-9.86	0.3210118083270118
-20.95	-8.63	0.3241455345746067
-20.95	-7.4	0.3243388897227949
-20.96	-6.16	0.3152768872606941
-20.96	-4.93	0.32066639425349125
-20.96	-3.7	0.3129171896381024
-20.96	-2.47	0.32309204235018757
-20.96	-1.23	0.310250535657955
-20.96	0.0	0.32521740406481475
-20.96	1.23	0.3193125419777819
-20.96	2.47	0.3138887219399567
-20.96	3.7	0.3172678882876071
-20.96	4.93	0.32329562864059086
-20.96	6.16	0.3159215188874561
-20.95	7.4	0.3135024917978823
-20.95	8.63	0.3187380349663007
-20.95	9.86	0.33694825348777846
-20.95	11.09	0.31170713515804405
-20.94	12.32	0.32481478566917693
-20.94	13.55	0.3128814357359978
-20.94	14.78	0.30592223228409504
-20.94	16.01	0.302695773656012
-20.93	17.24	0.3261278881382061
-20.93	18.47	0.3074091482231353
-20.92	19.69	0.32311850652555757
-20.92	20.92	0.3117515568515939
-20.93	22.16	0.33790442686137967
-20.93	23.39	0.33415998577388417
-20.92	24.61	0.3547303826735178
-20.89	25.81	0.36517152189850943
-20.87	27.01	0.4075649293600132
-20.84	28.2	0.357924406374891
-20.8	29.36	0.37268268445775055
-20.73	30.49	0.41181009041036853
-20.61	31.52	0.6296942575983442
-19.32	32.6	0.10000003221778107
-19.48	31.66	0.4633006068938018
-19.56	30.56	0.3635645531633209
-19.61	29.41	0.3701288269963702
-19.63	28.22	0.41003546175204075
-19.66	27.03	0.37835931959851804
-19.68	25.84	0.3354602238294155
-19.7	24.62	0.34586292324083334
-19.7	23.39	0.3296383743557777
-19.69	22.16	0.3174020738651033
-19.69	20.92	0.3147667138757941
-19.7	19.7	0.31220978047451886
-19.7	18.47	0.33497269644939126
-19.71	17.25	0.3105996652935294
-19.71	16.02	0.3228530349331957
-19.71	14.78	0.286911169065748
-19.71	13.55	0.3109352000289508
-19.72	12.32	0.31611850046843043
-19.72	11.09	0.32231512719730177
-19.72	9.86	0.31261703925429946
-19.72	8.63	0.33040421083950916
-19.73	7.4	0.31739458199172427
-19.73	6.16	0.3119592791263542
-19.73	4.93	0.317907690419368
-19.73	3.7	0.32252507945438413
-19.73	2.47	0.3067359024744214
-19.73	1.23	0.31834379027696086
-19.73	-0.0	0.31070526775600266
-19.73	-1.23	0.31719900942601453
-19.73	-2.47	0.3251891445699955
-19.73	-3.7	0.31910028339324575
-19.73	-4.93	0.3175030858237074
-19.73	-6.16	0.31622125104116494
-19.73	-7.4	0.31461860595992736
-19.72	-8.63	0.3378335059182657
-19.72	-9.86	0.3250164838201418
-19.72	-11.09	0.31562052315002403
-19.72	-12.32	0.3311908287755814
-19.71	-13.55	0.31864698152545523
-19.71	-14.78	0.3176917152084407
-19.71	-16.02	0.3210526483486724
-19.71	-17.25	0.33806443649334084
-19.7	-18.47	0.3235899828046754
-19.7	-19.7	0.30709958758908934
-19.69	-20.92	0.30951508060617866
-19.69	-22.16	0.31427139539292376
-19.7	-23.39	0.31520165848487364
-19.7	-24.62	0.3320231640006124
-19.68	-25.84	0.34904267805779793
-19.66	-27.03	0.34301851476953255
-19.63	-28.22	0.3419511669358457
-19.61	-29.41	0.3482599349911828
-19.56	-30.56	0.34813836642443374
-19.48	-31.66	0.38211641819509923
-19.32	-32.6	0.465069548033587
-18.21	-32.78	0.4807318226188356
-18.31	-31.74	0.3447816615169373
-18.37	-30.61	0.3668322676841077
-18.4	-29.44	0.3652564996406974
-18.42	-28.25	0.3373709821200243
-18.45	-27.06	0.3559933634943489
-18.47	-25.85	0.33070403757161443
-18.47	-24.63	0.31921390086725515
-18.46	-23.39	0.31567509768827307
-18.46	-22.15	0.3113672042920806
-18.47	-20.93	0.31739897304630305
-18.47	-19.7	0.3093153414073996
-18.48	-18.48	0.31928721140465904
-18.48	-17.25	0.31410049483685964
-18.48	-16.02	0.3260309918060844
-18.48	-14.79	0.3155626593077688
-18.49	-13.56	0.3231291620350575
-18.49	-12.33	0.3272652539641116
-18.49	-11.1	0.31748476060390746
-18.49	-9.86	0.3276843646076729
-18.49	-8.63	0.3117679054168537
-18.49	-7.4	0.31717820583576994
-18.49	-6.16	0.3096312169038625
-18.5	-4.93	0.3069962897662749
-18.5	-3.7	0.3158083153445914
-18.5	-2.47	0.3309507137866218
-18.5	-1.23	0.3108231001897295
-18.5	0.0	0.315010523940458
-18.5	1.23	0.33017089440469716
-18.5	2.47	0.3146712736122966
-18.5	3.7	0.3137491789462304
-18.5	4.93	0.33126540158289103
-18.49	6.16	0.3155727936725392
-18.49	7.4	0.306894806599293
-18.49	8.63	0.31911691340496195
-18.49	9.86	0.31058127899014293
-18.49	11.1	0.3206964993529288
-18.49	12.33	0.31486483238625496
-18.49	13.56	0.32108538335562437
-18.48	14.79	0.32200388401872587
-18.48	16.02	0.30476445037335387
-18.48	17.25	0.30898119209672564
-18.48	18.48	0.330460056562372
-18.47	19.7	0.31577534765143217
-18.47	20.93	0.3151150448565789
-18.46	22.15	0.31186631708138135
-18.46	23.39	0.338099996880957
-18.47	24.63	0.32971587594923696
-18.47	25.85	0.3496720550262711
-18.45	27.06	0.3628973050717005
-18.42	28.25	0.3695416883163934
-18.4	29.44	0.37523923131451575
-18.37	30.61	0.3639159633542647
-18.31	31.74	0.4150250157472689
-18.21	32.78	0.4911120453110185
-16.92	33.85	0.5040037422114604
-17.06	32.9	0.4637120118168675
-17.12	31.8	0.36979236582557584
-17.16	30.65	0.3512660290794497
-17.19	29.46	0.3632981816548396
-17.21	28.27	0.344157690321315
-17.23	27.08	0.3561991331006557
-17.24	25.86	0.32692353489253645
-17.23	24.62	0.32837317019638473
-17.23	23.38	0.325013288935753
-17.23	22.16	0.31661877788795145
-17.24	20.93	0.3139760355932835
-17.25	19.71	0.31291047047753917
-17.25	18.48	0.3064449741322827
-17.25	17.25	0.31515741376372747
-17.25	16.02	0.32791798665505983
-17.25	14.79	0.3203686945902713
-17.26	13.56	0.3087164742242457
-17.26	12.33	0.32677273506683696
-17.26	11.1	0.3005028314118728
-17.26	9.86	0.31636430526802867
-17.26	8.63	0.3140243887302886
-17.26	7.4	0.3122947491258389
-17.26	6.17	0.32379927107107764
-17.26	4.93	0.31531763809963453
-17.27	3.7	0.32125732680117663
-17.27	2.47	0.3259477890673317
-17.27	1.23	0.3241856516855051
-17.27	-0.0	0.32099805824945654
-17.27	-1.23	0.3192501500894003
-17.27	-2.47	0.32521772660869247
-17.27	-3.7	0.31911149454171706
-17.26	-4.93	0.3221424724592478
-17.26	-6.17	0.3185185901046212
-17.26	-7.4	0.319004462638579
-17.26	-8.63	0.32365686098060953
-17.26	-9.86	0.3286990796794759
-17.26	-11.1	0.31809572149431625
-17.26	-12.33	0.3178434688619586
-17.26	-13.56	0.3225473904991298
-17.25	-14.79	0.3259098013940208
-17.25	-16.02	0.30028556463604344
-17.25	-17.25	0.32469262106388364
-17.25	-18.48	0.327598047441771
-17.25	-19.71	0.3051445456273578
-17.24	-20.93	0.3322172992377663
-17.23	-22.16	0.3223000268045381
-17.23	-23.38	0.3157239935392566
-17.23	-24.62	0.31524024903096126
-17.24	-25.86	0.318210335877682
-17.23	-27.08	0.34925658078159016
-17.21	-28.27	0.3646039477359792
-17.19	-29.46	0.3545288438679834
-17.16	-30.65	0.37461308153299633
-17.12	-31.8	0.3650217072162687
-17.06	-32.9	0.3547359976349489
-16.92	-33.85	0.5729163905628639
-15.79	-34.0	0.4848105362215479
-15.87	-32.97	0.36605104985254655
-15.92	-31.84	0.37141232542298197
-15.95	-30.67	0.3613332135067734
-15.97	-29.48	0.35647673043818634
-15.99	-28.3	0.35779455205906746
-16.01	-27.09	0.33245974755816804
-16.01	-25.85	0.3140698822878253
-16.0	-24.62	0.31259794025427023
-16.0	-23.39	0.31498040281126544
-16.01	-22.16	0.32860337690155755
-16.01	-20.94	0.31525005853878185
-16.02	-19.71	0.3070933820439616
-16.02	-18.48	0.3136262312649021
-16.02	-17.25	0.32409255806889853
-16.02	-16.02	0.3239195237845473
-16.03	-14.79	0.32160903220573045
-16.03	-13.56	0.337250526838127
-16.03	-12.33	0.32320068622285075
-16.03	-11.1	0.31825702491156693
-16.03	-9.86	0.3195481700927574
-16.03	-8.63	0.31077020231204866
-16.03	-7.4	0.32243398507176607
-16.03	-6.17	0.3286526930474816
-16.04	-4.93	0.32150606767824436
-16.04	-3.7	0.3225122364557882
-16.04	-2.47	0.3144297645784461
-16.04	-1.23	0.3228783592043326
-16.04	0.0	0.3350661871769771
-16.04	1.23	0.33947160874902904
-16.04	2.47	0.31463271245224145
-16.04	3.7	0.30776656234306643
-16.04	4.93	0.32136038293546726
-16.03	6.17	0.32786776901069775
-16.03	7.4	0.3300716207551774
-16.03	8.63	0.3175192163159571
-16.03	9.86	0.3140231224341384
-16.03	11.1	0.32308146532561327
-16.03	12.33	0.31082030475507016
-16.03	13.56	0.321068212435401
-16.03	14.79	0.319833984262157
-16.02	16.02	0.3054909209459326
-16.02	17.25	0.32112441925782975
-16.02	18.48	0.31681491993320116
-16.02	19.71	0.3136388278110318
-16.01	20.94	0.32385086295508986
-16.01	22.16	0.3043870068932151
-16.0	23.39	0.31296774156502905
-16.0	24.62	0.319836935056332
-16.01	25.85	0.33316846842413617
-16.01	27.09	0.3327786942103158
-15.99	28.3	0.3513099687800351
-15.97	29.48	0.39702935150343277
-15.95	30.67	0.396856836834388
-15.92	31.84	0.38349990050653604
-15.87	32.97	0.4021739053709811
-15.79	34.0	0.5180387472733754
-14.49	35.02	0.2841471623128745
-14.62	34.1	0.4603769194410624
-14.67	33.02	0.3674010417820298
-14.71	31.87	0.35927244416327153
-14.73	30.69	0.3740110037280877
-14.75	29.51	0.35641618766961236
-14.77	28.31	0.3379570567590297
-14.78	27.09	0.33275112603271717
-14.77	25.85	0.331372892679957
-14.77	24.62	0.31980514615070543
-14.77	23.39	0.2992131657668229
-14.78	22.17	0.3157632553144359
-14.78	20.94	0.3249421807182458
-14.78	19.71	0.30392857720156535
-14.79	18.48	0.32105679322324526
-14.79	17.25	0.31483295267917194
-14.79	16.03	0.3115875189084631
-14.79	14.79	0.3232819814020364
-14.8	13.56	0.3096919676257682
-14.8	12.33	0.3111940078655221
-14.8	11.1	0.31002986919775744
-14.8	9.87	0.32063483183470826
-14.8	8.63	0.3221490498508515
-14.8	7.4	0.30613978410236037
-14.8	6.17	0.32266133848209766
-14.8	4.93	0.3180422109105294
-14.8	3.7	0.31810373959084204
-14.8	2.47	0.32359797468216434
-14.8	1.23	0.3127525366755018
-14.8	-0.0	0.31359808682250384
-14.8	-1.23	0.325167866757542
-14.8	-2.47	0.3182716526330869
-14.8	-3.7	0.3066921032805602
-14.8	-4.93	0.3238797694914842
-14.8	-6.17	0.3191705413159995
-14.8	-7.4	0.30857789623941134
-14.8	-8.63	0.31455324231845305
-14.8	-9.87	0.31845778715052253
-14.8	-11.1	0.32169655551037823
-14.8	-12.33	0.3250527759877972
-14.8	-13.56	0.333323981113202
-14.79	-14.79	0.3340184489923675
-14.79	-16.03	0.32960460554726356
-14.79	-17.25	0.3303927976975099
-14.79	-18.48	0.32651953577958076
-14.78	-19.71	0.3240346148804507
-14.78	-20.94	0.3172366725244844
-14.78	-22.17	0.3233335343477469
-14.77	-23.39	0.298013760340039
-14.77	-24.62	0.31832253462574206
-14.77	-25.85	0.3109623069795454
-14.78	-27.09	0.3228161827530482
-14.77	-28.31	0.3598527488718116
-14.75	-29.51	0.34932719942798435
-14.73	-30.69	0.3929782505508854
-14.71	-31.87	0.3894082482047816
-14.67	-33.02	0.3744031505484511
-14.62	-34.1	0.39017852663715236
-14.49	-35.02	0.48877295360620043
-13.34	-35.17	0.3193380773555166
-13.42	-34.17	0.38164804481648307
-13.47	-33.06	0.38756588205595
-13.49	-31.9	0.3822568713017066
-13.51	-30.71	0.3601332092696086
-13.53	-29.53	0.3497377690338353
-13.54	-28.32	0.3153704190199319
-13.54	-27.08	0.30140845640373704
-13.54	-25.85	0.3201913126498885
-13.54	-24.62	0.31313525042957213
-13.55	-23.4	0.3203998559236203
-13.55	-22.17	0.33910693421654264
-13.55	-20.94	0.31103986554508184
-13.55	-19.71	0.32741053787486935
-13.56	-18.49	0.3149476711074065
-13.56	-17.26	0.33425611043206743
-13.56	-16.03	0.32459675248311753
-13.56	-14.8	0.3307753384673736
-13.56	-13.56	0.313842235218226
-13.56	-12.33	0.33641972780450236
-13.57	-11.1	0.3281534755924524
-13.57	-9.87	0.3272633088233905
-13.57	-8.64	0.3191834423974772
-13.57	-7.4	0.3169057494658537
-13.57	-6.17	0.3378226726565664
-13.57	-4.93	0.32301083611433395
-13.57	-3.7	0.3236159245800856
-13.57	-2.47	0.32924954334886186
-13.57	-1.23	0.31025884079441496
-13.57	0.0	0.3156693987764712
-13.57	1.23	0.32887561326572695
-13.57	2.47	0.3172610930901551
-13.57	3.7	0.3209791753850198
-13.57	4.93	0.31674699434772363
-13.57	6.17	0.3217982051920123
-13.57	7.4	0.3210464064783258
-13.57	8.64	0.3136355293366195
-13.57	9.87	0.3098781174065247
-13.57	11.1	0.3067585174022833
-13.56	12.33	0.32417474688791986
-13.56	13.56	0.3304331186314724
-13.56	14.8	0.3106346555305662
-13.56	16.03	0.32868108833253984
-13.56	17.26	0.32048013529310965
-13.56	18.49	0.32439379345448593
-13.55	19.71	0.3220403965192699
-13.55	20.94	0.34134143795975425
-13.55	22.17	0.32786936999746763
-13.55	23.4	0.31110170511417573
-13.54	24.62	0.31857720119315674
-13.54	25.85	0.3444522817190961
-13.54	27.08	0.33842599474928403
-13.54	28.32	0.35154521584605947
-13.53	29.53	0.37072470529915297
-13.51	30.71	0.40803745640227285
-13.49	31.9	0.39167361715978244
-13.47	33.06	0.4123432318605449
-13.42	34.17	0.41620401439156574
-13.34	35.17	0.5402278913904472
-12.02	36.05	0.6772032421830481
-12.16	35.27	0.5055152218537421
-12.22	34.22	0.38957939500830896
-12.25	33.09	0.38076371799521014
-12.27	31.91	0.38449070377279837
-12.29	30.73	0.39778680068086814
-12.31	29.54	0.34523632092184414
-12.31	28.32	0.35518331631179906
-12.31	27.08	0.3334009437201999
-12.31	25.85	0.3317536348299262
-12.31	24.63	0.2986132685313226
-12.32	23.4	0.31218289373188035
-12.32	22.18	0.31662483877841235
-12.32	20.94	0.3374410181733148
-12.32	19.72	0.31253021787771806
-12.33	18.49	0.31469554596877486
-12.33	17.26	0.31867329064800465
-12.33	16.03	0.3043534508923801
-12.33	14.8	0.3240395589692982
-12.33	13.56	0.3184780719698115
-12.33	12.33	0.3111509969475131
-12.34	11.1	0.31798557632095314
-12.34	9.87	0.3218908759129171
-12.34	8.64	0.3156519983508537
-12.34	7.4	0.31045192174711056
-12.34	6.17	0.3265049738873944
-12.34	4.93	0.3314473010396059
-12.34	3.7	0.32686774847118877
-12.34	2.47	0.3428203991252605
-12.34	1.23	0.334352405048415
-12.34	-0.0	0.32973769200363234
-12.34	-1.23	0.32786362752060955
-12.34	-2.47	0.329474396966011
-12.34	-3.7	0.3340849906552377
-12.34	-4.93	0.33846111017495284
-12.34	-6.17	0.3429754868708506
-12.34	-7.4	0.33561057554809326
-12.34	-8.64	0.33324407648167176
-12.34	-9.87	0.34085709705683853
-12.34	-11.1	0.33474553040757976
-12.33	-12.33	0.3281028846535936
-12.33	-13.56	0.3319753063414718
-12.33	-14.8	0.3481115365107269
-12.33	-16.03	0.3393758602256801
-12.33	-17.26	0.32073626723973475
-12.33	-18.49	0.3403505194167739
-12.32	-19.72	0.3265809645165398
-12.32	20.94	0.3125717530106065
-12.32	22.18	0.3244038327293726
-12.32	23.4	0.31458833282475024
-12.31	24.63	0.32076051579842
-12.31	25.85	0.3295509095712266
-12.31	27.08	0.34887786489182904
-12.31	28.32	0.35638960598231506
-12.31	29.54	0.36734862841284666
-12.29	30.73	0.369984774485765
-12.27	31.91	0.41219798158519205
-12.25	33.09	0.38992949882087113
-12.22	34.22	0.4314729766732771
-12.16	35.27	0.4973210573064154
-12.02	36.05	0.42552993003685413
-10.88	36.26	0.8999999999967546
-10.97	35.34	0.4563133087204664
-11.01	34.26	0.39941636318301055
-11.04	33.11	0.37941486968220006
-11.05	31.93	0.41807151700805345
-11.07	30.75	0.34302134958029995
-11.08	29.55	0.34599820331234965
-11.08	28.32	0.3523660396081996
-11.08	27.08	0.340556677649236
-11.08	25.85	0.3193374623796619
-11.08	24.63	0.3222522226374387
-11.09	23.41	0.3237621656123071
-11.09	22.18	0.3238141599651564
-11.09	20.95	0.31348957737712724
-11.09	19.72	0.3182668171587075
-11.1	18.49	0.32178870004596927
-11.1	17.26	0.33074409750589395
-11.1	16.03	0.3252609682541131
-11.1	14.8	0.3196789030666868
-11.1	13.57	0.3294414922986461
-11.1	12.34	0.3163897243123123
-11.1	11.1	0.33752074854800856
-11.1	9.87	0.337175649006947
-11.1	8.64	0.32998833504386105
-11.1	7.4	0.3220727942799959
-11.1	6.17	0.32688179185371113
-11.1	4.94	0.3231512495787741
-11.11	3.7	0.3265129182117179
-11.11	2.47	0.32498272778429454
-11.11	1.23	0.3277026242266052
-11.11	-0.0	0.33756637313817844
-11.11	-1.23	0.3130697566011592
-11.11	-2.47	0.3253130414406947
-11.11	-3.7	0.32888614343783806
-11.1	-4.94	0.3390066491161324
-11.1	-6.17	0.3134211284975195
-11.1	-7.4	0.3294551425346907
-11.1	-8.64	0.3294755943409798
-11.1	-9.87	0.32556649882698024
-11.1	-11.1	0.33043832440711246
-11.1	-12.34	0.32205737107055515
-11.1	-13.57	0.3372516409714623
-11.1	-14.8	0.3528143056384694
-11.1	-16.03	0.3397484387440629
-11.1	-17.26	0.32387289514430423
-11.1	-18.49	0.32851404106018894
-11.09	-19.72	0.3346769688364522
-11.09	-20.95	0.349023774396253
-11.09	-22.18	0.34296569477096717
-11.09	-23.41	0.3141764032208813
-11.08	-24.63	0.3419185415915813
-11.08	-25.85	0.3319301147719373
-11.08	-27.08	0.31553887519243784
-11.08	-28.32	0.31119052508316364
-11.08	-29.55	0.3227739622824593
-11.07	-30.75	0.3593746147241415
-11.05	-31.93	0.36644210645956354
-11.04	-33.11	0.4287865338387077
-11.01	-34.26	0.36358339012863483
-10.97	-35.34	0.4359279531379632
-10.88	-36.26	0.5018520412622732
-9.7	-36.37	0.5797883285799718
-9.76	-35.39	0.3806691992342882
-9.8	-34.29	0.4235905893483496
-9.82	-33.13	0.4112584980212425
-9.83	-31.95	0.367649894000553
-9.84	-30.76	0.34689954078489216
-9.85	-29.55	0.3285262550727933
-9.85	-28.31	0.29836824852853305
-9.85	-27.08	0.3269484690044903
-9.85	-25.85	0.32570622498389956
-9.85	-24.63	0.34216120755151525
-9.86	-23.41	0.32775438372066695
-9.86	-22.18	0.3427880138092493
-9.86	-20.95	0.3176221121818248
-9.86	-19.72	0.3432888299155161
-9.86	-18.49	0.33423756707135077
-9.86	-17.26	0.32842314823936153
-9.86	-16.03	0.3477158284433093
-9.87	-14.8	0.3286440187002687
-9.87	-13.57	0.3264007866993237
-9.87	-12.34	0.3418575995324691
-9.87	-11.1	0.3281771120616256
-9.87	-9.87	0.31741609801776993
-9.87	-8.64	0.33023701204588585
-9.87	-7.4	0.3298702686959402
-9.87	-6.17	0.3272632599953158
-9.87	-4.94	0.3485240811486177
-9.88	-3.7	0.3240966142880995
-9.88	-2.47	0.30782417132478984
-9.88	-1.23	0.32312773045134263
-9.88	0.0	0.3191668541521218
-9.88	1.23	0.32245428989948455
-9.88	2.47	0.3236751431665601
-9.88	3.7	0.32780285445897095
-9.87	4.94	0.3292454956335412
-9.87	6.17	0.3302689968530593
-9.87	7.4	0.3220066901655786
-9.87	8.64	0.3145993496290942
-9.87	9.87	0.329724487594858
-9.87	11.1	0.3100950015857694
-9.87	12.34	0.32216742510411317
-9.87	13.57	0.3207833419132355
-9.87	14.8	0.32404030991683525
-9.86	16.03	0.3141281093754414
-9.86	17.26	0.31977379704226544
-9.86	18.49	0.32729865192779883
-9.86	19.72	0.33264245765249295
-9.86	20.95	0.31766709996910625
-9.86	22.18	0.329476550768383
-9.86	23.41	0.31951123413636234
-9.85	24.63	0.3265059367608147
-9.85	25.85	0.3220756917669874
-9.85	27.08	0.34782752362523
-9.85	28.31	0.3561986765160422
-9.85	29.55	0.32846080466658584
-9.84	30.76	0.35403395277089444
-9.83	31.95	0.38191898873801167
-9.82	33.13	0.37622475181067383
-9.8	34.29	0.38389280319895736
-9.76	35.39	0.45921965630421957
-9.7	36.37	0.5434034110736238
-8.51	36.45	0.5071210759738635
-8.55	35.43	0.41102789341540213
-8.58	34.31	0.36824517635664455
-8.59	33.14	0.38656167436836697
-8.6	31.96	0.3846534085729267
-8.62	30.77	0.3662896816388419
-8.62	29.55	0.3371528682894801
-8.62	28.31	0.35707867489046846
-8.62	27.08	0.3388247726942221
-8.62	25.86	0.3123211891604788
-8.62	24.64	0.317453513675215
-8.62	23.41	0.3172857489677698
-8.62	22.18	0.3193647550782812
-8.63	20.95	0.3131681332259059
-8.63	19.72	0.3301450136638743
-8.63	18.49	0.3189232736602324
-8.63	17.26	0.31534608684355053
-8.63	16.03	0.32191038081202744
-8.63	14.8	0.2970696081570636
-8.64	13.57	0.3194375371180717
-8.64	12.34	0.32894469089489214
-8.64	11.1	0.3285717464009154
-8.64	9.87	0.33737726881478547
-8.64	8.64	0.31855188615302754
-8.64	7.4	0.32951006569088276
-8.64	6.17	0.3288742167828664
-8.64	4.94	0.33545208515899033
-8.64	3.7	0.3393644597427329
-8.64	2.47	0.3173255233423565
-8.64	1.23	0.32542344635291204
-8.64	-0.0	0.32687995555566496
-8.64	-1.23	0.3149334237737225
-8.64	-2.47	0.3299865286078917
-8.64	-3.7	0.3215752259010413
-8.64	-4.94	0.341387437478101
-8.64	-6.17	0.3150094774943564
-8.64	-7.4	0.3241686771880148
-8.64	-8.64	0.3225572135145561
-8.64	-9.87	0.31785959250888324
-8.64	-11.1	0.32655154569797423
-8.64	-12.34	0.33783043923624767
-8.64	-13.57	0.3280047233991706
-8.63	-14.8	0.31607716190949103
-8.63	-16.03	0.34595322638452736
-8.63	-17.26	0.34278532875927686
-8.63	-18.49	0.34928258282455393
-8.63	-19.72	0.3457704013199747
-8.63	-20.95	0.3325623408623398
-8.62	-22.18	0.33617894088460387
-8.62	-23.41	0.32525499676302694
-8.62	-24.64	0.3284415598874293
-8.62	-25.86	0.3177238367212005
-8.62	-27.08	0.3212184924822398
-8.62	-28.31	0.31844885244780197
-8.62	-29.55	0.3163385021041067
-8.62	-30.77	0.34469145420900793
-8.6	-31.96	0.39325827998338886
-8.59	-33.14	0.38964219068946715
-8.58	-34.31	0.4246489321146564
-8.55	-35.43	0.40959410120453044
-8.51	-36.45	0.6093300918700495
-7.22	-37.3	0.6044981663065405
-7.3	-36.51	0.5186974108147326
-7.34	-35.46	0.3974974067135545
-7.36	-34.33	0.46182842054569906
-7.37	-33.15	0.3774057697186763
-7.38	-31.97	0.35717661769934556
-7.39	-30.78	0.3307720169279734
-7.39	-29.55	0.32178524441814316
-7.38	-28.31	0.321429738235383
-7.39	-27.08	0.32478275463774714
-7.39	-25.86	0.324915262365737
-7.39	-24.64	0.3330579555499498
-7.39	-23.41	0.3229521408287371
-7.39	-22.18	0.3546939601459984
-7.4	-20.95	0.3363736521272665
-7.4	-19.73	0.33795567672355326
-7.4	-18.49	0.32693758528661576
-7.4	-17.26	0.3464720817865758
-7.4	-16.03	0.34130255483722416
-7.4	-14.8	0.3230930944863135
-7.4	-13.57	0.33255451261449026
-7.4	-12.34	0.3290910155276641
-7.4	-11.1	0.32251714335536347
-7.4	-9.87	0.3313159902648048
-7.4	-8.64	0.3298631984758089
-7.41	-7.41	0.32539298941158495
-7.41	-6.17	0.3334822362198255
-7.41	-4.94	0.33515833615533586
-7.41	-3.7	0.3384755388076367
-7.41	-2.47	0.3351142248115404
-7.41	-1.23	0.32868591496456534
-7.41	0.0	0.33596409322024906
-7.41	1.23	0.31752144231146656
-7.41	2.47	0.3228366654910503
-7.41	3.7	0.33818122475615126
-7.41	4.94	0.3176063196038021
-7.41	6.17	0.32841120878199326
-7.41	7.41	0.3519772695332873
-7.4	8.64	0.33184978545791716
-7.4	9.87	0.3287413253028926
-7.4	11.1	0.3358421006823704
-7.4	12.34	0.316545802270709
-7.4	13.57	0.3216096146967974
-7.4	14.8	0.31965431406328915
-7.4	16.03	0.31604239460473244
-7.4	17.26	0.31452858185736376
-7.4	18.49	0.3155248117031485
-7.4	19.73	0.31391789176030427
-7.4	20.95	0.31904011100815055
-7.39	22.18	0.3397036756974597
-7.39	23.41	0.31740968481034204
-7.39	24.64	0.31083917002147016
-7.39	25.86	0.3184240215777675
-7.39	27.08	0.32887642695187025
-7.38	28.31	0.365866906368239
-7.39	29.55	0.35131524716704743
-7.39	30.78	0.3458703770158768
-7.38	31.97	0.3742869870014101
-7.37	33.15	0.36006214574600903
-7.36	34.33	0.3649127646529866
-7.34	35.46	0.39835985977635036
-7.3	36.51	0.529047184338188
-7.22	37.3	0.5349612031399352
-6.04	37.42	0.35237310885635054
-6.09	36.55	0.4890035394990352
-6.12	35.48	0.41416057133586126
-6.13	34.34	0.39423795495152003
-6.14	33.16	0.4063703478141952
-6.15	31.98	0.3623214438378513
-6.16	30.78	0.3413758713275043
-6.16	29.55	0.3556004836518517
-6.15	28.31	0.37126861054177335
-6.16	27.08	0.3391786581571301
-6.16	25.87	0.3193740259034009
-6.16	24.64	0.3259631705454565
-6.16	23.41	0.3237190744244626
-6.16	22.18	0.32931118473425963
-6.16	20.96	0.3152219421340739
-6.16	19.73	0.3206744459742865
-6.16	18.49	0.3182756014059014
-6.17	17.26	0.31508824367602056
-6.17	16.03	0.32391844002307524
-6.17	14.8	0.3281126303828114
-6.17	13.57	0.32353267273265707
-6.17	12.34	0.3233824895987524
-6.17	11.1	0.3309607977485492
-6.17	9.87	0.32982981806059114
-6.17	8.64	0.3381552127500601
-6.17	7.41	0.32926918033899133
-6.17	6.17	0.3274667481514654
-6.17	4.94	0.315601513499336
-6.17	3.7	0.3432343249607349
-6.17	2.47	0.3183601623207803
-6.17	1.23	0.32756187907970846
-6.17	-0.0	0.3357097048772282
-6.17	-1.23	0.3433268803037164
-6.17	-2.47	0.3112941643094952
-6.17	-3.7	0.3176855691781607
-6.17	-4.94	0.33180600064895965
-6.17	-6.17	0.31641339483608055
-6.17	-7.41	0.3366690283871294
-6.17	-8.64	0.32812274020801674
-6.17	-9.87	0.31821787303138355
-6.17	-11.1	0.3142304810240644
-6.17	-12.34	0.34622826850236416
-6.17	-13.57	0.34337862811030506
-6.17	-14.8	0.330619024255253
-6.17	-16.03	0.3548597501199944
-6.17	-17.26	0.3347565589986734
-6.16	-18.49	0.3409725642432023
-6.16	-19.73	0.34646617777291344
-6.16	-20.96	0.3627982525547128
-6.16	-22.18	0.36195835079087557
-6.16	-23.41	0.3375201143348774
-6.16	-24.64	0.3392867480323579
-6.16	-25.87	0.34480022035514885
-6.16	-27.08	0.337303039290972
-6.15	-28.31	0.31607535912117
-6.16	-29.55	0.30889525248408256
-6.16	-30.78	0.3175274314510133
-6.15	-31.98	0.34708376135506297
-6.14	-33.16	0.3789816740274843
-6.13	-34.34	0.408754822022545
-6.12	-35.48	0.3945720386850482
-6.09	-36.55	0.4168056886399546
-6.04	-37.42	0.6765492415098485
-4.84	-37.5	0.520031471403837
-4.88	-36.58	0.46963876794047044
-4.9	-35.49	0.40783535587839204
-4.91	-34.35	0.4253680364437089
-4.91	-33.17	0.36281855357787957
-4.92	-31.99	0.3531945937845164
-4.93	-30.78	0.31882031162824415
-4.92	-29.54	0.32984898987953454
-4.92	-28.31	0.32219920174602806
-4.93	-27.09	0.31467680098945194
-4.93	-25.87	0.32074840051614145
-4.93	-24.64	0.34151865216502586
-4.93	-23.41	0.34394870828633944
-4.93	-22.18	0.32947564484222214
-4.93	-20.96	0.3425880274765576
-4.93	-19.73	0.34952204852310775
-4.93	-18.5	0.32741115618105354
-4.93	-17.26	0.3362693420901719
-4.93	-16.04	0.3325041617638015
-4.93	-14.8	0.32882894742814245
-4.93	-13.57	0.3214087951437358
-4.93	-12.34	0.32072195172948126
-4.94	-11.1	0.33206403938675444
-4.94	-9.87	0.3117732932066599
-4.94	-8.64	0.331330361410515
-4.94	-7.41	0.3052241273068062
-4.94	-6.17	0.31993670610226715
-4.94	-4.94	0.32034863471000613
-4.94	-3.7	0.339030522942422
-4.94	-2.47	0.3070423987060555
-4.94	-1.24	0.3195955476152307
-4.94	0.0	0.3305057669132144
-4.94	1.24	0.33334379761682026
-4.94	2.47	0.3493244177370851
-4.94	3.7	0.33615580837557507
-4.94	4.94	0.32908442130099075
-4.94	6.17	0.33074928947276305
-4.94	7.41	0.3323863865177825
-4.94	8.64	0.32076017673961893
-4.94	9.87	0.3252258076779971
-4.94	11.1	0.3379332415487858
-4.93	12.34	0.3271424792053279
-4.93	13.57	0.32251095306761046
-4.93	14.8	0.31840356867966524
-4.93	16.04	0.3057706265925152
-4.93	17.26	0.32001155961849176
-4.93	18.5	0.31109530678074415
-4.93	19.73	0.3054715627067901
-4.93	20.96	0.3290701013528847
-4.93	22.18	0.31322746411293684
-4.93	23.41	0.32662208354658434
-4.93	24.64	0.32415969991523125
-4.93	25.87	0.3326819404642101
-4.93	27.09	0.30907152785512787
-4.92	28.31	0.36313745501544203
-4.92	29.54	0.3593353566400704
-4.93	30.78	0.34751719437615053
-4.92	31.99	0.37014784013426816
-4.91	33.17	0.42636928892002357
-4.91	34.35	0.4186959121883649
-4.9	35.49	0.3650974912009083
-4.88	36.58	0.48681743204468375
-4.84	37.5	0.8999999999968903
-3.63	37.55	0.899999999999193
-3.66	36.6	0.4434674776719981
-3.67	35.51	0.4284229112725201
-3.68	34.35	0.36634309817829824
-3.69	33.18	0.4169120245419595
-3.69	32.0	0.3601233443880079
-3.69	30.78	0.3526321073775161
-3.69	29.54	0.3684974563500504
-3.69	28.31	0.35100648334883694
-3.69	27.09	0.3134381325455333
-3.7	25.87	0.3226778106184729
-3.7	24.64	0.33527633379243116
-3.7	23.41	0.30949063415995337
-3.7	22.19	0.3292240924657769
-3.7	20.96	0.31506426154158856
-3.7	19.73	0.3187079372651897
-3.7	18.5	0.31167654263126837
-3.7	17.27	0.3282215688110762
-3.7	16.04	0.32422236346914274
-3.7	14.8	0.32509622611446876
-3.7	13.57	0.30960716622891077
-3.7	12.34	0.32336296820263305
-3.7	11.11	0.32594063322836475
-3.7	9.88	0.3247018006701081
-3.7	8.64	0.34072088509215726
-3.7	7.41	0.33287837775554663
-3.7	6.17	0.3274359284191333
-3.7	4.94	0.32501305206953224
-3.71	3.71	0.339358254815455
-3.7	2.47	0.344394622219269
-3.7	1.23	0.31844087127255827
-3.7	-0.0	0.3292768073324981
-3.7	-1.23	0.31233392998567316
-3.7	-2.47	0.3205451592531605
-3.71	-3.71	0.3180089356512261
-3.7	-4.94	0.32446349520214457
-3.7	-6.17	0.3095731635007964
-3.7	-7.41	0.3187216890914237
-3.7	-8.64	0.32112801734333246
-3.7	-9.88	0.32079732209598905
-3.7	-11.11	0.3294721004663146
-3.7	-12.34	0.3350671772206025
-3.7	-13.57	0.30961520731252307
-3.7	-14.8	0.3327315236446175
-3.7	-16.04	0.30736360742289526
-3.7	-17.27	0.33003651372362164
-3.7	-18.5	0.3412746276467015
-3.7	-19.73	0.3352229890965143
-3.7	-20.96	0.3298517842040228
-3.7	-22.19	0.34041243749802147
-3.7	-23.41	0.3409579215597065
-3.7	-24.64	0.33565163529272385
-3.7	-25.87	0.33270952492359535
-3.69	-27.09	0.3287484815959122
-3.69	-28.31	0.3313811010053453
-3.69	-29.54	0.3166938597832032
-3.69	-30.78	0.3147637188090911
-3.69	-32.0	0.3549180622959237
-3.69	-33.18	0.387619509662544
-3.68	-34.35	0.40033290602617677
-3.67	-35.51	0.43927810143735224
-3.66	-36.6	0.39571420473421415
-3.63	-37.55	0.6235469853680371
-2.42	-37.58	0.43970514448743014
-2.44	-36.61	0.4142504017862969
-2.45	-35.52	0.39608259679304114
-2.45	-34.36	0.39863640604095296
-2.46	-33.18	0.3827191202846192
-2.46	-32.0	0.3516592398151432
-2.46	-30.78	0.32482978120775596
-2.46	-29.54	0.3231933413941394
-2.46	-28.31	0.3283401599630513
-2.46	-27.09	0.3263601502157026
-2.46	-25.87	0.3356677486858894
-2.46	-24.64	0.3257775949193637
-2.46	-23.41	0.32276200600633903
-2.47	-22.19	0.3485224656710627
-2.47	-20.96	0.3336892695874522
-2.47	-19.73	0.34606318422594184
-2.47	-18.5	0.3573910070990015
-2.47	-17.27	0.34365385180210595
-2.47	-16.04	0.32558962126361424
-2.47	-14.8	0.3436953846406102
-2.47	-13.57	0.3490991127190106
-2.47	-12.34	0.3319160410923562
-2.47	-11.11	0.32549898818207845
-2.47	-9.88	0.33854795268668625
-2.47	-8.64	0.3138437692364171
-2.47	-7.41	0.320634482631584
-2.47	-6.17	0.316443132747147
-2.47	-4.94	0.33711631713750084
-2.47	-3.7	0.3131844337365378
-2.47	-2.47	0.3291727109409935
-2.47	-1.24	0.3145975481736525
-2.47	0.0	0.32046167000204306
-2.47	1.24	0.3248029218864334
-2.47	2.47	0.32495709409046497
-2.47	3.7	0.33224459808271517
-2.47	4.94	0.3276025607558595
-2.47	6.17	0.32412856286614417
-2.47	7.41	0.31613878761794
-2.47	8.64	0.32150846410595796
-2.47	9.88	0.33102653254711395
-2.47	11.11	0.325649502729643
-2.47	12.34	0.3293482262827377
-2.47	13.57	0.3250688059142781
-2.47	14.8	0.324967106069736
-2.47	16.04	0.3159721157718643
-2.47	17.27	0.3220577090644166
-2.47	18.5	0.31558399549874566
-2.47	19.73	0.3206163134131049
-2.47	20.96	0.3273330939030891
-2.47	22.19	0.3389969504037747
-2.46	23.41	0.3184161400441625
-2.46	24.64	0.3214424324342229
-2.46	25.87	0.31829214817680596
-2.46	27.09	0.3132349142187247
-2.46	28.31	0.34791628372909605
-2.46	29.54	0.36612872125989926
-2.46	30.78	0.3448324349347413
-2.46	32.0	0.3517690535234469
-2.46	33.18	0.42532381304866956
-2.45	34.36	0.4042870415335884
-2.45	35.52	0.38581221147014755
-2.44	36.61	0.446227816521938
-2.42	37.58	0.6739390210375272
-1.21	37.6	0.7157181197828363
-1.22	36.62	0.44447296463274133
-1.22	35.52	0.4029510516977943
-1.23	34.36	0.3913534210052959
-1.23	33.18	0.38812789570606593
-1.23	32.0	0.3561030379648963
-1.23	30.78	0.3413757257038896
-1.23	29.54	0.37163304307727313
-1.23	28.31	0.3501797727321494
-1.23	27.09	0.31965173964152677
-1.23	25.87	0.3254853573958115
-1.23	24.64	0.3352065399924784
-1.23	23.41	0.3301189313211942
-1.23	22.19	0.2922688448576615
-1.23	20.96	0.3320670657515029
-1.23	19.73	0.3017310132126071
-1.23	18.5	0.30645962178943764
-1.23	17.27	0.31397961593984625
-1.23	16.04	0.3141184700647615
-1.23	14.8	0.3212709105054433
-1.23	13.57	0.31914562460073465
-1.23	12.34	0.3397476826933528
-1.23	11.11	0.32904130669132586
-1.23	9.88	0.31268844262218776
-1.23	8.64	0.32191996217637575
-1.23	7.41	0.3470104457917705
-1.23	6.17	0.3287904209120711
-1.24	4.94	0.3310759639907418
-1.23	3.7	0.33070056571328793
-1.24	2.47	0.3273733812820933
-1.24	1.24	0.336307848260517
-1.24	-0.0	0.32375205169123283
-1.24	-1.24	0.31812275020337794
-1.24	-2.47	0.3363296873010458
-1.23	-3.7	0.33292331143487663
-1.24	-4.94	0.3216643138467108
-1.23	-6.17	0.32450318396593353
-1.23	-7.41	0.31487776414624286
-1.23	-8.64	0.3379972873953055
-1.23	-9.88	0.3094726090756011
-1.23	-11.11	0.31644830428399257
-1.23	-12.34	0.3247680921450909
-1.23	-13.57	0.33406004791522564
-1.23	-14.8	0.3344261810397161
-1.23	-16.04	0.3163078891243998
-1.23	-17.27	0.34038013273483236
-1.23	-18.5	0.33605452892363974
-1.23	-19.73	0.3332156926442658
-1.23	-20.96	0.32299582206885835
-1.23	-22.19	0.3501610826395552
-1.23	-23.41	0.34657547894541
-1.23	-24.64	0.3320163549064961
-1.23	-25.87	0.332112792277879
-1.23	-27.09	0.3179645944993344
-1.23	-28.31	0.3266609108469014
-1.23	-29.54	0.3150947683022942
-1.23	-30.78	0.3060688378983773
-1.23	-32.0	0.3274066247134693
-1.23	-33.18	0.36196011243156406
-1.23	-34.36	0.37465159913492674
-1.22	-35.52	0.39191599392353527
-1.22	-36.62	0.3907354435467386
-1.21	-37.6	0.32177479288768107
0.0	-37.6	0.5421715895037867
0.0	-36.62	0.37759281005293055
0.0	-35.52	0.4267754991988567
0.0	-34.36	0.3766027127500852
0.0	-33.19	0.3468323109718281
0.0	-32.0	0.3477126149977393
0.0	-30.78	0.2993815376438113
0.0	-29.54	0.3125143720403101
0.0	-28.31	0.3207789876740576
0.0	-27.09	0.32336256570350885
0.0	-25.87	0.336200148355911
0.0	-24.64	0.3411316223181746
0.0	-23.41	0.3291742137287587
0.0	-22.19	0.34646221514587844
0.0	-20.96	0.3409546141598292
0.0	-19.73	0.34547563945560567
0.0	-18.5	0.3474247096152417
0.0	-17.27	0.33205123290352045
0.0	-16.04	0.3310803756958931
0.0	-14.8	0.3335133959692359
0.0	-13.57	0.31805533565504573
0.0	-12.34	0.33429014806917057
0.0	-11.11	0.3257186197807064
0.0	-9.88	0.32809857424715655
0.0	-8.64	0.3288423572986604
0.0	-7.41	0.3243655612757838
0.0	-6.17	0.3292602502299453
0.0	-4.94	0.31315996061743395
0.0	-3.7	0.3280978620475416
0.0	-2.47	0.3220315695524293
0.0	-1.24	0.3259792693820884
0.0	0.0	0.33963163514686906
0.0	1.24	0.3336034234958495
0.0	2.47	0.3265315976635433
0.0	3.7	0.334238175695479
0.0	4.94	0.3428676711415429
0.0	6.17	0.33099998815960213
0.0	7.41	0.3358886928576352
0.0	8.64	0.33121765757673055
0.0	9.88	0.3376370171903691
0.0	11.11	0.31758138688961735
0.0	12.34	0.325538864198108
0.0	13.57	0.3214172829582638
0.0	14.8	0.3190254833535512
0.0	16.04	0.323477633143987
0.0	17.27	0.32237469693356835
0.0	18.5	0.30715744942612466
0.0	19.73	0.3139976751168622
0.0	20.96	0.31861948512251664
0.0	22.19	0.315164738816641
0.0	23.41	0.30760879160714766
0.0	24.64	0.32988553009015403
0.0	25.87	0.33128088464346644
0.0	27.09	0.31754777263668277
0.0	28.31	0.3593018066749534
0.0	29.54	0.3636702170609118
0.0	30.78	0.33391847590231755
0.0	32.0	0.37064419943620674
0.0	33.19	0.3716142020821202
0.0	34.36	0.4083145638419673
0.0	35.52	0.3950601068810319
0.0	36.62	0.4588773185994912
0.0	37.6	0.7281549442553372
1.21	37.6	0.6216251338059069
1.22	36.62	0.43221538664289605
1.22	35.52	0.4016669438846441
1.23	34.36	0.4013578611785592
1.23	33.18	0.3936137243898436
1.23	32.0	0.3595817851266061
1.23	30.78	0.33544653073672076
1.23	29.54	0.360360281215539
1.23	28.31	0.3407104853800707
1.23	27.09	0.3206512881067036
1.23	25.87	0.30778752524047365
1.23	24.64	0.31872362696804113
1.23	23.41	0.31329484504731325
1.23	22.19	0.3011204560173475
1.23	20.96	0.3102771727231579
1.23	19.73	0.3052593914873775
1.23	18.5	0.3155696747531109
1.23	17.27	0.32100118130973193
1.23	16.04	0.3259295871325644
1.23	14.8	0.3169287652311221
1.23	13.57	0.3191140371048063
1.23	12.34	0.3230815300939927
1.23	11.11	0.3329476068375146
1.23	9.88	0.3395467816939227
1.23	8.64	0.3364723180709846
1.23	7.41	0.33678238434848246
1.23	6.17	0.33728648162324243
1.24	4.94	0.343440726508226
1.23	3.7	0.33488812423790787
1.24	2.47	0.3420959567397423
1.24	1.24	0.3346389132175466
1.24	-0.0	0.3216936176408974
1.24	-1.24	0.3178531297457463
1.24	-2.47	0.32396001800436763
1.23	-3.7	0.31979899517767857
1.24	-4.94	0.31611914525132967
1.23	-6.17	0.3256366956515692
1.23	-7.41	0.32714129789492613
1.23	-8.64	0.3262272501432004
1.23	-9.88	0.3280907840832336
1.23	-11.11	0.3292201715052309
1.23	-12.34	0.33163415915425626
1.23	-13.57	0.32312021264720114
1.23	-14.8	0.3424909869144633
1.23	-16.04	0.33142626638427614
1.23	-17.27	0.33995937884003746
1.23	-18.5	0.34046139273027104
1.23	-19.73	0.33195502658141635
1.23	-20.96	0.3442610026046961
1.23	-22.19	0.33296209042015873
1.23	-23.41	0.35152913764374694
1.23	-24.64	0.3478136348606401
1.23	-25.87	0.3292009652372118
1.23	-27.09	0.3288533821217912
1.23	-28.31	0.32404414457006275
1.23	-29.54	0.31989024231869845
1.23	-30.78	0.3188282880622401
1.23	-32.0	0.32927789399907786
1.23	-33.18	0.3881204649607108
1.23	-34.36	0.4261756934243348
1.22	-35.52	0.410922978734908
1.22	-36.62	0.3991977167505658
1.21	-37.6	0.3626925264406632
2.42	-37.58	0.38726388901681263
2.44	-36.61	0.39847384753655757
2.45	-35.52	0.42373510599779907
2.45	-34.36	0.37918548260658314
2.46	-33.18	0.36741378923580587
2.46	-32.0	0.32730607813506646
2.46	-30.78	0.3196775402988512
2.46	-29.54	0.2966594391792235
2.46	-28.31	0.33067779183702734
2.46	-27.09	0.3287195337172656
2.46	-25.87	0.3170657278661114
2.46	-24.64	0.334783922734398
2.46	-23.41	0.34515877692185337
2.47	-22.19	0.3354558883890765
2.47	-20.96	0.33218306180385326
2.47	-19.73	0.3479031074504823
2.47	-18.5	0.33785224440128275
2.47	-17.27	0.32393950754501016
2.47	-16.04	0.3441854750936562
2.47	-14.8	0.31976594297736516
2.47	-13.57	0.3237611512839992
2.47	-12.34	0.33696149230443256
2.47	-11.11	0.31272448681409415
2.47	-9.88	0.3221472616983743
2.47	-8.64	0.3192476160861355
2.47	-7.41	0.31029183337526633
2.47	-6.17	0.3131526225891569
2.47	-4.94	0.3251528856503088
2.47	-3.7	0.33569798740458445
2.47	-2.47	0.33097542729881585
2.47	-1.24	0.32572140280263556
2.47	0.0	0.32576352704150086
2.47	1.24	0.334627446527231
2.47	2.47	0.3265970107754338
2.47	3.7	0.3263662250097438
2.47	4.94	0.32734163518242143
2.47	6.17	0.32605555111318946
2.47	7.41	0.3232521141541531
2.47	8.64	0.3286231968970771
2.47	9.88	0.3182974719000595
2.47	11.11	0.34769769019702806
2.47	12.34	0.3250300042819152
2.47	13.57	0.32161293647373645
2.47	14.8	0.32459937820476575
2.47	16.04	0.31464319546088887
2.47	17.27	0.32518175256279885
2.47	18.5	0.31995176663228897
2.47	19.73	0.3365800121633305
2.47	20.96	0.33102231958882017
2.47	22.19	0.3075150461275128
2.46	23.41	0.3172593864993823
2.46	24.64	0.32624610081002425
2.46	25.87	0.32552151108474425
2.46	27.09	0.3118481598210347
2.46	28.31	0.3554339048424314
2.46	29.54	0.36611012470487025
2.46	30.78	0.338160894238908
2.46	32.0	0.3653756195192599
2.46	33.18	0.3995698997680706
2.45	34.36	0.40755529563183257
2.45	35.52	0.40991465844117025
2.44	36.61	0.4635567439489512
2.42	37.58	0.8115150826577694
3.63	37.55	0.3212930077325574
3.66	36.6	0.4576327409768063
3.67	35.51	0.36014864678791103
3.68	34.35	0.4157441771278504
3.69	33.18	0.3663262985642126
3.69	32.0	0.36892492619880923
3.69	30.78	0.3372524599400416
3.69	29.54	0.34635164204266866
3.69	28.31	0.3611256273782824
3.69	27.09	0.31952285470244074
3.7	25.87	0.32973906639624584
3.7	24.64	0.3180097588203183
3.7	23.41	0.3173057706525722
3.7	22.19	0.31318755172764984
3.7	20.96	0.31607429955807803
3.7	19.73	0.33424202270407116
3.7	18.5	0.32874033039692013
3.7	17.27	0.33298440921363986
3.7	16.04	0.33380186445869614
3.7	14.8	0.3132491725914589
3.7	13.57	0.3271469031551696
3.7	12.34	0.3219921381127218
3.7	11.11	0.32447157119896247
3.7	9.88	0.3326699222263209
3.7	8.64	0.33312894800338005
3.7	7.41	0.32459358077706624
3.7	6.17	0.3314760418575548
3.7	4.94	0.3208399060109784
3.71	3.71	0.33303713334663027
3.7	2.47	0.34412049446962195
3.7	1.23	0.3197878753068938
3.7	-0.0	0.322371486920643
3.7	-1.23	0.3357310211333125
3.7	-2.47	0.3223447860905317
3.71	-3.71	0.31996947585820823
3.7	-4.94	0.3155081005336677
3.7	-6.17	0.323650567386758
3.7	-7.41	0.310602029615415
3.7	-8.64	0.31279036574444213
3.7	-9.88	0.33413492433752706
3.7	-11.11	0.32965394292262606
3.7	-12.34	0.330108364774592
3.7	-13.57	0.33198415257533426
3.7	-14.8	0.32573075009945407
3.7	-16.04	0.3380029343153382
3.7	-17.27	0.3267872725283655
3.7	-18.5	0.3301677217154601
3.7	-19.73	0.34741087724701053
3.7	-20.96	0.35730680113127816
3.7	-22.19	0.3360586947562857
3.7	-23.41	0.33079963040843974
3.7	-24.64	0.32816265006584666
3.7	-25.87	0.33945189563830613
3.69	-27.09	0.3330902787694149
3.69	-28.31	0.32978807508059715
3.69	-29.54	0.3038270662169008
3.69	-30.78	0.32180638497197983
3.69	-32.0	0.34430761233910023
3.69	-33.18	0.3695698794469321
3.68	-34.35	0.3939974682544215
3.67	-35.51	0.3828240445054668
3.66	-36.6	0.38197900258745976
3.63	-37.55	0.41664195837780793
4.84	-37.5	0.40092587179440375
4.88	-36.58	0.4333324417496046
4.9	-35.49	0.40873410790567954
4.91	-34.35	0.4146877093754736
4.91	-33.17	0.3710792132615544
4.92	-31.99	0.3465195378225947
4.93	-30.78	0.3245506292270651
4.92	-29.54	0.3199963773153489
4.92	-28.31	0.3138402303544768
4.93	-27.09	0.3161615223213649
4.93	-25.87	0.3558986750035394
4.93	-24.64	0.31080882384353703
4.93	-23.41	0.32502467210584113
4.93	-22.18	0.3230517107097941
4.93	-20.96	0.33286476102965284
4.93	-19.73	0.3384004995282074
4.93	-18.5	0.3440030313056349
4.93	-17.26	0.3314924166640725
4.93	-16.04	0.34711820155397194
4.93	-14.8	0.32560370419266155
4.93	-13.57	0.32310535077386376
4.93	-12.34	0.3369695314621531
4.94	-11.1	0.3197686520233388
4.94	-9.87	0.3251217934959724
4.94	-8.64	0.33792882072250197
4.94	-7.41	0.32233104589039024
4.94	-6.17	0.3112540917855609
4.94	-4.94	0.3196134316964579
4.94	-3.7	0.32694103306541145
4.94	-2.47	0.31237297115926377
4.94	-1.24	0.3093942881714279
4.94	0.0	0.32709460696107473
4.94	1.24	0.32779370176210243
4.94	2.47	0.32738121617915866
4.94	3.7	0.3250900744043389
4.94	4.94	0.333323366449909
4.94	6.17	0.3226157456122655
4.94	7.41	0.32346977598935567
4.94	8.64	0.3164058184065574
4.94	9.87	0.32349348859149907
4.94	11.1	0.32592002025140737
4.93	12.34	0.317526805339769
4.93	13.57	0.3414983515923682
4.93	14.8	0.3123371941600687
4.93	16.04	0.3231392029131562
4.93	17.26	0.31056692229863986
4.93	18.5	0.30913023054267597
4.93	19.73	0.3066929018963779
4.93	20.96	0.3162849968252473
4.93	22.18	0.30653012618626874
4.93	23.41	0.3220659558033548
4.93	24.64	0.30241001478066676
4.93	25.87	0.32958475263092335
4.93	27.09	0.3108284535747006
4.92	28.31	0.3374874342004621
4.92	29.54	0.3561666048150155
4.93	30.78	0.3245856768240859
4.92	31.99	0.3563123990991406
4.91	33.17	0.39669741237566597
4.91	34.35	0.36424126067170726
4.9	35.49	0.4148846034846464
4.88	36.58	0.4191797335584194
4.84	37.5	0.8999999999965747
6.04	37.42	0.2286096920391302
6.09	36.55	0.47623098037905376
6.12	35.48	0.3971486881787659
6.13	34.34	0.3901583190736232
6.14	33.16	0.3890387907229385
6.15	31.98	0.3376149500903029
6.16	30.78	0.3384913373068959
6.16	29.55	0.34521711103164743
6.15	28.31	0.3674593135325494
6.16	27.08	0.32146355014876843
6.16	25.87	0.3165830532941509
6.16	24.64	0.3206026000880419
6.16	23.41	0.3234571876055412
6.16	22.18	0.3160405329685393
6.16	20.96	0.3236799134527043
6.16	19.73	0.32434183037313
6.16	18.49	0.3079950918942295
6.17	17.26	0.30939468089638156
6.17	16.03	0.31467007885834525
6.17	14.8	0.3232851521447441
6.17	13.57	0.3127926954387531
6.17	12.34	0.30647697551118847
6.17	11.1	0.3169356709642839
6.17	9.87	0.3138592566498406
6.17	8.64	0.3140251761553665
6.17	7.41	0.3202614342069484
6.17	6.17	0.31555736043538396
6.17	4.94	0.3265161918174169
6.17	3.7	0.3457927556513883
6.17	2.47	0.31892908722226493
6.17	1.23	0.32642236513333567
6.17	-0.0	0.33270570418151424
6.17	-1.23	0.32170448640993793
6.17	-2.47	0.31122780578251336
6.17	-3.7	0.3206096832405349
6.17	-4.94	0.312271711934548
6.17	-6.17	0.30973638973245976
6.17	-7.41	0.3287956454135531
6.17	-8.64	0.3261673056133244
6.17	-9.87	0.3176349123079783
6.17	-11.1	0.3189258188111689
6.17	-12.34	0.32788892084829485
6.17	-13.57	0.317334842313352
6.17	-14.8	0.3479587704341979
6.17	-16.03	0.3374696733495342
6.17	-17.26	0.3377456985335568
6.16	-18.49	0.3480126511885977
6.16	-19.73	0.3549250066832941
6.16	-20.96	0.3444249823634737
6.16	-22.18	0.33347374206246655
6.16	-23.41	0.33804708765970715
6.16	-24.64	0.306700337023491
6.16	-25.87	0.33669265918743224
6.16	-27.08	0.32781659694522264
6.15	-28.31	0.32929176134917304
6.16	-29.55	0.3127256467909159
6.16	-30.78	0.31875815523192935
6.15	-31.98	0.3338439283689994
6.14	-33.16	0.35155231096708134
6.13	-34.34	0.373038631551305
6.12	-35.48	0.3807550795341095
6.09	-36.55	0.40296344640779513
6.04	-37.42	0.5243062790731984
7.22	-37.3	0.6546376248064615
7.3	-36.51	0.4569836408566762
7.34	-35.46	0.37983363466647335
7.36	-34.33	0.408263954275805
7.37	-33.15	0.3655897042726594
7.38	-31.97	0.36294273800606786
7.39	-30.78	0.31933590560564323
7.39	-29.55	0.32642618301929377
7.38	-28.31	0.31441110692072666
7.39	-27.08	0.323355506471076
7.39	-25.86	0.3281657382642788
7.39	-24.64	0.3134014674963272
7.39	-23.41	0.33672831902204003
7.39	-22.18	0.3306720569126715
7.4	-20.95	0.3321794883934526
7.4	-19.73	0.331620531833262
7.4	-18.49	0.3534485324014936
7.4	-17.26	0.3369469449489212
7.4	-16.03	0.3334303468465915
7.4	-14.8	0.34610635099085607
7.4	-13.57	0.3285876617320727
7.4	-12.34	0.32992059641993204
7.4	-11.1	0.334190955955893
7.4	-9.87	0.33325966225820314
7.4	-8.64	0.32918944377012754
7.41	-7.41	0.30701146870364493
7.41	-6.17	0.31650079059181446
7.41	-4.94	0.32777560087049246
7.41	-3.7	0.31451309824130014
7.41	-2.47	0.3245401070785953
7.41	-1.23	0.32448820487630214
7.41	0.0	0.3170182541726729
7.41	1.23	0.31970042269712207
7.41	2.47	0.3253172903211098
7.41	3.7	0.3324649900024157
7.41	4.94	0.3210711012608915
7.41	6.17	0.30341316987512085
7.41	7.41	0.31508428616442524
7.4	8.64	0.32096412184208606
7.4	9.87	0.32450946608996756
7.4	11.1	0.3189881374957704
7.4	12.34	0.31889240713739037
7.4	13.57	0.3256328671006356
7.4	14.8	0.31719980366131373
7.4	16.03	0.31516766353746517
7.4	17.26	0.3180497537701784
7.4	18.49	0.3333554304122519
7.4	19.73	0.3208550468189401
7.4	20.95	0.3154952837473987
7.39	22.18	0.3174923567893828
7.39	23.41	0.34490887151829613
7.39	24.64	0.3117441959996906
7.39	25.86	0.31628219439542626
7.39	27.08	0.3434810739754953
7.38	28.31	0.35224872124043677
7.39	29.55	0.3432233120408955
7.39	30.78	0.32917013652799476
7.38	31.97	0.3676991488595435
7.37	33.15	0.415001675947818
7.36	34.33	0.37692519689818216
7.34	35.46	0.38957163837629116
7.3	36.51	0.5186016459680572
7.22	37.3	0.3495022408114202
8.51	36.45	0.5584197684777237
8.55	35.43	0.40098808348345405
8.58	34.31	0.3986803406906072
8.59	33.14	0.39916278754494217
8.6	31.96	0.3909776146306332
8.62	30.77	0.34902974882417936
8.62	29.55	0.3290223226679565
8.62	28.31	0.3693228128533669
8.62	27.08	0.3512590454427727
8.62	25.86	0.3059348155972249
8.62	24.64	0.3089665190103245
8.62	23.41	0.3121006233455785
8.62	22.18	0.3101831972894167
8.63	20.95	0.3164383553634791
8.63	19.72	0.3040808234789262
8.63	18.49	0.3179071082345139
8.63	17.26	0.3191236538747713
8.63	16.03	0.30447166164348566
8.63	14.8	0.32514922294738896
8.64	13.57	0.3244708391308037
8.64	12.34	0.32309488178203866
8.64	11.1	0.3167266039819204
8.64	9.87	0.31108154109110875
8.64	8.64	0.3256981507882612
8.64	7.4	0.32153229899484304
8.64	6.17	0.31702275901715604
8.64	4.94	0.3180030364042498
8.64	3.7	0.3227297193617349
8.64	2.47	0.33173279895314467
8.64	1.23	0.3142203154896497
8.64	-0.0	0.3303922255366372
8.64	-1.23	0.321294486870456
8.64	-2.47	0.32106371565099423
8.64	-3.7	0.3247196636794158
8.64	-4.94	0.31873906467541924
8.64	-6.17	0.32367506324256984
8.64	-7.4	0.31734135180548384
8.64	-8.64	0.3270609676947928
8.64	-9.87	0.3126119132507131
8.64	-11.1	0.31967324779836015
8.64	-12.34	0.3225953993732784
8.64	-13.57	0.3352703596219136
8.63	-14.8	0.3243211556789909
8.63	-16.03	0.33385893876583583
8.63	-17.26	0.33949031150225295
8.63	-18.49	0.3327539502621166
8.63	-19.72	0.32775409426794133
8.63	-20.95	0.34072349955886766
8.62	-22.18	0.3267918101428985
8.62	-23.41	0.3267506947904812
8.62	-24.64	0.33327048467605164
8.62	-25.86	0.3232249116820284
8.62	-27.08	0.34003939176593495
8.62	-28.31	0.322500380315751
8.62	-29.55	0.3039443086806084
8.62	-30.77	0.35209245500098985
8.6	-31.96	0.33744793314723387
8.59	-33.14	0.37910154887009556
8.58	-34.31	0.41249284630564054
8.55	-35.43	0.35204264540637475
8.51	-36.45	0.5283139136197305
9.7	-36.37	0.6147088129704288
9.76	-35.39	0.37657996018558726
9.8	-34.29	0.40755194583077003
9.82	-33.13	0.3803139315906944
9.83	-31.95	0.35992770172415606
9.84	-30.76	0.357978906977018
9.85	-29.55	0.3252001352056575
9.85	-28.31	0.32810291327002306
9.85	-27.08	0.3363409162123326
9.85	-25.85	0.32412808668481946
9.85	-24.63	0.32533593228356866
9.86	-23.41	0.3315400311767467
9.86	-22.18	0.334882865855687
9.86	-20.95	0.3416843516045986
9.86	-19.72	0.32943034941192967
9.86	-18.49	0.32637626356111193
9.86	-17.26	0.3361152554640995
9.86	-16.03	0.3363887514003683
9.87	-14.8	0.3160488074556996
9.87	-13.57	0.3283355604649548
9.87	-12.34	0.33766063440358823
9.87	-11.1	0.3434228763749119
9.87	-9.87	0.317232592440183
9.87	-8.64	0.3299893772409462
9.87	-7.4	0.32244520184951303
9.87	-6.17	0.3174845257448241
9.87	-4.94	0.32284799305014045
9.88	-3.7	0.30880751034437853
9.88	-2.47	0.325125445704704
9.88	-1.23	0.33326566304972377
9.88	0.0	0.31579405455575704
9.88	1.23	0.32104795620879223
9.88	2.47	0.31444296692832685
9.88	3.7	0.3231655462803703
9.87	4.94	0.33169554898229814
9.87	6.17	0.3284143890568596
9.87	7.4	0.3092196953061003
9.87	8.64	0.31017224142059835
9.87	9.87	0.3324019781635528
9.87	11.1	0.3184261509125207
9.87	12.34	0.31108295873598524
9.87	13.57	0.33008058797817214
9.87	14.8	0.316552802314324
9.86	16.03	0.3153781109590376
9.86	17.26	0.32491931377555405
9.86	18.49	0.3005999110296744
9.86	19.72	0.3119225294088672
9.86	20.95	0.30725591517208084
9.86	22.18	0.3182961043328177
9.86	23.41	0.31464940988906337
9.85	24.63	0.3306351497204061
9.85	25.85	0.33054794028074774
9.85	27.08	0.3419229386831683
9.85	28.31	0.3470754149522581
9.85	29.55	0.34249500098611413
9.84	30.76	0.34476247881304833
9.83	31.95	0.3997823276931281
9.82	33.13	0.3720979444136402
9.8	34.29	0.39123629995196174
9.76	35.39	0.40869017580388434
9.7	36.37	0.644601369223023
10.88	36.26	0.8616209206470989
10.97	35.34	0.4691611674166315
11.01	34.26	0.41511407058804595
11.04	33.11	0.38346526096403144
11.05	31.93	0.41009705547562403
11.07	30.75	0.3563622683765862
11.08	29.55	0.33894822169587524
11.08	28.32	0.3449304322898381
11.08	27.08	0.36798687362837634
11.08	25.85	0.3469742270363805
11.08	24.63	0.32436150147504034
11.09	23.41	0.3271148641524888
11.09	22.18	0.33580466414406435
11.09	20.95	0.3279824821574318
11.09	19.72	0.30716021820216444
11.1	18.49	0.316924159953451
11.1	17.26	0.3206513365490226
11.1	16.03	0.3243137282178317
11.1	14.8	0.31974576087058215
11.1	13.57	0.31120602689370713
11.1	12.34	0.3281036135048302
11.1	11.1	0.3288933840390369
11.1	9.87	0.3334207658764408
11.1	8.64	0.3236460483042627
11.1	7.4	0.32259377639889925
11.1	6.17	0.3374689802114809
11.1	4.94	0.3234829700841398
11.11	3.7	0.3185706196225435
11.11	2.47	0.3086814605325239
11.11	1.23	0.33316642630609083
11.11	-0.0	0.3341917873873751
11.11	-1.23	0.3164775448482752
11.11	-2.47	0.3215401759272325
11.11	-3.7	0.3456276400100774
11.1	-4.94	0.3275394368635571
11.1	-6.17	0.32999847315351727
11.1	-7.4	0.3172006766990891
11.1	-8.64	0.3258266430824102
11.1	-9.87	0.325340275907432
11.1	-11.1	0.3339528794411234
11.1	-12.34	0.31285896966049764
11.1	-13.57	0.328662727076617
11.1	-14.8	0.32977853152683756
11.1	-16.03	0.34409178611228364
11.1	-17.26	0.34763998073612784
11.1	-18.49	0.3321614402681064
11.09	-19.72	0.33942859378068385
11.09	-20.95	0.32662248452665543
11.09	-22.18	0.3299904720760171
11.09	-23.41	0.3301145628551903
11.08	-24.63	0.32709129678514093
11.08	-25.85	0.3179290544653513
11.08	-27.08	0.3093043929235829
11.08	-28.32	0.3166851917634034
11.08	-29.55	0.323562475662253
11.07	-30.75	0.35271103770570583
11.05	-31.93	0.36686404960466695
11.04	-33.11	0.37545376094170935
11.01	-34.26	0.4021131123806132
10.97	-35.34	0.38791091044929693
10.88	-36.26	0.3707198532984436
12.02	-36.05	0.6130638196726628
12.16	-35.27	0.4724474558209415
12.22	-34.22	0.35386818786989405
12.25	-33.09	0.400444070687773
12.27	-31.91	0.36473786363877064
12.29	-30.73	0.3890126165656043
12.31	-29.54	0.33081792731648896
12.31	-28.32	0.3182069262400256
12.31	-27.08	0.3125938032505239
12.31	-25.85	0.32673668133521416
12.31	-24.63	0.317498847094408
12.32	-23.4	0.3420973680324941
12.32	-22.18	0.32777518871083267
12.32	-20.94	0.3360182195807895
12.32	-19.72	0.33689166970897405
12.33	-18.49	0.3366033587438243
12.33	-17.26	0.3358025156037082
12.33	-16.03	0.3215330824649355
12.33	-14.8	0.3344899148778383
12.33	-13.56	0.3486756605730683
12.33	-12.33	0.31796704275533455
12.34	-11.1	0.32632175658166546
12.34	-9.87	0.32577964697178274
12.34	-8.64	0.31952938298781164
12.34	-7.4	0.3247636927655447
12.34	-6.17	0.33379319863757156
12.34	-4.93	0.3358911219463778
12.34	-3.7	0.3219410703183135
12.34	-2.47	0.34457071318095944
12.34	-1.23	0.3344594661959223
12.34	0.0	0.316105607823288
12.34	1.23	0.3077059751877125
12.34	2.47	0.32696320915062266
12.34	3.7	0.3118462232082291
12.34	4.93	0.3111145366794024
12.34	6.17	0.32308814341821435
12.34	7.4	0.31499489793978097
12.34	8.64	0.31741622627806654
12.34	9.87	0.3289048538390165
12.34	11.1	0.31515392767102474
12.33	12.33	0.32521113428137116
12.33	13.56	0.33046116620234156
12.33	14.8	0.3184635825023121
12.33	16.03	0.3154469237940616
12.33	17.26	0.3194551637590364
12.33	18.49	0.32452104854049507
12.32	19.72	0.3175435193549627
12.32	20.94	0.3131545186525987
12.32	22.18	0.3204337782452682
12.32	23.4	0.32173687325090367
12.31	24.63	0.3267881461034702
12.31	25.85	0.3328610708258323
12.31	27.08	0.3683916273401215
12.31	28.32	0.3529238923815791
12.31	29.54	0.36077611885501526
12.29	30.73	0.37428625599639825
12.27	31.91	0.40869101061750995
12.25	33.09	0.3956553170197016
12.22	34.22	0.40129417534686185
12.16	35.27	0.546549104576251
12.02	36.05	0.34234588559785784
13.34	35.17	0.5688711514720769
13.42	34.17	0.44036082761865536
13.47	33.06	0.4289563185073435
13.49	31.9	0.4116444006637966
13.51	30.71	0.39270726126982536
13.53	29.53	0.35639838516874256
13.54	28.32	0.33958311946372904
13.54	27.08	0.3429238308352747
13.54	25.85	0.3530339477531285
13.54	24.62	0.3381600454940005
13.55	23.4	0.32458569210685995
13.55	22.17	0.33118032413171167
13.55	20.94	0.3270752386705303
13.55	19.71	0.3335793134999673
13.56	18.49	0.31569911332907946
13.56	17.26	0.3095457800298122
13.56	16.03	0.3147708069941612
13.56	14.8	0.3165356619007945
13.56	13.56	0.3215252189762326
13.56	12.33	0.31715527482790595
13.57	11.1	0.33391507001908005
13.57	9.87	0.31981504270962685
13.57	8.64	0.3246536144818523
13.57	7.4	0.32094847969357376
13.57	6.17	0.3189298422434137
13.57	4.93	0.3161262965267967
13.57	3.7	0.3175977894006854
13.57	2.47	0.33238199457251977
13.57	1.23	0.3306789565402073
13.57	-0.0	0.324107057920394
13.57	-1.23	0.3289975587623468
13.57	-2.47	0.3218564261155092
13.57	-3.7	0.316674731199644
13.57	-4.93	0.31843434202869497
13.57	-6.17	0.3228974776550167
13.57	-7.4	0.3246907555453515
13.57	-8.64	0.33261966371565616
13.57	-9.87	0.3309066885268716
13.57	-11.1	0.3387686643484405
13.56	-12.33	0.33622000130820096
13.56	-13.56	0.3314896950500754
13.56	-14.8	0.3289752783567907
13.56	-16.03	0.33317272342892584
13.56	-17.26	0.3384847476807537
13.56	-18.49	0.34375975596828423
13.55	-19.71	0.3255579250249201
13.55	-20.94	0.32281447645020755
13.55	-22.17	0.3177582582191285
13.55	-23.4	0.325815056448266
13.54	-24.62	0.31868698342602236
13.54	-25.85	0.31998948552624223
13.54	-27.08	0.3094444870758509
13.54	-28.32	0.32675365662567696
13.53	-29.53	0.3503117525471665
13.51	-30.71	0.344575997773692
13.49	-31.9	0.36713006511570867
13.47	-33.06	0.3935888049268287
13.42	-34.17	0.34745588759341184
13.34	-35.17	0.4813865654302122
14.49	-35.02	0.34613309929005176
14.62	-34.1	0.3735973049145258
14.67	-33.02	0.3685219410879773
14.71	-31.87	0.3759497996506974
14.73	-30.69	0.33673101829886143
14.75	-29.51	0.3709476383751465
14.77	-28.31	0.34152920595027497
14.78	-27.09	0.3196150046270167
14.77	-25.85	0.31353619810883454
14.77	-24.62	0.32030762988898503
14.77	-23.39	0.30830259839978363
14.78	-22.17	0.3260545391188759
14.78	-20.94	0.317657853258618
14.78	-19.71	0.3259612617153194
14.79	-18.48	0.34147465052144443
14.79	-17.25	0.3249241477519635
14.79	-16.03	0.3338579442375138
14.79	-14.79	0.3238584253457304
14.8	-13.56	0.3420058976028458
14.8	-12.33	0.3244527994678834
14.8	-11.1	0.33558422121103704
14.8	-9.87	0.36304681488647633
14.8	-8.63	0.3222733342283889
14.8	-7.4	0.32343468924277374
14.8	-6.17	0.3322041458548409
14.8	-4.93	0.3280611285857809
14.8	-3.7	0.3212577362562776
14.8	-2.47	0.34204850128253644
14.8	-1.23	0.3210169683341715
14.8	0.0	0.32234063940685975
14.8	1.23	0.3235107478104499
14.8	2.47	0.33021716043269167
14.8	3.7	0.3142632791592476
14.8	4.93	0.3192359011838949
14.8	6.17	0.3179662735628113
14.8	7.4	0.3322945175524242
14.8	8.63	0.34326636899915314
14.8	9.87	0.3229720697983968
14.8	11.1	0.328420629975286
14.8	12.33	0.32242625314178086
14.8	13.56	0.3121358820613908
14.79	14.79	0.31114239175573605
14.79	16.03	0.32287844867166143
14.79	17.25	0.3147305843772235
14.79	18.48	0.32331159441320384
14.78	19.71	0.30169222787164907
14.78	20.94	0.33438639565063566
14.78	22.17	0.3182346799417242
14.77	23.39	0.3242297708185711
14.77	24.62	0.3343269741128765
14.77	25.85	0.3482371448845573
14.78	27.09	0.32127993341256605
14.77	28.31	0.352784258911911
14.75	29.51	0.37560997189205153
14.73	30.69	0.38458386178661336
14.71	31.87	0.3520191394104326
14.67	33.02	0.3766588622732262
14.62	34.1	0.47232373922946536
14.49	35.02	0.44584892566667633
15.79	34.0	0.5470415881519751
15.87	32.97	0.39063364102072606
15.92	31.84	0.41408478377194524
15.95	30.67	0.38500533232236434
15.97	29.48	0.39335127628736793
15.99	28.3	0.36870629141160444
16.01	27.09	0.34928606546552515
16.01	25.85	0.3411901077863084
16.0	24.62	0.34028762841854454
16.0	23.39	0.33216671485299165
16.01	22.16	0.31650669181185326
16.01	20.94	0.3262118652413493
16.02	19.71	0.3138606976459641
16.02	18.48	0.30947527796075563
16.02	17.25	0.3112214133309856
16.02	16.02	0.3004827382072353
16.03	14.79	0.3104533988789306
16.03	13.56	0.3218629383138171
16.03	12.33	0.32232012155477896
16.03	11.1	0.3146997941853581
16.03	9.86	0.3174874486013633
16.03	8.63	0.31916679030949513
16.03	7.4	0.3355408874317448
16.03	6.17	0.30846136833287086
16.04	4.93	0.33593081279863135
16.04	3.7	0.3244071378975622
16.04	2.47	0.3216883107792856
16.04	1.23	0.3156138305214056
16.04	-0.0	0.3127858265596455
16.04	-1.23	0.3147719218675958
16.04	-2.47	0.3218517827049828
16.04	-3.7	0.32228681520982755
16.04	-4.93	0.3239898813364227
16.03	-6.17	0.33985087520702084
16.03	-7.4	0.32633317698778114
16.03	-8.63	0.34220492504970335
16.03	-9.86	0.32916845017515894
16.03	-11.1	0.3463487409012797
16.03	-12.33	0.3092613278626101
16.03	-13.56	0.33047406791970596
16.03	-14.79	0.326615015605225
16.02	-16.02	0.32488359628825375
16.02	-17.25	0.33891163373300354
16.02	-18.48	0.31751338862688605
16.02	-19.71	0.3247870492491147
16.01	-20.94	0.32311152925
16.01	-22.16	0.32290228537875115
16.0	-23.39	0.3288014692971241
16.0	-24.62	0.3191138152029717
16.01	-25.85	0.3187857236543631
16.01	-27.09	0.32921277587963943
15.99	-28.3	0.3661858509617037
15.97	-29.48	0.3502812258845965
15.95	-30.67	0.35901929786481357
15.92	-31.84	0.3753846933659756
15.87	-32.97	0.3472947890040192
15.79	-34.0	0.35783382450872114
16.92	-33.85	0.4524440672591048
17.06	-32.9	0.3596333326482867
17.12	-31.8	0.33219859907129323
17.16	-30.65	0.3618180964778701
17.19	-29.46	0.33678495534244235
17.21	-28.27	0.3506081861157399
17.23	-27.08	0.350070486201073
17.24	-25.86	0.3185866199704915
17.23	-24.62	0.31622710722694425
17.23	-23.38	0.3226638222927127
17.23	-22.16	0.3072241333907881
17.24	-20.93	0.32385275212887726
17.25	-19.71	0.31605183665517744
17.25	-18.48	0.3304129345795935
17.25	-17.25	0.3198279965646629
17.25	-16.02	0.3316679373138315
17.25	-14.79	0.3227327466692483
17.26	-13.56	0.3262151049465785
17.26	-12.33	0.32072055530389476
17.26	-11.1	0.3293931902333618
17.26	-9.86	0.33506779194683445
17.26	-8.63	0.33741825893624133
17.26	-7.4	0.32526857773937884
17.26	-6.17	0.3254446731850762
17.26	-4.93	0.33223762038204735
17.27	-3.7	0.324953822875286
17.27	-2.47	0.33100880195044446
17.27	-1.23	0.3276468971902307
17.27	0.0	0.32878305998716867
17.27	1.23	0.29901367439035964
17.27	2.47	0.3266343047671484
17.27	3.7	0.3207299419855996
17.26	4.93	0.3255681660058688
17.26	6.17	0.3159871714965717
17.26	7.4	0.3311104729488348
17.26	8.63	0.3431616074241445
17.26	9.86	0.3283692167612784
17.26	11.1	0.3181309601706127
17.26	12.33	0.3212910410186711
17.26	13.56	0.30057521179902497
17.25	14.79	0.30227945821906294
17.25	16.02	0.31090529741141276
17.25	17.25	0.3157201406576773
17.25	18.48	0.3108964827805697
17.25	19.71	0.32852264070326687
17.24	20.93	0.32211256829572427
17.23	22.16	0.32386948940694676
17.23	23.38	0.335994063744037
17.23	24.62	0.3442196387859371
17.24	25.86	0.33672746362861883
17.23	27.08	0.35317145745608247
17.21	28.27	0.3511233587915729
17.19	29.46	0.4079420545385345
17.16	30.65	0.35354191163368365
17.12	31.8	0.3716503367348434
17.06	32.9	0.4619371841309411
16.92	33.85	0.3048297452768671
18.21	32.78	0.53113557790111
18.31	31.74	0.37680185489326157
18.37	30.61	0.3755894282992057
18.4	29.44	0.39948062392294703
18.42	28.25	0.3980188709661966
18.45	27.06	0.3634043553721727
18.47	25.85	0.34153077360083517
18.47	24.63	0.3353112183785429
18.46	23.39	0.3256160007301942
18.46	22.15	0.3531700867942413
18.47	20.93	0.3234950435173591
18.47	19.7	0.3164715282668607
18.48	18.48	0.3186052489320449
18.48	17.25	0.3224732488715369
18.48	16.02	0.30743839151094476
18.48	14.79	0.33576123150365883
18.49	13.56	0.31673356511866385
18.49	12.33	0.3169480871395382
18.49	11.1	0.320573363573384
18.49	9.86	0.3196574790659659
18.49	8.63	0.3303604291549067
18.49	7.4	0.3218189210982568
18.49	6.16	0.316414388961913
18.5	4.93	0.31777265382614006
18.5	3.7	0.318578576456835
18.5	2.47	0.3250970026863448
18.5	1.23	0.3232850670169045
18.5	-0.0	0.3157865619655756
18.5	-1.23	0.33643123392546626
18.5	-2.47	0.33684149887131387
18.5	-3.7	0.3127633540012222
18.5	-4.93	0.3247801980408644
18.49	-6.16	0.3312209364241804
18.49	-7.4	0.31829371723332134
18.49	-8.63	0.32643510930756525
18.49	-9.86	0.3208741209024475
18.49	-11.1	0.3488781962479998
18.49	-12.33	0.3315092879434378
18.49	-13.56	0.3312230579717584
18.48	-14.79	0.32752187519470277
18.48	-16.02	0.31852475288147103
18.48	-17.25	0.33655065253625205
18.48	-18.48	0.3255339926281274
18.47	-19.7	0.3140812042483246
18.47	-20.93	0.32864604537752556
18.46	-22.15	0.31530655976202143
18.46	-23.39	0.32349109913045526
18.47	-24.63	0.3086588414839066
18.47	-25.85	0.32765828842191436
18.45	-27.06	0.37304172336115526
18.42	-28.25	0.3453671518078272
18.4	-29.44	0.34385380957047107
18.37	-30.61	0.35313838991663615
18.31	-31.74	0.3313868965648348
18.21	-32.78	0.4780182168696254
19.32	-32.6	0.7462690049787043
19.48	-31.66	0.35284094636275964
19.56	-30.56	0.3460375945904962
19.61	-29.41	0.3306440957895753
19.63	-28.22	0.32944265515553584
19.66	-27.03	0.3361351727948533
19.68	-25.84	0.36585645701763586
19.7	-24.62	0.3238209938133432
19.7	-23.39	0.3386693389774003
19.69	-22.16	0.3081366299000735
19.69	-20.92	0.3304485244256605
19.7	-19.7	0.3158299792731661
19.7	-18.47	0.33197439253777666
19.71	-17.25	0.3300966858249245
19.71	-16.02	0.3174419318643903
19.71	-14.78	0.32248168978796937
19.71	-13.55	0.3209749791863845
19.72	-12.32	0.34359403902149
19.72	-11.09	0.32184235102751885
19.72	-9.86	0.3322292388186883
19.72	-8.63	0.32678615387270477
19.73	-7.4	0.3144419979149104
19.73	-6.16	0.3216860349147803
19.73	-4.93	0.3125013368745913
19.73	-3.7	0.3166350655460281
19.73	-2.47	0.34422294135209686
19.73	-1.23	0.3207958460085004
19.73	0.0	0.33978780324647456
19.73	1.23	0.32854791050855775
19.73	2.47	0.3129080595438774
19.73	3.7	0.3176593567205196
19.73	4.93	0.3110746460783937
19.73	6.16	0.32931314414937884
19.73	7.4	0.33813308402622755
19.72	8.63	0.3213332182837438
19.72	9.86	0.3160330169908644
19.72	11.09	0.3178809924927577
19.72	12.32	0.3071492199072978
19.71	13.55	0.29704266832688425
19.71	14.78	0.31958782112537737
19.71	16.02	0.3069045204364179
19.71	17.25	0.32365904095218273
19.7	18.47	0.3027070399417433
19.7	19.7	0.32567485080958963
19.69	20.92	0.3212854941694187
19.69	22.16	0.33761241338030207
19.7	23.39	0.321983404022405
19.7	24.62	0.3360931791363473
19.68	25.84	0.3413483808022009
19.66	27.03	0.4106627363731624
19.63	28.22	0.3940921407666841
19.61	29.41	0.36886416603459415
19.56	30.56	0.3700446113708902
19.48	31.66	0.4588881326893447
19.32	32.6	0.8999999999990247
20.61	31.52	0.4972919785134968
20.73	30.49	0.4243147441900462
20.8	29.36	0.3872191192601232
20.84	28.2	0.3512240363222421
20.87	27.01	0.4072309566462736
20.89	25.81	0.36483973957964094
20.92	24.61	0.358007171373424
20.93	23.39	0.3602321735673776
20.93	22.16	0.34584304234449903
20.92	20.92	0.3358959092981705
20.92	19.69	0.3169206957377777
20.93	18.47	0.3336470418863876
20.93	17.24	0.3182709524617778
20.94	16.01	0.3122839079652029
20.94	14.78	0.3062910040941093
20.94	13.55	0.290786557765993
20.94	12.32	0.3178921750487306
20.95	11.09	0.3184602486019187
20.95	9.86	0.3168428312439412
20.95	8.63	0.32303794547103626
20.95	7.4	0.316854699272015
20.96	6.16	0.32258551824159
20.96	4.93	0.30823919318362075
20.96	3.7	0.3073950844325603
20.96	2.47	0.3338395828273993
20.96	1.23	0.3220596147199651
20.96	-0.0	0.31084482180342127
20.96	-1.23	0.3071716571385275
20.96	-2.47	0.3190704988305865
20.96	-3.7	0.3284739753808251
20.96	-4.93	0.3187593685350832
20.96	-6.16	0.32915152530432995
20.95	-7.4	0.32232792859429
20.95	-8.63	0.3180222860319141
20.95	-9.86	0.3170507344776724
20.95	-11.09	0.33828236815877155
20.94	-12.32	0.33367822024255017
20.94	-13.55	0.33516327549015157
20.94	-14.78	0.3263282408163054
20.94	-16.01	0.31549236373200024
20.93	-17.24	0.3159949689913929
20.93	-18.47	0.31411519658866927
20.92	-19.69	0.31297734527511917
20.92	-20.92	0.3078999465936006
20.93	-22.16	0.3133831553872325
20.93	-23.39	0.3278633615499064
20.92	-24.61	0.3370801002770883
20.89	-25.81	0.3483965679556588
20.87	-27.01	0.34887049042864077
20.84	-28.2	0.33561303176993357
20.8	-29.36	0.34730852984856325
20.73	-30.49	0.3243315696912226
20.61	-31.52	0.41739350024668587
21.63	-31.24	0.4113913028475221
21.87	-30.38	0.39642542759315846
21.97	-29.3	0.3277329937789355
22.04	-28.16	0.3508242718188578
22.07	-26.98	0.3317370409072048
22.1	-25.78	0.340952897221416
22.13	-24.59	0.350138240536915
22.15	-23.38	0.3421704520082524
22.16	-22.16	0.3252729272152117
22.16	-20.93	0.3257964410415069
22.16	-19.69	0.3086091987648756
22.15	-18.46	0.3026084650222092
22.16	-17.23	0.31699522343292547
22.16	-16.01	0.32711368912093136
22.17	-14.78	0.30771949333555076
22.17	-13.55	0.3142921463824091
22.18	-12.32	0.3208919603149998
22.18	-11.09	0.31058314658968555
22.18	-9.86	0.3214531678967035
22.18	-8.62	0.3348826938112064
22.18	-7.39	0.3156682994407525
22.18	-6.16	0.33430646167619216
22.18	-4.93	0.3188938804989699
22.19	-3.7	0.31967057350672656
22.19	-2.47	0.31522288922054065
22.19	-1.23	0.30789037421065435
22.19	0.0	0.32285617083324103
22.19	1.23	0.3271005482567738
22.19	2.47	0.31386733904216985
22.19	3.7	0.3312511490818799
22.18	4.93	0.3145672338692042
22.18	6.16	0.31293256317987583
22.18	7.39	0.32030645648541567
22.18	8.62	0.32013784545947627
22.18	9.86	0.32125088698004667
22.18	11.09	0.29485822459477384
22.18	12.32	0.29274852140576657
22.17	13.55	0.31200966734292945
22.17	14.78	0.31410871174101945
22.16	16.01	0.31296869937704325
22.16	17.23	0.3266517406316779
22.15	18.46	0.32332476715702235
22.16	19.69	0.34408666534922905
22.16	20.93	0.3359559003297122
22.16	22.16	0.3386794377457511
22.15	23.38	0.3639852085856836
22.13	24.59	0.34661519775594646
22.1	25.78	0.4066117805414254
22.07	26.98	0.35562403214968363
22.04	28.16	0.3693499387579029
21.97	29.3	0.40363289116743173
21.87	30.38	0.5025733471342163
21.63	31.24	0.32174157943997567
22.94	30.18	0.7823129330937842
23.12	29.2	0.4769451857528392
23.21	28.1	0.3783132537658478
23.27	26.94	0.3972814665593548
23.31	25.76	0.3530652770281456
23.33	24.56	0.3701940285764873
23.36	23.36	0.37569251590031777
23.38	22.15	0.34268090092249043
23.39	20.93	0.34909784815829276
23.39	19.7	0.3452795999295489
23.39	18.46	0.34803034989664
23.38	17.23	0.3188890229065945
23.39	16.0	0.3153150710577914
23.39	14.77	0.32444228978241696
23.4	13.55	0.3099920482707223
23.4	12.32	0.31705647393014386
23.41	11.09	0.3134656234751591
23.41	9.86	0.2891554831993134
23.41	8.62	0.2950338483486946
23.41	7.39	0.3151348159197907
23.41	6.16	0.3349840068238629
23.41	4.93	0.3266594648911304
23.41	3.7	0.3220874576401654
23.41	2.46	0.32121133194673257
23.41	1.23	0.3315850184021713
23.41	-0.0	0.3180356635229921
23.41	-1.23	0.32511305299058546
23.41	-2.46	0.31301998800945235
23.41	-3.7	0.32189707909462556
23.41	-4.93	0.32159297933047387
23.41	-6.16	0.3335362137016782
23.41	-7.39	0.3271909567233331
23.41	-8.62	0.3224639564584249
23.41	-9.86	0.31662749282584346
23.41	-11.09	0.3208952053073805
23.4	-12.32	0.33173147984742957
23.4	-13.55	0.3236035529191073
23.39	-14.77	0.32740775680361195
23.39	-16.0	0.3151417281938406
23.38	-17.23	0.3126078303479725
23.39	-18.46	0.3197720440300714
23.39	-19.7	0.3173725202723922
23.39	-20.93	0.3156873847219115
23.38	-22.15	0.3292136955383038
23.36	-23.36	0.3455703192844167
23.33	-24.56	0.3301764637099088
23.31	-25.76	0.3302171041267815
23.27	-26.94	0.32959194805301917
23.21	-28.1	0.30884315463691736
23.12	-29.2	0.35138540719832667
22.94	-30.18	0.5390034116141903
24.2	-29.04	0.44731544256231837
24.36	-28.01	0.33223612560016413
24.44	-26.89	0.32624000119309104
24.5	-25.72	0.3454412031669424
24.53	-24.53	0.3282061153448491
24.56	-23.33	0.3220526186862996
24.59	-22.13	0.33883365222019385
24.61	-20.92	0.34342763251655206
24.62	-19.7	0.33237959222389146
24.63	-18.47	0.3230413897793366
24.62	-17.23	0.303520550162807
24.62	-16.0	0.30804791474336846
24.62	-14.77	0.3081748893190985
24.62	-13.54	0.3257582337089605
24.63	-12.31	0.3112187749718281
24.63	-11.08	0.3150925600437923
24.63	-9.85	0.31962734319211267
24.64	-8.62	0.3275527754210992
24.64	-7.39	0.325568661563483
24.64	-6.16	0.32970382671389736
24.64	-4.93	0.33851742445816796
24.64	-3.7	0.32934803862726486
24.64	-2.46	0.33242977513916283
24.64	-1.23	0.3310444830659202
24.64	0.0	0.3349169924906801
24.64	1.23	0.324560625077971
24.64	2.46	0.3235418784808941
24.64	3.7	0.32314392900566696
24.64	4.93	0.31564680051476424
24.64	6.16	0.3140073034396731
24.64	7.39	0.29375628417573324
24.64	8.62	0.30128068753791454
24.63	9.85	0.3110922991251232
24.63	11.08	0.31803690338704993
24.63	12.31	0.3139442352061042
24.62	13.54	0.3087340212658523
24.62	14.77	0.3221802927382012
24.62	16.0	0.3167109698775762
24.62	17.23	0.3350054317750638
24.63	18.47	0.3257094216308611
24.62	19.7	0.35166628138988615
24.61	20.92	0.3347670485756352
24.59	22.13	0.3742964697323607
24.56	23.33	0.38746091434764435
24.53	24.53	0.3711917058215043
24.5	25.72	0.3795371817835883
24.44	26.89	0.39136873497172997
24.36	28.01	0.444360929852047
24.2	29.04	0.5489298826995813
25.43	27.86	0.5242902260132764
25.59	26.8	0.41707106895369417
25.67	25.67	0.4238942938443233
25.72	24.5	0.35759787105954455
25.76	23.31	0.34227650664881293
25.78	22.1	0.3738594400303897
25.81	20.89	0.3607060259946648
25.84	19.68	0.35635125180414445
25.85	18.47	0.34683041572244133
25.86	17.24	0.3256686275121938
25.85	16.01	0.3306978909982414
25.85	14.77	0.3146818892615716
25.85	13.54	0.3233426029979727
25.85	12.31	0.3146954784689187
25.85	11.08	0.31210031890728596
25.85	9.85	0.3068194236136502
25.86	8.62	0.3128363178418664
25.86	7.39	0.31491018264763443
25.87	6.16	0.3185771611918956
25.87	4.93	0.33540089265973755
25.87	3.7	0.31181038892032625
25.87	2.46	0.29606173260222973
25.87	1.23	0.2990443397005131
25.87	-0.0	0.3080023561058529
25.87	-1.23	0.31367124744880953
25.87	-2.46	0.29534738437497726
25.87	-3.7	0.30085980392832434
25.87	-4.93	0.31487074959667993
25.87	-6.16	0.32518184439676895
25.86	-7.39	0.30891466895792447
25.86	-8.62	0.3240213272954605
25.85	-9.85	0.32793216781830853
25.85	-11.08	0.3249755500655331
25.85	-12.31	0.31288095355094514
25.85	-13.54	0.32051719296648046
25.85	-14.77	0.3060903753234118
25.85	-16.01	0.3245390529473056
25.86	-17.24	0.3240249690098035
25.85	-18.47	0.34320003941146393
25.84	-19.68	0.3450930736578264
25.81	-20.89	0.32981884716451626
25.78	-22.1	0.3195564980088649
25.76	-23.31	0.32424394775367615
25.72	-24.5	0.31477520654869817
25.67	-25.67	0.31611808743399805
25.59	-26.8	0.2953215411299205
25.43	-27.86	0.36087524986011277
26.65	-26.65	0.3595987736490567
26.8	-25.59	0.30821966927785144
26.89	-24.44	0.302917371626129
26.94	-23.27	0.3147756145433144
26.98	-22.07	0.3015632983629163
27.01	-20.87	0.30252135345045733
27.03	-19.66	0.32433537285001174
27.06	-18.45	0.3506172369864186
27.08	-17.23	0.32186899719744416
27.09	-16.01	0.32648469300161126
27.09	-14.78	0.3331541996466367
27.08	-13.54	0.32002075152678355
27.08	-12.31	0.312541160240575
27.08	-11.08	0.32027428303407207
27.08	-9.85	0.32470128964003947
27.08	-8.62	0.31177249755880543
27.08	-7.39	0.30312764448531154
27.08	-6.16	0.30112125199608214
27.09	-4.93	0.3207813821472918
27.09	-3.69	0.32149434637607094
27.09	-2.46	0.3248099733080454
27.09	-1.23	0.30668056256979287
27.09	0.0	0.29991644806515894
27.09	1.23	0.3105880697805069
27.09	2.46	0.3198853821565124
27.09	3.69	0.3183993256179047
27.09	4.93	0.2984178425603732
27.08	6.16	0.3249856700670134
27.08	7.39	0.3118252144588625
27.08	8.62	0.31712912216017686
27.08	9.85	0.32819281252541194
27.08	11.08	0.3187301502602611
27.08	12.31	0.31994225683303196
27.08	13.54	0.3190686896255596
27.09	14.78	0.3280674814700047
27.09	16.01	0.35473204492581595
27.08	17.23	0.34508954385201784
27.06	18.45	0.3517857933443308
27.03	19.66	0.3591528780938278
27.01	20.87	0.4032941957050616
26.98	22.07	0.3639825976368586
26.94	23.27	0.3750515226887807
26.89	24.44	0.3689969818801092
26.8	25.59	0.40557365240053567
26.65	26.65	0.5623749440650109
27.86	25.43	0.5083680394307909
28.01	24.36	0.4349691684183451
28.1	23.21	0.3956059075459992
28.16	22.04	0.3597829049226532
28.2	20.84	0.36699091914109916
28.22	19.63	0.4089317200906457
28.25	18.42	0.3810541615524278
28.27	17.21	0.3527718480991822
28.3	15.99	0.3572037848967599
28.31	14.77	0.34276530420814866
28.32	13.54	0.32820879332700403
28.32	12.31	0.3488523422765799
28.32	11.08	0.32194464570964415
28.31	9.85	0.3329305327444494
28.31	8.62	0.3083484972017837
28.31	7.38	0.31410966043278654
28.31	6.15	0.31779516740113245
28.31	4.92	0.3122792673356523
28.31	3.69	0.3090204561915182
28.31	2.46	0.3164896043262494
28.31	1.23	0.29760845208812625
28.31	-0.0	0.32542619123539146
28.31	-1.23	0.3112546657067944
28.31	-2.46	0.3092217420294565
28.31	-3.69	0.30906635151036654
28.31	-4.92	0.31179337246962463
28.31	-6.15	0.3019927183560769
28.31	-7.38	0.3115335883583084
28.31	-8.62	0.3032276420947582
28.31	-9.85	0.29915228101617103
28.32	-11.08	0.31754499379143936
28.32	-12.31	0.3170679884833742
28.32	-13.54	0.33196294188667574
28.31	-14.77	0.3232005465203076
28.3	-15.99	0.3275832263508207
28.27	-17.21	0.32289831592069085
28.25	-18.42	0.3177468523221216
28.22	-19.63	0.311981069977752
28.2	-20.84	0.30240926103425503
28.16	-22.04	0.3146592857240328
28.1	-23.21	0.3065179485705783
28.01	-24.36	0.2918107498266432
27.86	-25.43	0.3487589035513663
29.04	-24.2	0.35973528086342854
29.2	-23.12	0.28522589006517746
29.3	-21.97	0.3047926867588252
29.36	-20.8	0.3116457955080767
29.41	-19.61	0.29941859483276057
29.44	-18.4	0.2855063832023328
29.46	-17.19	0.30945856258477594
29.48	-15.97	0.3208904511629583
29.51	-14.75	0.3236873729031684
29.53	-13.53	0.3305845966911748
29.54	-12.31	0.32398406054064854
29.55	-11.08	0.3067015728202785
29.55	-9.85	0.31416064165794394
29.55	-8.62	0.303509738228673
29.55	-7.39	0.31814739638257516
29.55	-6.16	0.3266221063515806
29.54	-4.92	0.3021407995998339
29.54	-3.69	0.32246829703928265
29.54	-2.46	0.3091776599036438
29.54	-1.23	0.3026216599832897
29.54	0.0	0.30055907529327897
29.54	1.23	0.3142912097425987
29.54	2.46	0.32363855452493306
29.54	3.69	0.31527596301610283
29.54	4.92	0.32655308187084475
29.55	6.16	0.32037897862990317
29.55	7.39	0.31822704110462224
29.55	8.62	0.32979729208648934
29.55	9.85	0.33235817017078495
29.55	11.08	0.34750815967042464
29.54	12.31	0.3565915748013811
29.53	13.53	0.33426111609143677
29.51	14.75	0.3528272929986994
29.48	15.97	0.34216797932272486
29.46	17.19	0.38011785203467185
29.44	18.4	0.3624363713069986
29.41	19.61	0.35411100312655874
29.36	20.8	0.36287177471251175
29.3	21.97	0.37410149199125853
29.2	23.12	0.4179258424809277
29.04	24.2	0.5320456277248596
30.18	22.94	0.6001062942199453
30.38	21.87	0.48148987305641744
30.49	20.73	0.40312604734594115
30.56	19.56	0.35427577425894063
30.61	18.37	0.34662032564806744
30.65	17.16	0.3280084493040064
30.67	15.95	0.36106694694952146
30.69	14.73	0.35545859510601296
30.71	13.51	0.3486894468695324
30.73	12.29	0.34148869972542695
30.75	11.07	0.34640955727235984
30.76	9.84	0.3620768515082641
30.77	8.62	0.334649943349804
30.78	7.39	0.3349995746696491
30.78	6.16	0.3366562952159885
30.78	4.93	0.3273268672418776
30.78	3.69	0.3283856515637459
30.78	2.46	0.3273360707740462
30.78	1.23	0.30966021006550387
30.78	-0.0	0.3169312520562218
30.78	-1.23	0.3089507206854581
30.78	-2.46	0.31138572106388196
30.78	-3.69	0.3318357463469903
30.78	-4.93	0.32445718840584653
30.78	-6.16	0.31811465807042233
30.78	-7.39	0.31912392984739146
30.77	-8.62	0.3139810475601675
30.76	-9.84	0.33329502215982604
30.75	-11.07	0.3163683043667081
30.73	-12.29	0.31581908447514373
30.71	-13.51	0.3064137011088538
30.69	-14.73	0.3207753215588837
30.67	-15.95	0.2939758185192869
30.65	-17.16	0.29685600149951585
30.61	-18.37	0.30801376591724505
30.56	-19.56	0.30632073826898193
30.49	-20.73	0.2822071901765105
30.38	-21.87	0.28898280544778177
30.18	-22.94	0.37696381255236877
31.24	-21.63	0.445536880068372
31.52	-20.61	0.29714314615320436
31.66	-19.48	0.28941354926764884
31.74	-18.31	0.28409539451897353
31.8	-17.12	0.2879438714238505
31.84	-15.92	0.30888057989505724
31.87	-14.71	0.2995761395553763
31.9	-13.49	0.3004396584837655
31.91	-12.27	0.30762050622812365
31.93	-11.05	0.321357153576621
31.95	-9.83	0.3111985458970458
31.96	-8.6	0.32553832288691625
31.97	-7.38	0.3288826920624679
31.98	-6.15	0.32959281736546076
31.99	-4.92	0.33284324899298007
32.0	-3.69	0.34787315319543266
32.0	-2.46	0.33741292241735704
32.0	-1.23	0.34845214948622716
32.0	0.0	0.32936165103658105
32.0	1.23	0.32048890952180853
32.0	2.46	0.3379680259998419
32.0	3.69	0.3291247889229237
31.99	4.92	0.3244880445934668
31.98	6.15	0.34535587658564687
31.97	7.38	0.32810856090926677
31.96	8.6	0.3478064832664576
31.95	9.83	0.36192107211241964
31.93	11.05	0.35988534300362957
31.91	12.27	0.34299443023803633
31.9	13.49	0.3836917476482933
31.87	14.71	0.3555589624181692
31.84	15.92	0.3522637207552407
31.8	17.12	0.36850617420769616
31.74	18.31	0.3853655280487027
31.66	19.48	0.40468525395399646
31.52	20.61	0.516667871597667
31.24	21.63	0.6206523532318111
32.6	19.32	0.39530619805821954
32.78	18.21	0.426518297297928
32.9	17.06	0.3944954844618258
32.97	15.87	0.38382336785093474
33.02	14.67	0.3842113355924801
33.06	13.47	0.34838690010030293
33.09	12.25	0.34378016083945184
33.11	11.04	0.37472066814388616
33.13	9.82	0.3696646571823987
33.14	8.59	0.3645840578247781
33.15	7.37	0.35775376570519957
33.16	6.14	0.34479298917151247
33.17	4.91	0.3405387853229262
33.18	3.69	0.3338710528471017
33.18	2.46	0.3209704633765541
33.18	1.23	0.3182274786951348
33.19	-0.0	0.3159670573416785
33.18	-1.23	0.3334725068662623
33.18	-2.46	0.3304787364653163
33.18	-3.69	0.3278712928103708
33.17	-4.91	0.33020207731049667
33.16	-6.14	0.3158427657233388
33.15	-7.37	0.32264094538440846
33.14	-8.59	0.3171588616496463
33.13	-9.82	0.30321424023911403
33.11	-11.04	0.29403174682976074
33.09	-12.25	0.2973719770733042
33.06	-13.47	0.3172547073145262
33.02	-14.67	0.29276803856533157
32.97	-15.87	0.27873569693719846
32.9	-17.06	0.2960383082839262
32.78	-18.21	0.29719261668044394
32.6	-19.32	0.3918394551098018
33.85	-16.92	0.36101486747549627
34.0	-15.79	0.32827422572410114
34.1	-14.62	0.29896443875437334
34.17	-13.42	0.29451721846627854
34.22	-12.22	0.29985728445563187
34.26	-11.01	0.2918989170628611
34.29	-9.8	0.299478533834059
34.31	-8.58	0.3214493350355159
34.33	-7.36	0.31532815839306017
34.34	-6.13	0.3308946965735797
34.35	-4.91	0.3132276038809921
34.35	-3.68	0.3226447216380971
34.36	-2.45	0.311310107433833
34.36	-1.23	0.3198200530668357
34.36	0.0	0.30313488892269136
34.36	1.23	0.3227603013090541
34.36	2.45	0.33869658061094476
34.35	3.68	0.3375340957434661
34.35	4.91	0.3580965642806183
34.34	6.13	0.3644303509929677
34.33	7.36	0.3603295130718368
34.31	8.58	0.35906921612672604
34.29	9.8	0.35216128596059126
34.26	11.01	0.36271174698673103
34.22	12.22	0.37908411025164834
34.17	13.42	0.3950157628672525
34.1	14.62	0.34572244337870517
34.0	15.79	0.39503681493275333
33.85	16.92	0.4467571827115684
35.02	14.49	0.48307337212700807
35.17	13.34	0.4612455215849133
35.27	12.16	0.38146482041994
35.34	10.97	0.37526369393865555
35.39	9.76	0.36324819620028037
35.43	8.55	0.3246473870415516
35.46	7.34	0.3471026312572467
35.48	6.12	0.3447258046109062
35.49	4.9	0.32923507029784843
35.51	3.67	0.34703936240054867
35.52	2.45	0.3479133388705721
35.52	1.22	0.3410271331630577
35.52	-0.0	0.3430484286226177
35.52	-1.22	0.3211380878388349
35.52	-2.45	0.31710465398115584
35.51	-3.67	0.33293008258168477
35.49	-4.9	0.3049156480707861
35.48	-6.12	0.31593261184781807
35.46	-7.34	0.30331963859007693
35.43	-8.55	0.3271313526321209
35.39	-9.76	0.35197619141826686
35.34	-10.97	0.36849641961591684
35.27	-12.16	0.3331898252769099
35.17	-13.34	0.3506082787861252
35.02	-14.49	0.40396047816795655
36.05	-12.02	0.4264733684633619
36.26	-10.88	0.35999912853045124
36.37	-9.7	0.3437615040857729
36.45	-8.51	0.3349516785517499
36.51	-7.3	0.3260062180156716
36.55	-6.09	0.35154908035171395
36.58	-4.88	0.3321236130929167
36.6	-3.66	0.3418087060357442
36.61	-2.44	0.32316402493740337
36.62	-1.22	0.3442659656439553
36.62	0.0	0.32438211601664424
36.62	1.22	0.3687229342404367
36.61	2.44	0.32443893314025973
36.6	3.66	0.34154455962894953
36.58	4.88	0.34079529258644
36.55	6.09	0.33429418625421103
36.51	7.3	0.3556624035754732
36.45	8.51	0.3383674550103023
36.37	9.7	0.40158691138075353
36.26	10.88	0.46598937921091177
36.05	12.02	0.559825829324354
37.3	7.22	0.45131596453179845
37.42	6.04	0.36661794189425034
37.5	4.84	0.41040952559953237
37.55	3.63	0.34665777145187776
37.58	2.42	0.3583146039326762
37.6	1.21	0.3349351889631702
37.6	-0.0	0.35262591969550827
37.6	-1.21	0.333454171633093
37.58	-2.42	0.3489407866793969
37.55	-3.63	0.3417719712283993
37.5	-4.84	0.3474850104823146
37.42	-6.04	0.3594049738896866
37.3	-7.22	0.3566033760582801
