-37.3	-7.22	0.4124157072888709
-37.42	-6.04	0.36610903289780283
-37.5	-4.84	0.3812922724114789
-37.55	-3.63	0.3550504794174266
-37.58	-2.42	0.3446311699149003
-37.6	-1.21	0.35537412131326396
-37.6	0.0	0.34969465992355186
-37.6	1.21	0.33215382809926086
-37.58	2.42	0.34546740306775725
-37.55	3.63	0.35259433522435923
-37.5	4.84	0.3616560079892953
-37.42	6.04	0.36771263423137457
-37.3	7.22	0.3881012327965284
-36.05	12.02	0.4771803539536321
-36.26	10.88	0.4812926911131691
-36.37	9.7	0.4047184420988943
-36.45	8.51	0.3637411225520121
-36.51	7.3	0.33733081625383754
-36.55	6.09	0.33205330186477655
-36.58	4.88	0.34237984879979777
-36.6	3.66	0.38465005196812363
-36.61	2.44	0.3516488657721826
-36.62	1.22	0.336017773498796
-36.62	-0.0	0.3507210563076191
-36.62	-1.22	0.3715840953904128
-36.61	-2.44	0.36030883958396875
-36.6	-3.66	0.3722969108123595
-36.58	-4.88	0.3526386872570897
-36.55	-6.09	0.38466921536956533
-36.51	-7.3	0.35008452930565637
-36.45	-8.51	0.3687339525440364
-36.37	-9.7	0.35350947897802243
-36.26	-10.88	0.4102365330261559
-36.05	-12.02	0.4707454285471069
-35.02	-14.49	0.46590921601542656
-35.17	-13.34	0.38155979485733615
-35.27	-12.16	0.3649090138987844
-35.34	-10.97	0.39112006428289303
-35.39	-9.76	0.35556248229874143
-35.43	-8.55	0.3336501913123485
-35.46	-7.34	0.338360853767173
-35.48	-6.12	0.34009081451030965
-35.49	-4.9	0.36548092149839684
-35.51	-3.67	0.3472475722616462
-35.52	-2.45	0.36103889686711044
-35.52	-1.22	0.3531353685310895
-35.52	0.0	0.355879441253276
-35.52	1.22	0.36221942226842163
-35.52	2.45	0.3582562240260707
-35.51	3.67	0.34282145841760575
-35.49	4.9	0.3416164916237867
-35.48	6.12	0.3529721909128968
-35.46	7.34	0.3605556744875946
-35.43	8.55	0.39021053073024314
-35.39	9.76	0.35889240636230113
-35.34	10.97	0.3564217940891058
-35.27	12.16	0.3720561825999158
-35.17	13.34	0.4203986743907405
-35.02	14.49	0.4694561279171724
-33.85	16.92	0.5127658848162362
-34.0	15.79	0.4054162046943688
-34.1	14.62	0.3956899371461321
-34.17	13.42	0.37718671674440807
-34.22	12.22	0.35247176850875195
-34.26	11.01	0.36849370016940697
-34.29	9.8	0.3401859465827468
-34.31	8.58	0.36165718064646957
-34.33	7.36	0.39273375784886155
-34.34	6.13	0.36736799944312937
-34.35	4.91	0.36989112390253376
-34.35	3.68	0.36889849821097376
-34.36	2.45	0.359926485255852
-34.36	1.23	0.3814375705422506
-34.36	-0.0	0.3565640034281162
-34.36	-1.23	0.34521631507208295
-34.36	-2.45	0.32743038430301896
-34.35	-3.68	0.3311632552842734
-34.35	-4.91	0.3197948017901065
-34.34	-6.13	0.33067273351852516
-34.33	-7.36	0.3247868396724295
-34.31	-8.58	0.327857195550322
-34.29	-9.8	0.32820266753069116
-34.26	-11.01	0.3203535917703534
-34.22	-12.22	0.3225031368843264
-34.17	-13.42	0.3195890887053475
-34.1	-14.62	0.31878844821287033
-34.0	-15.79	0.37797951137213626
-33.85	-16.92	0.44703323695953123
-32.6	-19.32	0.4958315418113326
-32.78	-18.21	0.353201197063609
-32.9	-17.06	0.3122221721726908
-32.97	-15.87	0.2950340742592087
-33.02	-14.67	0.321799371321684
-33.06	-13.47	0.31569688127315476
-33.09	-12.25	0.3089486532045409
-33.11	-11.04	0.3380684654787921
-33.13	-9.82	0.3228300959724908
-33.14	-8.59	0.32326576370704607
-33.15	-7.37	0.3274719927194478
-33.16	-6.14	0.3478033393006379
-33.17	-4.91	0.34254591083412117
-33.18	-3.69	0.34046951949879445
-33.18	-2.46	0.3569315636879561
-33.18	-1.23	0.3380076996222569
-33.19	0.0	0.3426340290262679
-33.18	1.23	0.3612378313588439
-33.18	2.46	0.3485921004086146
-33.18	3.69	0.3460003106434407
-33.17	4.91	0.36380726501369415
-33.16	6.14	0.36876899001585417
-33.15	7.37	0.36425198571845124
-33.14	8.59	0.3559838528218653
-33.13	9.82	0.3593699967026803
-33.11	11.04	0.3520147069216464
-33.09	12.25	0.3459947437861984
-33.06	13.47	0.3253635180643121
-33.02	14.67	0.3428093570890076
-32.97	15.87	0.41077448816268614
-32.9	17.06	0.3787941624131984
-32.78	18.21	0.42142639426876016
-32.6	19.32	0.5318411772460757
-31.24	21.63	0.22701654448616965
-31.52	20.61	0.44930215184186817
-31.66	19.48	0.4029275555678178
-31.74	18.31	0.4213431686498321
-31.8	17.12	0.4126385402463676
-31.84	15.92	0.34521322556664497
-31.87	14.71	0.35673347537131084
-31.9	13.49	0.35958125430887866
-31.91	12.27	0.3897093526893454
-31.93	11.05	0.3922214284944813
-31.95	9.83	0.3874813074389178
-31.96	8.6	0.38717510801807264
-31.97	7.38	0.3432117437170691
-31.98	6.15	0.3490213670670772
-31.99	4.92	0.35751571541517085
-32.0	3.69	0.34730174613701076
-32.0	2.46	0.34245657887365627
-32.0	1.23	0.346364400269192
-32.0	-0.0	0.34171773632303415
-32.0	-1.23	0.35670317626721193
-32.0	-2.46	0.3477870731138484
-32.0	-3.69	0.34002173681004927
-31.99	-4.92	0.34040652060131504
-31.98	-6.15	0.3255035286718082
-31.97	-7.38	0.34936239932117524
-31.96	-8.6	0.3392598816449205
-31.95	-9.83	0.33118441630358725
-31.93	-11.05	0.3273672601948204
-31.91	-12.27	0.3227917388324266
-31.9	-13.49	0.31703167774855645
-31.87	-14.71	0.2955300192153191
-31.84	-15.92	0.3142844531499479
-31.8	-17.12	0.31121168318742704
-31.74	-18.31	0.2882192093077912
-31.66	-19.48	0.30939549012856016
-31.52	-20.61	0.37050631088616415
-31.24	-21.63	0.5527125399929317
-30.18	-22.94	0.4350966370900725
-30.38	-21.87	0.3303399492001028
-30.49	-20.73	0.31175414065110796
-30.56	-19.56	0.3012343788986688
-30.61	-18.37	0.32086117553670956
-30.65	-17.16	0.29386403674685374
-30.67	-15.95	0.3178354171054083
-30.69	-14.73	0.32336081892469903
-30.71	-13.51	0.34015847694415746
-30.73	-12.29	0.3196654053374061
-30.75	-11.07	0.33171914802173363
-30.76	-9.84	0.32228953846459946
-30.77	-8.62	0.33824141067275987
-30.78	-7.39	0.3339109326512334
-30.78	-6.16	0.34004391455905036
-30.78	-4.93	0.3431647217759348
-30.78	-3.69	0.3333080910374173
-30.78	-2.46	0.3499904248098944
-30.78	-1.23	0.3433655465124636
-30.78	0.0	0.35202094493875086
-30.78	1.23	0.3408607340352721
-30.78	2.46	0.34447403941381854
-30.78	3.69	0.3550004298012785
-30.78	4.93	0.362167610096632
-30.78	6.16	0.35011797015110047
-30.78	7.39	0.366921957332259
-30.77	8.62	0.3722002286201724
-30.76	9.84	0.35773386122324086
-30.75	11.07	0.3763506876347528
-30.73	12.29	0.37845227162085027
-30.71	13.51	0.3937528576259987
-30.69	14.73	0.3726400674367676
-30.67	15.95	0.36585395375295016
-30.65	17.16	0.3563312825950746
-30.61	18.37	0.3358199166825851
-30.56	19.56	0.34640086154284183
-30.49	20.73	0.40686558708845466
-30.38	21.87	0.4216573663992249
-30.18	22.94	0.5336558336836815
-29.04	24.2	0.548857924031811
-29.2	23.12	0.43846250971863154
-29.3	21.97	0.37728642088291753
-29.36	20.8	0.3395992243013346
-29.41	19.61	0.36227623461642333
-29.44	18.4	0.35291628091213134
-29.46	17.19	0.3684156480530616
-29.48	15.97	0.38850418660155805
-29.51	14.75	0.3799462169381054
-29.53	13.53	0.3522819343979717
-29.54	12.31	0.36382824325481294
-29.55	11.08	0.34050932214912316
-29.55	9.85	0.34262223242670886
-29.55	8.62	0.36682658477987423
-29.55	7.39	0.37036251036040996
-29.55	6.16	0.3597895757365384
-29.54	4.92	0.3509648711187181
-29.54	3.69	0.33396728165707196
-29.54	2.46	0.34747830546603087
-29.54	1.23	0.34596224389410934
-29.54	-0.0	0.32353527068924204
-29.54	-1.23	0.3345159207312458
-29.54	-2.46	0.3496245183377719
-29.54	-3.69	0.3398118101210752
-29.54	-4.92	0.3371466377451873
-29.55	-6.16	0.3341548969336172
-29.55	-7.39	0.34974900826171024
-29.55	-8.62	0.34995054260547415
-29.55	-9.85	0.34028420404694787
-29.55	-11.08	0.3526085105817487
-29.54	-12.31	0.3450853157487329
-29.53	-13.53	0.32681265507955204
-29.51	-14.75	0.3265446470295515
-29.48	-15.97	0.3263360956403953
-29.46	-17.19	0.33241444048772195
-29.44	-18.4	0.33047144788084426
-29.41	-19.61	0.3229482377380134
-29.36	-20.8	0.3165739805097282
-29.3	-21.97	0.3284637900668913
-29.2	-23.12	0.3273718645372088
-29.04	-24.2	0.3997186733467696
-27.86	-25.43	0.3693729571903813
-28.01	-24.36	0.3293654462518003
-28.1	-23.21	0.3197109194148059
-28.16	-22.04	0.34079474048003605
-28.2	-20.84	0.3238854321672976
-28.22	-19.63	0.3262568129502832
-28.25	-18.42	0.3467270221778204
-28.27	-17.21	0.33465853834078163
-28.3	-15.99	0.33530092436323466
-28.31	-14.77	0.35002303226422704
-28.32	-13.54	0.3136919311354064
-28.32	-12.31	0.34301884302767816
-28.32	-11.08	0.3226103015782425
-28.31	-9.85	0.33051005282913815
-28.31	-8.62	0.33800604915095656
-28.31	-7.38	0.34424803353823386
-28.31	-6.15	0.3343551697169047
-28.31	-4.92	0.3521686011982464
-28.31	-3.69	0.32341441788542014
-28.31	-2.46	0.3319717515243742
-28.31	-1.23	0.3445909615270825
-28.31	0.0	0.33004004073327514
-28.31	1.23	0.32463587479959
-28.31	2.46	0.3276537659396982
-28.31	3.69	0.3445150149401085
-28.31	4.92	0.35963535966757026
-28.31	6.15	0.34571510645948245
-28.31	7.38	0.33893016078424976
-28.31	8.62	0.3392347941902085
-28.31	9.85	0.35065511294177365
-28.32	11.08	0.3599970029020317
-28.32	12.31	0.358558213073637
-28.32	13.54	0.36767396813868714
-28.31	14.77	0.3716549223536181
-28.3	15.99	0.379884016445637
-28.27	17.21	0.38806991978324373
-28.25	18.42	0.3608420403737748
-28.22	19.63	0.36848606943235107
-28.2	20.84	0.33834040124456904
-28.16	22.04	0.3371656201242997
-28.1	23.21	0.40186126681104606
-28.01	24.36	0.40525895882019713
-27.86	25.43	0.5403486572621449
-26.65	26.65	0.5238521717048676
-26.8	25.59	0.42423415173801116
-26.89	24.44	0.4034534500999759
-26.94	23.27	0.3489099291600699
-26.98	22.07	0.3491563703526609
-27.01	20.87	0.34286741584876723
-27.03	19.66	0.38945215971329383
-27.06	18.45	0.39000004577667063
-27.08	17.23	0.3881183060806807
-27.09	16.01	0.3578324860294726
-27.09	14.78	0.3692146444700993
-27.08	13.54	0.3580718039410467
-27.08	12.31	0.33318344388462573
-27.08	11.08	0.35900729979560814
-27.08	9.85	0.33904375044731444
-27.08	8.62	0.37564587215969386
-27.08	7.39	0.33264555277324953
-27.08	6.16	0.34159801295597675
-27.09	4.93	0.3653181526646405
-27.09	3.69	0.3500980624944043
-27.09	2.46	0.3385001529308943
-27.09	1.23	0.33484964168173226
-27.09	-0.0	0.3686006390892499
-27.09	-1.23	0.34184324681242484
-27.09	-2.46	0.3479807055002382
-27.09	-3.69	0.34666657458450884
-27.09	-4.93	0.3492339029033247
-27.08	-6.16	0.34087233802902284
-27.08	-7.39	0.35819268977386104
-27.08	-8.62	0.3274501967081622
-27.08	-9.85	0.3321063705369503
-27.08	-11.08	0.3397541347586396
-27.08	-12.31	0.33638887410899737
-27.08	-13.54	0.3233493404196348
-27.09	-14.78	0.34450197253798714
-27.09	-16.01	0.33148264050513004
-27.08	-17.23	0.33109009788864263
-27.06	-18.45	0.35206509726046614
-27.03	-19.66	0.32750966693459543
-27.01	-20.87	0.3201976065292011
-26.98	-22.07	0.33274106085985844
-26.94	-23.27	0.32692020181642123
-26.89	-24.44	0.3206634850595561
-26.8	-25.59	0.33807732879522145
-26.65	-26.65	0.3935743250462611
-25.43	-27.86	0.45357509578248145
-25.59	-26.8	0.34073288246215816
-25.67	-25.67	0.33055564389017145
-25.72	-24.5	0.3542948442858017
-25.76	-23.31	0.3406240458867334
-25.78	-22.1	0.3368008258158719
-25.81	-20.89	0.35251747378236964
-25.84	-19.68	0.34046851879752876
-25.85	-18.47	0.3336059964739136
-25.86	-17.24	0.3356729159971009
-25.85	-16.01	0.34198045004354843
-25.85	-14.77	0.32505754800141945
-25.85	-13.54	0.32959082979675935
-25.85	-12.31	0.3236573813779384
-25.85	-11.08	0.3508870107426114
-25.85	-9.85	0.3413590486575892
-25.86	-8.62	0.3630528555175206
-25.86	-7.39	0.3455373928226177
-25.87	-6.16	0.3428734731532535
-25.87	-4.93	0.3538884892443437
-25.87	-3.7	0.34120942171044527
-25.87	-2.46	0.3388950569388946
-25.87	-1.23	0.3469849287428008
-25.87	0.0	0.34059524683822406
-25.87	1.23	0.33277717695022463
-25.87	2.46	0.3095589885726098
-25.87	3.7	0.31737373386177464
-25.87	4.93	0.32375808431810704
-25.87	6.16	0.33906808552190465
-25.86	7.39	0.3462746852712093
-25.86	8.62	0.3380205856088509
-25.85	9.85	0.35461001856678104
-25.85	11.08	0.3237658806372043
-25.85	12.31	0.35748243087895304
-25.85	13.54	0.3314352037448236
-25.85	14.77	0.35480622417728347
-25.85	16.01	0.36292338919785117
-25.86	17.24	0.3593389131373006
-25.85	18.47	0.40043989804323266
-25.84	19.68	0.37424638196587695
-25.81	20.89	0.3714537312012283
-25.78	22.1	0.37227519275863585
-25.76	23.31	0.35957469392051644
-25.72	24.5	0.3656079338428404
-25.67	25.67	0.3837534697219124
-25.59	26.8	0.41877462893357087
-25.43	27.86	0.5030904153235135
-24.2	29.04	0.5930181051219429
-24.36	28.01	0.44104443895863743
-24.44	26.89	0.35668437706887923
-24.5	25.72	0.37950160767331087
-24.53	24.53	0.3540509321094608
-24.56	23.33	0.3746978427920821
-24.59	22.13	0.3897370764712771
-24.61	20.92	0.3770001050554972
-24.62	19.7	0.3513045223137318
-24.63	18.47	0.3499466881606934
-24.62	17.23	0.3655409056349219
-24.62	16.0	0.3456178836784473
-24.62	14.77	0.3523895959523995
-24.62	13.54	0.3495028556295432
-24.63	12.31	0.3424479860357776
-24.63	11.08	0.33103210628368146
-24.63	9.85	0.33073778048778724
-24.64	8.62	0.3266988944971477
-24.64	7.39	0.31045661198567176
-24.64	6.16	0.33952251265531613
-24.64	4.93	0.35899250854402504
-24.64	3.7	0.35748481762711515
-24.64	2.46	0.384421209722537
-24.64	1.23	0.3408247725220239
-24.64	-0.0	0.35553720699755653
-24.64	-1.23	0.34623276922055046
-24.64	-2.46	0.358960749250078
-24.64	-3.7	0.3576876959846159
-24.64	-4.93	0.35322371543955006
-24.64	-6.16	0.3456073451916993
-24.64	-7.39	0.35470384485987677
-24.64	-8.62	0.33334930872350566
-24.63	-9.85	0.351496300091519
-24.63	-11.08	0.33445719232730126
-24.63	-12.31	0.3398309136017813
-24.62	-13.54	0.33093396679967196
-24.62	-14.77	0.3168535521100897
-24.62	-16.0	0.33662541806476126
-24.62	-17.23	0.3391462386102873
-24.63	-18.47	0.32781399281839535
-24.62	-19.7	0.33181150376535606
-24.61	-20.92	0.3319196162568023
-24.59	-22.13	0.3485291990033758
-24.56	-23.33	0.3352197161175048
-24.53	-24.53	0.3378984992951346
-24.5	-25.72	0.33169908727496966
-24.44	-26.89	0.34061949436754446
-24.36	-28.01	0.33614020383527743
-24.2	-29.04	0.44326599107854525
-22.94	-30.18	0.5085626226178327
-23.12	-29.2	0.33959558432154574
-23.21	-28.1	0.32615437532533065
-23.27	-26.94	0.3350887202498197
-23.31	-25.76	0.3439750693014898
-23.33	-24.56	0.34432492418224697
-23.36	-23.36	0.3362174021429756
-23.38	-22.15	0.34329843475785826
-23.39	-20.93	0.33796314862442534
-23.39	-19.7	0.32631500815478015
-23.39	-18.46	0.3395387116607516
-23.38	-17.23	0.3302122316175705
-23.39	-16.0	0.3297627685680155
-23.39	-14.77	0.3384248149867428
-23.4	-13.55	0.347027616146546
-23.4	-12.32	0.3417814202888489
-23.41	-11.09	0.33150907071191454
-23.41	-9.86	0.3366865129706634
-23.41	-8.62	0.3311477533199681
-23.41	-7.39	0.33895660180011633
-23.41	-6.16	0.34895986416488156
-23.41	-4.93	0.3389977422372687
-23.41	-3.7	0.35586239343725784
-23.41	-2.46	0.34410352123640836
-23.41	-1.23	0.34483833639931816
-23.41	0.0	0.34642616027322
-23.41	1.23	0.33794658033242037
-23.41	2.46	0.34428256112611627
-23.41	3.7	0.34424754947703057
-23.41	4.93	0.33409358133555234
-23.41	6.16	0.3363751059479462
-23.41	7.39	0.387767060706516
-23.41	8.62	0.39286888359882643
-23.41	9.86	0.3153174960028052
-23.41	11.09	0.3105830854285546
-23.4	12.32	0.3352907337587256
-23.4	13.55	0.32223539847624105
-23.39	14.77	0.34346977424597325
-23.39	16.0	0.3527272121697653
-23.38	17.23	0.3496347772244181
-23.39	18.46	0.3449008242521081
-23.39	19.7	0.34836927301087
-23.39	20.93	0.34879183875560454
-23.38	22.15	0.3733025765988619
-23.36	23.36	0.38262663846789213
-23.33	24.56	0.37489440784997113
-23.31	25.76	0.3272711327500766
-23.27	26.94	0.3620068144106381
-23.21	28.1	0.3813229730614994
-23.12	29.2	0.45150579540367874
-22.94	30.18	0.7696514857372695
-21.63	31.24	0.4929665847867589
-21.87	30.38	0.5079064080649579
-21.97	29.3	0.40618490422060716
-22.04	28.16	0.35193627497771407
-22.07	26.98	0.33334380769986194
-22.1	25.78	0.37165887451076285
-22.13	24.59	0.38417080044161533
-22.15	23.38	0.37681568606935595
-22.16	22.16	0.36109408228893486
-22.16	20.93	0.3702874955656485
-22.16	19.69	0.338517708492006
-22.15	18.46	0.3438456823478666
-22.16	17.23	0.34256920254723233
-22.16	16.01	0.35583276910357003
-22.17	14.78	0.32645324915298973
-22.17	13.55	0.3061494118026011
-22.18	12.32	0.28706736330973087
-22.18	11.09	0.3248364331769452
-22.18	9.86	0.34775459863866565
-22.18	8.62	0.3553123180038102
-22.18	7.39	0.3527886720109265
-22.18	6.16	0.3434629693247621
-22.18	4.93	0.3437703256591693
-22.19	3.7	0.3458113337722601
-22.19	2.47	0.34883505174647267
-22.19	1.23	0.3441350489780106
-22.19	-0.0	0.35222482562892576
-22.19	-1.23	0.33938688142759915
-22.19	-2.47	0.3530718868184265
-22.19	-3.7	0.37117054092525553
-22.18	-4.93	0.35621976785473886
-22.18	-6.16	0.3485458174146407
-22.18	-7.39	0.35082141432803626
-22.18	-8.62	0.35216232769373923
-22.18	-9.86	0.3464910987136566
-22.18	-11.09	0.3395737454225337
-22.18	-12.32	0.337185262095938
-22.17	-13.55	0.35990381586595593
-22.17	-14.78	0.3436469706099619
-22.16	-16.01	0.3463916240891312
-22.16	-17.23	0.3436902739667754
-22.15	-18.46	0.3509126754594554
-22.16	-19.69	0.32884554485371514
-22.16	-20.93	0.3224145561385587
-22.16	-22.16	0.31686865221670757
-22.15	-23.38	0.34461446570265414
-22.13	-24.59	0.3589634207251647
-22.1	-25.78	0.3616543000464147
-22.07	-26.98	0.3514662745197955
-22.04	-28.16	0.35340200368286745
-21.97	-29.3	0.3236781591799154
-21.87	-30.38	0.4334530793463811
-21.63	-31.24	0.38816830504183886
-20.61	-31.52	0.4353012175777926
-20.73	-30.49	0.33582601824091185
-20.8	-29.36	0.3366414093875614
-20.84	-28.2	0.36186086362340664
-20.87	-27.01	0.36249629423743357
-20.89	-25.81	0.34446348292596435
-20.92	-24.61	0.34937638806834553
-20.93	-23.39	0.3335588064820569
-20.93	-22.16	0.31500531027531037
-20.92	-20.92	0.32784734838808105
-20.92	-19.69	0.3302604049542128
-20.93	-18.47	0.3405950914632576
-20.93	-17.24	0.3287508203540299
-20.94	-16.01	0.33571983978780523
-20.94	-14.78	0.3471883004991074
-20.94	-13.55	0.33655585380159825
-20.94	-12.32	0.34743362502880376
-20.95	-11.09	0.3482942447103637
-20.95	-9.86	0.3442445900304271
-20.95	-8.63	0.3471728689575981
-20.95	-7.4	0.35857787535411945
-20.96	-6.16	0.3761271760989455
-20.96	-4.93	0.3540012836826781
-20.96	-3.7	0.3325674217753861
-20.96	-2.47	0.3551849740451519
-20.96	-1.23	0.33330730101281025
-20.96	0.0	0.34084386751767726
-20.96	1.23	0.3514498151254366
-20.96	2.47	0.35713033402768135
-20.96	3.7	0.3206107025272647
-20.96	4.93	0.3475016213708359
-20.96	6.16	0.3577455103490482
-20.95	7.4	0.34801769340116745
-20.95	8.63	0.3432264006048839
-20.95	9.86	0.343449036214262
-20.95	11.09	0.3283581979174589
-20.94	12.32	0.327010777081645
-20.94	13.55	0.31301342162864393
-20.94	14.78	0.3147400612959408
-20.94	16.01	0.32479766557654627
-20.93	17.24	0.32149658844960133
-20.93	18.47	0.32421314769727677
-20.92	19.69	0.34963578489949704
-20.92	20.92	0.3378135469736131
-20.93	22.16	0.3674757417813008
-20.93	23.39	0.3492329118752821
-20.92	24.61	0.35520908747101443
-20.89	25.81	0.3789385202264877
-20.87	27.01	0.3561572405719687
-20.84	28.2	0.33471061875941716
-20.8	29.36	0.3597555117448771
-20.73	30.49	0.39128276974738674
-20.61	31.52	0.4775636636554623
-19.32	32.6	0.4992597356017149
-19.48	31.66	0.4439950220027543
-19.56	30.56	0.3454539501748067
-19.61	29.41	0.3359183101010391
-19.63	28.22	0.3478781900588904
-19.66	27.03	0.38118824639159765
-19.68	25.84	0.36584585910454537
-19.7	24.62	0.35565514058855574
-19.7	23.39	0.367935396472421
-19.69	22.16	0.35522952139260416
-19.69	20.92	0.342813659501017
-19.7	19.7	0.3378881987380621
-19.7	18.47	0.3439123458139307
-19.71	17.25	0.3200459901145734
-19.71	16.02	0.3315839673467346
-19.71	14.78	0.3495333288501524
-19.71	13.55	0.34488326371669725
-19.72	12.32	0.3437499533280939
-19.72	11.09	0.3408310632112233
-19.72	9.86	0.3287234668116863
-19.72	8.63	0.3375875674735091
-19.73	7.4	0.32832703317278744
-19.73	6.16	0.35523375507996424
-19.73	4.93	0.33018018692955864
-19.73	3.7	0.34163238217229563
-19.73	2.47	0.3324107442013955
-19.73	1.23	0.34722817710667503
-19.73	-0.0	0.35260564165820163
-19.73	-1.23	0.36079941584886116
-19.73	-2.47	0.3421812868669619
-19.73	-3.7	0.3625926902109714
-19.73	-4.93	0.33429178445051855
-19.73	-6.16	0.35173377718076687
-19.73	-7.4	0.36427561430940525
-19.72	-8.63	0.3493933673698522
-19.72	-9.86	0.34175743277004095
-19.72	-11.09	0.34789681693804136
-19.72	-12.32	0.35549372367359716
-19.71	-13.55	0.35536623676335055
-19.71	-14.78	0.35026881446643754
-19.71	-16.02	0.34879222795458137
-19.71	-17.25	0.3586895409195843
-19.7	-18.47	0.3451457366914187
-19.7	-19.7	0.3467138633585906
-19.69	-20.92	0.3140926900812958
-19.69	-22.16	0.3137139606478714
-19.7	-23.39	0.33303358175886455
-19.7	-24.62	0.3360287159505429
-19.68	-25.84	0.33246164400971934
-19.66	-27.03	0.37250427218155324
-19.63	-28.22	0.3774555553682639
-19.61	-29.41	0.35384187693941616
-19.56	-30.56	0.33798747443235994
-19.48	-31.66	0.376153317298485
-19.32	-32.6	0.5660944792346955
-18.21	-32.78	0.4380007038064656
-18.31	-31.74	0.33493357993619244
-18.37	-30.61	0.34899726463529596
-18.4	-29.44	0.3833847434280443
-18.42	-28.25	0.36915907186171565
-18.45	-27.06	0.3544661630404518
-18.47	-25.85	0.3366197986661848
-18.47	-24.63	0.32779791858711427
-18.46	-23.39	0.32081023872331055
-18.46	-22.15	0.34071571339852424
-18.47	-20.93	0.3405257508579591
-18.47	-19.7	0.36128027115314787
-18.48	-18.48	0.33632928471256557
-18.48	-17.25	0.3385674968593855
-18.48	-16.02	0.36270396738224436
-18.48	-14.79	0.35794665399569503
-18.49	-13.56	0.35724184403668163
-18.49	-12.33	0.3488763303058677
-18.49	-11.1	0.3621005069267835
-18.49	-9.86	0.36031540353787306
-18.49	-8.63	0.3499405132963346
-18.49	-7.4	0.3444695004444633
-18.49	-6.16	0.36443431529875014
-18.5	-4.93	0.3647214303758968
-18.5	-3.7	0.36263316798725004
-18.5	-2.47	0.3527977639435578
-18.5	-1.23	0.3550163256328692
-18.5	0.0	0.3610576843885657
-18.5	1.23	0.3527042797363361
-18.5	2.47	0.35584559332062626
-18.5	3.7	0.35179847632589323
-18.5	4.93	0.32676699491453226
-18.49	6.16	0.33930457275563813
-18.49	7.4	0.34087516342809376
-18.49	8.63	0.3546920578375634
-18.49	9.86	0.3278608767291814
-18.49	11.1	0.3372269533194413
-18.49	12.33	0.3449465855242255
-18.49	13.56	0.3450451070277462
-18.48	14.79	0.32961915400307845
-18.48	16.02	0.3342563447124631
-18.48	17.25	0.3234058967727533
-18.48	18.48	0.33998819519097806
-18.47	19.7	0.36250027588579536
-18.47	20.93	0.3289232512691145
-18.46	22.15	0.35752256696880624
-18.46	23.39	0.3393247393244476
-18.47	24.63	0.37060179886953304
-18.47	25.85	0.3578145630301922
-18.45	27.06	0.36869541942236633
-18.42	28.25	0.36236183366231184
-18.4	29.44	0.3770194334534259
-18.37	30.61	0.3550984073578092
-18.31	31.74	0.42286178310530775
-18.21	32.78	0.5491016349681989
-16.92	33.85	0.7861451818851001
-17.06	32.9	0.4461178590958642
-17.12	31.8	0.37086907234380917
-17.16	30.65	0.34460455546538166
-17.19	29.46	0.3786289816855881
-17.21	28.27	0.37537685396029785
-17.23	27.08	0.37720145002501515
-17.24	25.86	0.3759854558076898
-17.23	24.62	0.34838324621389455
-17.23	23.38	0.3457738859812813
-17.23	22.16	0.3312847843078259
-17.24	20.93	0.35181647646595227
-17.25	19.71	0.36144667634204153
-17.25	18.48	0.32299021753108514
-17.25	17.25	0.3206324883118852
-17.25	16.02	0.3528471240201754
-17.25	14.79	0.338491224950155
-17.26	13.56	0.3517016528270694
-17.26	12.33	0.3299818950054523
-17.26	11.1	0.3314460548000276
-17.26	9.86	0.3444705232218925
-17.26	8.63	0.34230711481630344
-17.26	7.4	0.348546058365871
-17.26	6.17	0.33860791290857906
-17.26	4.93	0.33936317745864075
-17.27	3.7	0.34515061254787044
-17.27	2.47	0.35236558958397923
-17.27	1.23	0.3447686620739386
-17.27	-0.0	0.3443429793692158
-17.27	-1.23	0.3510016652709362
-17.27	-2.47	0.3549068904331956
-17.27	-3.7	0.3613005039689917
-17.26	-4.93	0.3436554023773251
-17.26	-6.17	0.350522324188666
-17.26	-7.4	0.3500570746270219
-17.26	-8.63	0.35615741533409945
-17.26	-9.86	0.36130594442770825
-17.26	-11.1	0.3493368150056102
-17.26	-12.33	0.36698469555889074
-17.26	-13.56	0.32014617399407647
-17.25	-14.79	0.3484617799127625
-17.25	-16.02	0.3463955408583604
-17.25	-17.25	0.35265049732975023
-17.25	-18.48	0.3545228853002748
-17.25	-19.71	0.331891987560056
-17.24	-20.93	0.3389465985379488
-17.23	-22.16	0.3481436849443105
-17.23	-23.38	0.3400412504097456
-17.23	-24.62	0.3309002708077868
-17.24	-25.86	0.3192129487836866
-17.23	-27.08	0.3361633880395511
-17.21	-28.27	0.3536719227397665
-17.19	-29.46	0.3579354324316199
-17.16	-30.65	0.3719612793100666
-17.12	-31.8	0.34874308257656816
-17.06	-32.9	0.37445766114307766
-16.92	-33.85	0.5171461854675904
-15.79	-34.0	0.5425793670882845
-15.87	-32.97	0.3592730600630104
-15.92	-31.84	0.3910221358064744
-15.95	-30.67	0.3743233912495061
-15.97	-29.48	0.3575655334752403
-15.99	-28.3	0.3517464410765243
-16.01	-27.09	0.3233964082708098
-16.01	-25.85	0.32572222919241955
-16.0	-24.62	0.32355535226303034
-16.0	-23.39	0.34731644909902376
-16.01	-22.16	0.3432927557870979
-16.01	-20.94	0.3476070808014959
-16.02	-19.71	0.3565370736812936
-16.02	-18.48	0.3498348054230209
-16.02	-17.25	0.3501871798504817
-16.02	-16.02	0.3595976732958879
-16.03	-14.79	0.35374060675189706
-16.03	-13.56	0.3416186468077106
-16.03	-12.33	0.34679451140479634
-16.03	-11.1	0.37520176038346675
-16.03	-9.86	0.34202612380563163
-16.03	-8.63	0.3595773226886285
-16.03	-7.4	0.34992462371005034
-16.03	-6.17	0.34707040559721297
-16.04	-4.93	0.35707912543363995
-16.04	-3.7	0.3489057095277412
-16.04	-2.47	0.3488757950505068
-16.04	-1.23	0.3559944211980557
-16.04	0.0	0.3516985283920379
-16.04	1.23	0.36838906388809145
-16.04	2.47	0.33770645083423984
-16.04	3.7	0.33685213909417344
-16.04	4.93	0.34061703723263936
-16.03	6.17	0.3331568633269396
-16.03	7.4	0.3463212540876666
-16.03	8.63	0.3329411305842122
-16.03	9.86	0.3415033979317922
-16.03	11.1	0.34234990364010964
-16.03	12.33	0.35777578009626054
-16.03	13.56	0.33958039224723885
-16.03	14.79	0.32463242682112997
-16.02	16.02	0.34057180517732116
-16.02	17.25	0.33173673343308197
-16.02	18.48	0.35211707706233764
-16.02	19.71	0.33139818677405114
-16.01	20.94	0.32442258873377017
-16.01	22.16	0.3365535584798575
-16.0	23.39	0.3557425226243474
-16.0	24.62	0.3566321454800168
-16.01	25.85	0.3530116572829537
-16.01	27.09	0.3686127092312032
-15.99	28.3	0.37275350991789474
-15.97	29.48	0.3616885257222132
-15.95	30.67	0.3365190493943826
-15.92	31.84	0.36729556526158236
-15.87	32.97	0.39728051216496296
-15.79	34.0	0.5323163857658803
-14.49	35.02	0.5088472226633646
-14.62	34.1	0.45569337915995056
-14.67	33.02	0.3530724786305931
-14.71	31.87	0.3476908660161811
-14.73	30.69	0.3663361352980916
-14.75	29.51	0.35962471354985687
-14.77	28.31	0.3691226982910985
-14.78	27.09	0.3620762778889789
-14.77	25.85	0.3392343927786264
-14.77	24.62	0.33367537943785114
-14.77	23.39	0.3357136182304522
-14.78	22.17	0.3306801657625076
-14.78	20.94	0.31436745966586926
-14.78	19.71	0.3335068465674313
-14.79	18.48	0.3357335120094043
-14.79	17.25	0.3416764858204996
-14.79	16.03	0.3417877554139786
-14.79	14.79	0.3545310769659474
-14.8	13.56	0.3352843521687314
-14.8	12.33	0.33029691199933287
-14.8	11.1	0.34021408416673826
-14.8	9.87	0.34588591570191585
-14.8	8.63	0.3424298792872982
-14.8	7.4	0.3386546319880289
-14.8	6.17	0.33977562229737635
-14.8	4.93	0.3437995651948791
-14.8	3.7	0.3535202806222807
-14.8	2.47	0.3502117421108224
-14.8	1.23	0.3522630742285342
-14.8	-0.0	0.34292205206719095
-14.8	-1.23	0.3626071574952812
-14.8	-2.47	0.3673868071411675
-14.8	-3.7	0.3500767234457165
-14.8	-4.93	0.33403014893563604
-14.8	-6.17	0.34680824861800774
-14.8	-7.4	0.34553919317045934
-14.8	-8.63	0.3659070324592432
-14.8	-9.87	0.3435211806478503
-14.8	-11.1	0.35405253541085596
-14.8	-12.33	0.37056955476840103
-14.8	-13.56	0.36896422031151016
-14.79	-14.79	0.3628941236438592
-14.79	-16.03	0.35966797218795515
-14.79	-17.25	0.3603297000279665
-14.79	-18.48	0.3665077204671129
-14.78	-19.71	0.35168275793632814
-14.78	-20.94	0.3460720803367004
-14.78	-22.17	0.35063639164588983
-14.77	-23.39	0.34593713061406267
-14.77	-24.62	0.3324384292586439
-14.77	-25.85	0.33586903230816056
-14.78	-27.09	0.3194867028195197
-14.77	-28.31	0.3475885082306421
-14.75	-29.51	0.3635835034392392
-14.73	-30.69	0.382628185312495
-14.71	-31.87	0.3555898765244522
-14.67	-33.02	0.35559009986667145
-14.62	-34.1	0.40314824337334865
-14.49	-35.02	0.45985226906270305
-13.34	-35.17	0.6466521339201091
-13.42	-34.17	0.38516701109687357
-13.47	-33.06	0.3483214607513839
-13.49	-31.9	0.38339736668741053
-13.51	-30.71	0.37141354578693003
-13.53	-29.53	0.35572766942678347
-13.54	-28.32	0.3466770620230084
-13.54	-27.08	0.31873583842828884
-13.54	-25.85	0.3426912359123664
-13.54	-24.62	0.33654191827102375
-13.55	-23.4	0.34649935745216787
-13.55	-22.17	0.3498513069179571
-13.55	-20.94	0.36227283751953515
-13.55	-19.71	0.37531550660903745
-13.56	-18.49	0.36105394330221663
-13.56	-17.26	0.36626770442124124
-13.56	-16.03	0.38254892259161705
-13.56	-14.8	0.3729735010512693
-13.56	-13.56	0.3674767957172847
-13.56	-12.33	0.3472525496184246
-13.57	-11.1	0.3643961673816767
-13.57	-9.87	0.35470163646914327
-13.57	-8.64	0.36983379873858485
-13.57	-7.4	0.35939990678909467
-13.57	-6.17	0.35107598287556663
-13.57	-4.93	0.344777597397797
-13.57	-3.7	0.3508720054924552
-13.57	-2.47	0.3652010262879488
-13.57	-1.23	0.3621547445569545
-13.57	0.0	0.35467009120238197
-13.57	1.23	0.34161274276574927
-13.57	2.47	0.33462286574668304
-13.57	3.7	0.3332924831788384
-13.57	4.93	0.37969673157254596
-13.57	6.17	0.34612675025927775
-13.57	7.4	0.33432245062366456
-13.57	8.64	0.3574152705837018
-13.57	9.87	0.34517089142315344
-13.57	11.1	0.34592613310599374
-13.56	12.33	0.3295417874815892
-13.56	13.56	0.3596704399635252
-13.56	14.8	0.3552863039365176
-13.56	16.03	0.3575403533780801
-13.56	17.26	0.3235499766758254
-13.56	18.49	0.33541579027639284
-13.55	19.71	0.3457740171851294
-13.55	20.94	0.34302743528343993
-13.55	22.17	0.34584455750633414
-13.55	23.4	0.343811891854911
-13.54	24.62	0.33897347387214466
-13.54	25.85	0.33098077105344476
-13.54	27.08	0.35545260514638943
-13.54	28.32	0.3663026000801539
-13.53	29.53	0.3739635998504879
-13.51	30.71	0.34703224089538326
-13.49	31.9	0.3621713056195145
-13.47	33.06	0.37445866102513536
-13.42	34.17	0.424807652913778
-13.34	35.17	0.7008088232607177
-12.02	36.05	0.5512309484289587
-12.16	35.27	0.5653896704769923
-12.22	34.22	0.42137823488482296
-12.25	33.09	0.3682380848306085
-12.27	31.91	0.3569488002052916
-12.29	30.73	0.37376962751127635
-12.31	29.54	0.38307211172529354
-12.31	28.32	0.3469435163597117
-12.31	27.08	0.34479344849686255
-12.31	25.85	0.34162704762681234
-12.31	24.63	0.3421473835035925
-12.32	23.4	0.3419267409244276
-12.32	22.18	0.3419811130321656
-12.32	20.94	0.36027156194642007
-12.32	19.72	0.34243127511946525
-12.33	18.49	0.33870269046040435
-12.33	17.26	0.3528369995898249
-12.33	16.03	0.35211476987050977
-12.33	14.8	0.3394786668950397
-12.33	13.56	0.3502682900430832
-12.33	12.33	0.3466541005364936
-12.34	11.1	0.3541605820284636
-12.34	9.87	0.34027960015292213
-12.34	8.64	0.3438608992317074
-12.34	7.4	0.34607966886823033
-12.34	6.17	0.34435168172542646
-12.34	4.93	0.34887513737113107
-12.34	3.7	0.36866101630523357
-12.34	2.47	0.3497026103419899
-12.34	1.23	0.35087107527244144
-12.34	-0.0	0.36175755102589785
-12.34	-1.23	0.356556922953234
-12.34	-2.47	0.37295741245095526
-12.34	-3.7	0.3736840961326616
-12.34	-4.93	0.33057801272383575
-12.34	-6.17	0.3622465086644535
-12.34	-7.4	0.3581586750890846
-12.34	-8.64	0.36190694015761876
-12.34	-9.87	0.37092031707226275
-12.34	-11.1	0.3848607156285664
-12.33	-12.33	0.34800693766231033
-12.33	-13.56	0.36745880177543366
-12.33	-14.8	0.3783747460395076
-12.33	-16.03	0.35334935995764066
-12.33	-17.26	0.36574832888241765
-12.33	-18.49	0.38071143863324225
-12.32	-19.72	0.36484163982433704
-12.32	20.94	0.35935436270473103
-12.32	22.18	0.3455819738328835
-12.32	23.4	0.3398168397849621
-12.31	24.63	0.3225776771040271
-12.31	25.85	0.3289996114923209
-12.31	27.08	0.35616881831922825
-12.31	28.32	0.3645105639304228
-12.31	29.54	0.35107607320098105
-12.29	30.73	0.39440667432326054
-12.27	31.91	0.35257917271190453
-12.25	33.09	0.3701854656621534
-12.22	34.22	0.3973469724566967
-12.16	35.27	0.566937839121137
-12.02	36.05	0.49526447855473554
-10.88	36.26	0.6912563572270455
-10.97	35.34	0.45952263511461955
-11.01	34.26	0.38838525948042524
-11.04	33.11	0.3527170951224975
-11.05	31.93	0.34848877811522433
-11.07	30.75	0.35688633078318016
-11.08	29.55	0.36817573663363257
-11.08	28.32	0.3471815500052739
-11.08	27.08	0.3420454968171633
-11.08	25.85	0.34348511524560804
-11.08	24.63	0.34443102528751346
-11.09	23.41	0.34278179267354586
-11.09	22.18	0.3447824487553865
-11.09	20.95	0.3537051229029485
-11.09	19.72	0.34641133459372847
-11.1	18.49	0.33876759130455625
-11.1	17.26	0.34715276826761116
-11.1	16.03	0.34360736289158883
-11.1	14.8	0.3486583957502581
-11.1	13.57	0.3652574076680152
-11.1	12.34	0.3459110738910322
-11.1	11.1	0.3499777595912357
-11.1	9.87	0.3481794338576043
-11.1	8.64	0.3491045001417659
-11.1	7.4	0.34472420061144426
-11.1	6.17	0.3345903965413662
-11.1	4.94	0.35111100241088117
-11.11	3.7	0.36086217334459214
-11.11	2.47	0.36875028612774
-11.11	1.23	0.34271352902640834
-11.11	-0.0	0.3785007520525311
-11.11	-1.23	0.37278457607711146
-11.11	-2.47	0.35176294820137316
-11.11	-3.7	0.3652196234124354
-11.1	-4.94	0.3709741989812792
-11.1	-6.17	0.37088352207466635
-11.1	-7.4	0.3687035580222739
-11.1	-8.64	0.35771227806293887
-11.1	-9.87	0.34965400953719655
-11.1	-11.1	0.3583370722721166
-11.1	-12.34	0.34315133868077313
-11.1	-13.57	0.35776655783150024
-11.1	-14.8	0.3727254959943257
-11.1	-16.03	0.36892446494712616
-11.1	-17.26	0.3912725784997484
-11.1	-18.49	0.3708877968148087
-11.09	-19.72	0.3705172293134694
-11.09	-20.95	0.36968364080303445
-11.09	-22.18	0.34678270468834393
-11.09	-23.41	0.379508102657267
-11.08	-24.63	0.34561670469227473
-11.08	-25.85	0.3376452767290487
-11.08	-27.08	0.32760064245302
-11.08	-28.32	0.34012307758392674
-11.08	-29.55	0.3210898715423099
-11.07	-30.75	0.37620040281008343
-11.05	-31.93	0.3762265219128379
-11.04	-33.11	0.3910920797883778
-11.01	-34.26	0.3872872059099045
-10.97	-35.34	0.38369717918031054
-10.88	-36.26	0.4597141771336686
-9.7	-36.37	0.303050746784726
-9.76	-35.39	0.3809544362374899
-9.8	-34.29	0.3627310562508491
-9.82	-33.13	0.36928884092199077
-9.83	-31.95	0.38697666181294677
-9.84	-30.76	0.364913644385609
-9.85	-29.55	0.3266738566111248
-9.85	-28.31	0.33478719129765955
-9.85	-27.08	0.34208773686173194
-9.85	-25.85	0.36060977134973643
-9.85	-24.63	0.37088131083108794
-9.86	-23.41	0.3597033480746434
-9.86	-22.18	0.3640438187088094
-9.86	-20.95	0.35952279584346114
-9.86	-19.72	0.377929227818227
-9.86	-18.49	0.3741771788376302
-9.86	-17.26	0.3821358198763457
-9.86	-16.03	0.35994698103908535
-9.87	-14.8	0.36419145936607694
-9.87	-13.57	0.35171810460508496
-9.87	-12.34	0.3638808952191054
-9.87	-11.1	0.3652917562736156
-9.87	-9.87	0.35444895695465173
-9.87	-8.64	0.3660638752354799
-9.87	-7.4	0.35624826892072387
-9.87	-6.17	0.3545666772364929
-9.87	-4.94	0.34670056631434537
-9.88	-3.7	0.3562615007700859
-9.88	-2.47	0.3575511137225996
-9.88	-1.23	0.3562602345038111
-9.88	0.0	0.34354580456049855
-9.88	1.23	0.36442920161787673
-9.88	2.47	0.3565318509103669
-9.88	3.7	0.3568567284266145
-9.87	4.94	0.3425123495054169
-9.87	6.17	0.35364698198867145
-9.87	7.4	0.35165852555053606
-9.87	8.64	0.34254355860525043
-9.87	9.87	0.3459621043508413
-9.87	11.1	0.3573499824695076
-9.87	12.34	0.35489501508339455
-9.87	13.57	0.34347254711851033
-9.87	14.8	0.3585043218174514
-9.86	16.03	0.35621543562076563
-9.86	17.26	0.341537969933296
-9.86	18.49	0.34556726373827906
-9.86	19.72	0.3361085303110765
-9.86	20.95	0.3422298427958388
-9.86	22.18	0.32329198673060294
-9.86	23.41	0.3537696605510032
-9.85	24.63	0.32835381989303486
-9.85	25.85	0.3483345372693888
-9.85	27.08	0.34460362577066495
-9.85	28.31	0.3536954619732184
-9.85	29.55	0.3604452422658819
-9.84	30.76	0.38602832114842217
-9.83	31.95	0.36914131609378537
-9.82	33.13	0.3638797844181859
-9.8	34.29	0.37419611533830166
-9.76	35.39	0.43731917258057973
-9.7	36.37	0.666602015625665
-8.51	36.45	0.5821026377867802
-8.55	35.43	0.4046092603165016
-8.58	34.31	0.3606288160564385
-8.59	33.14	0.38123831278314385
-8.6	31.96	0.3588743539545214
-8.62	30.77	0.36931582458203993
-8.62	29.55	0.37078306890978546
-8.62	28.31	0.35301573767689437
-8.62	27.08	0.34336827836760725
-8.62	25.86	0.34039936618775984
-8.62	24.64	0.33674615836902627
-8.62	23.41	0.3521279201478467
-8.62	22.18	0.33300440374178025
-8.63	20.95	0.33772642075301784
-8.63	19.72	0.3577117530457231
-8.63	18.49	0.3531594581904299
-8.63	17.26	0.34491238323271695
-8.63	16.03	0.3478495941145318
-8.63	14.8	0.33476097347764316
-8.64	13.57	0.3530723656645224
-8.64	12.34	0.34061762189272005
-8.64	11.1	0.3696753914934356
-8.64	9.87	0.361296801078923
-8.64	8.64	0.35720151649077875
-8.64	7.4	0.34176010515376276
-8.64	6.17	0.3484650592232237
-8.64	4.94	0.3500382930505367
-8.64	3.7	0.3575610208661158
-8.64	2.47	0.3662251138403982
-8.64	1.23	0.364665217205903
-8.64	-0.0	0.3521367019707521
-8.64	-1.23	0.3495900692527067
-8.64	-2.47	0.3701128528995957
-8.64	-3.7	0.3597493467208885
-8.64	-4.94	0.3466940550955104
-8.64	-6.17	0.3600385928008907
-8.64	-7.4	0.3706838627641024
-8.64	-8.64	0.3628059570480416
-8.64	-9.87	0.350424746425632
-8.64	-11.1	0.3462004041701722
-8.64	-12.34	0.35749733246481
-8.64	-13.57	0.3650710468870492
-8.63	-14.8	0.3827925573431938
-8.63	-16.03	0.3867685067549055
-8.63	-17.26	0.38153392341698916
-8.63	-18.49	0.38197244705294314
-8.63	-19.72	0.37103352478347257
-8.63	-20.95	0.3629957371903333
-8.62	-22.18	0.3818352007463246
-8.62	-23.41	0.3747995829816506
-8.62	-24.64	0.3469930186721327
-8.62	-25.86	0.3415253558357799
-8.62	-27.08	0.3508652518275072
-8.62	-28.31	0.32167282575368134
-8.62	-29.55	0.3368028254858528
-8.62	-30.77	0.35924718104259457
-8.6	-31.96	0.37428934823500987
-8.59	-33.14	0.3851272698694098
-8.58	-34.31	0.3796879118866566
-8.55	-35.43	0.3868826238270291
-8.51	-36.45	0.5605543741756306
-7.22	-37.3	0.6111097715869703
-7.3	-36.51	0.4814302851712654
-7.34	-35.46	0.371281780316012
-7.36	-34.33	0.3779900036496545
-7.37	-33.15	0.3652590012092931
-7.38	-31.97	0.3868051813534551
-7.39	-30.78	0.3332502542250867
-7.39	-29.55	0.3157761089332054
-7.38	-28.31	0.33403879641697104
-7.39	-27.08	0.34539288728035483
-7.39	-25.86	0.3404212490163585
-7.39	-24.64	0.3711226076778141
-7.39	-23.41	0.37925013119525125
-7.39	-22.18	0.3739718724484337
-7.4	-20.95	0.37383157102335185
-7.4	-19.73	0.35953258566972174
-7.4	-18.49	0.3701757027137533
-7.4	-17.26	0.3519956921829611
-7.4	-16.03	0.37646096126864675
-7.4	-14.8	0.3698945661280525
-7.4	-13.57	0.36965816141937163
-7.4	-12.34	0.3405355839138531
-7.4	-11.1	0.3727110795893502
-7.4	-9.87	0.3623386980455847
-7.4	-8.64	0.3584989293437836
-7.41	-7.41	0.33528216533112964
-7.41	-6.17	0.3574626016858215
-7.41	-4.94	0.3615647527331358
-7.41	-3.7	0.34312530958484533
-7.41	-2.47	0.3406799016762448
-7.41	-1.23	0.3508878998942797
-7.41	0.0	0.35741674058158945
-7.41	1.23	0.34526206952168315
-7.41	2.47	0.36991753000359845
-7.41	3.7	0.3674997128202277
-7.41	4.94	0.36624891235819185
-7.41	6.17	0.342507717197076
-7.41	7.41	0.34720513099275496
-7.4	8.64	0.3686846330669279
-7.4	9.87	0.3409377781533087
-7.4	11.1	0.36085464063843176
-7.4	12.34	0.3640979502341015
-7.4	13.57	0.3537883203342009
-7.4	14.8	0.3463800171450373
-7.4	16.03	0.34907718864245074
-7.4	17.26	0.3495084498311214
-7.4	18.49	0.32700059203718596
-7.4	19.73	0.34216120659499893
-7.4	20.95	0.3474815136455923
-7.39	22.18	0.3432285776653083
-7.39	23.41	0.33822056329698885
-7.39	24.64	0.3406030075028373
-7.39	25.86	0.3329578761891891
-7.39	27.08	0.3470750632961059
-7.38	28.31	0.3449930896674082
-7.39	29.55	0.36161801540629934
-7.39	30.78	0.3817925487247326
-7.38	31.97	0.373108219980098
-7.37	33.15	0.34990537370719854
-7.36	34.33	0.362852362494805
-7.34	35.46	0.4030178556206081
-7.3	36.51	0.5502985751095765
-7.22	37.3	0.5224545641721386
-6.04	37.42	0.1749731402682822
-6.09	36.55	0.440008507053928
-6.12	35.48	0.38569956593833277
-6.13	34.34	0.36489307062051257
-6.14	33.16	0.380031120135228
-6.15	31.98	0.35958525366541694
-6.16	30.78	0.36926214563946386
-6.16	29.55	0.35483634478896314
-6.15	28.31	0.3573803897705202
-6.16	27.08	0.33801991268346904
-6.16	25.87	0.3314406330976535
-6.16	24.64	0.3456079716664869
-6.16	23.41	0.34063681858832734
-6.16	22.18	0.32683598069920106
-6.16	20.96	0.3385519563024298
-6.16	19.73	0.34741237447020834
-6.16	18.49	0.344494037209066
-6.17	17.26	0.3382134425231169
-6.17	16.03	0.3507697924413759
-6.17	14.8	0.3500265639274081
-6.17	13.57	0.3568729131028572
-6.17	12.34	0.3497961553346335
-6.17	11.1	0.38122707924435756
-6.17	9.87	0.37334080415618
-6.17	8.64	0.36358117473602386
-6.17	7.41	0.35400717020960776
-6.17	6.17	0.34721002242666854
-6.17	4.94	0.3661128049964548
-6.17	3.7	0.3573077662798272
-6.17	2.47	0.35497672772252903
-6.17	1.23	0.37430978381593477
-6.17	-0.0	0.3664354222054383
-6.17	-1.23	0.35983836710935274
-6.17	-2.47	0.35829358750553475
-6.17	-3.7	0.35685488669988774
-6.17	-4.94	0.3461111665836379
-6.17	-6.17	0.3559120303623749
-6.17	-7.41	0.3438058649972217
-6.17	-8.64	0.34930744507666606
-6.17	-9.87	0.36905805036995615
-6.17	-11.1	0.3768363174132625
-6.17	-12.34	0.37903135508146935
-6.17	-13.57	0.35618257301559825
-6.17	-14.8	0.3616731661858809
-6.17	-16.03	0.38103073330021164
-6.17	-17.26	0.3710196209065679
-6.16	-18.49	0.39869036258056706
-6.16	-19.73	0.39348733528808033
-6.16	-20.96	0.3746620375152972
-6.16	-22.18	0.40210719137440853
-6.16	-23.41	0.35447309234250596
-6.16	-24.64	0.36757395977167057
-6.16	-25.87	0.3574485991334186
-6.16	-27.08	0.3610750990293458
-6.15	-28.31	0.3463259459752765
-6.16	-29.55	0.30895341729921
-6.16	-30.78	0.32424282684581157
-6.15	-31.98	0.3544088889043185
-6.14	-33.16	0.3940809672980619
-6.13	-34.34	0.35974243381106774
-6.12	-35.48	0.3834560548172109
-6.09	-36.55	0.38232206321285533
-6.04	-37.42	0.5842229890955519
-4.84	-37.5	0.5790355295072493
-4.88	-36.58	0.4154667742203556
-4.9	-35.49	0.3699976581858051
-4.91	-34.35	0.38835114917546976
-4.91	-33.17	0.37926992796430936
-4.92	-31.99	0.35522377724095894
-4.93	-30.78	0.3247614162585656
-4.92	-29.54	0.3222641198930777
-4.92	-28.31	0.3405174795557953
-4.93	-27.09	0.34262163949380847
-4.93	-25.87	0.3676975015188197
-4.93	-24.64	0.3486136444502552
-4.93	-23.41	0.3962962881071641
-4.93	-22.18	0.37792881145552065
-4.93	-20.96	0.393306924207771
-4.93	-19.73	0.3919171888765153
-4.93	-18.5	0.359988084304702
-4.93	-17.26	0.36092254732376744
-4.93	-16.04	0.3745157056678507
-4.93	-14.8	0.363215740045896
-4.93	-13.57	0.3464490485669187
-4.93	-12.34	0.35197861350732407
-4.94	-11.1	0.34591129240119123
-4.94	-9.87	0.3550544771770097
-4.94	-8.64	0.356651496727741
-4.94	-7.41	0.3600482108072548
-4.94	-6.17	0.35815394505638265
-4.94	-4.94	0.34675315380637256
-4.94	-3.7	0.34202259106421407
-4.94	-2.47	0.3497153353221183
-4.94	-1.24	0.3441030989260229
-4.94	0.0	0.3566032468518844
-4.94	1.24	0.3775196200508448
-4.94	2.47	0.3591022513254453
-4.94	3.7	0.3602795070032132
-4.94	4.94	0.36019647970689456
-4.94	6.17	0.3550758123708308
-4.94	7.41	0.3559719114360062
-4.94	8.64	0.34687698964684643
-4.94	9.87	0.35897178428893567
-4.94	11.1	0.3527164371638713
-4.93	12.34	0.33833781225507736
-4.93	13.57	0.3521560204970983
-4.93	14.8	0.3698131868937379
-4.93	16.04	0.3309771187602337
-4.93	17.26	0.34561470470638084
-4.93	18.5	0.3469381325136894
-4.93	19.73	0.3474188892630839
-4.93	20.96	0.3239029999555246
-4.93	22.18	0.33756977583704345
-4.93	23.41	0.3333335569829654
-4.93	24.64	0.3308554434791532
-4.93	25.87	0.34021659674425153
-4.93	27.09	0.3354270096257804
-4.92	28.31	0.36528732628523436
-4.92	29.54	0.35748982696972376
-4.93	30.78	0.3604283371919259
-4.92	31.99	0.375527588592652
-4.91	33.17	0.3502588289338244
-4.91	34.35	0.34280884913475007
-4.9	35.49	0.3950298857839074
-4.88	36.58	0.4214055302276244
-4.84	37.5	0.33221125832642195
-3.63	37.55	0.899999999940591
-3.66	36.6	0.42988343262625117
-3.67	35.51	0.36594333773430876
-3.68	34.35	0.3437744143642395
-3.69	33.18	0.3506968662911984
-3.69	32.0	0.3816890661756293
-3.69	30.78	0.3675325585099198
-3.69	29.54	0.3489645715401206
-3.69	28.31	0.3445273363306782
-3.69	27.09	0.3354631589847463
-3.7	25.87	0.3391655096751945
-3.7	24.64	0.3351527852658526
-3.7	23.41	0.3453016019665124
-3.7	22.19	0.3222497934735259
-3.7	20.96	0.33335056870165297
-3.7	19.73	0.3366174961077764
-3.7	18.5	0.34024669151488934
-3.7	17.27	0.33434704632008044
-3.7	16.04	0.35246675074083367
-3.7	14.8	0.32808053876782145
-3.7	13.57	0.3425626839345786
-3.7	12.34	0.3560314027393596
-3.7	11.11	0.3587125601671812
-3.7	9.88	0.3532421851022528
-3.7	8.64	0.3563826130081409
-3.7	7.41	0.36202457884082767
-3.7	6.17	0.36539396173835564
-3.7	4.94	0.3671960939055717
-3.71	3.71	0.3823444059836123
-3.7	2.47	0.3636711268268353
-3.7	1.23	0.36234465009085326
-3.7	-0.0	0.3587695650613925
-3.7	-1.23	0.3612990000651659
-3.7	-2.47	0.35229280621613734
-3.71	-3.71	0.34010109888001855
-3.7	-4.94	0.3453328771215351
-3.7	-6.17	0.37931105443842617
-3.7	-7.41	0.3535284276021792
-3.7	-8.64	0.3607287450223957
-3.7	-9.88	0.36086105574007793
-3.7	-11.11	0.3499909679950707
-3.7	-12.34	0.35509656653263516
-3.7	-13.57	0.35274536840562337
-3.7	-14.8	0.37059597375624886
-3.7	-16.04	0.360722653354702
-3.7	-17.27	0.36225473026538857
-3.7	-18.5	0.3681643734147711
-3.7	-19.73	0.3557601108097071
-3.7	-20.96	0.3528892551007154
-3.7	-22.19	0.39043642331127687
-3.7	-23.41	0.37550615367935763
-3.7	-24.64	0.37224099663939153
-3.7	-25.87	0.3775083015249232
-3.69	-27.09	0.3491353177859097
-3.69	-28.31	0.35082408021082684
-3.69	-29.54	0.317097520500045
-3.69	-30.78	0.3367454809950786
-3.69	-32.0	0.3529604951536154
-3.69	-33.18	0.3765716297264008
-3.68	-34.35	0.3783774980679485
-3.67	-35.51	0.36665245545337954
-3.66	-36.6	0.4007192296120813
-3.63	-37.55	0.443764948915951
-2.42	-37.58	0.4711196937946944
-2.44	-36.61	0.3951239171316304
-2.45	-35.52	0.37850105955744306
-2.45	-34.36	0.3907344345587319
-2.46	-33.18	0.38831391598994963
-2.46	-32.0	0.35190001700167706
-2.46	-30.78	0.31574892979248703
-2.46	-29.54	0.3357588067449893
-2.46	-28.31	0.33822033688838654
-2.46	-27.09	0.35196147711555165
-2.46	-25.87	0.3721030022397022
-2.46	-24.64	0.373640836316228
-2.46	-23.41	0.36025424043342597
-2.47	-22.19	0.3894285593449633
-2.47	-20.96	0.37943970038597924
-2.47	-19.73	0.3858466403902142
-2.47	-18.5	0.36584559440386477
-2.47	-17.27	0.3588329198258812
-2.47	-16.04	0.3684749177492716
-2.47	-14.8	0.3742686028302313
-2.47	-13.57	0.3639084061489635
-2.47	-12.34	0.3704310144058588
-2.47	-11.11	0.36446187827934845
-2.47	-9.88	0.35138834248674966
-2.47	-8.64	0.34752417990673873
-2.47	-7.41	0.354628733624297
-2.47	-6.17	0.3450556781837429
-2.47	-4.94	0.3434972298634932
-2.47	-3.7	0.3383939488151135
-2.47	-2.47	0.3518098800719764
-2.47	-1.24	0.3438306458186698
-2.47	0.0	0.3473600108932346
-2.47	1.24	0.35514508597163963
-2.47	2.47	0.35723865791188864
-2.47	3.7	0.3950354669595702
-2.47	4.94	0.38300969413124314
-2.47	6.17	0.3594658043313393
-2.47	7.41	0.36132193612128277
-2.47	8.64	0.3558767066908782
-2.47	9.88	0.35133142136006457
-2.47	11.11	0.35178085383174174
-2.47	12.34	0.35058356189407264
-2.47	13.57	0.3660854933551389
-2.47	14.8	0.3415400240204569
-2.47	16.04	0.34818345934621364
-2.47	17.27	0.3484148242759142
-2.47	18.5	0.3419404122471784
-2.47	19.73	0.34432652669975516
-2.47	20.96	0.3301140681419291
-2.47	22.19	0.35179860894960396
-2.46	23.41	0.3371550436104398
-2.46	24.64	0.34114857425118394
-2.46	25.87	0.3488478246299666
-2.46	27.09	0.31707391155913983
-2.46	28.31	0.33367975094741337
-2.46	29.54	0.3456446486202442
-2.46	30.78	0.37643013898067684
-2.46	32.0	0.3646845297227097
-2.46	33.18	0.3490911920082928
-2.45	34.36	0.35402528694901436
-2.45	35.52	0.3702335305581149
-2.44	36.61	0.41839689443445816
-2.42	37.58	0.8999999999952543
-1.21	37.6	0.7009856880030115
-1.22	36.62	0.4285308813383848
-1.22	35.52	0.3646190252094481
-1.23	34.36	0.36224792220956126
-1.23	33.18	0.36763086473819756
-1.23	32.0	0.36671843988204567
-1.23	30.78	0.3674286506346373
-1.23	29.54	0.33435215141756364
-1.23	28.31	0.32319862960989754
-1.23	27.09	0.3301059246183561
-1.23	25.87	0.3503113988609138
-1.23	24.64	0.344561688323097
-1.23	23.41	0.3422532500387364
-1.23	22.19	0.33381343688008386
-1.23	20.96	0.34584440472032474
-1.23	19.73	0.35318864539046324
-1.23	18.5	0.34847459455618046
-1.23	17.27	0.3405485551024502
-1.23	16.04	0.3510778462725007
-1.23	14.8	0.35096300928167895
-1.23	13.57	0.353667692228017
-1.23	12.34	0.3539861299717514
-1.23	11.11	0.35329403146712435
-1.23	9.88	0.35698731209299545
-1.23	8.64	0.3618135882469173
-1.23	7.41	0.3596885742692696
-1.23	6.17	0.3711604564331659
-1.24	4.94	0.35297509288045786
-1.23	3.7	0.38272444626068236
-1.24	2.47	0.36654226122219924
-1.24	1.24	0.3707884891942201
-1.24	-0.0	0.3502861212628992
-1.24	-1.24	0.34928115852954333
-1.24	-2.47	0.3483237387207465
-1.23	-3.7	0.3504153738644162
-1.24	-4.94	0.3414646012741406
-1.23	-6.17	0.34322344938482535
-1.23	-7.41	0.3569680823383764
-1.23	-8.64	0.3375580852572676
-1.23	-9.88	0.3452127069861281
-1.23	-11.11	0.35095285590733005
-1.23	-12.34	0.3607609233472822
-1.23	-13.57	0.3525382047539163
-1.23	-14.8	0.3651107583795596
-1.23	-16.04	0.36932894281801687
-1.23	-17.27	0.3785570916002074
-1.23	-18.5	0.36106382826363437
-1.23	-19.73	0.3605892351691536
-1.23	-20.96	0.3817584127515284
-1.23	-22.19	0.3829800861427406
-1.23	-23.41	0.36324847240157654
-1.23	-24.64	0.3662346983490759
-1.23	-25.87	0.3740311404046034
-1.23	-27.09	0.3656473527028935
-1.23	-28.31	0.3481900467152539
-1.23	-29.54	0.32341353928653643
-1.23	-30.78	0.32508361739145014
-1.23	-32.0	0.362719908816736
-1.23	-33.18	0.36979764270408155
-1.23	-34.36	0.37744944499487487
-1.22	-35.52	0.3668963722695321
-1.22	-36.62	0.4038530897082183
-1.21	-37.6	0.5154654946212939
0.0	-37.6	0.6318297818398827
0.0	-36.62	0.36585757648626294
0.0	-35.52	0.344130200535379
0.0	-34.36	0.38225450781131304
0.0	-33.19	0.3810813504744334
0.0	-32.0	0.34804064283372393
0.0	-30.78	0.33728374561365215
0.0	-29.54	0.3368467280569312
0.0	-28.31	0.3347597071201901
0.0	-27.09	0.32737138440269153
0.0	-25.87	0.3503886182598031
0.0	-24.64	0.37553228493581936
0.0	-23.41	0.37103882983239117
0.0	-22.19	0.3634955578597582
0.0	-20.96	0.3639847866772288
0.0	-19.73	0.36728967688396413
0.0	-18.5	0.37369984965263753
0.0	-17.27	0.3774481999163526
0.0	-16.04	0.35605560215240606
0.0	-14.8	0.34366686256766793
0.0	-13.57	0.35613805703965445
0.0	-12.34	0.38713300130008615
0.0	-11.11	0.35185964274942766
0.0	-9.88	0.3473630275736547
0.0	-8.64	0.3474157818426108
0.0	-7.41	0.35924457860600173
0.0	-6.17	0.35029061576548115
0.0	-4.94	0.34234539105229295
0.0	-3.7	0.3416887271178496
0.0	-2.47	0.3304333095925498
0.0	-1.24	0.3508055155296508
0.0	0.0	0.36889683890611874
0.0	1.24	0.36783003450468077
0.0	2.47	0.3924178996124298
0.0	3.7	0.3738151168293946
0.0	4.94	0.3554257222142068
0.0	6.17	0.37590961323210087
0.0	7.41	0.3887056908966601
0.0	8.64	0.34849675800988816
0.0	9.88	0.34769256065701726
0.0	11.11	0.36657155438061695
0.0	12.34	0.3572512885749046
0.0	13.57	0.34278759740536463
0.0	14.8	0.33901112643457976
0.0	16.04	0.34998641022931776
0.0	17.27	0.34000808816221995
0.0	18.5	0.35068639689558767
0.0	19.73	0.35530448853253077
0.0	20.96	0.3394953051186706
0.0	22.19	0.34039250268988874
0.0	23.41	0.339304485575014
0.0	24.64	0.32874765044729654
0.0	25.87	0.3367736977451675
0.0	27.09	0.3244672061203496
0.0	28.31	0.33806945818856443
0.0	29.54	0.3474167718987907
0.0	30.78	0.35197960878630247
0.0	32.0	0.3570944358686244
0.0	33.19	0.36286967693542943
0.0	34.36	0.32840554400913624
0.0	35.52	0.36696080987519897
0.0	36.62	0.4191443932649207
0.0	37.6	0.7758893166125667
1.21	37.6	0.6451467380595834
1.22	36.62	0.4224589119369987
1.22	35.52	0.36900026263000707
1.23	34.36	0.3659793659532775
1.23	33.18	0.3691535278741958
1.23	32.0	0.3858262533271667
1.23	30.78	0.35505025422329967
1.23	29.54	0.34364924809047204
1.23	28.31	0.34513758372252085
1.23	27.09	0.3357349277253011
1.23	25.87	0.3426327778812838
1.23	24.64	0.3359105698872061
1.23	23.41	0.3338649281634922
1.23	22.19	0.32331118539317705
1.23	20.96	0.34673249582233046
1.23	19.73	0.364208563907184
1.23	18.5	0.32741850411268225
1.23	17.27	0.3437508689275897
1.23	16.04	0.34379570650079616
1.23	14.8	0.34999863132004333
1.23	13.57	0.3542881974816059
1.23	12.34	0.34391243312268543
1.23	11.11	0.36037653673237907
1.23	9.88	0.35448075771340426
1.23	8.64	0.37364346859759767
1.23	7.41	0.3580917659697435
1.23	6.17	0.37872314735877094
1.24	4.94	0.37657109944144485
1.23	3.7	0.3781237386218213
1.24	2.47	0.3589426340329217
1.24	1.24	0.3679295255386186
1.24	-0.0	0.35607699592109604
1.24	-1.24	0.3473759517754773
1.24	-2.47	0.33872342964102925
1.23	-3.7	0.35308669095564765
1.24	-4.94	0.35355159075091225
1.23	-6.17	0.36003131673352995
1.23	-7.41	0.33935113047801985
1.23	-8.64	0.3468313926022882
1.23	-9.88	0.3480845771367316
1.23	-11.11	0.35798463946703546
1.23	-12.34	0.3536617485578411
1.23	-13.57	0.3501606087427608
1.23	-14.8	0.35199805138631285
1.23	-16.04	0.3753170173318769
1.23	-17.27	0.3810975757719474
1.23	-18.5	0.3859934319254541
1.23	-19.73	0.38505398273863767
1.23	-20.96	0.3789491160108295
1.23	-22.19	0.3680597969155166
1.23	-23.41	0.3733277088754523
1.23	-24.64	0.37082235532222635
1.23	-25.87	0.3675715298858626
1.23	-27.09	0.34945416873356594
1.23	-28.31	0.3328324795045501
1.23	-29.54	0.3216809309334356
1.23	-30.78	0.3273369881466651
1.23	-32.0	0.3515744501730553
1.23	-33.18	0.35669715801019597
1.23	-34.36	0.3697628120525621
1.22	-35.52	0.35256217834514014
1.22	-36.62	0.36452302788314117
1.21	-37.6	0.6521273914231199
2.42	-37.58	0.47269299274846743
2.44	-36.61	0.36959328883360687
2.45	-35.52	0.34523879159827053
2.45	-34.36	0.3716460978926539
2.46	-33.18	0.3702292574720178
2.46	-32.0	0.3533521308285807
2.46	-30.78	0.3219248816096799
2.46	-29.54	0.3365328315888846
2.46	-28.31	0.3288460275791744
2.46	-27.09	0.35530239696868865
2.46	-25.87	0.340745745913838
2.46	-24.64	0.3917285361669221
2.46	-23.41	0.38733466761551777
2.47	-22.19	0.3852741875980467
2.47	-20.96	0.3851554587678988
2.47	-19.73	0.38561512112893837
2.47	-18.5	0.38283990701267323
2.47	-17.27	0.3631075153926699
2.47	-16.04	0.37171095345301247
2.47	-14.8	0.361801122734843
2.47	-13.57	0.3660819065515266
2.47	-12.34	0.348418452350148
2.47	-11.11	0.3691524344827019
2.47	-9.88	0.3641802476378952
2.47	-8.64	0.35537134054854064
2.47	-7.41	0.35695723293950077
2.47	-6.17	0.3418231515530293
2.47	-4.94	0.34841580015971063
2.47	-3.7	0.34528716307140883
2.47	-2.47	0.3482462048018131
2.47	-1.24	0.33785225403395214
2.47	0.0	0.3626121980027409
2.47	1.24	0.3550966554420923
2.47	2.47	0.3811617667275237
2.47	3.7	0.38100248491466904
2.47	4.94	0.3449246015428044
2.47	6.17	0.38437178077797984
2.47	7.41	0.35742578753679444
2.47	8.64	0.3603609922859112
2.47	9.88	0.3527885834487773
2.47	11.11	0.3645702097650582
2.47	12.34	0.35748658177579434
2.47	13.57	0.34762013870472147
2.47	14.8	0.3544908022168103
2.47	16.04	0.34352434116682623
2.47	17.27	0.3482180125243715
2.47	18.5	0.3395024005994874
2.47	19.73	0.3312034941073759
2.47	20.96	0.335575240370825
2.47	22.19	0.32599676468451794
2.46	23.41	0.3324033221978834
2.46	24.64	0.32373492634961476
2.46	25.87	0.3405783231037604
2.46	27.09	0.34285617798871654
2.46	28.31	0.33303512680006153
2.46	29.54	0.35619325301997423
2.46	30.78	0.34756939696273786
2.46	32.0	0.3547233988120512
2.46	33.18	0.3651066796209326
2.45	34.36	0.3479737911615228
2.45	35.52	0.3604470666780365
2.44	36.61	0.42259549829260534
2.42	37.58	0.6345199478410974
3.63	37.55	0.6794490643124972
3.66	36.6	0.4314989521774649
3.67	35.51	0.36471513427634394
3.68	34.35	0.3552613250059087
3.69	33.18	0.3575331761876726
3.69	32.0	0.3628020911111292
3.69	30.78	0.36123998680093
3.69	29.54	0.35859978052574876
3.69	28.31	0.34539548673944953
3.69	27.09	0.3422865199356709
3.7	25.87	0.3289326140670085
3.7	24.64	0.3366291027845665
3.7	23.41	0.3276282660442797
3.7	22.19	0.32302060209638966
3.7	20.96	0.33377703779858797
3.7	19.73	0.3199337670913699
3.7	18.5	0.33173780779453305
3.7	17.27	0.33380043888785277
3.7	16.04	0.3389651447899324
3.7	14.8	0.33915269881895227
3.7	13.57	0.3403937550923202
3.7	12.34	0.3679704048301237
3.7	11.11	0.36854610358120665
3.7	9.88	0.3694599647909921
3.7	8.64	0.34425795927797437
3.7	7.41	0.35283224421014997
3.7	6.17	0.35994137610161603
3.7	4.94	0.34687387605673325
3.71	3.71	0.36268477194893184
3.7	2.47	0.3626933715212232
3.7	1.23	0.3569824977841552
3.7	-0.0	0.3619297786067696
3.7	-1.23	0.3477594922196498
3.7	-2.47	0.3547388417363757
3.71	-3.71	0.355364308418952
3.7	-4.94	0.3476151999915643
3.7	-6.17	0.3636427630064359
3.7	-7.41	0.34964452248901845
3.7	-8.64	0.35945824326936476
3.7	-9.88	0.35004502113006053
3.7	-11.11	0.3596924527334855
3.7	-12.34	0.35700773567718375
3.7	-13.57	0.36399328342130716
3.7	-14.8	0.3670412175958188
3.7	-16.04	0.35804956120383247
3.7	-17.27	0.36566342333810764
3.7	-18.5	0.39208619486036805
3.7	-19.73	0.37332610758457185
3.7	-20.96	0.372359684937306
3.7	-22.19	0.36362466492937273
3.7	-23.41	0.3735435232467357
3.7	-24.64	0.3622518603216054
3.7	-25.87	0.369071313074147
3.69	-27.09	0.3581306405477819
3.69	-28.31	0.3363331220163691
3.69	-29.54	0.3369099323401492
3.69	-30.78	0.3545780603313867
3.69	-32.0	0.3402576248315613
3.69	-33.18	0.36821721731653123
3.68	-34.35	0.37584383384093134
3.67	-35.51	0.3652038537640102
3.66	-36.6	0.3576065939057882
3.63	-37.55	0.3382903811449899
4.84	-37.5	0.5646061616657314
4.88	-36.58	0.3821984775734738
4.9	-35.49	0.3784959352223708
4.91	-34.35	0.37940221942078967
4.91	-33.17	0.38797830019868
4.92	-31.99	0.32371965815223996
4.93	-30.78	0.33469066339167935
4.92	-29.54	0.33263667053918994
4.92	-28.31	0.32153462216374273
4.93	-27.09	0.3408208741204821
4.93	-25.87	0.352206219276189
4.93	-24.64	0.35648615311836235
4.93	-23.41	0.36137423009893593
4.93	-22.18	0.38511926102306215
4.93	-20.96	0.36127407008487
4.93	-19.73	0.3791273973717059
4.93	-18.5	0.3615911614082489
4.93	-17.26	0.39038108057859866
4.93	-16.04	0.37084654582380294
4.93	-14.8	0.3459112794423086
4.93	-13.57	0.3732072011523083
4.93	-12.34	0.35685775468430364
4.94	-11.1	0.3536078691016028
4.94	-9.87	0.34690592907876516
4.94	-8.64	0.3606007103640821
4.94	-7.41	0.34419507763680135
4.94	-6.17	0.3550871464524732
4.94	-4.94	0.35013081099670423
4.94	-3.7	0.35289730274129877
4.94	-2.47	0.349430776991457
4.94	-1.24	0.3355696266879857
4.94	0.0	0.36276904577762914
4.94	1.24	0.38517518184031907
4.94	2.47	0.37222020409557127
4.94	3.7	0.38085411059199026
4.94	4.94	0.35790955646481215
4.94	6.17	0.3419983217770547
4.94	7.41	0.3477520912707031
4.94	8.64	0.36005315714049263
4.94	9.87	0.3413525965771082
4.94	11.1	0.3725056849390597
4.93	12.34	0.3528610740164734
4.93	13.57	0.3377461551472089
4.93	14.8	0.3446362986526449
4.93	16.04	0.32469017557223456
4.93	17.26	0.34491080418360726
4.93	18.5	0.34815621704673866
4.93	19.73	0.3370455382264675
4.93	20.96	0.33247192477992743
4.93	22.18	0.33056142897797075
4.93	23.41	0.3346939633340229
4.93	24.64	0.32132372531491527
4.93	25.87	0.3161975990278464
4.93	27.09	0.3264811934367303
4.92	28.31	0.3256320256344771
4.92	29.54	0.35637158378893197
4.93	30.78	0.3502956314098806
4.92	31.99	0.38043718838368806
4.91	33.17	0.37207653297772036
4.91	34.35	0.33765551699201285
4.9	35.49	0.3841877261736937
4.88	36.58	0.4208403980065867
4.84	37.5	0.4032546286428812
6.04	37.42	0.567101460824976
6.09	36.55	0.5114760448679799
6.12	35.48	0.3801494356722689
6.13	34.34	0.34744454426114935
6.14	33.16	0.36002842404758784
6.15	31.98	0.3786619299176403
6.16	30.78	0.3513969246042225
6.16	29.55	0.3549366722857767
6.15	28.31	0.3560792907804465
6.16	27.08	0.3375232211777811
6.16	25.87	0.33787744323302293
6.16	24.64	0.3318950631276931
6.16	23.41	0.34170686331058137
6.16	22.18	0.3295640375469249
6.16	20.96	0.35263846356344203
6.16	19.73	0.33240774858616606
6.16	18.49	0.3147039114180592
6.17	17.26	0.34720582501187763
6.17	16.03	0.3317590759541397
6.17	14.8	0.35562703587586786
6.17	13.57	0.3363866206633292
6.17	12.34	0.34306042433627165
6.17	11.1	0.3607512566954039
6.17	9.87	0.37268144098609873
6.17	8.64	0.331236384876576
6.17	7.41	0.3597008598243357
6.17	6.17	0.35283345043360864
6.17	4.94	0.3494568744753284
6.17	3.7	0.34608240846939936
6.17	2.47	0.36581241735617226
6.17	1.23	0.3560000283033495
6.17	-0.0	0.3464922039249106
6.17	-1.23	0.34159464011200974
6.17	-2.47	0.3453838854142477
6.17	-3.7	0.3520126436557891
6.17	-4.94	0.336240079975869
6.17	-6.17	0.36381838242508563
6.17	-7.41	0.34389677115815415
6.17	-8.64	0.3375574787058271
6.17	-9.87	0.3637529837688196
6.17	-11.1	0.3615048741794332
6.17	-12.34	0.36296839874034137
6.17	-13.57	0.36139127683311895
6.17	-14.8	0.37118678053693294
6.17	-16.03	0.3612859981378751
6.17	-17.26	0.37964527242532004
6.16	-18.49	0.3706279887473266
6.16	-19.73	0.34966108934605084
6.16	-20.96	0.36607219040465677
6.16	-22.18	0.38716005631422223
6.16	-23.41	0.3761383452626196
6.16	-24.64	0.3751951788148341
6.16	-25.87	0.3569298613893535
6.16	-27.08	0.3484191615163593
6.15	-28.31	0.3259920507557878
6.16	-29.55	0.3251892184860248
6.16	-30.78	0.3243369584349174
6.15	-31.98	0.3559380061336235
6.14	-33.16	0.39507174114862953
6.13	-34.34	0.3745102040331759
6.12	-35.48	0.37615214965562593
6.09	-36.55	0.39205042490772923
6.04	-37.42	0.6044554477091657
7.22	-37.3	0.5872637943896992
7.3	-36.51	0.41275129305281155
7.34	-35.46	0.3442453703088647
7.36	-34.33	0.3707023430587649
7.37	-33.15	0.3632716104057715
7.38	-31.97	0.3656190553581172
7.39	-30.78	0.3265438158842156
7.39	-29.55	0.3175830702550258
7.38	-28.31	0.3266244728346715
7.39	-27.08	0.33228111973828717
7.39	-25.86	0.350688395853974
7.39	-24.64	0.3607060240666341
7.39	-23.41	0.36870353034895764
7.39	-22.18	0.3821702043342153
7.4	-20.95	0.3693119594020919
7.4	-19.73	0.3770198035566793
7.4	-18.49	0.3983229117063973
7.4	-17.26	0.3670795681409336
7.4	-16.03	0.3699805827000133
7.4	-14.8	0.3616279993727832
7.4	-13.57	0.3537033433740913
7.4	-12.34	0.3501011813132304
7.4	-11.1	0.348210476896531
7.4	-9.87	0.3531009502818799
7.4	-8.64	0.37234665752072293
7.41	-7.41	0.35820515805500497
7.41	-6.17	0.35410949369746686
7.41	-4.94	0.3461986044645275
7.41	-3.7	0.3460888979244076
7.41	-2.47	0.3494181942361943
7.41	-1.23	0.3401921735139111
7.41	0.0	0.35102397014167164
7.41	1.23	0.34450857577192967
7.41	2.47	0.3608394408225985
7.41	3.7	0.3663622326390781
7.41	4.94	0.3426154337442019
7.41	6.17	0.3491767105002841
7.41	7.41	0.35304503584296254
7.4	8.64	0.3385212895125287
7.4	9.87	0.3518002438754111
7.4	11.1	0.32967481438247903
7.4	12.34	0.34771201528854434
7.4	13.57	0.3623217416228192
7.4	14.8	0.33216943439558877
7.4	16.03	0.3517859739063589
7.4	17.26	0.3300426265235628
7.4	18.49	0.3400001971161688
7.4	19.73	0.3436835669307866
7.4	20.95	0.34902657584510044
7.39	22.18	0.32745591188681783
7.39	23.41	0.34369976556765114
7.39	24.64	0.32179012949808006
7.39	25.86	0.3281579142352353
7.39	27.08	0.3215838195060515
7.38	28.31	0.34542174175158086
7.39	29.55	0.3531108868002886
7.39	30.78	0.36310376243294307
7.38	31.97	0.3581804199353254
7.37	33.15	0.35801056410985915
7.36	34.33	0.34847805817299743
7.34	35.46	0.3737940832483565
7.3	36.51	0.4871952939945412
7.22	37.3	0.3512378050147603
8.51	36.45	0.5851366328447403
8.55	35.43	0.4311146376618412
8.58	34.31	0.36280429259680724
8.59	33.14	0.34595794252333434
8.6	31.96	0.36161074487719863
8.62	30.77	0.34953918845041543
8.62	29.55	0.3514101165002187
8.62	28.31	0.3468896436578019
8.62	27.08	0.3366883127255833
8.62	25.86	0.3191847123123328
8.62	24.64	0.3448281174858505
8.62	23.41	0.32605175471519504
8.62	22.18	0.32928672307262874
8.63	20.95	0.3296231170541184
8.63	19.72	0.32681941541527215
8.63	18.49	0.33103659246986117
8.63	17.26	0.350964201031233
8.63	16.03	0.3316456829392664
8.63	14.8	0.3417401973650684
8.64	13.57	0.3375814623723264
8.64	12.34	0.3468696603457415
8.64	11.1	0.3468021789972996
8.64	9.87	0.34600318389185086
8.64	8.64	0.3608529110673127
8.64	7.4	0.35679393064541254
8.64	6.17	0.3336671727072923
8.64	4.94	0.36167207445841426
8.64	3.7	0.3577605658721475
8.64	2.47	0.34558488841128104
8.64	1.23	0.3447504342700947
8.64	-0.0	0.35396579187443605
8.64	-1.23	0.34309319869089805
8.64	-2.47	0.32529193288471364
8.64	-3.7	0.33195241547748444
8.64	-4.94	0.3451446394359186
8.64	-6.17	0.36011438144379637
8.64	-7.4	0.35481283536581815
8.64	-8.64	0.3373469639332419
8.64	-9.87	0.36952548228510973
8.64	-11.1	0.35937776454431286
8.64	-12.34	0.3532247094586009
8.64	-13.57	0.3599099904033653
8.63	-14.8	0.3519344166571288
8.63	-16.03	0.38844218235729877
8.63	-17.26	0.3795009417476859
8.63	-18.49	0.36889499097318496
8.63	-19.72	0.362876717084357
8.63	-20.95	0.37765197781806376
8.62	-22.18	0.3764008471381896
8.62	-23.41	0.3655324053610922
8.62	-24.64	0.3682930689376755
8.62	-25.86	0.33222359834035503
8.62	-27.08	0.32763852759137696
8.62	-28.31	0.3267151295951913
8.62	-29.55	0.32932337528800826
8.62	-30.77	0.31615679139689873
8.6	-31.96	0.36568666010638395
8.59	-33.14	0.38706547001816477
8.58	-34.31	0.3671742563189412
8.55	-35.43	0.3538707954026722
8.51	-36.45	0.45386729356510924
9.7	-36.37	0.5084546825558957
9.76	-35.39	0.346265654925193
9.8	-34.29	0.3860022671961182
9.82	-33.13	0.3587610250087975
9.83	-31.95	0.38774394091973735
9.84	-30.76	0.35547746523059426
9.85	-29.55	0.32878310805524086
9.85	-28.31	0.31844538959688307
9.85	-27.08	0.35657262917622395
9.85	-25.85	0.32246313513060104
9.85	-24.63	0.36968284711110194
9.86	-23.41	0.3505765325629934
9.86	-22.18	0.3493805029204148
9.86	-20.95	0.3478736589686791
9.86	-19.72	0.3822532767347555
9.86	-18.49	0.3769162345070178
9.86	-17.26	0.3506828113000656
9.86	-16.03	0.37431826245361854
9.87	-14.8	0.35395248554654074
9.87	-13.57	0.3511194763633118
9.87	-12.34	0.36837528951977205
9.87	-11.1	0.3425675058205006
9.87	-9.87	0.351276291068708
9.87	-8.64	0.3674631904152717
9.87	-7.4	0.32370284428413654
9.87	-6.17	0.35902832254218486
9.87	-4.94	0.3587686134104417
9.88	-3.7	0.35999738110960505
9.88	-2.47	0.3462289547194673
9.88	-1.23	0.3653090597271253
9.88	0.0	0.3417089740951354
9.88	1.23	0.3553837263755778
9.88	2.47	0.3655031801718649
9.88	3.7	0.36906464118210264
9.87	4.94	0.36176140282731895
9.87	6.17	0.3540021949670061
9.87	7.4	0.3482873143008693
9.87	8.64	0.35726144511990476
9.87	9.87	0.3483645138790244
9.87	11.1	0.33307567111144565
9.87	12.34	0.35798506708846456
9.87	13.57	0.35282522759076423
9.87	14.8	0.3440153578159915
9.86	16.03	0.35579046513960283
9.86	17.26	0.34034908398126756
9.86	18.49	0.34961372068566277
9.86	19.72	0.3367520076757522
9.86	20.95	0.346018867428386
9.86	22.18	0.323005190064949
9.86	23.41	0.333629497236179
9.85	24.63	0.3382099233745849
9.85	25.85	0.32664233330277725
9.85	27.08	0.34973463931732984
9.85	28.31	0.3569577592871875
9.85	29.55	0.3618859724990596
9.84	30.76	0.3722662451011062
9.83	31.95	0.3603936131278367
9.82	33.13	0.34828137911012585
9.8	34.29	0.4012248810853085
9.76	35.39	0.4120767468082115
9.7	36.37	0.6093329141017678
10.88	36.26	0.48273956662770134
10.97	35.34	0.4454420063331599
11.01	34.26	0.3714718060665576
11.04	33.11	0.35106438739498247
11.05	31.93	0.3656923967932988
11.07	30.75	0.37994204331614223
11.08	29.55	0.3400849762790821
11.08	28.32	0.3529592020935989
11.08	27.08	0.33526751040073083
11.08	25.85	0.342307352019063
11.08	24.63	0.3279346026984488
11.09	23.41	0.33305927648551803
11.09	22.18	0.3320580878848117
11.09	20.95	0.3369071769228304
11.09	19.72	0.33754791914074606
11.1	18.49	0.3397578832839652
11.1	17.26	0.3278863117691526
11.1	16.03	0.33395598442031676
11.1	14.8	0.36036496502839027
11.1	13.57	0.34465897544257584
11.1	12.34	0.35187169297337645
11.1	11.1	0.34752133793529516
11.1	9.87	0.3558128430172944
11.1	8.64	0.3433850430870178
11.1	7.4	0.3381496036680255
11.1	6.17	0.34872418729690274
11.1	4.94	0.3648012559691248
11.11	3.7	0.35771502705996494
11.11	2.47	0.3687612685608296
11.11	1.23	0.3556546788559163
11.11	-0.0	0.3344887832697806
11.11	-1.23	0.3478862244784073
11.11	-2.47	0.36215493058885123
11.11	-3.7	0.34111880912441905
11.1	-4.94	0.3552871003639016
11.1	-6.17	0.35498113613429255
11.1	-7.4	0.34773708688353133
11.1	-8.64	0.3588102654505577
11.1	-9.87	0.35223785736390856
11.1	-11.1	0.37099735959074603
11.1	-12.34	0.33809501362343625
11.1	-13.57	0.34880073795935473
11.1	-14.8	0.36326082956535055
11.1	-16.03	0.37811057946826915
11.1	-17.26	0.3510790859519496
11.1	-18.49	0.3629756784262366
11.09	-19.72	0.3555808716958274
11.09	-20.95	0.3759046953772612
11.09	-22.18	0.3641191475506842
11.09	-23.41	0.3642579193062235
11.08	-24.63	0.3599671225233575
11.08	-25.85	0.34807688247855995
11.08	-27.08	0.32711352468701776
11.08	-28.32	0.3249747592627878
11.08	-29.55	0.3353026849713411
11.07	-30.75	0.3587644196883407
11.05	-31.93	0.36974701425691625
11.04	-33.11	0.36044632409190125
11.01	-34.26	0.3594406356640022
10.97	-35.34	0.3701788806529763
10.88	-36.26	0.5672272652470026
12.02	-36.05	0.5808403845247375
12.16	-35.27	0.45584985906080633
12.22	-34.22	0.3302999499909688
12.25	-33.09	0.3655951804884562
12.27	-31.91	0.36734727216723906
12.29	-30.73	0.3715131024353953
12.31	-29.54	0.32972434098429154
12.31	-28.32	0.3268583654400443
12.31	-27.08	0.32626795445416734
12.31	-25.85	0.3380082559469497
12.31	-24.63	0.3451371262103731
12.32	-23.4	0.3652041661160768
12.32	-22.18	0.38456429743793275
12.32	-20.94	0.37491537445500506
12.32	-19.72	0.3739872705801496
12.33	-18.49	0.3646645153708237
12.33	-17.26	0.3597164382143714
12.33	-16.03	0.36811754690437215
12.33	-14.8	0.3592386057348496
12.33	-13.56	0.367122550563554
12.33	-12.33	0.35156537494924106
12.34	-11.1	0.35868840915533395
12.34	-9.87	0.34690393803254804
12.34	-8.64	0.35156641991539156
12.34	-7.4	0.34652365581780425
12.34	-6.17	0.36645184215065024
12.34	-4.93	0.3301811229876739
12.34	-3.7	0.3507622695132636
12.34	-2.47	0.36187617027271507
12.34	-1.23	0.3469485108575501
12.34	0.0	0.352586232465784
12.34	1.23	0.34933390254768615
12.34	2.47	0.35199505831954575
12.34	3.7	0.3647831404979654
12.34	4.93	0.33390073781372875
12.34	6.17	0.3619166723181611
12.34	7.4	0.33935017082436497
12.34	8.64	0.3601379622353693
12.34	9.87	0.34895917595546894
12.34	11.1	0.35120993300593767
12.33	12.33	0.3518360775306323
12.33	13.56	0.3344204046225821
12.33	14.8	0.33608279956447035
12.33	16.03	0.33344142569663143
12.33	17.26	0.33031487320617403
12.33	18.49	0.3293011359408005
12.32	19.72	0.339993835973624
12.32	20.94	0.33151593821792136
12.32	22.18	0.35047625429119206
12.32	23.4	0.32700501452566855
12.31	24.63	0.3355801992299794
12.31	25.85	0.3598723444437302
12.31	27.08	0.3606426759814512
12.31	28.32	0.35971468441172044
12.31	29.54	0.3625824387399956
12.29	30.73	0.38211965993784097
12.27	31.91	0.34539312540193406
12.25	33.09	0.35920527789175805
12.22	34.22	0.40888376252191316
12.16	35.27	0.5506574843300065
12.02	36.05	0.28190480764467957
13.34	35.17	0.5993084908466827
13.42	34.17	0.4330383901893903
13.47	33.06	0.3430510476572235
13.49	31.9	0.37059681138132516
13.51	30.71	0.3765961601120474
13.53	29.53	0.3702748054810267
13.54	28.32	0.370893956587383
13.54	27.08	0.3572779618739546
13.54	25.85	0.35824950197748723
13.54	24.62	0.3554703818215708
13.55	23.4	0.3398714060376866
13.55	22.17	0.32373988515387203
13.55	20.94	0.3276609791035734
13.55	19.71	0.3395597029419669
13.56	18.49	0.33764919887409767
13.56	17.26	0.33661491437570557
13.56	16.03	0.3381952837016678
13.56	14.8	0.3567249024282554
13.56	13.56	0.33758108713712764
13.56	12.33	0.33857557181600095
13.57	11.1	0.3511552102446534
13.57	9.87	0.33434607835070446
13.57	8.64	0.3588712183928402
13.57	7.4	0.3424602212476977
13.57	6.17	0.34660653134411984
13.57	4.93	0.35107669745976433
13.57	3.7	0.35785442047730937
13.57	2.47	0.34100387065466503
13.57	1.23	0.3414014878557529
13.57	-0.0	0.3512656798651339
13.57	-1.23	0.35410265231987986
13.57	-2.47	0.3469129022128523
13.57	-3.7	0.36059715227401956
13.57	-4.93	0.3474481887994852
13.57	-6.17	0.33198824445216
13.57	-7.4	0.3433459278830711
13.57	-8.64	0.3775950003549606
13.57	-9.87	0.35892790138975783
13.57	-11.1	0.37059808639843117
13.56	-12.33	0.36821104163764895
13.56	-13.56	0.3604272208225007
13.56	-14.8	0.3744935858373197
13.56	-16.03	0.35734384716081224
13.56	-17.26	0.37390631754640224
13.56	-18.49	0.3652065402931569
13.55	-19.71	0.35031391489645036
13.55	-20.94	0.36161637244226597
13.55	-22.17	0.3599307196326149
13.55	-23.4	0.35449670364739416
13.54	-24.62	0.34778360702083116
13.54	-25.85	0.3443757784494241
13.54	-27.08	0.33047052169490343
13.54	-28.32	0.33512780330064607
13.53	-29.53	0.34692290769876843
13.51	-30.71	0.36759228405415884
13.49	-31.9	0.3678977772937655
13.47	-33.06	0.3720943139369023
13.42	-34.17	0.3311309004830999
13.34	-35.17	0.5370669766814667
14.49	-35.02	0.3193215247321636
14.62	-34.1	0.35603055103513825
14.67	-33.02	0.33898338691483254
14.71	-31.87	0.37134149574502273
14.73	-30.69	0.3673706877501816
14.75	-29.51	0.36312609913228977
14.77	-28.31	0.33330145063049255
14.78	-27.09	0.3108866584177239
14.77	-25.85	0.3314996703634627
14.77	-24.62	0.3355265312762286
14.77	-23.39	0.35468625726020425
14.78	-22.17	0.3470121864599179
14.78	-20.94	0.36612852059545825
14.78	-19.71	0.37046537442839195
14.79	-18.48	0.3562942853178932
14.79	-17.25	0.3761146673333815
14.79	-16.03	0.37510043362552203
14.79	-14.79	0.37100370711815434
14.8	-13.56	0.3575692970166151
14.8	-12.33	0.3684460057323491
14.8	-11.1	0.35524220240915966
14.8	-9.87	0.3672686092159576
14.8	-8.63	0.3626707945605586
14.8	-7.4	0.3661991584244257
14.8	-6.17	0.3663897567240084
14.8	-4.93	0.3610976200547938
14.8	-3.7	0.35032994565268444
14.8	-2.47	0.3627963825453375
14.8	-1.23	0.3370160093107561
14.8	0.0	0.3593278644763792
14.8	1.23	0.3481054196124797
14.8	2.47	0.3479909651459517
14.8	3.7	0.37474743361489216
14.8	4.93	0.3501298595111352
14.8	6.17	0.3460387343925746
14.8	7.4	0.3508131352923971
14.8	8.63	0.3518939317621042
14.8	9.87	0.3464922688252336
14.8	11.1	0.338353559628615
14.8	12.33	0.3328151529214381
14.8	13.56	0.3359279621898392
14.79	14.79	0.33720647015160476
14.79	16.03	0.3341616975808941
14.79	17.25	0.33915457784159886
14.79	18.48	0.32254365692545145
14.78	19.71	0.3354962271928304
14.78	20.94	0.3396034240234272
14.78	22.17	0.3426467931374887
14.77	23.39	0.3402822091193079
14.77	24.62	0.34084012480321524
14.77	25.85	0.338916928340106
14.78	27.09	0.34776207255148417
14.77	28.31	0.35840416707106143
14.75	29.51	0.3610375029510384
14.73	30.69	0.340762014244801
14.71	31.87	0.366820415123283
14.67	33.02	0.36950689658771385
14.62	34.1	0.4714919376001572
14.49	35.02	0.16584368136068478
15.79	34.0	0.5506482891296018
15.87	32.97	0.39208681042995297
15.92	31.84	0.366816074100509
15.95	30.67	0.35765336779755985
15.97	29.48	0.3515352935272227
15.99	28.3	0.375586514963009
16.01	27.09	0.3593418850639791
16.01	25.85	0.36160770913834717
16.0	24.62	0.36245713838116445
16.0	23.39	0.35388986014008944
16.01	22.16	0.33206396034004504
16.01	20.94	0.3249169603530776
16.02	19.71	0.3210270125936011
16.02	18.48	0.3291754095577295
16.02	17.25	0.3416082026707692
16.02	16.02	0.3262473630438995
16.03	14.79	0.34470897581150506
16.03	13.56	0.3386617146089842
16.03	12.33	0.35029550154182
16.03	11.1	0.35234312702231957
16.03	9.86	0.3705258443005154
16.03	8.63	0.35578255693296573
16.03	7.4	0.3604821527459729
16.03	6.17	0.3478875405919985
16.04	4.93	0.35958380641945115
16.04	3.7	0.34937920592443183
16.04	2.47	0.34321997128324044
16.04	1.23	0.357164395400375
16.04	-0.0	0.34757599524841337
16.04	-1.23	0.3665711718223043
16.04	-2.47	0.3654884221707118
16.04	-3.7	0.34637934511168283
16.04	-4.93	0.34808840607058666
16.03	-6.17	0.3427111061088157
16.03	-7.4	0.3554655137214148
16.03	-8.63	0.32938902787098184
16.03	-9.86	0.36267353066140057
16.03	-11.1	0.35090631859540955
16.03	-12.33	0.363746521776405
16.03	-13.56	0.358966201011307
16.03	-14.79	0.36877921810487463
16.02	-16.02	0.37156516220988606
16.02	-17.25	0.3546223318557007
16.02	-18.48	0.36979827370138946
16.02	-19.71	0.3448832353461876
16.01	-20.94	0.3605985393814758
16.01	-22.16	0.34287739148435026
16.0	-23.39	0.33679219589848663
16.0	-24.62	0.3506912520334767
16.01	-25.85	0.32659201051119463
16.01	-27.09	0.3420750428007414
15.99	-28.3	0.35409122444474744
15.97	-29.48	0.35303072167419364
15.95	-30.67	0.3673972422208196
15.92	-31.84	0.34719066533372694
15.87	-32.97	0.3474595531951792
15.79	-34.0	0.4184901301535652
16.92	-33.85	0.6366531351999721
17.06	-32.9	0.34723686809644283
17.12	-31.8	0.34671715736684394
17.16	-30.65	0.3763437152895347
17.19	-29.46	0.35774004605341414
17.21	-28.27	0.35801389292223196
17.23	-27.08	0.34395958143204797
17.24	-25.86	0.32357920491761805
17.23	-24.62	0.32250030178266886
17.23	-23.38	0.33787104076231933
17.23	-22.16	0.3433185961861368
17.24	-20.93	0.3482733473480426
17.25	-19.71	0.3549051897978319
17.25	-18.48	0.36081118762864556
17.25	-17.25	0.3427237594973949
17.25	-16.02	0.3792243266869185
17.25	-14.79	0.34800427257903715
17.26	-13.56	0.3402952286066436
17.26	-12.33	0.3762325380022149
17.26	-11.1	0.3771295562371976
17.26	-9.86	0.3533644973442026
17.26	-8.63	0.3596541455453123
17.26	-7.4	0.3569678213924315
17.26	-6.17	0.35644616916591804
17.26	-4.93	0.38390253833976956
17.27	-3.7	0.3685325772782871
17.27	-2.47	0.35597430306991157
17.27	-1.23	0.3482118401673085
17.27	0.0	0.35601666312273866
17.27	1.23	0.3349823429813065
17.27	2.47	0.3367060071129723
17.27	3.7	0.36886464906445166
17.26	4.93	0.3708027971244506
17.26	6.17	0.33992229577123123
17.26	7.4	0.3581776073465743
17.26	8.63	0.34174571168922735
17.26	9.86	0.35287162196612376
17.26	11.1	0.343455175649695
17.26	12.33	0.34530428406123104
17.26	13.56	0.338517139156523
17.25	14.79	0.3421767173509318
17.25	16.02	0.3447163304171867
17.25	17.25	0.33975094213505663
17.25	18.48	0.34131121425311123
17.25	19.71	0.33779628698793285
17.24	20.93	0.3476598622352645
17.23	22.16	0.3323902914911123
17.23	23.38	0.3464590924953693
17.23	24.62	0.34215627099327206
17.24	25.86	0.36502636369423047
17.23	27.08	0.3765191161746161
17.21	28.27	0.3749048405450427
17.19	29.46	0.36241397122187186
17.16	30.65	0.3390492388876137
17.12	31.8	0.38820285288136314
17.06	32.9	0.4408211281936991
16.92	33.85	0.8999999999997712
18.21	32.78	0.5315989691718664
18.31	31.74	0.39255909595957517
18.37	30.61	0.3505615756364956
18.4	29.44	0.36401652328516254
18.42	28.25	0.33398849752471005
18.45	27.06	0.36956275697983754
18.47	25.85	0.37091144077552324
18.47	24.63	0.34904243483281727
18.46	23.39	0.36479216548038174
18.46	22.15	0.3388865148006305
18.47	20.93	0.3335904216349379
18.47	19.7	0.33972489917489235
18.48	18.48	0.33571011329196554
18.48	17.25	0.3256219686058313
18.48	16.02	0.32448390588230813
18.48	14.79	0.3423171103314413
18.49	13.56	0.3366830322354643
18.49	12.33	0.34791813070135014
18.49	11.1	0.3697605374824083
18.49	9.86	0.33962697753832416
18.49	8.63	0.3409516575017959
18.49	7.4	0.3546575440757656
18.49	6.16	0.33801816564215675
18.5	4.93	0.33819838114395256
18.5	3.7	0.35839834739309157
18.5	2.47	0.35175698171761244
18.5	1.23	0.3444387182041907
18.5	-0.0	0.34981994334334954
18.5	-1.23	0.3401954645670831
18.5	-2.47	0.34074426665832547
18.5	-3.7	0.3514208692386119
18.5	-4.93	0.35187089489709356
18.49	-6.16	0.3665363825807989
18.49	-7.4	0.3523386622098212
18.49	-8.63	0.3729770504024425
18.49	-9.86	0.36758454683687913
18.49	-11.1	0.34789807523747085
18.49	-12.33	0.37168046202796523
18.49	-13.56	0.3586306473787071
18.48	-14.79	0.35290069979954913
18.48	-16.02	0.3699272842163205
18.48	-17.25	0.3642381516268979
18.48	-18.48	0.3455608423429403
18.47	-19.7	0.3483852497083819
18.47	-20.93	0.3378481177965606
18.46	-22.15	0.3144070252900605
18.46	-23.39	0.3157697428089775
18.47	-24.63	0.3298074400667986
18.47	-25.85	0.3254551967627836
18.45	-27.06	0.3566111225762083
18.42	-28.25	0.34951995046290185
18.4	-29.44	0.36079676363614277
18.37	-30.61	0.3466522544708337
18.31	-31.74	0.3354942465849228
18.21	-32.78	0.4126470633600946
19.32	-32.6	0.5367456133528131
19.48	-31.66	0.3426511342073551
19.56	-30.56	0.35244078377470256
19.61	-29.41	0.3620179878757559
19.63	-28.22	0.3677763018346373
19.66	-27.03	0.36561728850222425
19.68	-25.84	0.3620235193542961
19.7	-24.62	0.3325575897085136
19.7	-23.39	0.3229274957680682
19.69	-22.16	0.32513948612469057
19.69	-20.92	0.3173764033094386
19.7	-19.7	0.33405395786470915
19.7	-18.47	0.34810007306042906
19.71	-17.25	0.3650582313909064
19.71	-16.02	0.351712201671821
19.71	-14.78	0.35932992234990885
19.71	-13.55	0.3630726914819439
19.72	-12.32	0.34190695854824293
19.72	-11.09	0.34993565298234836
19.72	-9.86	0.3695762000885872
19.72	-8.63	0.34112536297433993
19.73	-7.4	0.35393938283894855
19.73	-6.16	0.3420924108949159
19.73	-4.93	0.3671407800889199
19.73	-3.7	0.3666947472429416
19.73	-2.47	0.3456235050292746
19.73	-1.23	0.3636392451390939
19.73	0.0	0.3380156652251331
19.73	1.23	0.3479931805738974
19.73	2.47	0.34696047682084696
19.73	3.7	0.3369946656912721
19.73	4.93	0.34588586666698073
19.73	6.16	0.34978955625441377
19.73	7.4	0.34348522318730623
19.72	8.63	0.3489614603394355
19.72	9.86	0.3516688907517662
19.72	11.09	0.34375844315755477
19.72	12.32	0.34145174236121983
19.71	13.55	0.34661978225499496
19.71	14.78	0.31860845059206333
19.71	16.02	0.32183418686613574
19.71	17.25	0.3454217687697231
19.7	18.47	0.33611887039189436
19.7	19.7	0.3411090523131319
19.69	20.92	0.33594598360856964
19.69	22.16	0.34969614212751216
19.7	23.39	0.3632723019724673
19.7	24.62	0.377009930105024
19.68	25.84	0.3785658501284088
19.66	27.03	0.363083760560759
19.63	28.22	0.3568168368528599
19.61	29.41	0.3516861476267701
19.56	30.56	0.3676471485487035
19.48	31.66	0.4948976906677688
19.32	32.6	0.8999962814780548
20.61	31.52	0.5630833099818495
20.73	30.49	0.4223398999343261
20.8	29.36	0.3657263486036314
20.84	28.2	0.35519283863022755
20.87	27.01	0.37474693598515546
20.89	25.81	0.3839133286346065
20.92	24.61	0.3756606557268071
20.93	23.39	0.35557699659078834
20.93	22.16	0.35512024377177726
20.92	20.92	0.33977192272212253
20.92	19.69	0.33169385966317694
20.93	18.47	0.3295268251941373
20.93	17.24	0.3423295026022752
20.94	16.01	0.33420536802040224
20.94	14.78	0.31171297046382057
20.94	13.55	0.31860229915294364
20.94	12.32	0.3323079642538239
20.95	11.09	0.33873556215834905
20.95	9.86	0.3461148712166808
20.95	8.63	0.3491859397783116
20.95	7.4	0.35483010637480566
20.96	6.16	0.34796858886279125
20.96	4.93	0.34121069178607155
20.96	3.7	0.3586327649426561
20.96	2.47	0.3433007748397306
20.96	1.23	0.34859231887123704
20.96	-0.0	0.35064269698140715
20.96	-1.23	0.35690254419097395
20.96	-2.47	0.35697443563232173
20.96	-3.7	0.3577807518577009
20.96	-4.93	0.34772362482454244
20.96	-6.16	0.37940957321497265
20.95	-7.4	0.3585138199468634
20.95	-8.63	0.3354745948023456
20.95	-9.86	0.3658321751539861
20.95	-11.09	0.3486613386501041
20.94	-12.32	0.34963159752406286
20.94	-13.55	0.3542156904728633
20.94	-14.78	0.35295498393908015
20.94	-16.01	0.3311605158519395
20.93	-17.24	0.35775104862887075
20.93	-18.47	0.3349477724362089
20.92	-19.69	0.33590155849451553
20.92	-20.92	0.33225514546276635
20.93	-22.16	0.32678712129502013
20.93	-23.39	0.3372262959610728
20.92	-24.61	0.3311659688054131
20.89	-25.81	0.35214380859501565
20.87	-27.01	0.3343657689880279
20.84	-28.2	0.3642599624012709
20.8	-29.36	0.34155352303973885
20.73	-30.49	0.3293470411828501
20.61	-31.52	0.43057993328160404
21.63	-31.24	0.3800372117237413
21.87	-30.38	0.3615879721734738
21.97	-29.3	0.33323031773216727
22.04	-28.16	0.33284919515488476
22.07	-26.98	0.37111259182577894
22.1	-25.78	0.3333792771701084
22.13	-24.59	0.3431269928564234
22.15	-23.38	0.3321804269494524
22.16	-22.16	0.34262229437531844
22.16	-20.93	0.3381332719455253
22.16	-19.69	0.3386176386647066
22.15	-18.46	0.32337984853479307
22.16	-17.23	0.33610073310688693
22.16	-16.01	0.33989895874642195
22.17	-14.78	0.35832607870927674
22.17	-13.55	0.35796791057433547
22.18	-12.32	0.34457019024884605
22.18	-11.09	0.35061596708077725
22.18	-9.86	0.349325808585475
22.18	-8.62	0.35518692104511956
22.18	-7.39	0.35223149008211674
22.18	-6.16	0.34668781224250433
22.18	-4.93	0.3552784097569326
22.19	-3.7	0.3474208392033146
22.19	-2.47	0.3585328520675356
22.19	-1.23	0.32900421353941856
22.19	0.0	0.34599228789889097
22.19	1.23	0.33856725039492486
22.19	2.47	0.35057427711164874
22.19	3.7	0.3502262016993806
22.18	4.93	0.3511140506362301
22.18	6.16	0.3571249676166533
22.18	7.39	0.34041054109305424
22.18	8.62	0.37340521688192246
22.18	9.86	0.3480797395777497
22.18	11.09	0.2929270455630628
22.18	12.32	0.3036013129481666
22.17	13.55	0.3345346620345945
22.17	14.78	0.33455090896406364
22.16	16.01	0.34149718874341073
22.16	17.23	0.33514949390924237
22.15	18.46	0.35609490680119604
22.16	19.69	0.36008471604119163
22.16	20.93	0.3679543438828655
22.16	22.16	0.3727863584513275
22.15	23.38	0.3628283650774731
22.13	24.59	0.39997577525481626
22.1	25.78	0.37100463413678697
22.07	26.98	0.342209084666753
22.04	28.16	0.3729962150903543
21.97	29.3	0.3712459352323111
21.87	30.38	0.5209009811268523
21.63	31.24	0.47973198984617393
22.94	30.18	0.1371039570617152
23.12	29.2	0.4498895818262455
23.21	28.1	0.3993223440223973
23.27	26.94	0.3438555128718589
23.31	25.76	0.35780156968085375
23.33	24.56	0.3696016882493929
23.36	23.36	0.3901060376349291
23.38	22.15	0.3761679069324819
23.39	20.93	0.3771066454182148
23.39	19.7	0.37384723868962494
23.39	18.46	0.35762693281639285
23.38	17.23	0.3403047224973382
23.39	16.0	0.34922692956958
23.39	14.77	0.34608269803330066
23.4	13.55	0.3337644501245106
23.4	12.32	0.32646067536521056
23.41	11.09	0.3271421836251724
23.41	9.86	0.33668618890321855
23.41	8.62	0.3054819972273329
23.41	7.39	0.36741803606005086
23.41	6.16	0.3707758598633325
23.41	4.93	0.354183962069607
23.41	3.7	0.3646870020138946
23.41	2.46	0.3529099791169286
23.41	1.23	0.3525300221637401
23.41	-0.0	0.3494752080195529
23.41	-1.23	0.3607425485360117
23.41	-2.46	0.35184109836708133
23.41	-3.7	0.35046279193080276
23.41	-4.93	0.3639003918290391
23.41	-6.16	0.3531772906006639
23.41	-7.39	0.36300142225286747
23.41	-8.62	0.3701155620761872
23.41	-9.86	0.36738546824137597
23.41	-11.09	0.36054327468687136
23.4	-12.32	0.3524593987253917
23.4	-13.55	0.36391819889335847
23.39	-14.77	0.33869797762462417
23.39	-16.0	0.3300455052415066
23.38	-17.23	0.3437724938927413
23.39	-18.46	0.31879763054617516
23.39	-19.7	0.3338514026029462
23.39	-20.93	0.3320302492301062
23.38	-22.15	0.3358381889909461
23.36	-23.36	0.35499913453486553
23.33	-24.56	0.3374268586007417
23.31	-25.76	0.3506039124278505
23.27	-26.94	0.33285779629441115
23.21	-28.1	0.330106966526776
23.12	-29.2	0.33939467181338445
22.94	-30.18	0.48890338524534593
24.2	-29.04	0.4009897190771756
24.36	-28.01	0.32466146599748813
24.44	-26.89	0.31575198934856386
24.5	-25.72	0.33972577433885187
24.53	-24.53	0.3213478056280775
24.56	-23.33	0.3168683373871987
24.59	-22.13	0.3376212059366912
24.61	-20.92	0.3580121600066816
24.62	-19.7	0.33068492159794916
24.63	-18.47	0.33199747874019814
24.62	-17.23	0.35317646310993134
24.62	-16.0	0.3322934617694401
24.62	-14.77	0.32001075638945475
24.62	-13.54	0.3385288408673214
24.63	-12.31	0.34955544085908924
24.63	-11.08	0.33069352235541827
24.63	-9.85	0.34686537092337427
24.64	-8.62	0.3473184825557914
24.64	-7.39	0.35949323659418225
24.64	-6.16	0.34554420290237514
24.64	-4.93	0.3588594445243189
24.64	-3.7	0.3591635410043277
24.64	-2.46	0.348515855734031
24.64	-1.23	0.3631995173875618
24.64	0.0	0.35033848227684483
24.64	1.23	0.35517742646205086
24.64	2.46	0.36245316477019374
24.64	3.7	0.35755796214889957
24.64	4.93	0.3357018943319517
24.64	6.16	0.31578535835164606
24.64	7.39	0.31478012422928614
24.64	8.62	0.3104515209224619
24.63	9.85	0.33159014760371613
24.63	11.08	0.3438535582938506
24.63	12.31	0.3409619338914841
24.62	13.54	0.33404619037092237
24.62	14.77	0.3195701240373395
24.62	16.0	0.33514213196230375
24.62	17.23	0.34323505689297884
24.63	18.47	0.3631219379888359
24.62	19.7	0.37277112981471816
24.61	20.92	0.3563354905497745
24.59	22.13	0.37342460360845475
24.56	23.33	0.36596143269251735
24.53	24.53	0.35592848005835853
24.5	25.72	0.3330606443978794
24.44	26.89	0.3888853290609957
24.36	28.01	0.40313576815894314
24.2	29.04	0.673510837338558
25.43	27.86	0.5275600215105166
25.59	26.8	0.39376240738969603
25.67	25.67	0.35620843682300574
25.72	24.5	0.32604830699705933
25.76	23.31	0.3353249733635326
25.78	22.1	0.36094553974784543
25.81	20.89	0.37325649851159753
25.84	19.68	0.35908154780264134
25.85	18.47	0.3569093680813126
25.86	17.24	0.367207516536482
25.85	16.01	0.3527787361214926
25.85	14.77	0.3389969811516982
25.85	13.54	0.3432688534012774
25.85	12.31	0.34279107747626525
25.85	11.08	0.3453091586569389
25.85	9.85	0.335831820103289
25.86	8.62	0.3370507784997814
25.86	7.39	0.3281023594786462
25.87	6.16	0.34551892503174
25.87	4.93	0.32642150251873936
25.87	3.7	0.32878172044288717
25.87	2.46	0.31601812812566604
25.87	1.23	0.3239358688441974
25.87	-0.0	0.32398035110426204
25.87	-1.23	0.3473540221361725
25.87	-2.46	0.36213010712014027
25.87	-3.7	0.36501827742322845
25.87	-4.93	0.34296271773057146
25.87	-6.16	0.3372142877659929
25.86	-7.39	0.3499856561499552
25.86	-8.62	0.3237949922236306
25.85	-9.85	0.3641095365103982
25.85	-11.08	0.3402093865271843
25.85	-12.31	0.33850381204494057
25.85	-13.54	0.32413591216812776
25.85	-14.77	0.31540135872092084
25.85	-16.01	0.3245157740124176
25.86	-17.24	0.32702081930428095
25.85	-18.47	0.325932410010828
25.84	-19.68	0.3430525393034043
25.81	-20.89	0.3293830700845074
25.78	-22.1	0.3238605588455402
25.76	-23.31	0.3297557131413905
25.72	-24.5	0.3148080991487259
25.67	-25.67	0.31441351595918976
25.59	-26.8	0.3198404614554392
25.43	-27.86	0.37049014316003126
26.65	-26.65	0.3223228593691396
26.8	-25.59	0.31329398472836567
26.89	-24.44	0.3118194133025092
26.94	-23.27	0.3164383650301595
26.98	-22.07	0.3146526526118758
27.01	-20.87	0.32257901895299307
27.03	-19.66	0.33303257179689827
27.06	-18.45	0.3432910516669685
27.08	-17.23	0.3200154625427409
27.09	-16.01	0.3299972603044224
27.09	-14.78	0.3285596478281413
27.08	-13.54	0.3316417195692145
27.08	-12.31	0.3276850742569468
27.08	-11.08	0.3359420085052977
27.08	-9.85	0.3524066276312871
27.08	-8.62	0.3265662077830922
27.08	-7.39	0.3440315518939745
27.08	-6.16	0.33480880418057657
27.09	-4.93	0.3344987301879643
27.09	-3.69	0.3319829638345846
27.09	-2.46	0.34156659350354707
27.09	-1.23	0.349332371641594
27.09	0.0	0.3608223161041921
27.09	1.23	0.3419562787329347
27.09	2.46	0.3337762039379632
27.09	3.69	0.3406575124838582
27.09	4.93	0.347315867249685
27.08	6.16	0.3413602356364154
27.08	7.39	0.32604371424752204
27.08	8.62	0.3507847013509748
27.08	9.85	0.3432838493183219
27.08	11.08	0.33549570879379254
27.08	12.31	0.3349274035960215
27.08	13.54	0.35320267875045697
27.09	14.78	0.3477587957216083
27.09	16.01	0.34886612882285145
27.08	17.23	0.36602595416547784
27.06	18.45	0.36800835325267545
27.03	19.66	0.37701766121070435
27.01	20.87	0.3494701485598579
26.98	22.07	0.3366277534754095
26.94	23.27	0.33590248837989956
26.89	24.44	0.39898372667206916
26.8	25.59	0.38408168260310516
26.65	26.65	0.5195157422006942
27.86	25.43	0.5490054202012744
28.01	24.36	0.4004211297815725
28.1	23.21	0.33944692632641355
28.16	22.04	0.3266854259691193
28.2	20.84	0.3282283324398293
28.22	19.63	0.35240692515830496
28.25	18.42	0.3852192786547471
28.27	17.21	0.3471737656652681
28.3	15.99	0.3436419370032468
28.31	14.77	0.3593548409826884
28.32	13.54	0.3551841470662144
28.32	12.31	0.3584046035551227
28.32	11.08	0.34708384328232994
28.31	9.85	0.3458157425212712
28.31	8.62	0.3676059136763642
28.31	7.38	0.34757241461873456
28.31	6.15	0.3446755641395452
28.31	4.92	0.3309636573443494
28.31	3.69	0.3246941536215654
28.31	2.46	0.3226240771776957
28.31	1.23	0.3480441938412088
28.31	-0.0	0.3212815713387598
28.31	-1.23	0.3261854027875436
28.31	-2.46	0.3506268308745611
28.31	-3.69	0.33864223168147234
28.31	-4.92	0.3316146061549893
28.31	-6.15	0.32563222684313264
28.31	-7.38	0.32514407823386093
28.31	-8.62	0.3422142640720382
28.31	-9.85	0.3196445358271449
28.32	-11.08	0.3346669563244226
28.32	-12.31	0.31515251931231414
28.32	-13.54	0.32131996508924315
28.31	-14.77	0.3185155185627403
28.3	-15.99	0.3127138841634627
28.27	-17.21	0.3273406699418064
28.25	-18.42	0.30888294379064896
28.22	-19.63	0.3121239182152938
28.2	-20.84	0.3169851844792515
28.16	-22.04	0.30870829226993446
28.1	-23.21	0.3106040900679262
28.01	-24.36	0.29281704022146804
27.86	-25.43	0.33174882392041694
29.04	-24.2	0.3143087198282225
29.2	-23.12	0.29816797540827045
29.3	-21.97	0.2915578270282906
29.36	-20.8	0.2958178805029193
29.41	-19.61	0.3094971823839696
29.44	-18.4	0.30500115823204443
29.46	-17.19	0.3110060869298957
29.48	-15.97	0.3090834726021471
29.51	-14.75	0.30196318589412235
29.53	-13.53	0.31637377435068126
29.54	-12.31	0.32504202222313816
29.55	-11.08	0.32903300938671004
29.55	-9.85	0.331119734119295
29.55	-8.62	0.3308025669374559
29.55	-7.39	0.33673726275228316
29.55	-6.16	0.32482373386938207
29.54	-4.92	0.3259510128360053
29.54	-3.69	0.3410739105755914
29.54	-2.46	0.3458705081255785
29.54	-1.23	0.34251962216292536
29.54	0.0	0.3380207349457345
29.54	1.23	0.33224365115647697
29.54	2.46	0.3267631334663363
29.54	3.69	0.3503038000021927
29.54	4.92	0.32461651575044154
29.55	6.16	0.3368217072951642
29.55	7.39	0.36093473321585945
29.55	8.62	0.343066205598361
29.55	9.85	0.3430655140963693
29.55	11.08	0.3603253219199079
29.54	12.31	0.3400201862278155
29.53	13.53	0.3697107974008508
29.51	14.75	0.3632681972403106
29.48	15.97	0.3667743500462637
29.46	17.19	0.3359051569448503
29.44	18.4	0.34279406673469903
29.41	19.61	0.3246404144858682
29.36	20.8	0.3342495279261084
29.3	21.97	0.38532456699731243
29.2	23.12	0.4470933292114664
29.04	24.2	0.5479405337914652
30.18	22.94	0.5510502697744051
30.38	21.87	0.43074793377160214
30.49	20.73	0.3711679626253296
30.56	19.56	0.40397104870522016
30.61	18.37	0.34466672285460503
30.65	17.16	0.3296393666801487
30.67	15.95	0.34960736449320484
30.69	14.73	0.35442805296039154
30.71	13.51	0.35822322171922966
30.73	12.29	0.3820363789328947
30.75	11.07	0.3664942938428001
30.76	9.84	0.3754975582691787
30.77	8.62	0.3783139060668984
30.78	7.39	0.3642160334049195
30.78	6.16	0.3519232054351727
30.78	4.93	0.3556312340818846
30.78	3.69	0.32933892485064736
30.78	2.46	0.33552363477030966
30.78	1.23	0.34887411532537077
30.78	-0.0	0.3301286571808228
30.78	-1.23	0.33580416626500875
30.78	-2.46	0.33407236948783536
30.78	-3.69	0.326894713695226
30.78	-4.93	0.3364446582395136
30.78	-6.16	0.3222826542801775
30.78	-7.39	0.32119022215705156
30.77	-8.62	0.3243276323782611
30.76	-9.84	0.32305514903856
30.75	-11.07	0.31248642002458815
30.73	-12.29	0.3188927691646101
30.71	-13.51	0.312800802232557
30.69	-14.73	0.3072100488211233
30.67	-15.95	0.3033003072195284
30.65	-17.16	0.297942562725541
30.61	-18.37	0.30571323067442047
30.56	-19.56	0.2981358288580665
30.49	-20.73	0.28859155916391654
30.38	-21.87	0.31033394205179754
30.18	-22.94	0.3603638171127642
31.24	-21.63	0.4279005752154288
31.52	-20.61	0.3136846035839522
31.66	-19.48	0.29855891451097133
31.74	-18.31	0.2856864099937131
31.8	-17.12	0.291550073504781
31.84	-15.92	0.30002192358597635
31.87	-14.71	0.3082018675985766
31.9	-13.49	0.29004403683204694
31.91	-12.27	0.3060536048021614
31.93	-11.05	0.3095256175881171
31.95	-9.83	0.3173767494183303
31.96	-8.6	0.3244761126194878
31.97	-7.38	0.3356709362520136
31.98	-6.15	0.3213871825210936
31.99	-4.92	0.33450921974437864
32.0	-3.69	0.33954000082981034
32.0	-2.46	0.3367064722055761
32.0	-1.23	0.34112610021850603
32.0	0.0	0.3581129034678902
32.0	1.23	0.35229150448514984
32.0	2.46	0.33262851844178315
32.0	3.69	0.3432761065489097
31.99	4.92	0.3518367066926652
31.98	6.15	0.37400410462663314
31.97	7.38	0.36578684312838755
31.96	8.6	0.3474338293068184
31.95	9.83	0.37147832718969653
31.93	11.05	0.365151560809005
31.91	12.27	0.3669638615353634
31.9	13.49	0.35921322973520586
31.87	14.71	0.3211794312195702
31.84	15.92	0.36834662604492163
31.8	17.12	0.3572477007009174
31.74	18.31	0.3671775033761351
31.66	19.48	0.41674825690128425
31.52	20.61	0.4934684627892334
31.24	21.63	0.8999999999999858
32.6	19.32	0.46560793081335927
32.78	18.21	0.3990949996503209
32.9	17.06	0.38303583670568797
32.97	15.87	0.39101121654584103
33.02	14.67	0.39537095729795635
33.06	13.47	0.3126610684854244
33.09	12.25	0.32738605089976613
33.11	11.04	0.36600214550775567
33.13	9.82	0.34545742766963017
33.14	8.59	0.36070087715357063
33.15	7.37	0.3567384978149474
33.16	6.14	0.3600790784962434
33.17	4.91	0.3730343903028143
33.18	3.69	0.34988681043536857
33.18	2.46	0.3348066554701209
33.18	1.23	0.3406829604677356
33.19	-0.0	0.36259469240960407
33.18	-1.23	0.34056033557646076
33.18	-2.46	0.3526303529140812
33.18	-3.69	0.3384595266258068
33.17	-4.91	0.3367718233074817
33.16	-6.14	0.32449980807917456
33.15	-7.37	0.319532840401855
33.14	-8.59	0.320557092689097
33.13	-9.82	0.30659612322301016
33.11	-11.04	0.2999161764717416
33.09	-12.25	0.2938720559736727
33.06	-13.47	0.2992980531918825
33.02	-14.67	0.29940416266572983
32.97	-15.87	0.2658774749157603
32.9	-17.06	0.28505150611602137
32.78	-18.21	0.3228530553597563
32.6	-19.32	0.41374603848445446
33.85	-16.92	0.4121012796035016
34.0	-15.79	0.33547832001811956
34.1	-14.62	0.3419728908433611
34.17	-13.42	0.29632124763504875
34.22	-12.22	0.3116892134023364
34.26	-11.01	0.32270604772667566
34.29	-9.8	0.3176640295768557
34.31	-8.58	0.3154806572296649
34.33	-7.36	0.33725548841304664
34.34	-6.13	0.3248814919671421
34.35	-4.91	0.3410968345186039
34.35	-3.68	0.33113461945099926
34.36	-2.45	0.3380399557221352
34.36	-1.23	0.3615907584246748
34.36	0.0	0.34295033197081204
34.36	1.23	0.3320364956385169
34.36	2.45	0.33592315672020734
34.35	3.68	0.35361167792930803
34.35	4.91	0.3584140777363549
34.34	6.13	0.3631041302744814
34.33	7.36	0.3495997474652649
34.31	8.58	0.3501393361781304
34.29	9.8	0.3314637414373186
34.26	11.01	0.3492336084166428
34.22	12.22	0.39321119874210975
34.17	13.42	0.34764760337608297
34.1	14.62	0.37830945023021456
34.0	15.79	0.4576013937814877
33.85	16.92	0.5199447755945488
35.02	14.49	0.49406645576900166
35.17	13.34	0.4618262680119303
35.27	12.16	0.38807255077797853
35.34	10.97	0.343827417145906
35.39	9.76	0.35497897632088316
35.43	8.55	0.35419046266806486
35.46	7.34	0.3730107532367041
35.48	6.12	0.33957296493497735
35.49	4.9	0.3273523116396982
35.51	3.67	0.3275272819174746
35.52	2.45	0.3714260112279766
35.52	1.22	0.34776998646134816
35.52	-0.0	0.3587987837632909
35.52	-1.22	0.3557171493492556
35.52	-2.45	0.33824536090467006
35.51	-3.67	0.33830568983882936
35.49	-4.9	0.32573396940764315
35.48	-6.12	0.3247695557291468
35.46	-7.34	0.322381939270313
35.43	-8.55	0.370691520132843
35.39	-9.76	0.34667429314275455
35.34	-10.97	0.3957337134299257
35.27	-12.16	0.35010219376467056
35.17	-13.34	0.3602485150115532
35.02	-14.49	0.3901435002674104
36.05	-12.02	0.4266026214667993
36.26	-10.88	0.3514930442251616
36.37	-9.7	0.3262475963551097
36.45	-8.51	0.3486001542682098
36.51	-7.3	0.3258048159491451
36.55	-6.09	0.33449723564315026
36.58	-4.88	0.339452725504196
36.6	-3.66	0.3387691427501853
36.61	-2.44	0.33745884288164607
36.62	-1.22	0.3713682471021559
36.62	0.0	0.3237076864244025
36.62	1.22	0.33173323416974565
36.61	2.44	0.32879400956292426
36.6	3.66	0.34745141151294723
36.58	4.88	0.3328535181972803
36.55	6.09	0.34971643594795565
36.51	7.3	0.35045538429311685
36.45	8.51	0.3813011856033981
36.37	9.7	0.4261982837223772
36.26	10.88	0.4570805152420059
36.05	12.02	0.5308513343504687
37.3	7.22	0.487895589216054
37.42	6.04	0.4210243125585126
37.5	4.84	0.38267475932229644
37.55	3.63	0.3551948834672193
37.58	2.42	0.36623428407649583
37.6	1.21	0.3490378180104058
37.6	-0.0	0.3424443965488273
37.6	-1.21	0.3402475137439629
37.58	-2.42	0.32249460673411123
37.55	-3.63	0.3366319732008658
37.5	-4.84	0.33021686813223006
37.42	-6.04	0.3386110782070395
37.3	-7.22	0.34063500381275935
