-37.3	-7.22	0.39136004275153335
-37.42	-6.04	0.39468278418049174
-37.5	-4.84	0.3509435316218412
-37.55	-3.63	0.3612199679971563
-37.58	-2.42	0.34138653276924424
-37.6	-1.21	0.35277445928284323
-37.6	0.0	0.3431317877054052
-37.6	1.21	0.3500645629510847
-37.58	2.42	0.3660188063817654
-37.55	3.63	0.36199117343088383
-37.5	4.84	0.39482188799346074
-37.42	6.04	0.39320690741434905
-37.3	7.22	0.40377156055519303
-36.05	12.02	0.5402501425113392
-36.26	10.88	0.4675943305154099
-36.37	9.7	0.40766897938938174
-36.45	8.51	0.39140032360905863
-36.51	7.3	0.3932699506739169
-36.55	6.09	0.37436558054810454
-36.58	4.88	0.3496671761543896
-36.6	3.66	0.38742160417633575
-36.61	2.44	0.35788794897883536
-36.62	1.22	0.35558776610148357
-36.62	-0.0	0.38066368697862163
-36.62	-1.22	0.38807743258926153
-36.61	-2.44	0.3712679531001476
-36.6	-3.66	0.38384394897770857
-36.58	-4.88	0.35480124502214017
-36.55	-6.09	0.3633930232612145
-36.51	-7.3	0.36151527810147055
-36.45	-8.51	0.37634393817516354
-36.37	-9.7	0.41978712373617677
-36.26	-10.88	0.43352122940243143
-36.05	-12.02	0.5038374225201475
-35.02	-14.49	0.5104611352798037
-35.17	-13.34	0.3913374079581122
-35.27	-12.16	0.3693516618894257
-35.34	-10.97	0.34391735552370306
-35.39	-9.76	0.35617738363016327
-35.43	-8.55	0.3555558281661634
-35.46	-7.34	0.31797791339608417
-35.48	-6.12	0.34556822902306883
-35.49	-4.9	0.3371258548320409
-35.51	-3.67	0.3549745317943075
-35.52	-2.45	0.3427414132727543
-35.52	-1.22	0.36468167322386325
-35.52	0.0	0.3670731311063691
-35.52	1.22	0.35491497127960525
-35.52	2.45	0.3350326783271321
-35.51	3.67	0.3566322984756026
-35.49	4.9	0.3661251882561627
-35.48	6.12	0.36347688544143886
-35.46	7.34	0.3882122676258801
-35.43	8.55	0.3948687191048601
-35.39	9.76	0.3862714826790724
-35.34	10.97	0.36479326367549025
-35.27	12.16	0.38136486642851675
-35.17	13.34	0.4491005325278651
-35.02	14.49	0.527321397084218
-33.85	16.92	0.5483223915250698
-34.0	15.79	0.47215551737473505
-34.1	14.62	0.40220175017149207
-34.17	13.42	0.3993554681840199
-34.22	12.22	0.46019534477125135
-34.26	11.01	0.4053169423541708
-34.29	9.8	0.3814691592508237
-34.31	8.58	0.3825521179662036
-34.33	7.36	0.3519710117734659
-34.34	6.13	0.3699169510137609
-34.35	4.91	0.3409604457344927
-34.35	3.68	0.3828680115870555
-34.36	2.45	0.32378924801733755
-34.36	1.23	0.33630831650968074
-34.36	-0.0	0.342580903194895
-34.36	-1.23	0.34159994266410393
-34.36	-2.45	0.33194750490530445
-34.35	-3.68	0.3247117399545034
-34.35	-4.91	0.31374242362194316
-34.34	-6.13	0.33369513049933686
-34.33	-7.36	0.31800953694508804
-34.31	-8.58	0.31267359025998953
-34.29	-9.8	0.34094439442030267
-34.26	-11.01	0.3301577055150267
-34.22	-12.22	0.3058661108326386
-34.17	-13.42	0.3015516799571396
-34.1	-14.62	0.3103209010066571
-34.0	-15.79	0.3636874444802424
-33.85	-16.92	0.4720475915435056
-32.6	-19.32	0.4157809079163429
-32.78	-18.21	0.3249902597115537
-32.9	-17.06	0.29988971503339706
-32.97	-15.87	0.30479004582520297
-33.02	-14.67	0.30374191347346013
-33.06	-13.47	0.3195481129701625
-33.09	-12.25	0.2910249834978076
-33.11	-11.04	0.3272335177392669
-33.13	-9.82	0.32219920651842227
-33.14	-8.59	0.32232645574846075
-33.15	-7.37	0.3160095721419342
-33.16	-6.14	0.31442712689832447
-33.17	-4.91	0.33051441288163913
-33.18	-3.69	0.3165348007922949
-33.18	-2.46	0.3199524588474919
-33.18	-1.23	0.31597527043239176
-33.19	0.0	0.31197679194206235
-33.18	1.23	0.3315912886013987
-33.18	2.46	0.3356660663537068
-33.18	3.69	0.32875083612547146
-33.17	4.91	0.3354287183273801
-33.16	6.14	0.3502016004321251
-33.15	7.37	0.3489458135915659
-33.14	8.59	0.3748146135611278
-33.13	9.82	0.3713629313663074
-33.11	11.04	0.38867445855024363
-33.09	12.25	0.35966682331419597
-33.06	13.47	0.4124492737343328
-33.02	14.67	0.40346914267037104
-32.97	15.87	0.4429083860117742
-32.9	17.06	0.39722978992576474
-32.78	18.21	0.38564997780245514
-32.6	19.32	0.5696193003774054
-31.24	21.63	0.5976822017707333
-31.52	20.61	0.5467724296690977
-31.66	19.48	0.43116601380031194
-31.74	18.31	0.48111068015440095
-31.8	17.12	0.4531764065644187
-31.84	15.92	0.38012311315271907
-31.87	14.71	0.35780407349983256
-31.9	13.49	0.4110831009038415
-31.91	12.27	0.3927981822452133
-31.93	11.05	0.36537179599925196
-31.95	9.83	0.3582561153193347
-31.96	8.6	0.3383764358789427
-31.97	7.38	0.33184139949811287
-31.98	6.15	0.3485356320661524
-31.99	4.92	0.3468143470921517
-32.0	3.69	0.3288663629370585
-32.0	2.46	0.3235442607181904
-32.0	1.23	0.33809115661565214
-32.0	-0.0	0.32107845791861167
-32.0	-1.23	0.30285441284424336
-32.0	-2.46	0.31840870578329367
-32.0	-3.69	0.32976492878724756
-31.99	-4.92	0.31419104015503707
-31.98	-6.15	0.34617037454781324
-31.97	-7.38	0.32032575488613196
-31.96	-8.6	0.3509897589884436
-31.95	-9.83	0.32911860398141385
-31.93	-11.05	0.321021632911188
-31.91	-12.27	0.31523886031312603
-31.9	-13.49	0.30961395501066546
-31.87	-14.71	0.3105777886720853
-31.84	-15.92	0.32370999471809203
-31.8	-17.12	0.31454660281273783
-31.74	-18.31	0.31263437189249577
-31.66	-19.48	0.3078210728411577
-31.52	-20.61	0.35193936703111184
-31.24	-21.63	0.4974094601150162
-30.18	-22.94	0.49198770710504636
-30.38	-21.87	0.3605486452631699
-30.49	-20.73	0.3551359055731218
-30.56	-19.56	0.34237291132314956
-30.61	-18.37	0.3012207743712444
-30.65	-17.16	0.2991835842817223
-30.67	-15.95	0.3206992479810245
-30.69	-14.73	0.30990556208405423
-30.71	-13.51	0.32746330993223366
-30.73	-12.29	0.333636152369234
-30.75	-11.07	0.3190228715797312
-30.76	-9.84	0.3148933610175909
-30.77	-8.62	0.3122384384892909
-30.78	-7.39	0.34021016269620624
-30.78	-6.16	0.318613343457726
-30.78	-4.93	0.32784767727681896
-30.78	-3.69	0.3288808409495731
-30.78	-2.46	0.3281187358020299
-30.78	-1.23	0.33716029777377804
-30.78	0.0	0.3430609662919227
-30.78	1.23	0.3226289409913151
-30.78	2.46	0.3354376939593069
-30.78	3.69	0.3295242817464703
-30.78	4.93	0.3319102967239457
-30.78	6.16	0.3351943691841745
-30.78	7.39	0.34111963476550317
-30.77	8.62	0.32808900613666325
-30.76	9.84	0.3339554718265485
-30.75	11.07	0.34535676571691065
-30.73	12.29	0.382380127745263
-30.71	13.51	0.39247030656478543
-30.69	14.73	0.43138447559802234
-30.67	15.95	0.41279004800189834
-30.65	17.16	0.39142169148112793
-30.61	18.37	0.3683804672763248
-30.56	19.56	0.394245869402185
-30.49	20.73	0.4004854305509944
-30.38	21.87	0.4486795826784217
-30.18	22.94	0.5517682729377709
-29.04	24.2	0.500408898373878
-29.2	23.12	0.4207204163687057
-29.3	21.97	0.43059688463808676
-29.36	20.8	0.4179512100464403
-29.41	19.61	0.39561735242412377
-29.44	18.4	0.4180431471665743
-29.46	17.19	0.40669023306282526
-29.48	15.97	0.3792069473205232
-29.51	14.75	0.3719301331022114
-29.53	13.53	0.35403986479203214
-29.54	12.31	0.3309133980799061
-29.55	11.08	0.34189705856348745
-29.55	9.85	0.34622232315025214
-29.55	8.62	0.3271963421729173
-29.55	7.39	0.33816488343293866
-29.55	6.16	0.3234474742591763
-29.54	4.92	0.30870185338043327
-29.54	3.69	0.31862335097423694
-29.54	2.46	0.30898928765869393
-29.54	1.23	0.32257703110841424
-29.54	-0.0	0.3259910741858227
-29.54	-1.23	0.33523030156190753
-29.54	-2.46	0.3238500686386891
-29.54	-3.69	0.3231869394148823
-29.54	-4.92	0.31978781827657266
-29.55	-6.16	0.3276868052135327
-29.55	-7.39	0.3256785897159423
-29.55	-8.62	0.32390472826852323
-29.55	-9.85	0.3249642935223331
-29.55	-11.08	0.34473519043544176
-29.54	-12.31	0.34922302551297685
-29.53	-13.53	0.34452855594213316
-29.51	-14.75	0.319600884242311
-29.48	-15.97	0.32110625075338567
-29.46	-17.19	0.32463582666242924
-29.44	-18.4	0.3082406518486587
-29.41	-19.61	0.3244339137743364
-29.36	-20.8	0.3207122219626622
-29.3	-21.97	0.3349701392346732
-29.2	-23.12	0.3277275407170899
-29.04	-24.2	0.46540320026530135
-27.86	-25.43	0.37682020793206517
-28.01	-24.36	0.32202822001738896
-28.1	-23.21	0.3270441608891541
-28.16	-22.04	0.33726660344945436
-28.2	-20.84	0.3191243329118455
-28.22	-19.63	0.32144394787215635
-28.25	-18.42	0.34070613524894316
-28.27	-17.21	0.34153945182648676
-28.3	-15.99	0.32703831595627425
-28.31	-14.77	0.32378228035744916
-28.32	-13.54	0.3458392872540311
-28.32	-12.31	0.32853734544099644
-28.32	-11.08	0.3155013225364787
-28.31	-9.85	0.3164016508368493
-28.31	-8.62	0.31150956777931454
-28.31	-7.38	0.32242254100149925
-28.31	-6.15	0.32564801582666203
-28.31	-4.92	0.30374781255361527
-28.31	-3.69	0.3106934090631047
-28.31	-2.46	0.3200228150407777
-28.31	-1.23	0.31083177800024886
-28.31	0.0	0.330167524204971
-28.31	1.23	0.30932535364458474
-28.31	2.46	0.30906252518124455
-28.31	3.69	0.3156218642250767
-28.31	4.92	0.3222558583172592
-28.31	6.15	0.3184998503215328
-28.31	7.38	0.33584793599970975
-28.31	8.62	0.3234860695488332
-28.31	9.85	0.3166152625290689
-28.32	11.08	0.33155285248227045
-28.32	12.31	0.32854218954011244
-28.32	13.54	0.3392716350125012
-28.31	14.77	0.3372164041757426
-28.3	15.99	0.36372872391564975
-28.27	17.21	0.39788735846707524
-28.25	18.42	0.3917252829363794
-28.22	19.63	0.44507826633702763
-28.2	20.84	0.41869092608712344
-28.16	22.04	0.41445848444328914
-28.1	23.21	0.3663672102045483
-28.01	24.36	0.45802440590521865
-27.86	25.43	0.5007059532767157
-26.65	26.65	0.5193569286824395
-26.8	25.59	0.4528944163928491
-26.89	24.44	0.4237888429693243
-26.94	23.27	0.4001952867388696
-26.98	22.07	0.4142478056839384
-27.01	20.87	0.4476744457461378
-27.03	19.66	0.37824736032273865
-27.06	18.45	0.3880110633692261
-27.08	17.23	0.340671952762586
-27.09	16.01	0.34757388031597636
-27.09	14.78	0.3340868231252863
-27.08	13.54	0.3303569059209441
-27.08	12.31	0.3287366392124754
-27.08	11.08	0.3184628340029202
-27.08	9.85	0.3173949435270554
-27.08	8.62	0.31019028975126406
-27.08	7.39	0.3377673414678621
-27.08	6.16	0.3195781187819233
-27.09	4.93	0.3162691572678198
-27.09	3.69	0.3189848907660616
-27.09	2.46	0.3384843438118679
-27.09	1.23	0.31258598863619597
-27.09	-0.0	0.31061858982241985
-27.09	-1.23	0.3319484844512026
-27.09	-2.46	0.29822849535288565
-27.09	-3.69	0.31358364333206873
-27.09	-4.93	0.31835488184357863
-27.08	-6.16	0.3141519365658642
-27.08	-7.39	0.3206326859432104
-27.08	-8.62	0.31444361537723264
-27.08	-9.85	0.29503143572879553
-27.08	-11.08	0.3055563894368537
-27.08	-12.31	0.30933941674140925
-27.08	-13.54	0.31006126232032655
-27.09	-14.78	0.32947458050383377
-27.09	-16.01	0.3271792344331051
-27.08	-17.23	0.34136003592729586
-27.06	-18.45	0.36386016652818703
-27.03	-19.66	0.33963143447251004
-27.01	-20.87	0.33789457428386444
-26.98	-22.07	0.32781903224729525
-26.94	-23.27	0.3245303048024707
-26.89	-24.44	0.32312686738907714
-26.8	-25.59	0.33916228081783806
-26.65	-26.65	0.41704254788124195
-25.43	-27.86	0.4790410677973119
-25.59	-26.8	0.3420638290407393
-25.67	-25.67	0.3774967477222112
-25.72	-24.5	0.32379520539186524
-25.76	-23.31	0.32984418496707324
-25.78	-22.1	0.3285716872795399
-25.81	-20.89	0.34765731281920564
-25.84	-19.68	0.358838742556145
-25.85	-18.47	0.3526370018386301
-25.86	-17.24	0.33477904374058337
-25.85	-16.01	0.3362156249775529
-25.85	-14.77	0.328371351110146
-25.85	-13.54	0.283346907274673
-25.85	-12.31	0.316280491281995
-25.85	-11.08	0.322303199727497
-25.85	-9.85	0.3209014730598753
-25.86	-8.62	0.31410117290940504
-25.86	-7.39	0.33606723608566963
-25.87	-6.16	0.3193046479964309
-25.87	-4.93	0.3109240862142027
-25.87	-3.7	0.3123395027113518
-25.87	-2.46	0.3144907785289296
-25.87	-1.23	0.3088933033404223
-25.87	0.0	0.33035152526611733
-25.87	1.23	0.3076033719227103
-25.87	2.46	0.3209894028073957
-25.87	3.7	0.3061925041844753
-25.87	4.93	0.31516450926966016
-25.87	6.16	0.3075687115231476
-25.86	7.39	0.3320181312648878
-25.86	8.62	0.3281725240930541
-25.85	9.85	0.32135978622458716
-25.85	11.08	0.3165738863522594
-25.85	12.31	0.3325515106893686
-25.85	13.54	0.30947890556110447
-25.85	14.77	0.32553561446084117
-25.85	16.01	0.3489910073922016
-25.86	17.24	0.3570115029455688
-25.85	18.47	0.34767436244564887
-25.84	19.68	0.3553562474024061
-25.81	20.89	0.39747174748093334
-25.78	22.1	0.40615159457748645
-25.76	23.31	0.41210943908633435
-25.72	24.5	0.36185520690661777
-25.67	25.67	0.4088840075176847
-25.59	26.8	0.43867494842405197
-25.43	27.86	0.565212290110831
-24.2	29.04	0.5366287886261704
-24.36	28.01	0.45096577401524673
-24.44	26.89	0.372006525204556
-24.5	25.72	0.3742674827694741
-24.53	24.53	0.4091663196795857
-24.56	23.33	0.42611792168416657
-24.59	22.13	0.3804361022797573
-24.61	20.92	0.3743509562090587
-24.62	19.7	0.3429150131310186
-24.63	18.47	0.32590882609511135
-24.62	17.23	0.31369829692315077
-24.62	16.0	0.31674569329279506
-24.62	14.77	0.3102653077557355
-24.62	13.54	0.3093656949995102
-24.63	12.31	0.30329291568781297
-24.63	11.08	0.3084515036240595
-24.63	9.85	0.31442881705407033
-24.64	8.62	0.31049891769970844
-24.64	7.39	0.3153509467762031
-24.64	6.16	0.3311387919693028
-24.64	4.93	0.32445871641477086
-24.64	3.7	0.3343913477571233
-24.64	2.46	0.32910780178583576
-24.64	1.23	0.32134727392144874
-24.64	-0.0	0.3270594893660728
-24.64	-1.23	0.3180184448388839
-24.64	-2.46	0.33235412507039586
-24.64	-3.7	0.3329804612798896
-24.64	-4.93	0.32431698227145983
-24.64	-6.16	0.3251763969118305
-24.64	-7.39	0.3299009142815189
-24.64	-8.62	0.31989198947737535
-24.63	-9.85	0.32193150940755866
-24.63	-11.08	0.33808936935176587
-24.63	-12.31	0.3018138468452992
-24.62	-13.54	0.32357949292001986
-24.62	-14.77	0.31020987364704067
-24.62	-16.0	0.31823899501953457
-24.62	-17.23	0.3201489189693595
-24.63	-18.47	0.3297045354513346
-24.62	-19.7	0.3364398452831369
-24.61	-20.92	0.3379812816230687
-24.59	-22.13	0.35721922238291026
-24.56	-23.33	0.3294179795562822
-24.53	-24.53	0.327254973306767
-24.5	-25.72	0.3307694089270249
-24.44	-26.89	0.33678303333948434
-24.36	-28.01	0.3667450809221079
-24.2	-29.04	0.47815244779231325
-22.94	-30.18	0.51270198379746
-23.12	-29.2	0.34778603616942216
-23.21	-28.1	0.34435606738010116
-23.27	-26.94	0.3360753613017796
-23.31	-25.76	0.3385333127814193
-23.33	-24.56	0.3313753564191345
-23.36	-23.36	0.3558376027617005
-23.38	-22.15	0.3689070035013148
-23.39	-20.93	0.3577783366295868
-23.39	-19.7	0.3273477097867407
-23.39	-18.46	0.29824516929638445
-23.38	-17.23	0.3066049680589974
-23.39	-16.0	0.3015573396931965
-23.39	-14.77	0.3232183275525275
-23.4	-13.55	0.30321842588906045
-23.4	-12.32	0.32656638308903685
-23.41	-11.09	0.32315701964527593
-23.41	-9.86	0.3022714021215535
-23.41	-8.62	0.310688126832932
-23.41	-7.39	0.3146653477845156
-23.41	-6.16	0.31562910530666377
-23.41	-4.93	0.3229730733426339
-23.41	-3.7	0.31567874866688506
-23.41	-2.46	0.31865438267229484
-23.41	-1.23	0.32635438852564524
-23.41	0.0	0.31099045732224917
-23.41	1.23	0.31502509943498097
-23.41	2.46	0.3031897212572211
-23.41	3.7	0.32251786960941126
-23.41	4.93	0.3119235312146512
-23.41	6.16	0.32097604064218327
-23.41	7.39	0.33355019415667586
-23.41	8.62	0.3386528022205577
-23.41	9.86	0.3281819252287658
-23.41	11.09	0.27962096677584775
-23.4	12.32	0.2998641042961113
-23.4	13.55	0.3055062091928416
-23.39	14.77	0.31177685607765115
-23.39	16.0	0.3126440754034305
-23.38	17.23	0.31929179925246953
-23.39	18.46	0.3116359252284864
-23.39	19.7	0.325948040914007
-23.39	20.93	0.33277291081055077
-23.38	22.15	0.3533051299738351
-23.36	23.36	0.3928130178606082
-23.33	24.56	0.43337315456474357
-23.31	25.76	0.402202263703091
-23.27	26.94	0.4146850614484294
-23.21	28.1	0.45036422965064393
-23.12	29.2	0.47316445241984795
-22.94	30.18	0.5351821510328184
-21.63	31.24	0.5980505809346403
-21.87	30.38	0.4692865639279744
-21.97	29.3	0.46767809662312043
-22.04	28.16	0.38051522356380063
-22.07	26.98	0.38781713547727537
-22.1	25.78	0.3915273170615084
-22.13	24.59	0.3626496616437893
-22.15	23.38	0.3755740039026804
-22.16	22.16	0.3387936440870313
-22.16	20.93	0.3272242869885871
-22.16	19.69	0.32781192403729315
-22.15	18.46	0.32534746132542575
-22.16	17.23	0.313852710297966
-22.16	16.01	0.3237245598340605
-22.17	14.78	0.30516004445897305
-22.17	13.55	0.30868961611545703
-22.18	12.32	0.2901895101283885
-22.18	11.09	0.3199206242898721
-22.18	9.86	0.31131415587268535
-22.18	8.62	0.31975530163387444
-22.18	7.39	0.33030365692666747
-22.18	6.16	0.3282647153622855
-22.18	4.93	0.325050160862254
-22.19	3.7	0.31560262469833844
-22.19	2.47	0.32323421115010836
-22.19	1.23	0.31601480236629037
-22.19	-0.0	0.306488662967009
-22.19	-1.23	0.32100678615597783
-22.19	-2.47	0.3056559060269686
-22.19	-3.7	0.31108567131921105
-22.18	-4.93	0.318924942004877
-22.18	-6.16	0.3008466681262761
-22.18	-7.39	0.3209369053979039
-22.18	-8.62	0.3131383640586165
-22.18	-9.86	0.3176408469421632
-22.18	-11.09	0.31224530162341513
-22.18	-12.32	0.31969056369507937
-22.17	-13.55	0.34401331797376344
-22.17	-14.78	0.32871313140538055
-22.16	-16.01	0.3160501563499618
-22.16	-17.23	0.3083384831400504
-22.15	-18.46	0.31768032950765385
-22.16	-19.69	0.30736607972705354
-22.16	-20.93	0.31181614496643456
-22.16	-22.16	0.3406757096201151
-22.15	-23.38	0.35165910968593594
-22.13	-24.59	0.327059626727312
-22.1	-25.78	0.32672201875179824
-22.07	-26.98	0.338030640116054
-22.04	-28.16	0.34829751448674906
-21.97	-29.3	0.34736568166845627
-21.87	-30.38	0.40352378508846654
-21.63	-31.24	0.5341387226304318
-20.61	-31.52	0.48151967762959524
-20.73	-30.49	0.36014106090536524
-20.8	-29.36	0.35877555642313264
-20.84	-28.2	0.36172500101921834
-20.87	-27.01	0.33923924588114507
-20.89	-25.81	0.34131988979416483
-20.92	-24.61	0.3462559806195343
-20.93	-23.39	0.33970610802747503
-20.93	-22.16	0.3131268369601868
-20.92	-20.92	0.3031512301913291
-20.92	-19.69	0.3149416822112576
-20.93	-18.47	0.3040457959742143
-20.93	-17.24	0.3239278001999138
-20.94	-16.01	0.31714074837931755
-20.94	-14.78	0.3126952996779438
-20.94	-13.55	0.31700315744025875
-20.94	-12.32	0.3289509149801091
-20.95	-11.09	0.31724754484319223
-20.95	-9.86	0.30481322416894463
-20.95	-8.63	0.3272017178583335
-20.95	-7.4	0.30337044396387824
-20.96	-6.16	0.31684731979021397
-20.96	-4.93	0.32350270468664116
-20.96	-3.7	0.3395248487992485
-20.96	-2.47	0.321922973277361
-20.96	-1.23	0.3155060713876169
-20.96	0.0	0.3018514447785692
-20.96	1.23	0.3001747942041922
-20.96	2.47	0.32109342386770506
-20.96	3.7	0.3220222857510692
-20.96	4.93	0.3020106604515745
-20.96	6.16	0.3250025474262183
-20.95	7.4	0.3217625050730944
-20.95	8.63	0.3102024767716479
-20.95	9.86	0.35668756974408294
-20.95	11.09	0.3194981172371722
-20.94	12.32	0.30535889612753864
-20.94	13.55	0.3042495876616054
-20.94	14.78	0.3015928078449375
-20.94	16.01	0.3068452525303164
-20.93	17.24	0.306745988677201
-20.93	18.47	0.3079797100923728
-20.92	19.69	0.3014540452119256
-20.92	20.92	0.3216130695749601
-20.93	22.16	0.3219023515006038
-20.93	23.39	0.3356354726312178
-20.92	24.61	0.36552552820815526
-20.89	25.81	0.35381553653961567
-20.87	27.01	0.4316380988770774
-20.84	28.2	0.4019484699971333
-20.8	29.36	0.36378341821046056
-20.73	30.49	0.40928791425692035
-20.61	31.52	0.5608670587927179
-19.32	32.6	0.5358124160678256
-19.48	31.66	0.44326543043074373
-19.56	30.56	0.3789001596678553
-19.61	29.41	0.353510945724259
-19.63	28.22	0.41280858816470123
-19.66	27.03	0.36974554520477027
-19.68	25.84	0.36793469059967465
-19.7	24.62	0.3372400901717552
-19.7	23.39	0.3369069234061287
-19.69	22.16	0.3071633266895885
-19.69	20.92	0.32161810927904755
-19.7	19.7	0.328200337093583
-19.7	18.47	0.3230928831741709
-19.71	17.25	0.31489312650414203
-19.71	16.02	0.3111792542171853
-19.71	14.78	0.32292755657714173
-19.71	13.55	0.3163808361043824
-19.72	12.32	0.3281343120263428
-19.72	11.09	0.31050731306618923
-19.72	9.86	0.3353749300584492
-19.72	8.63	0.32623943878037814
-19.73	7.4	0.3255743441256072
-19.73	6.16	0.32838952688684786
-19.73	4.93	0.32744879667994264
-19.73	3.7	0.32076318795154624
-19.73	2.47	0.31645415602798577
-19.73	1.23	0.3119042738628174
-19.73	-0.0	0.32886578170526426
-19.73	-1.23	0.3154572773692476
-19.73	-2.47	0.3256592207876268
-19.73	-3.7	0.3193094973512279
-19.73	-4.93	0.3009170817594265
-19.73	-6.16	0.311562353940291
-19.73	-7.4	0.31096331524466014
-19.72	-8.63	0.3186043472534223
-19.72	-9.86	0.3049357424493405
-19.72	-11.09	0.31520496996191744
-19.72	-12.32	0.29149563157271724
-19.71	-13.55	0.320201997299115
-19.71	-14.78	0.3243084179251488
-19.71	-16.02	0.3225282648950351
-19.71	-17.25	0.3278756728056272
-19.7	-18.47	0.3083829716065714
-19.7	-19.7	0.32630723985775445
-19.69	-20.92	0.3153266895640863
-19.69	-22.16	0.3033615915666836
-19.7	-23.39	0.3289687404379158
-19.7	-24.62	0.317058745965607
-19.68	-25.84	0.35454826695636865
-19.66	-27.03	0.3312271003669379
-19.63	-28.22	0.34753196817782817
-19.61	-29.41	0.3968560527962267
-19.56	-30.56	0.3619706038135452
-19.48	-31.66	0.3759642721656068
-19.32	-32.6	0.2728900309376927
-18.21	-32.78	0.4688106779958724
-18.31	-31.74	0.36122383995009955
-18.37	-30.61	0.3715332115581572
-18.4	-29.44	0.3713420383611793
-18.42	-28.25	0.34021074338592633
-18.45	-27.06	0.3593097931142896
-18.47	-25.85	0.3436124850149985
-18.47	-24.63	0.32143088498188316
-18.46	-23.39	0.3128322924040001
-18.46	-22.15	0.33289510282193807
-18.47	-20.93	0.3239726684888089
-18.47	-19.7	0.31988394789812663
-18.48	-18.48	0.31773516208709796
-18.48	-17.25	0.33214903714360283
-18.48	-16.02	0.3224859152796423
-18.48	-14.79	0.31536438980792475
-18.49	-13.56	0.32745319565721004
-18.49	-12.33	0.3132545536781761
-18.49	-11.1	0.342681709081076
-18.49	-9.86	0.3210500682575517
-18.49	-8.63	0.3235042576396549
-18.49	-7.4	0.31941427376109816
-18.49	-6.16	0.3208974073728478
-18.5	-4.93	0.32867104257355956
-18.5	-3.7	0.3236773176786038
-18.5	-2.47	0.33692903855226325
-18.5	-1.23	0.32017365682431337
-18.5	0.0	0.3101802686463544
-18.5	1.23	0.33908235116733615
-18.5	2.47	0.3226835121668032
-18.5	3.7	0.3215707534456808
-18.5	4.93	0.31635604238099113
-18.49	6.16	0.3111056765455619
-18.49	7.4	0.31631124453679627
-18.49	8.63	0.32087577197428707
-18.49	9.86	0.3149032738397557
-18.49	11.1	0.3120893777109055
-18.49	12.33	0.3219122269020213
-18.49	13.56	0.3169478827464262
-18.48	14.79	0.29910658580521887
-18.48	16.02	0.32450687594721805
-18.48	17.25	0.30282064054078683
-18.48	18.48	0.319219534013047
-18.47	19.7	0.31393845563584694
-18.47	20.93	0.3057102623938705
-18.46	22.15	0.31207710330074145
-18.46	23.39	0.32431732031497273
-18.47	24.63	0.3513863947139119
-18.47	25.85	0.3368680074870153
-18.45	27.06	0.34810941728139166
-18.42	28.25	0.4075668483495091
-18.4	29.44	0.3598542358704595
-18.37	30.61	0.38266098461666553
-18.31	31.74	0.4386034612707532
-18.21	32.78	0.4850019248610471
-16.92	33.85	0.3701229010182311
-17.06	32.9	0.4798887437022693
-17.12	31.8	0.41010397175452296
-17.16	30.65	0.3736710635018564
-17.19	29.46	0.3849292748738474
-17.21	28.27	0.3544015029737396
-17.23	27.08	0.3525195065788382
-17.24	25.86	0.3409547447152795
-17.23	24.62	0.3380812375903182
-17.23	23.38	0.3257354708391441
-17.23	22.16	0.3160701599532583
-17.24	20.93	0.3345739313664902
-17.25	19.71	0.33106883434690526
-17.25	18.48	0.32257343226701374
-17.25	17.25	0.3063086024908143
-17.25	16.02	0.31688620612293433
-17.25	14.79	0.32525126501999024
-17.26	13.56	0.32734396203260435
-17.26	12.33	0.3161468337074107
-17.26	11.1	0.3274214643023274
-17.26	9.86	0.33002524635238656
-17.26	8.63	0.30770705067037407
-17.26	7.4	0.32781568527967797
-17.26	6.17	0.3176448383489545
-17.26	4.93	0.32284038138993154
-17.27	3.7	0.31359575071477525
-17.27	2.47	0.33121143782426
-17.27	1.23	0.3305538480258126
-17.27	-0.0	0.33039146524897883
-17.27	-1.23	0.31676034192572405
-17.27	-2.47	0.337179971411423
-17.27	-3.7	0.327901671665818
-17.26	-4.93	0.33077542259272863
-17.26	-6.17	0.3249892125931615
-17.26	-7.4	0.3265439994623799
-17.26	-8.63	0.3315691294506161
-17.26	-9.86	0.3227068873952022
-17.26	-11.1	0.32672464361546794
-17.26	-12.33	0.3301885655134206
-17.26	-13.56	0.3081882171354376
-17.25	-14.79	0.3311334461564642
-17.25	-16.02	0.3278619297890124
-17.25	-17.25	0.31805759271069367
-17.25	-18.48	0.3079440727557888
-17.25	-19.71	0.31686419830217594
-17.24	-20.93	0.30583766100111764
-17.23	-22.16	0.3155491273415772
-17.23	-23.38	0.31114202914865585
-17.23	-24.62	0.3196275461531095
-17.24	-25.86	0.3016660451849253
-17.23	-27.08	0.3374208340301969
-17.21	-28.27	0.34981461368790157
-17.19	-29.46	0.35445973814986115
-17.16	-30.65	0.38281414448182904
-17.12	-31.8	0.35261548988007474
-17.06	-32.9	0.3815619832137178
-16.92	-33.85	0.361673687191136
-15.79	-34.0	0.5139685510336192
-15.87	-32.97	0.3985429987833776
-15.92	-31.84	0.40129422489619104
-15.95	-30.67	0.3829435442959047
-15.97	-29.48	0.35759495350853904
-15.99	-28.3	0.33724890214928754
-16.01	-27.09	0.32314937044531716
-16.01	-25.85	0.30201806069587184
-16.0	-24.62	0.32580220982477454
-16.0	-23.39	0.3095976476443733
-16.01	-22.16	0.3154956606498809
-16.01	-20.94	0.32499750334267485
-16.02	-19.71	0.3158900194665783
-16.02	-18.48	0.3125276198495694
-16.02	-17.25	0.33523636381337624
-16.02	-16.02	0.3197182541594801
-16.03	-14.79	0.32721135943757773
-16.03	-13.56	0.31599872107345883
-16.03	-12.33	0.32707516198336184
-16.03	-11.1	0.3292649950622559
-16.03	-9.86	0.3026778754784326
-16.03	-8.63	0.3117363762158668
-16.03	-7.4	0.3289600068654431
-16.03	-6.17	0.32929906193394926
-16.04	-4.93	0.3340144500836444
-16.04	-3.7	0.31926315943262884
-16.04	-2.47	0.3191595738640015
-16.04	-1.23	0.3172707228308665
-16.04	0.0	0.33569820536622097
-16.04	1.23	0.3248890286283453
-16.04	2.47	0.3220139384230647
-16.04	3.7	0.3307490108774953
-16.04	4.93	0.32348216490489934
-16.03	6.17	0.3116000998783445
-16.03	7.4	0.3172386246231196
-16.03	8.63	0.32759357244786863
-16.03	9.86	0.3014277243361314
-16.03	11.1	0.31450403490876433
-16.03	12.33	0.3165820588507038
-16.03	13.56	0.30585961693951075
-16.03	14.79	0.3134984427446243
-16.02	16.02	0.3153814606130007
-16.02	17.25	0.31710329727524345
-16.02	18.48	0.32071423698078566
-16.02	19.71	0.2997002982941467
-16.01	20.94	0.3265722714239342
-16.01	22.16	0.30818068142260135
-16.0	23.39	0.3331378311914096
-16.0	24.62	0.320271224563649
-16.01	25.85	0.3300068400136515
-16.01	27.09	0.33246953904846555
-15.99	28.3	0.3397657478622241
-15.97	29.48	0.37625895642663826
-15.95	30.67	0.39329255170438615
-15.92	31.84	0.3604283541078981
-15.87	32.97	0.39121199332057854
-15.79	34.0	0.5830838009373714
-14.49	35.02	0.34184597063525
-14.62	34.1	0.4397163649781848
-14.67	33.02	0.4224926976247664
-14.71	31.87	0.33924844593496273
-14.73	30.69	0.39165220019325137
-14.75	29.51	0.37199917885549294
-14.77	28.31	0.3388973404604476
-14.78	27.09	0.32034242788947315
-14.77	25.85	0.334353087096697
-14.77	24.62	0.3284390139698189
-14.77	23.39	0.3168660700689957
-14.78	22.17	0.33331643813031003
-14.78	20.94	0.30861575940484
-14.78	19.71	0.30844175323973355
-14.79	18.48	0.31841257380165106
-14.79	17.25	0.31826486972465795
-14.79	16.03	0.31603590724989933
-14.79	14.79	0.3043970125674335
-14.8	13.56	0.3221355993242608
-14.8	12.33	0.3100360887790837
-14.8	11.1	0.32275517356213307
-14.8	9.87	0.309596037634843
-14.8	8.63	0.3274293293365612
-14.8	7.4	0.31394186464051366
-14.8	6.17	0.3149791531652339
-14.8	4.93	0.31457613750011726
-14.8	3.7	0.31801790924010875
-14.8	2.47	0.3120019394602388
-14.8	1.23	0.3144397940234734
-14.8	-0.0	0.3189519404534838
-14.8	-1.23	0.3207423477089662
-14.8	-2.47	0.3307611761292699
-14.8	-3.7	0.31762348250572664
-14.8	-4.93	0.30383024584333984
-14.8	-6.17	0.3186910662433823
-14.8	-7.4	0.31086792556415577
-14.8	-8.63	0.32733624605982353
-14.8	-9.87	0.3225759016857147
-14.8	-11.1	0.32810711667194326
-14.8	-12.33	0.31735837187860844
-14.8	-13.56	0.32712337587984375
-14.79	-14.79	0.3562556522621513
-14.79	-16.03	0.3253691131920416
-14.79	-17.25	0.3261946777003157
-14.79	-18.48	0.3235243913508943
-14.78	-19.71	0.3378717024150263
-14.78	-20.94	0.3331044463482623
-14.78	-22.17	0.3223077875809789
-14.77	-23.39	0.31842569274224747
-14.77	-24.62	0.3394008262676776
-14.77	-25.85	0.3265857595386712
-14.78	-27.09	0.32229426260016913
-14.77	-28.31	0.35629531308207313
-14.75	-29.51	0.3531776569453633
-14.73	-30.69	0.35157771601542953
-14.71	-31.87	0.40931706456207606
-14.67	-33.02	0.3820040382360331
-14.62	-34.1	0.3822955356663663
-14.49	-35.02	0.3892432344997092
-13.34	-35.17	0.32876796287294774
-13.42	-34.17	0.38077368313489723
-13.47	-33.06	0.39740894563026574
-13.49	-31.9	0.3624815268307843
-13.51	-30.71	0.35795100941434876
-13.53	-29.53	0.3471672144645225
-13.54	-28.32	0.3280791606998651
-13.54	-27.08	0.31156379352647634
-13.54	-25.85	0.31263859788737636
-13.54	-24.62	0.3200152645258494
-13.55	-23.4	0.33394687224610137
-13.55	-22.17	0.3184862838514566
-13.55	-20.94	0.3182899008932692
-13.55	-19.71	0.32886487755031507
-13.56	-18.49	0.3305048234697203
-13.56	-17.26	0.33578983295756837
-13.56	-16.03	0.3328881609440681
-13.56	-14.8	0.3287404383260372
-13.56	-13.56	0.3290869765985294
-13.56	-12.33	0.32256382677896955
-13.57	-11.1	0.3107651244805759
-13.57	-9.87	0.32862586639171393
-13.57	-8.64	0.32803441343464973
-13.57	-7.4	0.32395085497515586
-13.57	-6.17	0.32918450892419615
-13.57	-4.93	0.33914884363681747
-13.57	-3.7	0.3141380011273105
-13.57	-2.47	0.3150416243368608
-13.57	-1.23	0.3294802253000433
-13.57	0.0	0.3452418333955702
-13.57	1.23	0.3296650617461289
-13.57	2.47	0.3142213044442506
-13.57	3.7	0.3424321819788802
-13.57	4.93	0.32340179481768716
-13.57	6.17	0.322721034388466
-13.57	7.4	0.3223223413062405
-13.57	8.64	0.3209961126519394
-13.57	9.87	0.3324292793885965
-13.57	11.1	0.31882112120562583
-13.56	12.33	0.31686077907189203
-13.56	13.56	0.3242731930529157
-13.56	14.8	0.3206204348789017
-13.56	16.03	0.3120266260117533
-13.56	17.26	0.31881972565815747
-13.56	18.49	0.3097375048385584
-13.55	19.71	0.325306849863971
-13.55	20.94	0.3263201216439697
-13.55	22.17	0.3195704293437251
-13.55	23.4	0.3368549032293338
-13.54	24.62	0.31083273471459877
-13.54	25.85	0.35794585491462566
-13.54	27.08	0.3442527560949122
-13.54	28.32	0.34987457355223733
-13.53	29.53	0.363156979736589
-13.51	30.71	0.3958345000858954
-13.49	31.9	0.3691713608578858
-13.47	33.06	0.39760815769689006
-13.42	34.17	0.44340739832607157
-13.34	35.17	0.5676685691730373
-12.02	36.05	0.5702479008158279
-12.16	35.27	0.5156408375800207
-12.22	34.22	0.4563457497905886
-12.25	33.09	0.38237972173369916
-12.27	31.91	0.36815758913339436
-12.29	30.73	0.3556182566816767
-12.31	29.54	0.3631132917318607
-12.31	28.32	0.3739838887185798
-12.31	27.08	0.3523180461558034
-12.31	25.85	0.33671811843880356
-12.31	24.63	0.3079080679361904
-12.32	23.4	0.3367755236636309
-12.32	22.18	0.3017506570231567
-12.32	20.94	0.3101783532489017
-12.32	19.72	0.33146638713645477
-12.33	18.49	0.30821954944786806
-12.33	17.26	0.33644340222195757
-12.33	16.03	0.3250541278765186
-12.33	14.8	0.3135468137110288
-12.33	13.56	0.3312995158811903
-12.33	12.33	0.31816364395932284
-12.34	11.1	0.34350985875509243
-12.34	9.87	0.32596728045911233
-12.34	8.64	0.30711750619184813
-12.34	7.4	0.33091282144183387
-12.34	6.17	0.33163593999876745
-12.34	4.93	0.30199947927801696
-12.34	3.7	0.31780106859197077
-12.34	2.47	0.325016409542301
-12.34	1.23	0.30672710056888985
-12.34	-0.0	0.3219888238587797
-12.34	-1.23	0.32680631773148566
-12.34	-2.47	0.3285133540545044
-12.34	-3.7	0.3185123234150464
-12.34	-4.93	0.3269034586311907
-12.34	-6.17	0.34536584899347506
-12.34	-7.4	0.31459706267125
-12.34	-8.64	0.3140100148852168
-12.34	-9.87	0.342960057962533
-12.34	-11.1	0.31111590438370995
-12.33	-12.33	0.33903819591783607
-12.33	-13.56	0.3325662557171061
-12.33	-14.8	0.32343638547022835
-12.33	-16.03	0.331818148203654
-12.33	-17.26	0.33323790141997905
-12.33	-18.49	0.3223299125005461
-12.32	-19.72	0.33376311677383536
-12.32	20.94	0.3316738784857828
-12.32	22.18	0.31659007371670594
-12.32	23.4	0.3299828029297149
-12.31	24.63	0.32061638337314885
-12.31	25.85	0.3323104438030341
-12.31	27.08	0.3473293857403398
-12.31	28.32	0.33626348012348556
-12.31	29.54	0.34390957091890406
-12.29	30.73	0.3731295809751313
-12.27	31.91	0.3954391558647668
-12.25	33.09	0.38414151665051655
-12.22	34.22	0.3882169893865819
-12.16	35.27	0.5071729929715414
-12.02	36.05	0.26457880357000035
-10.88	36.26	0.8827500763807962
-10.97	35.34	0.45386214856794116
-11.01	34.26	0.3701797897666318
-11.04	33.11	0.39876635272912186
-11.05	31.93	0.39132177472588614
-11.07	30.75	0.3690361488889286
-11.08	29.55	0.35184009166529856
-11.08	28.32	0.3706823622812511
-11.08	27.08	0.36574281336129066
-11.08	25.85	0.3233485966131131
-11.08	24.63	0.31832607998106394
-11.09	23.41	0.3325989039630663
-11.09	22.18	0.3401300809019789
-11.09	20.95	0.3148722581950139
-11.09	19.72	0.31235155374368795
-11.1	18.49	0.332379669628587
-11.1	17.26	0.33041436937921886
-11.1	16.03	0.323322485827518
-11.1	14.8	0.3312794067435541
-11.1	13.57	0.3299654770160313
-11.1	12.34	0.32569117037180295
-11.1	11.1	0.319129941363427
-11.1	9.87	0.3251117622362473
-11.1	8.64	0.33104297093489204
-11.1	7.4	0.3139817711372153
-11.1	6.17	0.3322149970801361
-11.1	4.94	0.3182794007049399
-11.11	3.7	0.32325238911683796
-11.11	2.47	0.32142767441444325
-11.11	1.23	0.33912003276992103
-11.11	-0.0	0.3309148554211209
-11.11	-1.23	0.3444781850986496
-11.11	-2.47	0.326579329748778
-11.11	-3.7	0.32507100924365406
-11.1	-4.94	0.34469430753959474
-11.1	-6.17	0.318768708921843
-11.1	-7.4	0.33001001989214696
-11.1	-8.64	0.3351172211891477
-11.1	-9.87	0.33608277615635934
-11.1	-11.1	0.33344635974526093
-11.1	-12.34	0.3141681026764277
-11.1	-13.57	0.33763240352463253
-11.1	-14.8	0.33850725664270237
-11.1	-16.03	0.330925807941824
-11.1	-17.26	0.33092421593549143
-11.1	-18.49	0.33631830797192763
-11.09	-19.72	0.3418670842034891
-11.09	-20.95	0.33179651062115584
-11.09	-22.18	0.34040418999483635
-11.09	-23.41	0.3252127353776984
-11.08	-24.63	0.3276411681204492
-11.08	-25.85	0.3289896377794625
-11.08	-27.08	0.31632262414240087
-11.08	-28.32	0.3160429795312245
-11.08	-29.55	0.3267758013484682
-11.07	-30.75	0.38214501495213854
-11.05	-31.93	0.3881293967830798
-11.04	-33.11	0.42344381933753183
-11.01	-34.26	0.4118872272885913
-10.97	-35.34	0.43121154335545986
-10.88	-36.26	0.5732503681387949
-9.7	-36.37	0.6031360618088706
-9.76	-35.39	0.4141039425430989
-9.8	-34.29	0.42203357139613573
-9.82	-33.13	0.40380549220815043
-9.83	-31.95	0.3584943736682025
-9.84	-30.76	0.34835135707227144
-9.85	-29.55	0.32094989863274453
-9.85	-28.31	0.3224726460896599
-9.85	-27.08	0.31948144189380345
-9.85	-25.85	0.3372221093370451
-9.85	-24.63	0.34653818347193605
-9.86	-23.41	0.32860921175202973
-9.86	-22.18	0.32817158229684557
-9.86	-20.95	0.34716220946912024
-9.86	-19.72	0.33771931305820296
-9.86	-18.49	0.32771246443007473
-9.86	-17.26	0.3352181307101645
-9.86	-16.03	0.3473999461773455
-9.87	-14.8	0.3330046246485929
-9.87	-13.57	0.33019697278000376
-9.87	-12.34	0.3265399774567081
-9.87	-11.1	0.3310466362369904
-9.87	-9.87	0.32952086551866105
-9.87	-8.64	0.32988525104442407
-9.87	-7.4	0.33114431498159874
-9.87	-6.17	0.3197114465027276
-9.87	-4.94	0.3416725481716045
-9.88	-3.7	0.32061784855528025
-9.88	-2.47	0.3207358890051464
-9.88	-1.23	0.3280978500870184
-9.88	0.0	0.3383290433124589
-9.88	1.23	0.34402487591223585
-9.88	2.47	0.3331124167436422
-9.88	3.7	0.34375484076666435
-9.87	4.94	0.3374885534080369
-9.87	6.17	0.335686035599611
-9.87	7.4	0.3233742040779145
-9.87	8.64	0.31847471157931406
-9.87	9.87	0.31526021794365255
-9.87	11.1	0.3356819250670072
-9.87	12.34	0.329067107072855
-9.87	13.57	0.3148068895129092
-9.87	14.8	0.31499143271079716
-9.86	16.03	0.32206502337258874
-9.86	17.26	0.33642734696774407
-9.86	18.49	0.32636094912384106
-9.86	19.72	0.31373362837319996
-9.86	20.95	0.31452857045383703
-9.86	22.18	0.33308176417377094
-9.86	23.41	0.3205434187962207
-9.85	24.63	0.32849767997971474
-9.85	25.85	0.3244971844669795
-9.85	27.08	0.32683363043319236
-9.85	28.31	0.3793687529810726
-9.85	29.55	0.35672026320026357
-9.84	30.76	0.3524207421337362
-9.83	31.95	0.40525308716122127
-9.82	33.13	0.3768026831246287
-9.8	34.29	0.3738909097639599
-9.76	35.39	0.40489445289612425
-9.7	36.37	0.7010950081873788
-8.51	36.45	0.5428747158361523
-8.55	35.43	0.41089500900224774
-8.58	34.31	0.35965890897334096
-8.59	33.14	0.3894319125262229
-8.6	31.96	0.3805948475518594
-8.62	30.77	0.3572999031478959
-8.62	29.55	0.36864045011470326
-8.62	28.31	0.35462513734333595
-8.62	27.08	0.346782633351741
-8.62	25.86	0.32018496308711797
-8.62	24.64	0.3589417278248664
-8.62	23.41	0.3333647822246137
-8.62	22.18	0.3343305391772001
-8.63	20.95	0.3306276432147966
-8.63	19.72	0.3544765189213957
-8.63	18.49	0.3345192343354144
-8.63	17.26	0.3230147874734623
-8.63	16.03	0.32345880932773285
-8.63	14.8	0.3196391099225418
-8.64	13.57	0.31285305590575674
-8.64	12.34	0.33450278569975067
-8.64	11.1	0.33210485858390815
-8.64	9.87	0.31646856309538596
-8.64	8.64	0.3289112244809475
-8.64	7.4	0.32321976576080297
-8.64	6.17	0.33365927941379686
-8.64	4.94	0.34093171932104116
-8.64	3.7	0.342206224271088
-8.64	2.47	0.33282885146336505
-8.64	1.23	0.330784281416499
-8.64	-0.0	0.3359530658062255
-8.64	-1.23	0.3246707384317503
-8.64	-2.47	0.3299087672852636
-8.64	-3.7	0.35580919678999356
-8.64	-4.94	0.33933610059837027
-8.64	-6.17	0.33262219174599017
-8.64	-7.4	0.33089816113636633
-8.64	-8.64	0.3331842766314038
-8.64	-9.87	0.33115628896885146
-8.64	-11.1	0.34464638209072956
-8.64	-12.34	0.33715713725257274
-8.64	-13.57	0.3142174944827808
-8.63	-14.8	0.329515566662567
-8.63	-16.03	0.33288825474610917
-8.63	-17.26	0.340246701744026
-8.63	-18.49	0.33748843966075065
-8.63	-19.72	0.3467776289747188
-8.63	-20.95	0.33119536419004286
-8.62	-22.18	0.34669280115446244
-8.62	-23.41	0.3296207521400066
-8.62	-24.64	0.32306238876687826
-8.62	-25.86	0.34079594102930866
-8.62	-27.08	0.35003776474345966
-8.62	-28.31	0.320802906593626
-8.62	-29.55	0.3118849437913115
-8.62	-30.77	0.3423204700894857
-8.6	-31.96	0.3787981610325294
-8.59	-33.14	0.3836064321394658
-8.58	-34.31	0.4280890002786235
-8.55	-35.43	0.3913834324037192
-8.51	-36.45	0.5532858847931322
-7.22	-37.3	0.8124350360212674
-7.3	-36.51	0.4987777580334368
-7.34	-35.46	0.43693181975380824
-7.36	-34.33	0.40204334952885035
-7.37	-33.15	0.3883964835402823
-7.38	-31.97	0.3781388855842773
-7.39	-30.78	0.33653579954368196
-7.39	-29.55	0.3242688196715442
-7.38	-28.31	0.3203349057170426
-7.39	-27.08	0.3239092045706693
-7.39	-25.86	0.3228057079172946
-7.39	-24.64	0.3343798993610249
-7.39	-23.41	0.33873286662626106
-7.39	-22.18	0.35568551700661216
-7.4	-20.95	0.3454898266598033
-7.4	-19.73	0.3613886390630992
-7.4	-18.49	0.3480976843367942
-7.4	-17.26	0.32910286350409607
-7.4	-16.03	0.3546198746117148
-7.4	-14.8	0.31736586250911963
-7.4	-13.57	0.330393135306753
-7.4	-12.34	0.3213432080331526
-7.4	-11.1	0.33075404358065646
-7.4	-9.87	0.3149262849505644
-7.4	-8.64	0.3195119856503263
-7.41	-7.41	0.3195212934043414
-7.41	-6.17	0.31282273171401226
-7.41	-4.94	0.3219477374467208
-7.41	-3.7	0.3338438724797596
-7.41	-2.47	0.3456835908958422
-7.41	-1.23	0.3247853541681277
-7.41	0.0	0.3367602477095098
-7.41	1.23	0.31320974875084756
-7.41	2.47	0.3152394767043252
-7.41	3.7	0.33946917764186557
-7.41	4.94	0.3354288107617329
-7.41	6.17	0.32324477928708945
-7.41	7.41	0.32866631907699845
-7.4	8.64	0.3290472013757279
-7.4	9.87	0.3182091786207918
-7.4	11.1	0.31932540717513314
-7.4	12.34	0.32544662983158384
-7.4	13.57	0.308924992113189
-7.4	14.8	0.31811709187242837
-7.4	16.03	0.3331809986338972
-7.4	17.26	0.33220843746007894
-7.4	18.49	0.3276824300555808
-7.4	19.73	0.32675889055799867
-7.4	20.95	0.3192610845296466
-7.39	22.18	0.31945878022577384
-7.39	23.41	0.3264900767713997
-7.39	24.64	0.33534253693787114
-7.39	25.86	0.33094191733488343
-7.39	27.08	0.321844159088444
-7.38	28.31	0.3694293118072314
-7.39	29.55	0.3586968445884322
-7.39	30.78	0.3545085411079475
-7.38	31.97	0.3825393917974728
-7.37	33.15	0.40964929692469787
-7.36	34.33	0.382178456445602
-7.34	35.46	0.37296438429119283
-7.3	36.51	0.474569237056397
-7.22	37.3	0.2961304166898657
-6.04	37.42	0.2768593522302716
-6.09	36.55	0.43948175977294
-6.12	35.48	0.44749735743113295
-6.13	34.34	0.39998824219100715
-6.14	33.16	0.427713942376538
-6.15	31.98	0.3740734662141391
-6.16	30.78	0.3536557715973263
-6.16	29.55	0.34424617294901494
-6.15	28.31	0.36651272477510805
-6.16	27.08	0.33207175430670327
-6.16	25.87	0.32562207966847617
-6.16	24.64	0.3302899615518525
-6.16	23.41	0.33737956278928266
-6.16	22.18	0.3231370346835483
-6.16	20.96	0.3170709440160322
-6.16	19.73	0.3167585382632611
-6.16	18.49	0.33413291364826153
-6.17	17.26	0.32791771914193407
-6.17	16.03	0.3328076636383636
-6.17	14.8	0.3319605150802517
-6.17	13.57	0.330538522734149
-6.17	12.34	0.31905664903748715
-6.17	11.1	0.3229504891159717
-6.17	9.87	0.3342612034728919
-6.17	8.64	0.3358279156685558
-6.17	7.41	0.3179111402849145
-6.17	6.17	0.323199480130102
-6.17	4.94	0.33529411764347067
-6.17	3.7	0.32890758046966134
-6.17	2.47	0.3283849862438845
-6.17	1.23	0.32531125314852216
-6.17	-0.0	0.3196616497227174
-6.17	-1.23	0.33693842595181217
-6.17	-2.47	0.32775531402269903
-6.17	-3.7	0.33141480844998583
-6.17	-4.94	0.3222288015720113
-6.17	-6.17	0.3229390082575699
-6.17	-7.41	0.32977967706027267
-6.17	-8.64	0.33315540703126045
-6.17	-9.87	0.32045818106855645
-6.17	-11.1	0.31694729198898425
-6.17	-12.34	0.3146660776999427
-6.17	-13.57	0.31808314379677544
-6.17	-14.8	0.3170244886225397
-6.17	-16.03	0.3180297394713773
-6.17	-17.26	0.34842615970822033
-6.16	-18.49	0.35135064365538987
-6.16	-19.73	0.3400510158695896
-6.16	-20.96	0.3431840021651235
-6.16	-22.18	0.3513148916599484
-6.16	-23.41	0.35082551748342883
-6.16	-24.64	0.34274801439866776
-6.16	-25.87	0.3573866761798416
-6.16	-27.08	0.3258669649215511
-6.15	-28.31	0.31782113181012633
-6.16	-29.55	0.33119428715001653
-6.16	-30.78	0.33808019056433264
-6.15	-31.98	0.36983756625688063
-6.14	-33.16	0.38433838481071847
-6.13	-34.34	0.43333423842347285
-6.12	-35.48	0.4416029869295971
-6.09	-36.55	0.4711013314894711
-6.04	-37.42	0.3005873365858619
-4.84	-37.5	0.8281689699200759
-4.88	-36.58	0.43230480402716875
-4.9	-35.49	0.44792937993003346
-4.91	-34.35	0.4530183988110269
-4.91	-33.17	0.3794291822721642
-4.92	-31.99	0.34510828004390914
-4.93	-30.78	0.335813224022423
-4.92	-29.54	0.32244284369402065
-4.92	-28.31	0.32131123213713947
-4.93	-27.09	0.33793710646589936
-4.93	-25.87	0.3304588550192442
-4.93	-24.64	0.31937898242967083
-4.93	-23.41	0.31868247707091135
-4.93	-22.18	0.3463322299194395
-4.93	-20.96	0.35265356289443905
-4.93	-19.73	0.3728937295822453
-4.93	-18.5	0.3384961792337351
-4.93	-17.26	0.33435040196305515
-4.93	-16.04	0.3657346471496105
-4.93	-14.8	0.32950812643190275
-4.93	-13.57	0.32876778764037806
-4.93	-12.34	0.319163311498877
-4.94	-11.1	0.33991130137724784
-4.94	-9.87	0.33836320693758903
-4.94	-8.64	0.32235086951277525
-4.94	-7.41	0.33286622598764193
-4.94	-6.17	0.3212092008684735
-4.94	-4.94	0.3148767020465659
-4.94	-3.7	0.33879055968970495
-4.94	-2.47	0.32207668671172074
-4.94	-1.24	0.31947993321636514
-4.94	0.0	0.313809502926308
-4.94	1.24	0.3189537473242338
-4.94	2.47	0.31202378401570313
-4.94	3.7	0.32725745382837984
-4.94	4.94	0.3282826904718495
-4.94	6.17	0.3106783393128307
-4.94	7.41	0.32526996369635097
-4.94	8.64	0.3345708432584855
-4.94	9.87	0.3502253402388719
-4.94	11.1	0.3362302847261484
-4.93	12.34	0.3313882029813658
-4.93	13.57	0.31511931553186934
-4.93	14.8	0.33510356424159427
-4.93	16.04	0.3078492127997399
-4.93	17.26	0.3168032274376304
-4.93	18.5	0.3201924583720885
-4.93	19.73	0.3231739030988982
-4.93	20.96	0.30265193419559416
-4.93	22.18	0.3210673330970576
-4.93	23.41	0.33533507658091144
-4.93	24.64	0.3178718838824619
-4.93	25.87	0.3402513359407347
-4.93	27.09	0.328824346766514
-4.92	28.31	0.3705165514878356
-4.92	29.54	0.3736348427101308
-4.93	30.78	0.36583435675335646
-4.92	31.99	0.3645519280977891
-4.91	33.17	0.3995603767280728
-4.91	34.35	0.41491058044738427
-4.9	35.49	0.408074845109325
-4.88	36.58	0.4679237489688286
-4.84	37.5	0.8999999999996309
-3.63	37.55	0.5447541360192066
-3.66	36.6	0.45818532105544196
-3.67	35.51	0.4418760705563506
-3.68	34.35	0.42573586223756243
-3.69	33.18	0.41117144122239446
-3.69	32.0	0.35887694860103236
-3.69	30.78	0.3533559803967152
-3.69	29.54	0.3538665506337554
-3.69	28.31	0.35628853975234825
-3.69	27.09	0.3370300741967492
-3.7	25.87	0.3427838849825004
-3.7	24.64	0.3480717023684632
-3.7	23.41	0.323136257537538
-3.7	22.19	0.31970256628391513
-3.7	20.96	0.32687736721725547
-3.7	19.73	0.31708449975288394
-3.7	18.5	0.32147380055346964
-3.7	17.27	0.34294326661635594
-3.7	16.04	0.31698050213189216
-3.7	14.8	0.33033674171648714
-3.7	13.57	0.3130546132932846
-3.7	12.34	0.3283712935961142
-3.7	11.11	0.33895909078580744
-3.7	9.88	0.3079017668915215
-3.7	8.64	0.3153300383857802
-3.7	7.41	0.33288952645075504
-3.7	6.17	0.32734094112318163
-3.7	4.94	0.3356689644218058
-3.71	3.71	0.31975567560061496
-3.7	2.47	0.3211940114303752
-3.7	1.23	0.3460904894240083
-3.7	-0.0	0.31810105395458954
-3.7	-1.23	0.3261194152335159
-3.7	-2.47	0.335577629514239
-3.71	-3.71	0.32453471391579336
-3.7	-4.94	0.33955116704546245
-3.7	-6.17	0.33597468345741255
-3.7	-7.41	0.3341712638820424
-3.7	-8.64	0.3237703797016591
-3.7	-9.88	0.3492269512123432
-3.7	-11.11	0.33600788663666725
-3.7	-12.34	0.3258016226472415
-3.7	-13.57	0.32148317048913255
-3.7	-14.8	0.3483664552145445
-3.7	-16.04	0.3240663836670479
-3.7	-17.27	0.31914177126346366
-3.7	-18.5	0.32787774275554693
-3.7	-19.73	0.33211244187206
-3.7	-20.96	0.3457557626077884
-3.7	-22.19	0.3341300860672654
-3.7	-23.41	0.3531034213451477
-3.7	-24.64	0.3264972531712196
-3.7	-25.87	0.35191351076194505
-3.69	-27.09	0.32651934217624873
-3.69	-28.31	0.324301975438648
-3.69	-29.54	0.32684832564400923
-3.69	-30.78	0.33019190216197236
-3.69	-32.0	0.3364912543982389
-3.69	-33.18	0.3586614007917364
-3.68	-34.35	0.442637891857355
-3.67	-35.51	0.38780239664344895
-3.66	-36.6	0.42585109165606005
-3.63	-37.55	0.45864351212217624
-2.42	-37.58	0.3779799080632559
-2.44	-36.61	0.4135873295019975
-2.45	-35.52	0.43953160173356387
-2.45	-34.36	0.39254997254712853
-2.46	-33.18	0.3661728187793859
-2.46	-32.0	0.3446368051291801
-2.46	-30.78	0.31935359400209234
-2.46	-29.54	0.3461906678663848
-2.46	-28.31	0.34233078413032997
-2.46	-27.09	0.342944730491343
-2.46	-25.87	0.3387997651297866
-2.46	-24.64	0.3495107327973813
-2.46	-23.41	0.333302983781295
-2.47	-22.19	0.33302837871711294
-2.47	-20.96	0.3497306118877429
-2.47	-19.73	0.35321758957724825
-2.47	-18.5	0.35115536594659114
-2.47	-17.27	0.32291888324127904
-2.47	-16.04	0.3497604417421038
-2.47	-14.8	0.3257523968278134
-2.47	-13.57	0.3444500938343981
-2.47	-12.34	0.3307329538691737
-2.47	-11.11	0.3373403841037549
-2.47	-9.88	0.33316396342774585
-2.47	-8.64	0.31818958749007603
-2.47	-7.41	0.33661112659377157
-2.47	-6.17	0.3188533791094375
-2.47	-4.94	0.32163794880715646
-2.47	-3.7	0.33049052125006134
-2.47	-2.47	0.3234332192670632
-2.47	-1.24	0.3356821691351675
-2.47	0.0	0.3243448247856708
-2.47	1.24	0.3397131909389252
-2.47	2.47	0.33281670540048097
-2.47	3.7	0.31641658011443874
-2.47	4.94	0.321326963392155
-2.47	6.17	0.3602930235119839
-2.47	7.41	0.31366678563093037
-2.47	8.64	0.3263288176724481
-2.47	9.88	0.3135313937978145
-2.47	11.11	0.3273092315483769
-2.47	12.34	0.34548405856895326
-2.47	13.57	0.3180758759177193
-2.47	14.8	0.31540846617367535
-2.47	16.04	0.3191841633060538
-2.47	17.27	0.31387749171816615
-2.47	18.5	0.3255173729839009
-2.47	19.73	0.3344530849219748
-2.47	20.96	0.30688933536587504
-2.47	22.19	0.3194461298402046
-2.46	23.41	0.32666730929213567
-2.46	24.64	0.3216667399233447
-2.46	25.87	0.3370488002666127
-2.46	27.09	0.337478488196858
-2.46	28.31	0.3859035343495808
-2.46	29.54	0.3553645211293476
-2.46	30.78	0.3595896144335472
-2.46	32.0	0.36137531411157653
-2.46	33.18	0.40453776000246544
-2.45	34.36	0.40074721674799996
-2.45	35.52	0.41565491292995194
-2.44	36.61	0.43014393887738733
-2.42	37.58	0.6736115278092377
-1.21	37.6	0.5671611356590346
-1.22	36.62	0.42682697172299977
-1.22	35.52	0.4232961913894956
-1.23	34.36	0.41609604353898744
-1.23	33.18	0.3947072354908504
-1.23	32.0	0.3812360121801752
-1.23	30.78	0.34396202056127145
-1.23	29.54	0.38651546811486603
-1.23	28.31	0.34384881318830646
-1.23	27.09	0.3228395368534371
-1.23	25.87	0.31959563904251176
-1.23	24.64	0.3400057288507762
-1.23	23.41	0.3035903576365997
-1.23	22.19	0.3240426500319272
-1.23	20.96	0.33807497464311004
-1.23	19.73	0.3206487285771194
-1.23	18.5	0.33768850721965005
-1.23	17.27	0.30848154411994144
-1.23	16.04	0.32551799006951315
-1.23	14.8	0.3171277524212415
-1.23	13.57	0.3236287067936346
-1.23	12.34	0.3312026930931989
-1.23	11.11	0.3180738907225769
-1.23	9.88	0.3256162882556329
-1.23	8.64	0.3376891863391091
-1.23	7.41	0.33986546422607733
-1.23	6.17	0.3386812159497303
-1.24	4.94	0.3212377087642543
-1.23	3.7	0.34924494133130446
-1.24	2.47	0.3344934979395389
-1.24	1.24	0.34501304483536116
-1.24	-0.0	0.3266531068774955
-1.24	-1.24	0.3137609474014476
-1.24	-2.47	0.31710856254061737
-1.23	-3.7	0.33684398437921
-1.24	-4.94	0.3208143445498155
-1.23	-6.17	0.32526076870712367
-1.23	-7.41	0.32561034495810726
-1.23	-8.64	0.3212673411056684
-1.23	-9.88	0.32524672954489386
-1.23	-11.11	0.31523709458402244
-1.23	-12.34	0.33926384913968566
-1.23	-13.57	0.33637712697995265
-1.23	-14.8	0.35242089906086127
-1.23	-16.04	0.3332513705609005
-1.23	-17.27	0.3467498180170576
-1.23	-18.5	0.34201869917353095
-1.23	-19.73	0.34959068590084164
-1.23	-20.96	0.3609155812272753
-1.23	-22.19	0.34174277575166917
-1.23	-23.41	0.32792777817556357
-1.23	-24.64	0.371026645944629
-1.23	-25.87	0.318805873910941
-1.23	-27.09	0.32704860944442427
-1.23	-28.31	0.31129645135723955
-1.23	-29.54	0.31290799315511475
-1.23	-30.78	0.3324475831840481
-1.23	-32.0	0.3516077950427937
-1.23	-33.18	0.3570499813705766
-1.23	-34.36	0.39937649234840233
-1.22	-35.52	0.3851688535723673
-1.22	-36.62	0.4034010452262581
-1.21	-37.6	0.2623737384511394
0.0	-37.6	0.4056050963886665
0.0	-36.62	0.3610813001357499
0.0	-35.52	0.40285309549866855
0.0	-34.36	0.39880895919158327
0.0	-33.19	0.3519077694222366
0.0	-32.0	0.339297720389131
0.0	-30.78	0.30982529559739513
0.0	-29.54	0.31949144217749104
0.0	-28.31	0.31573331418277445
0.0	-27.09	0.319144506295374
0.0	-25.87	0.34559815997355736
0.0	-24.64	0.34391581546895295
0.0	-23.41	0.3317137611076919
0.0	-22.19	0.34727194512688825
0.0	-20.96	0.3434463751587301
0.0	-19.73	0.3240354252217547
0.0	-18.5	0.3244931245768225
0.0	-17.27	0.3273188629021684
0.0	-16.04	0.32186974998849394
0.0	-14.8	0.33548468604612
0.0	-13.57	0.3217463693918878
0.0	-12.34	0.33160873344581326
0.0	-11.11	0.31347577832419693
0.0	-9.88	0.32641109378913913
0.0	-8.64	0.3180212489862133
0.0	-7.41	0.338645585979966
0.0	-6.17	0.3303411640446009
0.0	-4.94	0.32912668130100514
0.0	-3.7	0.3221266748686875
0.0	-2.47	0.30926676627800875
0.0	-1.24	0.306300531997004
0.0	0.0	0.33520237594869534
0.0	1.24	0.33259282023324355
0.0	2.47	0.33983044158185394
0.0	3.7	0.32857746819089484
0.0	4.94	0.3505869054291358
0.0	6.17	0.33942051379071764
0.0	7.41	0.3276219005314414
0.0	8.64	0.338896191329935
0.0	9.88	0.3163634139696181
0.0	11.11	0.3326252703913205
0.0	12.34	0.3356781193327738
0.0	13.57	0.3149329416886896
0.0	14.8	0.3315296948340933
0.0	16.04	0.3395776244839041
0.0	17.27	0.3425720003055494
0.0	18.5	0.32415256589753144
0.0	19.73	0.32263217326184046
0.0	20.96	0.3277925694756169
0.0	22.19	0.323962016676719
0.0	23.41	0.2997179778740122
0.0	24.64	0.3292964261617521
0.0	25.87	0.34439681813273526
0.0	27.09	0.31750454223415986
0.0	28.31	0.36493913783244836
0.0	29.54	0.36820045875595014
0.0	30.78	0.3556307255790498
0.0	32.0	0.38344551978891883
0.0	33.19	0.41396970365567953
0.0	34.36	0.41821273574648504
0.0	35.52	0.41465126212665615
0.0	36.62	0.4353574170024892
0.0	37.6	0.7102063308311886
1.21	37.6	0.7020604300350785
1.22	36.62	0.44616011499634334
1.22	35.52	0.4278790890489853
1.23	34.36	0.41036160011341516
1.23	33.18	0.40947480979544687
1.23	32.0	0.3477811196309271
1.23	30.78	0.3226294142144671
1.23	29.54	0.4088370555337396
1.23	28.31	0.38472813406116857
1.23	27.09	0.31365868383813994
1.23	25.87	0.35439771262313285
1.23	24.64	0.33298075203018845
1.23	23.41	0.32569067110556466
1.23	22.19	0.38318257973999903
1.23	20.96	0.3271889764313301
1.23	19.73	0.33391143899119385
1.23	18.5	0.3296603313129417
1.23	17.27	0.3238008134021058
1.23	16.04	0.3295467952104113
1.23	14.8	0.3299942735643642
1.23	13.57	0.3162699597370252
1.23	12.34	0.32604057896032407
1.23	11.11	0.3435309955690032
1.23	9.88	0.3278233233045655
1.23	8.64	0.3337829750091354
1.23	7.41	0.3605024431905499
1.23	6.17	0.32168649654554765
1.24	4.94	0.354552861085667
1.23	3.7	0.33836942295452876
1.24	2.47	0.3269082076558654
1.24	1.24	0.34179665341733917
1.24	-0.0	0.324198069595866
1.24	-1.24	0.332428383116163
1.24	-2.47	0.33337266259963677
1.23	-3.7	0.3254775926087494
1.24	-4.94	0.33022425023279395
1.23	-6.17	0.3350274533700218
1.23	-7.41	0.3393135349521983
1.23	-8.64	0.3313800522858636
1.23	-9.88	0.33086602018198324
1.23	-11.11	0.34062624982470013
1.23	-12.34	0.3237393049932121
1.23	-13.57	0.3575583947542346
1.23	-14.8	0.31362308728964117
1.23	-16.04	0.32864764347874065
1.23	-17.27	0.34121918939529094
1.23	-18.5	0.3245149458491223
1.23	-19.73	0.36352172779725805
1.23	-20.96	0.3441923443630018
1.23	-22.19	0.3741015038096943
1.23	-23.41	0.34714022217033313
1.23	-24.64	0.3513132309134364
1.23	-25.87	0.34461671188331877
1.23	-27.09	0.33306320801882905
1.23	-28.31	0.34222911433360104
1.23	-29.54	0.3215596761302884
1.23	-30.78	0.31899539853958087
1.23	-32.0	0.3516993857501867
1.23	-33.18	0.3700291267153875
1.23	-34.36	0.43209980301621287
1.22	-35.52	0.44420083338562877
1.22	-36.62	0.3985286555582792
1.21	-37.6	0.5992113237218808
2.42	-37.58	0.6073601682872548
2.44	-36.61	0.41147351966686097
2.45	-35.52	0.452707874040436
2.45	-34.36	0.4160833508787424
2.46	-33.18	0.35399604284882186
2.46	-32.0	0.35777190184756313
2.46	-30.78	0.3167836104510026
2.46	-29.54	0.32996361401350865
2.46	-28.31	0.3465971081409238
2.46	-27.09	0.34340843087748474
2.46	-25.87	0.3433057065834492
2.46	-24.64	0.3514931623611795
2.46	-23.41	0.34727752569337483
2.47	-22.19	0.33898892990936214
2.47	-20.96	0.3390250980249226
2.47	-19.73	0.3293156659932111
2.47	-18.5	0.3679553210124365
2.47	-17.27	0.3216891176925549
2.47	-16.04	0.3388339161547193
2.47	-14.8	0.32683562850548675
2.47	-13.57	0.32545519656347754
2.47	-12.34	0.3362412023614841
2.47	-11.11	0.3240836261990386
2.47	-9.88	0.32290724328543974
2.47	-8.64	0.33291277294877536
2.47	-7.41	0.3462957977383629
2.47	-6.17	0.34171536444474365
2.47	-4.94	0.32016007976296074
2.47	-3.7	0.3294545818226971
2.47	-2.47	0.3208839046459428
2.47	-1.24	0.3247722609938547
2.47	0.0	0.3207252724247636
2.47	1.24	0.32805175400036246
2.47	2.47	0.3342533562794674
2.47	3.7	0.3366176531698327
2.47	4.94	0.32366793351718887
2.47	6.17	0.3351004447966561
2.47	7.41	0.3198396577361591
2.47	8.64	0.33416914744873943
2.47	9.88	0.32265922392824975
2.47	11.11	0.33532924615912796
2.47	12.34	0.3163833917837861
2.47	13.57	0.3323823793838477
2.47	14.8	0.3197748091982676
2.47	16.04	0.31016141812753806
2.47	17.27	0.32906346789131175
2.47	18.5	0.3278537487141948
2.47	19.73	0.3264171464446697
2.47	20.96	0.3484513686311301
2.47	22.19	0.3394694548478399
2.46	23.41	0.3260294308194777
2.46	24.64	0.3189713502049878
2.46	25.87	0.36118550766333796
2.46	27.09	0.3257507381429213
2.46	28.31	0.37666591014402717
2.46	29.54	0.3815496621212437
2.46	30.78	0.3448569634643773
2.46	32.0	0.347220037933329
2.46	33.18	0.399635208907435
2.45	34.36	0.43591398235733014
2.45	35.52	0.41313987483156944
2.44	36.61	0.43620709475455677
2.42	37.58	0.6858569741743746
3.63	37.55	0.4144290673699369
3.66	36.6	0.46540332147760277
3.67	35.51	0.42167441631307157
3.68	34.35	0.42030706685732466
3.69	33.18	0.4243264309019045
3.69	32.0	0.3613771369143864
3.69	30.78	0.3413394025343624
3.69	29.54	0.36776198575088814
3.69	28.31	0.3553943776928086
3.69	27.09	0.3370464495747194
3.7	25.87	0.32314375711177085
3.7	24.64	0.33522338407901053
3.7	23.41	0.3191097236517378
3.7	22.19	0.3158475616324915
3.7	20.96	0.3332645291058287
3.7	19.73	0.32749344924070495
3.7	18.5	0.32322242943971613
3.7	17.27	0.3126030086326329
3.7	16.04	0.3346274339737663
3.7	14.8	0.33554173528987274
3.7	13.57	0.346767948513587
3.7	12.34	0.3303263579038818
3.7	11.11	0.3250284774758096
3.7	9.88	0.33890027324717903
3.7	8.64	0.32751560536786056
3.7	7.41	0.30593122298965253
3.7	6.17	0.3256557228392816
3.7	4.94	0.31915629936066703
3.71	3.71	0.3198867890848966
3.7	2.47	0.3277757105521947
3.7	1.23	0.3312017490596384
3.7	-0.0	0.3380067908273924
3.7	-1.23	0.319638991816974
3.7	-2.47	0.312918209807998
3.71	-3.71	0.32021218971998144
3.7	-4.94	0.3437790747436074
3.7	-6.17	0.326913289372428
3.7	-7.41	0.3234555005404056
3.7	-8.64	0.3153703206988855
3.7	-9.88	0.34764105109069454
3.7	-11.11	0.33249593918622616
3.7	-12.34	0.3389683628217463
3.7	-13.57	0.3234455074661839
3.7	-14.8	0.3306507534563498
3.7	-16.04	0.31589492666939867
3.7	-17.27	0.3308641300788534
3.7	-18.5	0.3406135589728047
3.7	-19.73	0.33359634269417876
3.7	-20.96	0.33754735362123
3.7	-22.19	0.3511640724800587
3.7	-23.41	0.33761773035065995
3.7	-24.64	0.32125210174743907
3.7	-25.87	0.3452192896009896
3.69	-27.09	0.33294672861540126
3.69	-28.31	0.32420278406060177
3.69	-29.54	0.32421222502404323
3.69	-30.78	0.3357935102370686
3.69	-32.0	0.35016287827640563
3.69	-33.18	0.3613645933905112
3.68	-34.35	0.41505902792638383
3.67	-35.51	0.4555696189577413
3.66	-36.6	0.377510929154547
3.63	-37.55	0.5737230463288041
4.84	-37.5	0.3200126316341737
4.88	-36.58	0.4202991055812503
4.9	-35.49	0.4000144840365948
4.91	-34.35	0.393040407236633
4.91	-33.17	0.36085378819361663
4.92	-31.99	0.3694002036500495
4.93	-30.78	0.3294555975043428
4.92	-29.54	0.3222499989226869
4.92	-28.31	0.3267149480565965
4.93	-27.09	0.38020333854875976
4.93	-25.87	0.33313314986604853
4.93	-24.64	0.3324494415912504
4.93	-23.41	0.3249141006740165
4.93	-22.18	0.3304062555830982
4.93	-20.96	0.3312071043233879
4.93	-19.73	0.34343705111150513
4.93	-18.5	0.3666408550877686
4.93	-17.26	0.33973096725195767
4.93	-16.04	0.3438644130301268
4.93	-14.8	0.3364712921048008
4.93	-13.57	0.33791146261143223
4.93	-12.34	0.331955782877394
4.94	-11.1	0.34354053634424697
4.94	-9.87	0.3398718712389671
4.94	-8.64	0.32973417791686377
4.94	-7.41	0.32867593368986964
4.94	-6.17	0.32763230307917707
4.94	-4.94	0.3174597536537772
4.94	-3.7	0.33476292662355567
4.94	-2.47	0.3197063824516224
4.94	-1.24	0.3215276096805887
4.94	0.0	0.32493337263536337
4.94	1.24	0.3190564682197292
4.94	2.47	0.3447226820835297
4.94	3.7	0.3159984589731333
4.94	4.94	0.34994321264250433
4.94	6.17	0.3157895826191645
4.94	7.41	0.3179787840842062
4.94	8.64	0.31807876106149735
4.94	9.87	0.3369798739662435
4.94	11.1	0.3190102434133065
4.93	12.34	0.32486681031332393
4.93	13.57	0.3260792680612626
4.93	14.8	0.3632659078594303
4.93	16.04	0.314950472770241
4.93	17.26	0.3293101751437844
4.93	18.5	0.3202989652942259
4.93	19.73	0.34938811929220254
4.93	20.96	0.330583038649557
4.93	22.18	0.3295196927028343
4.93	23.41	0.3522788060313504
4.93	24.64	0.3069576521115134
4.93	25.87	0.340260574476969
4.93	27.09	0.32157842256465946
4.92	28.31	0.3823875434874896
4.92	29.54	0.3626563455197624
4.93	30.78	0.35402612359080654
4.92	31.99	0.3976148206436756
4.91	33.17	0.41195464275511234
4.91	34.35	0.40988270458550613
4.9	35.49	0.44742795033935845
4.88	36.58	0.4712892395791023
4.84	37.5	0.24101064766136182
6.04	37.42	0.19231660012190469
6.09	36.55	0.4776354241286548
6.12	35.48	0.3836534654619782
6.13	34.34	0.4104678115154018
6.14	33.16	0.4309026746951303
6.15	31.98	0.349087428637127
6.16	30.78	0.3367885497780996
6.16	29.55	0.3322961187672673
6.15	28.31	0.398502499092496
6.16	27.08	0.3387376205594093
6.16	25.87	0.3163144645266633
6.16	24.64	0.3544555612840612
6.16	23.41	0.3269705695348451
6.16	22.18	0.3249927286353624
6.16	20.96	0.3180644414603846
6.16	19.73	0.33009071050868266
6.16	18.49	0.31981203834456645
6.17	17.26	0.3131192994523376
6.17	16.03	0.3196658076597792
6.17	14.8	0.32425904342633166
6.17	13.57	0.32055307505658076
6.17	12.34	0.34723741644711076
6.17	11.1	0.36600916991190047
6.17	9.87	0.3239923415519002
6.17	8.64	0.3129143013178442
6.17	7.41	0.3282647187281469
6.17	6.17	0.3130049315430323
6.17	4.94	0.3213461103542108
6.17	3.7	0.31429074706651355
6.17	2.47	0.3321270289648365
6.17	1.23	0.3084657411176954
6.17	-0.0	0.33263147077506156
6.17	-1.23	0.32716708871865663
6.17	-2.47	0.31864415646081984
6.17	-3.7	0.31449619819177527
6.17	-4.94	0.30986743173353154
6.17	-6.17	0.3201344044446532
6.17	-7.41	0.32174161440554655
6.17	-8.64	0.31472807132114977
6.17	-9.87	0.3051121914673654
6.17	-11.1	0.34041659266835905
6.17	-12.34	0.3405389053204001
6.17	-13.57	0.32735754069570394
6.17	-14.8	0.3503667176464304
6.17	-16.03	0.34246980971642077
6.17	-17.26	0.3441849130489687
6.16	-18.49	0.3271251743726205
6.16	-19.73	0.330476285933015
6.16	-20.96	0.37195459432838385
6.16	-22.18	0.32686649066873513
6.16	-23.41	0.34251698941766234
6.16	-24.64	0.3424392602933817
6.16	-25.87	0.3582758165537835
6.16	-27.08	0.31295724705976563
6.15	-28.31	0.330220754511301
6.16	-29.55	0.3284889501287206
6.16	-30.78	0.3139575294992182
6.15	-31.98	0.3420707108345329
6.14	-33.16	0.3790326140438574
6.13	-34.34	0.414781219144186
6.12	-35.48	0.3979523948068263
6.09	-36.55	0.492665070390749
6.04	-37.42	0.723017123777356
7.22	-37.3	0.47625663793285244
7.3	-36.51	0.5040094956431667
7.34	-35.46	0.403503782687877
7.36	-34.33	0.42313820994912577
7.37	-33.15	0.35033825878612074
7.38	-31.97	0.34801325792536764
7.39	-30.78	0.3337986063697124
7.39	-29.55	0.32925546417499085
7.38	-28.31	0.3304923937089107
7.39	-27.08	0.32354885678575845
7.39	-25.86	0.33012687903050925
7.39	-24.64	0.3347986062032713
7.39	-23.41	0.3587780137333389
7.39	-22.18	0.32870179994551474
7.4	-20.95	0.326317367465106
7.4	-19.73	0.32797443539899307
7.4	-18.49	0.3133383101569385
7.4	-17.26	0.3296743236429459
7.4	-16.03	0.33723301311764936
7.4	-14.8	0.3353041335211897
7.4	-13.57	0.3306674398976493
7.4	-12.34	0.3277711045262239
7.4	-11.1	0.3271636730269042
7.4	-9.87	0.3326791617211927
7.4	-8.64	0.3124554640357974
7.41	-7.41	0.3252605673222143
7.41	-6.17	0.32270686133793375
7.41	-4.94	0.3187270182605637
7.41	-3.7	0.33436693020964847
7.41	-2.47	0.34842040783576095
7.41	-1.23	0.3179158838067019
7.41	0.0	0.31981058824127856
7.41	1.23	0.33004188285941266
7.41	2.47	0.3331227155341821
7.41	3.7	0.3225766646068906
7.41	4.94	0.3354414359570791
7.41	6.17	0.3399524125181941
7.41	7.41	0.313808546950445
7.4	8.64	0.31845800072878944
7.4	9.87	0.31268944378598285
7.4	11.1	0.31475600016687394
7.4	12.34	0.3405713776721623
7.4	13.57	0.3292838864839485
7.4	14.8	0.3155884364291364
7.4	16.03	0.3325215550585591
7.4	17.26	0.33135128774653877
7.4	18.49	0.3173698058022732
7.4	19.73	0.3054741508273708
7.4	20.95	0.3095447552535201
7.39	22.18	0.31800606761802513
7.39	23.41	0.3267477001044
7.39	24.64	0.3777981883344346
7.39	25.86	0.35762213954027644
7.39	27.08	0.3243595530483775
7.38	28.31	0.4113868986628314
7.39	29.55	0.35639136732203
7.39	30.78	0.3497593565980994
7.38	31.97	0.3452769523238005
7.37	33.15	0.4008208882989248
7.36	34.33	0.426384432108452
7.34	35.46	0.4064846402776725
7.3	36.51	0.5538367876792546
7.22	37.3	0.7441151617183008
8.51	36.45	0.5081379227837778
8.55	35.43	0.36357211355546837
8.58	34.31	0.4358826096842029
8.59	33.14	0.42490618559857146
8.6	31.96	0.39245740166211174
8.62	30.77	0.34408545248626937
8.62	29.55	0.331132454778359
8.62	28.31	0.3930709832152305
8.62	27.08	0.3585173797685945
8.62	25.86	0.31345223657524046
8.62	24.64	0.3195524710898045
8.62	23.41	0.33417246692867236
8.62	22.18	0.324972851376313
8.63	20.95	0.32430731047750927
8.63	19.72	0.31359913676433804
8.63	18.49	0.308501950198541
8.63	17.26	0.32041974966064946
8.63	16.03	0.32753522320928474
8.63	14.8	0.3151692776606487
8.64	13.57	0.3123954175224749
8.64	12.34	0.3091547955318421
8.64	11.1	0.3206028684231709
8.64	9.87	0.31359772844777195
8.64	8.64	0.32205672234417615
8.64	7.4	0.33247416680275393
8.64	6.17	0.32499512955192705
8.64	4.94	0.3240531010890881
8.64	3.7	0.3237011129433931
8.64	2.47	0.3342418437729295
8.64	1.23	0.3328500614365157
8.64	-0.0	0.3069124031158696
8.64	-1.23	0.32146406277243894
8.64	-2.47	0.3229118464299673
8.64	-3.7	0.3376095655545845
8.64	-4.94	0.31910242692616037
8.64	-6.17	0.31594534646939026
8.64	-7.4	0.3220601639591744
8.64	-8.64	0.3255191774230115
8.64	-9.87	0.3130529747956173
8.64	-11.1	0.32312114570469547
8.64	-12.34	0.31442472951332806
8.64	-13.57	0.3355522045388711
8.63	-14.8	0.3114332459128509
8.63	-16.03	0.32725683759041485
8.63	-17.26	0.3440364748256921
8.63	-18.49	0.3307156264671259
8.63	-19.72	0.3145597410688585
8.63	-20.95	0.33841697237665674
8.62	-22.18	0.3317000498036288
8.62	-23.41	0.32931311283232917
8.62	-24.64	0.324054521299817
8.62	-25.86	0.3383474203064297
8.62	-27.08	0.3355019280183491
8.62	-28.31	0.33307485767809075
8.62	-29.55	0.3116044300841022
8.62	-30.77	0.3489182233932413
8.6	-31.96	0.36300761347078225
8.59	-33.14	0.38371805402675574
8.58	-34.31	0.43192759554673754
8.55	-35.43	0.4035988069297084
8.51	-36.45	0.5114151863789321
9.7	-36.37	0.5264493386613468
9.76	-35.39	0.41091796596920405
9.8	-34.29	0.4233325341646822
9.82	-33.13	0.38130187204870236
9.83	-31.95	0.35965903169060814
9.84	-30.76	0.3641915689732719
9.85	-29.55	0.3238391559420873
9.85	-28.31	0.31359262202430366
9.85	-27.08	0.308132800303438
9.85	-25.85	0.3187764623150201
9.85	-24.63	0.3268495460085655
9.86	-23.41	0.32566583899184426
9.86	-22.18	0.34603524576960504
9.86	-20.95	0.3279720254805352
9.86	-19.72	0.3271722565607147
9.86	-18.49	0.33125570218165645
9.86	-17.26	0.35294412511602086
9.86	-16.03	0.33683869056964344
9.87	-14.8	0.3256710398801211
9.87	-13.57	0.33287676406704786
9.87	-12.34	0.33258147678638345
9.87	-11.1	0.3181384025428679
9.87	-9.87	0.3309935236885422
9.87	-8.64	0.32503841271967404
9.87	-7.4	0.3210418310980815
9.87	-6.17	0.32497650652791016
9.87	-4.94	0.3356599876064301
9.88	-3.7	0.32996480052435934
9.88	-2.47	0.31956338363800213
9.88	-1.23	0.3190263302641304
9.88	0.0	0.32691747698410795
9.88	1.23	0.33781685952992735
9.88	2.47	0.3399304936499314
9.88	3.7	0.32293130677333254
9.87	4.94	0.3356756542873716
9.87	6.17	0.3280492729598845
9.87	7.4	0.3117577047437332
9.87	8.64	0.3232330909001373
9.87	9.87	0.31527822492708635
9.87	11.1	0.31652665001490776
9.87	12.34	0.3185837576566041
9.87	13.57	0.2902726398669884
9.87	14.8	0.3096481533309952
9.86	16.03	0.3227274820712816
9.86	17.26	0.32475379780232044
9.86	18.49	0.31527329310007285
9.86	19.72	0.31982106618997186
9.86	20.95	0.32538044901265245
9.86	22.18	0.36778060607174123
9.86	23.41	0.3373291246414075
9.85	24.63	0.3164258399246674
9.85	25.85	0.3235129773895611
9.85	27.08	0.38460968709319665
9.85	28.31	0.35788574218420266
9.85	29.55	0.3289400126536234
9.84	30.76	0.3388079762662188
9.83	31.95	0.3742480849994995
9.82	33.13	0.4312613026982762
9.8	34.29	0.3510000650105315
9.76	35.39	0.4439702999167766
9.7	36.37	0.7087788277163843
10.88	36.26	0.25610100643226463
10.97	35.34	0.475888742541276
11.01	34.26	0.373472158122791
11.04	33.11	0.377799568776621
11.05	31.93	0.420049636362439
11.07	30.75	0.3582848382418764
11.08	29.55	0.3620080644492836
11.08	28.32	0.330460182980013
11.08	27.08	0.3734266506318739
11.08	25.85	0.36509794189093747
11.08	24.63	0.3360141283209476
11.09	23.41	0.3288592608789632
11.09	22.18	0.31162792586585764
11.09	20.95	0.32444448611764803
11.09	19.72	0.3412358289152745
11.1	18.49	0.31288444652059744
11.1	17.26	0.3141898266786673
11.1	16.03	0.31932450437130294
11.1	14.8	0.3180492309033479
11.1	13.57	0.3282719716211249
11.1	12.34	0.33794138207496394
11.1	11.1	0.32071000167180747
11.1	9.87	0.3156410438007463
11.1	8.64	0.3216756851044254
11.1	7.4	0.33599460035279716
11.1	6.17	0.3277106024149652
11.1	4.94	0.32459549367688134
11.11	3.7	0.3152047700455558
11.11	2.47	0.3328095072073084
11.11	1.23	0.3206559165117713
11.11	-0.0	0.33094912238707336
11.11	-1.23	0.3071934822936941
11.11	-2.47	0.3346818001941429
11.11	-3.7	0.3338740408924823
11.1	-4.94	0.31752187670017856
11.1	-6.17	0.3262242696560933
11.1	-7.4	0.32339013794294297
11.1	-8.64	0.3390044680346635
11.1	-9.87	0.32697679356324555
11.1	-11.1	0.3250353279956362
11.1	-12.34	0.3347571907371071
11.1	-13.57	0.31715740872615195
11.1	-14.8	0.309131526167707
11.1	-16.03	0.32354542917885293
11.1	-17.26	0.30395227554703674
11.1	-18.49	0.33734012163974
11.09	-19.72	0.32776399596243444
11.09	-20.95	0.32751728274824793
11.09	-22.18	0.33382360258646554
11.09	-23.41	0.3327940522733846
11.08	-24.63	0.3309002534880725
11.08	-25.85	0.32173677455096283
11.08	-27.08	0.3188503987041568
11.08	-28.32	0.32237115470954397
11.08	-29.55	0.31015551086290566
11.07	-30.75	0.3778934197596294
11.05	-31.93	0.3481108543021328
11.04	-33.11	0.40738894737684184
11.01	-34.26	0.40628517556540733
10.97	-35.34	0.4118883267295689
10.88	-36.26	0.5475840630121251
12.02	-36.05	0.5726426756333906
12.16	-35.27	0.5150163162699374
12.22	-34.22	0.3887899287811917
12.25	-33.09	0.41999256882865477
12.27	-31.91	0.36641930105422155
12.29	-30.73	0.36157692888326
12.31	-29.54	0.36150758209194295
12.31	-28.32	0.31600851947913666
12.31	-27.08	0.3104676001438907
12.31	-25.85	0.3190095496520088
12.31	-24.63	0.3295220647550743
12.32	-23.4	0.33797672910110005
12.32	-22.18	0.3213102155949153
12.32	-20.94	0.3230658198163694
12.32	-19.72	0.3237624957265325
12.33	-18.49	0.3453582903736304
12.33	-17.26	0.3273885365670734
12.33	-16.03	0.3218582835693506
12.33	-14.8	0.33037651495549525
12.33	-13.56	0.3123578001133173
12.33	-12.33	0.3326447720683274
12.34	-11.1	0.3389411511015268
12.34	-9.87	0.3396478717111995
12.34	-8.64	0.3231259495675812
12.34	-7.4	0.3317174216404425
12.34	-6.17	0.32568476331104623
12.34	-4.93	0.3356660894317243
12.34	-3.7	0.33563728211728233
12.34	-2.47	0.33035069974480624
12.34	-1.23	0.3317393879948939
12.34	0.0	0.32251109328124233
12.34	1.23	0.32572975863131404
12.34	2.47	0.3231154995402192
12.34	3.7	0.31529080697728207
12.34	4.93	0.33505947954678933
12.34	6.17	0.33165916692275393
12.34	7.4	0.3437493155641264
12.34	8.64	0.32740524188202846
12.34	9.87	0.32063710892359715
12.34	11.1	0.31341749873450103
12.33	12.33	0.3419576954510662
12.33	13.56	0.33157536841883034
12.33	14.8	0.3217410452165247
12.33	16.03	0.32969894980731884
12.33	17.26	0.34159451573520133
12.33	18.49	0.3213954235649756
12.32	19.72	0.3189565856077571
12.32	20.94	0.32566866845406317
12.32	22.18	0.32473421888620174
12.32	23.4	0.3223661177968169
12.31	24.63	0.3316854032749221
12.31	25.85	0.3727830219867505
12.31	27.08	0.34275524830838544
12.31	28.32	0.31633788588176937
12.31	29.54	0.3611471825421548
12.29	30.73	0.40697652662189393
12.27	31.91	0.4579540721720426
12.25	33.09	0.40679080380047306
12.22	34.22	0.43313473464724084
12.16	35.27	0.5291496259108379
12.02	36.05	0.7056606380938473
13.34	35.17	0.5673879702931534
13.42	34.17	0.45298840881397906
13.47	33.06	0.4418055881938102
13.49	31.9	0.3977309810442845
13.51	30.71	0.40195011607736036
13.53	29.53	0.3447793259519718
13.54	28.32	0.35382747287340033
13.54	27.08	0.3486867921964166
13.54	25.85	0.3782377532770953
13.54	24.62	0.3385452821155033
13.55	23.4	0.32611253141869895
13.55	22.17	0.31467652270895885
13.55	20.94	0.3193194914565921
13.55	19.71	0.32709719669990467
13.56	18.49	0.3328552888103901
13.56	17.26	0.3403124417218719
13.56	16.03	0.33834032712496076
13.56	14.8	0.3289849207188834
13.56	13.56	0.340481944581797
13.56	12.33	0.31352372919509425
13.57	11.1	0.32858604299479244
13.57	9.87	0.3259769667771986
13.57	8.64	0.31834617030049256
13.57	7.4	0.3449633547886627
13.57	6.17	0.32348756994178063
13.57	4.93	0.3290789167966523
13.57	3.7	0.3326238835709699
13.57	2.47	0.33491437315292844
13.57	1.23	0.33210240206171726
13.57	-0.0	0.31612520829151675
13.57	-1.23	0.32976916796967953
13.57	-2.47	0.3141872788066595
13.57	-3.7	0.33126401160506
13.57	-4.93	0.32129107119365236
13.57	-6.17	0.308225842149452
13.57	-7.4	0.31695548176718163
13.57	-8.64	0.3283290306491986
13.57	-9.87	0.315382939433557
13.57	-11.1	0.33143531545606614
13.56	-12.33	0.32860156958013914
13.56	-13.56	0.31889091083566673
13.56	-14.8	0.33683027416111383
13.56	-16.03	0.337152290659932
13.56	-17.26	0.32475728042756113
13.56	-18.49	0.3409964695004406
13.55	-19.71	0.3376386584095919
13.55	-20.94	0.3280589580843453
13.55	-22.17	0.32997669002039126
13.55	-23.4	0.3408034762973461
13.54	-24.62	0.3237623422982128
13.54	-25.85	0.3105390829154224
13.54	-27.08	0.3242876463656874
13.54	-28.32	0.33170324646671
13.53	-29.53	0.40379629708914055
13.51	-30.71	0.3527953251503152
13.49	-31.9	0.37477843747824213
13.47	-33.06	0.41724826370078794
13.42	-34.17	0.340389096553952
13.34	-35.17	0.5417225338937154
14.49	-35.02	0.3787881818803863
14.62	-34.1	0.3657098817797755
14.67	-33.02	0.38000649816269017
14.71	-31.87	0.3929891557703199
14.73	-30.69	0.3416198370039426
14.75	-29.51	0.3961585811192224
14.77	-28.31	0.3501179733857279
14.78	-27.09	0.3162033668156179
14.77	-25.85	0.31955827308692963
14.77	-24.62	0.320223522809905
14.77	-23.39	0.331908332231235
14.78	-22.17	0.3425670793557921
14.78	-20.94	0.32633700816654126
14.78	-19.71	0.3259799184043379
14.79	-18.48	0.33974282563460884
14.79	-17.25	0.32993216555693516
14.79	-16.03	0.3401829131201282
14.79	-14.79	0.33830600304019826
14.8	-13.56	0.3206194595022169
14.8	-12.33	0.3342328496314593
14.8	-11.1	0.3548350005031469
14.8	-9.87	0.31539639346821424
14.8	-8.63	0.32211438186843455
14.8	-7.4	0.3144553414166841
14.8	-6.17	0.3270887050272694
14.8	-4.93	0.32668689189507727
14.8	-3.7	0.33798025711419777
14.8	-2.47	0.3169311207058553
14.8	-1.23	0.31979527839959326
14.8	0.0	0.3212968677208031
14.8	1.23	0.32206722123667386
14.8	2.47	0.31978112926605035
14.8	3.7	0.3232212006120274
14.8	4.93	0.31613162716965837
14.8	6.17	0.32706341911418685
14.8	7.4	0.32324758378162516
14.8	8.63	0.3223374459745513
14.8	9.87	0.3254011713027127
14.8	11.1	0.3091933001700345
14.8	12.33	0.32899922205678994
14.8	13.56	0.31544645329198034
14.79	14.79	0.334131668972657
14.79	16.03	0.310041947598977
14.79	17.25	0.31760130402795256
14.79	18.48	0.31227110287995874
14.78	19.71	0.32868243411102027
14.78	20.94	0.3407322523602635
14.78	22.17	0.333115564733879
14.77	23.39	0.32006855361797804
14.77	24.62	0.34739660545232953
14.77	25.85	0.34145973062000534
14.78	27.09	0.34386247134056847
14.77	28.31	0.3555304966242973
14.75	29.51	0.3826807580108385
14.73	30.69	0.425423168869956
14.71	31.87	0.3883216959867877
14.67	33.02	0.4283029649407287
14.62	34.1	0.4923697201650562
14.49	35.02	0.8853967932038228
15.79	34.0	0.5667814789783363
15.87	32.97	0.4073481420732551
15.92	31.84	0.4200737190792163
15.95	30.67	0.4108291044376875
15.97	29.48	0.3836519444391273
15.99	28.3	0.35344416835370074
16.01	27.09	0.34066418441573815
16.01	25.85	0.33480370779920127
16.0	24.62	0.3384177578672962
16.0	23.39	0.3411283139313349
16.01	22.16	0.32325983352181764
16.01	20.94	0.32314853391980153
16.02	19.71	0.32445877891616276
16.02	18.48	0.31858196595629945
16.02	17.25	0.3169404179425559
16.02	16.02	0.31260515070215905
16.03	14.79	0.33562872614385747
16.03	13.56	0.315212501920983
16.03	12.33	0.32558845014661963
16.03	11.1	0.3216795738599336
16.03	9.86	0.32496921970974074
16.03	8.63	0.31912179770778976
16.03	7.4	0.32156023600001526
16.03	6.17	0.3359862756335046
16.04	4.93	0.33306126248509976
16.04	3.7	0.33253345975440446
16.04	2.47	0.31111208976419075
16.04	1.23	0.3173460770300395
16.04	-0.0	0.3098096034012755
16.04	-1.23	0.3316373385310469
16.04	-2.47	0.33783497908629573
16.04	-3.7	0.33261210725587403
16.04	-4.93	0.33207554431386765
16.03	-6.17	0.3166052862761054
16.03	-7.4	0.3252065741228378
16.03	-8.63	0.3387000978381554
16.03	-9.86	0.3283913248184292
16.03	-11.1	0.3175625252300751
16.03	-12.33	0.3386447432104189
16.03	-13.56	0.3271755869026384
16.03	-14.79	0.34621803883959806
16.02	-16.02	0.31829649876412913
16.02	-17.25	0.32655497287237195
16.02	-18.48	0.3289201184510304
16.02	-19.71	0.3420615709241445
16.01	-20.94	0.32266093395923645
16.01	-22.16	0.3039790646342255
16.0	-23.39	0.3233096574066232
16.0	-24.62	0.31438352226509514
16.01	-25.85	0.3207980230544087
16.01	-27.09	0.32093807187098466
15.99	-28.3	0.3568196581923127
15.97	-29.48	0.3484714921383064
15.95	-30.67	0.35659918667791657
15.92	-31.84	0.39429650414410433
15.87	-32.97	0.377474004691865
15.79	-34.0	0.4451232315760615
16.92	-33.85	0.5763444254192941
17.06	-32.9	0.36746654172207105
17.12	-31.8	0.3487121224314158
17.16	-30.65	0.35710615001126367
17.19	-29.46	0.3423099873007817
17.21	-28.27	0.3551407720302805
17.23	-27.08	0.35719052994796496
17.24	-25.86	0.31522462396946505
17.23	-24.62	0.33294831790357
17.23	-23.38	0.3162159832071652
17.23	-22.16	0.33215528914391923
17.24	-20.93	0.3214606850589201
17.25	-19.71	0.32018677115547034
17.25	-18.48	0.3150616352145716
17.25	-17.25	0.3310155100284768
17.25	-16.02	0.326137357359495
17.25	-14.79	0.3318276198569129
17.26	-13.56	0.3366915354352741
17.26	-12.33	0.3181632533003118
17.26	-11.1	0.3145126407318893
17.26	-9.86	0.3204624871122499
17.26	-8.63	0.3155042887563491
17.26	-7.4	0.320313399749407
17.26	-6.17	0.32470992445002683
17.26	-4.93	0.33424884287812046
17.27	-3.7	0.33083182514051496
17.27	-2.47	0.3391830453383866
17.27	-1.23	0.31650197559644483
17.27	0.0	0.32511835535979206
17.27	1.23	0.31805480611157444
17.27	2.47	0.3192155181415896
17.27	3.7	0.31244174917562
17.26	4.93	0.32562755730715276
17.26	6.17	0.32262867682199486
17.26	7.4	0.3194779994106644
17.26	8.63	0.3299702900557814
17.26	9.86	0.3131614296068621
17.26	11.1	0.3160015877194874
17.26	12.33	0.33982735148096277
17.26	13.56	0.30789299425898625
17.25	14.79	0.32087063761238843
17.25	16.02	0.31703526010029937
17.25	17.25	0.3298360517353329
17.25	18.48	0.312257013681126
17.25	19.71	0.33037691808066794
17.24	20.93	0.34353245414756894
17.23	22.16	0.3236866846857285
17.23	23.38	0.3293891026349632
17.23	24.62	0.35493533823494755
17.24	25.86	0.355736797840821
17.23	27.08	0.3766600747627952
17.21	28.27	0.3530856241686349
17.19	29.46	0.423788064664208
17.16	30.65	0.4081378417764885
17.12	31.8	0.44954901806818426
17.06	32.9	0.4512840985446315
16.92	33.85	0.7792343671555071
18.21	32.78	0.5240145477094941
18.31	31.74	0.43669750481744773
18.37	30.61	0.41976363013423623
18.4	29.44	0.41976339694413756
18.42	28.25	0.43154993031926736
18.45	27.06	0.34563552091479377
18.47	25.85	0.3480676278967092
18.47	24.63	0.3231016736115055
18.46	23.39	0.33329791589420904
18.46	22.15	0.33821165762565675
18.47	20.93	0.32104253066969857
18.47	19.7	0.3157273205360365
18.48	18.48	0.32352148930923824
18.48	17.25	0.35686019749520614
18.48	16.02	0.3288031717686174
18.48	14.79	0.3096097962445101
18.49	13.56	0.32171816522768
18.49	12.33	0.32530833871284887
18.49	11.1	0.32183604886917555
18.49	9.86	0.31823370449568505
18.49	8.63	0.3177382999816707
18.49	7.4	0.3080139623867564
18.49	6.16	0.3211671798368019
18.5	4.93	0.4269142719272003
18.5	3.7	0.308883476363365
18.5	2.47	0.32948308997159337
18.5	1.23	0.32930007617929097
18.5	-0.0	0.3246689869272806
18.5	-1.23	0.31933755735758895
18.5	-2.47	0.3394471887784968
18.5	-3.7	0.3291593581818673
18.5	-4.93	0.3250271573957888
18.49	-6.16	0.31797194058989303
18.49	-7.4	0.31424187230805495
18.49	-8.63	0.3251180533467036
18.49	-9.86	0.32788040196107293
18.49	-11.1	0.32687090460699325
18.49	-12.33	0.3368760683000292
18.49	-13.56	0.331704691646988
18.48	-14.79	0.3133655193394773
18.48	-16.02	0.3291527476316023
18.48	-17.25	0.32629314441618934
18.48	-18.48	0.3381480132950741
18.47	-19.7	0.3141055973219857
18.47	-20.93	0.3231165932403171
18.46	-22.15	0.31649327031720526
18.46	-23.39	0.3106168214520788
18.47	-24.63	0.32005491803967323
18.47	-25.85	0.3482884942163792
18.45	-27.06	0.360174857675074
18.42	-28.25	0.3426200629000559
18.4	-29.44	0.33762385101511827
18.37	-30.61	0.3520215890190618
18.31	-31.74	0.32837090011134484
18.21	-32.78	0.4776310800969683
19.32	-32.6	0.4821985786252847
19.48	-31.66	0.3667118553136981
19.56	-30.56	0.35325807502284645
19.61	-29.41	0.3767368176346839
19.63	-28.22	0.33578529858943196
19.66	-27.03	0.35015078996016996
19.68	-25.84	0.3465598531922478
19.7	-24.62	0.3537319531225596
19.7	-23.39	0.3206018919677636
19.69	-22.16	0.3113907914400748
19.69	-20.92	0.3107306825317808
19.7	-19.7	0.3159320525268427
19.7	-18.47	0.3265224479498453
19.71	-17.25	0.3302974064593588
19.71	-16.02	0.3151017799955527
19.71	-14.78	0.31617875900182846
19.71	-13.55	0.3230699841197855
19.72	-12.32	0.31965585782001893
19.72	-11.09	0.3214082040713545
19.72	-9.86	0.33109049776283983
19.72	-8.63	0.3262328108227131
19.73	-7.4	0.3245957540231058
19.73	-6.16	0.3364314941671159
19.73	-4.93	0.32625133969748915
19.73	-3.7	0.3049671113313447
19.73	-2.47	0.33361112356145495
19.73	-1.23	0.3281464730100112
19.73	0.0	0.32570869676488656
19.73	1.23	0.32149950117860104
19.73	2.47	0.31865200803888716
19.73	3.7	0.3215079164133645
19.73	4.93	0.3137297447077571
19.73	6.16	0.3233687848539693
19.73	7.4	0.3371671214352862
19.72	8.63	0.31901574159826157
19.72	9.86	0.3201283486421176
19.72	11.09	0.305889773244097
19.72	12.32	0.3234130729345123
19.71	13.55	0.30591953168141184
19.71	14.78	0.2885972198101329
19.71	16.02	0.31903028457903054
19.71	17.25	0.3116091612706862
19.7	18.47	0.3191904644707083
19.7	19.7	0.3212678403388377
19.69	20.92	0.3217803882776658
19.69	22.16	0.32717530691706137
19.7	23.39	0.32457320230162506
19.7	24.62	0.35706836603854863
19.68	25.84	0.3647037436661425
19.66	27.03	0.4010836463406276
19.63	28.22	0.4160277160855015
19.61	29.41	0.39129366493553486
19.56	30.56	0.4248316574669362
19.48	31.66	0.5109588654757333
19.32	32.6	0.42082561762969006
20.61	31.52	0.5495134339882916
20.73	30.49	0.41719363445179225
20.8	29.36	0.42347626263005367
20.84	28.2	0.39346306241264417
20.87	27.01	0.4151533803855368
20.89	25.81	0.3880553818938063
20.92	24.61	0.36459344716248354
20.93	23.39	0.35789485767206186
20.93	22.16	0.3467980432180806
20.92	20.92	0.3309230558248549
20.92	19.69	0.31766426011149734
20.93	18.47	0.317194157896976
20.93	17.24	0.3339147970987376
20.94	16.01	0.31489986889136456
20.94	14.78	0.29892199249079343
20.94	13.55	0.2930685647695362
20.94	12.32	0.3053744172201579
20.95	11.09	0.30974777664283104
20.95	9.86	0.3159393430498211
20.95	8.63	0.3279552988138097
20.95	7.4	0.3140956834579412
20.96	6.16	0.3157245348068646
20.96	4.93	0.3387735122372922
20.96	3.7	0.33176823316079607
20.96	2.47	0.3242090547142199
20.96	1.23	0.3217539689687388
20.96	-0.0	0.31652397222075185
20.96	-1.23	0.31314884744246385
20.96	-2.47	0.30907550669678074
20.96	-3.7	0.3205093632269726
20.96	-4.93	0.302008302865879
20.96	-6.16	0.3142944275742146
20.95	-7.4	0.33010877719543974
20.95	-8.63	0.32950166487313
20.95	-9.86	0.3183037185977619
20.95	-11.09	0.32594153485517857
20.94	-12.32	0.34024165835281567
20.94	-13.55	0.3188198497679819
20.94	-14.78	0.3364119565352889
20.94	-16.01	0.3287385558263021
20.93	-17.24	0.3229296204285608
20.93	-18.47	0.3127274310020527
20.92	-19.69	0.3103697232206095
20.92	-20.92	0.2996550715605912
20.93	-22.16	0.31789340817273964
20.93	-23.39	0.3161018957200506
20.92	-24.61	0.3565426074456024
20.89	-25.81	0.33027395597826725
20.87	-27.01	0.3344250114338688
20.84	-28.2	0.3283362851418399
20.8	-29.36	0.31918262319552726
20.73	-30.49	0.3394216403132345
20.61	-31.52	0.4741141684376372
21.63	-31.24	0.5431794314007383
21.87	-30.38	0.40411314237227547
21.97	-29.3	0.3274769424868829
22.04	-28.16	0.32223283944747505
22.07	-26.98	0.33206068088315355
22.1	-25.78	0.3518465192018017
22.13	-24.59	0.3432497915380202
22.15	-23.38	0.36077898589244334
22.16	-22.16	0.33636293056560806
22.16	-20.93	0.30838993548058063
22.16	-19.69	0.30707469238480833
22.15	-18.46	0.31159627796379813
22.16	-17.23	0.31031012189365226
22.16	-16.01	0.33281335841244175
22.17	-14.78	0.3364340076675052
22.17	-13.55	0.31565277450980866
22.18	-12.32	0.31713808419147194
22.18	-11.09	0.3425435179331352
22.18	-9.86	0.3225722731185745
22.18	-8.62	0.33451874747038435
22.18	-7.39	0.3136971596219707
22.18	-6.16	0.3340987315023651
22.18	-4.93	0.3255523677356334
22.19	-3.7	0.3216619935469003
22.19	-2.47	0.3194372074091539
22.19	-1.23	0.3292052906029108
22.19	0.0	0.3304155363799749
22.19	1.23	0.3180965587668562
22.19	2.47	0.32642605316890344
22.19	3.7	0.32012493953492815
22.18	4.93	0.3238128245052043
22.18	6.16	0.31424275135927693
22.18	7.39	0.3102781213143412
22.18	8.62	0.3140039755737986
22.18	9.86	0.31279777832011096
22.18	11.09	0.2973694052296436
22.18	12.32	0.3096160393173298
22.17	13.55	0.3077591194470005
22.17	14.78	0.31592024183115325
22.16	16.01	0.3217372722303384
22.16	17.23	0.32052600229120226
22.15	18.46	0.33308026740501107
22.16	19.69	0.31072376294339976
22.16	20.93	0.35166489844441784
22.16	22.16	0.34134436171307586
22.15	23.38	0.3373110679677578
22.13	24.59	0.3778419953146012
22.1	25.78	0.4264147777681142
22.07	26.98	0.38620344817304064
22.04	28.16	0.41609803198663065
21.97	29.3	0.3878254337501684
21.87	30.38	0.4973785131695154
21.63	31.24	0.6724365084988373
22.94	30.18	0.3833533549087539
23.12	29.2	0.4300852697225803
23.21	28.1	0.37506798655042084
23.27	26.94	0.39188553106288704
23.31	25.76	0.3828024771049148
23.33	24.56	0.4027228622507766
23.36	23.36	0.372478439741437
23.38	22.15	0.3446232633337535
23.39	20.93	0.3310093887482694
23.39	19.7	0.3349390302751534
23.39	18.46	0.3380191987327975
23.38	17.23	0.3164664682141655
23.39	16.0	0.3267608242272748
23.39	14.77	0.32567784784526294
23.4	13.55	0.326407125297971
23.4	12.32	0.30270444481420666
23.41	11.09	0.2902480429996369
23.41	9.86	0.29792674969831334
23.41	8.62	0.30274094245433913
23.41	7.39	0.33313088406162294
23.41	6.16	0.32708562375135614
23.41	4.93	0.3307069748097001
23.41	3.7	0.3253127889522542
23.41	2.46	0.3067790518053144
23.41	1.23	0.32992852140424744
23.41	-0.0	0.3414916824009417
23.41	-1.23	0.32097918156141075
23.41	-2.46	0.3320194357635991
23.41	-3.7	0.32265697523311526
23.41	-4.93	0.31098211345085397
23.41	-6.16	0.32068216345442835
23.41	-7.39	0.32487944493617954
23.41	-8.62	0.32461406019079514
23.41	-9.86	0.30622986278603054
23.41	-11.09	0.32591955848548015
23.4	-12.32	0.31245904939477853
23.4	-13.55	0.32177555374514094
23.39	-14.77	0.3350217882377957
23.39	-16.0	0.332355643409376
23.38	-17.23	0.3195339483264058
23.39	-18.46	0.32751555731335097
23.39	-19.7	0.32096322953284
23.39	-20.93	0.3327328825390718
23.38	-22.15	0.3470864666195994
23.36	-23.36	0.36189531139804454
23.33	-24.56	0.3493785608062466
23.31	-25.76	0.3230658133038302
23.27	-26.94	0.3292761958061397
23.21	-28.1	0.354814010245301
23.12	-29.2	0.35090495445657777
22.94	-30.18	0.5523277121900739
24.2	-29.04	0.4422233550929747
24.36	-28.01	0.3246322628542059
24.44	-26.89	0.3151776821452268
24.5	-25.72	0.31913980951703524
24.53	-24.53	0.3265410622110966
24.56	-23.33	0.34024299520372686
24.59	-22.13	0.36223234153996675
24.61	-20.92	0.3445312190270801
24.62	-19.7	0.3628824703535251
24.63	-18.47	0.3199811453285662
24.62	-17.23	0.29810262645699975
24.62	-16.0	0.30560039595271266
24.62	-14.77	0.304771861611318
24.62	-13.54	0.30577725299877234
24.63	-12.31	0.32026248191787277
24.63	-11.08	0.3280558147167024
24.63	-9.85	0.32159816890314274
24.64	-8.62	0.313590343898303
24.64	-7.39	0.3427860587676553
24.64	-6.16	0.32269720975262606
24.64	-4.93	0.3370042866930369
24.64	-3.7	0.3317803421932668
24.64	-2.46	0.3481261771529925
24.64	-1.23	0.3295513202230477
24.64	0.0	0.33439641452364205
24.64	1.23	0.3247851662747971
24.64	2.46	0.3153337285085507
24.64	3.7	0.3111165019446904
24.64	4.93	0.29782855730975205
24.64	6.16	0.3131984634472187
24.64	7.39	0.31379175948070964
24.64	8.62	0.3172626403200131
24.63	9.85	0.30436446990293414
24.63	11.08	0.3034724079199012
24.63	12.31	0.3181557813090745
24.62	13.54	0.3214007221801984
24.62	14.77	0.3237317274582087
24.62	16.0	0.3267899124305072
24.62	17.23	0.3292190160967793
24.63	18.47	0.33891821031431135
24.62	19.7	0.34452941148197685
24.61	20.92	0.35135520267719245
24.59	22.13	0.3700267446060719
24.56	23.33	0.4026271007692766
24.53	24.53	0.3804533774286406
24.5	25.72	0.4042602255678609
24.44	26.89	0.370422592824748
24.36	28.01	0.4453718936778909
24.2	29.04	0.6590377650689008
25.43	27.86	0.5153915451346522
25.59	26.8	0.4603270101980649
25.67	25.67	0.3888237851849966
25.72	24.5	0.3765174493565845
25.76	23.31	0.3755084681238484
25.78	22.1	0.4021614194382306
25.81	20.89	0.3643159841436885
25.84	19.68	0.3478946793167783
25.85	18.47	0.33873727603554415
25.86	17.24	0.33141370350494304
25.85	16.01	0.3437206401319371
25.85	14.77	0.3059612092679809
25.85	13.54	0.3170583466298547
25.85	12.31	0.31348861437228054
25.85	11.08	0.29979710759763983
25.85	9.85	0.304966079879484
25.86	8.62	0.30610805889662807
25.86	7.39	0.31337137958111183
25.87	6.16	0.3216652640140567
25.87	4.93	0.30591780187882545
25.87	3.7	0.3244863024687988
25.87	2.46	0.3010155023142192
25.87	1.23	0.31503061306409763
25.87	-0.0	0.3254105966198496
25.87	-1.23	0.3386038247073849
25.87	-2.46	0.3109415416498498
25.87	-3.7	0.3128228646100732
25.87	-4.93	0.31315179191892245
25.87	-6.16	0.3145240621535172
25.86	-7.39	0.31410716596906274
25.86	-8.62	0.31121635575283
25.85	-9.85	0.31105546899717595
25.85	-11.08	0.3210552859692765
25.85	-12.31	0.2919127554962435
25.85	-13.54	0.3075911687079039
25.85	-14.77	0.3233955229815301
25.85	-16.01	0.320237261160624
25.86	-17.24	0.31887780038910424
25.85	-18.47	0.3466235566834461
25.84	-19.68	0.3224298514930596
25.81	-20.89	0.34791342020782196
25.78	-22.1	0.32607837133091133
25.76	-23.31	0.31449238486395453
25.72	-24.5	0.3180411243522403
25.67	-25.67	0.3118610335261328
25.59	-26.8	0.3150277006391621
25.43	-27.86	0.4066426702496799
26.65	-26.65	0.35662323148047637
26.8	-25.59	0.3244251024071148
26.89	-24.44	0.3102020922815598
26.94	-23.27	0.3238460016346367
26.98	-22.07	0.3057552686213421
27.01	-20.87	0.3106619228064422
27.03	-19.66	0.3272670353473425
27.06	-18.45	0.3404434231967771
27.08	-17.23	0.3307949154514292
27.09	-16.01	0.3451003315894086
27.09	-14.78	0.3230088387144225
27.08	-13.54	0.30548533733882555
27.08	-12.31	0.3024928976741543
27.08	-11.08	0.32024844893132004
27.08	-9.85	0.31893993252652264
27.08	-8.62	0.31269590612477516
27.08	-7.39	0.32308422308126117
27.08	-6.16	0.3184583177141252
27.09	-4.93	0.31664907934900866
27.09	-3.69	0.32277506833372077
27.09	-2.46	0.33247110217788917
27.09	-1.23	0.3214212960344605
27.09	0.0	0.2990613146341231
27.09	1.23	0.29916830202000183
27.09	2.46	0.31412642102412563
27.09	3.69	0.32677089028805417
27.09	4.93	0.2962044091103979
27.08	6.16	0.3240446747368094
27.08	7.39	0.3119827208597241
27.08	8.62	0.3117131330924907
27.08	9.85	0.3180301690134713
27.08	11.08	0.3038306619897445
27.08	12.31	0.32373008175025086
27.08	13.54	0.31318028454538044
27.09	14.78	0.33775231443434056
27.09	16.01	0.3398192804383828
27.08	17.23	0.36574158698428877
27.06	18.45	0.36735155247153994
27.03	19.66	0.36336413506715776
27.01	20.87	0.4053054005747587
26.98	22.07	0.3661742450909363
26.94	23.27	0.41458279113415597
26.89	24.44	0.3411554391084999
26.8	25.59	0.40232277455005805
26.65	26.65	0.5862319458160802
27.86	25.43	0.5725232718455721
28.01	24.36	0.44075372752761643
28.1	23.21	0.3826011679948672
28.16	22.04	0.3439311226071098
28.2	20.84	0.3926502159788652
28.22	19.63	0.3836198907101177
28.25	18.42	0.3647074555293745
28.27	17.21	0.34016962034494275
28.3	15.99	0.3335931058114675
28.31	14.77	0.33526005481369886
28.32	13.54	0.33551944797881683
28.32	12.31	0.32638387066961627
28.32	11.08	0.3239896828040646
28.31	9.85	0.3272788953713926
28.31	8.62	0.3133151296709615
28.31	7.38	0.32554602422243994
28.31	6.15	0.31446029102468054
28.31	4.92	0.3148694097339624
28.31	3.69	0.3090118219821075
28.31	2.46	0.31669033267078733
28.31	1.23	0.33210378382419314
28.31	-0.0	0.3205382622297227
28.31	-1.23	0.31264597733005345
28.31	-2.46	0.3009999434700022
28.31	-3.69	0.3095856538711173
28.31	-4.92	0.3077084018276963
28.31	-6.15	0.30653636020711844
28.31	-7.38	0.32355051735874246
28.31	-8.62	0.31203568702115175
28.31	-9.85	0.3284533468432181
28.32	-11.08	0.3109158934038361
28.32	-12.31	0.30795450030122046
28.32	-13.54	0.3187458221604714
28.31	-14.77	0.3267371735578018
28.3	-15.99	0.33455975514451963
28.27	-17.21	0.326955159677713
28.25	-18.42	0.29418454725913323
28.22	-19.63	0.3283199788782948
28.2	-20.84	0.3020098736006841
28.16	-22.04	0.29079285621715784
28.1	-23.21	0.3040324729344802
28.01	-24.36	0.30108759317371947
27.86	-25.43	0.3631416364078277
29.04	-24.2	0.34429131311232686
29.2	-23.12	0.3045819307293318
29.3	-21.97	0.30832046793909895
29.36	-20.8	0.30976892208907364
29.41	-19.61	0.29374649367848044
29.44	-18.4	0.30574618946473975
29.46	-17.19	0.30834921176372443
29.48	-15.97	0.3184983434632676
29.51	-14.75	0.3382996435942895
29.53	-13.53	0.3246727703241225
29.54	-12.31	0.325393265918018
29.55	-11.08	0.32204934956182996
29.55	-9.85	0.3101401468514607
29.55	-8.62	0.3218213955283508
29.55	-7.39	0.31451593193346156
29.55	-6.16	0.3244970957770864
29.54	-4.92	0.31343712677407737
29.54	-3.69	0.3014049376329949
29.54	-2.46	0.3092722145237715
29.54	-1.23	0.3090789696665096
29.54	0.0	0.30599763771237004
29.54	1.23	0.3248919979432374
29.54	2.46	0.3209245432110512
29.54	3.69	0.3304903332023286
29.54	4.92	0.3084984558994159
29.55	6.16	0.3154389168687844
29.55	7.39	0.317344587139013
29.55	8.62	0.32659109879692666
29.55	9.85	0.3183608282713953
29.55	11.08	0.34218321393247
29.54	12.31	0.3346689469492196
29.53	13.53	0.33419138371436735
29.51	14.75	0.33346044756719584
29.48	15.97	0.3618642969978496
29.46	17.19	0.37761672236402855
29.44	18.4	0.36188231044061603
29.41	19.61	0.3674367772466267
29.36	20.8	0.3670758944752279
29.3	21.97	0.40261142644637016
29.2	23.12	0.42188695988554137
29.04	24.2	0.5275063815757954
30.18	22.94	0.6084635431264829
30.38	21.87	0.49563314621394605
30.49	20.73	0.3883940037773449
30.56	19.56	0.37888770534862226
30.61	18.37	0.3863864659099471
30.65	17.16	0.3563831860063761
30.67	15.95	0.3600015447093753
30.69	14.73	0.38442276691902266
30.71	13.51	0.3662424628647192
30.73	12.29	0.3478157723529214
30.75	11.07	0.3374879778891782
30.76	9.84	0.3310904877200186
30.77	8.62	0.34595504092028895
30.78	7.39	0.33248590652184495
30.78	6.16	0.3176609302821793
30.78	4.93	0.3277594020739412
30.78	3.69	0.3279479656406793
30.78	2.46	0.31088288127936303
30.78	1.23	0.3176918402359362
30.78	-0.0	0.3102984384085437
30.78	-1.23	0.31065992812247645
30.78	-2.46	0.3314044238302967
30.78	-3.69	0.32826432486355445
30.78	-4.93	0.33752579732946264
30.78	-6.16	0.3340971238048583
30.78	-7.39	0.33559078668931264
30.77	-8.62	0.32116483251109035
30.76	-9.84	0.3420547112301977
30.75	-11.07	0.3276262218065048
30.73	-12.29	0.32221048875571057
30.71	-13.51	0.32162637431632934
30.69	-14.73	0.31597935333766036
30.67	-15.95	0.29530018880221537
30.65	-17.16	0.2931592133488873
30.61	-18.37	0.3072587749120548
30.56	-19.56	0.31152339200741463
30.49	-20.73	0.2811996373302082
30.38	-21.87	0.2897949929141082
30.18	-22.94	0.3572862208410118
31.24	-21.63	0.48890616699381684
31.52	-20.61	0.32256748544293046
31.66	-19.48	0.29627224142738406
31.74	-18.31	0.31477337475740313
31.8	-17.12	0.29068664872437977
31.84	-15.92	0.29191506515358223
31.87	-14.71	0.30231723014870027
31.9	-13.49	0.30308948956874227
31.91	-12.27	0.3024222918802999
31.93	-11.05	0.32152001473474956
31.95	-9.83	0.3375304007673961
31.96	-8.6	0.31486490895978264
31.97	-7.38	0.3290843986471458
31.98	-6.15	0.3182264305259802
31.99	-4.92	0.3202288525039808
32.0	-3.69	0.33192388117386484
32.0	-2.46	0.32800325037970196
32.0	-1.23	0.3341238347000695
32.0	0.0	0.32951943012145485
32.0	1.23	0.33736353898038973
32.0	2.46	0.32535707579519546
32.0	3.69	0.32959053366164814
31.99	4.92	0.32832322442455336
31.98	6.15	0.3323876182996734
31.97	7.38	0.3431300509621408
31.96	8.6	0.3176469782052191
31.95	9.83	0.33742409034994075
31.93	11.05	0.3452812674249678
31.91	12.27	0.3692828692643648
31.9	13.49	0.37275538946291886
31.87	14.71	0.3430528173270798
31.84	15.92	0.3689274366055052
31.8	17.12	0.369430268053932
31.74	18.31	0.3984563057464877
31.66	19.48	0.3971954419790291
31.52	20.61	0.5182658132126113
31.24	21.63	0.34389165415876244
32.6	19.32	0.6326061920461705
32.78	18.21	0.4500040802954167
32.9	17.06	0.38643295452738013
32.97	15.87	0.3763156478446732
33.02	14.67	0.39459351394734443
33.06	13.47	0.3660225025663555
33.09	12.25	0.3585754815384816
33.11	11.04	0.3805242747800487
33.13	9.82	0.3434327235240586
33.14	8.59	0.37099786129388646
33.15	7.37	0.3300679120031501
33.16	6.14	0.34150635430083254
33.17	4.91	0.31997369590011027
33.18	3.69	0.33291761221366056
33.18	2.46	0.3294041755372126
33.18	1.23	0.32972316644533023
33.19	-0.0	0.32781037510625816
33.18	-1.23	0.33217473966828137
33.18	-2.46	0.3121678671325874
33.18	-3.69	0.32124252120151364
33.17	-4.91	0.3228468259998315
33.16	-6.14	0.31525218939533456
33.15	-7.37	0.31699278699784045
33.14	-8.59	0.30683294888034973
33.13	-9.82	0.314594538932002
33.11	-11.04	0.3125069211334559
33.09	-12.25	0.3054465875579778
33.06	-13.47	0.30878351241431246
33.02	-14.67	0.28617485483252114
32.97	-15.87	0.33218962137572944
32.9	-17.06	0.31117551995400106
32.78	-18.21	0.2988577818087437
32.6	-19.32	0.380741021919503
33.85	-16.92	0.3904732455561518
34.0	-15.79	0.3201238482569817
34.1	-14.62	0.30672615412703813
34.17	-13.42	0.2919018452061969
34.22	-12.22	0.27652522065680973
34.26	-11.01	0.29617829182943
34.29	-9.8	0.3142547382844396
34.31	-8.58	0.3249304692795028
34.33	-7.36	0.3184284422840403
34.34	-6.13	0.32681763831119337
34.35	-4.91	0.31458247935862393
34.35	-3.68	0.3142155500089916
34.36	-2.45	0.3269961321337243
34.36	-1.23	0.3213273351689063
34.36	0.0	0.3223198161760067
34.36	1.23	0.33089281802903514
34.36	2.45	0.3528435454702842
34.35	3.68	0.3403931805161863
34.35	4.91	0.3542922814030657
34.34	6.13	0.3521431867763345
34.33	7.36	0.3534575360738714
34.31	8.58	0.3445093444603914
34.29	9.8	0.3490493834653384
34.26	11.01	0.35489918911870544
34.22	12.22	0.37669437230939895
34.17	13.42	0.3796481834920308
34.1	14.62	0.38001854653244627
34.0	15.79	0.6080565114715178
33.85	16.92	0.5784622617331033
35.02	14.49	0.5313377142297392
35.17	13.34	0.44270034574841255
35.27	12.16	0.3925124980168698
35.34	10.97	0.36338123442060144
35.39	9.76	0.3800764883897517
35.43	8.55	0.38424470766269514
35.46	7.34	0.3418209485296516
35.48	6.12	0.3551983834475241
35.49	4.9	0.393047535237942
35.51	3.67	0.35473157603468763
35.52	2.45	0.34582253794550943
35.52	1.22	0.35049882577298486
35.52	-0.0	0.3221152943578636
35.52	-1.22	0.3273497041963203
35.52	-2.45	0.32332688072893
35.51	-3.67	0.30993423633857603
35.49	-4.9	0.3339129221207058
35.48	-6.12	0.32567408409730436
35.46	-7.34	0.3210530129221872
35.43	-8.55	0.30845720713140934
35.39	-9.76	0.3584920296659847
35.34	-10.97	0.35205396737953587
35.27	-12.16	0.34488929786565903
35.17	-13.34	0.3384836063430757
35.02	-14.49	0.439302683812164
36.05	-12.02	0.4150002698537506
36.26	-10.88	0.3631602702434249
36.37	-9.7	0.33555395987029757
36.45	-8.51	0.3337460697180905
36.51	-7.3	0.3164120853801541
36.55	-6.09	0.345674227429164
36.58	-4.88	0.32880515039383057
36.6	-3.66	0.3438192972413989
36.61	-2.44	0.34507336472324557
36.62	-1.22	0.3435115305017259
36.62	0.0	0.3455623891998447
36.62	1.22	0.3343541459706342
36.61	2.44	0.3211742089898497
36.6	3.66	0.3347945409775453
36.58	4.88	0.3367898695127953
36.55	6.09	0.356527376615157
36.51	7.3	0.35604212641747013
36.45	8.51	0.37510876259088244
36.37	9.7	0.4071097956738001
36.26	10.88	0.46761033086014847
36.05	12.02	0.5136585344834037
37.3	7.22	0.43932238050917716
37.42	6.04	0.40766429879930055
37.5	4.84	0.38248123404273915
37.55	3.63	0.3594779923822443
37.58	2.42	0.34678937293653467
37.6	1.21	0.37666169109305303
37.6	-0.0	0.3438029065868851
37.6	-1.21	0.32916001212847146
37.58	-2.42	0.3482018381666221
37.55	-3.63	0.3295885879899165
37.5	-4.84	0.33559210597328654
37.42	-6.04	0.33232917880291996
37.3	-7.22	0.3555325741599349
