-37.3	-7.22	0.386460874809884
-37.42	-6.04	0.3438656739737274
-37.5	-4.84	0.33746414944185643
-37.55	-3.63	0.34405595542385015
-37.58	-2.42	0.3380860243349211
-37.6	-1.21	0.32573632616166204
-37.6	0.0	0.32704273566974945
-37.6	1.21	0.34447911289231714
-37.58	2.42	0.3547493787283653
-37.55	3.63	0.3307668649528731
-37.5	4.84	0.35379643280214934
-37.42	6.04	0.36913755091962563
-37.3	7.22	0.3960020964717035
-36.05	12.02	0.5057304534839199
-36.26	10.88	0.4131240151350426
-36.37	9.7	0.3478941652369044
-36.45	8.51	0.37235475198613643
-36.51	7.3	0.36281625220505287
-36.55	6.09	0.34663702425682424
-36.58	4.88	0.33966521138373174
-36.6	3.66	0.3518503471704536
-36.61	2.44	0.3520020832345131
-36.62	1.22	0.34634828001301987
-36.62	-0.0	0.35307656821611344
-36.62	-1.22	0.3436982840175145
-36.61	-2.44	0.33691834555564687
-36.6	-3.66	0.36087569558248
-36.58	-4.88	0.3676658457595442
-36.55	-6.09	0.34638564012499373
-36.51	-7.3	0.3454866149249902
-36.45	-8.51	0.3325829560660585
-36.37	-9.7	0.3478209584984442
-36.26	-10.88	0.3819363851091869
-36.05	-12.02	0.4320235274430383
-35.02	-14.49	0.4463675757040789
-35.17	-13.34	0.3801857657423825
-35.27	-12.16	0.3414180379127516
-35.34	-10.97	0.3799316270992913
-35.39	-9.76	0.3682195700263431
-35.43	-8.55	0.3301838510934242
-35.46	-7.34	0.3091147161533772
-35.48	-6.12	0.3423274838547553
-35.49	-4.9	0.3288508883112902
-35.51	-3.67	0.3427507607934016
-35.52	-2.45	0.34429558851567915
-35.52	-1.22	0.3426295775022371
-35.52	0.0	0.3498513510349457
-35.52	1.22	0.33546875712223284
-35.52	2.45	0.3624109805610689
-35.51	3.67	0.35089958143873445
-35.49	4.9	0.35675739677601936
-35.48	6.12	0.3531427664203556
-35.46	7.34	0.38200654812147383
-35.43	8.55	0.3564916935244614
-35.39	9.76	0.36529362858275083
-35.34	10.97	0.37293563405412244
-35.27	12.16	0.349831449976249
-35.17	13.34	0.42003358873036467
-35.02	14.49	0.44885238218246415
-33.85	16.92	0.4404263029855281
-34.0	15.79	0.4058377882411718
-34.1	14.62	0.3484536284564267
-34.17	13.42	0.3691408562604729
-34.22	12.22	0.41363163175365303
-34.26	11.01	0.3630013204446515
-34.29	9.8	0.34077249087361855
-34.31	8.58	0.35349459539841277
-34.33	7.36	0.37400727236527953
-34.34	6.13	0.35881867126559486
-34.35	4.91	0.3565115291695494
-34.35	3.68	0.3559424388258825
-34.36	2.45	0.3346150407174469
-34.36	1.23	0.3301471514448755
-34.36	-0.0	0.32668470156979484
-34.36	-1.23	0.30550767396082784
-34.36	-2.45	0.315360698947621
-34.35	-3.68	0.31623552021155843
-34.35	-4.91	0.3214182877382763
-34.34	-6.13	0.3203822277765359
-34.33	-7.36	0.30653221149963966
-34.31	-8.58	0.31010116782920005
-34.29	-9.8	0.3034807500092255
-34.26	-11.01	0.30172296718895036
-34.22	-12.22	0.30184965406640335
-34.17	-13.42	0.2903872380981558
-34.1	-14.62	0.3070475427583722
-34.0	-15.79	0.33207147117848235
-33.85	-16.92	0.45982382566179136
-32.6	-19.32	0.5002200095703174
-32.78	-18.21	0.3254317193435917
-32.9	-17.06	0.31053370400606173
-32.97	-15.87	0.2915091425480515
-33.02	-14.67	0.3127791435567453
-33.06	-13.47	0.3049122092114702
-33.09	-12.25	0.3130617200315061
-33.11	-11.04	0.30137300092437325
-33.13	-9.82	0.2992482748730655
-33.14	-8.59	0.30863326213267034
-33.15	-7.37	0.30395423824585127
-33.16	-6.14	0.322591624052556
-33.17	-4.91	0.3354818176860307
-33.18	-3.69	0.3255729671814902
-33.18	-2.46	0.3491057585003515
-33.18	-1.23	0.32181757921797544
-33.19	0.0	0.33919219477713836
-33.18	1.23	0.340369268413515
-33.18	2.46	0.31987021451574393
-33.18	3.69	0.3382507558955064
-33.17	4.91	0.3410247417487953
-33.16	6.14	0.33651424678503045
-33.15	7.37	0.34635734019254116
-33.14	8.59	0.34186682241599065
-33.13	9.82	0.3547140114631874
-33.11	11.04	0.3475384481144681
-33.09	12.25	0.35488869646035737
-33.06	13.47	0.3275371049189454
-33.02	14.67	0.39709711690731464
-32.97	15.87	0.3809424530907113
-32.9	17.06	0.394457039474409
-32.78	18.21	0.43336587632724877
-32.6	19.32	0.5174667717924986
-31.24	21.63	0.37823117922781613
-31.52	20.61	0.4586210575982028
-31.66	19.48	0.3895615986240105
-31.74	18.31	0.3964714138078994
-31.8	17.12	0.38388779309713006
-31.84	15.92	0.3280846108656975
-31.87	14.71	0.32892167459616006
-31.9	13.49	0.3519816886110012
-31.91	12.27	0.3527504176367809
-31.93	11.05	0.3518545591093361
-31.95	9.83	0.35401533790147305
-31.96	8.6	0.3372221573782689
-31.97	7.38	0.3395559909968126
-31.98	6.15	0.3351655183956921
-31.99	4.92	0.33408959817967937
-32.0	3.69	0.3128237395982765
-32.0	2.46	0.32354045747757265
-32.0	1.23	0.313968188092186
-32.0	-0.0	0.30835243450599875
-32.0	-1.23	0.31805395635779904
-32.0	-2.46	0.314688904549941
-32.0	-3.69	0.30864341402339945
-31.99	-4.92	0.3163890047795761
-31.98	-6.15	0.316202941781975
-31.97	-7.38	0.30583353733256136
-31.96	-8.6	0.32207562851983973
-31.95	-9.83	0.3127084079410906
-31.93	-11.05	0.3152912746184997
-31.91	-12.27	0.313296504932691
-31.9	-13.49	0.29759914956462424
-31.87	-14.71	0.2862993942288956
-31.84	-15.92	0.30126010928612623
-31.8	-17.12	0.3159549607187825
-31.74	-18.31	0.302373968399804
-31.66	-19.48	0.3030903344275623
-31.52	-20.61	0.34583220735074144
-31.24	-21.63	0.5096891128995021
-30.18	-22.94	0.4460785931342012
-30.38	-21.87	0.31470917035917534
-30.49	-20.73	0.2987138932170229
-30.56	-19.56	0.3288215184214939
-30.61	-18.37	0.31697809228953777
-30.65	-17.16	0.30065643603242465
-30.67	-15.95	0.2996885658874313
-30.69	-14.73	0.31010475201163845
-30.71	-13.51	0.31919793424965065
-30.73	-12.29	0.3235968640793532
-30.75	-11.07	0.3230334738325111
-30.76	-9.84	0.3315026757090024
-30.77	-8.62	0.3147527873617064
-30.78	-7.39	0.31992256252799806
-30.78	-6.16	0.3106054092398348
-30.78	-4.93	0.3248310960525804
-30.78	-3.69	0.3379787181957306
-30.78	-2.46	0.326739652594696
-30.78	-1.23	0.32863508428153065
-30.78	0.0	0.31814679142486946
-30.78	1.23	0.3270403378582668
-30.78	2.46	0.33480007273688656
-30.78	3.69	0.322629544176661
-30.78	4.93	0.3282314731998336
-30.78	6.16	0.3226859763416209
-30.78	7.39	0.33034723439498903
-30.77	8.62	0.34222352571439396
-30.76	9.84	0.34916714982938646
-30.75	11.07	0.37675730832953175
-30.73	12.29	0.35968162416165217
-30.71	13.51	0.3448225825739758
-30.69	14.73	0.36870000814171794
-30.67	15.95	0.355733300387865
-30.65	17.16	0.33286004403485625
-30.61	18.37	0.36024486778589637
-30.56	19.56	0.39346026196070305
-30.49	20.73	0.38345111702410717
-30.38	21.87	0.42043061234944445
-30.18	22.94	0.4895028611954487
-29.04	24.2	0.5391139629538051
-29.2	23.12	0.42549032016869837
-29.3	21.97	0.38216145826624326
-29.36	20.8	0.3598657747657448
-29.41	19.61	0.3339720600308087
-29.44	18.4	0.3647373070194996
-29.46	17.19	0.3501788414182966
-29.48	15.97	0.36399095376514096
-29.51	14.75	0.36612908167519814
-29.53	13.53	0.3700679390692593
-29.54	12.31	0.3457548810999112
-29.55	11.08	0.330915433037346
-29.55	9.85	0.34171069973045975
-29.55	8.62	0.3346059976635005
-29.55	7.39	0.30964732475441387
-29.55	6.16	0.3205280017729854
-29.54	4.92	0.31674775789858034
-29.54	3.69	0.30244330413709813
-29.54	2.46	0.3363192085607638
-29.54	1.23	0.3170079442547883
-29.54	-0.0	0.32496855954359577
-29.54	-1.23	0.3125126473154431
-29.54	-2.46	0.32100456310455344
-29.54	-3.69	0.3123151908027653
-29.54	-4.92	0.3085862842829715
-29.55	-6.16	0.32445517259420953
-29.55	-7.39	0.31694575024384253
-29.55	-8.62	0.3060580325065744
-29.55	-9.85	0.3221758675705899
-29.55	-11.08	0.31812764203923805
-29.54	-12.31	0.327224107596454
-29.53	-13.53	0.3131651212027625
-29.51	-14.75	0.32562690022746504
-29.48	-15.97	0.315240571526223
-29.46	-17.19	0.3233532488494182
-29.44	-18.4	0.31494365641116373
-29.41	-19.61	0.2996450872138594
-29.36	-20.8	0.30127929712642454
-29.3	-21.97	0.3126668098583334
-29.2	-23.12	0.3059739587016249
-29.04	-24.2	0.3969727243945832
-27.86	-25.43	0.38993807329507146
-28.01	-24.36	0.33126918654723136
-28.1	-23.21	0.31412609734743757
-28.16	-22.04	0.31886278532755186
-28.2	-20.84	0.322817352344107
-28.22	-19.63	0.3285133371214171
-28.25	-18.42	0.31465667574598805
-28.27	-17.21	0.3216944085503419
-28.3	-15.99	0.32739672370159856
-28.31	-14.77	0.34024928078144867
-28.32	-13.54	0.3168214177828865
-28.32	-12.31	0.3257818380826274
-28.32	-11.08	0.30980996803078903
-28.31	-9.85	0.3250974536048994
-28.31	-8.62	0.3026664494289141
-28.31	-7.38	0.32876697204018385
-28.31	-6.15	0.31731293721695547
-28.31	-4.92	0.29797437883583744
-28.31	-3.69	0.29955587763165265
-28.31	-2.46	0.29835924470337233
-28.31	-1.23	0.29971100291674296
-28.31	0.0	0.3129002662852198
-28.31	1.23	0.31919937218729477
-28.31	2.46	0.32585167670585286
-28.31	3.69	0.3122562845254599
-28.31	4.92	0.310334436937335
-28.31	6.15	0.3262400151569168
-28.31	7.38	0.3213293884139253
-28.31	8.62	0.329634593174948
-28.31	9.85	0.33588763692109136
-28.32	11.08	0.3460783431771311
-28.32	12.31	0.3410133297420096
-28.32	13.54	0.32810814994897075
-28.31	14.77	0.3277836283695366
-28.3	15.99	0.3643103680116043
-28.27	17.21	0.3597377230538555
-28.25	18.42	0.3624781738739529
-28.22	19.63	0.37589094757005215
-28.2	20.84	0.3540038625840711
-28.16	22.04	0.3348066122920791
-28.1	23.21	0.36492311261475086
-28.01	24.36	0.4011823518553709
-27.86	25.43	0.5227684548675937
-26.65	26.65	0.4927332275052373
-26.8	25.59	0.391626757513439
-26.89	24.44	0.36144181064077285
-26.94	23.27	0.33299494923714634
-26.98	22.07	0.33262169802491753
-27.01	20.87	0.39263843449415986
-27.03	19.66	0.38622519213260287
-27.06	18.45	0.37588644125817094
-27.08	17.23	0.3569597415900687
-27.09	16.01	0.3296925572230252
-27.09	14.78	0.35173494301284947
-27.08	13.54	0.32627257351943917
-27.08	12.31	0.3221084653528933
-27.08	11.08	0.32436522102247994
-27.08	9.85	0.3147437120102998
-27.08	8.62	0.3052456484454863
-27.08	7.39	0.3192934092343106
-27.08	6.16	0.3203945898237722
-27.09	4.93	0.3256976299460766
-27.09	3.69	0.31734904951603743
-27.09	2.46	0.322343170138425
-27.09	1.23	0.31477819018341885
-27.09	-0.0	0.3209713715269962
-27.09	-1.23	0.3165393860264854
-27.09	-2.46	0.3104051592903641
-27.09	-3.69	0.29995237291481186
-27.09	-4.93	0.3183048864130294
-27.08	-6.16	0.30784685553581853
-27.08	-7.39	0.3082628135261429
-27.08	-8.62	0.31881896045235386
-27.08	-9.85	0.30283215863051466
-27.08	-11.08	0.3216787151864653
-27.08	-12.31	0.30005574063460944
-27.08	-13.54	0.3203462048906621
-27.09	-14.78	0.3198711291131243
-27.09	-16.01	0.32189178190435064
-27.08	-17.23	0.3391099840759273
-27.06	-18.45	0.3178446516498995
-27.03	-19.66	0.33347862151213986
-27.01	-20.87	0.31131233868337255
-26.98	-22.07	0.32489799070905256
-26.94	-23.27	0.3303349432775493
-26.89	-24.44	0.3229181880314801
-26.8	-25.59	0.32571107507587616
-26.65	-26.65	0.4277277172691053
-25.43	-27.86	0.41421917737715774
-25.59	-26.8	0.31488441092273806
-25.67	-25.67	0.30817444873154864
-25.72	-24.5	0.3187341637848089
-25.76	-23.31	0.3236057309686564
-25.78	-22.1	0.3219581589039985
-25.81	-20.89	0.3231167879261285
-25.84	-19.68	0.3181638438466125
-25.85	-18.47	0.3374463171482456
-25.86	-17.24	0.320426932588933
-25.85	-16.01	0.31520647126186363
-25.85	-14.77	0.3043932363604709
-25.85	-13.54	0.3136067109437263
-25.85	-12.31	0.29813301217106336
-25.85	-11.08	0.31112142174535784
-25.85	-9.85	0.3079288823085776
-25.86	-8.62	0.3817178085179845
-25.86	-7.39	0.32078995605127386
-25.87	-6.16	0.3239254109902912
-25.87	-4.93	0.3210559693163738
-25.87	-3.7	0.3236127485177252
-25.87	-2.46	0.31528610045688893
-25.87	-1.23	0.305034907920167
-25.87	0.0	0.3166125316269023
-25.87	1.23	0.30940425610182926
-25.87	2.46	0.2921740524531025
-25.87	3.7	0.301200223752548
-25.87	4.93	0.31988694482177993
-25.87	6.16	0.309124451643836
-25.86	7.39	0.3074705845723086
-25.86	8.62	0.32129593266428574
-25.85	9.85	0.3146687504036548
-25.85	11.08	0.3257589101073397
-25.85	12.31	0.3229423909534728
-25.85	13.54	0.33728123161141066
-25.85	14.77	0.3245912119646455
-25.85	16.01	0.3402431644656635
-25.86	17.24	0.336478919461766
-25.85	18.47	0.3385780951679752
-25.84	19.68	0.3712332782301958
-25.81	20.89	0.36376770051806906
-25.78	22.1	0.39184673591399116
-25.76	23.31	0.3608858416755536
-25.72	24.5	0.35181746350837273
-25.67	25.67	0.35826700507167
-25.59	26.8	0.4076605871885568
-25.43	27.86	0.4938604221434666
-24.2	29.04	0.4904811131711785
-24.36	28.01	0.42781781077451986
-24.44	26.89	0.36866651091509717
-24.5	25.72	0.35505781438298945
-24.53	24.53	0.37744126801914923
-24.56	23.33	0.3834175364482136
-24.59	22.13	0.3655621684855408
-24.61	20.92	0.35579553823901144
-24.62	19.7	0.327014436603912
-24.63	18.47	0.35268267987994284
-24.62	17.23	0.32549698888001705
-24.62	16.0	0.31257696779493055
-24.62	14.77	0.318907223248769
-24.62	13.54	0.307416347168699
-24.63	12.31	0.3267193112857931
-24.63	11.08	0.3096936377595932
-24.63	9.85	0.2952896514292547
-24.64	8.62	0.2900771491903208
-24.64	7.39	0.3006659529306696
-24.64	6.16	0.3209706390573081
-24.64	4.93	0.34427447086717783
-24.64	3.7	0.3570977796261953
-24.64	2.46	0.3440989613447183
-24.64	1.23	0.32978765510386593
-24.64	-0.0	0.33277510869176213
-24.64	-1.23	0.3239357105566055
-24.64	-2.46	0.3266036984473762
-24.64	-3.7	0.323367395105292
-24.64	-4.93	0.34294081165824103
-24.64	-6.16	0.3365701566223088
-24.64	-7.39	0.3257928229381879
-24.64	-8.62	0.3307646924143016
-24.63	-9.85	0.31478266790643955
-24.63	-11.08	0.3176966923499856
-24.63	-12.31	0.30785544007168186
-24.62	-13.54	0.30488144251851484
-24.62	-14.77	0.2945164098450804
-24.62	-16.0	0.3071592005801737
-24.62	-17.23	0.3146237027576644
-24.63	-18.47	0.3253822748428363
-24.62	-19.7	0.3849760850156666
-24.61	-20.92	0.3331967020566064
-24.59	-22.13	0.3353149246228342
-24.56	-23.33	0.31868496222488135
-24.53	-24.53	0.3380495551684415
-24.5	-25.72	0.3273698103742084
-24.44	-26.89	0.32982561053984294
-24.36	-28.01	0.3271945516663269
-24.2	-29.04	0.5500086963891591
-22.94	-30.18	0.45113783335778945
-23.12	-29.2	0.38111975285741473
-23.21	-28.1	0.31349808825601444
-23.27	-26.94	0.3379733558482041
-23.31	-25.76	0.33592524089374554
-23.33	-24.56	0.3257938658682161
-23.36	-23.36	0.34034607185153926
-23.38	-22.15	0.34109958047483635
-23.39	-20.93	0.3238456239700194
-23.39	-19.7	0.3071885750025195
-23.39	-18.46	0.30542703116093645
-23.38	-17.23	0.31304012827457744
-23.39	-16.0	0.319352484042479
-23.39	-14.77	0.3080893006389158
-23.4	-13.55	0.3230715973575767
-23.4	-12.32	0.3171513673899917
-23.41	-11.09	0.3083887597256438
-23.41	-9.86	0.32236896374056373
-23.41	-8.62	0.31513538420009957
-23.41	-7.39	0.3290790351893774
-23.41	-6.16	0.3214543404266688
-23.41	-4.93	0.31345903637730793
-23.41	-3.7	0.3222025999630057
-23.41	-2.46	0.3379712105552334
-23.41	-1.23	0.32248158601653726
-23.41	0.0	0.31688845776070823
-23.41	1.23	0.3135225878459074
-23.41	2.46	0.3226134533610612
-23.41	3.7	0.32555340802169547
-23.41	4.93	0.31787328124586656
-23.41	6.16	0.3288972158340511
-23.41	7.39	0.32970432775366054
-23.41	8.62	0.3590725070314815
-23.41	9.86	0.30469429811351395
-23.41	11.09	0.2822259249995483
-23.4	12.32	0.2923625022290279
-23.4	13.55	0.3101705786449928
-23.39	14.77	0.3244254529440291
-23.39	16.0	0.3106603699841108
-23.38	17.23	0.312670998606126
-23.39	18.46	0.3172026653263335
-23.39	19.7	0.3247830969731834
-23.39	20.93	0.3348905620990595
-23.38	22.15	0.35628571423249433
-23.36	23.36	0.3626393288720168
-23.33	24.56	0.374761141463914
-23.31	25.76	0.34436575476677167
-23.27	26.94	0.36050366382083876
-23.21	28.1	0.3942456937908042
-23.12	29.2	0.4287217160758944
-22.94	30.18	0.5938909572549581
-21.63	31.24	0.23737072995073383
-21.87	30.38	0.47036504116587297
-21.97	29.3	0.39050287066642786
-22.04	28.16	0.33825096652927555
-22.07	26.98	0.3556435457028203
-22.1	25.78	0.3966592734220429
-22.13	24.59	0.3402263632197288
-22.15	23.38	0.35385967193102646
-22.16	22.16	0.3370601733434701
-22.16	20.93	0.33373041575441975
-22.16	19.69	0.32278280027887996
-22.15	18.46	0.3126915729435045
-22.16	17.23	0.32176698719750585
-22.16	16.01	0.31546742592321747
-22.17	14.78	0.3181380133049046
-22.17	13.55	0.2818250040119769
-22.18	12.32	0.28789127605423626
-22.18	11.09	0.33192576813439095
-22.18	9.86	0.31518201591116646
-22.18	8.62	0.3282472042908291
-22.18	7.39	0.31974009216195304
-22.18	6.16	0.32535398938789867
-22.18	4.93	0.32310136872493084
-22.19	3.7	0.32707780944452214
-22.19	2.47	0.32037925559178726
-22.19	1.23	0.3184066286144853
-22.19	-0.0	0.31370023820596604
-22.19	-1.23	0.32670276466340736
-22.19	-2.47	0.3314659117696198
-22.19	-3.7	0.32632411573909315
-22.18	-4.93	0.31979791793820794
-22.18	-6.16	0.32244063882682583
-22.18	-7.39	0.3638387996104421
-22.18	-8.62	0.3248291080081803
-22.18	-9.86	0.32623576142357547
-22.18	-11.09	0.3269972303435873
-22.18	-12.32	0.3198423439137153
-22.17	-13.55	0.33158358982265657
-22.17	-14.78	0.31804119703651607
-22.16	-16.01	0.3070337675185243
-22.16	-17.23	0.3084895534978773
-22.15	-18.46	0.3082068834435887
-22.16	-19.69	0.3079409113261398
-22.16	-20.93	0.311283547665775
-22.16	-22.16	0.31586413694227805
-22.15	-23.38	0.324317862836059
-22.13	-24.59	0.34702701957195414
-22.1	-25.78	0.3357738601747914
-22.07	-26.98	0.3433884433954335
-22.04	-28.16	0.3294401122227744
-21.97	-29.3	0.3266117433013791
-21.87	-30.38	0.35010766967330975
-21.63	-31.24	0.4392803928767861
-20.61	-31.52	0.41339167110520036
-20.73	-30.49	0.3505631368361971
-20.8	-29.36	0.3286002901306671
-20.84	-28.2	0.34812582397100744
-20.87	-27.01	0.34763657685030874
-20.89	-25.81	0.3376846430544182
-20.92	-24.61	0.33955796449609826
-20.93	-23.39	0.32325206498675996
-20.93	-22.16	0.30684318689547685
-20.92	-20.92	0.30117973545146437
-20.92	-19.69	0.3051769401560772
-20.93	-18.47	0.3178141536947078
-20.93	-17.24	0.3245754505556819
-20.94	-16.01	0.33778455805568197
-20.94	-14.78	0.3202317404638759
-20.94	-13.55	0.3206504852218432
-20.94	-12.32	0.3213402831708463
-20.95	-11.09	0.32794278061087456
-20.95	-9.86	0.31824506131391006
-20.95	-8.63	0.3308249461151864
-20.95	-7.4	0.3179716685291196
-20.96	-6.16	0.3228765859549589
-20.96	-4.93	0.33798330886419553
-20.96	-3.7	0.33417088520455074
-20.96	-2.47	0.33289296528271484
-20.96	-1.23	0.312109860623782
-20.96	0.0	0.3162149503662237
-20.96	1.23	0.3101947026132432
-20.96	2.47	0.31280221000790737
-20.96	3.7	0.31170511479690005
-20.96	4.93	0.31887780317825726
-20.96	6.16	0.3371644411416161
-20.95	7.4	0.32437292653031247
-20.95	8.63	0.3019679363167311
-20.95	9.86	0.33096606622184915
-20.95	11.09	0.3050221420212488
-20.94	12.32	0.3211702314534824
-20.94	13.55	0.29600683691685153
-20.94	14.78	0.2960352725541678
-20.94	16.01	0.3063451869651376
-20.93	17.24	0.3078795510831459
-20.93	18.47	0.30958277456685185
-20.92	19.69	0.32285684808539233
-20.92	20.92	0.3148050064595445
-20.93	22.16	0.3345049439176747
-20.93	23.39	0.3378174832535627
-20.92	24.61	0.35474325142299373
-20.89	25.81	0.3754921519209158
-20.87	27.01	0.37040682894271226
-20.84	28.2	0.33104378707619353
-20.8	29.36	0.3613220319425813
-20.73	30.49	0.39635227571819154
-20.61	31.52	0.5226705063234288
-19.32	32.6	0.635793278706849
-19.48	31.66	0.4483645509631927
-19.56	30.56	0.3428451871281335
-19.61	29.41	0.3518811700218608
-19.63	28.22	0.3664551040665769
-19.66	27.03	0.370320170920661
-19.68	25.84	0.35699664781109
-19.7	24.62	0.3384762582258875
-19.7	23.39	0.33687150899579954
-19.69	22.16	0.31210289663125534
-19.69	20.92	0.3118245040134082
-19.7	19.7	0.3112897631942473
-19.7	18.47	0.3119288182689048
-19.71	17.25	0.31150552194871084
-19.71	16.02	0.28579532658072615
-19.71	14.78	0.313874735763792
-19.71	13.55	0.3300870259795251
-19.72	12.32	0.3058690411624184
-19.72	11.09	0.318802383810976
-19.72	9.86	0.3088396277250666
-19.72	8.63	0.31708774801640244
-19.73	7.4	0.30520416474174633
-19.73	6.16	0.30469714041756163
-19.73	4.93	0.3157185023022672
-19.73	3.7	0.3182700133591029
-19.73	2.47	0.3179319530195344
-19.73	1.23	0.31460125948224565
-19.73	-0.0	0.3344158547841249
-19.73	-1.23	0.3191865983571569
-19.73	-2.47	0.31222423136259475
-19.73	-3.7	0.3310791662973428
-19.73	-4.93	0.332730461005848
-19.73	-6.16	0.32151065221109626
-19.73	-7.4	0.312725784217439
-19.72	-8.63	0.3136453691306881
-19.72	-9.86	0.330459582237621
-19.72	-11.09	0.33490659671896583
-19.72	-12.32	0.32130744398913474
-19.71	-13.55	0.3130047276940754
-19.71	-14.78	0.33114469203569025
-19.71	-16.02	0.32520837202106023
-19.71	-17.25	0.3472444988426957
-19.7	-18.47	0.3158400954423842
-19.7	-19.7	0.31753103512349334
-19.69	-20.92	0.31464679203557244
-19.69	-22.16	0.3116514651075335
-19.7	-23.39	0.3103554235262023
-19.7	-24.62	0.3287136535138961
-19.68	-25.84	0.3482028318782199
-19.66	-27.03	0.3458854686341348
-19.63	-28.22	0.33686900760383415
-19.61	-29.41	0.3497976069229234
-19.56	-30.56	0.3292061249835052
-19.48	-31.66	0.37599502766622417
-19.32	-32.6	0.5187176251591968
-18.21	-32.78	0.4316522053071521
-18.31	-31.74	0.3377682071346788
-18.37	-30.61	0.3572837415268101
-18.4	-29.44	0.35825902561283074
-18.42	-28.25	0.3255167036690644
-18.45	-27.06	0.3478481436720284
-18.47	-25.85	0.336382686838876
-18.47	-24.63	0.3138252354698507
-18.46	-23.39	0.3213983156575723
-18.46	-22.15	0.3078089196440479
-18.47	-20.93	0.3234337824296547
-18.47	-19.7	0.3295295260814087
-18.48	-18.48	0.30436275482761377
-18.48	-17.25	0.33788330895812607
-18.48	-16.02	0.3314586002235906
-18.48	-14.79	0.33088849126299535
-18.49	-13.56	0.32735701005580564
-18.49	-12.33	0.3206650165281474
-18.49	-11.1	0.34426115519274997
-18.49	-9.86	0.32296574002957157
-18.49	-8.63	0.3197917735920241
-18.49	-7.4	0.32392344720548066
-18.49	-6.16	0.3332233616000403
-18.5	-4.93	0.3560942663328252
-18.5	-3.7	0.3328145750287558
-18.5	-2.47	0.322227531901834
-18.5	-1.23	0.31428155233670646
-18.5	0.0	0.36368720946083644
-18.5	1.23	0.34899839261435095
-18.5	2.47	0.3365314163592904
-18.5	3.7	0.3214386710332716
-18.5	4.93	0.32891168714845653
-18.49	6.16	0.3245623053770213
-18.49	7.4	0.3143160078452881
-18.49	8.63	0.3207728514900472
-18.49	9.86	0.30711577795929723
-18.49	11.1	0.3110563626848336
-18.49	12.33	0.311483273028032
-18.49	13.56	0.3246614163977372
-18.48	14.79	0.317279737665908
-18.48	16.02	0.31933006999030183
-18.48	17.25	0.31587906735319704
-18.48	18.48	0.3192633146608796
-18.47	19.7	0.2980761736305058
-18.47	20.93	0.31623623158473313
-18.46	22.15	0.3074511858256668
-18.46	23.39	0.328045630110791
-18.47	24.63	0.34062999879254985
-18.47	25.85	0.3522636600721183
-18.45	27.06	0.3571477757965161
-18.42	28.25	0.36983975492586624
-18.4	29.44	0.3639074277468166
-18.37	30.61	0.36580901915258357
-18.31	31.74	0.4132230982872901
-18.21	32.78	0.5354197196232019
-16.92	33.85	0.21226832794843348
-17.06	32.9	0.4477747133843716
-17.12	31.8	0.3640336076159306
-17.16	30.65	0.3631518165861406
-17.19	29.46	0.3571926763874468
-17.21	28.27	0.36848237974779285
-17.23	27.08	0.35183227256113403
-17.24	25.86	0.3561845276593859
-17.23	24.62	0.32376858520519
-17.23	23.38	0.33134557188038766
-17.23	22.16	0.3100175106613077
-17.24	20.93	0.3112768760392446
-17.25	19.71	0.3317017341604683
-17.25	18.48	0.3067083910551916
-17.25	17.25	0.3205806908983848
-17.25	16.02	0.3107899252062767
-17.25	14.79	0.32431902832622456
-17.26	13.56	0.31015946303246333
-17.26	12.33	0.3219575955034294
-17.26	11.1	0.3257124115261194
-17.26	9.86	0.3095189880117341
-17.26	8.63	0.3097625520695363
-17.26	7.4	0.3014541216191387
-17.26	6.17	0.3050212561458666
-17.26	4.93	0.311566197812068
-17.27	3.7	0.3296718400714567
-17.27	2.47	0.33440055555405845
-17.27	1.23	0.3154787888697401
-17.27	-0.0	0.31944341247573327
-17.27	-1.23	0.32876956121089806
-17.27	-2.47	0.32839999311628865
-17.27	-3.7	0.3244336153820195
-17.26	-4.93	0.3146084822905003
-17.26	-6.17	0.339274839342276
-17.26	-7.4	0.3251794719815029
-17.26	-8.63	0.3349613735925509
-17.26	-9.86	0.3316404389230433
-17.26	-11.1	0.321198509572358
-17.26	-12.33	0.3217309027225663
-17.26	-13.56	0.39710181689133905
-17.25	-14.79	0.3237949040713393
-17.25	-16.02	0.326611894916336
-17.25	-17.25	0.33551091753838636
-17.25	-18.48	0.330256739358844
-17.25	-19.71	0.32313987002987954
-17.24	-20.93	0.329324348242341
-17.23	-22.16	0.32039324627915894
-17.23	-23.38	0.3129895798551836
-17.23	-24.62	0.31146803900551967
-17.24	-25.86	0.319588482105838
-17.23	-27.08	0.33012843324670665
-17.21	-28.27	0.3632117718501252
-17.19	-29.46	0.35324221217619817
-17.16	-30.65	0.35736458037580476
-17.12	-31.8	0.36075731155014934
-17.06	-32.9	0.3529025405893119
-16.92	-33.85	0.5583883790553794
-15.79	-34.0	0.49492590352130816
-15.87	-32.97	0.3475447787254776
-15.92	-31.84	0.3582222980830395
-15.95	-30.67	0.3588433576314064
-15.97	-29.48	0.34284771302754236
-15.99	-28.3	0.35201284143946987
-16.01	-27.09	0.3170673649395371
-16.01	-25.85	0.2956340107021334
-16.0	-24.62	0.2941374625944598
-16.0	-23.39	0.31310377632570285
-16.01	-22.16	0.3157397315099283
-16.01	-20.94	0.3140618593281423
-16.02	-19.71	0.33786167025131775
-16.02	-18.48	0.32512103174328444
-16.02	-17.25	0.3392746601367144
-16.02	-16.02	0.32423662975157225
-16.03	-14.79	0.3243755224438415
-16.03	-13.56	0.3353881119515006
-16.03	-12.33	0.321391975044395
-16.03	-11.1	0.3168160051042109
-16.03	-9.86	0.32692612441006585
-16.03	-8.63	0.3317392252790143
-16.03	-7.4	0.32726480069825203
-16.03	-6.17	0.31207656818584434
-16.04	-4.93	0.33052586828827973
-16.04	-3.7	0.3222696999883701
-16.04	-2.47	0.32841805042568417
-16.04	-1.23	0.3339799755680232
-16.04	0.0	0.3182041332168031
-16.04	1.23	0.3286102337927946
-16.04	2.47	0.327186345787586
-16.04	3.7	0.31637054750089494
-16.04	4.93	0.3231420853205569
-16.03	6.17	0.3094785851723956
-16.03	7.4	0.3261153767257488
-16.03	8.63	0.31977407364899324
-16.03	9.86	0.3257665911104256
-16.03	11.1	0.31914395692258896
-16.03	12.33	0.3108266389821949
-16.03	13.56	0.3092663904782852
-16.03	14.79	0.31886916075661514
-16.02	16.02	0.31170558483472693
-16.02	17.25	0.3178899787627517
-16.02	18.48	0.3123581947211881
-16.02	19.71	0.3170501434853819
-16.01	20.94	0.3207538484403707
-16.01	22.16	0.31841542481111385
-16.0	23.39	0.3185871286201296
-16.0	24.62	0.3318375222123067
-16.01	25.85	0.3293158469937301
-16.01	27.09	0.34818838383733364
-15.99	28.3	0.34073214956305986
-15.97	29.48	0.37145780000765655
-15.95	30.67	0.3570951139364984
-15.92	31.84	0.3582025527723357
-15.87	32.97	0.39194832863723517
-15.79	34.0	0.5614875537407998
-14.49	35.02	0.24385299654817924
-14.62	34.1	0.44655186839952854
-14.67	33.02	0.3735782483311709
-14.71	31.87	0.3724049195481465
-14.73	30.69	0.345622449207974
-14.75	29.51	0.3507456266685729
-14.77	28.31	0.34487527102107207
-14.78	27.09	0.34306029200877164
-14.77	25.85	0.3294618811985786
-14.77	24.62	0.33084800558332317
-14.77	23.39	0.31606542371917584
-14.78	22.17	0.32085906392471036
-14.78	20.94	0.3085333838803979
-14.78	19.71	0.31150115946241125
-14.79	18.48	0.3076516247804477
-14.79	17.25	0.33066828559544736
-14.79	16.03	0.30720244528666674
-14.79	14.79	0.3222577269797418
-14.8	13.56	0.3119123660619098
-14.8	12.33	0.3091702689903239
-14.8	11.1	0.32346153350451373
-14.8	9.87	0.36608836093374797
-14.8	8.63	0.3267678025004091
-14.8	7.4	0.30933981968628904
-14.8	6.17	0.3261008554451307
-14.8	4.93	0.32281944626086456
-14.8	3.7	0.3295724307117144
-14.8	2.47	0.30950697720920656
-14.8	1.23	0.32361102487324017
-14.8	-0.0	0.3316970359329727
-14.8	-1.23	0.3270791090739471
-14.8	-2.47	0.32930592931601743
-14.8	-3.7	0.32795589398634034
-14.8	-4.93	0.3110029878056931
-14.8	-6.17	0.3223780299049168
-14.8	-7.4	0.3441485149630006
-14.8	-8.63	0.3375127084267166
-14.8	-9.87	0.32732928027453767
-14.8	-11.1	0.33060866367696734
-14.8	-12.33	0.33204584438205953
-14.8	-13.56	0.30572592588594233
-14.79	-14.79	0.3426442709634378
-14.79	-16.03	0.32066837444717505
-14.79	-17.25	0.3368468071998764
-14.79	-18.48	0.3279229983969716
-14.78	-19.71	0.34392261705269317
-14.78	-20.94	0.3198067028950823
-14.78	-22.17	0.33640360641256617
-14.77	-23.39	0.32711008311538187
-14.77	-24.62	0.3204945219385693
-14.77	-25.85	0.3294443604351006
-14.78	-27.09	0.31995912929843656
-14.77	-28.31	0.3470293953804882
-14.75	-29.51	0.3629147243770032
-14.73	-30.69	0.3585499140063958
-14.71	-31.87	0.35593795581405796
-14.67	-33.02	0.36954194319256173
-14.62	-34.1	0.374440304278721
-14.49	-35.02	0.39304124602231194
-13.34	-35.17	0.3960805891805703
-13.42	-34.17	0.3439845828395742
-13.47	-33.06	0.3605138234756835
-13.49	-31.9	0.3857546818307531
-13.51	-30.71	0.32661793656053717
-13.53	-29.53	0.3332855185125204
-13.54	-28.32	0.3237044157689484
-13.54	-27.08	0.32370244162225614
-13.54	-25.85	0.31547974506755655
-13.54	-24.62	0.32768366483964356
-13.55	-23.4	0.32397652810716676
-13.55	-22.17	0.3327832950593648
-13.55	-20.94	0.3229674889860803
-13.55	-19.71	0.3483655648924211
-13.56	-18.49	0.33605964474512173
-13.56	-17.26	0.33158203718001716
-13.56	-16.03	0.32995395208777906
-13.56	-14.8	0.3460626164759364
-13.56	-13.56	0.32408915422305484
-13.56	-12.33	0.326753218666478
-13.57	-11.1	0.33206229138555987
-13.57	-9.87	0.34234032199267
-13.57	-8.64	0.32231651461460153
-13.57	-7.4	0.33707397975741993
-13.57	-6.17	0.314816242306324
-13.57	-4.93	0.31905842529585104
-13.57	-3.7	0.33571593697249885
-13.57	-2.47	0.32155391138231126
-13.57	-1.23	0.3216138124502456
-13.57	0.0	0.3203273437206004
-13.57	1.23	0.3230529997738121
-13.57	2.47	0.3369596662259682
-13.57	3.7	0.3205187992251051
-13.57	4.93	0.31969232961827876
-13.57	6.17	0.32932811560221287
-13.57	7.4	0.3167383748568034
-13.57	8.64	0.32729850332859567
-13.57	9.87	0.3167884771818894
-13.57	11.1	0.3057876662509102
-13.56	12.33	0.3180661349641187
-13.56	13.56	0.324333633244654
-13.56	14.8	0.3112976769429898
-13.56	16.03	0.3283083518397694
-13.56	17.26	0.31559985150015085
-13.56	18.49	0.31814022213246473
-13.55	19.71	0.32165885968367236
-13.55	20.94	0.3268222487139416
-13.55	22.17	0.30880727043964173
-13.55	23.4	0.33255707346717267
-13.54	24.62	0.32457318007163055
-13.54	25.85	0.31336756222250706
-13.54	27.08	0.34449048979174485
-13.54	28.32	0.3526629455945736
-13.53	29.53	0.34458317638449487
-13.51	30.71	0.35459034251284527
-13.49	31.9	0.3514763039759803
-13.47	33.06	0.3950651400265398
-13.42	34.17	0.367373419084836
-13.34	35.17	0.6554513665356727
-12.02	36.05	0.35130467161191636
-12.16	35.27	0.5021950856204972
-12.22	34.22	0.37095491687902704
-12.25	33.09	0.3544866616115323
-12.27	31.91	0.3834502915152424
-12.29	30.73	0.35559322529220205
-12.31	29.54	0.35474163667025543
-12.31	28.32	0.332082496874862
-12.31	27.08	0.33180324993424076
-12.31	25.85	0.32919084146249666
-12.31	24.63	0.32798189821465795
-12.32	23.4	0.3319099114640489
-12.32	22.18	0.31790050015631993
-12.32	20.94	0.3027721210367107
-12.32	19.72	0.3164572643943467
-12.33	18.49	0.32208920009480796
-12.33	17.26	0.332134491321387
-12.33	16.03	0.31856418882055393
-12.33	14.8	0.31616131262812536
-12.33	13.56	0.3188092855604668
-12.33	12.33	0.3300776901119453
-12.34	11.1	0.30982536524580145
-12.34	9.87	0.3223533921702007
-12.34	8.64	0.3194713030284181
-12.34	7.4	0.3238101611460715
-12.34	6.17	0.31914054243196993
-12.34	4.93	0.3195897402192628
-12.34	3.7	0.336647783104994
-12.34	2.47	0.3093411457514631
-12.34	1.23	0.3252199324343495
-12.34	-0.0	0.32898589664662087
-12.34	-1.23	0.330748167504463
-12.34	-2.47	0.3410054678393624
-12.34	-3.7	0.3353531496483116
-12.34	-4.93	0.3343598188001529
-12.34	-6.17	0.3394764860079529
-12.34	-7.4	0.31899255622320255
-12.34	-8.64	0.32187251683965046
-12.34	-9.87	0.3286781618294646
-12.34	-11.1	0.3374611432470395
-12.33	-12.33	0.33692125126542855
-12.33	-13.56	0.3449063307141533
-12.33	-14.8	0.32965443592208354
-12.33	-16.03	0.33225258422806836
-12.33	-17.26	0.34579947268854194
-12.33	-18.49	0.33442744522713896
-12.32	-19.72	0.3364300325823826
-12.32	20.94	0.3369472340571345
-12.32	22.18	0.3417825089533761
-12.32	23.4	0.30962851387080387
-12.31	24.63	0.3122040011407912
-12.31	25.85	0.33347774878456443
-12.31	27.08	0.3288996508258839
-12.31	28.32	0.3435823804374723
-12.31	29.54	0.3498740947447926
-12.29	30.73	0.36203867980584153
-12.27	31.91	0.4014355148782144
-12.25	33.09	0.3577983038946906
-12.22	34.22	0.36797405410543127
-12.16	35.27	0.5120347584084783
-12.02	36.05	0.39592531167846545
-10.88	36.26	0.8455287464701613
-10.97	35.34	0.44122786216085197
-11.01	34.26	0.36791769251809814
-11.04	33.11	0.346982120763389
-11.05	31.93	0.3863652114956236
-11.07	30.75	0.3464101933249912
-11.08	29.55	0.37265939111208646
-11.08	28.32	0.3482931659968265
-11.08	27.08	0.3454892650911817
-11.08	25.85	0.324126832023267
-11.08	24.63	0.3308844550948225
-11.09	23.41	0.3169710609670909
-11.09	22.18	0.3166582713991043
-11.09	20.95	0.32935019868057175
-11.09	19.72	0.31343116260533904
-11.1	18.49	0.32276684903974073
-11.1	17.26	0.3211801916940279
-11.1	16.03	0.31641931706085163
-11.1	14.8	0.3109016679416659
-11.1	13.57	0.3230294097357563
-11.1	12.34	0.32417596719502434
-11.1	11.1	0.3221856479876654
-11.1	9.87	0.3259859695758886
-11.1	8.64	0.34524730894222555
-11.1	7.4	0.3206681071535025
-11.1	6.17	0.31924551682282987
-11.1	4.94	0.32592654457077286
-11.11	3.7	0.32132341987571367
-11.11	2.47	0.3243871086369017
-11.11	1.23	0.32112993007311363
-11.11	-0.0	0.32389577148783893
-11.11	-1.23	0.32949344681487813
-11.11	-2.47	0.3185738537437692
-11.11	-3.7	0.3183966571675821
-11.1	-4.94	0.32615829773959765
-11.1	-6.17	0.3309038748916029
-11.1	-7.4	0.3302994213938328
-11.1	-8.64	0.33617508064696267
-11.1	-9.87	0.3333772204561723
-11.1	-11.1	0.34748292389462293
-11.1	-12.34	0.32532605285774435
-11.1	-13.57	0.31850922815328114
-11.1	-14.8	0.3432923450953521
-11.1	-16.03	0.3377927990655537
-11.1	-17.26	0.34821742585052684
-11.1	-18.49	0.34891079025826355
-11.09	-19.72	0.36264930894532466
-11.09	-20.95	0.3425023709664582
-11.09	-22.18	0.3466717491932693
-11.09	-23.41	0.3255332334801745
-11.08	-24.63	0.3301434855623303
-11.08	-25.85	0.32372207980932094
-11.08	-27.08	0.3242906606974834
-11.08	-28.32	0.3446653485150132
-11.08	-29.55	0.33337294151835883
-11.07	-30.75	0.35583532622932373
-11.05	-31.93	0.3637546510788579
-11.04	-33.11	0.38701353526962934
-11.01	-34.26	0.38747289240780936
-10.97	-35.34	0.43690914614377274
-10.88	-36.26	0.46390428399967765
-9.7	-36.37	0.40097843282164636
-9.76	-35.39	0.37805979948040813
-9.8	-34.29	0.37016687758650935
-9.82	-33.13	0.3764881752072763
-9.83	-31.95	0.35407047120576407
-9.84	-30.76	0.34009285622571006
-9.85	-29.55	0.3154100645254275
-9.85	-28.31	0.3088172043585884
-9.85	-27.08	0.3061225358958106
-9.85	-25.85	0.32848046785552765
-9.85	-24.63	0.3333055618253507
-9.86	-23.41	0.3381034585294399
-9.86	-22.18	0.3438653233642681
-9.86	-20.95	0.34226662461284096
-9.86	-19.72	0.3302616337124212
-9.86	-18.49	0.35218061487608643
-9.86	-17.26	0.3423154570846262
-9.86	-16.03	0.33177885432772114
-9.87	-14.8	0.3495504876855873
-9.87	-13.57	0.3370931390182686
-9.87	-12.34	0.3287237338995233
-9.87	-11.1	0.3384620921537525
-9.87	-9.87	0.3335609167864575
-9.87	-8.64	0.32276784963333915
-9.87	-7.4	0.32161974137765786
-9.87	-6.17	0.32303116127583253
-9.87	-4.94	0.32822345587736795
-9.88	-3.7	0.3381555101088098
-9.88	-2.47	0.33931356427345827
-9.88	-1.23	0.33468354080922014
-9.88	0.0	0.3317323962501122
-9.88	1.23	0.33846045854156287
-9.88	2.47	0.3300151689053991
-9.88	3.7	0.3356010564709861
-9.87	4.94	0.3233530243250922
-9.87	6.17	0.3274885792911288
-9.87	7.4	0.32221104844719195
-9.87	8.64	0.3249587963677609
-9.87	9.87	0.3296061911342835
-9.87	11.1	0.31438597143191244
-9.87	12.34	0.3338543334207847
-9.87	13.57	0.3224428674152513
-9.87	14.8	0.321687534906228
-9.86	16.03	0.3233279799876971
-9.86	17.26	0.3262950565227115
-9.86	18.49	0.3204404677881902
-9.86	19.72	0.31549253726535775
-9.86	20.95	0.31255275704233365
-9.86	22.18	0.3250164332255091
-9.86	23.41	0.32254463737017436
-9.85	24.63	0.3265605105667666
-9.85	25.85	0.3260952969484293
-9.85	27.08	0.33346848761502984
-9.85	28.31	0.35234732312728556
-9.85	29.55	0.35107256704835765
-9.84	30.76	0.33662975855149463
-9.83	31.95	0.36563924299156186
-9.82	33.13	0.3738641660594779
-9.8	34.29	0.3594915392653911
-9.76	35.39	0.41500622579830193
-9.7	36.37	0.679064608573249
-8.51	36.45	0.5481437366647097
-8.55	35.43	0.3963951817468615
-8.58	34.31	0.3689683409203459
-8.59	33.14	0.3835095013067237
-8.6	31.96	0.37205502500917625
-8.62	30.77	0.362521596154398
-8.62	29.55	0.32891172167458177
-8.62	28.31	0.3539424568516008
-8.62	27.08	0.33798161068758475
-8.62	25.86	0.3220008798295285
-8.62	24.64	0.31228390002847073
-8.62	23.41	0.3258191735396943
-8.62	22.18	0.3167132743358513
-8.63	20.95	0.3071736125410372
-8.63	19.72	0.30794976394086876
-8.63	18.49	0.3287473371693729
-8.63	17.26	0.3240619622100635
-8.63	16.03	0.3107248557063413
-8.63	14.8	0.31826415988393125
-8.64	13.57	0.31684779285607984
-8.64	12.34	0.3365960776507512
-8.64	11.1	0.3371483721282749
-8.64	9.87	0.3260699186006302
-8.64	8.64	0.32758767313189335
-8.64	7.4	0.3298636159478256
-8.64	6.17	0.3370046872415354
-8.64	4.94	0.3096206521859539
-8.64	3.7	0.3103944139832773
-8.64	2.47	0.33072007799181297
-8.64	1.23	0.32930296486039023
-8.64	-0.0	0.33197976813760194
-8.64	-1.23	0.3230316952074043
-8.64	-2.47	0.33632509514758946
-8.64	-3.7	0.33119326601649746
-8.64	-4.94	0.3385650695351802
-8.64	-6.17	0.33921127754879715
-8.64	-7.4	0.33438268454373987
-8.64	-8.64	0.33664825539744875
-8.64	-9.87	0.3381336894966049
-8.64	-11.1	0.3313482613856202
-8.64	-12.34	0.33878115793359953
-8.64	-13.57	0.339798300780704
-8.63	-14.8	0.34304386461590824
-8.63	-16.03	0.3325760204287575
-8.63	-17.26	0.3411409472704592
-8.63	-18.49	0.346863314686298
-8.63	-19.72	0.3477707172824478
-8.63	-20.95	0.35591012578192216
-8.62	-22.18	0.35436335756327564
-8.62	-23.41	0.3466355651741441
-8.62	-24.64	0.3268765908208147
-8.62	-25.86	0.32861351662146926
-8.62	-27.08	0.3120265253189521
-8.62	-28.31	0.3095762645013911
-8.62	-29.55	0.2940985234161974
-8.62	-30.77	0.33621791718794297
-8.6	-31.96	0.3538418033813579
-8.59	-33.14	0.35786444127939143
-8.58	-34.31	0.38875265396525704
-8.55	-35.43	0.33755825441365006
-8.51	-36.45	0.45185888756732995
-7.22	-37.3	0.48536326695794463
-7.3	-36.51	0.41257495683045986
-7.34	-35.46	0.3759816602421008
-7.36	-34.33	0.4017722949178678
-7.37	-33.15	0.37248710541953134
-7.38	-31.97	0.358451812656048
-7.39	-30.78	0.32971911322559233
-7.39	-29.55	0.3173433233421058
-7.38	-28.31	0.32209487675518306
-7.39	-27.08	0.31934136551233233
-7.39	-25.86	0.3272829434598295
-7.39	-24.64	0.34993890679143946
-7.39	-23.41	0.3302651001160755
-7.39	-22.18	0.3452210683854742
-7.4	-20.95	0.33343614815180267
-7.4	-19.73	0.3418679190994596
-7.4	-18.49	0.34007682659884425
-7.4	-17.26	0.3424460239069611
-7.4	-16.03	0.35535759161134955
-7.4	-14.8	0.3336602593682307
-7.4	-13.57	0.3377492817145987
-7.4	-12.34	0.3255848548184163
-7.4	-11.1	0.3320663777093537
-7.4	-9.87	0.3327457346345894
-7.4	-8.64	0.34133648100240455
-7.41	-7.41	0.3337963919985884
-7.41	-6.17	0.3322753036777663
-7.41	-4.94	0.3189170501221714
-7.41	-3.7	0.33332387871601604
-7.41	-2.47	0.32820726716997506
-7.41	-1.23	0.33058227244400157
-7.41	0.0	0.3344066927222516
-7.41	1.23	0.3272654799507883
-7.41	2.47	0.3402339774762033
-7.41	3.7	0.34152682145040536
-7.41	4.94	0.32834958367201544
-7.41	6.17	0.4999548178524298
-7.41	7.41	0.33088982915901244
-7.4	8.64	0.32957656856413453
-7.4	9.87	0.3422817465106879
-7.4	11.1	0.34492615838622287
-7.4	12.34	0.33040454924713913
-7.4	13.57	0.31818030339617415
-7.4	14.8	0.315930020064671
-7.4	16.03	0.3312239070012014
-7.4	17.26	0.3226499622978888
-7.4	18.49	0.3384623414561798
-7.4	19.73	0.3207649805116829
-7.4	20.95	0.3253619265765957
-7.39	22.18	0.31464090364257397
-7.39	23.41	0.32927655774926884
-7.39	24.64	0.32370481188171957
-7.39	25.86	0.3241067389585732
-7.39	27.08	0.3159577825202714
-7.38	28.31	0.34847974596944103
-7.39	29.55	0.3385011552406749
-7.39	30.78	0.3520289718657594
-7.38	31.97	0.3720532979246719
-7.37	33.15	0.3575861339078181
-7.36	34.33	0.3585377772674001
-7.34	35.46	0.3862488341828344
-7.3	36.51	0.4894634047532028
-7.22	37.3	0.45133638765214157
-6.04	37.42	0.3614074297802027
-6.09	36.55	0.47260447479164003
-6.12	35.48	0.39249059628914496
-6.13	34.34	0.35776262932871683
-6.14	33.16	0.36313978385667045
-6.15	31.98	0.35270223757048247
-6.16	30.78	0.3635883511843013
-6.16	29.55	0.3478989681051573
-6.15	28.31	0.3665825233877823
-6.16	27.08	0.3180445840289375
-6.16	25.87	0.32424223602191227
-6.16	24.64	0.31532115435970387
-6.16	23.41	0.3208775732450523
-6.16	22.18	0.3487081569350092
-6.16	20.96	0.32486012399167247
-6.16	19.73	0.3157166266131926
-6.16	18.49	0.3261389304701245
-6.17	17.26	0.32344228059069535
-6.17	16.03	0.3179690022484821
-6.17	14.8	0.32136986974721277
-6.17	13.57	0.3200487910797557
-6.17	12.34	0.32487606189047746
-6.17	11.1	0.3228444889967308
-6.17	9.87	0.31788874419907326
-6.17	8.64	0.3349340838961736
-6.17	7.41	0.3351430320706595
-6.17	6.17	0.33495949327799385
-6.17	4.94	0.3228548661822282
-6.17	3.7	0.3444037145068255
-6.17	2.47	0.3329852148591457
-6.17	1.23	0.330940509976504
-6.17	-0.0	0.3366569265149707
-6.17	-1.23	0.32357387521973713
-6.17	-2.47	0.3219596899132786
-6.17	-3.7	0.3375977117231067
-6.17	-4.94	0.33599022581531174
-6.17	-6.17	0.3266226372420399
-6.17	-7.41	0.32279501239648345
-6.17	-8.64	0.3264770685951
-6.17	-9.87	0.33098661170760896
-6.17	-11.1	0.32617528622240055
-6.17	-12.34	0.3446178398332591
-6.17	-13.57	0.3320139163333458
-6.17	-14.8	0.3365389493279447
-6.17	-16.03	0.3500825744649498
-6.17	-17.26	0.3382968904225923
-6.16	-18.49	0.3542054819074474
-6.16	-19.73	0.3451571055224653
-6.16	-20.96	0.33386868916758644
-6.16	-22.18	0.3480179273542986
-6.16	-23.41	0.3393999306109006
-6.16	-24.64	0.3444971963720249
-6.16	-25.87	0.3271612152775582
-6.16	-27.08	0.32322657636844476
-6.15	-28.31	0.3169603715082244
-6.16	-29.55	0.3253412815723848
-6.16	-30.78	0.3092790314105825
-6.15	-31.98	0.3437664182947099
-6.14	-33.16	0.35998293753706967
-6.13	-34.34	0.4068956770560751
-6.12	-35.48	0.36610453107185525
-6.09	-36.55	0.4804213935562689
-6.04	-37.42	0.6171474603489729
-4.84	-37.5	0.3036776393466099
-4.88	-36.58	0.41549388233075735
-4.9	-35.49	0.37042017927637827
-4.91	-34.35	0.3932320206356774
-4.91	-33.17	0.34355334986718966
-4.92	-31.99	0.35230965968343425
-4.93	-30.78	0.3194085967780492
-4.92	-29.54	0.3158003262741558
-4.92	-28.31	0.31613962931818584
-4.93	-27.09	0.3234578158643917
-4.93	-25.87	0.32702568218740385
-4.93	-24.64	0.3412103433770014
-4.93	-23.41	0.3493907226249573
-4.93	-22.18	0.34372846672461627
-4.93	-20.96	0.3581406241230495
-4.93	-19.73	0.3424723799446398
-4.93	-18.5	0.3421563940206676
-4.93	-17.26	0.34023409967701607
-4.93	-16.04	0.3295207281138801
-4.93	-14.8	0.3294613072395339
-4.93	-13.57	0.3166181710934865
-4.93	-12.34	0.3320044737347815
-4.94	-11.1	0.33507588804678906
-4.94	-9.87	0.3321638816423251
-4.94	-8.64	0.316855709687005
-4.94	-7.41	0.34433768637783263
-4.94	-6.17	0.3370270537627594
-4.94	-4.94	0.3268582177126948
-4.94	-3.7	0.32919034517271495
-4.94	-2.47	0.32188587838586463
-4.94	-1.24	0.32636581753767435
-4.94	0.0	0.33026326824342384
-4.94	1.24	0.335953380666393
-4.94	2.47	0.33658756680223395
-4.94	3.7	0.34822133980342596
-4.94	4.94	0.3296489552820668
-4.94	6.17	0.3231015456991519
-4.94	7.41	0.3227560320015754
-4.94	8.64	0.32628421264326257
-4.94	9.87	0.327709418558302
-4.94	11.1	0.34092402405626254
-4.93	12.34	0.31844554513331025
-4.93	13.57	0.32675028685249635
-4.93	14.8	0.3237499839871496
-4.93	16.04	0.32663959534915793
-4.93	17.26	0.31965168146067563
-4.93	18.5	0.3165462399946927
-4.93	19.73	0.30480626107960956
-4.93	20.96	0.3172747106656625
-4.93	22.18	0.3052059827138414
-4.93	23.41	0.3172159850346197
-4.93	24.64	0.311141428632732
-4.93	25.87	0.3247968072202377
-4.93	27.09	0.32138521312248225
-4.92	28.31	0.35262063644569375
-4.92	29.54	0.36582558554564304
-4.93	30.78	0.33060302765483957
-4.92	31.99	0.3663522863342656
-4.91	33.17	0.3871186485812476
-4.91	34.35	0.3759342417240774
-4.9	35.49	0.3685024086474482
-4.88	36.58	0.4668893057424196
-4.84	37.5	0.37344709233754403
-3.63	37.55	0.6802787239415045
-3.66	36.6	0.41451984621590776
-3.67	35.51	0.3637485497133478
-3.68	34.35	0.36216903296172076
-3.69	33.18	0.37693979280678724
-3.69	32.0	0.35300985587533334
-3.69	30.78	0.35775469226574874
-3.69	29.54	0.3641593955415356
-3.69	28.31	0.3524453655670264
-3.69	27.09	0.3121493708298638
-3.7	25.87	0.32082153054217766
-3.7	24.64	0.31432046051247325
-3.7	23.41	0.3112843005317118
-3.7	22.19	0.31740510385993564
-3.7	20.96	0.32293263646289094
-3.7	19.73	0.3212798925300368
-3.7	18.5	0.33073421503938694
-3.7	17.27	0.32497359324956654
-3.7	16.04	0.32939222807205537
-3.7	14.8	0.31554109913843026
-3.7	13.57	0.311716545575013
-3.7	12.34	0.33636355466288004
-3.7	11.11	0.3171412890855799
-3.7	9.88	0.31854220290879076
-3.7	8.64	0.33488218614262716
-3.7	7.41	0.3457619648338377
-3.7	6.17	0.33232193696458007
-3.7	4.94	0.33343754496693806
-3.71	3.71	0.3527239861865642
-3.7	2.47	0.33539411788496487
-3.7	1.23	0.33986978473405166
-3.7	-0.0	0.33054565685578763
-3.7	-1.23	0.32508576530599975
-3.7	-2.47	0.3183751100373239
-3.71	-3.71	0.32968324331510435
-3.7	-4.94	0.33242189526230637
-3.7	-6.17	0.32568069446887243
-3.7	-7.41	0.32653636117649515
-3.7	-8.64	0.33440805205831586
-3.7	-9.88	0.3214268341752218
-3.7	-11.11	0.3179647210054712
-3.7	-12.34	0.33343462475650343
-3.7	-13.57	0.31663193385613253
-3.7	-14.8	0.3365698998532347
-3.7	-16.04	0.34553426808561805
-3.7	-17.27	0.3420970834103591
-3.7	-18.5	0.3389324201499234
-3.7	-19.73	0.34033222259856083
-3.7	-20.96	0.3377802362254477
-3.7	-22.19	0.3110799810118555
-3.7	-23.41	0.35264455933992456
-3.7	-24.64	0.3570653726123321
-3.7	-25.87	0.3308678427618742
-3.69	-27.09	0.3188856052487359
-3.69	-28.31	0.32770770057773885
-3.69	-29.54	0.3197963420888135
-3.69	-30.78	0.3065162252263927
-3.69	-32.0	0.35342724243982565
-3.69	-33.18	0.36647736470593667
-3.68	-34.35	0.3740072088049017
-3.67	-35.51	0.37964625654555784
-3.66	-36.6	0.37705387396380363
-3.63	-37.55	0.34518000355904
-2.42	-37.58	0.6599011656864325
-2.44	-36.61	0.3930917622302078
-2.45	-35.52	0.38762894481585064
-2.45	-34.36	0.36302765010412097
-2.46	-33.18	0.3655974619733041
-2.46	-32.0	0.3333874635304802
-2.46	-30.78	0.3091688051797025
-2.46	-29.54	0.31764517970628725
-2.46	-28.31	0.33584283566136963
-2.46	-27.09	0.32821968565629794
-2.46	-25.87	0.3334689189325311
-2.46	-24.64	0.3344113118885338
-2.46	-23.41	0.34396082050406446
-2.47	-22.19	0.34659528630017505
-2.47	-20.96	0.33734003989808914
-2.47	-19.73	0.3378385297341308
-2.47	-18.5	0.33639442106695683
-2.47	-17.27	0.33668629911012016
-2.47	-16.04	0.3321132922417375
-2.47	-14.8	0.3301776724296474
-2.47	-13.57	0.3503997772463263
-2.47	-12.34	0.3520325288478473
-2.47	-11.11	0.32845251974684286
-2.47	-9.88	0.32353548024091566
-2.47	-8.64	0.3155056972045055
-2.47	-7.41	0.33747785724552126
-2.47	-6.17	0.3210232721328435
-2.47	-4.94	0.33274169605995474
-2.47	-3.7	0.32747722011122493
-2.47	-2.47	0.3141337082975199
-2.47	-1.24	0.31998479424812387
-2.47	0.0	0.33405474439859845
-2.47	1.24	0.33295613111453076
-2.47	2.47	0.3308189156611115
-2.47	3.7	0.3543387699624235
-2.47	4.94	0.32587161261031045
-2.47	6.17	0.32906100011062134
-2.47	7.41	0.32488116707203035
-2.47	8.64	0.3227857862243822
-2.47	9.88	0.3366967384570764
-2.47	11.11	0.32957402612334913
-2.47	12.34	0.3408032482891436
-2.47	13.57	0.32090782780161003
-2.47	14.8	0.30919349453735556
-2.47	16.04	0.3209409448859454
-2.47	17.27	0.322658107800406
-2.47	18.5	0.31352016351799766
-2.47	19.73	0.30576544361741265
-2.47	20.96	0.3142000544352322
-2.47	22.19	0.30818668675220057
-2.46	23.41	0.3181220602525113
-2.46	24.64	0.3108178121009975
-2.46	25.87	0.3267051960889256
-2.46	27.09	0.3113328023560772
-2.46	28.31	0.3266511600672765
-2.46	29.54	0.352913775096166
-2.46	30.78	0.3361095492783099
-2.46	32.0	0.33930775130976926
-2.46	33.18	0.38273189049385653
-2.45	34.36	0.3752035446026397
-2.45	35.52	0.36667835677498406
-2.44	36.61	0.43556430815216884
-2.42	37.58	0.6357251332563231
-1.21	37.6	0.6899203124155928
-1.22	36.62	0.4163647638141271
-1.22	35.52	0.3523712420653492
-1.23	34.36	0.3534218285168267
-1.23	33.18	0.34935714333649626
-1.23	32.0	0.35395431962986657
-1.23	30.78	0.3246782630440698
-1.23	29.54	0.35555065923006274
-1.23	28.31	0.345101289044907
-1.23	27.09	0.31164955908529324
-1.23	25.87	0.3156346680738997
-1.23	24.64	0.321524745615863
-1.23	23.41	0.3151084577241491
-1.23	22.19	0.31676746302881176
-1.23	20.96	0.3171575003977614
-1.23	19.73	0.32755473945093344
-1.23	18.5	0.32186697064693187
-1.23	17.27	0.3089797499643332
-1.23	16.04	0.3159594784475845
-1.23	14.8	0.3296640201852793
-1.23	13.57	0.325302376151622
-1.23	12.34	0.3129465144128386
-1.23	11.11	0.3320681957409494
-1.23	9.88	0.3352165320691762
-1.23	8.64	0.32136098765954524
-1.23	7.41	0.32851029420581424
-1.23	6.17	0.3424930566119976
-1.24	4.94	0.33869631615502377
-1.23	3.7	0.36150243707829366
-1.24	2.47	0.34654533838712626
-1.24	1.24	0.33987398215352155
-1.24	-0.0	0.3298062394971198
-1.24	-1.24	0.32769389723302506
-1.24	-2.47	0.31040166374082007
-1.23	-3.7	0.3318486804254467
-1.24	-4.94	0.3169690854175123
-1.23	-6.17	0.3389996992413257
-1.23	-7.41	0.307134753682329
-1.23	-8.64	0.3247604917017984
-1.23	-9.88	0.3159326717825555
-1.23	-11.11	0.32651567091162975
-1.23	-12.34	0.3213491128251372
-1.23	-13.57	0.309568126188315
-1.23	-14.8	0.3200719911089567
-1.23	-16.04	0.3329505526821681
-1.23	-17.27	0.3484931098573914
-1.23	-18.5	0.336151891397766
-1.23	-19.73	0.3419095112857947
-1.23	-20.96	0.3411895088839459
-1.23	-22.19	0.3468441959135774
-1.23	-23.41	0.3350687021360247
-1.23	-24.64	0.3494134163721053
-1.23	-25.87	0.3426423619549639
-1.23	-27.09	0.32373212253148154
-1.23	-28.31	0.3175549675457966
-1.23	-29.54	0.3006167409156814
-1.23	-30.78	0.30982854862342596
-1.23	-32.0	0.3405450965718917
-1.23	-33.18	0.3698026997738328
-1.23	-34.36	0.3650934839144083
-1.22	-35.52	0.36281687774259785
-1.22	-36.62	0.3843810425753661
-1.21	-37.6	0.6042371610577216
0.0	-37.6	0.5041082025862604
0.0	-36.62	0.3630013993989928
0.0	-35.52	0.36518270553541965
0.0	-34.36	0.3761918256907205
0.0	-33.19	0.3479577590266511
0.0	-32.0	0.3247285580724035
0.0	-30.78	0.3210681782987293
0.0	-29.54	0.3121088788886486
0.0	-28.31	0.3373657088425038
0.0	-27.09	0.3214367309345247
0.0	-25.87	0.33981113774930927
0.0	-24.64	0.3434648277454455
0.0	-23.41	0.33714802961600865
0.0	-22.19	0.3304128930075445
0.0	-20.96	0.34797939719466586
0.0	-19.73	0.3574409976226313
0.0	-18.5	0.35297104253457995
0.0	-17.27	0.33934590123833325
0.0	-16.04	0.3206156426913276
0.0	-14.8	0.3107055824602058
0.0	-13.57	0.33488057643989416
0.0	-12.34	0.31672126137360757
0.0	-11.11	0.32449280264312313
0.0	-9.88	0.33139293874873615
0.0	-8.64	0.3264095969760416
0.0	-7.41	0.3327113809373738
0.0	-6.17	0.33781848608325094
0.0	-4.94	0.3218600008972519
0.0	-3.7	0.31533631020744296
0.0	-2.47	0.32604774040980916
0.0	-1.24	0.3261792051173968
0.0	0.0	0.33177759613048324
0.0	1.24	0.32970089154795595
0.0	2.47	0.3402587871004722
0.0	3.7	0.3485651725192944
0.0	4.94	0.33339205986377596
0.0	6.17	0.34387365773419837
0.0	7.41	0.3406842989665574
0.0	8.64	0.32363181031858457
0.0	9.88	0.3221957862005787
0.0	11.11	0.33289827074650424
0.0	12.34	0.3154777296768673
0.0	13.57	0.3160427558161361
0.0	14.8	0.3154821587607158
0.0	16.04	0.32194072054865186
0.0	17.27	0.32975356430178365
0.0	18.5	0.32075727272697463
0.0	19.73	0.3213765987851273
0.0	20.96	0.3185490436957436
0.0	22.19	0.31318015308249786
0.0	23.41	0.31044161392162584
0.0	24.64	0.3153642887572617
0.0	25.87	0.3252800055933043
0.0	27.09	0.31319125285075233
0.0	28.31	0.3314475091438628
0.0	29.54	0.3743611032990477
0.0	30.78	0.34054994205715505
0.0	32.0	0.3411005640284347
0.0	33.19	0.3901050435143481
0.0	34.36	0.3702469168318498
0.0	35.52	0.3692914806754576
0.0	36.62	0.4192607013517582
0.0	37.6	0.6945032379554588
1.21	37.6	0.6314920958031034
1.22	36.62	0.4264215453682644
1.22	35.52	0.37647295460664476
1.23	34.36	0.34329872105163295
1.23	33.18	0.3669218220242543
1.23	32.0	0.35993530443069904
1.23	30.78	0.33286488183085405
1.23	29.54	0.35300685771885776
1.23	28.31	0.33577763563261975
1.23	27.09	0.3222699991938697
1.23	25.87	0.3244945109077144
1.23	24.64	0.30394078130116603
1.23	23.41	0.31930857164653076
1.23	22.19	0.3157540553122932
1.23	20.96	0.3250249715796079
1.23	19.73	0.31037588295390145
1.23	18.5	0.30660740636232064
1.23	17.27	0.3244236606884787
1.23	16.04	0.3229195724508819
1.23	14.8	0.3265993246571584
1.23	13.57	0.32311739858346283
1.23	12.34	0.3214500570816387
1.23	11.11	0.3230189229613705
1.23	9.88	0.32191737144073285
1.23	8.64	0.34281188408049634
1.23	7.41	0.3352073049906887
1.23	6.17	0.33022505181639017
1.24	4.94	0.33839223657143913
1.23	3.7	0.33449874406365965
1.24	2.47	0.3320175842314196
1.24	1.24	0.3323537316463966
1.24	-0.0	0.31823854826225906
1.24	-1.24	0.32746461101087376
1.24	-2.47	0.30929373677290845
1.23	-3.7	0.3168763549402388
1.24	-4.94	0.327828322303005
1.23	-6.17	0.3279910659937445
1.23	-7.41	0.3251756801743029
1.23	-8.64	0.3325616968679056
1.23	-9.88	0.3204746868939928
1.23	-11.11	0.31595902575612694
1.23	-12.34	0.31424745078869415
1.23	-13.57	0.3401530247203579
1.23	-14.8	0.3405486096292641
1.23	-16.04	0.34552012795634157
1.23	-17.27	0.3517647916633165
1.23	-18.5	0.3653444060172305
1.23	-19.73	0.3576871845244401
1.23	-20.96	0.34293836126318433
1.23	-22.19	0.3538468344202934
1.23	-23.41	0.3388840597375594
1.23	-24.64	0.3575884497208848
1.23	-25.87	0.3332890848997717
1.23	-27.09	0.32113489895371106
1.23	-28.31	0.32052268752446933
1.23	-29.54	0.3318658427109358
1.23	-30.78	0.31952641289726896
1.23	-32.0	0.33480132894766296
1.23	-33.18	0.3732128755460496
1.23	-34.36	0.37291896058325014
1.22	-35.52	0.36203682845460183
1.22	-36.62	0.3669205762472493
1.21	-37.6	0.408090989563326
2.42	-37.58	0.3137158826076172
2.44	-36.61	0.4057521455026284
2.45	-35.52	0.38397591351800586
2.45	-34.36	0.37040951233750197
2.46	-33.18	0.3486402358233932
2.46	-32.0	0.31560335978439175
2.46	-30.78	0.32335572251924344
2.46	-29.54	0.31365602850013335
2.46	-28.31	0.33182071300377414
2.46	-27.09	0.3274309890884196
2.46	-25.87	0.3499047114164222
2.46	-24.64	0.34505242112893925
2.46	-23.41	0.3282439875793472
2.47	-22.19	0.3471945427207741
2.47	-20.96	0.3507324797801895
2.47	-19.73	0.35329619924126154
2.47	-18.5	0.352059874317677
2.47	-17.27	0.3459746992795861
2.47	-16.04	0.3372212086524487
2.47	-14.8	0.339839909005383
2.47	-13.57	0.32913308349068415
2.47	-12.34	0.32351958129147956
2.47	-11.11	0.33129114417465033
2.47	-9.88	0.32382398718924055
2.47	-8.64	0.315107412790794
2.47	-7.41	0.3212506058826826
2.47	-6.17	0.3332047297269516
2.47	-4.94	0.3196100286925808
2.47	-3.7	0.32691595731848216
2.47	-2.47	0.32719163763408393
2.47	-1.24	0.33650858819794427
2.47	0.0	0.33285287997000895
2.47	1.24	0.3486235868393185
2.47	2.47	0.3528190932905778
2.47	3.7	0.328695610085462
2.47	4.94	0.33161843665917656
2.47	6.17	0.33831110805733083
2.47	7.41	0.3269653856111863
2.47	8.64	0.32866437607626303
2.47	9.88	0.3374036358484357
2.47	11.11	0.32479174104726166
2.47	12.34	0.3303638685080272
2.47	13.57	0.314752277391222
2.47	14.8	0.31135152451224596
2.47	16.04	0.3190980813948749
2.47	17.27	0.31620622117855834
2.47	18.5	0.3090371190927935
2.47	19.73	0.3130186082567446
2.47	20.96	0.33257631320933767
2.47	22.19	0.3280789845536261
2.46	23.41	0.31615371301961925
2.46	24.64	0.3153809793408465
2.46	25.87	0.3243150099566062
2.46	27.09	0.3225304366268861
2.46	28.31	0.33678887226288845
2.46	29.54	0.33538611090337955
2.46	30.78	0.3528490574552509
2.46	32.0	0.3536737838747158
2.46	33.18	0.3822345181306266
2.45	34.36	0.33880878242673984
2.45	35.52	0.3655864072829057
2.44	36.61	0.41263177479475655
2.42	37.58	0.6051014193765752
3.63	37.55	0.6858621950190948
3.66	36.6	0.41209349136547824
3.67	35.51	0.35051800617847806
3.68	34.35	0.3675514454303461
3.69	33.18	0.3657035162608823
3.69	32.0	0.36144611166605806
3.69	30.78	0.34604583291569535
3.69	29.54	0.35259492790603797
3.69	28.31	0.34671196429996537
3.69	27.09	0.32054510793469343
3.7	25.87	0.3312578295682592
3.7	24.64	0.31520275481140014
3.7	23.41	0.31711035903697715
3.7	22.19	0.3139139107649158
3.7	20.96	0.3113458570225611
3.7	19.73	0.31440390152241404
3.7	18.5	0.30910913022196856
3.7	17.27	0.3126543983624116
3.7	16.04	0.31801087519720067
3.7	14.8	0.3166310014322437
3.7	13.57	0.3506454397166248
3.7	12.34	0.3246647216046782
3.7	11.11	0.4
3.7	9.88	0.3416235586304487
3.7	8.64	0.3258984369488429
3.7	7.41	0.34159742269017934
3.7	6.17	0.3381868348275208
3.7	4.94	0.32657674554602417
3.71	3.71	0.3408632850887925
3.7	2.47	0.33488989747882325
3.7	1.23	0.34106057831161674
3.7	-0.0	0.33841375462122575
3.7	-1.23	0.32775136198338395
3.7	-2.47	0.3286521597767841
3.71	-3.71	0.32166612985671783
3.7	-4.94	0.32689340602894046
3.7	-6.17	0.31256626510255286
3.7	-7.41	0.34194588496710077
3.7	-8.64	0.32661432657940437
3.7	-9.88	0.3127040681909246
3.7	-11.11	0.31783792517036563
3.7	-12.34	0.3294562500802217
3.7	-13.57	0.3301078595087277
3.7	-14.8	0.32322274167621484
3.7	-16.04	0.3497181663416083
3.7	-17.27	0.33477236716011394
3.7	-18.5	0.34457904529494915
3.7	-19.73	0.3523076593110619
3.7	-20.96	0.3288314255734029
3.7	-22.19	0.36535953481278866
3.7	-23.41	0.3364293332213338
3.7	-24.64	0.3396559172447478
3.7	-25.87	0.34315465635455294
3.69	-27.09	0.3240439268414699
3.69	-28.31	0.33042386517181177
3.69	-29.54	0.31445250727319934
3.69	-30.78	0.3125958860048838
3.69	-32.0	0.33916629939480264
3.69	-33.18	0.3406657885093957
3.68	-34.35	0.3515159027839192
3.67	-35.51	0.3823037613435881
3.66	-36.6	0.4013974761927799
3.63	-37.55	0.4696998581506232
4.84	-37.5	0.41215831398472913
4.88	-36.58	0.36083390699384565
4.9	-35.49	0.3586153783335718
4.91	-34.35	0.38948868227527644
4.91	-33.17	0.3421412895742297
4.92	-31.99	0.350330632944765
4.93	-30.78	0.3043039489736615
4.92	-29.54	0.30260524215594264
4.92	-28.31	0.3271152284103698
4.93	-27.09	0.33392227497413624
4.93	-25.87	0.33972186271853483
4.93	-24.64	0.32944059292824834
4.93	-23.41	0.3321239166453274
4.93	-22.18	0.3227109651173888
4.93	-20.96	0.3403406698910081
4.93	-19.73	0.34259961022119295
4.93	-18.5	0.34591329340079763
4.93	-17.26	0.32247571264647473
4.93	-16.04	0.3377891159819621
4.93	-14.8	0.34793676584690447
4.93	-13.57	0.3410922306800382
4.93	-12.34	0.3525388598350535
4.94	-11.1	0.3120778330676728
4.94	-9.87	0.33269753840971866
4.94	-8.64	0.32052762656875877
4.94	-7.41	0.31611098469027
4.94	-6.17	0.3250219391737711
4.94	-4.94	0.3223032606526493
4.94	-3.7	0.3341973046539456
4.94	-2.47	0.31945445634173225
4.94	-1.24	0.3140496503420605
4.94	0.0	0.3286954114820567
4.94	1.24	0.32886589984803605
4.94	2.47	0.3302369578519824
4.94	3.7	0.3404956867418189
4.94	4.94	0.3373122254381863
4.94	6.17	0.32996049873088495
4.94	7.41	0.33080977472699025
4.94	8.64	0.32468222844205724
4.94	9.87	0.32330152123022404
4.94	11.1	0.32830383763650134
4.93	12.34	0.33109654580496894
4.93	13.57	0.32086156070069266
4.93	14.8	0.3210299804473649
4.93	16.04	0.3354320201940199
4.93	17.26	0.30667046233780376
4.93	18.5	0.30139632503784364
4.93	19.73	0.3023555072145592
4.93	20.96	0.3129952119114868
4.93	22.18	0.3171564233495096
4.93	23.41	0.31485553822326656
4.93	24.64	0.3188501013874521
4.93	25.87	0.3122718679984328
4.93	27.09	0.30407958458495654
4.92	28.31	0.35895932729983643
4.92	29.54	0.3518612373421354
4.93	30.78	0.3175699403838028
4.92	31.99	0.3435901314685005
4.91	33.17	0.34784067042057204
4.91	34.35	0.37022959595095883
4.9	35.49	0.3680347763950529
4.88	36.58	0.46332869729627457
4.84	37.5	0.1000000000002041
6.04	37.42	0.2430592487580166
6.09	36.55	0.4468741045036404
6.12	35.48	0.37166827317044937
6.13	34.34	0.3565676597754298
6.14	33.16	0.3395138986029683
6.15	31.98	0.3524002777926613
6.16	30.78	0.3372502821472978
6.16	29.55	0.33513166510491343
6.15	28.31	0.35410533853093146
6.16	27.08	0.31928868946982386
6.16	25.87	0.31389716745970975
6.16	24.64	0.3203302653194753
6.16	23.41	0.3146595504744548
6.16	22.18	0.31100837975392964
6.16	20.96	0.3143984794766278
6.16	19.73	0.31606072904119026
6.16	18.49	0.3168361063558338
6.17	17.26	0.3303653588077938
6.17	16.03	0.32028028614623977
6.17	14.8	0.312946360840037
6.17	13.57	0.31305514445198557
6.17	12.34	0.334983648212143
6.17	11.1	0.3251237794016267
6.17	9.87	0.3146549108470056
6.17	8.64	0.32242279647278255
6.17	7.41	0.3351704498760882
6.17	6.17	0.30432208182541587
6.17	4.94	0.32447073785602454
6.17	3.7	0.3195059937271685
6.17	2.47	0.3345996550997694
6.17	1.23	0.32397339050651464
6.17	-0.0	0.3074796012876817
6.17	-1.23	0.3061267466431012
6.17	-2.47	0.31654504132402894
6.17	-3.7	0.3352688976887975
6.17	-4.94	0.301838592999145
6.17	-6.17	0.32187826368607086
6.17	-7.41	0.3215531114331921
6.17	-8.64	0.31194242035471936
6.17	-9.87	0.3353074614346497
6.17	-11.1	0.3354061196207508
6.17	-12.34	0.3311859491375536
6.17	-13.57	0.33540112112445813
6.17	-14.8	0.32714484881095174
6.17	-16.03	0.32845961328065737
6.17	-17.26	0.34504336961143295
6.16	-18.49	0.33485158489418515
6.16	-19.73	0.35472913098017855
6.16	-20.96	0.33743250088739957
6.16	-22.18	0.3467222609694512
6.16	-23.41	0.33768456305100353
6.16	-24.64	0.33996917149158457
6.16	-25.87	0.3346477531063825
6.16	-27.08	0.3208806180351486
6.15	-28.31	0.31686694370131885
6.16	-29.55	0.3046641178450427
6.16	-30.78	0.3174211949260726
6.15	-31.98	0.3651449036712102
6.14	-33.16	0.3643911450702681
6.13	-34.34	0.37227487242190516
6.12	-35.48	0.35742124210142834
6.09	-36.55	0.4133995837272575
6.04	-37.42	0.49518392090797203
7.22	-37.3	0.6170808313492411
7.3	-36.51	0.428643213952406
7.34	-35.46	0.36135486806680395
7.36	-34.33	0.3641760647849176
7.37	-33.15	0.3508887563404539
7.38	-31.97	0.3388632335353137
7.39	-30.78	0.31726245063302827
7.39	-29.55	0.31033461406731827
7.38	-28.31	0.3157824250995127
7.39	-27.08	0.3162215366489647
7.39	-25.86	0.33555343191350895
7.39	-24.64	0.32974873369841085
7.39	-23.41	0.3439286336313186
7.39	-22.18	0.35222333254303634
7.4	-20.95	0.3475574436475092
7.4	-19.73	0.3442427087450246
7.4	-18.49	0.36215684694143563
7.4	-17.26	0.3443766378604086
7.4	-16.03	0.32224363528147776
7.4	-14.8	0.32570814265640685
7.4	-13.57	0.33780980549970807
7.4	-12.34	0.32458489916659644
7.4	-11.1	0.30815065613621084
7.4	-9.87	0.3339786205252186
7.4	-8.64	0.317470157838992
7.41	-7.41	0.33220996402056224
7.41	-6.17	0.3320667100530534
7.41	-4.94	0.315451173326588
7.41	-3.7	0.3162383870940876
7.41	-2.47	0.32438686413659906
7.41	-1.23	0.3173530668820603
7.41	0.0	0.3337546547192466
7.41	1.23	0.34007451188388327
7.41	2.47	0.32085232528905616
7.41	3.7	0.32506049317608854
7.41	4.94	0.3392036693608679
7.41	6.17	0.3111933242206786
7.41	7.41	0.3097832164297726
7.4	8.64	0.31520516626414125
7.4	9.87	0.311220013369825
7.4	11.1	0.3233776797671427
7.4	12.34	0.32731391912935875
7.4	13.57	0.312737614846706
7.4	14.8	0.3189903557285734
7.4	16.03	0.31090460523203983
7.4	17.26	0.3309382524961963
7.4	18.49	0.3135630631116101
7.4	19.73	0.3256378710800667
7.4	20.95	0.304540182675543
7.39	22.18	0.3035291433590495
7.39	23.41	0.31825895098197327
7.39	24.64	0.30508971826171016
7.39	25.86	0.30638889803862196
7.39	27.08	0.33011198979178746
7.38	28.31	0.36254967891340306
7.39	29.55	0.32991373025220755
7.39	30.78	0.3412398768660453
7.38	31.97	0.3612188502565289
7.37	33.15	0.3448465200432338
7.36	34.33	0.37266765089555076
7.34	35.46	0.39732459340057613
7.3	36.51	0.5221386447564531
7.22	37.3	0.3521109186766518
8.51	36.45	0.584924981390411
8.55	35.43	0.3654896649430045
8.58	34.31	0.36156319507594425
8.59	33.14	0.35210663863630004
8.6	31.96	0.36118190443868353
8.62	30.77	0.3502908855389313
8.62	29.55	0.33973720694233556
8.62	28.31	0.35023414170981565
8.62	27.08	0.3489655138615664
8.62	25.86	0.32663867240868194
8.62	24.64	0.3277412059581714
8.62	23.41	0.3218452391777829
8.62	22.18	0.3225834256023169
8.63	20.95	0.3242825353177645
8.63	19.72	0.3124255613236909
8.63	18.49	0.3089185590128848
8.63	17.26	0.3162431462169528
8.63	16.03	0.30453797996745646
8.63	14.8	0.3221195564407252
8.64	13.57	0.31847060724240833
8.64	12.34	0.3280100099958666
8.64	11.1	0.3359095711858262
8.64	9.87	0.33220661011416075
8.64	8.64	0.33525197970010684
8.64	7.4	0.3331277965724896
8.64	6.17	0.3392021734957335
8.64	4.94	0.33094025153892626
8.64	3.7	0.32990966352454004
8.64	2.47	0.32414882696774056
8.64	1.23	0.33166574062706355
8.64	-0.0	0.3165627283711735
8.64	-1.23	0.3349858723732791
8.64	-2.47	0.34532492826548244
8.64	-3.7	0.34137991894906256
8.64	-4.94	0.32394032304870674
8.64	-6.17	0.320366939385826
8.64	-7.4	0.3211956174934155
8.64	-8.64	0.32313138452277823
8.64	-9.87	0.31583386634064975
8.64	-11.1	0.3217284377680158
8.64	-12.34	0.3281884545748124
8.64	-13.57	0.33645605319126715
8.63	-14.8	0.32801741556196473
8.63	-16.03	0.336816253725433
8.63	-17.26	0.33925027671068075
8.63	-18.49	0.3511939054876003
8.63	-19.72	0.3444471554629142
8.63	-20.95	0.35398331023355856
8.62	-22.18	0.3444177112453432
8.62	-23.41	0.340501278295955
8.62	-24.64	0.31979914293500095
8.62	-25.86	0.33182678144835415
8.62	-27.08	0.32485068063237293
8.62	-28.31	0.3968635977018419
8.62	-29.55	0.2974221764207125
8.62	-30.77	0.3316867798496872
8.6	-31.96	0.33431170849514596
8.59	-33.14	0.33899994948398665
8.58	-34.31	0.3784658436994489
8.55	-35.43	0.34623178679381783
8.51	-36.45	0.4689043133460543
9.7	-36.37	0.4938827879675384
9.76	-35.39	0.3639984760515377
9.8	-34.29	0.3683845883977125
9.82	-33.13	0.36924095142349544
9.83	-31.95	0.3587178848371239
9.84	-30.76	0.3416818052930399
9.85	-29.55	0.3016823621129321
9.85	-28.31	0.30424848996845716
9.85	-27.08	0.3193952178440605
9.85	-25.85	0.32118450961619777
9.85	-24.63	0.3424820109673552
9.86	-23.41	0.32752579182491015
9.86	-22.18	0.3337318290761602
9.86	-20.95	0.3345087730109274
9.86	-19.72	0.3398481441852738
9.86	-18.49	0.3281763774604867
9.86	-17.26	0.33271391032566505
9.86	-16.03	0.34466649857553416
9.87	-14.8	0.33896031570951296
9.87	-13.57	0.33032125625128156
9.87	-12.34	0.33161662700846867
9.87	-11.1	0.3291757844413117
9.87	-9.87	0.31871488782620383
9.87	-8.64	0.31006900139114923
9.87	-7.4	0.31967123170629175
9.87	-6.17	0.32420080651364985
9.87	-4.94	0.34495338620945676
9.88	-3.7	0.32102884144672367
9.88	-2.47	0.3231343850240853
9.88	-1.23	0.3146721677167485
9.88	0.0	0.31442990295050505
9.88	1.23	0.321802436573624
9.88	2.47	0.326461817276029
9.88	3.7	0.320244732176615
9.87	4.94	0.3231875225844696
9.87	6.17	0.33763827609393854
9.87	7.4	0.3332307158517632
9.87	8.64	0.3274194759520667
9.87	9.87	0.32866740700774694
9.87	11.1	0.31612014073382494
9.87	12.34	0.3392034784836863
9.87	13.57	0.32398966198147483
9.87	14.8	0.324951724804122
9.86	16.03	0.32534921758449054
9.86	17.26	0.3211818145984393
9.86	18.49	0.3140755034110616
9.86	19.72	0.31563203184277633
9.86	20.95	0.32738837273832005
9.86	22.18	0.31841569434387
9.86	23.41	0.3154002579832923
9.85	24.63	0.3156277602264016
9.85	25.85	0.3195230122903533
9.85	27.08	0.3455239211712103
9.85	28.31	0.3412731760173304
9.85	29.55	0.3338755860119152
9.84	30.76	0.3548205452312586
9.83	31.95	0.37280848712570325
9.82	33.13	0.36295604762658196
9.8	34.29	0.3586177503544894
9.76	35.39	0.388785012734182
9.7	36.37	0.7335573672618863
10.88	36.26	0.2585405026585158
10.97	35.34	0.417309121221904
11.01	34.26	0.37702322207064465
11.04	33.11	0.35669126592879863
11.05	31.93	0.35293171594261635
11.07	30.75	0.34219260921153366
11.08	29.55	0.3261018426708751
11.08	28.32	0.33317638280090167
11.08	27.08	0.4568333527147304
11.08	25.85	0.32324097116195716
11.08	24.63	0.3231908221677783
11.09	23.41	0.3145667363869698
11.09	22.18	0.30878111242765066
11.09	20.95	0.3206497821038036
11.09	19.72	0.30805481095826465
11.1	18.49	0.30979348693888265
11.1	17.26	0.32337730922525254
11.1	16.03	0.32699930995593535
11.1	14.8	0.3303971319736943
11.1	13.57	0.3203715061779665
11.1	12.34	0.33641919196798237
11.1	11.1	0.3269411598639743
11.1	9.87	0.3282555589854842
11.1	8.64	0.32660441844763727
11.1	7.4	0.37292996180608856
11.1	6.17	0.3309317120816945
11.1	4.94	0.3309721277905344
11.11	3.7	0.33995062407723603
11.11	2.47	0.3326305619630396
11.11	1.23	0.32521615901670603
11.11	-0.0	0.326207651061859
11.11	-1.23	0.34460186668243104
11.11	-2.47	0.3415866506568163
11.11	-3.7	0.32312646595357125
11.1	-4.94	0.33885925526755883
11.1	-6.17	0.33245200333303015
11.1	-7.4	0.32019312553534973
11.1	-8.64	0.3257217919276777
11.1	-9.87	0.3199721426487271
11.1	-11.1	0.31094505478292983
11.1	-12.34	0.31876793556601835
11.1	-13.57	0.32449642850469723
11.1	-14.8	0.331903193128493
11.1	-16.03	0.34376096104193676
11.1	-17.26	0.32274754227130176
11.1	-18.49	0.3245581735035097
11.09	-19.72	0.33363403399777136
11.09	-20.95	0.3380766440801647
11.09	-22.18	0.33135388777939856
11.09	-23.41	0.32498725683117186
11.08	-24.63	0.3284802671413887
11.08	-25.85	0.31923298474345685
11.08	-27.08	0.31466022203122346
11.08	-28.32	0.3057771658600034
11.08	-29.55	0.32067368166703886
11.07	-30.75	0.3485894842109431
11.05	-31.93	0.3417223438306703
11.04	-33.11	0.3686516555007965
11.01	-34.26	0.3446953054320081
10.97	-35.34	0.3569354471797087
10.88	-36.26	0.549910905664928
12.02	-36.05	0.4313514653231725
12.16	-35.27	0.4159328746335593
12.22	-34.22	0.3237800837303609
12.25	-33.09	0.35976847631918163
12.27	-31.91	0.35291945845642003
12.29	-30.73	0.34926265741715523
12.31	-29.54	0.3225408746507341
12.31	-28.32	0.31881968818442724
12.31	-27.08	0.3197211465300065
12.31	-25.85	0.3232575924784088
12.31	-24.63	0.3218475776980657
12.32	-23.4	0.3511216767721171
12.32	-22.18	0.34139097055330087
12.32	-20.94	0.34180006885035785
12.32	-19.72	0.3504912426932765
12.33	-18.49	0.34500542578914734
12.33	-17.26	0.3605454551056669
12.33	-16.03	0.34685337267185873
12.33	-14.8	0.3272318515691086
12.33	-13.56	0.3334587949190007
12.33	-12.33	0.34988321022604885
12.34	-11.1	0.32950664742554325
12.34	-9.87	0.3330856653985652
12.34	-8.64	0.31353605108130855
12.34	-7.4	0.33336859187443224
12.34	-6.17	0.32738002376818576
12.34	-4.93	0.3239185750790372
12.34	-3.7	0.34848595288244527
12.34	-2.47	0.3287597407472932
12.34	-1.23	0.32808676158418243
12.34	0.0	0.3248497493461634
12.34	1.23	0.31351196680120536
12.34	2.47	0.3314368269433086
12.34	3.7	0.33109134522273476
12.34	4.93	0.3073510158310171
12.34	6.17	0.3343500487711362
12.34	7.4	0.3220851040961626
12.34	8.64	0.32296102609399924
12.34	9.87	0.30624479426083295
12.34	11.1	0.3101643143126448
12.33	12.33	0.3232012993305624
12.33	13.56	0.3136848486599355
12.33	14.8	0.3185801844664513
12.33	16.03	0.3148083577549001
12.33	17.26	0.3140782616280032
12.33	18.49	0.32275140604026537
12.32	19.72	0.3173342602676356
12.32	20.94	0.3170005466977303
12.32	22.18	0.31540133804384873
12.32	23.4	0.31632176476951407
12.31	24.63	0.3258457743964191
12.31	25.85	0.33215491582561946
12.31	27.08	0.3507695745415291
12.31	28.32	0.32900385068740545
12.31	29.54	0.3420160684121524
12.29	30.73	0.3904049525467277
12.27	31.91	0.3324160852656053
12.25	33.09	0.36562702231970323
12.22	34.22	0.37531978811509814
12.16	35.27	0.47841608483139464
12.02	36.05	0.2885832324058144
13.34	35.17	0.6375485146164845
13.42	34.17	0.39954616511341456
13.47	33.06	0.3687506343876653
13.49	31.9	0.3482818690374476
13.51	30.71	0.37143333917451676
13.53	29.53	0.3453314663769214
13.54	28.32	0.3349308144222287
13.54	27.08	0.33496405373035926
13.54	25.85	0.36384560437490066
13.54	24.62	0.3460356061957996
13.55	23.4	0.3247911042742684
13.55	22.17	0.31403598894200513
13.55	20.94	0.31359304988686737
13.55	19.71	0.3125073429367098
13.56	18.49	0.3120243018053283
13.56	17.26	0.31351087217638535
13.56	16.03	0.31552349205703584
13.56	14.8	0.31913274315165757
13.56	13.56	0.32355917055168043
13.56	12.33	0.320472179901285
13.57	11.1	0.3102329137939884
13.57	9.87	0.3203686427106288
13.57	8.64	0.33037037149316734
13.57	7.4	0.3176591719394567
13.57	6.17	0.324182666462798
13.57	4.93	0.3259332770921386
13.57	3.7	0.3271816218512199
13.57	2.47	0.3344666602016475
13.57	1.23	0.3174575554626007
13.57	-0.0	0.3233713335258805
13.57	-1.23	0.32323132995442183
13.57	-2.47	0.3614039310680692
13.57	-3.7	0.3254511849217911
13.57	-4.93	0.3271753351562059
13.57	-6.17	0.32414459939947105
13.57	-7.4	0.3238603513621868
13.57	-8.64	0.32410576440435934
13.57	-9.87	0.32137614074138987
13.57	-11.1	0.3315917631707441
13.56	-12.33	0.3282044721724808
13.56	-13.56	0.3260553134727206
13.56	-14.8	0.3388022915270418
13.56	-16.03	0.32664185817348945
13.56	-17.26	0.3324286237420941
13.56	-18.49	0.3332961153503242
13.55	-19.71	0.34161383595706457
13.55	-20.94	0.3317779022297203
13.55	-22.17	0.3262685864503176
13.55	-23.4	0.333669523485618
13.54	-24.62	0.3286672449141573
13.54	-25.85	0.3232197785851611
13.54	-27.08	0.3074622709055236
13.54	-28.32	0.31111515885547286
13.53	-29.53	0.3507217597799594
13.51	-30.71	0.33634258282174184
13.49	-31.9	0.3718784761835575
13.47	-33.06	0.35255468703253734
13.42	-34.17	0.3418418620717576
13.34	-35.17	0.627275025859563
14.49	-35.02	0.5016262502501555
14.62	-34.1	0.3613833742634378
14.67	-33.02	0.34266466796709394
14.71	-31.87	0.36481637025393476
14.73	-30.69	0.3610819769997081
14.75	-29.51	0.3450488542107197
14.77	-28.31	0.32953963083958027
14.78	-27.09	0.32150645353850577
14.77	-25.85	0.31651323975728524
14.77	-24.62	0.3250441099256579
14.77	-23.39	0.32206509309323517
14.78	-22.17	0.3084772351450296
14.78	-20.94	0.32637852036511183
14.78	-19.71	0.3374357799453258
14.79	-18.48	0.31902421245502915
14.79	-17.25	0.352067416618801
14.79	-16.03	0.3504955602757313
14.79	-14.79	0.3436895283104347
14.8	-13.56	0.33016040504328187
14.8	-12.33	0.34119964293750393
14.8	-11.1	0.32058784212988767
14.8	-9.87	0.32293598427643205
14.8	-8.63	0.3416491437652464
14.8	-7.4	0.3323119261719714
14.8	-6.17	0.33236276893105604
14.8	-4.93	0.32984274638110134
14.8	-3.7	0.3151485051937831
14.8	-2.47	0.3202089121306809
14.8	-1.23	0.31880346863672615
14.8	0.0	0.33057084958720967
14.8	1.23	0.31683672573247945
14.8	2.47	0.3345576105232851
14.8	3.7	0.3239970235129237
14.8	4.93	0.31748715874596406
14.8	6.17	0.3181112022309036
14.8	7.4	0.3061408379681217
14.8	8.63	0.31944987065717645
14.8	9.87	0.3091926291872453
14.8	11.1	0.31701770467959545
14.8	12.33	0.31930940322148726
14.8	13.56	0.31338982419640227
14.79	14.79	0.3199892588094917
14.79	16.03	0.31542440341946243
14.79	17.25	0.3251330832990572
14.79	18.48	0.32148025675249087
14.78	19.71	0.3146298217848504
14.78	20.94	0.323884032428051
14.78	22.17	0.31449365806392093
14.77	23.39	0.33259223718255226
14.77	24.62	0.34155210721392243
14.77	25.85	0.3496803373339222
14.78	27.09	0.34333474754340565
14.77	28.31	0.355492064293196
14.75	29.51	0.3540334141277015
14.73	30.69	0.3649363951634199
14.71	31.87	0.3543345853898069
14.67	33.02	0.3639423033286747
14.62	34.1	0.4725729407705729
14.49	35.02	0.13706170294607656
15.79	34.0	0.5626084550494875
15.87	32.97	0.38868015521678967
15.92	31.84	0.3847444571421993
15.95	30.67	0.36223413556482764
15.97	29.48	0.3684337396014973
15.99	28.3	0.3554347117434786
16.01	27.09	0.3148469266233607
16.01	25.85	0.3325578217958042
16.0	24.62	0.3401631800013752
16.0	23.39	0.3276964911794983
16.01	22.16	0.31425680089777186
16.01	20.94	0.32278894363164473
16.02	19.71	0.3208552553901346
16.02	18.48	0.30243675379859297
16.02	17.25	0.32334520198722627
16.02	16.02	0.3118742346189727
16.03	14.79	0.3026552374718344
16.03	13.56	0.3328866555389089
16.03	12.33	0.31709765940031187
16.03	11.1	0.31461285873299966
16.03	9.86	0.3196065176277649
16.03	8.63	0.3111190227470422
16.03	7.4	0.31360635361257405
16.03	6.17	0.323708818365696
16.04	4.93	0.3167318011655066
16.04	3.7	0.32891923113507465
16.04	2.47	0.3227925672690463
16.04	1.23	0.3232509885797727
16.04	-0.0	0.3125572289876882
16.04	-1.23	0.30813978626291244
16.04	-2.47	0.3297041583719872
16.04	-3.7	0.325698167476161
16.04	-4.93	0.3355513897505548
16.03	-6.17	0.3350012777872661
16.03	-7.4	0.3391848906679173
16.03	-8.63	0.329980124988141
16.03	-9.86	0.32647850737906237
16.03	-11.1	0.34692526328997336
16.03	-12.33	0.3494018541709067
16.03	-13.56	0.34551322246182875
16.03	-14.79	0.3420858507185401
16.02	-16.02	0.3201001728170997
16.02	-17.25	0.3413977971811398
16.02	-18.48	0.3395989864407138
16.02	-19.71	0.32810917150737046
16.01	-20.94	0.32722151374793423
16.01	-22.16	0.32710324387643847
16.0	-23.39	0.3309065033875129
16.0	-24.62	0.31877736132284573
16.01	-25.85	0.31118434779348364
16.01	-27.09	0.31052192944370455
15.99	-28.3	0.34533470307720576
15.97	-29.48	0.34154783650177806
15.95	-30.67	0.36297573357235957
15.92	-31.84	0.3575353624820201
15.87	-32.97	0.32533134611033787
15.79	-34.0	0.46694928385801904
16.92	-33.85	0.5211695015857694
17.06	-32.9	0.3422253770982808
17.12	-31.8	0.3296280932308857
17.16	-30.65	0.3536474423409851
17.19	-29.46	0.3392831152367308
17.21	-28.27	0.35116589241217866
17.23	-27.08	0.3411825877966133
17.24	-25.86	0.3032745988788154
17.23	-24.62	0.4
17.23	-23.38	0.3116506703237853
17.23	-22.16	0.3052567937503923
17.24	-20.93	0.3196264180299471
17.25	-19.71	0.33041101846778936
17.25	-18.48	0.33052780880395005
17.25	-17.25	0.3260892977448309
17.25	-16.02	0.34047577308049937
17.25	-14.79	0.3269086970500924
17.26	-13.56	0.32344211424445946
17.26	-12.33	0.3275122113500902
17.26	-11.1	0.3198448616107219
17.26	-9.86	0.3288474701138235
17.26	-8.63	0.3199667283333665
17.26	-7.4	0.3224208700961543
17.26	-6.17	0.3221592011051632
17.26	-4.93	0.320043398904466
17.27	-3.7	0.3169087211023742
17.27	-2.47	0.3257881720731659
17.27	-1.23	0.3290752324915893
17.27	0.0	0.3386674136187377
17.27	1.23	0.33027310002155674
17.27	2.47	0.3218063756064751
17.27	3.7	0.3298150001105773
17.26	4.93	0.31804079456771867
17.26	6.17	0.3106797320248455
17.26	7.4	0.3085664974924363
17.26	8.63	0.3251778920396869
17.26	9.86	0.3172515290901602
17.26	11.1	0.33781309233112006
17.26	12.33	0.31805184337173864
17.26	13.56	0.3170263143901744
17.25	14.79	0.3258467458505633
17.25	16.02	0.3015837187771867
17.25	17.25	0.3115540461449463
17.25	18.48	0.3244210179803806
17.25	19.71	0.3193290259016992
17.24	20.93	0.31405351207012705
17.23	22.16	0.32196697222245607
17.23	23.38	0.3292343867197201
17.23	24.62	0.3403414442813966
17.24	25.86	0.3360637637217808
17.23	27.08	0.34657120147334175
17.21	28.27	0.373520861754788
17.19	29.46	0.38121362729249053
17.16	30.65	0.3600025688922093
17.12	31.8	0.3373012489385874
17.06	32.9	0.41767851139722956
16.92	33.85	0.6914389251485272
18.21	32.78	0.5275319557600444
18.31	31.74	0.35189996240981136
18.37	30.61	0.36533666683177457
18.4	29.44	0.3449329056292126
18.42	28.25	0.37432689338358155
18.45	27.06	0.3502658293230453
18.47	25.85	0.3652388792060717
18.47	24.63	0.337995530071263
18.46	23.39	0.3433435997367193
18.46	22.15	0.3228515773544035
18.47	20.93	0.3258564659420325
18.47	19.7	0.3209877744683434
18.48	18.48	0.32199253934330085
18.48	17.25	0.3226872406641544
18.48	16.02	0.30308288169174247
18.48	14.79	0.3265299277674229
18.49	13.56	0.3086206410546234
18.49	12.33	0.3226491705595388
18.49	11.1	0.32282192672934623
18.49	9.86	0.3133359910704521
18.49	8.63	0.3370528563560349
18.49	7.4	0.33064211306623115
18.49	6.16	0.3313224574573079
18.5	4.93	0.3303659642456619
18.5	3.7	0.33069752021401405
18.5	2.47	0.33233787287376937
18.5	1.23	0.32392066006738185
18.5	-0.0	0.3296259702295055
18.5	-1.23	0.31411048288242044
18.5	-2.47	0.3399585413986359
18.5	-3.7	0.32975278489451976
18.5	-4.93	0.3344982662094075
18.49	-6.16	0.3189277328569105
18.49	-7.4	0.32945079152219575
18.49	-8.63	0.3238754153614452
18.49	-9.86	0.32226471460820044
18.49	-11.1	0.34654599524051977
18.49	-12.33	0.34303010950571816
18.49	-13.56	0.32654590314683063
18.48	-14.79	0.32772758605312874
18.48	-16.02	0.34121504201822295
18.48	-17.25	0.33513062832655216
18.48	-18.48	0.3296091515476838
18.47	-19.7	0.3230536150648853
18.47	-20.93	0.32459844913709546
18.46	-22.15	0.301650960035114
18.46	-23.39	0.3112385627731704
18.47	-24.63	0.31264989321973063
18.47	-25.85	0.33700516507542494
18.45	-27.06	0.3334160353487223
18.42	-28.25	0.3284242253635087
18.4	-29.44	0.3463945601038496
18.37	-30.61	0.34314558891189223
18.31	-31.74	0.30587925827410933
18.21	-32.78	0.4407095694316384
19.32	-32.6	0.6440462693226525
19.48	-31.66	0.36254886927092156
19.56	-30.56	0.3264898209212074
19.61	-29.41	0.3516391274719818
19.63	-28.22	0.34328314564216283
19.66	-27.03	0.3252045883551348
19.68	-25.84	0.34825481367482775
19.7	-24.62	0.32625616071387414
19.7	-23.39	0.3176477933522087
19.69	-22.16	0.3136293240022787
19.69	-20.92	0.31793741334914405
19.7	-19.7	0.32396635443261285
19.7	-18.47	0.33027401727450206
19.71	-17.25	0.3292881624566738
19.71	-16.02	0.3229721209484568
19.71	-14.78	0.32802715455984577
19.71	-13.55	0.33235714151943846
19.72	-12.32	0.3093072704784909
19.72	-11.09	0.3197853793177569
19.72	-9.86	0.3321429778221891
19.72	-8.63	0.32731608118240296
19.73	-7.4	0.32866414950549694
19.73	-6.16	0.33990894677532135
19.73	-4.93	0.3368759998123184
19.73	-3.7	0.3452716854574526
19.73	-2.47	0.3264166143341397
19.73	-1.23	0.3150687559776558
19.73	0.0	0.32377235641313723
19.73	1.23	0.3234765838909536
19.73	2.47	0.3314604163265054
19.73	3.7	0.33422325429931815
19.73	4.93	0.3199598108304144
19.73	6.16	0.3254557520524833
19.73	7.4	0.3084954890522833
19.72	8.63	0.3122823258667471
19.72	9.86	0.3148267033881779
19.72	11.09	0.32005634356284385
19.72	12.32	0.32056093876759123
19.71	13.55	0.31842214930804336
19.71	14.78	0.301146562267784
19.71	16.02	0.29965974575464316
19.71	17.25	0.31966718281165213
19.7	18.47	0.3120884610319887
19.7	19.7	0.33424089384196604
19.69	20.92	0.31053255201066654
19.69	22.16	0.33684917358884
19.7	23.39	0.33359394998034486
19.7	24.62	0.3340807501536669
19.68	25.84	0.3696252112500013
19.66	27.03	0.3675256431828088
19.63	28.22	0.3653513656435997
19.61	29.41	0.36377637930111717
19.56	30.56	0.39317172722782223
19.48	31.66	0.44176537083765355
19.32	32.6	0.8999999996521412
20.61	31.52	0.5420568820043319
20.73	30.49	0.4016599375756683
20.8	29.36	0.36793698742604986
20.84	28.2	0.33121977277979897
20.87	27.01	0.3769992934723348
20.89	25.81	0.3746455404462807
20.92	24.61	0.35911449469830053
20.93	23.39	0.3336883541061603
20.93	22.16	0.3339760200892258
20.92	20.92	0.3281612059822473
20.92	19.69	0.31853912523887074
20.93	18.47	0.3125905588658193
20.93	17.24	0.3180084353234484
20.94	16.01	0.322862863030589
20.94	14.78	0.3066946501607668
20.94	13.55	0.29473945415314695
20.94	12.32	0.2941164951349865
20.95	11.09	0.3228020089067767
20.95	9.86	0.31546061905053735
20.95	8.63	0.3247491753669434
20.95	7.4	0.332147917715507
20.96	6.16	0.30840215290541634
20.96	4.93	0.3040897896821214
20.96	3.7	0.3399261283802559
20.96	2.47	0.32291055927379925
20.96	1.23	0.3329081401371235
20.96	-0.0	0.3349789497935065
20.96	-1.23	0.3308089649255323
20.96	-2.47	0.32951701551283874
20.96	-3.7	0.3263976164876272
20.96	-4.93	0.3233949633921749
20.96	-6.16	0.3161601514720346
20.95	-7.4	0.32526062193892374
20.95	-8.63	0.3391733831494805
20.95	-9.86	0.3346797794850376
20.95	-11.09	0.35115668874320516
20.94	-12.32	0.32641567028326623
20.94	-13.55	0.33191503241847947
20.94	-14.78	0.3331397739980363
20.94	-16.01	0.32574587822583206
20.93	-17.24	0.3364937720307524
20.93	-18.47	0.32696324165618895
20.92	-19.69	0.3090623146442543
20.92	-20.92	0.30431760224522814
20.93	-22.16	0.30479224817274425
20.93	-23.39	0.3177723356765968
20.92	-24.61	0.3407457997633324
20.89	-25.81	0.34092329849667524
20.87	-27.01	0.3341608962226786
20.84	-28.2	0.34169603451811037
20.8	-29.36	0.3184701845537651
20.73	-30.49	0.34172656573242444
20.61	-31.52	0.45308297174737444
21.63	-31.24	0.42984659178493845
21.87	-30.38	0.3966428801883066
21.97	-29.3	0.31474266530546
22.04	-28.16	0.32145498480578705
22.07	-26.98	0.3217440830096681
22.1	-25.78	0.3247086146977762
22.13	-24.59	0.34005574988841075
22.15	-23.38	0.32619062813046723
22.16	-22.16	0.3117452390998302
22.16	-20.93	0.3175867554408071
22.16	-19.69	0.31136704529032944
22.15	-18.46	0.301054487633927
22.16	-17.23	0.3205439882624145
22.16	-16.01	0.3358872062385278
22.17	-14.78	0.30390784790205455
22.17	-13.55	0.3263860322183038
22.18	-12.32	0.3325766885105688
22.18	-11.09	0.33321495662202116
22.18	-9.86	0.33609922044075086
22.18	-8.62	0.3249964033736565
22.18	-7.39	0.33094140941784966
22.18	-6.16	0.311727294783485
22.18	-4.93	0.3317944775639399
22.19	-3.7	0.34826418791662883
22.19	-2.47	0.32085923971861735
22.19	-1.23	0.30561246901137046
22.19	0.0	0.31978551781526443
22.19	1.23	0.3211090055523719
22.19	2.47	0.3130167275781602
22.19	3.7	0.3156775296418349
22.18	4.93	0.3146213105169166
22.18	6.16	0.31265188759146895
22.18	7.39	0.31279089357545964
22.18	8.62	0.33019466683460935
22.18	9.86	0.305781265924535
22.18	11.09	0.2808339283176071
22.18	12.32	0.2753057785604566
22.17	13.55	0.3060298011540457
22.17	14.78	0.31383540849372094
22.16	16.01	0.3124153345392839
22.16	17.23	0.3147673958903033
22.15	18.46	0.30592236003114953
22.16	19.69	0.32502048266333605
22.16	20.93	0.34816081741148946
22.16	22.16	0.3381666448075219
22.15	23.38	0.3482443884856953
22.13	24.59	0.3770299365215259
22.1	25.78	0.37010048928806494
22.07	26.98	0.3477468303906078
22.04	28.16	0.35855898494708305
21.97	29.3	0.39057758261710007
21.87	30.38	0.4945716301377815
21.63	31.24	0.8999999998364364
22.94	30.18	0.5540440665630413
23.12	29.2	0.44314911428330117
23.21	28.1	0.3775051962790241
23.27	26.94	0.3700880233611771
23.31	25.76	0.35373394869436037
23.33	24.56	0.36068810825360625
23.36	23.36	0.35017862753149404
23.38	22.15	0.35754574185860377
23.39	20.93	0.3497408330537873
23.39	19.7	0.33553261196472917
23.39	18.46	0.3406905859951997
23.38	17.23	0.3085073824212803
23.39	16.0	0.3239625508775788
23.39	14.77	0.30715854082447147
23.4	13.55	0.3123646844786078
23.4	12.32	0.33247739010170924
23.41	11.09	0.306010516443625
23.41	9.86	0.2961627830679438
23.41	8.62	0.2940255198917732
23.41	7.39	0.3147214129365706
23.41	6.16	0.34595639027985786
23.41	4.93	0.33568434308172956
23.41	3.7	0.33004354777193007
23.41	2.46	0.31864545310941594
23.41	1.23	0.32884797488663703
23.41	-0.0	0.3220031137814451
23.41	-1.23	0.32430916173975727
23.41	-2.46	0.3252860313614147
23.41	-3.7	0.32586035581369294
23.41	-4.93	0.3254440631367454
23.41	-6.16	0.32314239862720145
23.41	-7.39	0.32407799522604336
23.41	-8.62	0.319912089040875
23.41	-9.86	0.3317041388870476
23.41	-11.09	0.33119478297983324
23.4	-12.32	0.32839985946398914
23.4	-13.55	0.31889217638674966
23.39	-14.77	0.3303903707041834
23.39	-16.0	0.31500912092209205
23.38	-17.23	0.3198587821311197
23.39	-18.46	0.3346292748824764
23.39	-19.7	0.3199315104926572
23.39	-20.93	0.3279366136268639
23.38	-22.15	0.3296535531206366
23.36	-23.36	0.32963883331735483
23.33	-24.56	0.32704492621754133
23.31	-25.76	0.32699711636607015
23.27	-26.94	0.3210795422989863
23.21	-28.1	0.3083582994341142
23.12	-29.2	0.3521439448502597
22.94	-30.18	0.4330669591788304
24.2	-29.04	0.4229315921971156
24.36	-28.01	0.3186814412991119
24.44	-26.89	0.30710715453325854
24.5	-25.72	0.31341929753214415
24.53	-24.53	0.322802625121672
24.56	-23.33	0.3301659851974636
24.59	-22.13	0.3381811586101524
24.61	-20.92	0.3481957645672697
24.62	-19.7	0.3447424774673849
24.63	-18.47	0.32404597730708384
24.62	-17.23	0.316008641654657
24.62	-16.0	0.2974754020038523
24.62	-14.77	0.31281600170626017
24.62	-13.54	0.31245054338235034
24.63	-12.31	0.3245126887033906
24.63	-11.08	0.31983872926943996
24.63	-9.85	0.31080159468873736
24.64	-8.62	0.3362348958377445
24.64	-7.39	0.333585395161463
24.64	-6.16	0.3253482305953711
24.64	-4.93	0.3478748449295064
24.64	-3.7	0.3528941238558629
24.64	-2.46	0.3487677651487527
24.64	-1.23	0.355094944802571
24.64	0.0	0.3403319217501171
24.64	1.23	0.3545507929650672
24.64	2.46	0.3227195074078447
24.64	3.7	0.31963967313895175
24.64	4.93	0.30280928159101095
24.64	6.16	0.30541764390179565
24.64	7.39	0.29643863925717173
24.64	8.62	0.3074245256710424
24.63	9.85	0.3113706820619759
24.63	11.08	0.3087615724915925
24.63	12.31	0.31355562220749905
24.62	13.54	0.3165085786139378
24.62	14.77	0.3105212044553
24.62	16.0	0.3159858196510006
24.62	17.23	0.31890156525282476
24.63	18.47	0.3310814578202395
24.62	19.7	0.356601076522179
24.61	20.92	0.3732382254476953
24.59	22.13	0.3466860167161259
24.56	23.33	0.37832960434330526
24.53	24.53	0.3566205130895791
24.5	25.72	0.34680259403900404
24.44	26.89	0.35394144247842085
24.36	28.01	0.42065716346933335
24.2	29.04	0.5027808837422778
25.43	27.86	0.47327108742433355
25.59	26.8	0.40386457756776784
25.67	25.67	0.387602278959454
25.72	24.5	0.3549500709938802
25.76	23.31	0.34660913901559853
25.78	22.1	0.3536795509540799
25.81	20.89	0.3590395333100274
25.84	19.68	0.36318776654888535
25.85	18.47	0.3430242190593012
25.86	17.24	0.3368580034017178
25.85	16.01	0.3280099613605501
25.85	14.77	0.3239889513379105
25.85	13.54	0.31155337455550064
25.85	12.31	0.3248852657870554
25.85	11.08	0.31557583347009655
25.85	9.85	0.3156233379289379
25.86	8.62	0.31343446633594063
25.86	7.39	0.31566273572214804
25.87	6.16	0.3144087149623962
25.87	4.93	0.3080687143212396
25.87	3.7	0.2945813196351816
25.87	2.46	0.30473495597352596
25.87	1.23	0.3042649655831281
25.87	-0.0	0.3056079138473258
25.87	-1.23	0.3043051073641412
25.87	-2.46	0.31394509755926764
25.87	-3.7	0.3060977896064372
25.87	-4.93	0.30840663321235
25.87	-6.16	0.3041670978654554
25.86	-7.39	0.3004593707966057
25.86	-8.62	0.30774898228573544
25.85	-9.85	0.319513431243749
25.85	-11.08	0.3270843644720538
25.85	-12.31	0.3068482491735845
25.85	-13.54	0.31234351210193273
25.85	-14.77	0.3189858847389943
25.85	-16.01	0.31044113553403396
25.86	-17.24	0.31788787368148913
25.85	-18.47	0.34037547540438623
25.84	-19.68	0.32364599754159573
25.81	-20.89	0.32276280617031755
25.78	-22.1	0.3311892499974777
25.76	-23.31	0.3140454870917713
25.72	-24.5	0.30158169073846974
25.67	-25.67	0.2985367138889748
25.59	-26.8	0.3041880270940458
25.43	-27.86	0.37890925355194716
26.65	-26.65	0.37225073324719293
26.8	-25.59	0.29891711056068704
26.89	-24.44	0.3075019792235544
26.94	-23.27	0.30641551465909267
26.98	-22.07	0.30425338815074143
27.01	-20.87	0.3152070232257744
27.03	-19.66	0.33423652702289075
27.06	-18.45	0.3130512213383069
27.08	-17.23	0.32750532975050606
27.09	-16.01	0.3260345238655692
27.09	-14.78	0.30973351470764743
27.08	-13.54	0.30348807870227856
27.08	-12.31	0.3287926448445464
27.08	-11.08	0.2955232096847522
27.08	-9.85	0.30663620123675395
27.08	-8.62	0.2991823614419245
27.08	-7.39	0.31482417516781913
27.08	-6.16	0.3069974198186602
27.09	-4.93	0.3062055969425536
27.09	-3.69	0.3074686340668859
27.09	-2.46	0.3098190450696073
27.09	-1.23	0.2908603750756786
27.09	0.0	0.31203181663080115
27.09	1.23	0.2952836264520733
27.09	2.46	0.30922797491254084
27.09	3.69	0.30943040253509657
27.09	4.93	0.32406995264627153
27.08	6.16	0.3155705186939408
27.08	7.39	0.3175753918372706
27.08	8.62	0.3152792621671375
27.08	9.85	0.3226547583934706
27.08	11.08	0.319900651758066
27.08	12.31	0.31982376525105255
27.08	13.54	0.3393646342747722
27.09	14.78	0.3287462583089004
27.09	16.01	0.3555041863553716
27.08	17.23	0.4878971694425066
27.06	18.45	0.36182631324062015
27.03	19.66	0.3769053836045018
27.01	20.87	0.36745668180486346
26.98	22.07	0.35824764977095025
26.94	23.27	0.33448337546324
26.89	24.44	0.3901359930978978
26.8	25.59	0.3920749884638093
26.65	26.65	0.4
27.86	25.43	0.5312005640893169
28.01	24.36	0.37037817143190654
28.1	23.21	0.35565721184137167
28.16	22.04	0.342174062164497
28.2	20.84	0.3184864308391571
28.22	19.63	0.350755782975131
28.25	18.42	0.371202437450159
28.27	17.21	0.35721598511702435
28.3	15.99	0.3183061942943612
28.31	14.77	0.3502588124579543
28.32	13.54	0.3429210680302402
28.32	12.31	0.3312041953638135
28.32	11.08	0.3266587285110135
28.31	9.85	0.3212356172311557
28.31	8.62	0.3101147435139313
28.31	7.38	0.30225548816731856
28.31	6.15	0.3263863230216378
28.31	4.92	0.3332882981753201
28.31	3.69	0.3123813859730498
28.31	2.46	0.32084665390349404
28.31	1.23	0.30307181440628794
28.31	-0.0	0.300995454173118
28.31	-1.23	0.310763239973936
28.31	-2.46	0.3077645578689742
28.31	-3.69	0.30984905262122797
28.31	-4.92	0.3108040469220541
28.31	-6.15	0.3025000822240924
28.31	-7.38	0.29911395362724774
28.31	-8.62	0.2905399962551708
28.31	-9.85	0.3113993527585738
28.32	-11.08	0.3128601512187684
28.32	-12.31	0.32730541543528974
28.32	-13.54	0.3142502601946312
28.31	-14.77	0.33179951144451786
28.3	-15.99	0.3363032581444752
28.27	-17.21	0.3110120446814717
28.25	-18.42	0.3160914437213893
28.22	-19.63	0.3021863686862709
28.2	-20.84	0.30475316665434715
28.16	-22.04	0.2923179075423572
28.1	-23.21	0.291943976954537
28.01	-24.36	0.28469722085625904
27.86	-25.43	0.3420285436851261
29.04	-24.2	0.35218321304397515
29.2	-23.12	0.2855707181169947
29.3	-21.97	0.29156827628249454
29.36	-20.8	0.29231526865388857
29.41	-19.61	0.3025275708906313
29.44	-18.4	0.29506709157742517
29.46	-17.19	0.3007991710159844
29.48	-15.97	0.30656430702947685
29.51	-14.75	0.31637590793155435
29.53	-13.53	0.3185790176861947
29.54	-12.31	0.32768856390751766
29.55	-11.08	0.3262920781264196
29.55	-9.85	0.31246727876311287
29.55	-8.62	0.33339771931846285
29.55	-7.39	0.32944041841514127
29.55	-6.16	0.3146922137329003
29.54	-4.92	0.31410322118006095
29.54	-3.69	0.3153684574015968
29.54	-2.46	0.30773939902601616
29.54	-1.23	0.3153135336799134
29.54	0.0	0.31522724113493167
29.54	1.23	0.31127739741393456
29.54	2.46	0.30592907965094784
29.54	3.69	0.3179609624301905
29.54	4.92	0.31140039669208747
29.55	6.16	0.3111229918724196
29.55	7.39	0.31980049622884543
29.55	8.62	0.3360074692217892
29.55	9.85	0.34660196527968595
29.55	11.08	0.31875963112304045
29.54	12.31	0.32417233689628383
29.53	13.53	0.34647503728271456
29.51	14.75	0.36023614795380643
29.48	15.97	0.34012108089075865
29.46	17.19	0.36364055940401413
29.44	18.4	0.33880056030321726
29.41	19.61	0.3232861183470469
29.36	20.8	0.32005503109471484
29.3	21.97	0.3877492496673661
29.2	23.12	0.4097415071613215
29.04	24.2	0.4858698451560388
30.18	22.94	0.5542960482477293
30.38	21.87	0.43290210001122986
30.49	20.73	0.3627826316949193
30.56	19.56	0.3680854654503054
30.61	18.37	0.3339452796993726
30.65	17.16	0.32639446206300715
30.67	15.95	0.3623495668286466
30.69	14.73	0.35827602215829385
30.71	13.51	0.35873687811531657
30.73	12.29	0.3510245814944007
30.75	11.07	0.3597908578474588
30.76	9.84	0.34353035875721827
30.77	8.62	0.3336092132862249
30.78	7.39	0.3335076634807008
30.78	6.16	0.3326451416826531
30.78	4.93	0.3216534671555633
30.78	3.69	0.31920059487847835
30.78	2.46	0.3106610568035721
30.78	1.23	0.3157176996817675
30.78	-0.0	0.3121637364913957
30.78	-1.23	0.3122707963178983
30.78	-2.46	0.31772203994326975
30.78	-3.69	0.325773635614591
30.78	-4.93	0.34760772643082805
30.78	-6.16	0.2987272122387444
30.78	-7.39	0.30527813722016717
30.77	-8.62	0.3026499267626594
30.76	-9.84	0.3046675682369214
30.75	-11.07	0.3083098683495655
30.73	-12.29	0.2998058909981347
30.71	-13.51	0.30573152971396805
30.69	-14.73	0.3156840695722676
30.67	-15.95	0.2976969847749513
30.65	-17.16	0.2998383846640562
30.61	-18.37	0.2972006019691482
30.56	-19.56	0.2813200660801781
30.49	-20.73	0.2804136152175703
30.38	-21.87	0.30039787172259014
30.18	-22.94	0.37085557557141524
31.24	-21.63	0.489497292610391
31.52	-20.61	0.31396551156524777
31.66	-19.48	0.27726252910762583
31.74	-18.31	0.2763627963843722
31.8	-17.12	0.29127334458232557
31.84	-15.92	0.30878641135126617
31.87	-14.71	0.2912278350552582
31.9	-13.49	0.2864238590693756
31.91	-12.27	0.289956878129266
31.93	-11.05	0.30554372329707163
31.95	-9.83	0.3216453902234279
31.96	-8.6	0.3114555241405667
31.97	-7.38	0.3087837328525961
31.98	-6.15	0.3147078123362929
31.99	-4.92	0.32798117950261474
32.0	-3.69	0.334912091769121
32.0	-2.46	0.32950424178873305
32.0	-1.23	0.3405206883908133
32.0	0.0	0.34104338630233694
32.0	1.23	0.3239447450433979
32.0	2.46	0.32511364679615584
32.0	3.69	0.32123927238425326
31.99	4.92	0.32898446418596955
31.98	6.15	0.3415581543037088
31.97	7.38	0.3473449576528635
31.96	8.6	0.3441818992374654
31.95	9.83	0.3367821284481048
31.93	11.05	0.3505488726795783
31.91	12.27	0.3667911316339421
31.9	13.49	0.3369007624438277
31.87	14.71	0.35482698455126116
31.84	15.92	0.33855839492118234
31.8	17.12	0.347543188193273
31.74	18.31	0.3706992461617725
31.66	19.48	0.4002769210574546
31.52	20.61	0.4590548444119784
31.24	21.63	0.8999999999999989
32.6	19.32	0.4740601616057799
32.78	18.21	0.46017000136567676
32.9	17.06	0.3779504400134508
32.97	15.87	0.37655843016114066
33.02	14.67	0.3676311843662482
33.06	13.47	0.35818355905194055
33.09	12.25	0.33083069471963555
33.11	11.04	0.34297982944185923
33.13	9.82	0.3584431254555639
33.14	8.59	0.36648689184485134
33.15	7.37	0.3301902753859051
33.16	6.14	0.3175986707021169
33.17	4.91	0.32329628918331854
33.18	3.69	0.31060417298848614
33.18	2.46	0.3123752758472748
33.18	1.23	0.3183608890960522
33.19	-0.0	0.30259294335308223
33.18	-1.23	0.310508054649281
33.18	-2.46	0.324908193455156
33.18	-3.69	0.3050063844794421
33.17	-4.91	0.29622700357254894
33.16	-6.14	0.31085209961179205
33.15	-7.37	0.30681066482788105
33.14	-8.59	0.2987084487713399
33.13	-9.82	0.2938152092137084
33.11	-11.04	0.28736025525861486
33.09	-12.25	0.28934009619763223
33.06	-13.47	0.2882055288661981
33.02	-14.67	0.28943169631302956
32.97	-15.87	0.2685890512155509
32.9	-17.06	0.2713501529402249
32.78	-18.21	0.30823717440194887
32.6	-19.32	0.3829550422753222
33.85	-16.92	0.4166025955361181
34.0	-15.79	0.30497421236506983
34.1	-14.62	0.30156558758322116
34.17	-13.42	0.2803277096778696
34.22	-12.22	0.287419744869407
34.26	-11.01	0.30542842901305295
34.29	-9.8	0.3040525393516565
34.31	-8.58	0.29909253666757274
34.33	-7.36	0.30511225440084455
34.34	-6.13	0.32402021425150257
34.35	-4.91	0.307731714861354
34.35	-3.68	0.30397280512391156
34.36	-2.45	0.3137592323072371
34.36	-1.23	0.3192377180366137
34.36	0.0	0.32151965970917257
34.36	1.23	0.32979939401153047
34.36	2.45	0.31922759526303524
34.35	3.68	0.34373432707697493
34.35	4.91	0.3461189361189237
34.34	6.13	0.3455662527927975
34.33	7.36	0.35062202075390647
34.31	8.58	0.3179747531013034
34.29	9.8	0.337850547113959
34.26	11.01	0.37470742962185477
34.22	12.22	0.38885162014753183
34.17	13.42	0.36523071788714423
34.1	14.62	0.358441030157611
34.0	15.79	0.4329922070038984
33.85	16.92	0.5336183347744033
35.02	14.49	0.5200454706970586
35.17	13.34	0.421404616918134
35.27	12.16	0.38870165748569463
35.34	10.97	0.343064977313435
35.39	9.76	0.3420358173166722
35.43	8.55	0.37782157405707195
35.46	7.34	0.3661425152491139
35.48	6.12	0.3138076264883518
35.49	4.9	0.3172885935739086
35.51	3.67	0.33551504857228776
35.52	2.45	0.33813777245104265
35.52	1.22	0.32604601406911116
35.52	-0.0	0.3250238652720795
35.52	-1.22	0.3392014825481956
35.52	-2.45	0.32408706469093573
35.51	-3.67	0.3133684245186489
35.49	-4.9	0.32194956496885596
35.48	-6.12	0.3211498641309387
35.46	-7.34	0.31198378149155725
35.43	-8.55	0.31186520837937615
35.39	-9.76	0.36488719623721444
35.34	-10.97	0.34941845944636196
35.27	-12.16	0.3354735784372143
35.17	-13.34	0.3449810593553391
35.02	-14.49	0.4200696629051911
36.05	-12.02	0.3858330595514309
36.26	-10.88	0.34720802088132896
36.37	-9.7	0.3355501125502316
36.45	-8.51	0.3431203269913451
36.51	-7.3	0.3204319630016208
36.55	-6.09	0.34232157651303996
36.58	-4.88	0.32613411444421253
36.6	-3.66	0.35112394567756733
36.61	-2.44	0.3297312987661577
36.62	-1.22	0.32803933706045063
36.62	0.0	0.32918123380223374
36.62	1.22	0.34839513952138246
36.61	2.44	0.34529930651346985
36.6	3.66	0.34502016632563476
36.58	4.88	0.3310369204601434
36.55	6.09	0.34054268556585465
36.51	7.3	0.33020991543224054
36.45	8.51	0.372688981769418
36.37	9.7	0.3811206355278517
36.26	10.88	0.46010521731533116
36.05	12.02	0.5281821702486255
37.3	7.22	0.42206837215303517
37.42	6.04	0.3927846813224585
37.5	4.84	0.36494647540394953
37.55	3.63	0.352022974851266
37.58	2.42	0.32979658422666713
37.6	1.21	0.334255959681388
37.6	-0.0	0.3271820186555907
37.6	-1.21	0.3334533083358494
37.58	-2.42	0.32504022313558434
37.55	-3.63	0.33743819679422904
37.5	-4.84	0.30428353427405086
37.42	-6.04	0.3482360328695049
37.3	-7.22	0.36375146595280805
