-37.3	-7.22	0.4367541852160094
-37.42	-6.04	0.4213739906604357
-37.5	-4.84	0.36685237590874586
-37.55	-3.63	0.3524341566230892
-37.58	-2.42	0.3593972882115314
-37.6	-1.21	0.3542416107273605
-37.6	0.0	0.3463781523717048
-37.6	1.21	0.35594584334565027
-37.58	2.42	0.3427314264165061
-37.55	3.63	0.36226995196627587
-37.5	4.84	0.3825687585739369
-37.42	6.04	0.38133504122254314
-37.3	7.22	0.434508250813718
-36.05	12.02	0.5222505501437145
-36.26	10.88	0.4526046001447953
-36.37	9.7	0.40373638529283873
-36.45	8.51	0.3741308186783763
-36.51	7.3	0.3532473801765853
-36.55	6.09	0.3438098487330675
-36.58	4.88	0.35576848816077444
-36.6	3.66	0.36811419260405287
-36.61	2.44	0.3652424726009874
-36.62	1.22	0.354358630947172
-36.62	-0.0	0.3647978236164806
-36.62	-1.22	0.3932366616786088
-36.61	-2.44	0.362967556811717
-36.6	-3.66	0.4017594887517274
-36.58	-4.88	0.3623326602823047
-36.55	-6.09	0.36192295136356945
-36.51	-7.3	0.3782628878607154
-36.45	-8.51	0.3432176716205234
-36.37	-9.7	0.37715574428875
-36.26	-10.88	0.41260490789895743
-36.05	-12.02	0.49257449163274103
-35.02	-14.49	0.493370254188884
-35.17	-13.34	0.4034059240148816
-35.27	-12.16	0.3880938411989706
-35.34	-10.97	0.38332383004640214
-35.39	-9.76	0.3649997749675208
-35.43	-8.55	0.3384949274008848
-35.46	-7.34	0.3441791121174742
-35.48	-6.12	0.3582620575997789
-35.49	-4.9	0.35502590912204246
-35.51	-3.67	0.36300480828744364
-35.52	-2.45	0.3764960077372045
-35.52	-1.22	0.35676101412758143
-35.52	0.0	0.37748478017767095
-35.52	1.22	0.35942902315137715
-35.52	2.45	0.38932916348208246
-35.51	3.67	0.35031794039024133
-35.49	4.9	0.33167968868426034
-35.48	6.12	0.35588033103415695
-35.46	7.34	0.38171167768379266
-35.43	8.55	0.38437548726819026
-35.39	9.76	0.36963726856659485
-35.34	10.97	0.3919733485665293
-35.27	12.16	0.38477850041630024
-35.17	13.34	0.4371234800482867
-35.02	14.49	0.5058702000354086
-33.85	16.92	0.5369469038053891
-34.0	15.79	0.45479026845644543
-34.1	14.62	0.39986797117133965
-34.17	13.42	0.3812426548665041
-34.22	12.22	0.38001566874325554
-34.26	11.01	0.33574443896065964
-34.29	9.8	0.33447180144546085
-34.31	8.58	0.3487255218679915
-34.33	7.36	0.3872473390688652
-34.34	6.13	0.3736314503472883
-34.35	4.91	0.39640676289663634
-34.35	3.68	0.35423195235468374
-34.36	2.45	0.3686710181191307
-34.36	1.23	0.36204334591571075
-34.36	-0.0	0.35381518574141063
-34.36	-1.23	0.3611460122855933
-34.36	-2.45	0.35424303364973697
-34.35	-3.68	0.3515309322467267
-34.35	-4.91	0.33559819556966486
-34.34	-6.13	0.339058665666609
-34.33	-7.36	0.3539900191734088
-34.31	-8.58	0.32562950813043035
-34.29	-9.8	0.3395543719158772
-34.26	-11.01	0.344271727259911
-34.22	-12.22	0.33016032913101356
-34.17	-13.42	0.33240944959556684
-34.1	-14.62	0.3421843466163861
-34.0	-15.79	0.3585668420344341
-33.85	-16.92	0.46777760532363666
-32.6	-19.32	0.5355404107150691
-32.78	-18.21	0.33247924581810634
-32.9	-17.06	0.328035351295061
-32.97	-15.87	0.30816083024232654
-33.02	-14.67	0.3120040278069868
-33.06	-13.47	0.32313043881279746
-33.09	-12.25	0.3338320189405042
-33.11	-11.04	0.32983560405093293
-33.13	-9.82	0.343952916019718
-33.14	-8.59	0.3537866597656577
-33.15	-7.37	0.3403844634495517
-33.16	-6.14	0.3245121638499236
-33.17	-4.91	0.3539509379669159
-33.18	-3.69	0.3375440937886685
-33.18	-2.46	0.3564972564782581
-33.18	-1.23	0.33881848852378255
-33.19	0.0	0.3490618956992936
-33.18	1.23	0.3494262170977435
-33.18	2.46	0.3510395659520976
-33.18	3.69	0.36270023907675836
-33.17	4.91	0.3663062486302251
-33.16	6.14	0.3782015065122491
-33.15	7.37	0.37550425746986743
-33.14	8.59	0.37195096669021216
-33.13	9.82	0.36182857390717194
-33.11	11.04	0.3583090855690313
-33.09	12.25	0.3357854327487031
-33.06	13.47	0.3741903859953155
-33.02	14.67	0.39632742171420376
-32.97	15.87	0.40932050459795255
-32.9	17.06	0.394166627096885
-32.78	18.21	0.4002996834628961
-32.6	19.32	0.5531906324293393
-31.24	21.63	0.7524180281083249
-31.52	20.61	0.5363958221980354
-31.66	19.48	0.40574666509875545
-31.74	18.31	0.35858876576572696
-31.8	17.12	0.40957941275397924
-31.84	15.92	0.3368523958857941
-31.87	14.71	0.36007758038640314
-31.9	13.49	0.35607713790763207
-31.91	12.27	0.3490385489981658
-31.93	11.05	0.3825583199814895
-31.95	9.83	0.3840698741017949
-31.96	8.6	0.3883113325840639
-31.97	7.38	0.36278691891044046
-31.98	6.15	0.3823676154103877
-31.99	4.92	0.3600452449695975
-32.0	3.69	0.35559706717470574
-32.0	2.46	0.33873218011299794
-32.0	1.23	0.3555752156635978
-32.0	-0.0	0.3597761058971108
-32.0	-1.23	0.34602840789129347
-32.0	-2.46	0.3535741866047595
-32.0	-3.69	0.35199358954764637
-31.99	-4.92	0.3624180765576457
-31.98	-6.15	0.33920165313087686
-31.97	-7.38	0.3064880170985306
-31.96	-8.6	0.33870880736662695
-31.95	-9.83	0.3289009923504324
-31.93	-11.05	0.32956593037142096
-31.91	-12.27	0.3259527788896698
-31.9	-13.49	0.32319966878571027
-31.87	-14.71	0.2950007235183998
-31.84	-15.92	0.3039640574036431
-31.8	-17.12	0.30900080163756566
-31.74	-18.31	0.3032546746283572
-31.66	-19.48	0.30605164426542375
-31.52	-20.61	0.38399304429705505
-31.24	-21.63	0.5236132064416963
-30.18	-22.94	0.45319066122899565
-30.38	-21.87	0.3220887489894975
-30.49	-20.73	0.32625451118930304
-30.56	-19.56	0.3276439759302921
-30.61	-18.37	0.30819072340162756
-30.65	-17.16	0.32664093335004374
-30.67	-15.95	0.308522448557764
-30.69	-14.73	0.3431162815826457
-30.71	-13.51	0.32976584566124767
-30.73	-12.29	0.3476550439972459
-30.75	-11.07	0.33675108714442625
-30.76	-9.84	0.35481998582588536
-30.77	-8.62	0.3481057134828709
-30.78	-7.39	0.3512267783664562
-30.78	-6.16	0.35744735677013484
-30.78	-4.93	0.3497599569043713
-30.78	-3.69	0.3514083931314367
-30.78	-2.46	0.34641436012847054
-30.78	-1.23	0.3559826830291303
-30.78	0.0	0.36245574668695824
-30.78	1.23	0.335328540248669
-30.78	2.46	0.37405768288381513
-30.78	3.69	0.3512579578257909
-30.78	4.93	0.34892978855561807
-30.78	6.16	0.37239125241667037
-30.78	7.39	0.37193770871486637
-30.77	8.62	0.35897242861421647
-30.76	9.84	0.3835122751345709
-30.75	11.07	0.36365933927729754
-30.73	12.29	0.3920715744530909
-30.71	13.51	0.3793340710889593
-30.69	14.73	0.39333128531749917
-30.67	15.95	0.3624448898064476
-30.65	17.16	0.35499447626916936
-30.61	18.37	0.3471286664119285
-30.56	19.56	0.39022803431849684
-30.49	20.73	0.42062301365649846
-30.38	21.87	0.43723316619163144
-30.18	22.94	0.6562039857541185
-29.04	24.2	0.4916394415037528
-29.2	23.12	0.3889387172668409
-29.3	21.97	0.4190301622008551
-29.36	20.8	0.3678261645996964
-29.41	19.61	0.36792595460100064
-29.44	18.4	0.374073285146278
-29.46	17.19	0.38440616171450903
-29.48	15.97	0.37944551384893044
-29.51	14.75	0.3811423453873727
-29.53	13.53	0.3700678549510851
-29.54	12.31	0.37516399275556267
-29.55	11.08	0.3501248253096103
-29.55	9.85	0.4023478857351098
-29.55	8.62	0.36889385812045544
-29.55	7.39	0.3701424103199264
-29.55	6.16	0.3622325387207775
-29.54	4.92	0.3687375573267921
-29.54	3.69	0.3147929085096742
-29.54	2.46	0.3515070440842447
-29.54	1.23	0.36218110037479706
-29.54	-0.0	0.34838047254163146
-29.54	-1.23	0.3603038082370019
-29.54	-2.46	0.34808673482551217
-29.54	-3.69	0.3575939989236053
-29.54	-4.92	0.35449303878412103
-29.55	-6.16	0.3332713181954152
-29.55	-7.39	0.3208962422563136
-29.55	-8.62	0.34490891770337967
-29.55	-9.85	0.33891541245124157
-29.55	-11.08	0.35558204274185085
-29.54	-12.31	0.3234605776657693
-29.53	-13.53	0.33834291510113307
-29.51	-14.75	0.34488100379344383
-29.48	-15.97	0.3115769963405917
-29.46	-17.19	0.32096278616031426
-29.44	-18.4	0.32158633901021105
-29.41	-19.61	0.3275501623950967
-29.36	-20.8	0.31859254830589806
-29.3	-21.97	0.31758306620125165
-29.2	-23.12	0.31316684177110143
-29.04	-24.2	0.40434357816232935
-27.86	-25.43	0.3888909331406084
-28.01	-24.36	0.3473729389141449
-28.1	-23.21	0.32662345950242044
-28.16	-22.04	0.33079400666552794
-28.2	-20.84	0.3343030092354669
-28.22	-19.63	0.3389305967394683
-28.25	-18.42	0.3350030274876001
-28.27	-17.21	0.317469854673347
-28.3	-15.99	0.33566045040502845
-28.31	-14.77	0.36453860161201423
-28.32	-13.54	0.3387529167472692
-28.32	-12.31	0.33066718397408656
-28.32	-11.08	0.3402992062624136
-28.31	-9.85	0.33746089960307873
-28.31	-8.62	0.3375431013988582
-28.31	-7.38	0.3488702865780122
-28.31	-6.15	0.33833961063999046
-28.31	-4.92	0.35141372903153956
-28.31	-3.69	0.32980000671365217
-28.31	-2.46	0.3406233794038666
-28.31	-1.23	0.3359107929428521
-28.31	0.0	0.36285968428224785
-28.31	1.23	0.36262692598663077
-28.31	2.46	0.3615027777294355
-28.31	3.69	0.3580482682790502
-28.31	4.92	0.35987996127795147
-28.31	6.15	0.3553962605728543
-28.31	7.38	0.3473984629997277
-28.31	8.62	0.33319332914896105
-28.31	9.85	0.36382555785717813
-28.32	11.08	0.3724232214604114
-28.32	12.31	0.382892338674713
-28.32	13.54	0.3767969128361487
-28.31	14.77	0.37760611234838143
-28.3	15.99	0.36934632638753945
-28.27	17.21	0.367990042399507
-28.25	18.42	0.38539570404895607
-28.22	19.63	0.37284360509611103
-28.2	20.84	0.3499729512911973
-28.16	22.04	0.3552637117629701
-28.1	23.21	0.40240745879694784
-28.01	24.36	0.385837090697708
-27.86	25.43	0.5416229057823938
-26.65	26.65	0.5305732455652633
-26.8	25.59	0.4397116857922141
-26.89	24.44	0.38841183800366696
-26.94	23.27	0.34533117020899584
-26.98	22.07	0.37079753457330966
-27.01	20.87	0.3528420083841531
-27.03	19.66	0.3997179935803208
-27.06	18.45	0.40684907950219706
-27.08	17.23	0.38386610319332376
-27.09	16.01	0.3904957555012978
-27.09	14.78	0.3862197328839454
-27.08	13.54	0.3642163550662496
-27.08	12.31	0.38241996601122363
-27.08	11.08	0.3640328349925017
-27.08	9.85	0.3561158325018506
-27.08	8.62	0.354166638257682
-27.08	7.39	0.34656452245429864
-27.08	6.16	0.35120695930074136
-27.09	4.93	0.3388784220725498
-27.09	3.69	0.35757447343311394
-27.09	2.46	0.3397349713650315
-27.09	1.23	0.35159298244911935
-27.09	-0.0	0.348649290376077
-27.09	-1.23	0.3637532292201613
-27.09	-2.46	0.3648606896017944
-27.09	-3.69	0.3609398432754473
-27.09	-4.93	0.35697910964595925
-27.08	-6.16	0.32265333486429576
-27.08	-7.39	0.3484927985268188
-27.08	-8.62	0.3587193125812569
-27.08	-9.85	0.342077057941528
-27.08	-11.08	0.3453396947102481
-27.08	-12.31	0.33575413805798093
-27.08	-13.54	0.3503524455054426
-27.09	-14.78	0.33284388384457936
-27.09	-16.01	0.3515204371345895
-27.08	-17.23	0.3625832398924553
-27.06	-18.45	0.3413452592764772
-27.03	-19.66	0.3395967270484839
-27.01	-20.87	0.3234426201388254
-26.98	-22.07	0.3418978843913343
-26.94	-23.27	0.3382920249364254
-26.89	-24.44	0.33740106431513067
-26.8	-25.59	0.35111470536778233
-26.65	-26.65	0.4024018761040521
-25.43	-27.86	0.4286545653270929
-25.59	-26.8	0.32812605108832066
-25.67	-25.67	0.32056453218238745
-25.72	-24.5	0.3433023182382424
-25.76	-23.31	0.34934801838228813
-25.78	-22.1	0.33199914978594547
-25.81	-20.89	0.36741793682271773
-25.84	-19.68	0.3361698213411416
-25.85	-18.47	0.3335599648233997
-25.86	-17.24	0.33674250045555654
-25.85	-16.01	0.3408769728710356
-25.85	-14.77	0.3397095704336058
-25.85	-13.54	0.33966462962288535
-25.85	-12.31	0.3208083971843308
-25.85	-11.08	0.34722952734542545
-25.85	-9.85	0.3530433463795624
-25.86	-8.62	0.33250460675146143
-25.86	-7.39	0.3420526140846244
-25.87	-6.16	0.3684820465854518
-25.87	-4.93	0.33628164560607043
-25.87	-3.7	0.34189132646369963
-25.87	-2.46	0.3500170585164727
-25.87	-1.23	0.35427499374572186
-25.87	0.0	0.35378789351820655
-25.87	1.23	0.3523747771843088
-25.87	2.46	0.3517155494037
-25.87	3.7	0.33315213640095503
-25.87	4.93	0.3517557033989183
-25.87	6.16	0.3365132135024092
-25.86	7.39	0.343087041518493
-25.86	8.62	0.35934939192068205
-25.85	9.85	0.35183209526290976
-25.85	11.08	0.3654264088924157
-25.85	12.31	0.3407294194194318
-25.85	13.54	0.36587603291255777
-25.85	14.77	0.36518732127945297
-25.85	16.01	0.3480717120029328
-25.86	17.24	0.36988551599352887
-25.85	18.47	0.34110380578140637
-25.84	19.68	0.38284695749498315
-25.81	20.89	0.39073668959107216
-25.78	22.1	0.3653484581962527
-25.76	23.31	0.33789016971472663
-25.72	24.5	0.36491248652039354
-25.67	25.67	0.3879399990502377
-25.59	26.8	0.41014873696512233
-25.43	27.86	0.5398217625986732
-24.2	29.04	0.5324144859851828
-24.36	28.01	0.44967237060440635
-24.44	26.89	0.36431261823287364
-24.5	25.72	0.377084656314293
-24.53	24.53	0.3415403314198674
-24.56	23.33	0.378856571466889
-24.59	22.13	0.39485185941356615
-24.61	20.92	0.3595562163898326
-24.62	19.7	0.3698874535361414
-24.63	18.47	0.3869814915952218
-24.62	17.23	0.3363091132203176
-24.62	16.0	0.3583640711716728
-24.62	14.77	0.35569484980586463
-24.62	13.54	0.3732994466532454
-24.63	12.31	0.35651550223749523
-24.63	11.08	0.3387332537326516
-24.63	9.85	0.3469757584028705
-24.64	8.62	0.33083645675006523
-24.64	7.39	0.3432084461563225
-24.64	6.16	0.3461283740204841
-24.64	4.93	0.38438501072361486
-24.64	3.7	0.35651743507036
-24.64	2.46	0.36633217150374353
-24.64	1.23	0.367361440840474
-24.64	-0.0	0.3577141216313018
-24.64	-1.23	0.367188407029108
-24.64	-2.46	0.3456765473982492
-24.64	-3.7	0.3695420615432941
-24.64	-4.93	0.3666553023137964
-24.64	-6.16	0.34330606871667846
-24.64	-7.39	0.35718120377688156
-24.64	-8.62	0.3454221436181816
-24.63	-9.85	0.3612732337751059
-24.63	-11.08	0.342194399550531
-24.63	-12.31	0.3411955499016751
-24.62	-13.54	0.3378822715038149
-24.62	-14.77	0.33094748587525125
-24.62	-16.0	0.3441041201139834
-24.62	-17.23	0.3526466101715251
-24.63	-18.47	0.34742295039617227
-24.62	-19.7	0.3600377771088268
-24.61	-20.92	0.3336880358960446
-24.59	-22.13	0.3471247473185559
-24.56	-23.33	0.3374448569057645
-24.53	-24.53	0.3376293916130847
-24.5	-25.72	0.3321474422999374
-24.44	-26.89	0.31301679830542894
-24.36	-28.01	0.3285836306121695
-24.2	-29.04	0.3703754430575559
-22.94	-30.18	0.5300740150324863
-23.12	-29.2	0.33205353051943104
-23.21	-28.1	0.32498154284265546
-23.27	-26.94	0.3403869883444679
-23.31	-25.76	0.3463465577112131
-23.33	-24.56	0.3490603815772673
-23.36	-23.36	0.3350319109015794
-23.38	-22.15	0.35127011562834415
-23.39	-20.93	0.36438287363098476
-23.39	-19.7	0.33017580230347915
-23.39	-18.46	0.3495725437431499
-23.38	-17.23	0.33356386436530006
-23.39	-16.0	0.3436570275391584
-23.39	-14.77	0.3602721643424953
-23.4	-13.55	0.3470276701166065
-23.4	-12.32	0.3553383774768318
-23.41	-11.09	0.35446190606033756
-23.41	-9.86	0.3512902389095405
-23.41	-8.62	0.36070608916260966
-23.41	-7.39	0.4020063279435169
-23.41	-6.16	0.3616257988489779
-23.41	-4.93	0.35947490180385916
-23.41	-3.7	0.3482689721107046
-23.41	-2.46	0.3524935526667103
-23.41	-1.23	0.3461235319155775
-23.41	0.0	0.33700261119631214
-23.41	1.23	0.34670158093001946
-23.41	2.46	0.34570236215874406
-23.41	3.7	0.3497109842184493
-23.41	4.93	0.344537868486525
-23.41	6.16	0.3616172087483121
-23.41	7.39	0.3713970548561464
-23.41	8.62	0.38355850050691204
-23.41	9.86	0.34761893114551096
-23.41	11.09	0.3206605380948275
-23.4	12.32	0.3250006744300347
-23.4	13.55	0.35616862302354296
-23.39	14.77	0.3444846070359043
-23.39	16.0	0.35222824736736513
-23.38	17.23	0.35133591286249033
-23.39	18.46	0.34640101630549913
-23.39	19.7	0.37841683718427344
-23.39	20.93	0.3758264458397825
-23.38	22.15	0.36003955605371746
-23.36	23.36	0.38241462225378486
-23.33	24.56	0.3706438159079824
-23.31	25.76	0.36379511407552545
-23.27	26.94	0.3780048155511214
-23.21	28.1	0.4149934025285147
-23.12	29.2	0.45287788900615167
-22.94	30.18	0.26475711973672533
-21.63	31.24	0.30098981795222973
-21.87	30.38	0.5078164630903098
-21.97	29.3	0.411819650456683
-22.04	28.16	0.35348626933495353
-22.07	26.98	0.3408138194886224
-22.1	25.78	0.3710127231289218
-22.13	24.59	0.3606771914470743
-22.15	23.38	0.36522457370167666
-22.16	22.16	0.3315414055490279
-22.16	20.93	0.34798262076299363
-22.16	19.69	0.34891593032590945
-22.15	18.46	0.3564614141663808
-22.16	17.23	0.3533932239448996
-22.16	16.01	0.35288635347657515
-22.17	14.78	0.3276585255917379
-22.17	13.55	0.32712330543510176
-22.18	12.32	0.3185460162816756
-22.18	11.09	0.35733031882933664
-22.18	9.86	0.368681641440869
-22.18	8.62	0.3461915380661858
-22.18	7.39	0.33700418167974233
-22.18	6.16	0.34981566436231076
-22.18	4.93	0.35608774588761494
-22.19	3.7	0.35987676627273824
-22.19	2.47	0.3500266779071651
-22.19	1.23	0.35608668795507276
-22.19	-0.0	0.3611686309032897
-22.19	-1.23	0.34666131963734853
-22.19	-2.47	0.36462041446067356
-22.19	-3.7	0.3600229189110763
-22.18	-4.93	0.3526575958222244
-22.18	-6.16	0.34154604594798055
-22.18	-7.39	0.35311418535887645
-22.18	-8.62	0.3559063553655874
-22.18	-9.86	0.3653718418169561
-22.18	-11.09	0.34592527721969835
-22.18	-12.32	0.35624186469691216
-22.17	-13.55	0.3577846905009218
-22.17	-14.78	0.3536414458463604
-22.16	-16.01	0.3395862586483677
-22.16	-17.23	0.35152092323059303
-22.15	-18.46	0.34111744518732356
-22.16	-19.69	0.3434904655609033
-22.16	-20.93	0.3457950878838685
-22.16	-22.16	0.3193134667431753
-22.15	-23.38	0.35022001792640134
-22.13	-24.59	0.3498971146488725
-22.1	-25.78	0.36574723988529784
-22.07	-26.98	0.3707158537586691
-22.04	-28.16	0.3494080471585862
-21.97	-29.3	0.3551402692083979
-21.87	-30.38	0.39347982110499335
-21.63	-31.24	0.608864047382488
-20.61	-31.52	0.5089763863481509
-20.73	-30.49	0.3362580443115302
-20.8	-29.36	0.3362900783886905
-20.84	-28.2	0.35933874178208636
-20.87	-27.01	0.3810265674512296
-20.89	-25.81	0.3683572717750078
-20.92	-24.61	0.3405042112858169
-20.93	-23.39	0.3329002427305502
-20.93	-22.16	0.33079825760295645
-20.92	-20.92	0.34983027673282674
-20.92	-19.69	0.32776658692166377
-20.93	-18.47	0.3471924668386063
-20.93	-17.24	0.3598060190057079
-20.94	-16.01	0.34735051899331465
-20.94	-14.78	0.357999778391903
-20.94	-13.55	0.3389684312288459
-20.94	-12.32	0.34871415839022907
-20.95	-11.09	0.35123133077431334
-20.95	-9.86	0.3519136240137084
-20.95	-8.63	0.30749443958670436
-20.95	-7.4	0.35964814273301055
-20.96	-6.16	0.35847878526586147
-20.96	-4.93	0.35584734419577113
-20.96	-3.7	0.3519653243973191
-20.96	-2.47	0.3508872853260636
-20.96	-1.23	0.3539227271403392
-20.96	0.0	0.3510034171371377
-20.96	1.23	0.34062791023912853
-20.96	2.47	0.34348137309580434
-20.96	3.7	0.35259783685468216
-20.96	4.93	0.3480619156783804
-20.96	6.16	0.35451066659125297
-20.95	7.4	0.3519361771661817
-20.95	8.63	0.3481054824135686
-20.95	9.86	0.35901171595987846
-20.95	11.09	0.3576374313676781
-20.94	12.32	0.3755646630493256
-20.94	13.55	0.32601056937830175
-20.94	14.78	0.3181607777922547
-20.94	16.01	0.3659829004810762
-20.93	17.24	0.34156549263725844
-20.93	18.47	0.3591379671491829
-20.92	19.69	0.35821709995055395
-20.92	20.92	0.34090550527135427
-20.93	22.16	0.3524618002879991
-20.93	23.39	0.36740853358851994
-20.92	24.61	0.3944507480199741
-20.89	25.81	0.4011103621792067
-20.87	27.01	0.37628272994212913
-20.84	28.2	0.33987978704067434
-20.8	29.36	0.3499860544929867
-20.73	30.49	0.44755435375218644
-20.61	31.52	0.539168405517476
-19.32	32.6	0.23188626097259732
-19.48	31.66	0.41089919701233746
-19.56	30.56	0.35365200800932983
-19.61	29.41	0.34430486978870944
-19.63	28.22	0.3619762317345665
-19.66	27.03	0.3856610062959831
-19.68	25.84	0.3803092337146495
-19.7	24.62	0.3601069099324524
-19.7	23.39	0.35495951637980805
-19.69	22.16	0.3520050168393865
-19.69	20.92	0.34201235795232793
-19.7	19.7	0.34662662119697013
-19.7	18.47	0.34398119151859335
-19.71	17.25	0.34665263147053715
-19.71	16.02	0.3361241487930243
-19.71	14.78	0.3347937241505243
-19.71	13.55	0.34222406813779727
-19.72	12.32	0.3477098715948567
-19.72	11.09	0.3503927692293151
-19.72	9.86	0.34439408273703326
-19.72	8.63	0.36528627737512653
-19.73	7.4	0.3477885099296418
-19.73	6.16	0.3620496336784533
-19.73	4.93	0.36648491462095817
-19.73	3.7	0.35400540903776107
-19.73	2.47	0.3585069667241442
-19.73	1.23	0.3582747388477953
-19.73	-0.0	0.34634478422887127
-19.73	-1.23	0.365450586773299
-19.73	-2.47	0.38193838339873953
-19.73	-3.7	0.3568156759367123
-19.73	-4.93	0.3469899835343592
-19.73	-6.16	0.3632188366671268
-19.73	-7.4	0.35368816383497936
-19.72	-8.63	0.3688874049797183
-19.72	-9.86	0.3621931052967699
-19.72	-11.09	0.37223427917791674
-19.72	-12.32	0.35214667987701476
-19.71	-13.55	0.36917424357043077
-19.71	-14.78	0.35484223929340414
-19.71	-16.02	0.3384393275026319
-19.71	-17.25	0.3644873551337041
-19.7	-18.47	0.34383468474460277
-19.7	-19.7	0.32629537340781534
-19.69	-20.92	0.331400756034749
-19.69	-22.16	0.32447358475324084
-19.7	-23.39	0.32514795109909
-19.7	-24.62	0.34282079851750863
-19.68	-25.84	0.3602611075357011
-19.66	-27.03	0.363714093367621
-19.63	-28.22	0.3692540606554868
-19.61	-29.41	0.367303682759747
-19.56	-30.56	0.339228882026828
-19.48	-31.66	0.39787203100604873
-19.32	-32.6	0.47876840816240895
-18.21	-32.78	0.44268115480892056
-18.31	-31.74	0.3435199318107716
-18.37	-30.61	0.3652058646529066
-18.4	-29.44	0.3674984715976256
-18.42	-28.25	0.3759749815142892
-18.45	-27.06	0.36366670606146645
-18.47	-25.85	0.3566457585209699
-18.47	-24.63	0.3322079365421688
-18.46	-23.39	0.3330607727178923
-18.46	-22.15	0.3241486446563374
-18.47	-20.93	0.32935596092070685
-18.47	-19.7	0.36593740191518487
-18.48	-18.48	0.3387908266431595
-18.48	-17.25	0.34186373027641137
-18.48	-16.02	0.38204077569564165
-18.48	-14.79	0.36446989743049735
-18.49	-13.56	0.3598716135214148
-18.49	-12.33	0.3768271202470102
-18.49	-11.1	0.3501473987408194
-18.49	-9.86	0.36698370319279233
-18.49	-8.63	0.36000658226688165
-18.49	-7.4	0.3626734482320393
-18.49	-6.16	0.35947330588865917
-18.5	-4.93	0.34686342128998887
-18.5	-3.7	0.3472122238987895
-18.5	-2.47	0.3506301574196412
-18.5	-1.23	0.3574609542946651
-18.5	0.0	0.34760760780000627
-18.5	1.23	0.34334288651933526
-18.5	2.47	0.36241063826075925
-18.5	3.7	0.3478568098728843
-18.5	4.93	0.3424520410538968
-18.49	6.16	0.36932127192304237
-18.49	7.4	0.3636015339545355
-18.49	8.63	0.3579223381000441
-18.49	9.86	0.34161073491021204
-18.49	11.1	0.3459610421577781
-18.49	12.33	0.3259866014412306
-18.49	13.56	0.34229084220596867
-18.48	14.79	0.36081406887413947
-18.48	16.02	0.35449652044767377
-18.48	17.25	0.3298567108709733
-18.48	18.48	0.341894935884533
-18.47	19.7	0.34012420219477224
-18.47	20.93	0.3450877009131203
-18.46	22.15	0.3397217306461847
-18.46	23.39	0.35581052741594016
-18.47	24.63	0.36567552599334463
-18.47	25.85	0.35588269172625797
-18.45	27.06	0.36350943692696985
-18.42	28.25	0.376398413786091
-18.4	29.44	0.33512559673826525
-18.37	30.61	0.36363518017538843
-18.31	31.74	0.4084662882597505
-18.21	32.78	0.5228911873643396
-16.92	33.85	0.12214462966794933
-17.06	32.9	0.46069618857908845
-17.12	31.8	0.37605672099488996
-17.16	30.65	0.36736571653955385
-17.19	29.46	0.3695816510133688
-17.21	28.27	0.370695451133947
-17.23	27.08	0.39086815397864166
-17.24	25.86	0.36925047351197726
-17.23	24.62	0.366048760684367
-17.23	23.38	0.3469654262277505
-17.23	22.16	0.3384520061052103
-17.24	20.93	0.3452374541610288
-17.25	19.71	0.35973262078183493
-17.25	18.48	0.3448773299880702
-17.25	17.25	0.33634342077488966
-17.25	16.02	0.33915670884713794
-17.25	14.79	0.3418193653598726
-17.26	13.56	0.35038784258867434
-17.26	12.33	0.3325003283206856
-17.26	11.1	0.35454230095605327
-17.26	9.86	0.33800783495142445
-17.26	8.63	0.32766473764319604
-17.26	7.4	0.3422279982997247
-17.26	6.17	0.3603273553724853
-17.26	4.93	0.34314270888746473
-17.27	3.7	0.3494939308446928
-17.27	2.47	0.3447577594514735
-17.27	1.23	0.3523829253992083
-17.27	-0.0	0.3377671227058815
-17.27	-1.23	0.3625471396001569
-17.27	-2.47	0.3504270238685742
-17.27	-3.7	0.3499463010525023
-17.26	-4.93	0.35493547771819545
-17.26	-6.17	0.3752290926091268
-17.26	-7.4	0.35053516188916356
-17.26	-8.63	0.35536040839521776
-17.26	-9.86	0.3677284619674437
-17.26	-11.1	0.3736379117474892
-17.26	-12.33	0.3543979904136688
-17.26	-13.56	0.3665566990157363
-17.25	-14.79	0.3557488104899412
-17.25	-16.02	0.36287529443525884
-17.25	-17.25	0.36913271913902257
-17.25	-18.48	0.36124063520421096
-17.25	-19.71	0.3442557173190332
-17.24	-20.93	0.3441890503051185
-17.23	-22.16	0.3478123463466259
-17.23	-23.38	0.3336003318483231
-17.23	-24.62	0.35149361764923215
-17.24	-25.86	0.3389410508382336
-17.23	-27.08	0.34957264491476586
-17.21	-28.27	0.36046217898464233
-17.19	-29.46	0.4102096682985364
-17.16	-30.65	0.35309632672691005
-17.12	-31.8	0.36987032519568375
-17.06	-32.9	0.36705621901669305
-16.92	-33.85	0.3843436763704905
-15.79	-34.0	0.46065527396843053
-15.87	-32.97	0.3416093382082009
-15.92	-31.84	0.35562500337138236
-15.95	-30.67	0.38518617133200184
-15.97	-29.48	0.37878557890180964
-15.99	-28.3	0.37165935035506226
-16.01	-27.09	0.3143313490232433
-16.01	-25.85	0.33908072079405344
-16.0	-24.62	0.33035012940482944
-16.0	-23.39	0.3516514819441038
-16.01	-22.16	0.3551387341281904
-16.01	-20.94	0.3587377662249187
-16.02	-19.71	0.3599000405800653
-16.02	-18.48	0.3621932370394616
-16.02	-17.25	0.3626724528263038
-16.02	-16.02	0.36364028103523843
-16.03	-14.79	0.38371058122361806
-16.03	-13.56	0.36040830532347157
-16.03	-12.33	0.3507590930051743
-16.03	-11.1	0.3469185545199716
-16.03	-9.86	0.36143473916868557
-16.03	-8.63	0.3451999540591868
-16.03	-7.4	0.36258204708857117
-16.03	-6.17	0.3426984908460717
-16.04	-4.93	0.3625794504930818
-16.04	-3.7	0.3531682665526607
-16.04	-2.47	0.365747059565933
-16.04	-1.23	0.36640198647254973
-16.04	0.0	0.37329689026126417
-16.04	1.23	0.35470142585052694
-16.04	2.47	0.3439149308508013
-16.04	3.7	0.35367247168558075
-16.04	4.93	0.344275005862997
-16.03	6.17	0.36683911855501256
-16.03	7.4	0.3400153265979784
-16.03	8.63	0.3566938288235125
-16.03	9.86	0.3452922770611522
-16.03	11.1	0.34687332349230515
-16.03	12.33	0.33600431928586033
-16.03	13.56	0.3399413323892254
-16.03	14.79	0.34651114511386505
-16.02	16.02	0.3238296341385665
-16.02	17.25	0.34166656036700344
-16.02	18.48	0.35341653233966297
-16.02	19.71	0.34385299775004946
-16.01	20.94	0.33996165986069377
-16.01	22.16	0.32528003667245253
-16.0	23.39	0.3479369854446349
-16.0	24.62	0.34815366025279143
-16.01	25.85	0.35817427444635436
-16.01	27.09	0.3733019246741061
-15.99	28.3	0.35384689263840075
-15.97	29.48	0.3525863457140443
-15.95	30.67	0.35387110800323907
-15.92	31.84	0.35518308722020064
-15.87	32.97	0.39916490215356093
-15.79	34.0	0.604972688238566
-14.49	35.02	0.35634860022478143
-14.62	34.1	0.4899349960878966
-14.67	33.02	0.38519459841837433
-14.71	31.87	0.3333945562579864
-14.73	30.69	0.3437433603983655
-14.75	29.51	0.3737922015276909
-14.77	28.31	0.3695736721246302
-14.78	27.09	0.33275113818792923
-14.77	25.85	0.35082856583715044
-14.77	24.62	0.3482821070841338
-14.77	23.39	0.3427615213355684
-14.78	22.17	0.3451756026816007
-14.78	20.94	0.3384585129896179
-14.78	19.71	0.3627450023239253
-14.79	18.48	0.3383887861667804
-14.79	17.25	0.33893689842629726
-14.79	16.03	0.3524396839886621
-14.79	14.79	0.3457523525075585
-14.8	13.56	0.33823107854700024
-14.8	12.33	0.3564900964753404
-14.8	11.1	0.3378644017991731
-14.8	9.87	0.35061716270144805
-14.8	8.63	0.3420822662826219
-14.8	7.4	0.36113438366702744
-14.8	6.17	0.35589993217359006
-14.8	4.93	0.3401709213283335
-14.8	3.7	0.351918619255954
-14.8	2.47	0.3631889349684488
-14.8	1.23	0.3604152298652666
-14.8	-0.0	0.34010175790490227
-14.8	-1.23	0.3736976899065906
-14.8	-2.47	0.354409295161883
-14.8	-3.7	0.3529457986723661
-14.8	-4.93	0.36373851924609324
-14.8	-6.17	0.34159016919822377
-14.8	-7.4	0.3471814429839728
-14.8	-8.63	0.34585744260707296
-14.8	-9.87	0.3704040978260291
-14.8	-11.1	0.3477078617493764
-14.8	-12.33	0.36839226446639795
-14.8	-13.56	0.3803075024271683
-14.79	-14.79	0.35798631532275643
-14.79	-16.03	0.35826487498406695
-14.79	-17.25	0.3674406487428088
-14.79	-18.48	0.3860280967985544
-14.78	-19.71	0.3577016978952522
-14.78	-20.94	0.3590454887471373
-14.78	-22.17	0.3608474273774148
-14.77	-23.39	0.35967150575445683
-14.77	-24.62	0.35253399242588535
-14.77	-25.85	0.3294443954830242
-14.78	-27.09	0.32588922495096256
-14.77	-28.31	0.36306693810072194
-14.75	-29.51	0.37973411306237936
-14.73	-30.69	0.39207842798647546
-14.71	-31.87	0.3923768633830014
-14.67	-33.02	0.35517360072733517
-14.62	-34.1	0.40191291546927754
-14.49	-35.02	0.3474992527953589
-13.34	-35.17	0.3132558594185221
-13.42	-34.17	0.3714041528233415
-13.47	-33.06	0.378165724658333
-13.49	-31.9	0.3510951290296357
-13.51	-30.71	0.3609232872839209
-13.53	-29.53	0.3570763391920412
-13.54	-28.32	0.34369002800792164
-13.54	-27.08	0.3282003898063033
-13.54	-25.85	0.34019285072337907
-13.54	-24.62	0.34075800450858956
-13.55	-23.4	0.3411008783191933
-13.55	-22.17	0.35133573943049523
-13.55	-20.94	0.34253040944956387
-13.55	-19.71	0.36522571656992836
-13.56	-18.49	0.3566288486541423
-13.56	-17.26	0.3720396150282935
-13.56	-16.03	0.35959771373977495
-13.56	-14.8	0.38368485310704636
-13.56	-13.56	0.3240891768915157
-13.56	-12.33	0.3801128714599948
-13.57	-11.1	0.341317207437276
-13.57	-9.87	0.38343141438217687
-13.57	-8.64	0.3586332359288552
-13.57	-7.4	0.3619115458508256
-13.57	-6.17	0.3344129777862056
-13.57	-4.93	0.36020191689237385
-13.57	-3.7	0.3661576816261914
-13.57	-2.47	0.3379165529464236
-13.57	-1.23	0.3689378507032424
-13.57	0.0	0.3357343779588073
-13.57	1.23	0.3574288082034547
-13.57	2.47	0.3442264243816689
-13.57	3.7	0.35950315721101817
-13.57	4.93	0.3651945307811912
-13.57	6.17	0.3552770187086498
-13.57	7.4	0.31411154885858483
-13.57	8.64	0.3465336005541444
-13.57	9.87	0.3540921279500825
-13.57	11.1	0.3720330754220831
-13.56	12.33	0.3501973613340279
-13.56	13.56	0.35891478429474055
-13.56	14.8	0.34839242838130985
-13.56	16.03	0.36104400931874403
-13.56	17.26	0.3622606982280318
-13.56	18.49	0.3448586148839385
-13.55	19.71	0.37158692502784263
-13.55	20.94	0.353535184239521
-13.55	22.17	0.3676070460023312
-13.55	23.4	0.354433677868216
-13.54	24.62	0.3454375776920076
-13.54	25.85	0.34109409135121904
-13.54	27.08	0.3450874038395578
-13.54	28.32	0.35148970029837995
-13.53	29.53	0.3805822392849609
-13.51	30.71	0.3999780476464146
-13.49	31.9	0.38414365129040073
-13.47	33.06	0.3807392616263322
-13.42	34.17	0.4609083654246251
-13.34	35.17	0.6172535073029328
-12.02	36.05	0.3117770108890754
-12.16	35.27	0.49005592845949253
-12.22	34.22	0.42164953602852084
-12.25	33.09	0.3647628395028534
-12.27	31.91	0.3437710264541323
-12.29	30.73	0.37456341011366856
-12.31	29.54	0.3561008763425896
-12.31	28.32	0.34932897325427864
-12.31	27.08	0.34623069815071483
-12.31	25.85	0.3548055896275112
-12.31	24.63	0.3374712424109243
-12.32	23.4	0.33323111417007906
-12.32	22.18	0.33797279975070876
-12.32	20.94	0.350423658535624
-12.32	19.72	0.3364737905276723
-12.33	18.49	0.34086240755260655
-12.33	17.26	0.33982149677923884
-12.33	16.03	0.3359656288533593
-12.33	14.8	0.3421460038209518
-12.33	13.56	0.333255646195392
-12.33	12.33	0.3560829715581108
-12.34	11.1	0.3450676084152778
-12.34	9.87	0.35330183009299126
-12.34	8.64	0.35743526790323604
-12.34	7.4	0.35187289810537625
-12.34	6.17	0.3807845158705432
-12.34	4.93	0.37458607501125174
-12.34	3.7	0.37408720826101
-12.34	2.47	0.35423329722028196
-12.34	1.23	0.36051715397148865
-12.34	-0.0	0.3564267961770901
-12.34	-1.23	0.3777410413277532
-12.34	-2.47	0.3425664749046659
-12.34	-3.7	0.37368419086849564
-12.34	-4.93	0.36232772073425273
-12.34	-6.17	0.3663951929005194
-12.34	-7.4	0.3534859188201916
-12.34	-8.64	0.37185841652944196
-12.34	-9.87	0.3695211740318603
-12.34	-11.1	0.3724203246139924
-12.33	-12.33	0.3737611363627131
-12.33	-13.56	0.3716636783444046
-12.33	-14.8	0.3693676986446051
-12.33	-16.03	0.37542390599570746
-12.33	-17.26	0.3668125951184148
-12.33	-18.49	0.39555789294660537
-12.32	-19.72	0.348549460922207
-12.32	20.94	0.3585857070261814
-12.32	22.18	0.3477948410436493
-12.32	23.4	0.35465959860539165
-12.31	24.63	0.33609632982039095
-12.31	25.85	0.3658786198116369
-12.31	27.08	0.3506396910085777
-12.31	28.32	0.3752144460796494
-12.31	29.54	0.37443881576799803
-12.29	30.73	0.37689608547771947
-12.27	31.91	0.35518653255685356
-12.25	33.09	0.37899134146781144
-12.22	34.22	0.38092196288216995
-12.16	35.27	0.5328914383534122
-12.02	36.05	0.4316548352562086
-10.88	36.26	0.8911784163447217
-10.97	35.34	0.4605811757031347
-11.01	34.26	0.39040593255781386
-11.04	33.11	0.38838097216966494
-11.05	31.93	0.3859307783310592
-11.07	30.75	0.3709584422204742
-11.08	29.55	0.38607472134048093
-11.08	28.32	0.379606684591428
-11.08	27.08	0.37747405789832794
-11.08	25.85	0.34532893803257203
-11.08	24.63	0.34082474938778107
-11.09	23.41	0.3633050405658157
-11.09	22.18	0.3505570172333536
-11.09	20.95	0.3464477070865227
-11.09	19.72	0.36936257966868924
-11.1	18.49	0.3532911952463221
-11.1	17.26	0.3673054690143344
-11.1	16.03	0.35211554756765395
-11.1	14.8	0.36987271479226397
-11.1	13.57	0.34276509848864456
-11.1	12.34	0.39576433033067815
-11.1	11.1	0.35332722049026183
-11.1	9.87	0.35200434270127323
-11.1	8.64	0.37059739049013196
-11.1	7.4	0.3634143153464979
-11.1	6.17	0.3664917803840195
-11.1	4.94	0.35937784207990303
-11.11	3.7	0.35989143127131157
-11.11	2.47	0.3762522397857276
-11.11	1.23	0.3537574552992842
-11.11	-0.0	0.3690031587320835
-11.11	-1.23	0.3668330119738081
-11.11	-2.47	0.3695321787578354
-11.11	-3.7	0.3679430170022742
-11.1	-4.94	0.39036457420585646
-11.1	-6.17	0.3653811861839051
-11.1	-7.4	0.3431222069782305
-11.1	-8.64	0.36337415022748826
-11.1	-9.87	0.3775915732682423
-11.1	-11.1	0.36707607562359984
-11.1	-12.34	0.39079818677008293
-11.1	-13.57	0.3688282780489635
-11.1	-14.8	0.3731919122401387
-11.1	-16.03	0.3832374766325819
-11.1	-17.26	0.37112132318602686
-11.1	-18.49	0.3749169300369907
-11.09	-19.72	0.3758018400321027
-11.09	-20.95	0.367466879753982
-11.09	-22.18	0.3633213028510155
-11.09	-23.41	0.3668902156883757
-11.08	-24.63	0.35645983515304824
-11.08	-25.85	0.35462913912485855
-11.08	-27.08	0.34851633550191086
-11.08	-28.32	0.35134729666037695
-11.08	-29.55	0.33044126080074093
-11.07	-30.75	0.39431263518886434
-11.05	-31.93	0.38871163909396533
-11.04	-33.11	0.38157700219048185
-11.01	-34.26	0.3800099666135387
-10.97	-35.34	0.3989624931191559
-10.88	-36.26	0.7156703144288504
-9.7	-36.37	0.3499456028336503
-9.76	-35.39	0.37632988232507936
-9.8	-34.29	0.35505167946044014
-9.82	-33.13	0.37832345403091494
-9.83	-31.95	0.3921632152097168
-9.84	-30.76	0.3586000738458713
-9.85	-29.55	0.3281308086411454
-9.85	-28.31	0.3347872232438329
-9.85	-27.08	0.35779579017014246
-9.85	-25.85	0.36462896001260137
-9.85	-24.63	0.3725552344170456
-9.86	-23.41	0.35981763350245466
-9.86	-22.18	0.37232744792516587
-9.86	-20.95	0.3898122605735589
-9.86	-19.72	0.3883985036578468
-9.86	-18.49	0.3583044813418918
-9.86	-17.26	0.3902237929740533
-9.86	-16.03	0.39010486574103803
-9.87	-14.8	0.37427128328240905
-9.87	-13.57	0.3781663896250056
-9.87	-12.34	0.3840234432840035
-9.87	-11.1	0.36644117335583243
-9.87	-9.87	0.3643877519297994
-9.87	-8.64	0.36720070729681303
-9.87	-7.4	0.36640776956509685
-9.87	-6.17	0.3736798971308048
-9.87	-4.94	0.3535087554290316
-9.88	-3.7	0.3678603745657755
-9.88	-2.47	0.36576242533653974
-9.88	-1.23	0.36288459770344483
-9.88	0.0	0.3432128404133734
-9.88	1.23	0.3486713582069996
-9.88	2.47	0.3551927779955188
-9.88	3.7	0.3715137232540299
-9.87	4.94	0.36792279998729294
-9.87	6.17	0.3504943178022644
-9.87	7.4	0.3723413952446337
-9.87	8.64	0.3701753334961887
-9.87	9.87	0.3624033746375608
-9.87	11.1	0.37664124965773904
-9.87	12.34	0.35233059903358926
-9.87	13.57	0.35133434341488035
-9.87	14.8	0.3227708963003123
-9.86	16.03	0.37201140844639025
-9.86	17.26	0.36272387475350343
-9.86	18.49	0.34552815485403665
-9.86	19.72	0.3607314434917423
-9.86	20.95	0.33530669100816235
-9.86	22.18	0.3330518428102681
-9.86	23.41	0.3408012418408202
-9.85	24.63	0.36486668374270725
-9.85	25.85	0.35415557943433923
-9.85	27.08	0.3495311009264584
-9.85	28.31	0.35896206582349544
-9.85	29.55	0.35887116499063887
-9.84	30.76	0.3764732281490367
-9.83	31.95	0.3848637985424438
-9.82	33.13	0.39151020128060876
-9.8	34.29	0.38322235232188673
-9.76	35.39	0.4219403206888125
-9.7	36.37	0.7924285351508321
-8.51	36.45	0.5983060645975885
-8.55	35.43	0.3910177787752577
-8.58	34.31	0.3825186352057748
-8.59	33.14	0.3622025747537858
-8.6	31.96	0.3620578047866711
-8.62	30.77	0.40017384728348965
-8.62	29.55	0.3621842218453036
-8.62	28.31	0.3540897245384204
-8.62	27.08	0.36289835895067274
-8.62	25.86	0.355467548124149
-8.62	24.64	0.34019953014748006
-8.62	23.41	0.33513515968194896
-8.62	22.18	0.3356624541227947
-8.63	20.95	0.3548417545276707
-8.63	19.72	0.348181728974447
-8.63	18.49	0.3595634867442692
-8.63	17.26	0.3556075204351303
-8.63	16.03	0.3446780720466182
-8.63	14.8	0.34662945962908626
-8.64	13.57	0.36452115495462856
-8.64	12.34	0.37882008977927034
-8.64	11.1	0.356183664706199
-8.64	9.87	0.3686085724113735
-8.64	8.64	0.36645444310716413
-8.64	7.4	0.345540712989326
-8.64	6.17	0.3672431000454616
-8.64	4.94	0.35166804628193354
-8.64	3.7	0.3744906774246041
-8.64	2.47	0.36483917415600625
-8.64	1.23	0.3628517113093167
-8.64	-0.0	0.3715361164991561
-8.64	-1.23	0.36317096872377425
-8.64	-2.47	0.3645472539446272
-8.64	-3.7	0.3582569800215057
-8.64	-4.94	0.3658395956179537
-8.64	-6.17	0.38779902142182937
-8.64	-7.4	0.35190697821401046
-8.64	-8.64	0.3664729756666157
-8.64	-9.87	0.3580642663062928
-8.64	-11.1	0.35831647056736526
-8.64	-12.34	0.3758897074889724
-8.64	-13.57	0.3708861927812284
-8.63	-14.8	0.36040074318253623
-8.63	-16.03	0.3926694271207622
-8.63	-17.26	0.4204739764574833
-8.63	-18.49	0.373750814812844
-8.63	-19.72	0.3907694893091032
-8.63	-20.95	0.3708937547000206
-8.62	-22.18	0.36892042687040516
-8.62	-23.41	0.3696424657877383
-8.62	-24.64	0.3574725658268455
-8.62	-25.86	0.34987569195090873
-8.62	-27.08	0.36583685951537875
-8.62	-28.31	0.3355155888696854
-8.62	-29.55	0.3404150515729412
-8.62	-30.77	0.34214242217961
-8.6	-31.96	0.3936289018931893
-8.59	-33.14	0.39298989893710967
-8.58	-34.31	0.3749474665095224
-8.55	-35.43	0.38181593883400977
-8.51	-36.45	0.477325503087913
-7.22	-37.3	0.5950289095638547
-7.3	-36.51	0.5155253342192875
-7.34	-35.46	0.3803442140733443
-7.36	-34.33	0.38389190754047475
-7.37	-33.15	0.38085210784414963
-7.38	-31.97	0.3533485680564473
-7.39	-30.78	0.3541781469708286
-7.39	-29.55	0.34342381640550773
-7.38	-28.31	0.32908229944678197
-7.39	-27.08	0.348418068695471
-7.39	-25.86	0.36056920268196785
-7.39	-24.64	0.3755217963130909
-7.39	-23.41	0.3766279832726855
-7.39	-22.18	0.3699582709445997
-7.4	-20.95	0.3789150857361177
-7.4	-19.73	0.3862785526629787
-7.4	-18.49	0.36935374254733
-7.4	-17.26	0.382716589197529
-7.4	-16.03	0.3803989864646546
-7.4	-14.8	0.3571517696560061
-7.4	-13.57	0.36691329375259035
-7.4	-12.34	0.35147811286998804
-7.4	-11.1	0.34928582380863854
-7.4	-9.87	0.3661051725902759
-7.4	-8.64	0.36676300082687685
-7.41	-7.41	0.3549687507493241
-7.41	-6.17	0.36545349772025165
-7.41	-4.94	0.3615630806709361
-7.41	-3.7	0.3706525022682276
-7.41	-2.47	0.3564878784787583
-7.41	-1.23	0.3781185600216736
-7.41	0.0	0.36726511074688684
-7.41	1.23	0.3652652218374978
-7.41	2.47	0.37318164606944226
-7.41	3.7	0.3835941989636305
-7.41	4.94	0.3684210763783645
-7.41	6.17	0.36149369338856796
-7.41	7.41	0.3709343486667529
-7.4	8.64	0.3617321847788517
-7.4	9.87	0.3666547203925076
-7.4	11.1	0.3744866325871074
-7.4	12.34	0.3510628784789399
-7.4	13.57	0.3556327548987644
-7.4	14.8	0.37612246135862104
-7.4	16.03	0.3446456131512215
-7.4	17.26	0.35742525111146595
-7.4	18.49	0.3520455096350914
-7.4	19.73	0.34314872908016786
-7.4	20.95	0.3568429492920963
-7.39	22.18	0.34211481096982793
-7.39	23.41	0.3588986507585201
-7.39	24.64	0.33613263074261185
-7.39	25.86	0.34974785407955233
-7.39	27.08	0.33735642001998745
-7.38	28.31	0.3558230157773823
-7.39	29.55	0.34998970292403975
-7.39	30.78	0.37071049417972435
-7.38	31.97	0.37643880141230407
-7.37	33.15	0.36189642039297504
-7.36	34.33	0.35762318565823303
-7.34	35.46	0.39128655253725086
-7.3	36.51	0.5623192056391072
-7.22	37.3	0.2867988992688497
-6.04	37.42	0.32692766251944283
-6.09	36.55	0.48437365643609087
-6.12	35.48	0.3748269062741967
-6.13	34.34	0.37260667294551597
-6.14	33.16	0.35847086270365636
-6.15	31.98	0.3633058604128748
-6.16	30.78	0.3952265118566606
-6.16	29.55	0.3727129312917128
-6.15	28.31	0.34888418845350627
-6.16	27.08	0.32952463967815876
-6.16	25.87	0.33548489267737064
-6.16	24.64	0.32032903529889356
-6.16	23.41	0.34420209701976157
-6.16	22.18	0.3463120273443959
-6.16	20.96	0.3498655069286717
-6.16	19.73	0.3206744342964171
-6.16	18.49	0.3441904995616145
-6.17	17.26	0.3541275745566853
-6.17	16.03	0.35098925428642685
-6.17	14.8	0.37731076375249584
-6.17	13.57	0.351817901754946
-6.17	12.34	0.3761434202010601
-6.17	11.1	0.3566994351286092
-6.17	9.87	0.3488543940650149
-6.17	8.64	0.35897103217631326
-6.17	7.41	0.3525680328204249
-6.17	6.17	0.36859811572571105
-6.17	4.94	0.37655788621986985
-6.17	3.7	0.36868288589858283
-6.17	2.47	0.3796470922874989
-6.17	1.23	0.3591883394567314
-6.17	-0.0	0.34827122569353786
-6.17	-1.23	0.3561879893737287
-6.17	-2.47	0.3730725031587203
-6.17	-3.7	0.3763759945419873
-6.17	-4.94	0.36942100062234934
-6.17	-6.17	0.37806022118828475
-6.17	-7.41	0.3682966699580467
-6.17	-8.64	0.358177058880499
-6.17	-9.87	0.3776762443773862
-6.17	-11.1	0.3636972418890297
-6.17	-12.34	0.36951981968323167
-6.17	-13.57	0.3688990870256724
-6.17	-14.8	0.36610527131863013
-6.17	-16.03	0.3699946849821742
-6.17	-17.26	0.3886713151640337
-6.16	-18.49	0.39022068278707284
-6.16	-19.73	0.365106351879409
-6.16	-20.96	0.42584207978551736
-6.16	-22.18	0.39484076191004003
-6.16	-23.41	0.37007737060245643
-6.16	-24.64	0.377733873478594
-6.16	-25.87	0.35887505778422407
-6.16	-27.08	0.36997587429064466
-6.15	-28.31	0.34419529030616175
-6.16	-29.55	0.33566488136641187
-6.16	-30.78	0.32657195319439125
-6.15	-31.98	0.3615292697976866
-6.14	-33.16	0.40617530989561396
-6.13	-34.34	0.3696019022662712
-6.12	-35.48	0.38246169666294916
-6.09	-36.55	0.4383672226683354
-6.04	-37.42	0.5994502771229223
-4.84	-37.5	0.7147936070256483
-4.88	-36.58	0.3836659864402018
-4.9	-35.49	0.3681189277883625
-4.91	-34.35	0.3762948434031762
-4.91	-33.17	0.38505943602687254
-4.92	-31.99	0.35387206855215625
-4.93	-30.78	0.33036712818971953
-4.92	-29.54	0.3234923410783279
-4.92	-28.31	0.353001144126105
-4.93	-27.09	0.3395016577505154
-4.93	-25.87	0.37039626609450066
-4.93	-24.64	0.37632783028008193
-4.93	-23.41	0.3900015021528562
-4.93	-22.18	0.37448156274028166
-4.93	-20.96	0.38974974573400434
-4.93	-19.73	0.36999875314669006
-4.93	-18.5	0.3700377644736548
-4.93	-17.26	0.3902474124750032
-4.93	-16.04	0.3847259270193809
-4.93	-14.8	0.3835763880127988
-4.93	-13.57	0.38163676174207534
-4.93	-12.34	0.36372250095495534
-4.94	-11.1	0.36836079581012926
-4.94	-9.87	0.3529434989778328
-4.94	-8.64	0.3643245038741048
-4.94	-7.41	0.3704079749380455
-4.94	-6.17	0.3516665318674788
-4.94	-4.94	0.36062058638707745
-4.94	-3.7	0.32919037821166475
-4.94	-2.47	0.34566453241321093
-4.94	-1.24	0.3663842126881245
-4.94	0.0	0.3551981947490157
-4.94	1.24	0.36231919858520534
-4.94	2.47	0.3799202777304336
-4.94	3.7	0.38532582034402435
-4.94	4.94	0.3911919357687942
-4.94	6.17	0.360650846628928
-4.94	7.41	0.3709876466770369
-4.94	8.64	0.35193286624897296
-4.94	9.87	0.36514716484905857
-4.94	11.1	0.3689106642803475
-4.93	12.34	0.36185908530716165
-4.93	13.57	0.36567957306082033
-4.93	14.8	0.3607376645690733
-4.93	16.04	0.326639604369998
-4.93	17.26	0.35203694718017203
-4.93	18.5	0.3491662736866658
-4.93	19.73	0.33408035612089637
-4.93	20.96	0.32968979265456844
-4.93	22.18	0.32934509956788494
-4.93	23.41	0.355027122923763
-4.93	24.64	0.3525381720996786
-4.93	25.87	0.3413488336123047
-4.93	27.09	0.35815146267197895
-4.92	28.31	0.3577603429968323
-4.92	29.54	0.34800294342462895
-4.93	30.78	0.3524677230020208
-4.92	31.99	0.3891825281377865
-4.91	33.17	0.3515049853361009
-4.91	34.35	0.36269037045790486
-4.9	35.49	0.38709507203282756
-4.88	36.58	0.46638291765165607
-4.84	37.5	0.31162835940664585
-3.63	37.55	0.8999999999998923
-3.66	36.6	0.44430092339305405
-3.67	35.51	0.3668467158987231
-3.68	34.35	0.3729556821436132
-3.69	33.18	0.3716487061162636
-3.69	32.0	0.36615069471067596
-3.69	30.78	0.33883890363462843
-3.69	29.54	0.3517519253655573
-3.69	28.31	0.37155263934373467
-3.69	27.09	0.32977559175593407
-3.7	25.87	0.3638606973513821
-3.7	24.64	0.34696686967576607
-3.7	23.41	0.3370027313802982
-3.7	22.19	0.3616085601872787
-3.7	20.96	0.3606664605477276
-3.7	19.73	0.3415194822724225
-3.7	18.5	0.3576533121046505
-3.7	17.27	0.3567870912867026
-3.7	16.04	0.3583663636478898
-3.7	14.8	0.343024659201143
-3.7	13.57	0.36202339397435074
-3.7	12.34	0.35151090080148467
-3.7	11.11	0.3615878867128592
-3.7	9.88	0.34938184628697966
-3.7	8.64	0.3690810551496686
-3.7	7.41	0.37722417241116013
-3.7	6.17	0.3584425220569471
-3.7	4.94	0.3777327559946274
-3.71	3.71	0.3601451062251919
-3.7	2.47	0.37480988277458904
-3.7	1.23	0.3730615712946631
-3.7	-0.0	0.3847333189148529
-3.7	-1.23	0.3619811100171355
-3.7	-2.47	0.35644973588169504
-3.71	-3.71	0.3641775892305542
-3.7	-4.94	0.35667678663861435
-3.7	-6.17	0.36020211492470416
-3.7	-7.41	0.3569107200428436
-3.7	-8.64	0.3605691310383461
-3.7	-9.88	0.36148922104862036
-3.7	-11.11	0.34538022118220896
-3.7	-12.34	0.3822559021403606
-3.7	-13.57	0.35794338806220777
-3.7	-14.8	0.3760819585685499
-3.7	-16.04	0.3762282626611172
-3.7	-17.27	0.3586807446402081
-3.7	-18.5	0.3906104873183399
-3.7	-19.73	0.35779518566817103
-3.7	-20.96	0.38053730081635745
-3.7	-22.19	0.37709903504591885
-3.7	-23.41	0.38234334736023307
-3.7	-24.64	0.36396467571575175
-3.7	-25.87	0.37181256799878726
-3.69	-27.09	0.3628840584751661
-3.69	-28.31	0.347059411771625
-3.69	-29.54	0.3394466357441929
-3.69	-30.78	0.3312524524319113
-3.69	-32.0	0.35478917469703813
-3.69	-33.18	0.36835144168686434
-3.68	-34.35	0.3947714098416043
-3.67	-35.51	0.34993914403072335
-3.66	-36.6	0.4275051352425132
-3.63	-37.55	0.5701632656756218
-2.42	-37.58	0.5151979655492384
-2.44	-36.61	0.3607388004125788
-2.45	-35.52	0.4012641621085016
-2.45	-34.36	0.3754102063801471
-2.46	-33.18	0.367824890305872
-2.46	-32.0	0.34942640027044225
-2.46	-30.78	0.3324127497224522
-2.46	-29.54	0.3269028162071945
-2.46	-28.31	0.33921857553082135
-2.46	-27.09	0.3554012756752237
-2.46	-25.87	0.3706875128480516
-2.46	-24.64	0.3767555676451021
-2.46	-23.41	0.37368855776269444
-2.47	-22.19	0.38172921759023226
-2.47	-20.96	0.3796211577248099
-2.47	-19.73	0.39529706833291134
-2.47	-18.5	0.3886370201191708
-2.47	-17.27	0.39441791444329033
-2.47	-16.04	0.3816722680390822
-2.47	-14.8	0.3607312460258333
-2.47	-13.57	0.355157205251933
-2.47	-12.34	0.3601399160534681
-2.47	-11.11	0.3721362442329984
-2.47	-9.88	0.3613212406323207
-2.47	-8.64	0.3143552452234624
-2.47	-7.41	0.35476126344235753
-2.47	-6.17	0.3491892619232116
-2.47	-4.94	0.3487322010033812
-2.47	-3.7	0.35852234503495756
-2.47	-2.47	0.3428268737843742
-2.47	-1.24	0.35056624880642684
-2.47	0.0	0.3734803259506565
-2.47	1.24	0.3624559272192671
-2.47	2.47	0.37836581697906946
-2.47	3.7	0.3541654987011367
-2.47	4.94	0.36623056149599376
-2.47	6.17	0.3741234676365236
-2.47	7.41	0.3438376255792269
-2.47	8.64	0.35313896605469197
-2.47	9.88	0.35682335443778823
-2.47	11.11	0.38234097209257767
-2.47	12.34	0.3517537403712004
-2.47	13.57	0.36519434359743114
-2.47	14.8	0.3519932937246814
-2.47	16.04	0.3427564502332816
-2.47	17.27	0.3359081870464356
-2.47	18.5	0.3613780516697859
-2.47	19.73	0.3376393987522633
-2.47	20.96	0.3502630350407657
-2.47	22.19	0.31715905785037796
-2.46	23.41	0.34856585553580494
-2.46	24.64	0.3516562330987215
-2.46	25.87	0.3426766412234782
-2.46	27.09	0.35540370264981624
-2.46	28.31	0.343146074793666
-2.46	29.54	0.35377088504423465
-2.46	30.78	0.34838634068227087
-2.46	32.0	0.36600591729101434
-2.46	33.18	0.34895079580583155
-2.45	34.36	0.3593198131927571
-2.45	35.52	0.37141738098495036
-2.44	36.61	0.4498050042767282
-2.42	37.58	0.5509320882102146
-1.21	37.6	0.8003001250285836
-1.22	36.62	0.4412447299003871
-1.22	35.52	0.36669227854678543
-1.23	34.36	0.3590537748418051
-1.23	33.18	0.3572044612376037
-1.23	32.0	0.36884124376996513
-1.23	30.78	0.3868141363055401
-1.23	29.54	0.35132631935093106
-1.23	28.31	0.3378208242659878
-1.23	27.09	0.3410630436564852
-1.23	25.87	0.33825787416392256
-1.23	24.64	0.3331762021232829
-1.23	23.41	0.357575240559795
-1.23	22.19	0.3312693990623531
-1.23	20.96	0.3428567812603462
-1.23	19.73	0.3402845196002365
-1.23	18.5	0.3450903312448607
-1.23	17.27	0.35137518507736226
-1.23	16.04	0.3766350228203421
-1.23	14.8	0.3296641426519057
-1.23	13.57	0.3546254541763879
-1.23	12.34	0.3626983977930477
-1.23	11.11	0.3563349108556838
-1.23	9.88	0.35216674407534987
-1.23	8.64	0.36571668790600276
-1.23	7.41	0.36939841807569795
-1.23	6.17	0.35236503304087013
-1.24	4.94	0.35650450538514644
-1.23	3.7	0.3571354610767265
-1.24	2.47	0.3872020553382053
-1.24	1.24	0.35253974879092304
-1.24	-0.0	0.3734809620920964
-1.24	-1.24	0.3689431771404438
-1.24	-2.47	0.359893669905004
-1.23	-3.7	0.3614472977696289
-1.24	-4.94	0.37425268763437824
-1.23	-6.17	0.35408372315895253
-1.23	-7.41	0.3609473051990256
-1.23	-8.64	0.359266195440444
-1.23	-9.88	0.3594230349647053
-1.23	-11.11	0.36146430181405415
-1.23	-12.34	0.3733342530879801
-1.23	-13.57	0.35723943411832443
-1.23	-14.8	0.40100343193816157
-1.23	-16.04	0.3728408993898008
-1.23	-17.27	0.39061602158296527
-1.23	-18.5	0.388033274985343
-1.23	-19.73	0.40259155591291035
-1.23	-20.96	0.3935605426427744
-1.23	-22.19	0.3963564180821066
-1.23	-23.41	0.38063000224215526
-1.23	-24.64	0.3977414778612484
-1.23	-25.87	0.3598906816239756
-1.23	-27.09	0.37711583109600827
-1.23	-28.31	0.3365873007997089
-1.23	-29.54	0.3394459824285208
-1.23	-30.78	0.31215071378909104
-1.23	-32.0	0.35244669934990885
-1.23	-33.18	0.3707152218460408
-1.23	-34.36	0.3819324245132403
-1.22	-35.52	0.3873234130764853
-1.22	-36.62	0.4008690358125705
-1.21	-37.6	0.4454786249651822
0.0	-37.6	0.5634222089659069
0.0	-36.62	0.36529665592221205
0.0	-35.52	0.3435647948449222
0.0	-34.36	0.3761134411641162
0.0	-33.19	0.37166237130369434
0.0	-32.0	0.34130519378405977
0.0	-30.78	0.3252460378666607
0.0	-29.54	0.32804965199035707
0.0	-28.31	0.3538839012917382
0.0	-27.09	0.37099221876005556
0.0	-25.87	0.36651961436850294
0.0	-24.64	0.37942333022866587
0.0	-23.41	0.39197798923962285
0.0	-22.19	0.3957700815106788
0.0	-20.96	0.3980045885704184
0.0	-19.73	0.3741901024986889
0.0	-18.5	0.37733052862602606
0.0	-17.27	0.3863558235311375
0.0	-16.04	0.37363802458361794
0.0	-14.8	0.3689590538821797
0.0	-13.57	0.36530191404506274
0.0	-12.34	0.3719986731157506
0.0	-11.11	0.3661290743522512
0.0	-9.88	0.3572492501440595
0.0	-8.64	0.33669497190868897
0.0	-7.41	0.3531685917750916
0.0	-6.17	0.35894836696958266
0.0	-4.94	0.35520492758251865
0.0	-3.7	0.35124925098028315
0.0	-2.47	0.36366781812116944
0.0	-1.24	0.3622411087956351
0.0	0.0	0.3726111216250336
0.0	1.24	0.3715666346379083
0.0	2.47	0.3740033546369779
0.0	3.7	0.3958927611603129
0.0	4.94	0.3814271253943444
0.0	6.17	0.3790813452534852
0.0	7.41	0.38641242799344294
0.0	8.64	0.3713065384589413
0.0	9.88	0.35957011685002926
0.0	11.11	0.35502007882874753
0.0	12.34	0.38342663980205577
0.0	13.57	0.3752156674052955
0.0	14.8	0.3692476986381761
0.0	16.04	0.31958753042287213
0.0	17.27	0.3552381000853201
0.0	18.5	0.3465462066575411
0.0	19.73	0.34473107784526563
0.0	20.96	0.34293510750044937
0.0	22.19	0.335473837674939
0.0	23.41	0.3381301049353004
0.0	24.64	0.35817043002917653
0.0	25.87	0.3350796350259439
0.0	27.09	0.34111197962421413
0.0	28.31	0.33841637359712456
0.0	29.54	0.36980879684854595
0.0	30.78	0.37231654045071516
0.0	32.0	0.38493265877318034
0.0	33.19	0.34346893673072826
0.0	34.36	0.34755859879818496
0.0	35.52	0.3548091961968831
0.0	36.62	0.41440904308967863
0.0	37.6	0.6863712706787937
1.21	37.6	0.7909901945623883
1.22	36.62	0.4370462656423658
1.22	35.52	0.3753217570778732
1.23	34.36	0.3721129425832087
1.23	33.18	0.3516537239033376
1.23	32.0	0.37338957310416837
1.23	30.78	0.37751061137664305
1.23	29.54	0.36103298880452916
1.23	28.31	0.3608571280279298
1.23	27.09	0.33718270325165983
1.23	25.87	0.3403289760212098
1.23	24.64	0.32449853476212337
1.23	23.41	0.3480484215247629
1.23	22.19	0.34529880701101623
1.23	20.96	0.3484039423543621
1.23	19.73	0.3578409954696182
1.23	18.5	0.3560181059397301
1.23	17.27	0.346023429432026
1.23	16.04	0.3580753906768491
1.23	14.8	0.3611964075999274
1.23	13.57	0.3670237723812849
1.23	12.34	0.3871997050931626
1.23	11.11	0.37720330420149134
1.23	9.88	0.35622497345432175
1.23	8.64	0.3527468102750723
1.23	7.41	0.3671153193307252
1.23	6.17	0.37706298693237017
1.24	4.94	0.38310147255013066
1.23	3.7	0.3723464692218139
1.24	2.47	0.3548319373729265
1.24	1.24	0.3576978961113124
1.24	-0.0	0.379454165681318
1.24	-1.24	0.34737600049455586
1.24	-2.47	0.3681938295599774
1.23	-3.7	0.3435201225485834
1.24	-4.94	0.3461427053981381
1.23	-6.17	0.37383730840227064
1.23	-7.41	0.3495407163613315
1.23	-8.64	0.35648470744924826
1.23	-9.88	0.35580254597653876
1.23	-11.11	0.37113270851205155
1.23	-12.34	0.362396560468562
1.23	-13.57	0.368163551302621
1.23	-14.8	0.3830806816540783
1.23	-16.04	0.3856599973230205
1.23	-17.27	0.3983451432654595
1.23	-18.5	0.38064954949534247
1.23	-19.73	0.37378379933009676
1.23	-20.96	0.3727219344471291
1.23	-22.19	0.38720675536641624
1.23	-23.41	0.38213370134320584
1.23	-24.64	0.37815589358797297
1.23	-25.87	0.3639431653589227
1.23	-27.09	0.3494424581484752
1.23	-28.31	0.36098807216743956
1.23	-29.54	0.348961855549945
1.23	-30.78	0.323404951982345
1.23	-32.0	0.3625823950807028
1.23	-33.18	0.39278259211226635
1.23	-34.36	0.38221167530249855
1.22	-35.52	0.34270387048772855
1.22	-36.62	0.3675092186871801
1.21	-37.6	0.35773769983300585
2.42	-37.58	0.46201373291443903
2.44	-36.61	0.3929996420466092
2.45	-35.52	0.35393050795998593
2.45	-34.36	0.3860650949977058
2.46	-33.18	0.3848237708775386
2.46	-32.0	0.3551581371746799
2.46	-30.78	0.32489431511542816
2.46	-29.54	0.33803128598919563
2.46	-28.31	0.3512809546386185
2.46	-27.09	0.3503227001220897
2.46	-25.87	0.3717189244696667
2.46	-24.64	0.3689186307255035
2.46	-23.41	0.38028524077085296
2.47	-22.19	0.4085921833644217
2.47	-20.96	0.370748640494444
2.47	-19.73	0.39201961670989516
2.47	-18.5	0.3971993911686132
2.47	-17.27	0.3830908815483673
2.47	-16.04	0.3732907135010385
2.47	-14.8	0.36808553441046643
2.47	-13.57	0.3693595939494137
2.47	-12.34	0.3780346689732709
2.47	-11.11	0.3811465946261045
2.47	-9.88	0.3571074753733591
2.47	-8.64	0.3539411601057575
2.47	-7.41	0.3650253307779685
2.47	-6.17	0.3703168560688113
2.47	-4.94	0.37132659279247876
2.47	-3.7	0.3447006459025752
2.47	-2.47	0.3584287836451076
2.47	-1.24	0.3507447701597449
2.47	0.0	0.37853131486461983
2.47	1.24	0.3468091076767484
2.47	2.47	0.37085060320335
2.47	3.7	0.37118797869823084
2.47	4.94	0.3820571118406351
2.47	6.17	0.35919846960063545
2.47	7.41	0.3517021886770177
2.47	8.64	0.35553836361111363
2.47	9.88	0.35893059474165295
2.47	11.11	0.36419634737804063
2.47	12.34	0.3589357518457884
2.47	13.57	0.35684757534906586
2.47	14.8	0.36853944132080096
2.47	16.04	0.3564464204984513
2.47	17.27	0.3600088564129446
2.47	18.5	0.3411005239960364
2.47	19.73	0.3532836441856399
2.47	20.96	0.33899032574156696
2.47	22.19	0.33993921223568213
2.46	23.41	0.348324413241414
2.46	24.64	0.334904131714221
2.46	25.87	0.3480840482645183
2.46	27.09	0.3253779694905682
2.46	28.31	0.34680596282788007
2.46	29.54	0.35415407631034185
2.46	30.78	0.37902863276486426
2.46	32.0	0.38059802567923817
2.46	33.18	0.3564686052965584
2.45	34.36	0.3670168574323964
2.45	35.52	0.3616572475757174
2.44	36.61	0.4385981849584265
2.42	37.58	0.7606531147578057
3.63	37.55	0.8999999999995664
3.66	36.6	0.4664157776357746
3.67	35.51	0.3925564936252097
3.68	34.35	0.344035828457265
3.69	33.18	0.36027287647198775
3.69	32.0	0.38571347221148305
3.69	30.78	0.33576648054136676
3.69	29.54	0.3434138310987314
3.69	28.31	0.3617262500207225
3.69	27.09	0.34043078118947395
3.7	25.87	0.3450944867112593
3.7	24.64	0.3240231800669637
3.7	23.41	0.3439164879558797
3.7	22.19	0.3309330874718732
3.7	20.96	0.33758210364966457
3.7	19.73	0.3519119558784227
3.7	18.5	0.34431907038621673
3.7	17.27	0.3413188696384899
3.7	16.04	0.35127679972291626
3.7	14.8	0.35717470001701157
3.7	13.57	0.3507893957884162
3.7	12.34	0.3743618472271777
3.7	11.11	0.37116810706262926
3.7	9.88	0.36255397304697834
3.7	8.64	0.35318126522585913
3.7	7.41	0.3628256165393211
3.7	6.17	0.3522139574809889
3.7	4.94	0.3741124117039466
3.71	3.71	0.3809536814603846
3.7	2.47	0.37732463944393607
3.7	1.23	0.3690080038266245
3.7	-0.0	0.36432234087596993
3.7	-1.23	0.3516422726228176
3.7	-2.47	0.3596639308971607
3.71	-3.71	0.35830048013755933
3.7	-4.94	0.35938042134587667
3.7	-6.17	0.35654912812150463
3.7	-7.41	0.3482741383843853
3.7	-8.64	0.3541741427162164
3.7	-9.88	0.35722323942916695
3.7	-11.11	0.35808404347442563
3.7	-12.34	0.36133115612311556
3.7	-13.57	0.36014440652449786
3.7	-14.8	0.36049512795995553
3.7	-16.04	0.374053035395398
3.7	-17.27	0.389986163193557
3.7	-18.5	0.3889179863676885
3.7	-19.73	0.3528240017586657
3.7	-20.96	0.4000843588195146
3.7	-22.19	0.3900745070800929
3.7	-23.41	0.378333896607981
3.7	-24.64	0.39706151231021075
3.7	-25.87	0.37233081030753545
3.69	-27.09	0.35568998050488465
3.69	-28.31	0.3392196939394868
3.69	-29.54	0.323354572915347
3.69	-30.78	0.32325283792037207
3.69	-32.0	0.3379996302953116
3.69	-33.18	0.3735586903978026
3.68	-34.35	0.3900356715688523
3.67	-35.51	0.35077150357515163
3.66	-36.6	0.37474267003477046
3.63	-37.55	0.5148159102904868
4.84	-37.5	0.6320901660376831
4.88	-36.58	0.40956784503115884
4.9	-35.49	0.35594671861531124
4.91	-34.35	0.34738589620961885
4.91	-33.17	0.39482470742383263
4.92	-31.99	0.353848201824352
4.93	-30.78	0.3336730383559903
4.92	-29.54	0.30260528794594926
4.92	-28.31	0.3368643284251758
4.93	-27.09	0.3648240764176985
4.93	-25.87	0.3799881538424781
4.93	-24.64	0.37924388031173145
4.93	-23.41	0.379911792811132
4.93	-22.18	0.3731387991903314
4.93	-20.96	0.39322834629855086
4.93	-19.73	0.37985632563384397
4.93	-18.5	0.3780379993605718
4.93	-17.26	0.37504861392507854
4.93	-16.04	0.3706170905582019
4.93	-14.8	0.3692082905360126
4.93	-13.57	0.3808481410177051
4.93	-12.34	0.35913872880409486
4.94	-11.1	0.3616380635930069
4.94	-9.87	0.3638956472995224
4.94	-8.64	0.34851832371708186
4.94	-7.41	0.36835339994199184
4.94	-6.17	0.3591016458930662
4.94	-4.94	0.3648700148970911
4.94	-3.7	0.3552033425496176
4.94	-2.47	0.3631726818926099
4.94	-1.24	0.3415601386979447
4.94	0.0	0.3720873420411265
4.94	1.24	0.36954019702630364
4.94	2.47	0.3575665812162573
4.94	3.7	0.3611700036676712
4.94	4.94	0.3612053929547725
4.94	6.17	0.3498754709049849
4.94	7.41	0.35936072209748154
4.94	8.64	0.3806909199810582
4.94	9.87	0.35734302652328787
4.94	11.1	0.36478152677398
4.93	12.34	0.35742207251374514
4.93	13.57	0.35155548075448273
4.93	14.8	0.3508444127872907
4.93	16.04	0.3589431377695104
4.93	17.26	0.35699195848249937
4.93	18.5	0.33884051178424535
4.93	19.73	0.33238542215660577
4.93	20.96	0.36620296102857747
4.93	22.18	0.35454801728433105
4.93	23.41	0.3381981072782003
4.93	24.64	0.32013713963559176
4.93	25.87	0.333480880047214
4.93	27.09	0.32562414993153277
4.92	28.31	0.34348716908596566
4.92	29.54	0.347319768494582
4.93	30.78	0.3533195976149967
4.92	31.99	0.36729679488194217
4.91	33.17	0.3586500914893679
4.91	34.35	0.35496227405491476
4.9	35.49	0.36604410830942136
4.88	36.58	0.4515503904893903
4.84	37.5	0.10000000000018644
6.04	37.42	0.6659044360268502
6.09	36.55	0.5152023422740907
6.12	35.48	0.37855099664361336
6.13	34.34	0.359836981589311
6.14	33.16	0.3503492783090559
6.15	31.98	0.3796449636780835
6.16	30.78	0.367564593583114
6.16	29.55	0.3435619998861433
6.15	28.31	0.3550884362549236
6.16	27.08	0.3354858955875477
6.16	25.87	0.343475729109112
6.16	24.64	0.34395082709777336
6.16	23.41	0.35035717989542103
6.16	22.18	0.33766058244002733
6.16	20.96	0.33401613130365104
6.16	19.73	0.3472642461707189
6.16	18.49	0.3590331489861706
6.17	17.26	0.34082848438407015
6.17	16.03	0.3463351914241501
6.17	14.8	0.3572270930098042
6.17	13.57	0.3388252200203097
6.17	12.34	0.3517756706574546
6.17	11.1	0.3588431518901688
6.17	9.87	0.3475179466532231
6.17	8.64	0.3597602919201051
6.17	7.41	0.34979963977266837
6.17	6.17	0.33980406426175613
6.17	4.94	0.3789130757067146
6.17	3.7	0.35258616292410205
6.17	2.47	0.3629507833181795
6.17	1.23	0.3759378608660094
6.17	-0.0	0.35862704785091476
6.17	-1.23	0.3663798857763398
6.17	-2.47	0.3503946022967523
6.17	-3.7	0.34786224572095653
6.17	-4.94	0.35054418622899713
6.17	-6.17	0.3564070114826975
6.17	-7.41	0.35138096566841687
6.17	-8.64	0.36022156109868814
6.17	-9.87	0.33401891676093537
6.17	-11.1	0.3638133464589297
6.17	-12.34	0.3645978562905019
6.17	-13.57	0.35881796785937103
6.17	-14.8	0.37591277653585803
6.17	-16.03	0.39294646763516117
6.17	-17.26	0.3591784460493807
6.16	-18.49	0.36884011205930034
6.16	-19.73	0.36790037291527333
6.16	-20.96	0.3804271423244357
6.16	-22.18	0.35895224951736543
6.16	-23.41	0.3418243414445806
6.16	-24.64	0.3621735554330573
6.16	-25.87	0.36577069404937945
6.16	-27.08	0.3464237455318302
6.15	-28.31	0.3326945674408537
6.16	-29.55	0.3187916650031762
6.16	-30.78	0.33435671887823915
6.15	-31.98	0.3504624278591979
6.14	-33.16	0.38666500539121545
6.13	-34.34	0.35401851492125447
6.12	-35.48	0.36540131171544843
6.09	-36.55	0.42351735676418545
6.04	-37.42	0.5760095683589409
7.22	-37.3	0.48494425933540974
7.3	-36.51	0.4104334969216793
7.34	-35.46	0.3426265178598096
7.36	-34.33	0.35580098538458993
7.37	-33.15	0.35840877370502355
7.38	-31.97	0.36193873700786483
7.39	-30.78	0.3256854526263664
7.39	-29.55	0.3187037087388923
7.38	-28.31	0.33165764954214616
7.39	-27.08	0.3527442320169056
7.39	-25.86	0.37540666765333575
7.39	-24.64	0.3750912325623456
7.39	-23.41	0.3544452050999439
7.39	-22.18	0.39274877839128025
7.4	-20.95	0.37270945424718666
7.4	-19.73	0.3783211604879002
7.4	-18.49	0.38134892455062624
7.4	-17.26	0.39380933051452977
7.4	-16.03	0.36341515673737435
7.4	-14.8	0.3474383780296982
7.4	-13.57	0.3778408979116879
7.4	-12.34	0.36890935701276334
7.4	-11.1	0.35227482754435513
7.4	-9.87	0.36764523904761703
7.4	-8.64	0.37741520412948965
7.41	-7.41	0.3659603520003967
7.41	-6.17	0.3713838795583089
7.41	-4.94	0.3722981338656155
7.41	-3.7	0.3628746103451355
7.41	-2.47	0.3642406005509105
7.41	-1.23	0.36116633683126753
7.41	0.0	0.36304777182651715
7.41	1.23	0.3628344782282449
7.41	2.47	0.35843108954744085
7.41	3.7	0.35860831828006334
7.41	4.94	0.35529346978399334
7.41	6.17	0.36690459959034605
7.41	7.41	0.35283190966692546
7.4	8.64	0.3571554179633624
7.4	9.87	0.37494139551384836
7.4	11.1	0.3478574034972757
7.4	12.34	0.35808717652618755
7.4	13.57	0.35686528292203423
7.4	14.8	0.35306077364069355
7.4	16.03	0.35867363822646037
7.4	17.26	0.3556547553594394
7.4	18.49	0.34921851028905077
7.4	19.73	0.33293652475154784
7.4	20.95	0.34936181873760336
7.39	22.18	0.3514223410551077
7.39	23.41	0.32559580479340483
7.39	24.64	0.32328353330380116
7.39	25.86	0.3453500063653621
7.39	27.08	0.3403845890671347
7.38	28.31	0.3589830322620869
7.39	29.55	0.3486898330994183
7.39	30.78	0.3642985714642779
7.38	31.97	0.36333006709933074
7.37	33.15	0.3388758117097005
7.36	34.33	0.33816474485724407
7.34	35.46	0.3795397185944276
7.3	36.51	0.526897631879418
7.22	37.3	0.5042831842505712
8.51	36.45	0.5751078950631829
8.55	35.43	0.3872754285411505
8.58	34.31	0.36805643669161814
8.59	33.14	0.34115176634590694
8.6	31.96	0.3640517266478756
8.62	30.77	0.36535262652612394
8.62	29.55	0.354781812735393
8.62	28.31	0.36138122183138094
8.62	27.08	0.35197050557181814
8.62	25.86	0.3363974049285434
8.62	24.64	0.3467602276630136
8.62	23.41	0.34291758437103903
8.62	22.18	0.35614560687666585
8.63	20.95	0.3341593112538131
8.63	19.72	0.3384632052012568
8.63	18.49	0.34546334715953775
8.63	17.26	0.3543486728559921
8.63	16.03	0.33821595666394816
8.63	14.8	0.3068443342191903
8.64	13.57	0.34100820698159884
8.64	12.34	0.34615855315128635
8.64	11.1	0.35409276901838155
8.64	9.87	0.3567710711951339
8.64	8.64	0.3387144586447553
8.64	7.4	0.3652749123033656
8.64	6.17	0.35932344509481545
8.64	4.94	0.3532747531359577
8.64	3.7	0.3684476507972842
8.64	2.47	0.3612543660077261
8.64	1.23	0.34814837312236185
8.64	-0.0	0.3588440313149477
8.64	-1.23	0.35967842843235087
8.64	-2.47	0.3481525933925226
8.64	-3.7	0.33410264122931166
8.64	-4.94	0.3647635942354451
8.64	-6.17	0.3681103338350753
8.64	-7.4	0.34709710182800224
8.64	-8.64	0.3657768264292671
8.64	-9.87	0.3584971814524917
8.64	-11.1	0.3762031276054985
8.64	-12.34	0.365925282338344
8.64	-13.57	0.3700439287695724
8.63	-14.8	0.38003696387517466
8.63	-16.03	0.36894501672060187
8.63	-17.26	0.3769176791403541
8.63	-18.49	0.3882251201314837
8.63	-19.72	0.38344729533667243
8.63	-20.95	0.38654691038550104
8.62	-22.18	0.36615525754669886
8.62	-23.41	0.3587042573306657
8.62	-24.64	0.36162799878620333
8.62	-25.86	0.3592686378790027
8.62	-27.08	0.34531579889993763
8.62	-28.31	0.3499643614666799
8.62	-29.55	0.33019590817597644
8.62	-30.77	0.3273145279519462
8.6	-31.96	0.35764920812396195
8.59	-33.14	0.37030238592247317
8.58	-34.31	0.3633470131391783
8.55	-35.43	0.3778484938358355
8.51	-36.45	0.3998994510891859
9.7	-36.37	0.6838612546568181
9.76	-35.39	0.351674055207263
9.8	-34.29	0.3616964870954005
9.82	-33.13	0.38954050526546025
9.83	-31.95	0.3642456225063953
9.84	-30.76	0.3619101852689186
9.85	-29.55	0.32622151056992355
9.85	-28.31	0.33263119171747246
9.85	-27.08	0.346711107510403
9.85	-25.85	0.34703021859344285
9.85	-24.63	0.35204510826354557
9.86	-23.41	0.3268836625658789
9.86	-22.18	0.3611324186982126
9.86	-20.95	0.3580757392908471
9.86	-19.72	0.3892442471339534
9.86	-18.49	0.36455418180223603
9.86	-17.26	0.3862576162281936
9.86	-16.03	0.3761051981546432
9.87	-14.8	0.3927678447709517
9.87	-13.57	0.3530568083485306
9.87	-12.34	0.36961909111236296
9.87	-11.1	0.3677319909530361
9.87	-9.87	0.3488474194134948
9.87	-8.64	0.3413983816233603
9.87	-7.4	0.33859487188091714
9.87	-6.17	0.3751019288886784
9.87	-4.94	0.36139656922736435
9.88	-3.7	0.36355920029184774
9.88	-2.47	0.35901648927241614
9.88	-1.23	0.3559164437913956
9.88	0.0	0.3719493447706059
9.88	1.23	0.35890984951478444
9.88	2.47	0.36732791546476123
9.88	3.7	0.35417773750619935
9.87	4.94	0.3505257842618192
9.87	6.17	0.35184247507075866
9.87	7.4	0.3407646221795416
9.87	8.64	0.36300932201812264
9.87	9.87	0.3700865982771586
9.87	11.1	0.3460646181991167
9.87	12.34	0.34630967663547113
9.87	13.57	0.355790051868857
9.87	14.8	0.3453966445338281
9.86	16.03	0.3432772691851835
9.86	17.26	0.33273177414099353
9.86	18.49	0.3398057536885583
9.86	19.72	0.3392968300833924
9.86	20.95	0.33729991974300283
9.86	22.18	0.3388025002642793
9.86	23.41	0.33913628351164504
9.85	24.63	0.35039726650413244
9.85	25.85	0.32871548758230856
9.85	27.08	0.3412195384690048
9.85	28.31	0.3541132438753637
9.85	29.55	0.3799984657382529
9.84	30.76	0.35949323033333497
9.83	31.95	0.3674635979836398
9.82	33.13	0.35292414594806554
9.8	34.29	0.3756581228035297
9.76	35.39	0.4416078588921638
9.7	36.37	0.659142616316367
10.88	36.26	0.39576290761448896
10.97	35.34	0.4721535299611129
11.01	34.26	0.3712382774424239
11.04	33.11	0.363994402747556
11.05	31.93	0.37270350264930263
11.07	30.75	0.36965812767332845
11.08	29.55	0.3697723000628021
11.08	28.32	0.35451171824359207
11.08	27.08	0.3487087691902147
11.08	25.85	0.359486190928596
11.08	24.63	0.3286565728502002
11.09	23.41	0.3326344283140125
11.09	22.18	0.3410094061770336
11.09	20.95	0.33886165942779567
11.09	19.72	0.3481708889051357
11.1	18.49	0.3491104802409803
11.1	17.26	0.3414945777899403
11.1	16.03	0.3496320886401375
11.1	14.8	0.3521761402374426
11.1	13.57	0.33208047174758143
11.1	12.34	0.3485589101909261
11.1	11.1	0.34960257897482083
11.1	9.87	0.37987487110862944
11.1	8.64	0.3489029665988205
11.1	7.4	0.3774480808814849
11.1	6.17	0.3478880510329768
11.1	4.94	0.34744294371421724
11.11	3.7	0.35590640061672096
11.11	2.47	0.34750147686065846
11.11	1.23	0.3611562256857551
11.11	-0.0	0.3739456693009696
11.11	-1.23	0.3604584946791098
11.11	-2.47	0.35167755908195103
11.11	-3.7	0.3516399235883052
11.1	-4.94	0.37064261314152847
11.1	-6.17	0.33899587941148007
11.1	-7.4	0.3638235898328104
11.1	-8.64	0.3676940150184467
11.1	-9.87	0.37645124375063327
11.1	-11.1	0.3739118263969369
11.1	-12.34	0.354907638882995
11.1	-13.57	0.3740958746618148
11.1	-14.8	0.37011520388683505
11.1	-16.03	0.38618580820087084
11.1	-17.26	0.3646096662946342
11.1	-18.49	0.37134436566607854
11.09	-19.72	0.38159734056226496
11.09	-20.95	0.3940354480445688
11.09	-22.18	0.37692732034375614
11.09	-23.41	0.3661149263634824
11.08	-24.63	0.35184994222521343
11.08	-25.85	0.3412035771150697
11.08	-27.08	0.32704547584442195
11.08	-28.32	0.3368400260448889
11.08	-29.55	0.31955078653576224
11.07	-30.75	0.37366955977723837
11.05	-31.93	0.3638623515557286
11.04	-33.11	0.37315532114771977
11.01	-34.26	0.3637438633534281
10.97	-35.34	0.3482932064427374
10.88	-36.26	0.4077066339564439
12.02	-36.05	0.4608405173235064
12.16	-35.27	0.41973957746879165
12.22	-34.22	0.3497666043955786
12.25	-33.09	0.371959665943458
12.27	-31.91	0.378247427321998
12.29	-30.73	0.37172899776753526
12.31	-29.54	0.3495596564049249
12.31	-28.32	0.3250725515408315
12.31	-27.08	0.35435223924555576
12.31	-25.85	0.3394855951038552
12.31	-24.63	0.3451203582010322
12.32	-23.4	0.3652200159038036
12.32	-22.18	0.37339154565937255
12.32	-20.94	0.3475920236556355
12.32	-19.72	0.372113358107168
12.33	-18.49	0.37655874023345576
12.33	-17.26	0.38527443567261066
12.33	-16.03	0.3888360577993046
12.33	-14.8	0.36928066030197815
12.33	-13.56	0.36904832014297395
12.33	-12.33	0.3687275354217283
12.34	-11.1	0.36021183246269867
12.34	-9.87	0.3790741974487817
12.34	-8.64	0.36189857583401347
12.34	-7.4	0.36142876628978465
12.34	-6.17	0.35260450256237885
12.34	-4.93	0.3479335862166771
12.34	-3.7	0.3683884239898674
12.34	-2.47	0.36292262826640487
12.34	-1.23	0.36127006509465054
12.34	0.0	0.34877194647604187
12.34	1.23	0.3511163702109402
12.34	2.47	0.37064138911203376
12.34	3.7	0.3539686811067232
12.34	4.93	0.37206519229065765
12.34	6.17	0.36700956039928395
12.34	7.4	0.35846154799231206
12.34	8.64	0.3473702576796061
12.34	9.87	0.372797312099184
12.34	11.1	0.36758775362269
12.33	12.33	0.34377934262696036
12.33	13.56	0.3491414576595912
12.33	14.8	0.3494450555324514
12.33	16.03	0.3526563879236946
12.33	17.26	0.3636683785016406
12.33	18.49	0.3334708028033882
12.32	19.72	0.35802919301738323
12.32	20.94	0.3409347481680002
12.32	22.18	0.3368079807179909
12.32	23.4	0.34068807317760647
12.31	24.63	0.35146513070979685
12.31	25.85	0.33742769803427564
12.31	27.08	0.3705409093715137
12.31	28.32	0.3595155132137106
12.31	29.54	0.368309832039682
12.29	30.73	0.36387702250414417
12.27	31.91	0.3697415195673157
12.25	33.09	0.3534247076066609
12.22	34.22	0.39139483553032317
12.16	35.27	0.5219947848218566
12.02	36.05	0.39202624685842735
13.34	35.17	0.6311453547937701
13.42	34.17	0.41584523594248013
13.47	33.06	0.3846585529121863
13.49	31.9	0.3422998631622124
13.51	30.71	0.34676203041642445
13.53	29.53	0.3790311367952928
13.54	28.32	0.3733439877268916
13.54	27.08	0.3474168429228818
13.54	25.85	0.34418968984131654
13.54	24.62	0.3401640801211561
13.55	23.4	0.34227817008931427
13.55	22.17	0.32615122256707746
13.55	20.94	0.35465009709729756
13.55	19.71	0.3540794391551157
13.56	18.49	0.3566838380074479
13.56	17.26	0.33958679153028487
13.56	16.03	0.34495779550418815
13.56	14.8	0.345169356664045
13.56	13.56	0.3406288466905769
13.56	12.33	0.3481873058782815
13.57	11.1	0.36673198417155883
13.57	9.87	0.3529542909727435
13.57	8.64	0.36484019816544583
13.57	7.4	0.35376055436955983
13.57	6.17	0.37051734187593494
13.57	4.93	0.35109062809675307
13.57	3.7	0.34740935373041654
13.57	2.47	0.3589641473493369
13.57	1.23	0.35282134769139467
13.57	-0.0	0.3761252921805944
13.57	-1.23	0.37100103172543447
13.57	-2.47	0.36004370237613065
13.57	-3.7	0.35457561037363017
13.57	-4.93	0.37554837802328084
13.57	-6.17	0.3904290341715035
13.57	-7.4	0.36070714759844646
13.57	-8.64	0.3821119869537075
13.57	-9.87	0.3448926818211121
13.57	-11.1	0.349277208937571
13.56	-12.33	0.35661846601679037
13.56	-13.56	0.3496577042247069
13.56	-14.8	0.36348246574967796
13.56	-16.03	0.3712805740473151
13.56	-17.26	0.373456582139209
13.56	-18.49	0.3833997158593646
13.55	-19.71	0.35989628409009583
13.55	-20.94	0.3651684559529451
13.55	-22.17	0.370328392988335
13.55	-23.4	0.35423567893726293
13.54	-24.62	0.35468266977224605
13.54	-25.85	0.3426250025114455
13.54	-27.08	0.3324913041044159
13.54	-28.32	0.33415244900072133
13.53	-29.53	0.35576918901617305
13.51	-30.71	0.37350808566898563
13.49	-31.9	0.3872556329163115
13.47	-33.06	0.355605856008408
13.42	-34.17	0.37106693133411917
13.34	-35.17	0.5655806131758355
14.49	-35.02	0.3826523910668248
14.62	-34.1	0.3561777623285579
14.67	-33.02	0.3424327905457446
14.71	-31.87	0.37032253579960517
14.73	-30.69	0.38964267720953216
14.75	-29.51	0.3438603935418617
14.77	-28.31	0.3460924800599341
14.78	-27.09	0.3339951115599353
14.77	-25.85	0.33745620219905376
14.77	-24.62	0.3448893626884193
14.77	-23.39	0.36122729977884094
14.78	-22.17	0.34376196465183595
14.78	-20.94	0.3633632132991547
14.78	-19.71	0.3739705007023832
14.79	-18.48	0.3489141101309983
14.79	-17.25	0.3597575688403647
14.79	-16.03	0.35978552615301423
14.79	-14.79	0.3880096704247236
14.8	-13.56	0.38254281565177917
14.8	-12.33	0.37669803893120607
14.8	-11.1	0.3576442058420419
14.8	-9.87	0.3558128067821663
14.8	-8.63	0.35539357257900533
14.8	-7.4	0.36879799794215895
14.8	-6.17	0.3679962849454657
14.8	-4.93	0.3586251426805822
14.8	-3.7	0.34725174524560204
14.8	-2.47	0.3840047995737622
14.8	-1.23	0.3698094451050505
14.8	0.0	0.3773892864351366
14.8	1.23	0.35264673900432486
14.8	2.47	0.3552572889888188
14.8	3.7	0.35785701127424374
14.8	4.93	0.3748274386730818
14.8	6.17	0.3742856294185239
14.8	7.4	0.36035638761172434
14.8	8.63	0.3429371673622733
14.8	9.87	0.3472759776717666
14.8	11.1	0.3316950783383842
14.8	12.33	0.35729001630137275
14.8	13.56	0.3643539896821474
14.79	14.79	0.3488920663458132
14.79	16.03	0.3409020988264306
14.79	17.25	0.3363437375004701
14.79	18.48	0.34188183659215465
14.78	19.71	0.3489673919331617
14.78	20.94	0.33713608187600846
14.78	22.17	0.3431577531448505
14.77	23.39	0.3499424280113418
14.77	24.62	0.3459672497097608
14.77	25.85	0.39264067865480484
14.78	27.09	0.37131562486802316
14.77	28.31	0.36711480283881165
14.75	29.51	0.35796996545828563
14.73	30.69	0.3615100055937511
14.71	31.87	0.3552287476761976
14.67	33.02	0.38679826089626335
14.62	34.1	0.4604404675528192
14.49	35.02	0.24956135451613168
15.79	34.0	0.608412629186262
15.87	32.97	0.37860831534090744
15.92	31.84	0.36296334175800415
15.95	30.67	0.370463711938111
15.97	29.48	0.37724892017067335
15.99	28.3	0.3675166205202484
16.01	27.09	0.3584830750836235
16.01	25.85	0.35148709668831324
16.0	24.62	0.34397480484497656
16.0	23.39	0.3361669279399851
16.01	22.16	0.3431475936015841
16.01	20.94	0.35223378596522836
16.02	19.71	0.33797444460419607
16.02	18.48	0.3356843286699605
16.02	17.25	0.35305468058768835
16.02	16.02	0.34265324550407655
16.03	14.79	0.3523268322193803
16.03	13.56	0.3483695755908067
16.03	12.33	0.33905305140288716
16.03	11.1	0.3488140971407157
16.03	9.86	0.3554433421995795
16.03	8.63	0.34868588882115836
16.03	7.4	0.3506470276658917
16.03	6.17	0.35142393014893225
16.04	4.93	0.3565427373568731
16.04	3.7	0.35483197068735634
16.04	2.47	0.3618317155195372
16.04	1.23	0.35382721811840306
16.04	-0.0	0.36675617908775304
16.04	-1.23	0.36076623913061895
16.04	-2.47	0.34746918563527035
16.04	-3.7	0.32569813371642936
16.04	-4.93	0.35770405230407604
16.03	-6.17	0.3524044700786393
16.03	-7.4	0.3495090676764872
16.03	-8.63	0.3690801814390966
16.03	-9.86	0.37886204102459853
16.03	-11.1	0.35799455734143276
16.03	-12.33	0.3569592633334033
16.03	-13.56	0.38169651676599653
16.03	-14.79	0.36653888796681805
16.02	-16.02	0.3645040846304398
16.02	-17.25	0.386500269919875
16.02	-18.48	0.3838833050937222
16.02	-19.71	0.36755313942938944
16.01	-20.94	0.38076825769139816
16.01	-22.16	0.32550653426441634
16.0	-23.39	0.3281222503226361
16.0	-24.62	0.3394371511659006
16.01	-25.85	0.33112927228286015
16.01	-27.09	0.3316410291930827
15.99	-28.3	0.34447548047376725
15.97	-29.48	0.36534544846337114
15.95	-30.67	0.3975055325025306
15.92	-31.84	0.34506813712841755
15.87	-32.97	0.33883842228079886
15.79	-34.0	0.4134450012044997
16.92	-33.85	0.5637841210409901
17.06	-32.9	0.38169334907877406
17.12	-31.8	0.36275639899482925
17.16	-30.65	0.37648705676273764
17.19	-29.46	0.38137413838614276
17.21	-28.27	0.3473692378305749
17.23	-27.08	0.3548401401784821
17.24	-25.86	0.34709017814992255
17.23	-24.62	0.3484948949468135
17.23	-23.38	0.3462641487227802
17.23	-22.16	0.34777465469452656
17.24	-20.93	0.3525162311874971
17.25	-19.71	0.3329460851552691
17.25	-18.48	0.361303343059376
17.25	-17.25	0.3670025445955117
17.25	-16.02	0.37746252761970367
17.25	-14.79	0.3667666386229538
17.26	-13.56	0.3660450037593965
17.26	-12.33	0.3723851650258364
17.26	-11.1	0.3645707846677876
17.26	-9.86	0.3710944082572984
17.26	-8.63	0.37192167492646966
17.26	-7.4	0.35311610844683844
17.26	-6.17	0.35943966366786273
17.26	-4.93	0.36414702981513813
17.27	-3.7	0.37784338916421073
17.27	-2.47	0.35014947527543827
17.27	-1.23	0.3391362932234694
17.27	0.0	0.3616116449671959
17.27	1.23	0.3489963401660087
17.27	2.47	0.3489224334418857
17.27	3.7	0.35789062100193525
17.26	4.93	0.3591972421532921
17.26	6.17	0.3473806790693287
17.26	7.4	0.36259638211151524
17.26	8.63	0.35867102364176007
17.26	9.86	0.3459743455938522
17.26	11.1	0.3624023745133023
17.26	12.33	0.35279587799306544
17.26	13.56	0.34326501323065245
17.25	14.79	0.34690510651074674
17.25	16.02	0.3428762117913097
17.25	17.25	0.3530215604327925
17.25	18.48	0.335788611532453
17.25	19.71	0.3454649101088308
17.24	20.93	0.32849423107837233
17.23	22.16	0.3337946762212354
17.23	23.38	0.35041670273609843
17.23	24.62	0.35369148995210475
17.24	25.86	0.37927129172596913
17.23	27.08	0.38303971139951665
17.21	28.27	0.3623038356906746
17.19	29.46	0.34607015308424277
17.16	30.65	0.34730121436730094
17.12	31.8	0.35891660696193306
17.06	32.9	0.46936491507460476
16.92	33.85	0.8999999566765929
18.21	32.78	0.5126814550608061
18.31	31.74	0.39529821312234026
18.37	30.61	0.3536788618779183
18.4	29.44	0.35272624200980607
18.42	28.25	0.36297995355208384
18.45	27.06	0.4058997157848706
18.47	25.85	0.3709640960944847
18.47	24.63	0.3634397960988375
18.46	23.39	0.3510663430170913
18.46	22.15	0.34961840938185157
18.47	20.93	0.34563794738557735
18.47	19.7	0.3370725224423898
18.48	18.48	0.34538450355763545
18.48	17.25	0.3345385367943876
18.48	16.02	0.3395821362771734
18.48	14.79	0.33377110396693344
18.49	13.56	0.357003851243953
18.49	12.33	0.3393561088710299
18.49	11.1	0.36384392103792756
18.49	9.86	0.34243747043534906
18.49	8.63	0.3297746966853947
18.49	7.4	0.35473793922476143
18.49	6.16	0.36009048230924123
18.5	4.93	0.3368723952401507
18.5	3.7	0.3485420980192905
18.5	2.47	0.3680731091215449
18.5	1.23	0.3567817364581927
18.5	-0.0	0.3663660480527492
18.5	-1.23	0.3691710353511186
18.5	-2.47	0.3459587396536373
18.5	-3.7	0.35527773052038997
18.5	-4.93	0.3565062012366466
18.49	-6.16	0.3446454157707973
18.49	-7.4	0.3768918521490762
18.49	-8.63	0.3661315987780665
18.49	-9.86	0.3695843801590047
18.49	-11.1	0.3643925806103022
18.49	-12.33	0.38661028707180456
18.49	-13.56	0.372893141035778
18.48	-14.79	0.368821881985573
18.48	-16.02	0.38024144720690395
18.48	-17.25	0.34471231451275997
18.48	-18.48	0.3485600869410694
18.47	-19.7	0.3519342340899465
18.47	-20.93	0.33995278183353184
18.46	-22.15	0.33475501513700023
18.46	-23.39	0.32253256976113664
18.47	-24.63	0.3371894686948512
18.47	-25.85	0.33345643053194207
18.45	-27.06	0.3517355958538408
18.42	-28.25	0.3622837604341925
18.4	-29.44	0.3691803649790376
18.37	-30.61	0.3638792288055753
18.31	-31.74	0.34544287878964364
18.21	-32.78	0.39187584983694446
19.32	-32.6	0.43986392550105347
19.48	-31.66	0.3391963553862556
19.56	-30.56	0.349221425031103
19.61	-29.41	0.3527634797721615
19.63	-28.22	0.37550281063528224
19.66	-27.03	0.370139628472811
19.68	-25.84	0.3374968800391041
19.7	-24.62	0.3461764650182242
19.7	-23.39	0.3311077920457389
19.69	-22.16	0.3393962292770617
19.69	-20.92	0.3401505836749271
19.7	-19.7	0.3511478856132511
19.7	-18.47	0.350043223333083
19.71	-17.25	0.3560649096576394
19.71	-16.02	0.3682400650746945
19.71	-14.78	0.37307864469728025
19.71	-13.55	0.36929065368642344
19.72	-12.32	0.36997732274010425
19.72	-11.09	0.37944080594371593
19.72	-9.86	0.35682275142172387
19.72	-8.63	0.3812159412861605
19.73	-7.4	0.38504550534766896
19.73	-6.16	0.3486880596344195
19.73	-4.93	0.3484581725377901
19.73	-3.7	0.36122277458478524
19.73	-2.47	0.35887165075746064
19.73	-1.23	0.3727599435109848
19.73	0.0	0.35072287398492785
19.73	1.23	0.36028691547153546
19.73	2.47	0.33617902249326936
19.73	3.7	0.3688365280593495
19.73	4.93	0.36973403813910893
19.73	6.16	0.35910623992239016
19.73	7.4	0.3621956701836957
19.72	8.63	0.36330068655079384
19.72	9.86	0.35302694566854703
19.72	11.09	0.340853965505582
19.72	12.32	0.34645606632558396
19.71	13.55	0.3477307486196146
19.71	14.78	0.34180139312663327
19.71	16.02	0.33796443562439354
19.71	17.25	0.3409065355579889
19.7	18.47	0.33266757979371164
19.7	19.7	0.35483327474317067
19.69	20.92	0.34737848502786967
19.69	22.16	0.3625330208002315
19.7	23.39	0.3707425480076062
19.7	24.62	0.36499697681334764
19.68	25.84	0.3695665354173522
19.66	27.03	0.3671503395768881
19.63	28.22	0.3597455717815554
19.61	29.41	0.3606079849353526
19.56	30.56	0.4049817070584095
19.48	31.66	0.44629894207741083
19.32	32.6	0.100000000004342
20.61	31.52	0.6068064630052791
20.73	30.49	0.42149817171378134
20.8	29.36	0.3354245649173802
20.84	28.2	0.35707623287433954
20.87	27.01	0.3504888121570639
20.89	25.81	0.3810021032822469
20.92	24.61	0.40714632071624474
20.93	23.39	0.37688593909135343
20.93	22.16	0.34672131272716505
20.92	20.92	0.37675460805364563
20.92	19.69	0.34535465566160184
20.93	18.47	0.350464744691488
20.93	17.24	0.35427068555491115
20.94	16.01	0.3487708500680562
20.94	14.78	0.3376114300914244
20.94	13.55	0.31176369368882906
20.94	12.32	0.334748257824745
20.95	11.09	0.36443164492240543
20.95	9.86	0.33877588893637456
20.95	8.63	0.34724957911219984
20.95	7.4	0.34095066084595343
20.96	6.16	0.36711811730276883
20.96	4.93	0.34752414903444595
20.96	3.7	0.3506764444426885
20.96	2.47	0.3529078515007296
20.96	1.23	0.35410484271584386
20.96	-0.0	0.3510565386282418
20.96	-1.23	0.36503492848992397
20.96	-2.47	0.3750485128868756
20.96	-3.7	0.36941819897176315
20.96	-4.93	0.3652567128508133
20.96	-6.16	0.34360350576182397
20.95	-7.4	0.3646103605344954
20.95	-8.63	0.339073918508223
20.95	-9.86	0.3553249673237906
20.95	-11.09	0.38066446801837966
20.94	-12.32	0.37340231646011796
20.94	-13.55	0.36756418166713456
20.94	-14.78	0.3557224038391212
20.94	-16.01	0.34566411143376896
20.93	-17.24	0.33968718941755377
20.93	-18.47	0.34779047710564026
20.92	-19.69	0.34328864226764
20.92	-20.92	0.3427205441084022
20.93	-22.16	0.33212537451044444
20.93	-23.39	0.3411058066225708
20.92	-24.61	0.3311537565612762
20.89	-25.81	0.34535766530681206
20.87	-27.01	0.36644396706640603
20.84	-28.2	0.34492906394814327
20.8	-29.36	0.34428123616698025
20.73	-30.49	0.3044550539231974
20.61	-31.52	0.4010037827141
21.63	-31.24	0.5587086354692854
21.87	-30.38	0.3651086744685351
21.97	-29.3	0.3209664103888382
22.04	-28.16	0.3433472331500209
22.07	-26.98	0.3530361813307835
22.1	-25.78	0.34862006240320165
22.13	-24.59	0.3450047270248059
22.15	-23.38	0.3494858774415973
22.16	-22.16	0.34080386417640857
22.16	-20.93	0.32746716054625774
22.16	-19.69	0.3369495075812545
22.15	-18.46	0.34041332880119346
22.16	-17.23	0.3693322223617678
22.16	-16.01	0.32769638076152036
22.17	-14.78	0.3611873894139169
22.17	-13.55	0.3462251901643128
22.18	-12.32	0.377280489629245
22.18	-11.09	0.35370954647798125
22.18	-9.86	0.3684135388373239
22.18	-8.62	0.36766983319227836
22.18	-7.39	0.37437063870314147
22.18	-6.16	0.3660347068412501
22.18	-4.93	0.3545431417194219
22.19	-3.7	0.35218229162075276
22.19	-2.47	0.36387720143616975
22.19	-1.23	0.34925640842367134
22.19	0.0	0.3504820815282051
22.19	1.23	0.34716640387105646
22.19	2.47	0.36423116608945655
22.19	3.7	0.3487710956039177
22.18	4.93	0.3718948548589179
22.18	6.16	0.3527227555124391
22.18	7.39	0.36716268736406665
22.18	8.62	0.35874067856531217
22.18	9.86	0.32125089624359854
22.18	11.09	0.2990551323039638
22.18	12.32	0.3227147606531213
22.17	13.55	0.34335812306979147
22.17	14.78	0.34297889598106535
22.16	16.01	0.35405194916359
22.16	17.23	0.34172068109100995
22.15	18.46	0.35388534622354406
22.16	19.69	0.36888607582843375
22.16	20.93	0.3374840505241684
22.16	22.16	0.3784801986129663
22.15	23.38	0.37762823636083004
22.13	24.59	0.38863354862984656
22.1	25.78	0.3681901011423383
22.07	26.98	0.35179413134682613
22.04	28.16	0.36976659469985707
21.97	29.3	0.3976423193829435
21.87	30.38	0.5016122260040629
21.63	31.24	0.6167382515284411
22.94	30.18	0.631986381761123
23.12	29.2	0.46690471590004357
23.21	28.1	0.4167897741314882
23.27	26.94	0.35167634026176964
23.31	25.76	0.36045576284673664
23.33	24.56	0.3805034312895204
23.36	23.36	0.3737498466199116
23.38	22.15	0.3908246439109663
23.39	20.93	0.3605525685207497
23.39	19.7	0.3491324078666988
23.39	18.46	0.384549134490298
23.38	17.23	0.3513459828277055
23.39	16.0	0.34607295372202285
23.39	14.77	0.3550019754320486
23.4	13.55	0.35798759729436286
23.4	12.32	0.3390557145223057
23.41	11.09	0.32203388256096677
23.41	9.86	0.31170676536345343
23.41	8.62	0.34848035936289046
23.41	7.39	0.37162839684590476
23.41	6.16	0.39627031935456614
23.41	4.93	0.3687172154579022
23.41	3.7	0.3492937779645089
23.41	2.46	0.3601680810955712
23.41	1.23	0.34327109141790596
23.41	-0.0	0.3644069541581163
23.41	-1.23	0.36365090798211547
23.41	-2.46	0.34703485980324794
23.41	-3.7	0.3420252392330634
23.41	-4.93	0.35787709557255626
23.41	-6.16	0.3551916256576016
23.41	-7.39	0.3588602076146484
23.41	-8.62	0.355591172113327
23.41	-9.86	0.353077441675883
23.41	-11.09	0.37231002063361124
23.4	-12.32	0.34202837536942976
23.4	-13.55	0.3400288495504877
23.39	-14.77	0.35477781978517153
23.39	-16.0	0.353445972028262
23.38	-17.23	0.3600354217769079
23.39	-18.46	0.327216454505639
23.39	-19.7	0.3274325688020488
23.39	-20.93	0.3344863169463209
23.38	-22.15	0.3279606702031255
23.36	-23.36	0.3402892203983667
23.33	-24.56	0.3408164802523724
23.31	-25.76	0.3648586235640713
23.27	-26.94	0.33796874650810127
23.21	-28.1	0.31210126476281885
23.12	-29.2	0.3208990842539965
22.94	-30.18	0.43237274137983894
24.2	-29.04	0.45128762514403764
24.36	-28.01	0.3124874524932593
24.44	-26.89	0.31450240560055925
24.5	-25.72	0.3325228155847587
24.53	-24.53	0.3397875796045958
24.56	-23.33	0.349408785635614
24.59	-22.13	0.3280117805748786
24.61	-20.92	0.3401544169836649
24.62	-19.7	0.32997898086824407
24.63	-18.47	0.32049102774366983
24.62	-17.23	0.33969044105417606
24.62	-16.0	0.331452169679022
24.62	-14.77	0.3221106397876671
24.62	-13.54	0.3404704699213671
24.63	-12.31	0.3531563096358977
24.63	-11.08	0.34859647810873573
24.63	-9.85	0.3602945204241377
24.64	-8.62	0.34512431409286176
24.64	-7.39	0.34061212235481514
24.64	-6.16	0.3515900729621912
24.64	-4.93	0.34651132493260617
24.64	-3.7	0.36522555650998517
24.64	-2.46	0.36837115558274947
24.64	-1.23	0.37483250549517944
24.64	0.0	0.3582815417354059
24.64	1.23	0.36491120327096965
24.64	2.46	0.36239000865469084
24.64	3.7	0.36101721660239505
24.64	4.93	0.3511308690879061
24.64	6.16	0.32923023135947377
24.64	7.39	0.3274109409602874
24.64	8.62	0.34384269392838507
24.63	9.85	0.31609862762258567
24.63	11.08	0.346276206086931
24.63	12.31	0.3416318853934598
24.62	13.54	0.3649294096704662
24.62	14.77	0.3669530267694436
24.62	16.0	0.3476970031287382
24.62	17.23	0.363852211681875
24.63	18.47	0.3673347227714648
24.62	19.7	0.3803737525692068
24.61	20.92	0.36693274777029217
24.59	22.13	0.3672197649787206
24.56	23.33	0.350319427535703
24.53	24.53	0.3445474395247139
24.5	25.72	0.3305750861850532
24.44	26.89	0.3363949989798758
24.36	28.01	0.4292785723305452
24.2	29.04	0.5480832307191108
25.43	27.86	0.5669659665022061
25.59	26.8	0.41140185835136145
25.67	25.67	0.37656056525257153
25.72	24.5	0.32088914831636817
25.76	23.31	0.35737377721639385
25.78	22.1	0.3563342031693147
25.81	20.89	0.3637934849433291
25.84	19.68	0.3688366046767737
25.85	18.47	0.38341363258667593
25.86	17.24	0.3894164118464185
25.85	16.01	0.3843800683474126
25.85	14.77	0.3498613105481109
25.85	13.54	0.3429574529007467
25.85	12.31	0.37769191297479154
25.85	11.08	0.3367333418977126
25.85	9.85	0.3488287011022568
25.86	8.62	0.34603278411718613
25.86	7.39	0.3479579374820207
25.87	6.16	0.3283472284023417
25.87	4.93	0.35419844123079647
25.87	3.7	0.3522297047249808
25.87	2.46	0.3514284315613399
25.87	1.23	0.3266596098905212
25.87	-0.0	0.3470278021752967
25.87	-1.23	0.351229566763493
25.87	-2.46	0.341603395950769
25.87	-3.7	0.3498834990769521
25.87	-4.93	0.35421286565806265
25.87	-6.16	0.34790915587244614
25.86	-7.39	0.3604013144396387
25.86	-8.62	0.3586449953161497
25.85	-9.85	0.343904250325839
25.85	-11.08	0.3565868632875358
25.85	-12.31	0.3506923283460502
25.85	-13.54	0.3327644805427892
25.85	-14.77	0.3468045873715531
25.85	-16.01	0.3400111689014795
25.86	-17.24	0.3345391237794912
25.85	-18.47	0.32632810015080094
25.84	-19.68	0.3425671921074644
25.81	-20.89	0.35508120720493624
25.78	-22.1	0.3413011180649409
25.76	-23.31	0.3382741981798528
25.72	-24.5	0.33060621745509344
25.67	-25.67	0.3052613475254097
25.59	-26.8	0.3087843631812165
25.43	-27.86	0.3507364752466178
26.65	-26.65	0.3417136961328662
26.8	-25.59	0.31039652651224026
26.89	-24.44	0.32317215386717346
26.94	-23.27	0.3198931699907891
26.98	-22.07	0.32358735873315414
27.01	-20.87	0.32527285716130855
27.03	-19.66	0.3375319224189704
27.06	-18.45	0.32890019076230226
27.08	-17.23	0.32878782521199024
27.09	-16.01	0.3302247987662451
27.09	-14.78	0.32512148611634395
27.08	-13.54	0.33781977533684143
27.08	-12.31	0.32636041306843633
27.08	-11.08	0.34414538740449185
27.08	-9.85	0.33884388918221164
27.08	-8.62	0.33289151244854115
27.08	-7.39	0.33309381647886377
27.08	-6.16	0.3521547219176871
27.09	-4.93	0.348618709910023
27.09	-3.69	0.33058596131313506
27.09	-2.46	0.3260622352308307
27.09	-1.23	0.33264210697347923
27.09	0.0	0.3567354767490853
27.09	1.23	0.3510745122944286
27.09	2.46	0.3363594232603081
27.09	3.69	0.36121318688117854
27.09	4.93	0.33254601539055323
27.08	6.16	0.3365248880179902
27.08	7.39	0.3446134070430402
27.08	8.62	0.34733679366994547
27.08	9.85	0.3622822404199632
27.08	11.08	0.34097266463635173
27.08	12.31	0.3584767943204019
27.08	13.54	0.3674397325761942
27.09	14.78	0.34432025623567647
27.09	16.01	0.3714894409684396
27.08	17.23	0.3668965284299523
27.06	18.45	0.38762723006569777
27.03	19.66	0.38474762269729923
27.01	20.87	0.3746351956454836
26.98	22.07	0.36683321504789257
26.94	23.27	0.32648373744978576
26.89	24.44	0.36629662314454825
26.8	25.59	0.4109169148742231
26.65	26.65	0.5522709044701859
27.86	25.43	0.5067000048211487
28.01	24.36	0.41248729603369794
28.1	23.21	0.3946086812559919
28.16	22.04	0.3282785855254128
28.2	20.84	0.33517216844618314
28.22	19.63	0.3625723265073758
28.25	18.42	0.3894061429361915
28.27	17.21	0.3694842477632642
28.3	15.99	0.3559507982212307
28.31	14.77	0.3785887168812484
28.32	13.54	0.36271048404018746
28.32	12.31	0.3678785575633731
28.32	11.08	0.35926379293878674
28.31	9.85	0.3646723356577923
28.31	8.62	0.3101147934779995
28.31	7.38	0.3613274286650459
28.31	6.15	0.35071569444550404
28.31	4.92	0.33194252653136036
28.31	3.69	0.3346175265896142
28.31	2.46	0.339061524412918
28.31	1.23	0.32798628245213046
28.31	-0.0	0.33643797778465234
28.31	-1.23	0.3332113357519104
28.31	-2.46	0.34295718031225897
28.31	-3.69	0.3518614483682537
28.31	-4.92	0.34136238571174365
28.31	-6.15	0.3478002125929752
28.31	-7.38	0.35407721785363194
28.31	-8.62	0.34074800761414614
28.31	-9.85	0.34794584632246167
28.32	-11.08	0.3485584821879687
28.32	-12.31	0.3341013514764692
28.32	-13.54	0.34419786298247723
28.31	-14.77	0.3393691531289498
28.3	-15.99	0.3347600686717301
28.27	-17.21	0.3332987159760325
28.25	-18.42	0.3270668446140918
28.22	-19.63	0.31134474918930555
28.2	-20.84	0.3210232149907746
28.16	-22.04	0.3156407940692647
28.1	-23.21	0.3104804002831497
28.01	-24.36	0.31285456489359065
27.86	-25.43	0.3231500355967497
29.04	-24.2	0.3368656589582225
29.2	-23.12	0.2950223695687093
29.3	-21.97	0.30400875607358674
29.36	-20.8	0.30766830269300527
29.41	-19.61	0.32023185319599345
29.44	-18.4	0.30923115819665736
29.46	-17.19	0.3128830093547398
29.48	-15.97	0.31949208604305146
29.51	-14.75	0.3199564794446138
29.53	-13.53	0.33064685255156917
29.54	-12.31	0.3276503821168216
29.55	-11.08	0.33196131841042426
29.55	-9.85	0.32743118037568586
29.55	-8.62	0.3405285364856362
29.55	-7.39	0.3328030178428281
29.55	-6.16	0.35120830144396553
29.54	-4.92	0.344500760045595
29.54	-3.69	0.33407604595249124
29.54	-2.46	0.352446336028656
29.54	-1.23	0.3565175861912294
29.54	0.0	0.3418458883431913
29.54	1.23	0.3406506992304073
29.54	2.46	0.3449204340320886
29.54	3.69	0.33200256251060295
29.54	4.92	0.3391233626113503
29.55	6.16	0.3856977473949909
29.55	7.39	0.34401805222707166
29.55	8.62	0.36127074450610325
29.55	9.85	0.366275030841678
29.55	11.08	0.356441385459212
29.54	12.31	0.36481235533912004
29.53	13.53	0.3679594931054785
29.51	14.75	0.4042619834617405
29.48	15.97	0.3718408544172387
29.46	17.19	0.3744158067695364
29.44	18.4	0.37426230281080997
29.41	19.61	0.3395313830984278
29.36	20.8	0.3504346295675729
29.3	21.97	0.37328532125802216
29.2	23.12	0.40049383716691744
29.04	24.2	0.5528902005033051
30.18	22.94	0.5936285992705831
30.38	21.87	0.42232544305327735
30.49	20.73	0.3793927718209481
30.56	19.56	0.3738473145353959
30.61	18.37	0.32948646376657154
30.65	17.16	0.3484159890292472
30.67	15.95	0.34770301342628357
30.69	14.73	0.3773984512744271
30.71	13.51	0.3794011731302349
30.73	12.29	0.3844949706820315
30.75	11.07	0.3809823715323138
30.76	9.84	0.3430241332617286
30.77	8.62	0.3825592561774199
30.78	7.39	0.3565632323461538
30.78	6.16	0.3693709073691064
30.78	4.93	0.3513203951659948
30.78	3.69	0.325947482360846
30.78	2.46	0.34911600216898003
30.78	1.23	0.34264699163921203
30.78	-0.0	0.3279512448720129
30.78	-1.23	0.3457795706357362
30.78	-2.46	0.34808140651293734
30.78	-3.69	0.35302302085143633
30.78	-4.93	0.3288270940782308
30.78	-6.16	0.3557611783835209
30.78	-7.39	0.3390484862501983
30.77	-8.62	0.3351337956049146
30.76	-9.84	0.3281303208478773
30.75	-11.07	0.3216928077725491
30.73	-12.29	0.3333975429471015
30.71	-13.51	0.3220750829616693
30.69	-14.73	0.3105434955709132
30.67	-15.95	0.29867328765376033
30.65	-17.16	0.3022582274987051
30.61	-18.37	0.30623056217929256
30.56	-19.56	0.30701170046652626
30.49	-20.73	0.29101886791483755
30.38	-21.87	0.3022824588628894
30.18	-22.94	0.378650901263634
31.24	-21.63	0.4610682555007669
31.52	-20.61	0.34625863042441263
31.66	-19.48	0.3010498380586686
31.74	-18.31	0.30192969862549224
31.8	-17.12	0.3027913715746358
31.84	-15.92	0.30459182700113996
31.87	-14.71	0.3050113790136611
31.9	-13.49	0.29736160246699805
31.91	-12.27	0.3231238460443593
31.93	-11.05	0.31685541064780326
31.95	-9.83	0.3224160759820428
31.96	-8.6	0.32066502163123906
31.97	-7.38	0.3317134900036858
31.98	-6.15	0.33746887264873415
31.99	-4.92	0.3601844716561339
32.0	-3.69	0.3587362425001069
32.0	-2.46	0.3695183978702635
32.0	-1.23	0.3523693842264454
32.0	0.0	0.34360684767886807
32.0	1.23	0.3390328333220318
32.0	2.46	0.3490451091735564
32.0	3.69	0.35894163915362914
31.99	4.92	0.3597201153176758
31.98	6.15	0.38163082390139785
31.97	7.38	0.36192433978187855
31.96	8.6	0.3723327101745474
31.95	9.83	0.36338755514502047
31.93	11.05	0.3825571354814076
31.91	12.27	0.3889789459000374
31.9	13.49	0.34398680556145084
31.87	14.71	0.3476360167344503
31.84	15.92	0.33253016156451154
31.8	17.12	0.3300512090161954
31.74	18.31	0.34769148797244764
31.66	19.48	0.3913666376118804
31.52	20.61	0.503599776204916
31.24	21.63	0.8353955169819066
32.6	19.32	0.5153842186283997
32.78	18.21	0.45501751366764354
32.9	17.06	0.38907699118185357
32.97	15.87	0.37440410154437964
33.02	14.67	0.39302083356701034
33.06	13.47	0.3466863239990321
33.09	12.25	0.3438153848501321
33.11	11.04	0.36705389227262875
33.13	9.82	0.35043773515730015
33.14	8.59	0.36443381897856236
33.15	7.37	0.36800169641332664
33.16	6.14	0.36450143753322256
33.17	4.91	0.3232963252390134
33.18	3.69	0.358184019051214
33.18	2.46	0.36246415066469867
33.18	1.23	0.34541605116292184
33.19	-0.0	0.3465459874405463
33.18	-1.23	0.3390096004742532
33.18	-2.46	0.3498771473754819
33.18	-3.69	0.3541138429528482
33.17	-4.91	0.33471834001285006
33.16	-6.14	0.33040807777147246
33.15	-7.37	0.3182960518599352
33.14	-8.59	0.33193719237892577
33.13	-9.82	0.3045244193553617
33.11	-11.04	0.3226802969479652
33.09	-12.25	0.2975360978747533
33.06	-13.47	0.3006279693312418
33.02	-14.67	0.29181903634467676
32.97	-15.87	0.28504085187885253
32.9	-17.06	0.2985930761355918
32.78	-18.21	0.3222494260451111
32.6	-19.32	0.42030050306806266
33.85	-16.92	0.3949426465080992
34.0	-15.79	0.33793023040682246
34.1	-14.62	0.34384250822348394
34.17	-13.42	0.3100228650235579
34.22	-12.22	0.3222367029038157
34.26	-11.01	0.3248003259212925
34.29	-9.8	0.32038821304425086
34.31	-8.58	0.3320243786560956
34.33	-7.36	0.33001796853279003
34.34	-6.13	0.3328743297237501
34.35	-4.91	0.34024365339067436
34.35	-3.68	0.33423494531912046
34.36	-2.45	0.3408833293527567
34.36	-1.23	0.35191324817666336
34.36	0.0	0.3658142102013472
34.36	1.23	0.36195943372896944
34.36	2.45	0.37793765396143864
34.35	3.68	0.3781739941803087
34.35	4.91	0.37604415544743286
34.34	6.13	0.3378367705918923
34.33	7.36	0.3538608813947185
34.31	8.58	0.3461735898596665
34.29	9.8	0.34134738341996435
34.26	11.01	0.3615144943264298
34.22	12.22	0.37220328729362473
34.17	13.42	0.35647737063882046
34.1	14.62	0.3524227186389002
34.0	15.79	0.4758195127928915
33.85	16.92	0.4816986757133044
35.02	14.49	0.5496458716139246
35.17	13.34	0.4403580606076726
35.27	12.16	0.40098476902017477
35.34	10.97	0.3857286433330055
35.39	9.76	0.361813696139652
35.43	8.55	0.37247500070191075
35.46	7.34	0.37564772330924
35.48	6.12	0.316175386385957
35.49	4.9	0.3497192211402178
35.51	3.67	0.3494420704008998
35.52	2.45	0.3481593887773176
35.52	1.22	0.3607733207805055
35.52	-0.0	0.3675966473994142
35.52	-1.22	0.3352328024010876
35.52	-2.45	0.3408988656106986
35.51	-3.67	0.3767282329969822
35.49	-4.9	0.3481077656908356
35.48	-6.12	0.33504104994987305
35.46	-7.34	0.326742677333309
35.43	-8.55	0.3336827539728914
35.39	-9.76	0.37633613787465503
35.34	-10.97	0.3806563454554053
35.27	-12.16	0.38218851594197967
35.17	-13.34	0.3491016198095066
35.02	-14.49	0.3929703480888501
36.05	-12.02	0.4490247035276983
36.26	-10.88	0.37384685932519524
36.37	-9.7	0.3538052566805163
36.45	-8.51	0.33438869050759756
36.51	-7.3	0.35529338651266085
36.55	-6.09	0.34506017895023544
36.58	-4.88	0.3726257059447661
36.6	-3.66	0.3405560432820469
36.61	-2.44	0.33150583427062885
36.62	-1.22	0.3428850513815569
36.62	0.0	0.35071899593573574
36.62	1.22	0.3231900352576374
36.61	2.44	0.35407896305406916
36.6	3.66	0.34312825059174
36.58	4.88	0.3480877782919479
36.55	6.09	0.35314201739375906
36.51	7.3	0.33290833091385574
36.45	8.51	0.36565159468192887
36.37	9.7	0.40498678652860576
36.26	10.88	0.4911911131238257
36.05	12.02	0.5034981592714878
37.3	7.22	0.4157218553173423
37.42	6.04	0.4282529168005338
37.5	4.84	0.40540792955552585
37.55	3.63	0.3766714774582067
37.58	2.42	0.3668031177525969
37.6	1.21	0.3391448930616485
37.6	-0.0	0.34754416058515003
37.6	-1.21	0.33565547843842225
37.58	-2.42	0.35282525252332286
37.55	-3.63	0.35510111207293615
37.5	-4.84	0.36143257691914865
37.42	-6.04	0.3824560363238184
37.3	-7.22	0.40189577221930295
