-37.3	-7.22	0.42222854386173525
-37.42	-6.04	0.35689658713713956
-37.5	-4.84	0.35959101908974855
-37.55	-3.63	0.3299454235388187
-37.58	-2.42	0.3357996793907416
-37.6	-1.21	0.34720435982059017
-37.6	0.0	0.33131560673343907
-37.6	1.21	0.35076121166032326
-37.58	2.42	0.3455769821940261
-37.55	3.63	0.3666072138645434
-37.5	4.84	0.3519696001916711
-37.42	6.04	0.35607675165184094
-37.3	7.22	0.41902249113611534
-36.05	12.02	0.471509028134638
-36.26	10.88	0.4582281406126393
-36.37	9.7	0.3977739441711158
-36.45	8.51	0.36260512703193004
-36.51	7.3	0.35550182377748407
-36.55	6.09	0.33909984621858136
-36.58	4.88	0.3339495275411657
-36.6	3.66	0.34001313065574246
-36.61	2.44	0.36697196214544103
-36.62	1.22	0.3397817219914938
-36.62	-0.0	0.35448716123064217
-36.62	-1.22	0.3508908525901723
-36.61	-2.44	0.3564425823275713
-36.6	-3.66	0.3791922377714255
-36.58	-4.88	0.3826267879548714
-36.55	-6.09	0.3680622331740159
-36.51	-7.3	0.34315904926132745
-36.45	-8.51	0.35152808663961177
-36.37	-9.7	0.367457050226477
-36.26	-10.88	0.4065852886214967
-36.05	-12.02	0.4694759334204618
-35.02	-14.49	0.449115491347857
-35.17	-13.34	0.3827815883124044
-35.27	-12.16	0.34643268783029396
-35.34	-10.97	0.3911340793288124
-35.39	-9.76	0.37058617808836425
-35.43	-8.55	0.350197094481008
-35.46	-7.34	0.3521851920406668
-35.48	-6.12	0.359675110450575
-35.49	-4.9	0.3651882449732805
-35.51	-3.67	0.3632887271356944
-35.52	-2.45	0.3640083523631915
-35.52	-1.22	0.3617264671670224
-35.52	0.0	0.37912578881816106
-35.52	1.22	0.3615174246072169
-35.52	2.45	0.3662451789894027
-35.51	3.67	0.3584334190077637
-35.49	4.9	0.3479621911058215
-35.48	6.12	0.34333528294273324
-35.46	7.34	0.3815161079753804
-35.43	8.55	0.39030241138335964
-35.39	9.76	0.3667067567267427
-35.34	10.97	0.36026914597548254
-35.27	12.16	0.40017125693212396
-35.17	13.34	0.4548748179197676
-35.02	14.49	0.478769683902624
-33.85	16.92	0.48472574300972227
-34.0	15.79	0.4505657431635186
-34.1	14.62	0.39242511333879304
-34.17	13.42	0.3852527056315628
-34.22	12.22	0.38655069147663024
-34.26	11.01	0.3374341567561566
-34.29	9.8	0.35755574411818025
-34.31	8.58	0.3272736931936613
-34.33	7.36	0.3528919376735019
-34.34	6.13	0.34927862624388106
-34.35	4.91	0.37908024674811414
-34.35	3.68	0.36625050056104647
-34.36	2.45	0.33993004837671914
-34.36	1.23	0.3546415397473879
-34.36	-0.0	0.3432155783690413
-34.36	-1.23	0.3420939504392284
-34.36	-2.45	0.3316099329500668
-34.35	-3.68	0.3519848603599517
-34.35	-4.91	0.33105081776702205
-34.34	-6.13	0.3359950114959347
-34.33	-7.36	0.32240485868142554
-34.31	-8.58	0.3212547639222547
-34.29	-9.8	0.3338204245318174
-34.26	-11.01	0.32329912702619845
-34.22	-12.22	0.3217178392175162
-34.17	-13.42	0.2865614034989211
-34.1	-14.62	0.3226278114210211
-34.0	-15.79	0.35644150935056007
-33.85	-16.92	0.43358055528904005
-32.6	-19.32	0.47747066963226725
-32.78	-18.21	0.34487319984917414
-32.9	-17.06	0.2999526234578712
-32.97	-15.87	0.28585374021840315
-33.02	-14.67	0.31530408313888925
-33.06	-13.47	0.3015100729833547
-33.09	-12.25	0.32970007379189453
-33.11	-11.04	0.31485971362773557
-33.13	-9.82	0.3075544993663516
-33.14	-8.59	0.3199990758208565
-33.15	-7.37	0.3289290279953962
-33.16	-6.14	0.33338143887273397
-33.17	-4.91	0.31723567146963066
-33.18	-3.69	0.3408169668515446
-33.18	-2.46	0.336287911573582
-33.18	-1.23	0.3228859632036343
-33.19	0.0	0.3420564226419253
-33.18	1.23	0.34587065303979736
-33.18	2.46	0.3433211036179705
-33.18	3.69	0.3702907749256734
-33.17	4.91	0.3474963437424974
-33.16	6.14	0.3612474661024987
-33.15	7.37	0.3704517912902436
-33.14	8.59	0.3407420281208067
-33.13	9.82	0.3470023551497363
-33.11	11.04	0.38187781012230426
-33.09	12.25	0.3476955362993692
-33.06	13.47	0.36211898674281795
-33.02	14.67	0.3759386015288173
-32.97	15.87	0.4014348416841461
-32.9	17.06	0.3941282939969515
-32.78	18.21	0.4302427216095218
-32.6	19.32	0.4993604279802303
-31.24	21.63	0.4344824583649374
-31.52	20.61	0.5025247450600568
-31.66	19.48	0.4106637915131832
-31.74	18.31	0.37311508762730583
-31.8	17.12	0.4188745309435665
-31.84	15.92	0.3588897499294893
-31.87	14.71	0.35363980888059
-31.9	13.49	0.36367516070949535
-31.91	12.27	0.35910977337208144
-31.93	11.05	0.34229896333893295
-31.95	9.83	0.37038570196746073
-31.96	8.6	0.371087284084364
-31.97	7.38	0.3420498482619118
-31.98	6.15	0.35071250331728476
-31.99	4.92	0.3331149901011565
-32.0	3.69	0.3425952682293087
-32.0	2.46	0.3399920223805976
-32.0	1.23	0.3413304771743211
-32.0	-0.0	0.36393550211695713
-32.0	-1.23	0.3344362115270792
-32.0	-2.46	0.34221911776712266
-32.0	-3.69	0.3350339091267028
-31.99	-4.92	0.35262855566540385
-31.98	-6.15	0.3271183119458068
-31.97	-7.38	0.3367940915601105
-31.96	-8.6	0.33923090783624604
-31.95	-9.83	0.32342209604230143
-31.93	-11.05	0.31134327648163324
-31.91	-12.27	0.3173370568401816
-31.9	-13.49	0.3137181553657925
-31.87	-14.71	0.30105257131327834
-31.84	-15.92	0.31614847928210876
-31.8	-17.12	0.3099137917478131
-31.74	-18.31	0.30260532742511304
-31.66	-19.48	0.31699240118067373
-31.52	-20.61	0.34027636431265573
-31.24	-21.63	0.539974991569222
-30.18	-22.94	0.4909678558015631
-30.38	-21.87	0.33135716812865457
-30.49	-20.73	0.318481064215531
-30.56	-19.56	0.31771979049135873
-30.61	-18.37	0.3040272701802582
-30.65	-17.16	0.30382790268098026
-30.67	-15.95	0.31732264659880755
-30.69	-14.73	0.32002867541658486
-30.71	-13.51	0.3379646564657346
-30.73	-12.29	0.3307260116654676
-30.75	-11.07	0.3296687626843947
-30.76	-9.84	0.32311041266390905
-30.77	-8.62	0.32994156999031293
-30.78	-7.39	0.3355170327468752
-30.78	-6.16	0.342206498595566
-30.78	-4.93	0.33086739242426044
-30.78	-3.69	0.33319178092721324
-30.78	-2.46	0.3307323801740712
-30.78	-1.23	0.3592915139827975
-30.78	0.0	0.3483735900551141
-30.78	1.23	0.3346838528850332
-30.78	2.46	0.33450052437400474
-30.78	3.69	0.337235004747846
-30.78	4.93	0.3553676996110825
-30.78	6.16	0.3528592702923134
-30.78	7.39	0.37295965174782025
-30.77	8.62	0.36660917407639426
-30.76	9.84	0.35871200335223324
-30.75	11.07	0.3654719954288148
-30.73	12.29	0.3875985150046381
-30.71	13.51	0.36238581497387373
-30.69	14.73	0.3753366078135105
-30.67	15.95	0.3989918969959727
-30.65	17.16	0.3493169670538808
-30.61	18.37	0.33381003271942034
-30.56	19.56	0.37995630996382523
-30.49	20.73	0.4192434073550353
-30.38	21.87	0.3967938138692785
-30.18	22.94	0.5403204641041064
-29.04	24.2	0.5088823695216753
-29.2	23.12	0.4131973877431282
-29.3	21.97	0.39619993622422267
-29.36	20.8	0.3500539364182681
-29.41	19.61	0.33023147260412855
-29.44	18.4	0.3795597826815954
-29.46	17.19	0.35918152685887317
-29.48	15.97	0.3618174822959123
-29.51	14.75	0.3772954164098089
-29.53	13.53	0.3510019819723625
-29.54	12.31	0.34370292783258183
-29.55	11.08	0.368087016306063
-29.55	9.85	0.3552747127028076
-29.55	8.62	0.3347421721229589
-29.55	7.39	0.3580966129702902
-29.55	6.16	0.3419617534069329
-29.54	4.92	0.3439873273783421
-29.54	3.69	0.3315152912145221
-29.54	2.46	0.32766474417525593
-29.54	1.23	0.3323403071481169
-29.54	-0.0	0.3308987318122733
-29.54	-1.23	0.3325646102561491
-29.54	-2.46	0.34028992014378345
-29.54	-3.69	0.33467579082374305
-29.54	-4.92	0.3308273539028703
-29.55	-6.16	0.31692060718953874
-29.55	-7.39	0.32274203339121127
-29.55	-8.62	0.32891093240634944
-29.55	-9.85	0.32792477276023235
-29.55	-11.08	0.34172652158205535
-29.54	-12.31	0.31582655928217407
-29.53	-13.53	0.3339630859209102
-29.51	-14.75	0.3269791848140577
-29.48	-15.97	0.3169468566691993
-29.46	-17.19	0.31453293386019
-29.44	-18.4	0.3227793739434704
-29.41	-19.61	0.3160926492448406
-29.36	-20.8	0.3080426163482788
-29.3	-21.97	0.31825299834764953
-29.2	-23.12	0.3198459976440141
-29.04	-24.2	0.3849406664661633
-27.86	-25.43	0.40463619903216064
-28.01	-24.36	0.3235785416588153
-28.1	-23.21	0.3213900859802615
-28.16	-22.04	0.32782665865942306
-28.2	-20.84	0.3233671360223017
-28.22	-19.63	0.3194406202094122
-28.25	-18.42	0.3300466872772339
-28.27	-17.21	0.32687567381718446
-28.3	-15.99	0.3423362916650557
-28.31	-14.77	0.33996561979691264
-28.32	-13.54	0.32561958375403205
-28.32	-12.31	0.32594946867233276
-28.32	-11.08	0.34070649926397617
-28.31	-9.85	0.32210311416792875
-28.31	-8.62	0.3229639128912085
-28.31	-7.38	0.33166472568475935
-28.31	-6.15	0.333188810091709
-28.31	-4.92	0.3276217209093453
-28.31	-3.69	0.3303344952081476
-28.31	-2.46	0.3133301932722955
-28.31	-1.23	0.33735832323412135
-28.31	0.0	0.3261474929401202
-28.31	1.23	0.3165359709514499
-28.31	2.46	0.3259860158662306
-28.31	3.69	0.32354690909021283
-28.31	4.92	0.3317866944975576
-28.31	6.15	0.3399988546074398
-28.31	7.38	0.3325605808113465
-28.31	8.62	0.32803812738299104
-28.31	9.85	0.3391932293307451
-28.32	11.08	0.3687501787928064
-28.32	12.31	0.34239401604329284
-28.32	13.54	0.34449385257886206
-28.31	14.77	0.3791597122423652
-28.3	15.99	0.3548786883022723
-28.27	17.21	0.3748834179195766
-28.25	18.42	0.37223807921595825
-28.22	19.63	0.3631236070166479
-28.2	20.84	0.3590153506914505
-28.16	22.04	0.35482351511652466
-28.1	23.21	0.3873995919624662
-28.01	24.36	0.38259497584399726
-27.86	25.43	0.5493903082748172
-26.65	26.65	0.5206536446649241
-26.8	25.59	0.41087901499407764
-26.89	24.44	0.3687466278090107
-26.94	23.27	0.36311983267526393
-26.98	22.07	0.3491846444059208
-27.01	20.87	0.3573488419803057
-27.03	19.66	0.3773218636032778
-27.06	18.45	0.38045293340547653
-27.08	17.23	0.36779173828557477
-27.09	16.01	0.36218149826639645
-27.09	14.78	0.3627412356761275
-27.08	13.54	0.34407454906929086
-27.08	12.31	0.356117618647204
-27.08	11.08	0.3456607686323107
-27.08	9.85	0.33221187447573836
-27.08	8.62	0.3259136752105345
-27.08	7.39	0.348209682677971
-27.08	6.16	0.33749528390407363
-27.09	4.93	0.3500413768732603
-27.09	3.69	0.338332812084084
-27.09	2.46	0.3288544225254582
-27.09	1.23	0.3388576536337896
-27.09	-0.0	0.3468912082002198
-27.09	-1.23	0.34976398865247976
-27.09	-2.46	0.3327604403761897
-27.09	-3.69	0.34111221810247266
-27.09	-4.93	0.3362799885509037
-27.08	-6.16	0.3307596687189582
-27.08	-7.39	0.3208602516793857
-27.08	-8.62	0.3131178348686181
-27.08	-9.85	0.33246073035285384
-27.08	-11.08	0.3175489747103027
-27.08	-12.31	0.3378386457355703
-27.08	-13.54	0.32815618359594234
-27.09	-14.78	0.3291331043906523
-27.09	-16.01	0.3285562485749097
-27.08	-17.23	0.3351614834721775
-27.06	-18.45	0.33196760743607945
-27.03	-19.66	0.3446260851900028
-27.01	-20.87	0.3403562088092573
-26.98	-22.07	0.32269527056571534
-26.94	-23.27	0.3406992255113894
-26.89	-24.44	0.31642295479728044
-26.8	-25.59	0.3224064565600585
-26.65	-26.65	0.365802879053429
-25.43	-27.86	0.4387065838741815
-25.59	-26.8	0.329937520927927
-25.67	-25.67	0.32924421297271644
-25.72	-24.5	0.33443636036663854
-25.76	-23.31	0.34628939540640014
-25.78	-22.1	0.33880436484545473
-25.81	-20.89	0.3339130208970395
-25.84	-19.68	0.3321486714088759
-25.85	-18.47	0.3266838729968177
-25.86	-17.24	0.31950219815021547
-25.85	-16.01	0.34150515915594254
-25.85	-14.77	0.3291191520951747
-25.85	-13.54	0.32505862261149004
-25.85	-12.31	0.3163859640527147
-25.85	-11.08	0.3347525972549829
-25.85	-9.85	0.3455662108823134
-25.86	-8.62	0.3287532396858453
-25.86	-7.39	0.3294856667812779
-25.87	-6.16	0.33211365053558184
-25.87	-4.93	0.34207939768782447
-25.87	-3.7	0.336365744061053
-25.87	-2.46	0.32964661828405256
-25.87	-1.23	0.33551067153982855
-25.87	0.0	0.33538122633908374
-25.87	1.23	0.3424127373026676
-25.87	2.46	0.33001557936734943
-25.87	3.7	0.3117258207164497
-25.87	4.93	0.32261725589210594
-25.87	6.16	0.3307552441212616
-25.86	7.39	0.3305293630528009
-25.86	8.62	0.34521287546990204
-25.85	9.85	0.3209839054523012
-25.85	11.08	0.3511279571131792
-25.85	12.31	0.32571213514539044
-25.85	13.54	0.34974048034013466
-25.85	14.77	0.34857969555990675
-25.85	16.01	0.3491488724998745
-25.86	17.24	0.3570605980064935
-25.85	18.47	0.3615199104684501
-25.84	19.68	0.37271915920743176
-25.81	20.89	0.3906637870055469
-25.78	22.1	0.39728808970662244
-25.76	23.31	0.37883812863528477
-25.72	24.5	0.34855860187902354
-25.67	25.67	0.3780048457618884
-25.59	26.8	0.4225315246714707
-25.43	27.86	0.5488304056582026
-24.2	29.04	0.5545526391611183
-24.36	28.01	0.4385993011082219
-24.44	26.89	0.3475238325335498
-24.5	25.72	0.3547492338409024
-24.53	24.53	0.3663130770330879
-24.56	23.33	0.38918957241312163
-24.59	22.13	0.36556467061158265
-24.61	20.92	0.36465639546803863
-24.62	19.7	0.37170889626702647
-24.63	18.47	0.34947100335491865
-24.62	17.23	0.35000366650414666
-24.62	16.0	0.34659169658233296
-24.62	14.77	0.33346369971551326
-24.62	13.54	0.3188853598466561
-24.63	12.31	0.3398473802935407
-24.63	11.08	0.3228440484233802
-24.63	9.85	0.30872750910798463
-24.64	8.62	0.3114165285792547
-24.64	7.39	0.29574761700352653
-24.64	6.16	0.3362040911503675
-24.64	4.93	0.3450388396976219
-24.64	3.7	0.3721019380709589
-24.64	2.46	0.3541203120272345
-24.64	1.23	0.3385568465252299
-24.64	-0.0	0.3570740160415769
-24.64	-1.23	0.34602602515812597
-24.64	-2.46	0.3365528020543742
-24.64	-3.7	0.346112958460903
-24.64	-4.93	0.3516127847526169
-24.64	-6.16	0.35142909915603426
-24.64	-7.39	0.34628472863326476
-24.64	-8.62	0.3381324176735292
-24.63	-9.85	0.3372615461160556
-24.63	-11.08	0.3291993952687178
-24.63	-12.31	0.33653808184416334
-24.62	-13.54	0.31133608633424037
-24.62	-14.77	0.31209254270767955
-24.62	-16.0	0.326392910353683
-24.62	-17.23	0.31821304274026296
-24.63	-18.47	0.33569881372880933
-24.62	-19.7	0.32485020359523675
-24.61	-20.92	0.34657823880980104
-24.59	-22.13	0.3344947553734745
-24.56	-23.33	0.34449941624255814
-24.53	-24.53	0.3323583415849344
-24.5	-25.72	0.3388573761307404
-24.44	-26.89	0.3254185697193157
-24.36	-28.01	0.3197909224789468
-24.2	-29.04	0.46990539949753274
-22.94	-30.18	0.5143345603275034
-23.12	-29.2	0.36042648162279944
-23.21	-28.1	0.3251640421702615
-23.27	-26.94	0.3451731894454051
-23.31	-25.76	0.36180196049139646
-23.33	-24.56	0.3596584184836633
-23.36	-23.36	0.3427641702829619
-23.38	-22.15	0.35939678541573755
-23.39	-20.93	0.3325149503104032
-23.39	-19.7	0.3291271296330063
-23.39	-18.46	0.3302203464346758
-23.38	-17.23	0.3121605716645849
-23.39	-16.0	0.32490439440476676
-23.39	-14.77	0.3379283002927914
-23.4	-13.55	0.3426584219445
-23.4	-12.32	0.33550013251797395
-23.41	-11.09	0.3410896177680378
-23.41	-9.86	0.33573375713231307
-23.41	-8.62	0.33803944572995026
-23.41	-7.39	0.3529977708668318
-23.41	-6.16	0.34383681940541233
-23.41	-4.93	0.35778763863524565
-23.41	-3.7	0.3521901861051282
-23.41	-2.46	0.3423978323076965
-23.41	-1.23	0.3560772603978811
-23.41	0.0	0.32901985881495793
-23.41	1.23	0.3360616240013548
-23.41	2.46	0.3488375524917538
-23.41	3.7	0.3374746900925432
-23.41	4.93	0.34641746599110806
-23.41	6.16	0.35527035115534616
-23.41	7.39	0.36028210051238374
-23.41	8.62	0.3723722587518745
-23.41	9.86	0.30639130877780724
-23.41	11.09	0.29415411364655253
-23.4	12.32	0.31682592978467783
-23.4	13.55	0.3413071371631082
-23.39	14.77	0.3505925768684164
-23.39	16.0	0.33400079525600646
-23.38	17.23	0.3461001515404793
-23.39	18.46	0.3411649126218715
-23.39	19.7	0.36307784463165255
-23.39	20.93	0.3630415108511804
-23.38	22.15	0.3479397003925473
-23.36	23.36	0.33649619972038386
-23.33	24.56	0.35265542651816006
-23.31	25.76	0.3513979766051497
-23.27	26.94	0.3683026049665501
-23.21	28.1	0.40476976273075715
-23.12	29.2	0.4552304641174315
-22.94	30.18	0.7959716819080781
-21.63	31.24	0.3722208036524184
-21.87	30.38	0.5019138831489303
-21.97	29.3	0.394913722745151
-22.04	28.16	0.3691626190314147
-22.07	26.98	0.3374432193771778
-22.1	25.78	0.35858795514222236
-22.13	24.59	0.38089094330096424
-22.15	23.38	0.36912691200598435
-22.16	22.16	0.36064349601875983
-22.16	20.93	0.36231199909282147
-22.16	19.69	0.34713711547041826
-22.15	18.46	0.3361539670662048
-22.16	17.23	0.3256927357547854
-22.16	16.01	0.34271095151715475
-22.17	14.78	0.31631835341949277
-22.17	13.55	0.28963246274541193
-22.18	12.32	0.3112803656336221
-22.18	11.09	0.33648355496331245
-22.18	9.86	0.3365533930366702
-22.18	8.62	0.3381337338900079
-22.18	7.39	0.3382679538434438
-22.18	6.16	0.33937947936547547
-22.18	4.93	0.34286520258345216
-22.19	3.7	0.34169424127409026
-22.19	2.47	0.3296963829210993
-22.19	1.23	0.34766066385393585
-22.19	-0.0	0.347535903585637
-22.19	-1.23	0.3544086595701551
-22.19	-2.47	0.32878338525376793
-22.19	-3.7	0.34218872876210316
-22.18	-4.93	0.34138659868661797
-22.18	-6.16	0.34944397341336
-22.18	-7.39	0.3408576281989716
-22.18	-8.62	0.35575847261734345
-22.18	-9.86	0.3353722841144233
-22.18	-11.09	0.34508171096543055
-22.18	-12.32	0.3361139377629466
-22.17	-13.55	0.35639505527284915
-22.17	-14.78	0.339070416221052
-22.16	-16.01	0.35756029055339456
-22.16	-17.23	0.33058571236280276
-22.15	-18.46	0.31122676884611405
-22.16	-19.69	0.31902942354126224
-22.16	-20.93	0.31453405110583355
-22.16	-22.16	0.3225509460135084
-22.15	-23.38	0.3444812126055798
-22.13	-24.59	0.32898202551348454
-22.1	-25.78	0.35325767459752777
-22.07	-26.98	0.35045087355737614
-22.04	-28.16	0.33426968764267906
-21.97	-29.3	0.3264910922190718
-21.87	-30.38	0.37389305831648945
-21.63	-31.24	0.36165651886497263
-20.61	-31.52	0.4628870169062326
-20.73	-30.49	0.34468405998791996
-20.8	-29.36	0.35459718731081435
-20.84	-28.2	0.35041363223337363
-20.87	-27.01	0.3424244846662699
-20.89	-25.81	0.34847756374363126
-20.92	-24.61	0.3464747684884985
-20.93	-23.39	0.3388022184485147
-20.93	-22.16	0.33278008466944947
-20.92	-20.92	0.33024978393676196
-20.92	-19.69	0.3372115272731374
-20.93	-18.47	0.3412994709173298
-20.93	-17.24	0.32988056286519934
-20.94	-16.01	0.3296252022708549
-20.94	-14.78	0.3462993868049355
-20.94	-13.55	0.34525132981257345
-20.94	-12.32	0.3317435948493099
-20.95	-11.09	0.34732217333406146
-20.95	-9.86	0.332214835718733
-20.95	-8.63	0.34570035682786204
-20.95	-7.4	0.3521383809344119
-20.96	-6.16	0.3614201343663513
-20.96	-4.93	0.3363095689095879
-20.96	-3.7	0.34397464105265174
-20.96	-2.47	0.3431282665080586
-20.96	-1.23	0.330103725174423
-20.96	0.0	0.33718680186573696
-20.96	1.23	0.3324823780670814
-20.96	2.47	0.3233537227701199
-20.96	3.7	0.34035526422295087
-20.96	4.93	0.33105494464239044
-20.96	6.16	0.3399703422788957
-20.95	7.4	0.33104052597802175
-20.95	8.63	0.36054858657819994
-20.95	9.86	0.3455014588630818
-20.95	11.09	0.3333802377602501
-20.94	12.32	0.3477194577334292
-20.94	13.55	0.3108863033109173
-20.94	14.78	0.30787275673546294
-20.94	16.01	0.33375028769951715
-20.93	17.24	0.33304905953686065
-20.93	18.47	0.3414410070237468
-20.92	19.69	0.3207991119612422
-20.92	20.92	0.32734961816218633
-20.93	22.16	0.3510443305391081
-20.93	23.39	0.352953831580866
-20.92	24.61	0.33795568631938727
-20.89	25.81	0.3654776283132742
-20.87	27.01	0.3553300220183803
-20.84	28.2	0.34971430220759314
-20.8	29.36	0.38748694759698044
-20.73	30.49	0.4193790710472548
-20.61	31.52	0.5018524095442789
-19.32	32.6	0.4015926956145087
-19.48	31.66	0.44127993418994793
-19.56	30.56	0.3513929669900192
-19.61	29.41	0.3483679892072328
-19.63	28.22	0.34559094204891516
-19.66	27.03	0.3664421365304813
-19.68	25.84	0.3570333981872618
-19.7	24.62	0.35613341156486245
-19.7	23.39	0.3542920147510705
-19.69	22.16	0.3295215289871208
-19.69	20.92	0.33184930753468755
-19.7	19.7	0.34351128848313944
-19.7	18.47	0.34937534039555307
-19.71	17.25	0.3281830053227259
-19.71	16.02	0.3255150225251544
-19.71	14.78	0.3304858191298163
-19.71	13.55	0.3265818818120871
-19.72	12.32	0.3293169049698534
-19.72	11.09	0.3221702914324329
-19.72	9.86	0.3223728598449406
-19.72	8.63	0.33005426803953025
-19.73	7.4	0.33820309840817836
-19.73	6.16	0.3370970792021252
-19.73	4.93	0.34616371370019416
-19.73	3.7	0.3571143073679471
-19.73	2.47	0.34386324957621506
-19.73	1.23	0.34913855830031026
-19.73	-0.0	0.3632526320439149
-19.73	-1.23	0.34287823322519906
-19.73	-2.47	0.32998213183169584
-19.73	-3.7	0.3312800556657667
-19.73	-4.93	0.34520760849462223
-19.73	-6.16	0.34101263784505775
-19.73	-7.4	0.3325853575819107
-19.72	-8.63	0.3448198431203892
-19.72	-9.86	0.3283661032890305
-19.72	-11.09	0.34508660632312027
-19.72	-12.32	0.3310560689929718
-19.71	-13.55	0.34621295649585077
-19.71	-14.78	0.3468199970213279
-19.71	-16.02	0.3434158807380534
-19.71	-17.25	0.3239586854064919
-19.7	-18.47	0.33417656993195416
-19.7	-19.7	0.3379581400103429
-19.69	-20.92	0.3294396681269631
-19.69	-22.16	0.3097625598566617
-19.7	-23.39	0.3157959563718597
-19.7	-24.62	0.3363904116532677
-19.68	-25.84	0.345301375944462
-19.66	-27.03	0.348900157740667
-19.63	-28.22	0.3583680143953818
-19.61	-29.41	0.3656847609541679
-19.56	-30.56	0.34731304466109825
-19.48	-31.66	0.36301158457420735
-19.32	-32.6	0.6776035462911216
-18.21	-32.78	0.40047117478081984
-18.31	-31.74	0.33687612616424056
-18.37	-30.61	0.3523863023443352
-18.4	-29.44	0.38389684740368146
-18.42	-28.25	0.34698098439211733
-18.45	-27.06	0.3623120794131177
-18.47	-25.85	0.3456281231795992
-18.47	-24.63	0.32448628936948387
-18.46	-23.39	0.3222370373773468
-18.46	-22.15	0.32083730261991494
-18.47	-20.93	0.34197954060747904
-18.47	-19.7	0.34942949271765056
-18.48	-18.48	0.3313663063136217
-18.48	-17.25	0.34037059361258903
-18.48	-16.02	0.3519465344333994
-18.48	-14.79	0.3427131500492261
-18.49	-13.56	0.3543182144223588
-18.49	-12.33	0.35714607581224816
-18.49	-11.1	0.336599866174431
-18.49	-9.86	0.34189313776306834
-18.49	-8.63	0.34178216069044937
-18.49	-7.4	0.33683532833909374
-18.49	-6.16	0.34748994445456943
-18.5	-4.93	0.33937169332824224
-18.5	-3.7	0.3474511620792722
-18.5	-2.47	0.33402222956710165
-18.5	-1.23	0.3440632878474138
-18.5	0.0	0.324908301576378
-18.5	1.23	0.3385088018487458
-18.5	2.47	0.3440255380068531
-18.5	3.7	0.3526794747208776
-18.5	4.93	0.35636442719353284
-18.49	6.16	0.33114678912587514
-18.49	7.4	0.3313961245676148
-18.49	8.63	0.3453468331504356
-18.49	9.86	0.34227501143417016
-18.49	11.1	0.340855486542164
-18.49	12.33	0.339795351134199
-18.49	13.56	0.34002255446439084
-18.48	14.79	0.3368518707138787
-18.48	16.02	0.33530689761871385
-18.48	17.25	0.3316722377550916
-18.48	18.48	0.3223578808318883
-18.47	19.7	0.3316274848040559
-18.47	20.93	0.32209761678036547
-18.46	22.15	0.3452792736337266
-18.46	23.39	0.35418411700468283
-18.47	24.63	0.3599038213436243
-18.47	25.85	0.39013481419292384
-18.45	27.06	0.3461403792576306
-18.42	28.25	0.3802113441629488
-18.4	29.44	0.35471324834911744
-18.37	30.61	0.35953156686633725
-18.31	31.74	0.3852711852396541
-18.21	32.78	0.5243944039668719
-16.92	33.85	0.3321868254525747
-17.06	32.9	0.4377575066861902
-17.12	31.8	0.3681002896615816
-17.16	30.65	0.3587747276208709
-17.19	29.46	0.3778529524020109
-17.21	28.27	0.37939616052526937
-17.23	27.08	0.3741298926850308
-17.24	25.86	0.3504640882409919
-17.23	24.62	0.3378140829247938
-17.23	23.38	0.3272333905231461
-17.23	22.16	0.3344954226973406
-17.24	20.93	0.3326764504075151
-17.25	19.71	0.3380032171188323
-17.25	18.48	0.3545293713534765
-17.25	17.25	0.3335213634603384
-17.25	16.02	0.33750701943917877
-17.25	14.79	0.32149992828304785
-17.26	13.56	0.32894085895961317
-17.26	12.33	0.33010185251662605
-17.26	11.1	0.32958839442023163
-17.26	9.86	0.3311460391076133
-17.26	8.63	0.33314212495830925
-17.26	7.4	0.347816301817688
-17.26	6.17	0.34309157469871837
-17.26	4.93	0.32396512192383853
-17.27	3.7	0.3483062477901698
-17.27	2.47	0.33376855974427333
-17.27	1.23	0.34974371906602414
-17.27	-0.0	0.3311653293824963
-17.27	-1.23	0.3348163911669273
-17.27	-2.47	0.36131766384680697
-17.27	-3.7	0.34170622034603776
-17.26	-4.93	0.3411743932219721
-17.26	-6.17	0.36124877812434525
-17.26	-7.4	0.3464491988948404
-17.26	-8.63	0.3439617584064367
-17.26	-9.86	0.3650702268352357
-17.26	-11.1	0.3609438961568862
-17.26	-12.33	0.301150813747021
-17.26	-13.56	0.35654991041012934
-17.25	-14.79	0.3781628913755648
-17.25	-16.02	0.3374221333518178
-17.25	-17.25	0.3498902829709583
-17.25	-18.48	0.33965083202456414
-17.25	-19.71	0.3202943347409497
-17.24	-20.93	0.32232368337556005
-17.23	-22.16	0.3226481539899316
-17.23	-23.38	0.33241662536975597
-17.23	-24.62	0.32488729255946347
-17.24	-25.86	0.33191669333700824
-17.23	-27.08	0.3471446707914014
-17.21	-28.27	0.3561280149948244
-17.19	-29.46	0.3569610997710015
-17.16	-30.65	0.37025608362368945
-17.12	-31.8	0.3380110851986049
-17.06	-32.9	0.3591923685967615
-16.92	-33.85	0.40697212847423125
-15.79	-34.0	0.3947631666690534
-15.87	-32.97	0.3590220660712675
-15.92	-31.84	0.3634656881635244
-15.95	-30.67	0.36090317317852527
-15.97	-29.48	0.3546358406114928
-15.99	-28.3	0.3558448821763708
-16.01	-27.09	0.319737448968272
-16.01	-25.85	0.3324342590576989
-16.0	-24.62	0.3376728841772313
-16.0	-23.39	0.3179693726455167
-16.01	-22.16	0.32843654890933877
-16.01	-20.94	0.3492067553664746
-16.02	-19.71	0.3498267732608911
-16.02	-18.48	0.346570484866824
-16.02	-17.25	0.3464608776620939
-16.02	-16.02	0.3439906880674805
-16.03	-14.79	0.32978563385119036
-16.03	-13.56	0.34906144972120334
-16.03	-12.33	0.3545962367066356
-16.03	-11.1	0.33644256544850953
-16.03	-9.86	0.34505423447267347
-16.03	-8.63	0.339682505566589
-16.03	-7.4	0.3328225783946375
-16.03	-6.17	0.3558808796167113
-16.04	-4.93	0.33861966573746033
-16.04	-3.7	0.335192921478607
-16.04	-2.47	0.33904953305565805
-16.04	-1.23	0.34545695556928163
-16.04	0.0	0.3516566888606096
-16.04	1.23	0.3291989367886989
-16.04	2.47	0.34326623927974953
-16.04	3.7	0.3360400530032056
-16.04	4.93	0.3323389348968263
-16.03	6.17	0.3391395817017183
-16.03	7.4	0.34421791950645464
-16.03	8.63	0.33384659442729214
-16.03	9.86	0.32428901690631223
-16.03	11.1	0.3253223561135564
-16.03	12.33	0.3405951181419125
-16.03	13.56	0.3375424054736735
-16.03	14.79	0.33889013832524967
-16.02	16.02	0.3319306651995143
-16.02	17.25	0.33572939886759945
-16.02	18.48	0.3239788980551936
-16.02	19.71	0.32083309653927533
-16.01	20.94	0.32939811714719597
-16.01	22.16	0.32437012384948816
-16.0	23.39	0.34528728407533427
-16.0	24.62	0.330310392419423
-16.01	25.85	0.35121144068593585
-16.01	27.09	0.36028005112624006
-15.99	28.3	0.3533214975413509
-15.97	29.48	0.36740912462396946
-15.95	30.67	0.3406067931922957
-15.92	31.84	0.3554581511162628
-15.87	32.97	0.4019826706309846
-15.79	34.0	0.5274020960404625
-14.49	35.02	0.2637654833138129
-14.62	34.1	0.47030035863764275
-14.67	33.02	0.3607367176707882
-14.71	31.87	0.3497931957467275
-14.73	30.69	0.360340274004092
-14.75	29.51	0.3529087060969392
-14.77	28.31	0.3657933169213909
-14.78	27.09	0.36506479215394544
-14.77	25.85	0.33970992562618235
-14.77	24.62	0.3255630521758871
-14.77	23.39	0.33475374520857565
-14.78	22.17	0.3443877735121457
-14.78	20.94	0.333144258014026
-14.78	19.71	0.3330186406182453
-14.79	18.48	0.3325313533632212
-14.79	17.25	0.3209870587058196
-14.79	16.03	0.33817279905588554
-14.79	14.79	0.33523168241583673
-14.8	13.56	0.340561382133363
-14.8	12.33	0.33632115087844283
-14.8	11.1	0.33208708374465173
-14.8	9.87	0.3356246357640021
-14.8	8.63	0.3336964702898396
-14.8	7.4	0.33937567911968225
-14.8	6.17	0.33410476137371214
-14.8	4.93	0.3429982021505923
-14.8	3.7	0.34069063063908017
-14.8	2.47	0.3336463471872967
-14.8	1.23	0.3435940931439288
-14.8	-0.0	0.32898786498848775
-14.8	-1.23	0.3505049967789719
-14.8	-2.47	0.3428948543447922
-14.8	-3.7	0.33901938416723
-14.8	-4.93	0.3545470881044894
-14.8	-6.17	0.3295597565750795
-14.8	-7.4	0.35214761203665157
-14.8	-8.63	0.34986022025378427
-14.8	-9.87	0.34955940398537383
-14.8	-11.1	0.3404968833869617
-14.8	-12.33	0.3589474126779153
-14.8	-13.56	0.3478946359944965
-14.79	-14.79	0.3442555034408306
-14.79	-16.03	0.37076442815544725
-14.79	-17.25	0.3637733108142089
-14.79	-18.48	0.33919720523039143
-14.78	-19.71	0.3499296405723068
-14.78	-20.94	0.3420723555269358
-14.78	-22.17	0.3427091489110142
-14.77	-23.39	0.32747346484229267
-14.77	-24.62	0.32822853841198724
-14.77	-25.85	0.32418086659530093
-14.78	-27.09	0.3290269337801209
-14.77	-28.31	0.34993184292649804
-14.75	-29.51	0.363761232855243
-14.73	-30.69	0.3834808354811056
-14.71	-31.87	0.3656332954934546
-14.67	-33.02	0.37126410067724125
-14.62	-34.1	0.3972780107324434
-14.49	-35.02	0.3634647538013449
-13.34	-35.17	0.4481408594435775
-13.42	-34.17	0.37142694796490305
-13.47	-33.06	0.35276496758206544
-13.49	-31.9	0.3666490942609566
-13.51	-30.71	0.37322209067518136
-13.53	-29.53	0.35934907708056757
-13.54	-28.32	0.3447800400440838
-13.54	-27.08	0.3179084747427594
-13.54	-25.85	0.3263449543995642
-13.54	-24.62	0.3254608320206785
-13.55	-23.4	0.33776729980943837
-13.55	-22.17	0.3432557672033118
-13.55	-20.94	0.34008005508739403
-13.55	-19.71	0.36840198272308067
-13.56	-18.49	0.3496192064987262
-13.56	-17.26	0.33996852558015034
-13.56	-16.03	0.35054322726645787
-13.56	-14.8	0.346265296300871
-13.56	-13.56	0.356219663517789
-13.56	-12.33	0.34578325878698596
-13.57	-11.1	0.34908502414040005
-13.57	-9.87	0.3502751601906207
-13.57	-8.64	0.349130160946877
-13.57	-7.4	0.35037825213092366
-13.57	-6.17	0.3333702740776576
-13.57	-4.93	0.3513142364557041
-13.57	-3.7	0.33131745467142876
-13.57	-2.47	0.35189511290841685
-13.57	-1.23	0.3435145640799509
-13.57	0.0	0.33921835794923844
-13.57	1.23	0.33526052270997775
-13.57	2.47	0.3380455592890582
-13.57	3.7	0.34824505347041285
-13.57	4.93	0.3347212384885384
-13.57	6.17	0.36080006675014836
-13.57	7.4	0.33596663049561715
-13.57	8.64	0.3468839319347672
-13.57	9.87	0.34803572625216816
-13.57	11.1	0.3444233966281051
-13.56	12.33	0.3433637695630054
-13.56	13.56	0.340236460490692
-13.56	14.8	0.33063884257743864
-13.56	16.03	0.3522856734424981
-13.56	17.26	0.3412284230114434
-13.56	18.49	0.3395938794545397
-13.55	19.71	0.3348120087963918
-13.55	20.94	0.3385936241487686
-13.55	22.17	0.3374248549023445
-13.55	23.4	0.33368235458895024
-13.54	24.62	0.3344079218112527
-13.54	25.85	0.3433461059498133
-13.54	27.08	0.3529238083752769
-13.54	28.32	0.338700968733959
-13.53	29.53	0.36112231876676515
-13.51	30.71	0.38128673364427934
-13.49	31.9	0.3719052140687229
-13.47	33.06	0.376112869591983
-13.42	34.17	0.43401886495813713
-13.34	35.17	0.6184545859241176
-12.02	36.05	0.42941861884077415
-12.16	35.27	0.5436077459177958
-12.22	34.22	0.3943163548981299
-12.25	33.09	0.37447028875763033
-12.27	31.91	0.33534077447431954
-12.29	30.73	0.38206089011224836
-12.31	29.54	0.35956637712202993
-12.31	28.32	0.35595992524260767
-12.31	27.08	0.31879868612811224
-12.31	25.85	0.3411769564536592
-12.31	24.63	0.3292634775443359
-12.32	23.4	0.3332551056778878
-12.32	22.18	0.3218037516699252
-12.32	20.94	0.3254970796009027
-12.32	19.72	0.34143932065735405
-12.33	18.49	0.3232594916753264
-12.33	17.26	0.3379048942967688
-12.33	16.03	0.3289050371549492
-12.33	14.8	0.3293294522113949
-12.33	13.56	0.3337143605971151
-12.33	12.33	0.3300920737266916
-12.34	11.1	0.34154752005512706
-12.34	9.87	0.34722813224024685
-12.34	8.64	0.3461765253678015
-12.34	7.4	0.34302191688250494
-12.34	6.17	0.3372157264277816
-12.34	4.93	0.3442533163330704
-12.34	3.7	0.3501517491618006
-12.34	2.47	0.34852319828409406
-12.34	1.23	0.3455252916165718
-12.34	-0.0	0.3525800877986579
-12.34	-1.23	0.33226568598159084
-12.34	-2.47	0.3404587063615809
-12.34	-3.7	0.35499564893543334
-12.34	-4.93	0.33763643076877603
-12.34	-6.17	0.3682440959383116
-12.34	-7.4	0.3512273796861809
-12.34	-8.64	0.34486419079449226
-12.34	-9.87	0.34955902520068405
-12.34	-11.1	0.3646310920174789
-12.33	-12.33	0.35364456599757754
-12.33	-13.56	0.3556283003172745
-12.33	-14.8	0.3542649885589698
-12.33	-16.03	0.35687208084080596
-12.33	-17.26	0.35623946381332405
-12.33	-18.49	0.3634049255550171
-12.32	-19.72	0.38398244088643324
-12.32	20.94	0.3394277248062292
-12.32	22.18	0.33647435112863766
-12.32	23.4	0.3345875209473233
-12.31	24.63	0.3358133025151164
-12.31	25.85	0.3448208514293404
-12.31	27.08	0.32644247143633953
-12.31	28.32	0.3557341302747114
-12.31	29.54	0.3503815146243597
-12.29	30.73	0.3709298561341393
-12.27	31.91	0.3446554069375539
-12.25	33.09	0.32195314242972334
-12.22	34.22	0.4060293639399284
-12.16	35.27	0.4833738047890198
-12.02	36.05	0.6317576284364037
-10.88	36.26	0.27134727371411826
-10.97	35.34	0.41927282399529386
-11.01	34.26	0.39003710944515235
-11.04	33.11	0.37922262613707614
-11.05	31.93	0.3734643580490281
-11.07	30.75	0.36415808712775627
-11.08	29.55	0.3636366669335509
-11.08	28.32	0.3585944219772948
-11.08	27.08	0.35314239607870457
-11.08	25.85	0.32641888701319816
-11.08	24.63	0.3366171286219285
-11.09	23.41	0.3371828726199086
-11.09	22.18	0.33588515327066154
-11.09	20.95	0.3278708164610897
-11.09	19.72	0.3344900193123356
-11.1	18.49	0.32985587592800525
-11.1	17.26	0.33624416747758934
-11.1	16.03	0.364568733100259
-11.1	14.8	0.35811997652346556
-11.1	13.57	0.36219078910665664
-11.1	12.34	0.3644427133446368
-11.1	11.1	0.34579836362689254
-11.1	9.87	0.3467164037356835
-11.1	8.64	0.3738100073427785
-11.1	7.4	0.3430883941787802
-11.1	6.17	0.3466252114458695
-11.1	4.94	0.34976340254430327
-11.11	3.7	0.34287579096931153
-11.11	2.47	0.34047362120148833
-11.11	1.23	0.3557696556216184
-11.11	-0.0	0.34933542274774565
-11.11	-1.23	0.34900763683037583
-11.11	-2.47	0.3548151327378612
-11.11	-3.7	0.3549956115934051
-11.1	-4.94	0.3528710155070966
-11.1	-6.17	0.34741343208223924
-11.1	-7.4	0.3685482189859766
-11.1	-8.64	0.3580205982319782
-11.1	-9.87	0.3640657986674347
-11.1	-11.1	0.34644532503525405
-11.1	-12.34	0.36047134294374444
-11.1	-13.57	0.35736889531731886
-11.1	-14.8	0.3603578458425496
-11.1	-16.03	0.3694798037368034
-11.1	-17.26	0.36848501166924613
-11.1	-18.49	0.36840522756526556
-11.09	-19.72	0.3584808584297478
-11.09	-20.95	0.36327245691919796
-11.09	-22.18	0.35579575195880164
-11.09	-23.41	0.3586662901178106
-11.08	-24.63	0.3419446724416356
-11.08	-25.85	0.34108856294831785
-11.08	-27.08	0.32432009090741437
-11.08	-28.32	0.3253494015251694
-11.08	-29.55	0.3387018128530244
-11.07	-30.75	0.36264450975364493
-11.05	-31.93	0.3827948103507761
-11.04	-33.11	0.37681675481473353
-11.01	-34.26	0.3699724892300833
-10.97	-35.34	0.369742910877621
-10.88	-36.26	0.5001240848552106
-9.7	-36.37	0.4347653135582168
-9.76	-35.39	0.38715383062870135
-9.8	-34.29	0.3632297717253016
-9.82	-33.13	0.38171480169357785
-9.83	-31.95	0.38503994380075246
-9.84	-30.76	0.34731379731194667
-9.85	-29.55	0.3152663810591018
-9.85	-28.31	0.30236519109118026
-9.85	-27.08	0.3174397384735608
-9.85	-25.85	0.3395572583311176
-9.85	-24.63	0.3663338838494517
-9.86	-23.41	0.3587693234821211
-9.86	-22.18	0.3545460095766702
-9.86	-20.95	0.3754822973329633
-9.86	-19.72	0.35191224827352996
-9.86	-18.49	0.37371505040440656
-9.86	-17.26	0.3767354938614307
-9.86	-16.03	0.36183075864535674
-9.87	-14.8	0.3580096487672093
-9.87	-13.57	0.3515024842046373
-9.87	-12.34	0.35845916702630826
-9.87	-11.1	0.340483057858045
-9.87	-9.87	0.3484932017342937
-9.87	-8.64	0.37235530739035416
-9.87	-7.4	0.35048155424310834
-9.87	-6.17	0.35097307263282623
-9.87	-4.94	0.3388065936744407
-9.88	-3.7	0.3447119503239801
-9.88	-2.47	0.363298821753871
-9.88	-1.23	0.3480493433422138
-9.88	0.0	0.35128281162586894
-9.88	1.23	0.35026354983277946
-9.88	2.47	0.3665083906711693
-9.88	3.7	0.33786940227652174
-9.87	4.94	0.3380729744811716
-9.87	6.17	0.34585558488242324
-9.87	7.4	0.3420235873723714
-9.87	8.64	0.3407630234400998
-9.87	9.87	0.3349875459444656
-9.87	11.1	0.3547325960519883
-9.87	12.34	0.3428948506054825
-9.87	13.57	0.3534429054583094
-9.87	14.8	0.34218448710069427
-9.86	16.03	0.33356327754385234
-9.86	17.26	0.3512833850437497
-9.86	18.49	0.3250823128135021
-9.86	19.72	0.3397100986095463
-9.86	20.95	0.34068958015089296
-9.86	22.18	0.33261860394097037
-9.86	23.41	0.33896540526205027
-9.85	24.63	0.33244728196979717
-9.85	25.85	0.33445598118201536
-9.85	27.08	0.34541121484889925
-9.85	28.31	0.3645825369158173
-9.85	29.55	0.35730932121444586
-9.84	30.76	0.3760721087836882
-9.83	31.95	0.3673743305709546
-9.82	33.13	0.38128054754059015
-9.8	34.29	0.3757827048713278
-9.76	35.39	0.41483253842605505
-9.7	36.37	0.6401896230132572
-8.51	36.45	0.6306913050117606
-8.55	35.43	0.4185081771790691
-8.58	34.31	0.3640771380421167
-8.59	33.14	0.37760846425966405
-8.6	31.96	0.394412962578408
-8.62	30.77	0.37613024225765684
-8.62	29.55	0.35500211769164697
-8.62	28.31	0.3482083741871335
-8.62	27.08	0.327570915313884
-8.62	25.86	0.3330061419106382
-8.62	24.64	0.3423272216431859
-8.62	23.41	0.32907702274285666
-8.62	22.18	0.3296038345899946
-8.63	20.95	0.324296306181879
-8.63	19.72	0.32560665663001603
-8.63	18.49	0.336045429841384
-8.63	17.26	0.3356553213812515
-8.63	16.03	0.32668291053068027
-8.63	14.8	0.3443990052425799
-8.64	13.57	0.3458682297804153
-8.64	12.34	0.34717602856422247
-8.64	11.1	0.35933822578360264
-8.64	9.87	0.35422430197352633
-8.64	8.64	0.34508824998196724
-8.64	7.4	0.361635985214151
-8.64	6.17	0.33284594143406704
-8.64	4.94	0.3501349263056943
-8.64	3.7	0.3355339148012416
-8.64	2.47	0.3459106023240518
-8.64	1.23	0.3526268739607516
-8.64	-0.0	0.36224855985532295
-8.64	-1.23	0.3504184428050762
-8.64	-2.47	0.3540987420592144
-8.64	-3.7	0.3616040079771523
-8.64	-4.94	0.35726251262871633
-8.64	-6.17	0.3448489322121612
-8.64	-7.4	0.3437608622528721
-8.64	-8.64	0.35285501057575736
-8.64	-9.87	0.34570868287722023
-8.64	-11.1	0.35394801777062973
-8.64	-12.34	0.3391685004946211
-8.64	-13.57	0.3729171098394069
-8.63	-14.8	0.34715777713462287
-8.63	-16.03	0.3654970423228556
-8.63	-17.26	0.3629653280336456
-8.63	-18.49	0.3583355833020391
-8.63	-19.72	0.3547239247130503
-8.63	-20.95	0.3659478717932823
-8.62	-22.18	0.3703790567187355
-8.62	-23.41	0.3528574864174296
-8.62	-24.64	0.3579632851493799
-8.62	-25.86	0.3459784936520004
-8.62	-27.08	0.35603621786045425
-8.62	-28.31	0.3232237551874721
-8.62	-29.55	0.31836950152545906
-8.62	-30.77	0.35892850203360455
-8.6	-31.96	0.3817837642098291
-8.59	-33.14	0.3857252130299242
-8.58	-34.31	0.37968791177581795
-8.55	-35.43	0.3584706912313975
-8.51	-36.45	0.5083443387397704
-7.22	-37.3	0.6775465565466616
-7.3	-36.51	0.49274932300600116
-7.34	-35.46	0.35893246970304193
-7.36	-34.33	0.3597072004074059
-7.37	-33.15	0.3922026638258621
-7.38	-31.97	0.3696474802572357
-7.39	-30.78	0.3414241510964987
-7.39	-29.55	0.3214562733605708
-7.38	-28.31	0.31870763786784867
-7.39	-27.08	0.34031554487251964
-7.39	-25.86	0.36340345175852523
-7.39	-24.64	0.3527784858206728
-7.39	-23.41	0.36572964464446006
-7.39	-22.18	0.37248151943819846
-7.4	-20.95	0.3843100285544686
-7.4	-19.73	0.3626867721460245
-7.4	-18.49	0.3550299684739294
-7.4	-17.26	0.36213515918048744
-7.4	-16.03	0.3516768996974112
-7.4	-14.8	0.37146956512027574
-7.4	-13.57	0.3779118715477355
-7.4	-12.34	0.3414659301953352
-7.4	-11.1	0.35236708758879015
-7.4	-9.87	0.3427836319810792
-7.4	-8.64	0.3636928636048395
-7.41	-7.41	0.36319594599079214
-7.41	-6.17	0.3362384527786974
-7.41	-4.94	0.3493067403649266
-7.41	-3.7	0.36281307089123827
-7.41	-2.47	0.3545401842801507
-7.41	-1.23	0.3472038992600208
-7.41	0.0	0.36508969108066874
-7.41	1.23	0.35913373575647434
-7.41	2.47	0.3376198478191274
-7.41	3.7	0.3693022710406204
-7.41	4.94	0.34640603017290195
-7.41	6.17	0.3531681599536697
-7.41	7.41	0.35766337188283365
-7.4	8.64	0.3445096574192979
-7.4	9.87	0.3412335482241729
-7.4	11.1	0.33889424891818554
-7.4	12.34	0.3534323829487704
-7.4	13.57	0.35145688198503094
-7.4	14.8	0.3426068270324238
-7.4	16.03	0.3423316815745776
-7.4	17.26	0.345876562844968
-7.4	18.49	0.35194673520909087
-7.4	19.73	0.3404421877580573
-7.4	20.95	0.3455346945549073
-7.39	22.18	0.3294879369664982
-7.39	23.41	0.33944846857200084
-7.39	24.64	0.3321981687957751
-7.39	25.86	0.3372657633726526
-7.39	27.08	0.3443028379154072
-7.38	28.31	0.35695646857709845
-7.39	29.55	0.36484875040710724
-7.39	30.78	0.35463018382432593
-7.38	31.97	0.365284716384314
-7.37	33.15	0.3514047951598768
-7.36	34.33	0.357283968712961
-7.34	35.46	0.38667128992167177
-7.3	36.51	0.5434149442924421
-7.22	37.3	0.4524189170913331
-6.04	37.42	0.6148067595408905
-6.09	36.55	0.44638090818211007
-6.12	35.48	0.3815056724238718
-6.13	34.34	0.3652242897789906
-6.14	33.16	0.34861609969212404
-6.15	31.98	0.36013352545937055
-6.16	30.78	0.365265909977674
-6.16	29.55	0.3560712918187328
-6.15	28.31	0.34942612302136505
-6.16	27.08	0.3288441504746486
-6.16	25.87	0.3264414924504402
-6.16	24.64	0.32904573198572296
-6.16	23.41	0.3268173490731934
-6.16	22.18	0.3247498767969549
-6.16	20.96	0.32934514041894314
-6.16	19.73	0.3333580521415348
-6.16	18.49	0.34212176431437813
-6.17	17.26	0.3426799819974525
-6.17	16.03	0.334581731832081
-6.17	14.8	0.34260526830727495
-6.17	13.57	0.34930026259123853
-6.17	12.34	0.33657515391392934
-6.17	11.1	0.33952540499338757
-6.17	9.87	0.3511065365268919
-6.17	8.64	0.33518956118062
-6.17	7.41	0.3470965435683198
-6.17	6.17	0.35429624497423945
-6.17	4.94	0.3531804115990377
-6.17	3.7	0.34599582637101856
-6.17	2.47	0.3397508151241846
-6.17	1.23	0.37228616293860173
-6.17	-0.0	0.34715238201912657
-6.17	-1.23	0.3487760428147858
-6.17	-2.47	0.3697471309642703
-6.17	-3.7	0.345517357706503
-6.17	-4.94	0.3335763196112805
-6.17	-6.17	0.3497782832642122
-6.17	-7.41	0.3701625542026963
-6.17	-8.64	0.35810745900964974
-6.17	-9.87	0.3669340662972561
-6.17	-11.1	0.35139439971538683
-6.17	-12.34	0.3665725998136068
-6.17	-13.57	0.3585562300539143
-6.17	-14.8	0.3526507394460775
-6.17	-16.03	0.37175386917943726
-6.17	-17.26	0.3765639820282347
-6.16	-18.49	0.37883488284549266
-6.16	-19.73	0.36819666926552713
-6.16	-20.96	0.3759949644030401
-6.16	-22.18	0.36695873447275695
-6.16	-23.41	0.3660807537792586
-6.16	-24.64	0.3404978570199546
-6.16	-25.87	0.33566207426167394
-6.16	-27.08	0.34015209944330127
-6.15	-28.31	0.32966225664747256
-6.16	-29.55	0.32311689738649213
-6.16	-30.78	0.3265837274160002
-6.15	-31.98	0.3599431879540677
-6.14	-33.16	0.3971852672874556
-6.13	-34.34	0.37687240388557386
-6.12	-35.48	0.3824161622901765
-6.09	-36.55	0.42650451222154073
-6.04	-37.42	0.656735840431716
-4.84	-37.5	0.5986416686881028
-4.88	-36.58	0.4377446738189118
-4.9	-35.49	0.37222945968951693
-4.91	-34.35	0.41046377237151255
-4.91	-33.17	0.37549652446483495
-4.92	-31.99	0.35537103830855676
-4.93	-30.78	0.3339862264849165
-4.92	-29.54	0.3189015282310553
-4.92	-28.31	0.3378853307535021
-4.93	-27.09	0.3417675951651502
-4.93	-25.87	0.3439221118710251
-4.93	-24.64	0.3447058383656363
-4.93	-23.41	0.36799049386688026
-4.93	-22.18	0.36555432052683917
-4.93	-20.96	0.3801176800626912
-4.93	-19.73	0.371235604260137
-4.93	-18.5	0.3698030467236319
-4.93	-17.26	0.3614435334091322
-4.93	-16.04	0.34964505264550916
-4.93	-14.8	0.33234977190907605
-4.93	-13.57	0.3311244219779939
-4.93	-12.34	0.34980878135590804
-4.94	-11.1	0.3581040142946544
-4.94	-9.87	0.3427552428478781
-4.94	-8.64	0.3475379258475739
-4.94	-7.41	0.3420215769652397
-4.94	-6.17	0.3446551769756292
-4.94	-4.94	0.35737371781226135
-4.94	-3.7	0.3447859179187258
-4.94	-2.47	0.34276878317650233
-4.94	-1.24	0.34707573285494503
-4.94	0.0	0.36500669983444406
-4.94	1.24	0.36648040122943976
-4.94	2.47	0.3586883043186447
-4.94	3.7	0.36000724117732447
-4.94	4.94	0.35097328752158413
-4.94	6.17	0.35435781768825486
-4.94	7.41	0.3660952842661269
-4.94	8.64	0.3725346796749776
-4.94	9.87	0.3519268397098946
-4.94	11.1	0.34734395146830815
-4.93	12.34	0.3410652813213799
-4.93	13.57	0.3477202544054234
-4.93	14.8	0.34657729935835635
-4.93	16.04	0.3404729345315702
-4.93	17.26	0.3467579402871731
-4.93	18.5	0.33636614617488336
-4.93	19.73	0.34381712066749237
-4.93	20.96	0.32870477180758895
-4.93	22.18	0.34125998537368046
-4.93	23.41	0.3412193109171692
-4.93	24.64	0.3249247541744466
-4.93	25.87	0.31911283126712725
-4.93	27.09	0.33935076995458385
-4.92	28.31	0.35331127582698135
-4.92	29.54	0.3364920332548872
-4.93	30.78	0.34349529574355925
-4.92	31.99	0.36362480738051933
-4.91	33.17	0.3850601401219604
-4.91	34.35	0.36313558520074873
-4.9	35.49	0.35407073160566216
-4.88	36.58	0.4559395926402102
-4.84	37.5	0.4444149369185021
-3.63	37.55	0.7751236808028834
-3.66	36.6	0.4337817987745457
-3.67	35.51	0.36877030574956726
-3.68	34.35	0.3475586589014877
-3.69	33.18	0.37035231088051773
-3.69	32.0	0.3644626597120525
-3.69	30.78	0.3568197940537616
-3.69	29.54	0.35497762241257363
-3.69	28.31	0.36392664630301
-3.69	27.09	0.31728564330057774
-3.7	25.87	0.33990369573001616
-3.7	24.64	0.32091037586465904
-3.7	23.41	0.3295183418100436
-3.7	22.19	0.34149883549559334
-3.7	20.96	0.33484378243693635
-3.7	19.73	0.3396527988672889
-3.7	18.5	0.340531977801785
-3.7	17.27	0.33808178008373174
-3.7	16.04	0.3428443087901594
-3.7	14.8	0.35128407889049423
-3.7	13.57	0.3386120665748778
-3.7	12.34	0.3537074060282629
-3.7	11.11	0.34138650843926377
-3.7	9.88	0.3557444649021971
-3.7	8.64	0.3424371585712726
-3.7	7.41	0.3490384707588443
-3.7	6.17	0.374752763570869
-3.7	4.94	0.35491783580943465
-3.71	3.71	0.3543307972681488
-3.7	2.47	0.35641501668740394
-3.7	1.23	0.35551755105347793
-3.7	-0.0	0.3527490896258062
-3.7	-1.23	0.3441455883470419
-3.7	-2.47	0.33080111433272125
-3.71	-3.71	0.34739207132614824
-3.7	-4.94	0.3487282894715622
-3.7	-6.17	0.33062582197613366
-3.7	-7.41	0.34577160285392466
-3.7	-8.64	0.35129381932216497
-3.7	-9.88	0.34628378025705076
-3.7	-11.11	0.3578486270256565
-3.7	-12.34	0.3280753604947295
-3.7	-13.57	0.3558818966060143
-3.7	-14.8	0.36131574518875254
-3.7	-16.04	0.34561255933862917
-3.7	-17.27	0.35437880365792507
-3.7	-18.5	0.35307168371810915
-3.7	-19.73	0.35348281541668336
-3.7	-20.96	0.38896098782794464
-3.7	-22.19	0.3577128143728696
-3.7	-23.41	0.3542223401039512
-3.7	-24.64	0.37815472272384226
-3.7	-25.87	0.33552148664163506
-3.69	-27.09	0.36095934789095296
-3.69	-28.31	0.33625788257478784
-3.69	-29.54	0.3272870598424313
-3.69	-30.78	0.33414523117882594
-3.69	-32.0	0.37271829029618797
-3.69	-33.18	0.37126945947437495
-3.68	-34.35	0.3797389184785609
-3.67	-35.51	0.37066235037851303
-3.66	-36.6	0.37967522744527293
-3.63	-37.55	0.3256594425577422
-2.42	-37.58	0.3819335344054492
-2.44	-36.61	0.3608518577984815
-2.45	-35.52	0.3538340547123242
-2.45	-34.36	0.3739774676074684
-2.46	-33.18	0.3862514080691215
-2.46	-32.0	0.3477311084090169
-2.46	-30.78	0.3130621518066256
-2.46	-29.54	0.33059846637089463
-2.46	-28.31	0.33533058252269254
-2.46	-27.09	0.34463111401828167
-2.46	-25.87	0.34983406513279236
-2.46	-24.64	0.3624457283567689
-2.46	-23.41	0.3600907824880089
-2.47	-22.19	0.36134987505109606
-2.47	-20.96	0.36399736409965583
-2.47	-19.73	0.3698747555182949
-2.47	-18.5	0.3542858747013965
-2.47	-17.27	0.36416502766469244
-2.47	-16.04	0.3479901901321689
-2.47	-14.8	0.3482921688024276
-2.47	-13.57	0.36019524425371785
-2.47	-12.34	0.34946787034745436
-2.47	-11.11	0.33768481655259514
-2.47	-9.88	0.36476344263917093
-2.47	-8.64	0.33491278093079596
-2.47	-7.41	0.3337987967238549
-2.47	-6.17	0.33557506559559325
-2.47	-4.94	0.3356266686903427
-2.47	-3.7	0.3538994685073363
-2.47	-2.47	0.3338779612438208
-2.47	-1.24	0.33622241397817404
-2.47	0.0	0.34830008848314614
-2.47	1.24	0.34829279854709333
-2.47	2.47	0.36271649775075615
-2.47	3.7	0.35616023789518075
-2.47	4.94	0.3664686049581271
-2.47	6.17	0.3638543343052374
-2.47	7.41	0.3570836484930391
-2.47	8.64	0.35216104651835833
-2.47	9.88	0.3400165171535285
-2.47	11.11	0.35681243765508597
-2.47	12.34	0.33932210979765204
-2.47	13.57	0.33546206494238784
-2.47	14.8	0.36725180264999757
-2.47	16.04	0.3403265536047481
-2.47	17.27	0.3414098978565383
-2.47	18.5	0.3235386408377668
-2.47	19.73	0.33687778396582496
-2.47	20.96	0.32835928471552717
-2.47	22.19	0.33086555966825343
-2.46	23.41	0.3284396518000806
-2.46	24.64	0.32337149686311706
-2.46	25.87	0.3601965805778472
-2.46	27.09	0.32557029268146215
-2.46	28.31	0.34448414093069685
-2.46	29.54	0.35411641625153056
-2.46	30.78	0.357943927917462
-2.46	32.0	0.35490910929159303
-2.46	33.18	0.3598574844642775
-2.45	34.36	0.36366284917323843
-2.45	35.52	0.39260420760384407
-2.44	36.61	0.42706945640571903
-2.42	37.58	0.7415611099289576
-1.21	37.6	0.6804833076131132
-1.22	36.62	0.410690555627763
-1.22	35.52	0.3833674247572062
-1.23	34.36	0.3618480756088809
-1.23	33.18	0.3456255301005488
-1.23	32.0	0.38006893649994017
-1.23	30.78	0.3455716289377142
-1.23	29.54	0.346678325514392
-1.23	28.31	0.351377005020209
-1.23	27.09	0.32624758520758584
-1.23	25.87	0.34116145130339715
-1.23	24.64	0.34430641423142955
-1.23	23.41	0.353343202156097
-1.23	22.19	0.3402780853872645
-1.23	20.96	0.32310760521920623
-1.23	19.73	0.33284429193108955
-1.23	18.5	0.3408954389306779
-1.23	17.27	0.34673197881494777
-1.23	16.04	0.34007784848931466
-1.23	14.8	0.34561597838435915
-1.23	13.57	0.3449445255421107
-1.23	12.34	0.34629354737408685
-1.23	11.11	0.33743687857653076
-1.23	9.88	0.3596579583075932
-1.23	8.64	0.36014590827442106
-1.23	7.41	0.3454412750902659
-1.23	6.17	0.36889372919448077
-1.24	4.94	0.3672960703199109
-1.23	3.7	0.3731122200830682
-1.24	2.47	0.3516628347783888
-1.24	1.24	0.35427099860692735
-1.24	-0.0	0.35712363506946765
-1.24	-1.24	0.34984785669196833
-1.24	-2.47	0.33300596965844237
-1.23	-3.7	0.33821069536736853
-1.24	-4.94	0.35144737455445296
-1.23	-6.17	0.33910563711478425
-1.23	-7.41	0.343091494842864
-1.23	-8.64	0.3343928675189402
-1.23	-9.88	0.3449121237321169
-1.23	-11.11	0.3441033341693042
-1.23	-12.34	0.3475753717888005
-1.23	-13.57	0.3486531846248397
-1.23	-14.8	0.3460592258203426
-1.23	-16.04	0.36031874843100625
-1.23	-17.27	0.35080171679739425
-1.23	-18.5	0.36538960997620257
-1.23	-19.73	0.36194272254835114
-1.23	-20.96	0.3753538533316748
-1.23	-22.19	0.35778004132266394
-1.23	-23.41	0.3747631998991237
-1.23	-24.64	0.3565779695610764
-1.23	-25.87	0.3454374173957855
-1.23	-27.09	0.3495673106755373
-1.23	-28.31	0.3401069221261536
-1.23	-29.54	0.32646107140010117
-1.23	-30.78	0.3216039180227431
-1.23	-32.0	0.3440807776447141
-1.23	-33.18	0.3812058963689362
-1.23	-34.36	0.36596664680249824
-1.22	-35.52	0.3631520945265544
-1.22	-36.62	0.3587123483950089
-1.21	-37.6	0.6274180960107498
0.0	-37.6	0.38276955012099634
0.0	-36.62	0.38441309607877816
0.0	-35.52	0.3541138809695513
0.0	-34.36	0.3704385717912542
0.0	-33.19	0.36365468057193523
0.0	-32.0	0.36341684587574774
0.0	-30.78	0.3260943767335278
0.0	-29.54	0.3222424283170568
0.0	-28.31	0.34104110903076384
0.0	-27.09	0.33522755731500514
0.0	-25.87	0.34455748907361705
0.0	-24.64	0.3718238919286915
0.0	-23.41	0.3634872994580893
0.0	-22.19	0.36765278058049494
0.0	-20.96	0.36890722810093723
0.0	-19.73	0.3787069896923994
0.0	-18.5	0.36517979852148535
0.0	-17.27	0.37404245144541554
0.0	-16.04	0.3478107752182923
0.0	-14.8	0.3359044239549006
0.0	-13.57	0.34677475251707346
0.0	-12.34	0.3441972123752368
0.0	-11.11	0.3274601288212394
0.0	-9.88	0.3670502332865469
0.0	-8.64	0.34092333524236773
0.0	-7.41	0.3560801171759104
0.0	-6.17	0.3414110443179022
0.0	-4.94	0.3512348349768913
0.0	-3.7	0.3429783901485442
0.0	-2.47	0.3415125976501352
0.0	-1.24	0.32727067303723617
0.0	0.0	0.3463950369273668
0.0	1.24	0.3347588756427388
0.0	2.47	0.3623953516684226
0.0	3.7	0.3659867934223432
0.0	4.94	0.34774318874149196
0.0	6.17	0.359460008287736
0.0	7.41	0.35377086367493954
0.0	8.64	0.33617038685937983
0.0	9.88	0.3459661316089708
0.0	11.11	0.34939125394940107
0.0	12.34	0.3616600822815004
0.0	13.57	0.3373700717285597
0.0	14.8	0.33411463471475655
0.0	16.04	0.349205941602227
0.0	17.27	0.3381728550429564
0.0	18.5	0.3301924482301314
0.0	19.73	0.3419722336206046
0.0	20.96	0.34029217373270654
0.0	22.19	0.3189262714882781
0.0	23.41	0.33798028114237716
0.0	24.64	0.33076300334788905
0.0	25.87	0.32924695575593826
0.0	27.09	0.3254727976380483
0.0	28.31	0.34085255380055945
0.0	29.54	0.34601551367952016
0.0	30.78	0.35191707846276826
0.0	32.0	0.36004208886486955
0.0	33.19	0.33817119533937856
0.0	34.36	0.357200528925242
0.0	35.52	0.3748944944152349
0.0	36.62	0.44057733365986584
0.0	37.6	0.646864528127456
1.21	37.6	0.6738088350742971
1.22	36.62	0.43011949785580705
1.22	35.52	0.3536224470534587
1.23	34.36	0.3686000447865546
1.23	33.18	0.3710989828925101
1.23	32.0	0.3602692040280553
1.23	30.78	0.3444599071032729
1.23	29.54	0.36823131346678395
1.23	28.31	0.34107536304913494
1.23	27.09	0.3248224915196982
1.23	25.87	0.3133748277959141
1.23	24.64	0.31238986018867126
1.23	23.41	0.3318463071941921
1.23	22.19	0.33345374261497207
1.23	20.96	0.3229197590310056
1.23	19.73	0.34097286657746584
1.23	18.5	0.32985422351845
1.23	17.27	0.3437247236992396
1.23	16.04	0.3536744259842376
1.23	14.8	0.33270939034361324
1.23	13.57	0.331578889537386
1.23	12.34	0.3526294406651743
1.23	11.11	0.3511216223824643
1.23	9.88	0.3528273300220499
1.23	8.64	0.3485631100213147
1.23	7.41	0.3406187044131446
1.23	6.17	0.36375906902379934
1.24	4.94	0.3609805009808523
1.23	3.7	0.355837575652584
1.24	2.47	0.37184290080628946
1.24	1.24	0.36590847207209204
1.24	-0.0	0.3531395439585293
1.24	-1.24	0.3289453051838425
1.24	-2.47	0.3452395729281232
1.23	-3.7	0.334841195128434
1.24	-4.94	0.35074004959733424
1.23	-6.17	0.3429423145456583
1.23	-7.41	0.3326990500271021
1.23	-8.64	0.34783574572055714
1.23	-9.88	0.3446251346461817
1.23	-11.11	0.3439749322628244
1.23	-12.34	0.35292604253324633
1.23	-13.57	0.3550516286812679
1.23	-14.8	0.35398399851463397
1.23	-16.04	0.3607938311031471
1.23	-17.27	0.3686594614590062
1.23	-18.5	0.38341830219470435
1.23	-19.73	0.3606592171851594
1.23	-20.96	0.33707665521564034
1.23	-22.19	0.37646149673314405
1.23	-23.41	0.3804119431396396
1.23	-24.64	0.3457281496607246
1.23	-25.87	0.359572581721872
1.23	-27.09	0.34872220487162287
1.23	-28.31	0.3305563469956117
1.23	-29.54	0.3067015950288632
1.23	-30.78	0.3221270503562688
1.23	-32.0	0.35351621683637413
1.23	-33.18	0.3612601762950454
1.23	-34.36	0.36705497881267035
1.22	-35.52	0.3726509386728819
1.22	-36.62	0.37663392753842373
1.21	-37.6	0.5768958339347834
2.42	-37.58	0.46199993429313946
2.44	-36.61	0.3618470266043148
2.45	-35.52	0.36704610728070575
2.45	-34.36	0.35267990549248474
2.46	-33.18	0.36974757932247937
2.46	-32.0	0.34871626203336037
2.46	-30.78	0.3131944548653661
2.46	-29.54	0.324681417386732
2.46	-28.31	0.3360848943506532
2.46	-27.09	0.3494522094530073
2.46	-25.87	0.3414922264921746
2.46	-24.64	0.37410753392355944
2.46	-23.41	0.3725681803447809
2.47	-22.19	0.36476618074770273
2.47	-20.96	0.35369678900478096
2.47	-19.73	0.363684118099109
2.47	-18.5	0.3686495724680619
2.47	-17.27	0.35840254328119997
2.47	-16.04	0.35694161695356147
2.47	-14.8	0.3455925480868112
2.47	-13.57	0.3609013135870533
2.47	-12.34	0.3483331279464321
2.47	-11.11	0.3491984041628548
2.47	-9.88	0.3419878189121589
2.47	-8.64	0.33611128071488783
2.47	-7.41	0.3355356173418729
2.47	-6.17	0.33122128061934836
2.47	-4.94	0.35282077163088954
2.47	-3.7	0.348103878448204
2.47	-2.47	0.342283073579104
2.47	-1.24	0.34198517131101835
2.47	0.0	0.3569901183842705
2.47	1.24	0.36584254551212947
2.47	2.47	0.3511973738354308
2.47	3.7	0.3552936812915211
2.47	4.94	0.3621866995646522
2.47	6.17	0.35559157720654844
2.47	7.41	0.3301280842244307
2.47	8.64	0.34364794250013164
2.47	9.88	0.3461243865003546
2.47	11.11	0.35864270013348193
2.47	12.34	0.33370558282464524
2.47	13.57	0.34837561125350464
2.47	14.8	0.3272761652937011
2.47	16.04	0.33663906697679424
2.47	17.27	0.327838489968474
2.47	18.5	0.32749426979062407
2.47	19.73	0.32513869917154786
2.47	20.96	0.32709452488376123
2.47	22.19	0.3324709375025984
2.46	23.41	0.3273839654250688
2.46	24.64	0.32630520481655445
2.46	25.87	0.33285121309537496
2.46	27.09	0.3254571841643928
2.46	28.31	0.3532319333483654
2.46	29.54	0.3495028501065444
2.46	30.78	0.3614877754739712
2.46	32.0	0.346560257542104
2.46	33.18	0.3505668576358833
2.45	34.36	0.36284433566665586
2.45	35.52	0.37728642262492174
2.44	36.61	0.44067371911571707
2.42	37.58	0.7113805750532682
3.63	37.55	0.8999999995354463
3.66	36.6	0.429305819774047
3.67	35.51	0.360734359050205
3.68	34.35	0.3228842233517887
3.69	33.18	0.3714089838729489
3.69	32.0	0.3727254051778038
3.69	30.78	0.35252423636145747
3.69	29.54	0.3665800649572128
3.69	28.31	0.3485806083788084
3.69	27.09	0.3349945560879331
3.7	25.87	0.3229565866444448
3.7	24.64	0.33570819444770067
3.7	23.41	0.32862701648330894
3.7	22.19	0.3245837080225721
3.7	20.96	0.33387635226319334
3.7	19.73	0.33038630149967163
3.7	18.5	0.35554990706783424
3.7	17.27	0.33593285093304975
3.7	16.04	0.3415728158438119
3.7	14.8	0.34076050063524527
3.7	13.57	0.3526916661240807
3.7	12.34	0.3251475623571459
3.7	11.11	0.3464462224992695
3.7	9.88	0.36393859342749935
3.7	8.64	0.36458690700524227
3.7	7.41	0.34876267381592485
3.7	6.17	0.3739365468226076
3.7	4.94	0.379905293348666
3.71	3.71	0.37237212202453024
3.7	2.47	0.3485370979590498
3.7	1.23	0.3466541466824056
3.7	-0.0	0.35250941864240093
3.7	-1.23	0.34137686743295637
3.7	-2.47	0.3339450942602401
3.71	-3.71	0.3478632364669605
3.7	-4.94	0.33656659392737504
3.7	-6.17	0.3465123689009802
3.7	-7.41	0.3494039463469764
3.7	-8.64	0.35461240384938897
3.7	-9.88	0.3425002049168113
3.7	-11.11	0.3328913626645664
3.7	-12.34	0.35993824752499315
3.7	-13.57	0.35066579663313896
3.7	-14.8	0.3495138250626382
3.7	-16.04	0.35904537886976867
3.7	-17.27	0.3633336604910247
3.7	-18.5	0.3745954759299773
3.7	-19.73	0.3636972078612867
3.7	-20.96	0.36705259375209676
3.7	-22.19	0.3631516456618624
3.7	-23.41	0.3611834970722131
3.7	-24.64	0.3459163143976516
3.7	-25.87	0.3618280669014532
3.69	-27.09	0.3484132715565318
3.69	-28.31	0.3259348775055716
3.69	-29.54	0.3134183204494513
3.69	-30.78	0.33345759680109244
3.69	-32.0	0.3378333498850785
3.69	-33.18	0.36720928168085604
3.68	-34.35	0.3602098911093329
3.67	-35.51	0.3948881567399918
3.66	-36.6	0.3731407813014971
3.63	-37.55	0.31493216419180536
4.84	-37.5	0.651789733400436
4.88	-36.58	0.39152198347989253
4.9	-35.49	0.41919310960628664
4.91	-34.35	0.3844354695528883
4.91	-33.17	0.36282797290396496
4.92	-31.99	0.34962951952701843
4.93	-30.78	0.33744458672321204
4.92	-29.54	0.3194983765356154
4.92	-28.31	0.33321667425303764
4.93	-27.09	0.32781174711528877
4.93	-25.87	0.3650688633544211
4.93	-24.64	0.35959759946041003
4.93	-23.41	0.3514413029429561
4.93	-22.18	0.36407066657107007
4.93	-20.96	0.3627741563865369
4.93	-19.73	0.3664404525602753
4.93	-18.5	0.37024434040315235
4.93	-17.26	0.36093677958766857
4.93	-16.04	0.3524137370084998
4.93	-14.8	0.371437878908795
4.93	-13.57	0.3439720896693091
4.93	-12.34	0.36788063716296965
4.94	-11.1	0.3507206893871071
4.94	-9.87	0.3458215326335551
4.94	-8.64	0.3504878563795619
4.94	-7.41	0.349030311521695
4.94	-6.17	0.33714319577508933
4.94	-4.94	0.3391681538025176
4.94	-3.7	0.34302744441597555
4.94	-2.47	0.33272029810826875
4.94	-1.24	0.33809574975823986
4.94	0.0	0.346781822451873
4.94	1.24	0.35933429730988486
4.94	2.47	0.3466137485161557
4.94	3.7	0.3561851520759547
4.94	4.94	0.36845975654022367
4.94	6.17	0.3572275496925958
4.94	7.41	0.34287284411899405
4.94	8.64	0.3272693304867694
4.94	9.87	0.3503618131920407
4.94	11.1	0.34293579121935885
4.93	12.34	0.3297821341476844
4.93	13.57	0.33947079428007715
4.93	14.8	0.35722315622984024
4.93	16.04	0.33559274078075285
4.93	17.26	0.3312489148658568
4.93	18.5	0.3276025201331664
4.93	19.73	0.32823201403829083
4.93	20.96	0.32128761856257737
4.93	22.18	0.3337510779227762
4.93	23.41	0.3236895337758037
4.93	24.64	0.3266847879621457
4.93	25.87	0.33485258426388537
4.93	27.09	0.3381589000376654
4.92	28.31	0.3581399599365206
4.92	29.54	0.34825953432121065
4.93	30.78	0.34563397892195236
4.92	31.99	0.3633476921204011
4.91	33.17	0.3551605727782667
4.91	34.35	0.3558506523949956
4.9	35.49	0.3693894178261635
4.88	36.58	0.44745867491471447
4.84	37.5	0.12969368860211566
6.04	37.42	0.6419376251070812
6.09	36.55	0.4870199928930644
6.12	35.48	0.3686973421857196
6.13	34.34	0.3653462083089608
6.14	33.16	0.36531009335944153
6.15	31.98	0.352441437948158
6.16	30.78	0.34435278878959064
6.16	29.55	0.3505971991401583
6.15	28.31	0.3489236794954046
6.16	27.08	0.3131219438800787
6.16	25.87	0.32783409642791234
6.16	24.64	0.3316624200652795
6.16	23.41	0.3414107536957437
6.16	22.18	0.33418927299768814
6.16	20.96	0.3443056956409509
6.16	19.73	0.3230099633698073
6.16	18.49	0.34634343762306075
6.17	17.26	0.328515322739466
6.17	16.03	0.3381985918274258
6.17	14.8	0.338376636761701
6.17	13.57	0.32195648512022695
6.17	12.34	0.3463226873580525
6.17	11.1	0.34277244609203783
6.17	9.87	0.3401730121386487
6.17	8.64	0.3443081836534601
6.17	7.41	0.3543251138832504
6.17	6.17	0.34797125714892846
6.17	4.94	0.3492554633435917
6.17	3.7	0.3641980793062415
6.17	2.47	0.33711950279827274
6.17	1.23	0.35580967928780616
6.17	-0.0	0.34134248381675625
6.17	-1.23	0.3398453448189249
6.17	-2.47	0.3421466837770576
6.17	-3.7	0.35319317565857133
6.17	-4.94	0.35095618167978504
6.17	-6.17	0.355198509502572
6.17	-7.41	0.33918109292181453
6.17	-8.64	0.32384628540385607
6.17	-9.87	0.3539443060055214
6.17	-11.1	0.3305428481326797
6.17	-12.34	0.3596514913144455
6.17	-13.57	0.34367143838940095
6.17	-14.8	0.3562992674864319
6.17	-16.03	0.3586256342434766
6.17	-17.26	0.372186881174454
6.16	-18.49	0.3699707389412293
6.16	-19.73	0.3557447595609139
6.16	-20.96	0.3800262058703301
6.16	-22.18	0.3553378290615319
6.16	-23.41	0.36327242473286964
6.16	-24.64	0.34873011946158206
6.16	-25.87	0.34522295607855635
6.16	-27.08	0.33975114694452396
6.15	-28.31	0.33127998652269425
6.16	-29.55	0.32582591311453735
6.16	-30.78	0.3335195299245423
6.15	-31.98	0.35207148940702887
6.14	-33.16	0.378734564404096
6.13	-34.34	0.36339175700155446
6.12	-35.48	0.3628440018426181
6.09	-36.55	0.43546144924926
6.04	-37.42	0.499006811017804
7.22	-37.3	0.6025716171761017
7.3	-36.51	0.4166216323055223
7.34	-35.46	0.36289227473631225
7.36	-34.33	0.34040778683482487
7.37	-33.15	0.3689794194496195
7.38	-31.97	0.36342789660659436
7.39	-30.78	0.3125269234101831
7.39	-29.55	0.3191442511812192
7.38	-28.31	0.32639935744807946
7.39	-27.08	0.3300889095187659
7.39	-25.86	0.33908129711381146
7.39	-24.64	0.3607838179063961
7.39	-23.41	0.34454947076561593
7.39	-22.18	0.3530873405052256
7.4	-20.95	0.35357389956471263
7.4	-19.73	0.3944055779645516
7.4	-18.49	0.3631167503987014
7.4	-17.26	0.34941173661933167
7.4	-16.03	0.4
7.4	-14.8	0.3648454253887167
7.4	-13.57	0.3508566389610417
7.4	-12.34	0.3587896224819357
7.4	-11.1	0.3500262349063911
7.4	-9.87	0.339406472009403
7.4	-8.64	0.35037994205021933
7.41	-7.41	0.3505632293365512
7.41	-6.17	0.34016173407115624
7.41	-4.94	0.32542230088396534
7.41	-3.7	0.33368078293925985
7.41	-2.47	0.3357517247827926
7.41	-1.23	0.35901507879658845
7.41	0.0	0.34585249247329175
7.41	1.23	0.36007256757026895
7.41	2.47	0.3458796409184617
7.41	3.7	0.35480230968279947
7.41	4.94	0.3494373890126425
7.41	6.17	0.3528963288073386
7.41	7.41	0.35840354247005435
7.4	8.64	0.3620014606391783
7.4	9.87	0.3406333833533762
7.4	11.1	0.3291362000470989
7.4	12.34	0.3428566777979856
7.4	13.57	0.3241999379414856
7.4	14.8	0.33069257166363963
7.4	16.03	0.3243949971072339
7.4	17.26	0.35110769152569826
7.4	18.49	0.32839135554104376
7.4	19.73	0.33434453005822634
7.4	20.95	0.33653890619775884
7.39	22.18	0.3305521126857078
7.39	23.41	0.32554498277936567
7.39	24.64	0.316421115424978
7.39	25.86	0.3301523769800467
7.39	27.08	0.3420487158428985
7.38	28.31	0.3493351515717348
7.39	29.55	0.3681347519354081
7.39	30.78	0.36292475040705974
7.38	31.97	0.35760560655454554
7.37	33.15	0.3493408885502125
7.36	34.33	0.3613723274154451
7.34	35.46	0.36196035280417005
7.3	36.51	0.44943748635318104
7.22	37.3	0.4691852706218441
8.51	36.45	0.6009147740606428
8.55	35.43	0.4177364062515663
8.58	34.31	0.35016509960180564
8.59	33.14	0.36605202337542986
8.6	31.96	0.3748219141554202
8.62	30.77	0.37437797312853044
8.62	29.55	0.34541142815352177
8.62	28.31	0.3525601890315958
8.62	27.08	0.3262759857249989
8.62	25.86	0.331906179528761
8.62	24.64	0.3362879798902575
8.62	23.41	0.3234473073403574
8.62	22.18	0.33741352235952937
8.63	20.95	0.3316610552702261
8.63	19.72	0.33639110396282934
8.63	18.49	0.3318099204060376
8.63	17.26	0.3413461944830952
8.63	16.03	0.3302816373807015
8.63	14.8	0.3317415344482033
8.64	13.57	0.3363993658157813
8.64	12.34	0.34284269288187713
8.64	11.1	0.3451647336877325
8.64	9.87	0.3516607387806923
8.64	8.64	0.35613412358776597
8.64	7.4	0.3459921906533066
8.64	6.17	0.3497660434534176
8.64	4.94	0.33733071340904375
8.64	3.7	0.33164496889741396
8.64	2.47	0.3493942021694056
8.64	1.23	0.35434618707541155
8.64	-0.0	0.35799732813318164
8.64	-1.23	0.33923262184907355
8.64	-2.47	0.33683784325997845
8.64	-3.7	0.34605822719230905
8.64	-4.94	0.34135256223773974
8.64	-6.17	0.33584416212708806
8.64	-7.4	0.33855733099014124
8.64	-8.64	0.3491251667397571
8.64	-9.87	0.33732401225032693
8.64	-11.1	0.35062815466949604
8.64	-12.34	0.34570316131453144
8.64	-13.57	0.3420695331144544
8.63	-14.8	0.3440430460672366
8.63	-16.03	0.34529061149337864
8.63	-17.26	0.344340576350444
8.63	-18.49	0.3659511124701384
8.63	-19.72	0.364061752901147
8.63	-20.95	0.36224100355107425
8.62	-22.18	0.35499904586630093
8.62	-23.41	0.3565288379442375
8.62	-24.64	0.35268622775971653
8.62	-25.86	0.35215059379855523
8.62	-27.08	0.341974844026232
8.62	-28.31	0.3229577952265983
8.62	-29.55	0.3136958949817744
8.62	-30.77	0.3397939600115337
8.6	-31.96	0.3567290156627333
8.59	-33.14	0.38625242520638814
8.58	-34.31	0.3761633755488498
8.55	-35.43	0.3643816557664201
8.51	-36.45	0.5736707224354083
9.7	-36.37	0.43166267649244705
9.76	-35.39	0.3383609951764187
9.8	-34.29	0.35574991028258374
9.82	-33.13	0.3576323658609718
9.83	-31.95	0.37674441894231897
9.84	-30.76	0.33875662072825047
9.85	-29.55	0.3176921809006567
9.85	-28.31	0.3282095562414799
9.85	-27.08	0.3435305326614493
9.85	-25.85	0.33386868165098543
9.85	-24.63	0.3452932983850309
9.86	-23.41	0.35360147147371973
9.86	-22.18	0.35546237377650947
9.86	-20.95	0.3712869485762797
9.86	-19.72	0.3708373086091795
9.86	-18.49	0.3548719643201677
9.86	-17.26	0.36187630224175243
9.86	-16.03	0.3306909347044482
9.87	-14.8	0.36322532837681437
9.87	-13.57	0.34626994483560497
9.87	-12.34	0.3403737560920747
9.87	-11.1	0.33953301221065807
9.87	-9.87	0.3538687760732782
9.87	-8.64	0.34555481714536407
9.87	-7.4	0.3587401046595373
9.87	-6.17	0.34241184407970954
9.87	-4.94	0.34643537790375467
9.88	-3.7	0.3584096046318616
9.88	-2.47	0.3507925228341759
9.88	-1.23	0.333846611758315
9.88	0.0	0.34503734048963913
9.88	1.23	0.3641338768326611
9.88	2.47	0.3345968754683837
9.88	3.7	0.36619914908886636
9.87	4.94	0.3472526840082134
9.87	6.17	0.3445980108041932
9.87	7.4	0.3307928109272248
9.87	8.64	0.3436360711214325
9.87	9.87	0.3296858950667165
9.87	11.1	0.34707646414179644
9.87	12.34	0.33103399648104076
9.87	13.57	0.3405594009745496
9.87	14.8	0.33272243770525034
9.86	16.03	0.3300627614254939
9.86	17.26	0.32749664865756317
9.86	18.49	0.34469566072300384
9.86	19.72	0.32181795784068834
9.86	20.95	0.3248564586610472
9.86	22.18	0.33010365196852015
9.86	23.41	0.33236160193187436
9.85	24.63	0.3257367620579621
9.85	25.85	0.347834508423923
9.85	27.08	0.34184511721599925
9.85	28.31	0.35789027313543126
9.85	29.55	0.351441271652001
9.84	30.76	0.3704156200029231
9.83	31.95	0.3355828580156748
9.82	33.13	0.35338414342773283
9.8	34.29	0.37298338256042496
9.76	35.39	0.42426579881117277
9.7	36.37	0.7448768061269705
10.88	36.26	0.8999998515062817
10.97	35.34	0.45860431940517943
11.01	34.26	0.3975545017485831
11.04	33.11	0.32660371598684135
11.05	31.93	0.3586976342716234
11.07	30.75	0.3624252404119015
11.08	29.55	0.360051910158719
11.08	28.32	0.35679858336081666
11.08	27.08	0.34913044730745063
11.08	25.85	0.32617977770210543
11.08	24.63	0.32996334491013
11.09	23.41	0.33937088766880136
11.09	22.18	0.3411435137854473
11.09	20.95	0.3343610553943837
11.09	19.72	0.3257355226740027
11.1	18.49	0.33062915589391195
11.1	17.26	0.33383061330171804
11.1	16.03	0.3392047121706367
11.1	14.8	0.345681536673698
11.1	13.57	0.3401777776195599
11.1	12.34	0.340020200335452
11.1	11.1	0.33471056222045076
11.1	9.87	0.34443209331001573
11.1	8.64	0.3435665142718668
11.1	7.4	0.360149815700964
11.1	6.17	0.3417130298079985
11.1	4.94	0.32585151122053524
11.11	3.7	0.3370520277978633
11.11	2.47	0.3351416519964989
11.11	1.23	0.34182381016021807
11.11	-0.0	0.33807131502857923
11.11	-1.23	0.33479536914980823
11.11	-2.47	0.3501032196311192
11.11	-3.7	0.3394432978889929
11.1	-4.94	0.34607528990287256
11.1	-6.17	0.34931404947550776
11.1	-7.4	0.33675309657462976
11.1	-8.64	0.3326100939342994
11.1	-9.87	0.3450477519845587
11.1	-11.1	0.3613003439434222
11.1	-12.34	0.36387722921717125
11.1	-13.57	0.3588123027108131
11.1	-14.8	0.3551629857324249
11.1	-16.03	0.35093059784413005
11.1	-17.26	0.36939911760670724
11.1	-18.49	0.3517965964434672
11.09	-19.72	0.3698509257173954
11.09	-20.95	0.36085485264875833
11.09	-22.18	0.342024813013969
11.09	-23.41	0.34700616774973886
11.08	-24.63	0.34251412072795556
11.08	-25.85	0.33274015552184644
11.08	-27.08	0.33421123811366055
11.08	-28.32	0.31400157649591903
11.08	-29.55	0.3189987080858037
11.07	-30.75	0.33661376009361516
11.05	-31.93	0.34911806328690986
11.04	-33.11	0.3760250533175339
11.01	-34.26	0.35890725525436407
10.97	-35.34	0.3916336634124573
10.88	-36.26	0.3101741058254819
12.02	-36.05	0.5408923447226105
12.16	-35.27	0.4411654499829393
12.22	-34.22	0.3566706305776356
12.25	-33.09	0.3652872997179425
12.27	-31.91	0.37279863883081726
12.29	-30.73	0.33972724038403873
12.31	-29.54	0.32410238053168466
12.31	-28.32	0.33082994885727957
12.31	-27.08	0.3198882194177542
12.31	-25.85	0.3349547242524045
12.31	-24.63	0.3601961795525989
12.32	-23.4	0.344825671828562
12.32	-22.18	0.3604592779209072
12.32	-20.94	0.34175477336852866
12.32	-19.72	0.35854949702157685
12.33	-18.49	0.3639359591332587
12.33	-17.26	0.3855013673915474
12.33	-16.03	0.3619020259738402
12.33	-14.8	0.36281405555167734
12.33	-13.56	0.3504494726092396
12.33	-12.33	0.3402658370560112
12.34	-11.1	0.33891726628567104
12.34	-9.87	0.3485530165514759
12.34	-8.64	0.3598576397796884
12.34	-7.4	0.34526749777311166
12.34	-6.17	0.3397877904625682
12.34	-4.93	0.32535077203942386
12.34	-3.7	0.3459540578425956
12.34	-2.47	0.34071138962612163
12.34	-1.23	0.33940692921256543
12.34	0.0	0.3456179831232113
12.34	1.23	0.344523821774801
12.34	2.47	0.335353412096269
12.34	3.7	0.3272904456204789
12.34	4.93	0.3323518142652468
12.34	6.17	0.3637212572188955
12.34	7.4	0.34329975562232923
12.34	8.64	0.3442304944706039
12.34	9.87	0.33685033149267324
12.34	11.1	0.3225722427592216
12.33	12.33	0.3352567873546804
12.33	13.56	0.3396345016514434
12.33	14.8	0.3298819883669673
12.33	16.03	0.337031028256275
12.33	17.26	0.3322171995792154
12.33	18.49	0.3274545533798442
12.32	19.72	0.32776643203495204
12.32	20.94	0.31496983584742294
12.32	22.18	0.3239501258589
12.32	23.4	0.3128106744773239
12.31	24.63	0.33884216053066324
12.31	25.85	0.3548302763686432
12.31	27.08	0.3484908420856101
12.31	28.32	0.35095166600399125
12.31	29.54	0.3642839232742638
12.29	30.73	0.3456567956299975
12.27	31.91	0.3589100207004298
12.25	33.09	0.3612153947109732
12.22	34.22	0.3657881736078088
12.16	35.27	0.4624048012483867
12.02	36.05	0.4633243871354792
13.34	35.17	0.6180931648704913
13.42	34.17	0.4213462114169698
13.47	33.06	0.36971670214269503
13.49	31.9	0.3681963173631235
13.51	30.71	0.3815283212317694
13.53	29.53	0.3504697123846853
13.54	28.32	0.3347784993830553
13.54	27.08	0.34756964973473753
13.54	25.85	0.35785982514267584
13.54	24.62	0.32917932548459705
13.55	23.4	0.3241144138726716
13.55	22.17	0.33506955710234326
13.55	20.94	0.32579005036622166
13.55	19.71	0.3313718860901532
13.56	18.49	0.33250084837879457
13.56	17.26	0.3316830123824052
13.56	16.03	0.325441702056402
13.56	14.8	0.348204391388914
13.56	13.56	0.3437994057116745
13.56	12.33	0.3371114168649442
13.57	11.1	0.3512679220964733
13.57	9.87	0.33060485214111035
13.57	8.64	0.3515911524229056
13.57	7.4	0.341591274340066
13.57	6.17	0.3406267809334506
13.57	4.93	0.34211451133964754
13.57	3.7	0.34672797506660125
13.57	2.47	0.34184932849998156
13.57	1.23	0.3532539767210448
13.57	-0.0	0.34359780637368564
13.57	-1.23	0.36155005011443314
13.57	-2.47	0.36344248576017113
13.57	-3.7	0.3528366124199743
13.57	-4.93	0.3625835446873578
13.57	-6.17	0.34636723664977664
13.57	-7.4	0.35352231069920553
13.57	-8.64	0.34397287360769147
13.57	-9.87	0.34090010176262225
13.57	-11.1	0.3425095111994565
13.56	-12.33	0.35618083003348955
13.56	-13.56	0.3658612122971697
13.56	-14.8	0.35194187171517965
13.56	-16.03	0.38301533260713744
13.56	-17.26	0.37429935044305407
13.56	-18.49	0.3499776673137852
13.55	-19.71	0.3694987492311537
13.55	-20.94	0.3560282457027439
13.55	-22.17	0.34771245959063873
13.55	-23.4	0.36696312617973986
13.54	-24.62	0.34051177939870614
13.54	-25.85	0.32154008362704634
13.54	-27.08	0.33727425529585037
13.54	-28.32	0.3256788101928846
13.53	-29.53	0.3524127467622952
13.51	-30.71	0.3561122952561742
13.49	-31.9	0.35054244823109115
13.47	-33.06	0.3574447776658529
13.42	-34.17	0.33240958501502327
13.34	-35.17	0.49595840715967277
14.49	-35.02	0.5243369862992451
14.62	-34.1	0.3766935530101737
14.67	-33.02	0.3394363657153328
14.71	-31.87	0.3631190966481722
14.73	-30.69	0.36889646710977597
14.75	-29.51	0.3619028079693334
14.77	-28.31	0.32537034636370443
14.78	-27.09	0.3190777029426455
14.77	-25.85	0.32422619714356976
14.77	-24.62	0.3342048270287817
14.77	-23.39	0.33040941226672627
14.78	-22.17	0.33819558448232667
14.78	-20.94	0.36374335500407823
14.78	-19.71	0.3693746652975375
14.79	-18.48	0.3575161440413842
14.79	-17.25	0.3598981768166368
14.79	-16.03	0.3656600357947987
14.79	-14.79	0.34705973368202836
14.8	-13.56	0.35119548813759166
14.8	-12.33	0.35604340620162817
14.8	-11.1	0.34728400474781834
14.8	-9.87	0.3497372273240023
14.8	-8.63	0.35116723148690104
14.8	-7.4	0.3275075469778714
14.8	-6.17	0.3487213724628689
14.8	-4.93	0.3339602286671098
14.8	-3.7	0.33927759084873516
14.8	-2.47	0.3344718895864346
14.8	-1.23	0.35325220103590665
14.8	0.0	0.3507551776006368
14.8	1.23	0.3363485691656043
14.8	2.47	0.356965425573745
14.8	3.7	0.3488654067493357
14.8	4.93	0.3429896455478331
14.8	6.17	0.3370325788778562
14.8	7.4	0.3470520471963685
14.8	8.63	0.32083040323864737
14.8	9.87	0.33928347077096127
14.8	11.1	0.3506598998804525
14.8	12.33	0.3356836152278732
14.8	13.56	0.3340798083854745
14.79	14.79	0.3274823746675903
14.79	16.03	0.3341983892844547
14.79	17.25	0.33584304633355005
14.79	18.48	0.32597791213972044
14.78	19.71	0.3105224075745774
14.78	20.94	0.33034108596305767
14.78	22.17	0.3171339322682068
14.77	23.39	0.3234620631275115
14.77	24.62	0.3574693900913644
14.77	25.85	0.35753582132929185
14.78	27.09	0.3508898824637691
14.77	28.31	0.35401189267185906
14.75	29.51	0.3700013005920048
14.73	30.69	0.36722173478165726
14.71	31.87	0.32999905423195935
14.67	33.02	0.4035111966655195
14.62	34.1	0.4462689745619758
14.49	35.02	0.17688110304432822
15.79	34.0	0.5629042824811501
15.87	32.97	0.3866583313628137
15.92	31.84	0.3647755313579041
15.95	30.67	0.35364593896432284
15.97	29.48	0.382639352051975
15.99	28.3	0.3821767042507126
16.01	27.09	0.3534260403031295
16.01	25.85	0.31841975961961677
16.0	24.62	0.3573323305828179
16.0	23.39	0.3444035643657042
16.01	22.16	0.33078207719274716
16.01	20.94	0.331181670872774
16.02	19.71	0.3369463366459645
16.02	18.48	0.33313347819518685
16.02	17.25	0.3485138143113525
16.02	16.02	0.32576407640419097
16.03	14.79	0.3270458598343168
16.03	13.56	0.354247783246478
16.03	12.33	0.34171605315610654
16.03	11.1	0.34748213697417824
16.03	9.86	0.3375224632396827
16.03	8.63	0.3477993430916868
16.03	7.4	0.33655910671756634
16.03	6.17	0.3355729328340255
16.04	4.93	0.332946115272423
16.04	3.7	0.3375113241333741
16.04	2.47	0.3486430235149353
16.04	1.23	0.33657250703990543
16.04	-0.0	0.34777013120863204
16.04	-1.23	0.34929171040092477
16.04	-2.47	0.3595050819621523
16.04	-3.7	0.3436480279727505
16.04	-4.93	0.3458393167327389
16.03	-6.17	0.3430506405679496
16.03	-7.4	0.3278794305923396
16.03	-8.63	0.34316215717539506
16.03	-9.86	0.35301302009457297
16.03	-11.1	0.34846197044154864
16.03	-12.33	0.3411706378471684
16.03	-13.56	0.34413332105793515
16.03	-14.79	0.3537584488696288
16.02	-16.02	0.35156997024436626
16.02	-17.25	0.34303332752892185
16.02	-18.48	0.3451631755906737
16.02	-19.71	0.3543888927643915
16.01	-20.94	0.3520219471518856
16.01	-22.16	0.34340216734954226
16.0	-23.39	0.31399118888452193
16.0	-24.62	0.32451523854016373
16.01	-25.85	0.32619814054996443
16.01	-27.09	0.32483705976274374
15.99	-28.3	0.33476077340399873
15.97	-29.48	0.371139065414629
15.95	-30.67	0.374133269827036
15.92	-31.84	0.37846173464327704
15.87	-32.97	0.33967495338263
15.79	-34.0	0.4334409762747733
16.92	-33.85	0.7140332866577458
17.06	-32.9	0.3159761740763927
17.12	-31.8	0.3366961085486458
17.16	-30.65	0.3571340894898267
17.19	-29.46	0.34525495501328485
17.21	-28.27	0.35289159813533366
17.23	-27.08	0.32220267479912057
17.24	-25.86	0.3212304158000901
17.23	-24.62	0.3192408780170303
17.23	-23.38	0.3354232723670002
17.23	-22.16	0.3400923862812922
17.24	-20.93	0.32998785633601413
17.25	-19.71	0.3265758072613988
17.25	-18.48	0.3547368858845801
17.25	-17.25	0.36520314807041565
17.25	-16.02	0.3618866593256123
17.25	-14.79	0.3637503257110922
17.26	-13.56	0.3611406935339086
17.26	-12.33	0.3575497126068116
17.26	-11.1	0.34799259034351426
17.26	-9.86	0.3450643144823964
17.26	-8.63	0.351807397213218
17.26	-7.4	0.34745760844784973
17.26	-6.17	0.3707037050834281
17.26	-4.93	0.3450908231746437
17.27	-3.7	0.3473244696877781
17.27	-2.47	0.3501494656129728
17.27	-1.23	0.3464057526008865
17.27	0.0	0.349609160314474
17.27	1.23	0.3476221622998614
17.27	2.47	0.3476276960835581
17.27	3.7	0.34083846991829436
17.26	4.93	0.3295529920280454
17.26	6.17	0.33470505018302166
17.26	7.4	0.3367005909597848
17.26	8.63	0.3423978273362167
17.26	9.86	0.34197983329123555
17.26	11.1	0.3426651840028053
17.26	12.33	0.3327919730959161
17.26	13.56	0.33217515454985264
17.25	14.79	0.34164642034413706
17.25	16.02	0.3184526830982542
17.25	17.25	0.34178577033521146
17.25	18.48	0.32115541218590093
17.25	19.71	0.3320745569089528
17.24	20.93	0.3229408193624196
17.23	22.16	0.32492944155811687
17.23	23.38	0.3509474855253526
17.23	24.62	0.3608248387497079
17.24	25.86	0.34392398992713513
17.23	27.08	0.3646164792619238
17.21	28.27	0.3996660364251187
17.19	29.46	0.3565724759788003
17.16	30.65	0.3434013310740318
17.12	31.8	0.37180798387270386
17.06	32.9	0.4632760841328645
16.92	33.85	0.44057995205783707
18.21	32.78	0.5914860707045216
18.31	31.74	0.4060828186441411
18.37	30.61	0.3656632351865087
18.4	29.44	0.33217981524253803
18.42	28.25	0.3561809068079257
18.45	27.06	0.3801752174327114
18.47	25.85	0.35535040250336575
18.47	24.63	0.3447898955284457
18.46	23.39	0.33891106238143937
18.46	22.15	0.34905094190940533
18.47	20.93	0.3426380995372273
18.47	19.7	0.3233172882366139
18.48	18.48	0.3538865701902509
18.48	17.25	0.3147834177001461
18.48	16.02	0.331721999354794
18.48	14.79	0.34608766694107207
18.49	13.56	0.34289107819992787
18.49	12.33	0.3631289000411908
18.49	11.1	0.3239118243907713
18.49	9.86	0.3400348530164694
18.49	8.63	0.3362359902360255
18.49	7.4	0.3350979177723858
18.49	6.16	0.3604772962865
18.5	4.93	0.3467482554986017
18.5	3.7	0.33816298967748193
18.5	2.47	0.3282065623212861
18.5	1.23	0.343492415442077
18.5	-0.0	0.35236393269537647
18.5	-1.23	0.3394661379194925
18.5	-2.47	0.3330322014589709
18.5	-3.7	0.3322285359872864
18.5	-4.93	0.3382224539482476
18.49	-6.16	0.34215824901742814
18.49	-7.4	0.3387425804482457
18.49	-8.63	0.3531578082766474
18.49	-9.86	0.3512399493273174
18.49	-11.1	0.3472966995364358
18.49	-12.33	0.367625187003814
18.49	-13.56	0.3646874105635114
18.48	-14.79	0.3437081018490128
18.48	-16.02	0.3554522766507955
18.48	-17.25	0.3389705179440401
18.48	-18.48	0.3358929914428826
18.47	-19.7	0.3463665773922935
18.47	-20.93	0.3186271469975968
18.46	-22.15	0.3143318085196635
18.46	-23.39	0.319554042218352
18.47	-24.63	0.32185464944742576
18.47	-25.85	0.3390849399194827
18.45	-27.06	0.35063353110964784
18.42	-28.25	0.35090269473756597
18.4	-29.44	0.3567235695092479
18.37	-30.61	0.3303150674103721
18.31	-31.74	0.34302853368182074
18.21	-32.78	0.4122238925662839
19.32	-32.6	0.5043567153267687
19.48	-31.66	0.34709131155910966
19.56	-30.56	0.32022672176194467
19.61	-29.41	0.344796079485979
19.63	-28.22	0.35467553986230405
19.66	-27.03	0.3550646808947564
19.68	-25.84	0.344764270396183
19.7	-24.62	0.31987997022003384
19.7	-23.39	0.3222132920578853
19.69	-22.16	0.310614577003956
19.69	-20.92	0.32317083701697225
19.7	-19.7	0.33366760417048386
19.7	-18.47	0.3566523583941508
19.71	-17.25	0.35176860568341767
19.71	-16.02	0.3363537591725917
19.71	-14.78	0.34053782485341116
19.71	-13.55	0.35868905629874986
19.72	-12.32	0.35719171582482323
19.72	-11.09	0.36430308750927237
19.72	-9.86	0.34998407022670436
19.72	-8.63	0.3652838724284199
19.73	-7.4	0.34882592454657024
19.73	-6.16	0.32903761265839593
19.73	-4.93	0.34876404415602097
19.73	-3.7	0.36422321743651304
19.73	-2.47	0.3339416596382195
19.73	-1.23	0.3606086610258766
19.73	0.0	0.3523314474090251
19.73	1.23	0.3336205710738991
19.73	2.47	0.3445603372671907
19.73	3.7	0.34824300191909396
19.73	4.93	0.3334068022973458
19.73	6.16	0.3413969421236838
19.73	7.4	0.33807970600364806
19.72	8.63	0.32986111192215367
19.72	9.86	0.34488210010788645
19.72	11.09	0.3322516328872312
19.72	12.32	0.33672983583188415
19.71	13.55	0.336705848590682
19.71	14.78	0.32909656386088326
19.71	16.02	0.3253274231983978
19.71	17.25	0.34496736309617704
19.7	18.47	0.32504631711583615
19.7	19.7	0.34300997937722905
19.69	20.92	0.355096202311239
19.69	22.16	0.33657936068013633
19.7	23.39	0.3549473188755636
19.7	24.62	0.34455148319639606
19.68	25.84	0.36375708664933976
19.66	27.03	0.37701580953969827
19.63	28.22	0.3634704349998181
19.61	29.41	0.35466281754617834
19.56	30.56	0.3680943746662487
19.48	31.66	0.46595242299791984
19.32	32.6	0.22143629056501563
20.61	31.52	0.5248987296612144
20.73	30.49	0.4169287539984313
20.8	29.36	0.3651638614820639
20.84	28.2	0.33930680903214405
20.87	27.01	0.3601490160097481
20.89	25.81	0.355029957815496
20.92	24.61	0.37814532391965
20.93	23.39	0.3524691107322117
20.93	22.16	0.3508358061849383
20.92	20.92	0.343671778108921
20.92	19.69	0.3174458329292486
20.93	18.47	0.3436487431628653
20.93	17.24	0.33171221816767227
20.94	16.01	0.3289649737137573
20.94	14.78	0.30639339972300844
20.94	13.55	0.3142923077618061
20.94	12.32	0.31974307284612175
20.95	11.09	0.3250060985007254
20.95	9.86	0.3402496969406895
20.95	8.63	0.32907497770835964
20.95	7.4	0.3368921526694952
20.96	6.16	0.3342569842925584
20.96	4.93	0.33138922735274773
20.96	3.7	0.3468613807198601
20.96	2.47	0.3424079864063084
20.96	1.23	0.3353097365379008
20.96	-0.0	0.3348716583392705
20.96	-1.23	0.3452799646992704
20.96	-2.47	0.3448240686765759
20.96	-3.7	0.3361694754430868
20.96	-4.93	0.3427335279204667
20.96	-6.16	0.3683782193375178
20.95	-7.4	0.3523548777385293
20.95	-8.63	0.3551611852826502
20.95	-9.86	0.347919541435717
20.95	-11.09	0.3508023177713647
20.94	-12.32	0.3362696996246207
20.94	-13.55	0.3684358045005152
20.94	-14.78	0.3418315162569461
20.94	-16.01	0.346275517372823
20.93	-17.24	0.33369378971622504
20.93	-18.47	0.33598770813589685
20.92	-19.69	0.3163454126706821
20.92	-20.92	0.3165729194772035
20.93	-22.16	0.3284595404016436
20.93	-23.39	0.33630485080292505
20.92	-24.61	0.3426812436736255
20.89	-25.81	0.35118449271600577
20.87	-27.01	0.3530640644195296
20.84	-28.2	0.3413321112371962
20.8	-29.36	0.33185823658117597
20.73	-30.49	0.3307553451017199
20.61	-31.52	0.4034470420365468
21.63	-31.24	0.5859555823693011
21.87	-30.38	0.37908349556263476
21.97	-29.3	0.2970532736607144
22.04	-28.16	0.3302737840990211
22.07	-26.98	0.3467793991034087
22.1	-25.78	0.351968116220031
22.13	-24.59	0.35808053716195004
22.15	-23.38	0.33963050688105745
22.16	-22.16	0.33116680796920894
22.16	-20.93	0.3205924687813648
22.16	-19.69	0.3188769172722155
22.15	-18.46	0.33628942945732887
22.16	-17.23	0.35101446287016197
22.16	-16.01	0.3338366008707674
22.17	-14.78	0.34851439251778543
22.17	-13.55	0.35519820454634043
22.18	-12.32	0.3496429723594832
22.18	-11.09	0.3476050606089018
22.18	-9.86	0.32211201536157796
22.18	-8.62	0.3528403622491286
22.18	-7.39	0.37096937976134475
22.18	-6.16	0.3385810987405069
22.18	-4.93	0.34914937910418353
22.19	-3.7	0.33494047881878536
22.19	-2.47	0.35537796639918284
22.19	-1.23	0.35190350336911896
22.19	0.0	0.34264575517842194
22.19	1.23	0.33957622172279883
22.19	2.47	0.3435714675245887
22.19	3.7	0.3463287801694759
22.18	4.93	0.33247311749459774
22.18	6.16	0.3368576654664518
22.18	7.39	0.3298021853489872
22.18	8.62	0.34361913705321134
22.18	9.86	0.34033163193072097
22.18	11.09	0.3147493198858107
22.18	12.32	0.3000920644743072
22.17	13.55	0.32213809312523467
22.17	14.78	0.3348482277037111
22.16	16.01	0.33925518584586634
22.16	17.23	0.35325954365569845
22.15	18.46	0.3457670780972143
22.16	19.69	0.353176307724572
22.16	20.93	0.34517798154871293
22.16	22.16	0.3375768871160517
22.15	23.38	0.36543935372779657
22.13	24.59	0.3750036337651936
22.1	25.78	0.37015993703314687
22.07	26.98	0.339225434621697
22.04	28.16	0.34439687407502184
21.97	29.3	0.38276851019472236
21.87	30.38	0.47926960072171976
21.63	31.24	0.4520019502655207
22.94	30.18	0.8999999999926429
23.12	29.2	0.482255965136848
23.21	28.1	0.4155958719543623
23.27	26.94	0.3553922177536527
23.31	25.76	0.3557021582558759
23.33	24.56	0.3896623104343475
23.36	23.36	0.3707426702180812
23.38	22.15	0.3430146546372389
23.39	20.93	0.37593064839731993
23.39	19.7	0.3647406816463512
23.39	18.46	0.3437737817809589
23.38	17.23	0.32854937864693495
23.39	16.0	0.35192364459496317
23.39	14.77	0.33118328036542855
23.4	13.55	0.31714453976305734
23.4	12.32	0.3238846777847312
23.41	11.09	0.3182879141841655
23.41	9.86	0.29499624041850925
23.41	8.62	0.31811342760209865
23.41	7.39	0.3497289331982411
23.41	6.16	0.3602006622458883
23.41	4.93	0.3607203799988971
23.41	3.7	0.35047281395645125
23.41	2.46	0.34277874509891576
23.41	1.23	0.34298135862993373
23.41	-0.0	0.3494484590043187
23.41	-1.23	0.35537087639959497
23.41	-2.46	0.3518831493205397
23.41	-3.7	0.3448027577032418
23.41	-4.93	0.34978214984476813
23.41	-6.16	0.35969735435361394
23.41	-7.39	0.3536146326148455
23.41	-8.62	0.35934388992997635
23.41	-9.86	0.3372618260782487
23.41	-11.09	0.3476849999226808
23.4	-12.32	0.33407699689247644
23.4	-13.55	0.3400543546035704
23.39	-14.77	0.33441579029628965
23.39	-16.0	0.3303432088165142
23.38	-17.23	0.3356925958057662
23.39	-18.46	0.3171294307273604
23.39	-19.7	0.3250467701700872
23.39	-20.93	0.3286847006579475
23.38	-22.15	0.3241866037930933
23.36	-23.36	0.3351047038435305
23.33	-24.56	0.3332774511816048
23.31	-25.76	0.3514311519189578
23.27	-26.94	0.3295670758743501
23.21	-28.1	0.3101094756075574
23.12	-29.2	0.36459147051904683
22.94	-30.18	0.46051986154211366
24.2	-29.04	0.3569934718792649
24.36	-28.01	0.3389095152374176
24.44	-26.89	0.30751528935532724
24.5	-25.72	0.30997502798947574
24.53	-24.53	0.3296025967698839
24.56	-23.33	0.3397113955930522
24.59	-22.13	0.3422333203238363
24.61	-20.92	0.33938641301429934
24.62	-19.7	0.32952580111890095
24.63	-18.47	0.340362774797901
24.62	-17.23	0.3368988845230708
24.62	-16.0	0.33058470675272966
24.62	-14.77	0.347521873239409
24.62	-13.54	0.330178150790593
24.63	-12.31	0.34973740803920556
24.63	-11.08	0.32841912481833035
24.63	-9.85	0.31915823026602835
24.64	-8.62	0.3490905671549804
24.64	-7.39	0.3394594094077285
24.64	-6.16	0.3542906900885703
24.64	-4.93	0.3589147495458759
24.64	-3.7	0.3570728403573654
24.64	-2.46	0.34710562854208565
24.64	-1.23	0.3610495450825082
24.64	0.0	0.3459244981716537
24.64	1.23	0.36599660552006424
24.64	2.46	0.34768385689282083
24.64	3.7	0.3409946936375757
24.64	4.93	0.3160055631383288
24.64	6.16	0.3050804982719932
24.64	7.39	0.32603263570771485
24.64	8.62	0.33264726485571916
24.63	9.85	0.32390521236827574
24.63	11.08	0.3411203644897796
24.63	12.31	0.32236888406130904
24.62	13.54	0.32535666691980125
24.62	14.77	0.3356428814147836
24.62	16.0	0.34909393853205983
24.62	17.23	0.34462052489532935
24.63	18.47	0.3750215240757973
24.62	19.7	0.3533456001276199
24.61	20.92	0.35966848023550274
24.59	22.13	0.3714987304891786
24.56	23.33	0.3827555584866892
24.53	24.53	0.3544578447428054
24.5	25.72	0.3386908158227443
24.44	26.89	0.39761891968467566
24.36	28.01	0.41154464481059516
24.2	29.04	0.7225149389706269
25.43	27.86	0.5383380313044629
25.59	26.8	0.3913292490892918
25.67	25.67	0.37725152002748386
25.72	24.5	0.34037624423541946
25.76	23.31	0.33648639123135793
25.78	22.1	0.34908241737085616
25.81	20.89	0.3684496472480084
25.84	19.68	0.36269607220499
25.85	18.47	0.361970257260855
25.86	17.24	0.3596114381425301
25.85	16.01	0.3563229252073643
25.85	14.77	0.340251575719587
25.85	13.54	0.3489394908125816
25.85	12.31	0.3369134029773183
25.85	11.08	0.3316113266349325
25.85	9.85	0.3281674393712174
25.86	8.62	0.3254715478070409
25.86	7.39	0.31630787099611746
25.87	6.16	0.33101152392926003
25.87	4.93	0.3362591837353763
25.87	3.7	0.3092472533219571
25.87	2.46	0.31598808944644463
25.87	1.23	0.3308224665619777
25.87	-0.0	0.31972715300689086
25.87	-1.23	0.3366526474231104
25.87	-2.46	0.3376910397335079
25.87	-3.7	0.3293398025129845
25.87	-4.93	0.3236650919920457
25.87	-6.16	0.31537555845671333
25.86	-7.39	0.3350936731537046
25.86	-8.62	0.3319584842115577
25.85	-9.85	0.3295056154495937
25.85	-11.08	0.32490018298585877
25.85	-12.31	0.3347508114810937
25.85	-13.54	0.31962298775031367
25.85	-14.77	0.3344847443792937
25.85	-16.01	0.31939612074181856
25.86	-17.24	0.32699493217441994
25.85	-18.47	0.32967514411989357
25.84	-19.68	0.3174657439029945
25.81	-20.89	0.3294235079627256
25.78	-22.1	0.3213207040586274
25.76	-23.31	0.3209088366603375
25.72	-24.5	0.3251205949257786
25.67	-25.67	0.30962599052736484
25.59	-26.8	0.3173882470305296
25.43	-27.86	0.3438603917571055
26.65	-26.65	0.3331470364041913
26.8	-25.59	0.3063694618248219
26.89	-24.44	0.3107353173328876
26.94	-23.27	0.3242551427572745
26.98	-22.07	0.3158275634973474
27.01	-20.87	0.3062290682001918
27.03	-19.66	0.313349666735137
27.06	-18.45	0.3259412711540515
27.08	-17.23	0.3271322030792491
27.09	-16.01	0.3337069075085177
27.09	-14.78	0.3263330286659728
27.08	-13.54	0.32287634024966366
27.08	-12.31	0.33148845646219
27.08	-11.08	0.33442234457667397
27.08	-9.85	0.3218990771562095
27.08	-8.62	0.3256423792683788
27.08	-7.39	0.3247507957391832
27.08	-6.16	0.33411977025484135
27.09	-4.93	0.3520670700273999
27.09	-3.69	0.3377187728124431
27.09	-2.46	0.32708568406592137
27.09	-1.23	0.32745206033710783
27.09	0.0	0.33327467704875047
27.09	1.23	0.3361530931089761
27.09	2.46	0.3331606968551193
27.09	3.69	0.34484543359435293
27.09	4.93	0.32674452823735445
27.08	6.16	0.33008155087992147
27.08	7.39	0.35025968520930734
27.08	8.62	0.34162759424961947
27.08	9.85	0.3325157099403356
27.08	11.08	0.3348206710487958
27.08	12.31	0.3416761865089472
27.08	13.54	0.34332855704212967
27.09	14.78	0.34369034305392776
27.09	16.01	0.3718976853002632
27.08	17.23	0.3765061223665116
27.06	18.45	0.33864812131766986
27.03	19.66	0.3623702037807334
27.01	20.87	0.3511905547446366
26.98	22.07	0.3481405001739367
26.94	23.27	0.3223484331560751
26.89	24.44	0.34817020031350837
26.8	25.59	0.40203013245496266
26.65	26.65	0.5258638958381877
27.86	25.43	0.49248240644836805
28.01	24.36	0.4216561186896418
28.1	23.21	0.39862660889492074
28.16	22.04	0.3065690802446762
28.2	20.84	0.3174613116835139
28.22	19.63	0.33665241915218647
28.25	18.42	0.34972237576559856
28.27	17.21	0.37939068728480874
28.3	15.99	0.3517498750335149
28.31	14.77	0.3497678883150103
28.32	13.54	0.3594027139840702
28.32	12.31	0.34526419343002174
28.32	11.08	0.3513425838000856
28.31	9.85	0.3263146758617411
28.31	8.62	0.3374975494301246
28.31	7.38	0.355946937723472
28.31	6.15	0.3494647026355574
28.31	4.92	0.32607291347316036
28.31	3.69	0.3145799561286208
28.31	2.46	0.3408919397601477
28.31	1.23	0.33642121543699655
28.31	-0.0	0.3289388278818724
28.31	-1.23	0.34078752837243387
28.31	-2.46	0.34018561067373293
28.31	-3.69	0.3268330522634157
28.31	-4.92	0.3292613625779639
28.31	-6.15	0.30727721367153576
28.31	-7.38	0.32135303826820194
28.31	-8.62	0.3261413643913983
28.31	-9.85	0.32561303279195986
28.32	-11.08	0.3268331865570869
28.32	-12.31	0.314481134557789
28.32	-13.54	0.3313656859190793
28.31	-14.77	0.3098251428838254
28.3	-15.99	0.3172597614479441
28.27	-17.21	0.30522999424387903
28.25	-18.42	0.31486525969181833
28.22	-19.63	0.30766017361589065
28.2	-20.84	0.2993358894160857
28.16	-22.04	0.2923880900610596
28.1	-23.21	0.30137241763906064
28.01	-24.36	0.2863536283303175
27.86	-25.43	0.32493629149415737
29.04	-24.2	0.3406488963705131
29.2	-23.12	0.2926029229932684
29.3	-21.97	0.29951851121950457
29.36	-20.8	0.30877945176153354
29.41	-19.61	0.30863999094531264
29.44	-18.4	0.31483891079263315
29.46	-17.19	0.3135376345830647
29.48	-15.97	0.2969087212796648
29.51	-14.75	0.32032074628255197
29.53	-13.53	0.31545281719651486
29.54	-12.31	0.3182757815524938
29.55	-11.08	0.3459820409407272
29.55	-9.85	0.3208796005948819
29.55	-8.62	0.3267758146137501
29.55	-7.39	0.3236598842372919
29.55	-6.16	0.33018637429355047
29.54	-4.92	0.32868558536888964
29.54	-3.69	0.33000984097246844
29.54	-2.46	0.3433520774627171
29.54	-1.23	0.3266134243040357
29.54	0.0	0.3239475313035838
29.54	1.23	0.34971995355346985
29.54	2.46	0.33027881556501915
29.54	3.69	0.33184598032012574
29.54	4.92	0.33096294233076334
29.55	6.16	0.3461221380578191
29.55	7.39	0.3379002653797271
29.55	8.62	0.34630236447428075
29.55	9.85	0.3491467076232516
29.55	11.08	0.36823029447012745
29.54	12.31	0.34561257673234225
29.53	13.53	0.36646778882430614
29.51	14.75	0.36689349965069556
29.48	15.97	0.3499882247650025
29.46	17.19	0.3641771397872811
29.44	18.4	0.34167779849900026
29.41	19.61	0.3277026598682221
29.36	20.8	0.31710869260183305
29.3	21.97	0.3665549079816074
29.2	23.12	0.38402293248678043
29.04	24.2	0.5471973152676984
30.18	22.94	0.5156564203039561
30.38	21.87	0.43256630908515137
30.49	20.73	0.36923933642670625
30.56	19.56	0.3584870626870017
30.61	18.37	0.3562055905084692
30.65	17.16	0.32673969393682417
30.67	15.95	0.3648428626874286
30.69	14.73	0.34350278772315695
30.71	13.51	0.3720622809217611
30.73	12.29	0.37135213902231573
30.75	11.07	0.35523157512681364
30.76	9.84	0.3638615376309472
30.77	8.62	0.3399950641107597
30.78	7.39	0.3376623948254091
30.78	6.16	0.33095683066717346
30.78	4.93	0.34739070967065644
30.78	3.69	0.3374895493549183
30.78	2.46	0.3323082831097977
30.78	1.23	0.330015180698708
30.78	-0.0	0.32333933237325435
30.78	-1.23	0.3236988403687648
30.78	-2.46	0.3361408117971383
30.78	-3.69	0.3311903111044596
30.78	-4.93	0.33635375321265254
30.78	-6.16	0.3513291605084354
30.78	-7.39	0.3125707226393736
30.77	-8.62	0.32074067953561874
30.76	-9.84	0.3289526350891331
30.75	-11.07	0.3093182181562819
30.73	-12.29	0.31024603860495814
30.71	-13.51	0.30869930396229595
30.69	-14.73	0.307196410111636
30.67	-15.95	0.29821435046963984
30.65	-17.16	0.2949558199700292
30.61	-18.37	0.29258913729655556
30.56	-19.56	0.2940374087253697
30.49	-20.73	0.2826765048319293
30.38	-21.87	0.2901349413437463
30.18	-22.94	0.36316110121436507
31.24	-21.63	0.49174958536118907
31.52	-20.61	0.3181042595603265
31.66	-19.48	0.2828396266474915
31.74	-18.31	0.26880487955508137
31.8	-17.12	0.28900238567318004
31.84	-15.92	0.29193160132825136
31.87	-14.71	0.29082337797277724
31.9	-13.49	0.28687092848150386
31.91	-12.27	0.30015352990641475
31.93	-11.05	0.303911531853583
31.95	-9.83	0.31874017212072847
31.96	-8.6	0.3320109839403224
31.97	-7.38	0.3212093601800063
31.98	-6.15	0.33280948996747123
31.99	-4.92	0.3325108802203483
32.0	-3.69	0.326031206887565
32.0	-2.46	0.32718389145873283
32.0	-1.23	0.32938852114689376
32.0	0.0	0.3286037742995727
32.0	1.23	0.33863466328878733
32.0	2.46	0.3484386512779171
32.0	3.69	0.34544203511474486
31.99	4.92	0.3519352831542917
31.98	6.15	0.35671429357769674
31.97	7.38	0.353715060347776
31.96	8.6	0.33625366871711926
31.95	9.83	0.36261189776482006
31.93	11.05	0.3725041974696456
31.91	12.27	0.35454434183606853
31.9	13.49	0.3645664718718252
31.87	14.71	0.3396938150633953
31.84	15.92	0.3364783983030693
31.8	17.12	0.3576430448881801
31.74	18.31	0.36798264088854193
31.66	19.48	0.40752512444867695
31.52	20.61	0.4857975247650168
31.24	21.63	0.6719088130415496
32.6	19.32	0.5036887743410021
32.78	18.21	0.4732828962509936
32.9	17.06	0.3755375625660655
32.97	15.87	0.37130350315995553
33.02	14.67	0.3710536295524888
33.06	13.47	0.3425147610489401
33.09	12.25	0.32984096990793854
33.11	11.04	0.36970515195109954
33.13	9.82	0.3580262179704774
33.14	8.59	0.35164837818553907
33.15	7.37	0.3666387664251708
33.16	6.14	0.35348985506691294
33.17	4.91	0.33971112543442233
33.18	3.69	0.34011755083486
33.18	2.46	0.3707902326897938
33.18	1.23	0.3541699816629539
33.19	-0.0	0.33818171158475846
33.18	-1.23	0.33880662985470755
33.18	-2.46	0.327158987312779
33.18	-3.69	0.3455346827166981
33.17	-4.91	0.3217616046893667
33.16	-6.14	0.319555753544141
33.15	-7.37	0.32861993230396735
33.14	-8.59	0.3281127218494108
33.13	-9.82	0.32151490588539333
33.11	-11.04	0.3026025825983846
33.09	-12.25	0.2962276037200027
33.06	-13.47	0.31603173635958065
33.02	-14.67	0.29072779007856575
32.97	-15.87	0.2796656230683465
32.9	-17.06	0.27700530464229045
32.78	-18.21	0.3170738380593864
32.6	-19.32	0.40954111916304703
33.85	-16.92	0.4317216768002706
34.0	-15.79	0.34960656902231013
34.1	-14.62	0.314487437632532
34.17	-13.42	0.2832926934899277
34.22	-12.22	0.302841992302208
34.26	-11.01	0.32460665188480264
34.29	-9.8	0.3143915934171638
34.31	-8.58	0.31863722929588334
34.33	-7.36	0.32935666752989634
34.34	-6.13	0.3279970146650958
34.35	-4.91	0.32081094058816695
34.35	-3.68	0.35389767603928535
34.36	-2.45	0.3432887646690552
34.36	-1.23	0.3271360333419065
34.36	0.0	0.3440899579272015
34.36	1.23	0.336317978750613
34.36	2.45	0.33675441195821565
34.35	3.68	0.33901118756436877
34.35	4.91	0.35444412585110896
34.34	6.13	0.3596501463024264
34.33	7.36	0.3362189190970166
34.31	8.58	0.337389852767949
34.29	9.8	0.32831560887147115
34.26	11.01	0.35100316239868457
34.22	12.22	0.3812615534013254
34.17	13.42	0.347856358003542
34.1	14.62	0.3941236357249359
34.0	15.79	0.4353616719430601
33.85	16.92	0.5321181940027467
35.02	14.49	0.48653323093390066
35.17	13.34	0.4622207552776665
35.27	12.16	0.4055904972415928
35.34	10.97	0.3488151749941263
35.39	9.76	0.3508752712244848
35.43	8.55	0.35596965265345637
35.46	7.34	0.3722233554301221
35.48	6.12	0.3478027599030843
35.49	4.9	0.33590311278311696
35.51	3.67	0.34487858536767857
35.52	2.45	0.35495691451739464
35.52	1.22	0.3516467274334836
35.52	-0.0	0.3502519055993646
35.52	-1.22	0.33974384826146
35.52	-2.45	0.34457608995721856
35.51	-3.67	0.34823418509760584
35.49	-4.9	0.34574315332207595
35.48	-6.12	0.3142488634520517
35.46	-7.34	0.3028789504798851
35.43	-8.55	0.3403191702419302
35.39	-9.76	0.365873049937005
35.34	-10.97	0.3853871349382928
35.27	-12.16	0.37748119911913425
35.17	-13.34	0.3571536535733435
35.02	-14.49	0.39267991790225065
36.05	-12.02	0.4325551240795712
36.26	-10.88	0.35919458467342624
36.37	-9.7	0.34125786637083994
36.45	-8.51	0.32000326511004157
36.51	-7.3	0.32093138695113593
36.55	-6.09	0.3600364101557292
36.58	-4.88	0.3688582338604599
36.6	-3.66	0.34389130766419074
36.61	-2.44	0.34610784214481694
36.62	-1.22	0.3266679297861561
36.62	0.0	0.34506004775027266
36.62	1.22	0.3432852502869074
36.61	2.44	0.3405982728400706
36.6	3.66	0.34560737377361006
36.58	4.88	0.32614818443376575
36.55	6.09	0.34767683817951395
36.51	7.3	0.3535232976031619
36.45	8.51	0.35184408794980193
36.37	9.7	0.40461991748145965
36.26	10.88	0.4529015092575991
36.05	12.02	0.5271464695592112
37.3	7.22	0.4501299296387944
37.42	6.04	0.431182891487662
37.5	4.84	0.3966605794908795
37.55	3.63	0.37728643820672514
37.58	2.42	0.3385724972211911
37.6	1.21	0.3459686549556267
37.6	-0.0	0.3489700855970932
37.6	-1.21	0.3228351677801038
37.58	-2.42	0.3277006726981282
37.55	-3.63	0.33066537365596427
37.5	-4.84	0.3434989240499583
37.42	-6.04	0.3589644409314291
37.3	-7.22	0.36180000710357874
