-37.3	-7.22	0.39312638064767536
-37.42	-6.04	0.35466493891712825
-37.5	-4.84	0.34082456559548213
-37.55	-3.63	0.3229634675192833
-37.58	-2.42	0.32975839921336836
-37.6	-1.21	0.3298961196977522
-37.6	0.0	0.3384004824799971
-37.6	1.21	0.3339639078612767
-37.58	2.42	0.3331947503756503
-37.55	3.63	0.3347183615863082
-37.5	4.84	0.36373615158591643
-37.42	6.04	0.3664821659438169
-37.3	7.22	0.38982147913200904
-36.05	12.02	0.4942055200972967
-36.26	10.88	0.407201053373347
-36.37	9.7	0.37669612556821275
-36.45	8.51	0.3627172113538323
-36.51	7.3	0.3366586229921942
-36.55	6.09	0.33591386558706104
-36.58	4.88	0.3465698986445982
-36.6	3.66	0.35027711888632884
-36.61	2.44	0.3475953958840168
-36.62	1.22	0.3326293349441627
-36.62	-0.0	0.3649868583568082
-36.62	-1.22	0.3633539670002628
-36.61	-2.44	0.3527930609481471
-36.6	-3.66	0.35969066315740317
-36.58	-4.88	0.3719724145415324
-36.55	-6.09	0.34173470099091496
-36.51	-7.3	0.3526129961338996
-36.45	-8.51	0.3230468132022333
-36.37	-9.7	0.3570366607434966
-36.26	-10.88	0.37934732987653796
-36.05	-12.02	0.46118629102884345
-35.02	-14.49	0.4448153475346509
-35.17	-13.34	0.38923711025379404
-35.27	-12.16	0.3453126869523576
-35.34	-10.97	0.36632126459601266
-35.39	-9.76	0.35858154258386954
-35.43	-8.55	0.3465526473277516
-35.46	-7.34	0.3348062815937284
-35.48	-6.12	0.3331541787401445
-35.49	-4.9	0.34030509560478556
-35.51	-3.67	0.32423473898691846
-35.52	-2.45	0.34980320480721827
-35.52	-1.22	0.36914312635684066
-35.52	0.0	0.3562965973909408
-35.52	1.22	0.35093665477930525
-35.52	2.45	0.3502080852151621
-35.51	3.67	0.3331756042406915
-35.49	4.9	0.33535810882785744
-35.48	6.12	0.3448315404978286
-35.46	7.34	0.35066595642183906
-35.43	8.55	0.3934106256287615
-35.39	9.76	0.3672882465909463
-35.34	10.97	0.362816087402576
-35.27	12.16	0.38469385751113183
-35.17	13.34	0.42335259613738074
-35.02	14.49	0.49255640056103855
-33.85	16.92	0.4993882643912616
-34.0	15.79	0.43095776805890296
-34.1	14.62	0.3763246646574615
-34.17	13.42	0.386805698734492
-34.22	12.22	0.4203039263928561
-34.26	11.01	0.3635925147823932
-34.29	9.8	0.35122159099725736
-34.31	8.58	0.34194045126923306
-34.33	7.36	0.37944325542568325
-34.34	6.13	0.3523935782227019
-34.35	4.91	0.3400859064332836
-34.35	3.68	0.3354720640223332
-34.36	2.45	0.32054654843434466
-34.36	1.23	0.3443048844480779
-34.36	-0.0	0.3361217782966991
-34.36	-1.23	0.33117647502309744
-34.36	-2.45	0.3332807760529901
-34.35	-3.68	0.3399523578688624
-34.35	-4.91	0.31862060550506877
-34.34	-6.13	0.3321886043112797
-34.33	-7.36	0.3196005523653343
-34.31	-8.58	0.3073365050624204
-34.29	-9.8	0.30634171980965635
-34.26	-11.01	0.3068853850516824
-34.22	-12.22	0.2914872476264335
-34.17	-13.42	0.2770365941521735
-34.1	-14.62	0.3144004282429763
-34.0	-15.79	0.3506232738417274
-33.85	-16.92	0.4666508439445065
-32.6	-19.32	0.4770123987677507
-32.78	-18.21	0.33012015359022606
-32.9	-17.06	0.30713213335124023
-32.97	-15.87	0.2899126335329052
-33.02	-14.67	0.30734344714147827
-33.06	-13.47	0.3052726510243632
-33.09	-12.25	0.3184108455045155
-33.11	-11.04	0.2841448553883432
-33.13	-9.82	0.3007265844598537
-33.14	-8.59	0.30540960323222915
-33.15	-7.37	0.31018726811086333
-33.16	-6.14	0.32646654951448334
-33.17	-4.91	0.32414864762533335
-33.18	-3.69	0.32207673590011526
-33.18	-2.46	0.3319860904283554
-33.18	-1.23	0.3405589204619359
-33.19	0.0	0.34486668656776237
-33.18	1.23	0.31385561737313955
-33.18	2.46	0.3330584542949534
-33.18	3.69	0.33621581451043236
-33.17	4.91	0.3320026479752781
-33.16	6.14	0.33832426696586027
-33.15	7.37	0.32479207398715204
-33.14	8.59	0.3534359034248512
-33.13	9.82	0.3544322773837584
-33.11	11.04	0.358647251140622
-33.09	12.25	0.34189074084500115
-33.06	13.47	0.3375440543742326
-33.02	14.67	0.3815455724701592
-32.97	15.87	0.3977269419758126
-32.9	17.06	0.38957081709988917
-32.78	18.21	0.4596568780401631
-32.6	19.32	0.48386642745641906
-31.24	21.63	0.2327994886430175
-31.52	20.61	0.46037102366215266
-31.66	19.48	0.3891495906642214
-31.74	18.31	0.4124544601161818
-31.8	17.12	0.3564362786473253
-31.84	15.92	0.3379680174044578
-31.87	14.71	0.35616892116216814
-31.9	13.49	0.34770000661769807
-31.91	12.27	0.35642192754973817
-31.93	11.05	0.3684462076035898
-31.95	9.83	0.3572670272539208
-31.96	8.6	0.33920561600379745
-31.97	7.38	0.3326475700873903
-31.98	6.15	0.3257790050802319
-31.99	4.92	0.3406887838696801
-32.0	3.69	0.3443047008813428
-32.0	2.46	0.3285423801074116
-32.0	1.23	0.3182585474549858
-32.0	-0.0	0.3268012092856188
-32.0	-1.23	0.31431151413204284
-32.0	-2.46	0.32135534331102894
-32.0	-3.69	0.3262930075698069
-31.99	-4.92	0.3171744231240348
-31.98	-6.15	0.3125498601139357
-31.97	-7.38	0.3092994883899264
-31.96	-8.6	0.2999669389886864
-31.95	-9.83	0.32209943114431105
-31.93	-11.05	0.32219519528201407
-31.91	-12.27	0.30409990627069156
-31.9	-13.49	0.29273035735395664
-31.87	-14.71	0.28364614582739167
-31.84	-15.92	0.30297736362631406
-31.8	-17.12	0.29113187704225935
-31.74	-18.31	0.28982675773949707
-31.66	-19.48	0.31138693897005104
-31.52	-20.61	0.35696016493692395
-31.24	-21.63	0.5272484211344681
-30.18	-22.94	0.44721281624384124
-30.38	-21.87	0.32100155104635075
-30.49	-20.73	0.30463236819781747
-30.56	-19.56	0.31051412429563907
-30.61	-18.37	0.2934138622838959
-30.65	-17.16	0.3011271338925912
-30.67	-15.95	0.3023147443987697
-30.69	-14.73	0.3050012184747723
-30.71	-13.51	0.3087984575781706
-30.73	-12.29	0.3168280854706708
-30.75	-11.07	0.3066239455859532
-30.76	-9.84	0.31536710907620374
-30.77	-8.62	0.32207124068361054
-30.78	-7.39	0.3187376916090699
-30.78	-6.16	0.33796789883915945
-30.78	-4.93	0.31057720904325853
-30.78	-3.69	0.341872192667417
-30.78	-2.46	0.33127134611500275
-30.78	-1.23	0.32851595815249685
-30.78	0.0	0.3341590315204393
-30.78	1.23	0.3239399518842413
-30.78	2.46	0.3482928299766803
-30.78	3.69	0.32257279234722663
-30.78	4.93	0.311193907594332
-30.78	6.16	0.31131417412349577
-30.78	7.39	0.3339978175337826
-30.77	8.62	0.3474259468634139
-30.76	9.84	0.3370241789367733
-30.75	11.07	0.3639699002071105
-30.73	12.29	0.3561020062508486
-30.71	13.51	0.3596788148770993
-30.69	14.73	0.3870007516877981
-30.67	15.95	0.3807097166881691
-30.65	17.16	0.33836136560701935
-30.61	18.37	0.34044984599080746
-30.56	19.56	0.40886988352047315
-30.49	20.73	0.38498710653627555
-30.38	21.87	0.4314765121710672
-30.18	22.94	0.49655155905986115
-29.04	24.2	0.5481499217561545
-29.2	23.12	0.3924420221780379
-29.3	21.97	0.39448243189733123
-29.36	20.8	0.35367208583280363
-29.41	19.61	0.3411357474383765
-29.44	18.4	0.342381456836251
-29.46	17.19	0.37843879741419784
-29.48	15.97	0.3795264995991423
-29.51	14.75	0.3433539037906589
-29.53	13.53	0.30782373971127025
-29.54	12.31	0.3374387534049633
-29.55	11.08	0.34258906601022465
-29.55	9.85	0.33849067810235756
-29.55	8.62	0.3530545198601924
-29.55	7.39	0.32954539219253476
-29.55	6.16	0.3208624789766247
-29.54	4.92	0.3215897353994912
-29.54	3.69	0.3410404467722284
-29.54	2.46	0.3238553438712559
-29.54	1.23	0.3062044776364302
-29.54	-0.0	0.3072444721800844
-29.54	-1.23	0.3191725401774558
-29.54	-2.46	0.32465066025561096
-29.54	-3.69	0.3173191910059578
-29.54	-4.92	0.33205513138819975
-29.55	-6.16	0.3057726822818798
-29.55	-7.39	0.32858091475204787
-29.55	-8.62	0.3303991600373485
-29.55	-9.85	0.3163113611520602
-29.55	-11.08	0.30814886281787013
-29.54	-12.31	0.307410658832898
-29.53	-13.53	0.32906565813060007
-29.51	-14.75	0.3144578759771948
-29.48	-15.97	0.31161076780410335
-29.46	-17.19	0.31254224964299265
-29.44	-18.4	0.30615922566920856
-29.41	-19.61	0.3146905151896091
-29.36	-20.8	0.3285897008638837
-29.3	-21.97	0.30252711554434775
-29.2	-23.12	0.306716804294103
-29.04	-24.2	0.44791619445610964
-27.86	-25.43	0.3756452088375689
-28.01	-24.36	0.33172179232025134
-28.1	-23.21	0.32033200157269615
-28.16	-22.04	0.3318558133922719
-28.2	-20.84	0.3013928572521395
-28.22	-19.63	0.31399125896816904
-28.25	-18.42	0.3570671789077546
-28.27	-17.21	0.3120467387022912
-28.3	-15.99	0.3276929627013568
-28.31	-14.77	0.3280048826998236
-28.32	-13.54	0.32306833690426173
-28.32	-12.31	0.33542432960804297
-28.32	-11.08	0.3215437548904459
-28.31	-9.85	0.313620345956671
-28.31	-8.62	0.33723345684025935
-28.31	-7.38	0.3244035332300012
-28.31	-6.15	0.3155952431357098
-28.31	-4.92	0.29595089174753536
-28.31	-3.69	0.32256128354724073
-28.31	-2.46	0.323744231637823
-28.31	-1.23	0.3058449153335395
-28.31	0.0	0.3034864904164857
-28.31	1.23	0.3366538538820376
-28.31	2.46	0.31579283301489736
-28.31	3.69	0.3241872567669932
-28.31	4.92	0.31573802235846266
-28.31	6.15	0.33643413282276946
-28.31	7.38	0.31806774646849856
-28.31	8.62	0.32501143637619084
-28.31	9.85	0.3279590379735701
-28.32	11.08	0.3266072002507991
-28.32	12.31	0.33120412486310025
-28.32	13.54	0.33414766010183067
-28.31	14.77	0.3672019910945667
-28.3	15.99	0.38958349046185453
-28.27	17.21	0.3643613888720335
-28.25	18.42	0.3610021086536591
-28.22	19.63	0.3691896754652546
-28.2	20.84	0.34131471759939713
-28.16	22.04	0.3730497224776731
-28.1	23.21	0.37318493629297234
-28.01	24.36	0.40294326681011017
-27.86	25.43	0.5261753209870934
-26.65	26.65	0.48829310227324796
-26.8	25.59	0.403887443175987
-26.89	24.44	0.40008889875134435
-26.94	23.27	0.3359742223375404
-26.98	22.07	0.35172226344029855
-27.01	20.87	0.37947917932727826
-27.03	19.66	0.35538780520637114
-27.06	18.45	0.36255502530409345
-27.08	17.23	0.3610126162099116
-27.09	16.01	0.353122602389056
-27.09	14.78	0.3449505739884864
-27.08	13.54	0.33838731537118344
-27.08	12.31	0.3300240345195775
-27.08	11.08	0.32667254129965356
-27.08	9.85	0.3292287913940173
-27.08	8.62	0.32183958091298737
-27.08	7.39	0.31608087463885276
-27.08	6.16	0.32650164740798643
-27.09	4.93	0.3216894034680242
-27.09	3.69	0.3195476022691086
-27.09	2.46	0.31448929052137087
-27.09	1.23	0.31659966443210474
-27.09	-0.0	0.3483035991971298
-27.09	-1.23	0.318612120036152
-27.09	-2.46	0.3246737934403305
-27.09	-3.69	0.32512091994935216
-27.09	-4.93	0.31054757154760737
-27.08	-6.16	0.32265330586615737
-27.08	-7.39	0.30326943096824166
-27.08	-8.62	0.3082201206170864
-27.08	-9.85	0.31339106547084866
-27.08	-11.08	0.3032334140873415
-27.08	-12.31	0.3288098564402009
-27.08	-13.54	0.3160138074362521
-27.09	-14.78	0.33766514927339103
-27.09	-16.01	0.3362952665493483
-27.08	-17.23	0.33759973726028153
-27.06	-18.45	0.34225491779521666
-27.03	-19.66	0.33404972878888617
-27.01	-20.87	0.3249486932387382
-26.98	-22.07	0.3183265418227762
-26.94	-23.27	0.3244414130112824
-26.89	-24.44	0.32312866235195137
-26.8	-25.59	0.31770875111190433
-26.65	-26.65	0.36039557561952096
-25.43	-27.86	0.4008946335330501
-25.59	-26.8	0.3254227685401946
-25.67	-25.67	0.3278326842864146
-25.72	-24.5	0.34353885157383274
-25.76	-23.31	0.3321062442300413
-25.78	-22.1	0.32356981211266284
-25.81	-20.89	0.3366987720109497
-25.84	-19.68	0.33172461438670114
-25.85	-18.47	0.3338416688672146
-25.86	-17.24	0.3261291052918138
-25.85	-16.01	0.3061386119297436
-25.85	-14.77	0.30848548374775153
-25.85	-13.54	0.31695048748035737
-25.85	-12.31	0.3037833262121661
-25.85	-11.08	0.31189420394945916
-25.85	-9.85	0.32226196100485843
-25.86	-8.62	0.3150670460185969
-25.86	-7.39	0.31340262784913625
-25.87	-6.16	0.31239252840970466
-25.87	-4.93	0.32270410499409224
-25.87	-3.7	0.31809460677494716
-25.87	-2.46	0.32912644128500934
-25.87	-1.23	0.32055144609672287
-25.87	0.0	0.3585698489994015
-25.87	1.23	0.2982921989311634
-25.87	2.46	0.2858559707785493
-25.87	3.7	0.29058621895089415
-25.87	4.93	0.31243672271732337
-25.87	6.16	0.36676354943940565
-25.86	7.39	0.31288894113928584
-25.86	8.62	0.3318777297190986
-25.85	9.85	0.3232483406877364
-25.85	11.08	0.3370933599316852
-25.85	12.31	0.3248582046416809
-25.85	13.54	0.32019522479761064
-25.85	14.77	0.33189488788048443
-25.85	16.01	0.355605093929822
-25.86	17.24	0.3665549157405157
-25.85	18.47	0.34205103203528975
-25.84	19.68	0.3821442728770086
-25.81	20.89	0.35376502409400884
-25.78	22.1	0.3477887468191722
-25.76	23.31	0.3415312320673608
-25.72	24.5	0.3219678852288411
-25.67	25.67	0.36472530201956654
-25.59	26.8	0.4146568818983949
-25.43	27.86	0.5294439809608645
-24.2	29.04	0.5701284005925337
-24.36	28.01	0.42214250516650254
-24.44	26.89	0.36654384793999406
-24.5	25.72	0.3535339358434936
-24.53	24.53	0.3410091984788154
-24.56	23.33	0.3662321110611167
-24.59	22.13	0.35424177430360076
-24.61	20.92	0.3539690831077041
-24.62	19.7	0.34791809968317516
-24.63	18.47	0.355788101118893
-24.62	17.23	0.33628601116861795
-24.62	16.0	0.33650297770773824
-24.62	14.77	0.329654397255591
-24.62	13.54	0.3270192895838439
-24.63	12.31	0.32058496854732305
-24.63	11.08	0.3110812893652624
-24.63	9.85	0.30153830567865053
-24.64	8.62	0.2909835495440304
-24.64	7.39	0.2788135844260454
-24.64	6.16	0.3098395132530995
-24.64	4.93	0.35556200357627166
-24.64	3.7	0.35868081471441765
-24.64	2.46	0.3492616101632076
-24.64	1.23	0.34694216191327115
-24.64	-0.0	0.4
-24.64	-1.23	0.3378195832918472
-24.64	-2.46	0.32829137614669884
-24.64	-3.7	0.342967635002628
-24.64	-4.93	0.3326569316596755
-24.64	-6.16	0.3506940582867779
-24.64	-7.39	0.3136364871622345
-24.64	-8.62	0.32564038988773286
-24.63	-9.85	0.32821926821003816
-24.63	-11.08	0.3126495214222754
-24.63	-12.31	0.3104768565258249
-24.62	-13.54	0.32368946940046234
-24.62	-14.77	0.3001779217689651
-24.62	-16.0	0.3113625216684733
-24.62	-17.23	0.31315039323701466
-24.63	-18.47	0.31129222081256086
-24.62	-19.7	0.3503631607938742
-24.61	-20.92	0.31454651455797406
-24.59	-22.13	0.3378133468319884
-24.56	-23.33	0.32436083957510187
-24.53	-24.53	0.3370218765258758
-24.5	-25.72	0.3467351047642483
-24.44	-26.89	0.32069958419782446
-24.36	-28.01	0.3406849549828064
-24.2	-29.04	0.447523380203504
-22.94	-30.18	0.5579538120726993
-23.12	-29.2	0.33314388410197454
-23.21	-28.1	0.3190780304445655
-23.27	-26.94	0.3270555379985729
-23.31	-25.76	0.34628444680626547
-23.33	-24.56	0.34906034499872807
-23.36	-23.36	0.33684939150904514
-23.38	-22.15	0.3414044399928112
-23.39	-20.93	0.32892190873888905
-23.39	-19.7	0.3092600515497497
-23.39	-18.46	0.32038420373738014
-23.38	-17.23	0.2955792661725877
-23.39	-16.0	0.3051843960782343
-23.39	-14.77	0.31867488123676546
-23.4	-13.55	0.33087167517554755
-23.4	-12.32	0.3127754974580016
-23.41	-11.09	0.32040993452320476
-23.41	-9.86	0.3222765429756791
-23.41	-8.62	0.3363481571393717
-23.41	-7.39	0.32228239768298866
-23.41	-6.16	0.32824354700383385
-23.41	-4.93	0.3145303442702181
-23.41	-3.7	0.3226909382665159
-23.41	-2.46	0.3169430670981627
-23.41	-1.23	0.32222845807162925
-23.41	0.0	0.33920192824016093
-23.41	1.23	0.31661143062180663
-23.41	2.46	0.32219695946715676
-23.41	3.7	0.31765243163316215
-23.41	4.93	0.311035742004463
-23.41	6.16	0.3288361977937144
-23.41	7.39	0.33659658514163593
-23.41	8.62	0.366577852907989
-23.41	9.86	0.3238652684292134
-23.41	11.09	0.2783467632337374
-23.4	12.32	0.4259334524080049
-23.4	13.55	0.36527517682788657
-23.39	14.77	0.3287261832150995
-23.39	16.0	0.3063514311258937
-23.38	17.23	0.33680260874078904
-23.39	18.46	0.31910117136590593
-23.39	19.7	0.34074762471837344
-23.39	20.93	0.34290819690669777
-23.38	22.15	0.37846356307531187
-23.36	23.36	0.34149511017929146
-23.33	24.56	0.3594302043295278
-23.31	25.76	0.33746334222242413
-23.27	26.94	0.347707910561619
-23.21	28.1	0.3297881431425428
-23.12	29.2	0.4548806760056926
-22.94	30.18	0.5589102119826359
-21.63	31.24	0.21327618234019258
-21.87	30.38	0.4599127569988686
-21.97	29.3	0.40724050510526355
-22.04	28.16	0.32848761781417335
-22.07	26.98	0.33722826628716074
-22.1	25.78	0.38185184268720346
-22.13	24.59	0.3563035198127914
-22.15	23.38	0.3527113156275968
-22.16	22.16	0.336382607279616
-22.16	20.93	0.3500198569143632
-22.16	19.69	0.3233369276084973
-22.15	18.46	0.33225689556207877
-22.16	17.23	0.32995594092951536
-22.16	16.01	0.3245335104040651
-22.17	14.78	0.3130386416719751
-22.17	13.55	0.301262565947782
-22.18	12.32	0.2755708618210015
-22.18	11.09	0.3274975848646331
-22.18	9.86	0.33561560938064017
-22.18	8.62	0.33476918788703686
-22.18	7.39	0.326303084476432
-22.18	6.16	0.31985578334135767
-22.18	4.93	0.32959565467131063
-22.19	3.7	0.3301634173206636
-22.19	2.47	0.3251257204047722
-22.19	1.23	0.3286773271255959
-22.19	-0.0	0.3231960826486616
-22.19	-1.23	0.3198630663280087
-22.19	-2.47	0.3316827202480004
-22.19	-3.7	0.32098012456593966
-22.18	-4.93	0.33832262256738604
-22.18	-6.16	0.32978861802364956
-22.18	-7.39	0.33518579960148925
-22.18	-8.62	0.32081153642766097
-22.18	-9.86	0.32849134990080436
-22.18	-11.09	0.3085646035795278
-22.18	-12.32	0.32818175514964915
-22.17	-13.55	0.3279033860124027
-22.17	-14.78	0.3394157300848513
-22.16	-16.01	0.3130399916119968
-22.16	-17.23	0.3159376285761643
-22.15	-18.46	0.2989427572685232
-22.16	-19.69	0.30597984619957463
-22.16	-20.93	0.30923842887071146
-22.16	-22.16	0.33765526882999797
-22.15	-23.38	0.3329613062368995
-22.13	-24.59	0.34327348109008715
-22.1	-25.78	0.34515020272506863
-22.07	-26.98	0.3467666435087787
-22.04	-28.16	0.3392718907101707
-21.97	-29.3	0.3198230287997569
-21.87	-30.38	0.38040446208633794
-21.63	-31.24	0.453487817121465
-20.61	-31.52	0.435227185235327
-20.73	-30.49	0.33827517037213684
-20.8	-29.36	0.33709771592817517
-20.84	-28.2	0.3502164840470775
-20.87	-27.01	0.33837458834161455
-20.89	-25.81	0.3428943700864846
-20.92	-24.61	0.3325758494199375
-20.93	-23.39	0.3225726980341183
-20.93	-22.16	0.3145058628221515
-20.92	-20.92	0.3107581260969352
-20.92	-19.69	0.3185529331710531
-20.93	-18.47	0.31608871379467834
-20.93	-17.24	0.33225512273738084
-20.94	-16.01	0.33052342724756417
-20.94	-14.78	0.3299281896289865
-20.94	-13.55	0.3342035476898404
-20.94	-12.32	0.3339984676220679
-20.95	-11.09	0.3247122176193475
-20.95	-9.86	0.33977544105706875
-20.95	-8.63	0.3298631409163813
-20.95	-7.4	0.3263130636703744
-20.96	-6.16	0.33977201792128736
-20.96	-4.93	0.3192322866832262
-20.96	-3.7	0.34523469417954206
-20.96	-2.47	0.33627353332572274
-20.96	-1.23	0.32986389290267887
-20.96	0.0	0.31811172451799585
-20.96	1.23	0.3151873202293242
-20.96	2.47	0.3312288169065571
-20.96	3.7	0.31960500350348864
-20.96	4.93	0.32146798686488576
-20.96	6.16	0.31579813531422696
-20.95	7.4	0.32237696225210466
-20.95	8.63	0.3236582420409976
-20.95	9.86	0.31657531478932033
-20.95	11.09	0.318686438407669
-20.94	12.32	0.327679270441641
-20.94	13.55	0.30212942163219775
-20.94	14.78	0.2868079849165928
-20.94	16.01	0.32669248488803665
-20.93	17.24	0.3163744413113305
-20.93	18.47	0.33460277162825863
-20.92	19.69	0.3152612111290861
-20.92	20.92	0.3148090626762554
-20.93	22.16	0.33851145376042757
-20.93	23.39	0.3470417769513151
-20.92	24.61	0.3437359119827971
-20.89	25.81	0.3904630623280176
-20.87	27.01	0.35056414672702607
-20.84	28.2	0.3568661227509734
-20.8	29.36	0.35732579699008093
-20.73	30.49	0.3933246696695851
-20.61	31.52	0.5072802778104077
-19.32	32.6	0.3679074555619849
-19.48	31.66	0.432390759794836
-19.56	30.56	0.36382127541741227
-19.61	29.41	0.352557825935938
-19.63	28.22	0.3606588081778329
-19.66	27.03	0.3815748881505219
-19.68	25.84	0.3406015584333264
-19.7	24.62	0.3474310313807223
-19.7	23.39	0.34328928830724476
-19.69	22.16	0.3261473426059167
-19.69	20.92	0.33047667201080816
-19.7	19.7	0.328363904117963
-19.7	18.47	0.3191303394207711
-19.71	17.25	0.3181150017668207
-19.71	16.02	0.29881194247495296
-19.71	14.78	0.32955392086987895
-19.71	13.55	0.324975499600983
-19.72	12.32	0.3211693417212662
-19.72	11.09	0.31764769987285596
-19.72	9.86	0.32102676209535275
-19.72	8.63	0.31788336807784706
-19.73	7.4	0.31552982005241387
-19.73	6.16	0.3289778324876921
-19.73	4.93	0.3105547917442142
-19.73	3.7	0.31703050923370235
-19.73	2.47	0.32994620680996295
-19.73	1.23	0.31023425687197964
-19.73	-0.0	0.3312000408026988
-19.73	-1.23	0.3153719521500634
-19.73	-2.47	0.33526424691228773
-19.73	-3.7	0.3258353224527457
-19.73	-4.93	0.31689969669257806
-19.73	-6.16	0.35078495409711347
-19.73	-7.4	0.3263905706025608
-19.72	-8.63	0.3318032340457286
-19.72	-9.86	0.3159835136586002
-19.72	-11.09	0.336705845422991
-19.72	-12.32	0.3282913101841293
-19.71	-13.55	0.34121998486250604
-19.71	-14.78	0.32817170079004243
-19.71	-16.02	0.32379739636028876
-19.71	-17.25	0.32644923508067475
-19.7	-18.47	0.32962344953070083
-19.7	-19.7	0.32674664223103655
-19.69	-20.92	0.31730194049000676
-19.69	-22.16	0.3212284912977223
-19.7	-23.39	0.3204954671859572
-19.7	-24.62	0.3353713625940292
-19.68	-25.84	0.34707534117793903
-19.66	-27.03	0.3601351132379303
-19.63	-28.22	0.3574459506895321
-19.61	-29.41	0.3556865262630099
-19.56	-30.56	0.3661198375930329
-19.48	-31.66	0.35195509232426136
-19.32	-32.6	0.48226937762400257
-18.21	-32.78	0.3205015395682909
-18.31	-31.74	0.3427679036436136
-18.37	-30.61	0.356498223087485
-18.4	-29.44	0.3431759460619051
-18.42	-28.25	0.35089444685028975
-18.45	-27.06	0.3388213346990943
-18.47	-25.85	0.33675195366968114
-18.47	-24.63	0.3239705909100338
-18.46	-23.39	0.3140222992176853
-18.46	-22.15	0.3157907346658309
-18.47	-20.93	0.3229700659087258
-18.47	-19.7	0.32186558145456257
-18.48	-18.48	0.3346825722669533
-18.48	-17.25	0.3235751990146701
-18.48	-16.02	0.32665729023876583
-18.48	-14.79	0.33470217588160317
-18.49	-13.56	0.30977013334257325
-18.49	-12.33	0.3405638750644597
-18.49	-11.1	0.337181542099974
-18.49	-9.86	0.340036178373379
-18.49	-8.63	0.3131873345965998
-18.49	-7.4	0.3304799456552941
-18.49	-6.16	0.3283933616055375
-18.5	-4.93	0.3243456672993886
-18.5	-3.7	0.3311037936466883
-18.5	-2.47	0.31772799177355043
-18.5	-1.23	0.3269814870043657
-18.5	0.0	0.32435052829731836
-18.5	1.23	0.341626215976927
-18.5	2.47	0.31550170615983025
-18.5	3.7	0.33828682780857466
-18.5	4.93	0.3173821437353699
-18.49	6.16	0.33632653342418317
-18.49	7.4	0.31720596847553634
-18.49	8.63	0.3288380739162695
-18.49	9.86	0.32683027303835727
-18.49	11.1	0.3462075369786392
-18.49	12.33	0.31293091237830795
-18.49	13.56	0.31550368592923816
-18.48	14.79	0.33676063211383933
-18.48	16.02	0.3189253429763871
-18.48	17.25	0.2964559244394723
-18.48	18.48	0.31964174221271413
-18.47	19.7	0.321117544706263
-18.47	20.93	0.316426320348717
-18.46	22.15	0.3254537438713514
-18.46	23.39	0.3356570529473222
-18.47	24.63	0.3375129388760797
-18.47	25.85	0.35937925329341847
-18.45	27.06	0.3627868191221402
-18.42	28.25	0.38333626737638515
-18.4	29.44	0.3395587471000383
-18.37	30.61	0.3666676066218433
-18.31	31.74	0.3879564974328885
-18.21	32.78	0.5089385957744351
-16.92	33.85	0.6365451346942954
-17.06	32.9	0.4512935265404242
-17.12	31.8	0.3450027212322586
-17.16	30.65	0.36252469176725843
-17.19	29.46	0.3695799357201796
-17.21	28.27	0.3718192090443931
-17.23	27.08	0.3659450548198448
-17.24	25.86	0.3397976870731371
-17.23	24.62	0.3396648784516528
-17.23	23.38	0.3075085137315055
-17.23	22.16	0.32451605128007444
-17.24	20.93	0.3219942381604132
-17.25	19.71	0.3243041233792417
-17.25	18.48	0.3130446867319936
-17.25	17.25	0.32085480033155517
-17.25	16.02	0.3287921185378832
-17.25	14.79	0.31480232590914964
-17.26	13.56	0.3856656133626272
-17.26	12.33	0.3126781305564144
-17.26	11.1	0.3275203126679126
-17.26	9.86	0.3071886821029655
-17.26	8.63	0.3276647318706105
-17.26	7.4	0.32338274594784466
-17.26	6.17	0.3222381876576035
-17.26	4.93	0.30998776482187257
-17.27	3.7	0.3242870247114283
-17.27	2.47	0.3334845659661737
-17.27	1.23	0.3179216283658711
-17.27	-0.0	0.32612061116076696
-17.27	-1.23	0.3251109471061187
-17.27	-2.47	0.3251231704857044
-17.27	-3.7	0.3269724756634026
-17.26	-4.93	0.32966362304977903
-17.26	-6.17	0.3269023018132639
-17.26	-7.4	0.3304235522598099
-17.26	-8.63	0.3277457857625975
-17.26	-9.86	0.3307963198894361
-17.26	-11.1	0.3340008848984056
-17.26	-12.33	0.3328601952226398
-17.26	-13.56	0.320928855370191
-17.25	-14.79	0.3219814787819748
-17.25	-16.02	0.33747408514929533
-17.25	-17.25	0.33080188376255
-17.25	-18.48	0.3265828198213089
-17.25	-19.71	0.3440178828184208
-17.24	-20.93	0.3336141680740051
-17.23	-22.16	0.33551983569422456
-17.23	-23.38	0.3205161483790808
-17.23	-24.62	0.3174151268845468
-17.24	-25.86	0.3954787615951915
-17.23	-27.08	0.33532295034070897
-17.21	-28.27	0.34431513206024683
-17.19	-29.46	0.36382762685380376
-17.16	-30.65	0.36915578970266427
-17.12	-31.8	0.33418409547574224
-17.06	-32.9	0.3572515943150839
-16.92	-33.85	0.591855022497059
-15.79	-34.0	0.471259139079928
-15.87	-32.97	0.3536579826036482
-15.92	-31.84	0.34260298916536047
-15.95	-30.67	0.36623489779572604
-15.97	-29.48	0.36317695370247144
-15.99	-28.3	0.3450191343155082
-16.01	-27.09	0.32376024098376094
-16.01	-25.85	0.3016565487399573
-16.0	-24.62	0.3082248459897271
-16.0	-23.39	0.319722872209777
-16.01	-22.16	0.32071240151089253
-16.01	-20.94	0.34129283808461064
-16.02	-19.71	0.327468478648983
-16.02	-18.48	0.3470297030238323
-16.02	-17.25	0.3297001335011162
-16.02	-16.02	0.34151434750085813
-16.03	-14.79	0.3269987783043878
-16.03	-13.56	0.32204279719922607
-16.03	-12.33	0.3331043518246732
-16.03	-11.1	0.3469185529074449
-16.03	-9.86	0.3308804622451123
-16.03	-8.63	0.31686026558693037
-16.03	-7.4	0.3434660145842262
-16.03	-6.17	0.32341829263737654
-16.04	-4.93	0.3151789900450662
-16.04	-3.7	0.3276008892763402
-16.04	-2.47	0.3266393183851221
-16.04	-1.23	0.30363422085921743
-16.04	0.0	0.32114726285368883
-16.04	1.23	0.3235770587323792
-16.04	2.47	0.3218455515108743
-16.04	3.7	0.3161130585131685
-16.04	4.93	0.3232983273779098
-16.03	6.17	0.32447689233052723
-16.03	7.4	0.32906851614956084
-16.03	8.63	0.3239138319694792
-16.03	9.86	0.32187333453498457
-16.03	11.1	0.32893185371939926
-16.03	12.33	0.32184326497557464
-16.03	13.56	0.3107184152874248
-16.03	14.79	0.3290007591738926
-16.02	16.02	0.317603445171005
-16.02	17.25	0.31749468810592396
-16.02	18.48	0.3281159027062307
-16.02	19.71	0.3132173100763746
-16.01	20.94	0.310589011826114
-16.01	22.16	0.4038751572318692
-16.0	23.39	0.3097404829831371
-16.0	24.62	0.3265878724171577
-16.01	25.85	0.34352862340750207
-16.01	27.09	0.36732340672899055
-15.99	28.3	0.3683845649335473
-15.97	29.48	0.35652047001577253
-15.95	30.67	0.34203528970158525
-15.92	31.84	0.33796499740293895
-15.87	32.97	0.3798349632182987
-15.79	34.0	0.5160529194612254
-14.49	35.02	0.2534848084220801
-14.62	34.1	0.4884452791528723
-14.67	33.02	0.35108554932037905
-14.71	31.87	0.3477966698078332
-14.73	30.69	0.371646311668319
-14.75	29.51	0.4046194299490641
-14.77	28.31	0.3525538414079977
-14.78	27.09	0.33341448135310303
-14.77	25.85	0.3353792708082137
-14.77	24.62	0.32310101942051156
-14.77	23.39	0.31592796947628954
-14.78	22.17	0.3252376030463738
-14.78	20.94	0.3134421654162095
-14.78	19.71	0.3109800587993148
-14.79	18.48	0.32428902295633805
-14.79	17.25	0.31392452772786156
-14.79	16.03	0.3174761099010071
-14.79	14.79	0.3201278698985228
-14.8	13.56	0.3177443479676748
-14.8	12.33	0.37737333714928034
-14.8	11.1	0.3265569576858603
-14.8	9.87	0.31406528024637514
-14.8	8.63	0.3137016949925345
-14.8	7.4	0.31672654098252706
-14.8	6.17	0.3235913305179825
-14.8	4.93	0.34087701812002047
-14.8	3.7	0.3110093671363965
-14.8	2.47	0.337687554330777
-14.8	1.23	0.3245226440408055
-14.8	-0.0	0.34204245081691637
-14.8	-1.23	0.32833999017273285
-14.8	-2.47	0.3364900600665877
-14.8	-3.7	0.3300456027550888
-14.8	-4.93	0.31686684329315695
-14.8	-6.17	0.32714494192365584
-14.8	-7.4	0.33070494116168775
-14.8	-8.63	0.32330867073570063
-14.8	-9.87	0.32589063987293404
-14.8	-11.1	0.35356231350875506
-14.8	-12.33	0.344471492639101
-14.8	-13.56	0.3247207102145471
-14.79	-14.79	0.35667329810171033
-14.79	-16.03	0.3360387292637784
-14.79	-17.25	0.3265472662497238
-14.79	-18.48	0.35425585272400467
-14.78	-19.71	0.3446120977605687
-14.78	-20.94	0.32547597850583154
-14.78	-22.17	0.34429516197719184
-14.77	-23.39	0.3117950602157918
-14.77	-24.62	0.3278597537156932
-14.77	-25.85	0.31620641426401597
-14.78	-27.09	0.3223802050247912
-14.77	-28.31	0.32555873457365403
-14.75	-29.51	0.3405481232838674
-14.73	-30.69	0.35996805052736935
-14.71	-31.87	0.38422794742711885
-14.67	-33.02	0.35539565783924687
-14.62	-34.1	0.3576834337436462
-14.49	-35.02	0.47101817064489004
-13.34	-35.17	0.507052296244242
-13.42	-34.17	0.3587334678879266
-13.47	-33.06	0.35742303966979316
-13.49	-31.9	0.3555993523220453
-13.51	-30.71	0.3700054160540936
-13.53	-29.53	0.3404804262848392
-13.54	-28.32	0.3236877697488824
-13.54	-27.08	0.3144622836765228
-13.54	-25.85	0.31936287065675134
-13.54	-24.62	0.31910468820766613
-13.55	-23.4	0.3256586855809099
-13.55	-22.17	0.3425904724296844
-13.55	-20.94	0.3343152455106764
-13.55	-19.71	0.33598527115350146
-13.56	-18.49	0.34838278806148115
-13.56	-17.26	0.3294975265362515
-13.56	-16.03	0.3441149268142612
-13.56	-14.8	0.34149601812931185
-13.56	-13.56	0.33808966354194314
-13.56	-12.33	0.33196150759302634
-13.57	-11.1	0.3397181440822808
-13.57	-9.87	0.3537481129263643
-13.57	-8.64	0.32046148835337096
-13.57	-7.4	0.3432034596823567
-13.57	-6.17	0.3269475105535451
-13.57	-4.93	0.3285834261890357
-13.57	-3.7	0.3201553469951543
-13.57	-2.47	0.3312453009352279
-13.57	-1.23	0.33480030537206795
-13.57	0.0	0.32768328850107775
13.62	-13.56	0.1
-13.57	2.47	0.3229668502649277
-13.57	3.7	0.3422110554637538
-13.57	4.93	0.32915890992327873
-13.57	6.17	0.3306249108449339
-13.57	7.4	0.30708906235806754
-13.57	8.64	0.3227140914043534
-13.57	9.87	0.3304878655403669
-13.57	11.1	0.3079462393461383
-13.56	12.33	0.32512995842770476
-13.56	13.56	0.3333924081176204
-13.56	14.8	0.3311878249336633
-13.56	16.03	0.31714693087517437
-13.56	17.26	0.3264806648784333
-13.56	18.49	0.3201025597207517
-13.55	19.71	0.3191165703575466
-13.55	20.94	0.309251635987961
-13.55	22.17	0.3035236923491317
-13.55	23.4	0.3319603589318939
-13.54	24.62	0.3231997877617591
-13.54	25.85	0.333261628243592
-13.54	27.08	0.3269467294699794
-13.54	28.32	0.3533204185493705
-13.53	29.53	0.3802132529334382
-13.51	30.71	0.35947141098229407
-13.49	31.9	0.3629240960426292
-13.47	33.06	0.3666153958129664
-13.42	34.17	0.40443346633982913
-13.34	35.17	0.570207518800266
-12.02	36.05	0.4033561488669376
-12.16	35.27	0.5297171610299969
-12.22	34.22	0.3918022645604208
-12.25	33.09	0.355582496465948
-12.27	31.91	0.389210927393537
-12.29	30.73	0.3708095953492071
-12.31	29.54	0.332090095349983
-12.31	28.32	0.3367020360024068
-12.31	27.08	0.31666109995760094
-12.31	25.85	0.33330524993055094
-12.31	24.63	0.3210287405299642
-12.32	23.4	0.332454735714737
-12.32	22.18	0.33571438226795064
-12.32	20.94	0.32212911195673977
-12.32	19.72	0.3300865540008328
-12.33	18.49	0.33007109340737184
-12.33	17.26	0.3322834752753526
-12.33	16.03	0.31665832650325154
-12.33	14.8	0.32228378448131834
-12.33	13.56	0.32808333146717517
-12.33	12.33	0.31067875769058995
-12.34	11.1	0.3214198850333509
-12.34	9.87	0.30919554532180216
-12.34	8.64	0.3240404374761725
-12.34	7.4	0.3183786658128583
-12.34	6.17	0.33795303259838616
-12.34	4.93	0.32847908274406923
-12.34	3.7	0.3213387778079677
-12.34	2.47	0.3408685643114082
-12.34	1.23	0.3314279705903956
-12.34	-0.0	0.32903645330237147
-12.34	-1.23	0.33327777048089574
-12.34	-2.47	0.3348733476167086
-12.34	-3.7	0.3238630616387386
-12.34	-4.93	0.34086296915994363
-12.34	-6.17	0.31462083819710135
-12.34	-7.4	0.3317786836107807
-12.34	-8.64	0.3321387034649751
-12.34	-9.87	0.34246063685659656
-12.34	-11.1	0.3416245242095592
-12.33	-12.33	0.34642314751268927
-12.33	-13.56	0.3338869890255207
-12.33	-14.8	0.35292765929356334
-12.33	-16.03	0.3330250280759266
-12.33	-17.26	0.35628054293352224
-12.33	-18.49	0.3582208756213911
-12.32	-19.72	0.33574803425177724
-12.32	20.94	0.33416498163279185
-12.32	22.18	0.33215388129779416
-12.32	23.4	0.3289982525387248
-12.31	24.63	0.32199341040155416
-12.31	25.85	0.32378505597444995
-12.31	27.08	0.3357195259457171
-12.31	28.32	0.34981493240952544
-12.31	29.54	0.36795488699164336
-12.29	30.73	0.35465689357152597
-12.27	31.91	0.3700526919235028
-12.25	33.09	0.3666306939858571
-12.22	34.22	0.40200256741348006
-12.16	35.27	0.5042454255927354
-12.02	36.05	0.3814814890103986
-10.88	36.26	0.33959990115611294
-10.97	35.34	0.4526553717351156
-11.01	34.26	0.37648869702452814
-11.04	33.11	0.342559835783257
-11.05	31.93	0.36283815334990954
-11.07	30.75	0.3346255410738012
-11.08	29.55	0.3488055044906034
-11.08	28.32	0.33646558785598024
-11.08	27.08	0.3462279067617354
-11.08	25.85	0.32674340336935864
-11.08	24.63	0.32826790252367105
-11.09	23.41	0.3380052326331153
-11.09	22.18	0.34740504319164606
-11.09	20.95	0.3623109519982434
-11.09	19.72	0.32638696783242627
-11.1	18.49	0.4973702616083019
-11.1	17.26	0.32466641846030153
-11.1	16.03	0.3214848595663403
-11.1	14.8	0.32978113363852735
-11.1	13.57	0.31589335095014853
-11.1	12.34	0.3310110000066328
-11.1	11.1	0.3179411902501664
-11.1	9.87	0.35205896358274474
-11.1	8.64	0.34083380182617873
-11.1	7.4	0.33886653986097337
-11.1	6.17	0.3357701569299081
-11.1	4.94	0.32669176917105325
-11.11	3.7	0.3309472817565243
-11.11	2.47	0.3279709796385186
-11.11	1.23	0.33234001902077914
-11.11	-0.0	0.34517829648812404
-11.11	-1.23	0.3399141212392583
-11.11	-2.47	0.32892192336563914
-11.11	-3.7	0.3320667479196257
-11.1	-4.94	0.329606464076379
-11.1	-6.17	0.32740537500042594
-11.1	-7.4	0.3360368513719884
-11.1	-8.64	0.3334840014243785
-11.1	-9.87	0.34153773756866423
-11.1	-11.1	0.36931829048281145
-11.1	-12.34	0.33271352356242584
-11.1	-13.57	0.34350865907114714
-11.1	-14.8	0.3472204601857075
-11.1	-16.03	0.3468622386426895
-11.1	-17.26	0.3522204102188709
-11.1	-18.49	0.3428733381949616
-11.09	-19.72	0.3416694350244063
-11.09	-20.95	0.3558341683183905
-11.09	-22.18	0.34994311677673307
-11.09	-23.41	0.3462787912539048
-11.08	-24.63	0.3207017183434743
-11.08	-25.85	0.3302048571954013
-11.08	-27.08	0.31985584880126056
-11.08	-28.32	0.32240456813165885
-11.08	-29.55	0.3196009859223206
-11.07	-30.75	0.34660338999423257
-11.05	-31.93	0.3846308495797782
-11.04	-33.11	0.37813668177810256
-11.01	-34.26	0.37756762750107364
-10.97	-35.34	0.37214942187099254
-10.88	-36.26	0.44066447638879613
-9.7	-36.37	0.3644919091315758
-9.76	-35.39	0.3694930229587391
-9.8	-34.29	0.3764970397705366
-9.82	-33.13	0.3723244164825964
-9.83	-31.95	0.3752457022518287
-9.84	-30.76	0.35208605609992427
-9.85	-29.55	0.32246459838857267
-9.85	-28.31	0.3088365623352806
-9.85	-27.08	0.3286582514538983
-9.85	-25.85	0.33853410681581675
-9.85	-24.63	0.35816757908183444
-9.86	-23.41	0.344496710927248
-9.86	-22.18	0.3408809897047573
-9.86	-20.95	0.33331677521265984
-9.86	-19.72	0.3518612550188662
-9.86	-18.49	0.3490837346785632
-9.86	-17.26	0.3325547048432067
-9.86	-16.03	0.3262023347194335
-9.87	-14.8	0.3429653873424402
-9.87	-13.57	0.33062553825071817
-9.87	-12.34	0.3303298869974379
-9.87	-11.1	0.33743779890689235
-9.87	-9.87	0.3472669546154047
-9.87	-8.64	0.3471474820645478
-9.87	-7.4	0.34797655734683974
-9.87	-6.17	0.3306863881643754
-9.87	-4.94	0.3376557482905082
-9.88	-3.7	0.3276647792882528
-9.88	-2.47	0.33899449064631804
-9.88	-1.23	0.33158598854378135
-9.88	0.0	0.340829077405799
-9.88	1.23	0.3409971507728957
-9.88	2.47	0.3133744433262454
-9.88	3.7	0.3264316145484704
-9.87	4.94	0.33964718759742735
-9.87	6.17	0.33684876020124677
-9.87	7.4	0.32719245377825285
-9.87	8.64	0.33248916454597044
-9.87	9.87	0.3415411234589631
-9.87	11.1	0.32215283626797336
-9.87	12.34	0.32903326620268797
-9.87	13.57	0.33200331876235417
-9.87	14.8	0.32705427473462845
-9.86	16.03	0.3259084370505864
-9.86	17.26	0.3149680558936133
-9.86	18.49	0.3105136736783121
-9.86	19.72	0.342317602159213
-9.86	20.95	0.3311815164029893
-9.86	22.18	0.3292298582576516
-9.86	23.41	0.30761704367826587
-9.85	24.63	0.3216308691026025
-9.85	25.85	0.3061845589048125
-9.85	27.08	0.3431789118606949
-9.85	28.31	0.34602796595712676
-9.85	29.55	0.3489076145170733
-9.84	30.76	0.3806934979011647
-9.83	31.95	0.367790531996443
-9.82	33.13	0.33945454638735184
-9.8	34.29	0.3843842606941923
-9.76	35.39	0.4501394753165625
-9.7	36.37	0.665284146623633
-8.51	36.45	0.5836315372209963
-8.55	35.43	0.3908091128512542
-8.58	34.31	0.3571536439132137
-8.59	33.14	0.3626850828401112
-8.6	31.96	0.3663061448404537
-8.62	30.77	0.35177363390899735
-8.62	29.55	0.34445050967665647
-8.62	28.31	0.34054169848437765
-8.62	27.08	0.32793131396141556
-8.62	25.86	0.3301858652195625
-8.62	24.64	0.3305267292599969
-8.62	23.41	0.3179301660557211
-8.62	22.18	0.30829587572335865
-8.63	20.95	0.31162953435259766
-8.63	19.72	0.3292215383691016
-8.63	18.49	0.34001550866471986
-8.63	17.26	0.3184765636762385
-8.63	16.03	0.3195416448246914
-8.63	14.8	0.3316620367861332
-8.64	13.57	0.3212851863476245
-8.64	12.34	0.3294633993823834
-8.64	11.1	0.3339741986550942
-8.64	9.87	0.3277307396232297
-8.64	8.64	0.3300316855717252
-8.64	7.4	0.33872107458036854
-8.64	6.17	0.33254841877218194
-8.64	4.94	0.3327319167132471
-8.64	3.7	0.3328050806025239
-8.64	2.47	0.32229770352843196
-8.64	1.23	0.3372116578615143
-8.64	-0.0	0.32705135872645996
-8.64	-1.23	0.3402457032419544
-8.64	-2.47	0.32808419927387306
-8.64	-3.7	0.32863691270176854
-8.64	-4.94	0.3346459954153118
-8.64	-6.17	0.33637334323529305
-8.64	-7.4	0.33452855286577443
-8.64	-8.64	0.33049473691801085
-8.64	-9.87	0.33704215920095937
-8.64	-11.1	0.33851553985488214
-8.64	-12.34	0.327267444462232
-8.64	-13.57	0.34341366977298887
-8.63	-14.8	0.3389291763010819
-8.63	-16.03	0.3392065594992886
-8.63	-17.26	0.3614918425216948
-8.63	-18.49	0.3436063717866535
-8.63	-19.72	0.3453189916627907
-8.63	-20.95	0.3411946586906527
-8.62	-22.18	0.34234832496590234
-8.62	-23.41	0.34597693765765636
-8.62	-24.64	0.3401156316706553
-8.62	-25.86	0.33339771950263813
-8.62	-27.08	0.3294655309310543
-8.62	-28.31	0.31852674955955707
-8.62	-29.55	0.31328440423993215
-8.62	-30.77	0.341883881715027
-8.6	-31.96	0.38155202123358434
-8.59	-33.14	0.37585583151505986
-8.58	-34.31	0.37604780037487306
-8.55	-35.43	0.36853814482409686
-8.51	-36.45	0.5033234629143183
-7.22	-37.3	0.47498689756175927
-7.3	-36.51	0.5038658182616822
-7.34	-35.46	0.3605532889078671
-7.36	-34.33	0.38837224161112516
-7.37	-33.15	0.3970326855194709
-7.38	-31.97	0.36100011670626986
-7.39	-30.78	0.33687669007402427
-7.39	-29.55	0.31214174835760167
-7.38	-28.31	0.31810137141820294
-7.39	-27.08	0.31899719565387996
-7.39	-25.86	0.34755403637336446
-7.39	-24.64	0.3456860780811192
-7.39	-23.41	0.34745216814079377
-7.39	-22.18	0.3445155733244467
-7.4	-20.95	0.32974975335894713
-7.4	-19.73	0.36636460273106997
-7.4	-18.49	0.3523476599133432
-7.4	-17.26	0.34104589180983114
-7.4	-16.03	0.3328791474165964
-7.4	-14.8	0.3354565879542575
-7.4	-13.57	0.328419650713828
-7.4	-12.34	0.3411896306926206
-7.4	-11.1	0.3397841374596115
-7.4	-9.87	0.3405641624323977
-7.4	-8.64	0.33395259001163397
-7.41	-7.41	0.3212171556956716
-7.41	-6.17	0.3369073564072753
-7.41	-4.94	0.3412141154401267
-7.41	-3.7	0.3305100593165875
-7.41	-2.47	0.3269886451963042
-7.41	-1.23	0.34061899876648455
-7.41	0.0	0.3301070415779779
-7.41	1.23	0.3285395500347153
-7.41	2.47	0.31871243430906365
-7.41	3.7	0.34373239668370215
-7.41	4.94	0.3481560534521299
-7.41	6.17	0.32860083351053065
-7.41	7.41	0.3392225013567073
-7.4	8.64	0.31797161109615324
-7.4	9.87	0.33678762983413585
-7.4	11.1	0.3371676753161695
-7.4	12.34	0.3339990438718862
-7.4	13.57	0.3221603547518085
-7.4	14.8	0.326028003672583
-7.4	16.03	0.31832658102719724
-7.4	17.26	0.3150673386127354
-7.4	18.49	0.32391094001641824
-7.4	19.73	0.340446993385851
-7.4	20.95	0.31310840628275755
-7.39	22.18	0.3142321961300508
-7.39	23.41	0.33533972054237887
-7.39	24.64	0.334508491556862
-7.39	25.86	0.33527032577918575
-7.39	27.08	0.32538362642734014
-7.38	28.31	0.3499411679221034
-7.39	29.55	0.3453108843691181
-7.39	30.78	0.36674657105131736
-7.38	31.97	0.35340677111984625
-7.37	33.15	0.3433869137680991
-7.36	34.33	0.33904107311136295
-7.34	35.46	0.37539066121434106
-7.3	36.51	0.47944769294893075
-7.22	37.3	0.46039254853535894
-6.04	37.42	0.31818813114112654
-6.09	36.55	0.4794749804252927
-6.12	35.48	0.36959355726889476
-6.13	34.34	0.3521582062646703
-6.14	33.16	0.38450881071133225
-6.15	31.98	0.3815752816576733
-6.16	30.78	0.35091478950091626
-6.16	29.55	0.3463870078130747
-6.15	28.31	0.33520762082399325
-6.16	27.08	0.32171431208731316
-6.16	25.87	0.32102144342006683
-6.16	24.64	0.3285515475734774
-6.16	23.41	0.3256826319160944
-6.16	22.18	0.3108681218074842
-6.16	20.96	0.3100665253578512
-6.16	19.73	0.3152668764586994
-6.16	18.49	0.307778725920518
-6.17	17.26	0.32577912041571516
-6.17	16.03	0.3286399711981059
-6.17	14.8	0.3252005288318029
-6.17	13.57	0.3264222737514476
-6.17	12.34	0.3232918093730473
-6.17	11.1	0.34782721597671085
-6.17	9.87	0.32541090408701234
-6.17	8.64	0.3364492748290161
-6.17	7.41	0.32650589463951
-6.17	6.17	0.3261831159595861
-6.17	4.94	0.317864666352607
-6.17	3.7	0.3477039827067649
-6.17	2.47	0.3347145738698878
-6.17	1.23	0.3347831816562375
-6.17	-0.0	0.3411106040692637
-6.17	-1.23	0.3300073574788706
-6.17	-2.47	0.3279590181484633
-6.17	-3.7	0.3263097791893017
-6.17	-4.94	0.34493712869420406
-6.17	-6.17	0.33959989234455407
-6.17	-7.41	0.338158277998258
-6.17	-8.64	0.3285321130424521
-6.17	-9.87	0.3307823544096582
-6.17	-11.1	0.3235926722191084
-6.17	-12.34	0.3411165268328736
-6.17	-13.57	0.34086479363268013
-6.17	-14.8	0.3448254994918915
-6.17	-16.03	0.345355915552351
-6.17	-17.26	0.3345453813335505
-6.16	-18.49	0.3618454918211043
-6.16	-19.73	0.3518816762288221
-6.16	-20.96	0.365486232161767
-6.16	-22.18	0.3498392401566778
-6.16	-23.41	0.338428834775536
-6.16	-24.64	0.36709909987114414
-6.16	-25.87	0.34114957232210613
-6.16	-27.08	0.3282291867220567
-6.15	-28.31	0.3202823036841798
-6.16	-29.55	0.3125457295004129
-6.16	-30.78	0.30997064898962035
-6.15	-31.98	0.350623412870935
-6.14	-33.16	0.36274129985415055
-6.13	-34.34	0.3687429989036147
-6.12	-35.48	0.3735327153160566
-6.09	-36.55	0.45479411013503257
-6.04	-37.42	0.4786960418898042
-4.84	-37.5	0.3664135850939959
-4.88	-36.58	0.41293408602936565
-4.9	-35.49	0.3741448162685356
-4.91	-34.35	0.3766265436551973
-4.91	-33.17	0.35005303435515245
-4.92	-31.99	0.34951295430667556
-4.93	-30.78	0.31595795490578676
-4.92	-29.54	0.3345332850431566
-4.92	-28.31	0.33561915428213607
-4.93	-27.09	0.3322277887877171
-4.93	-25.87	0.33383953511854136
-4.93	-24.64	0.3396281145014566
-4.93	-23.41	0.35214555929511504
-4.93	-22.18	0.3334398638016191
-4.93	-20.96	0.3428056467375318
-4.93	-19.73	0.35587499037638354
-4.93	-18.5	0.33794624976545323
-4.93	-17.26	0.34446120530886604
-4.93	-16.04	0.35801313935710977
-4.93	-14.8	0.3392432414978839
-4.93	-13.57	0.3188495585862329
-4.93	-12.34	0.3306434074529351
-4.94	-11.1	0.3291454417038444
-4.94	-9.87	0.33480399304334696
-4.94	-8.64	0.33831578607634294
-4.94	-7.41	0.3457238736113947
-4.94	-6.17	0.3309052347826749
-4.94	-4.94	0.34093126955726866
-4.94	-3.7	0.3284708082527408
-4.94	-2.47	0.34521012256216393
-4.94	-1.24	0.3294750320003114
-4.94	0.0	0.33051011566059424
-4.94	1.24	0.34250013515523664
-4.94	2.47	0.3457243740559336
-4.94	3.7	0.3377647867024622
-4.94	4.94	0.32305639224556837
-4.94	6.17	0.33226651466426604
-4.94	7.41	0.3450967595628377
-4.94	8.64	0.3298233821299442
-4.94	9.87	0.32280148530539754
-4.94	11.1	0.33115020457626365
-4.93	12.34	0.3339316814826881
-4.93	13.57	0.32409422027424
-4.93	14.8	0.3155103230005504
-4.93	16.04	0.32143774519203994
-4.93	17.26	0.31402577444151886
-4.93	18.5	0.3111202512869123
-4.93	19.73	0.32674104487723066
-4.93	20.96	0.3204243529935365
-4.93	22.18	0.3211942599554036
-4.93	23.41	0.31537014856466045
-4.93	24.64	0.31474997966516083
-4.93	25.87	0.32500407333730363
-4.93	27.09	0.3178469472823877
-4.92	28.31	0.34675436893019274
-4.92	29.54	0.3511979792248412
-4.93	30.78	0.3428081707359787
-4.92	31.99	0.36302489098380525
-4.91	33.17	0.3702854080156899
-4.91	34.35	0.36112219299702253
-4.9	35.49	0.38166941899957085
-4.88	36.58	0.4578285314149013
-4.84	37.5	0.8314261934249542
-3.63	37.55	0.6209171374748991
-3.66	36.6	0.4250272649684582
-3.67	35.51	0.3726678764104514
-3.68	34.35	0.3607996476290726
-3.69	33.18	0.3540305652805048
-3.69	32.0	0.3456790588861142
-3.69	30.78	0.33773678884159314
-3.69	29.54	0.3520118638921077
-3.69	28.31	0.32636043756117955
-3.69	27.09	0.3129899173381708
-3.7	25.87	0.3242602179357635
-3.7	24.64	0.3090330818601103
-3.7	23.41	0.3197716150267609
-3.7	22.19	0.3221399029371689
-3.7	20.96	0.3306542192459175
-3.7	19.73	0.3277431281305336
-3.7	18.5	0.3202598042789659
-3.7	17.27	0.32000937865504037
-3.7	16.04	0.3015663392979423
-3.7	14.8	0.3138231116314359
-3.7	13.57	0.32797057449426137
-3.7	12.34	0.3374773105042983
-3.7	11.11	0.3287702557658428
-3.7	9.88	0.3313346235849008
-3.7	8.64	0.3377151805465825
-3.7	7.41	0.32578266753367646
-3.7	6.17	0.3405635918916126
-3.7	4.94	0.34220879241137675
-3.71	3.71	0.3463245361673476
-3.7	2.47	0.34445239283876505
-3.7	1.23	0.3486200310738351
-3.7	-0.0	0.3356776490355713
-3.7	-1.23	0.3299256150655787
-3.7	-2.47	0.3428922137794822
-3.71	-3.71	0.32343616318178964
-3.7	-4.94	0.31928727862153305
-3.7	-6.17	0.32831275422928147
-3.7	-7.41	0.31204371821699084
-3.7	-8.64	0.33689771873433433
-3.7	-9.88	0.3360205674915799
-3.7	-11.11	0.3221320562425927
-3.7	-12.34	0.3397583751850364
-3.7	-13.57	0.3367672086738593
-3.7	-14.8	0.3362915129057648
-3.7	-16.04	0.35123594858536766
-3.7	-17.27	0.3792766824818063
-3.7	-18.5	0.35123999295747055
-3.7	-19.73	0.3577951848635845
-3.7	-20.96	0.3597751683090975
-3.7	-22.19	0.3425733275354358
-3.7	-23.41	0.3644155669665648
-3.7	-24.64	0.3348824378096249
-3.7	-25.87	0.33882327618757024
-3.69	-27.09	0.3361739779727369
-3.69	-28.31	0.3323860335616026
-3.69	-29.54	0.3135120207467441
-3.69	-30.78	0.31109101938923495
-3.69	-32.0	0.3521266475551754
-3.69	-33.18	0.3584011984354889
-3.68	-34.35	0.3622135889579101
-3.67	-35.51	0.35132596204484623
-3.66	-36.6	0.3852884590558233
-3.63	-37.55	0.449760921947575
-2.42	-37.58	0.47698055188581956
-2.44	-36.61	0.39968718691534955
-2.45	-35.52	0.385056444082276
-2.45	-34.36	0.3707190191229547
-2.46	-33.18	0.37483248004969255
-2.46	-32.0	0.346438332054718
-2.46	-30.78	0.32334153965754103
-2.46	-29.54	0.3115726148574972
-2.46	-28.31	0.33222997890694367
-2.46	-27.09	0.3247026837911428
-2.46	-25.87	0.3368909661453476
-2.46	-24.64	0.3560596558443681
-2.46	-23.41	0.37368855924388544
-2.47	-22.19	0.35481269052740794
-2.47	-20.96	0.34281531792844244
-2.47	-19.73	0.3721611017237936
-2.47	-18.5	0.3539308884172562
-2.47	-17.27	0.357478410514414
-2.47	-16.04	0.3523604552777198
-2.47	-14.8	0.3474592903890369
-2.47	-13.57	0.3258089143141756
-2.47	-12.34	0.328298856920352
-2.47	-11.11	0.32413137372714873
-2.47	-9.88	0.3382100927752206
-2.47	-8.64	0.325888316244611
-2.47	-7.41	0.3258131506098798
-2.47	-6.17	0.32661286546861046
-2.47	-4.94	0.3313075931932826
-2.47	-3.7	0.33118288377074356
-2.47	-2.47	0.3200273887276064
-2.47	-1.24	0.32873470077738254
-2.47	0.0	0.3474441082962512
-2.47	1.24	0.3243856235363922
-2.47	2.47	0.3536667000802584
-2.47	3.7	0.3321132136741451
-2.47	4.94	0.3578646716322896
-2.47	6.17	0.3363021341133503
-2.47	7.41	0.32257709323677003
-2.47	8.64	0.3357618808581754
-2.47	9.88	0.3457283396267277
-2.47	11.11	0.33734289058983324
-2.47	12.34	0.33288807160662426
-2.47	13.57	0.3296561639502223
-2.47	14.8	0.3242303809737912
-2.47	16.04	0.3207336717888458
-2.47	17.27	0.31952945117473464
-2.47	18.5	0.31533367220533315
-2.47	19.73	0.3251998275770868
-2.47	20.96	0.338537874287177
-2.47	22.19	0.30761515458962857
-2.46	23.41	0.3190649581762165
-2.46	24.64	0.33296475821713295
-2.46	25.87	0.3083820810236589
-2.46	27.09	0.3146385868175116
-2.46	28.31	0.3484294514099259
-2.46	29.54	0.3534726539357273
-2.46	30.78	0.34899357227304023
-2.46	32.0	0.3550032329264194
-2.46	33.18	0.38115268399386854
-2.45	34.36	0.3404406010444673
-2.45	35.52	0.3697070573787772
-2.44	36.61	0.39120637001321235
-2.42	37.58	0.7346276699081328
-1.21	37.6	0.63153482015107
-1.22	36.62	0.4326904483409221
-1.22	35.52	0.3595535929687067
-1.23	34.36	0.3548701402226232
-1.23	33.18	0.36241629734152714
-1.23	32.0	0.34643618656545566
-1.23	30.78	0.37344071732167095
-1.23	29.54	0.36631859886323687
-1.23	28.31	0.3561544822050654
-1.23	27.09	0.3159053464203629
-1.23	25.87	0.3280207913263299
-1.23	24.64	0.3121560623645432
-1.23	23.41	0.32384925466324965
-1.23	22.19	0.306908461239551
-1.23	20.96	0.3285927083236943
-1.23	19.73	0.32315631230441433
-1.23	18.5	0.3120957312746493
-1.23	17.27	0.33129553296694714
-1.23	16.04	0.3233923696089055
-1.23	14.8	0.3365168410886649
-1.23	13.57	0.32705072181205325
-1.23	12.34	0.34624567939174483
-1.23	11.11	0.3113383503630424
-1.23	9.88	0.322103521073015
-1.23	8.64	0.32704346221442526
-1.23	7.41	0.33711118826251524
-1.23	6.17	0.3377545570718653
-1.24	4.94	0.35481938307704813
-1.23	3.7	0.3233881281358857
-1.24	2.47	0.3523563025026434
-1.24	1.24	0.3380499312029969
-1.24	-0.0	0.34393647039360026
-1.24	-1.24	0.3259507563695523
-1.24	-2.47	0.3118876795784705
-1.23	-3.7	0.32171983498888074
-1.24	-4.94	0.32012112085640243
-1.23	-6.17	0.33093657901157
-1.23	-7.41	0.3114254259949583
-1.23	-8.64	0.3217089295286668
-1.23	-9.88	0.325878718728149
-1.23	-11.11	0.3275794244667892
-1.23	-12.34	0.3386356682965685
-1.23	-13.57	0.3429453174898323
-1.23	-14.8	0.3404758574789681
-1.23	-16.04	0.3442025347330342
-1.23	-17.27	0.337081116218734
-1.23	-18.5	0.34841935024125265
-1.23	-19.73	0.3409367119104618
-1.23	-20.96	0.34150845072164515
-1.23	-22.19	0.36389785682124537
-1.23	-23.41	0.366110523488288
-1.23	-24.64	0.3477895834797425
-1.23	-25.87	0.35756829105727356
-1.23	-27.09	0.33623754074129303
-1.23	-28.31	0.32055792941457556
-1.23	-29.54	0.3193635218501464
-1.23	-30.78	0.30755333606709506
-1.23	-32.0	0.3499444990643648
-1.23	-33.18	0.3595837235280772
-1.23	-34.36	0.37530284491488053
-1.22	-35.52	0.35697402708932613
-1.22	-36.62	0.35983883995902555
-1.21	-37.6	0.4734067912726907
0.0	-37.6	0.41935895966761483
0.0	-36.62	0.3645204000172232
0.0	-35.52	0.36803287937907025
0.0	-34.36	0.3661864422012208
0.0	-33.19	0.35029121592314394
0.0	-32.0	0.33329266803052626
0.0	-30.78	0.29916855955875626
0.0	-29.54	0.32668157992898916
0.0	-28.31	0.34260049205719606
0.0	-27.09	0.3354382682151897
0.0	-25.87	0.3325246030743784
0.0	-24.64	0.34816280101830416
0.0	-23.41	0.34291162556376126
0.0	-22.19	0.3597317639164064
0.0	-20.96	0.35868660024381893
0.0	-19.73	0.3574897246845958
0.0	-18.5	0.3394446442499739
0.0	-17.27	0.3580906026600578
0.0	-16.04	0.35597084923254263
0.0	-14.8	0.3412824693138625
0.0	-13.57	0.3226138441705476
0.0	-12.34	0.3357070900012133
0.0	-11.11	0.34033647081078955
0.0	-9.88	0.32440021932925506
0.0	-8.64	0.336154956574706
0.0	-7.41	0.33781425362890943
0.0	-6.17	0.32586661649498566
0.0	-4.94	0.3262221640929267
0.0	-3.7	0.31143413666116104
0.0	-2.47	0.3255443831067763
0.0	-1.24	0.3371688668933226
0.0	0.0	0.3190984151235761
0.0	1.24	0.34994486814284764
0.0	2.47	0.33856405626493524
0.0	3.7	0.35196764440512507
0.0	4.94	0.3346365295234694
0.0	6.17	0.34253304216084196
0.0	7.41	0.3320126294531733
0.0	8.64	0.32161671909251355
0.0	9.88	0.33525596142271563
0.0	11.11	0.33366526525701945
0.0	12.34	0.3250280087832214
0.0	13.57	0.3216415656130174
0.0	14.8	0.31899862920677663
0.0	16.04	0.3195874724391621
0.0	17.27	0.31872197220229037
0.0	18.5	0.31114084243952844
0.0	19.73	0.30149612718787466
0.0	20.96	0.3140534492430933
0.0	22.19	0.31098021662914616
0.0	23.41	0.3158845168616957
0.0	24.64	0.3209757717314255
0.0	25.87	0.3365500797534739
0.0	27.09	0.3145581644424272
0.0	28.31	0.3375223236197399
0.0	29.54	0.35595724832694126
0.0	30.78	0.3409139111284592
0.0	32.0	0.35990868956739075
0.0	33.19	0.3350169412222891
0.0	34.36	0.3699883452009053
0.0	35.52	0.37589729291962737
0.0	36.62	0.38929455560550064
0.0	37.6	0.5683607549632117
1.21	37.6	0.7048920041272262
1.22	36.62	0.4194249746451387
1.22	35.52	0.35969776064587855
1.23	34.36	0.3388940591511622
1.23	33.18	0.3700180755042802
1.23	32.0	0.3404642790241319
1.23	30.78	0.3384467904080835
1.23	29.54	0.35733429900883124
1.23	28.31	0.3233529623825629
1.23	27.09	0.32591171018184506
1.23	25.87	0.31611384111808283
1.23	24.64	0.3184623497430264
1.23	23.41	0.309876143170964
1.23	22.19	0.32696904899947027
1.23	20.96	0.3174466791342717
1.23	19.73	0.3170243652104553
1.23	18.5	0.32457564659310423
1.23	17.27	0.3269505223859662
1.23	16.04	0.3426023031129135
1.23	14.8	0.324560135586287
1.23	13.57	0.3289389961091434
1.23	12.34	0.33088564826305994
1.23	11.11	0.3376766555254147
1.23	9.88	0.3596921280352323
1.23	8.64	0.3286257029423839
1.23	7.41	0.33128821748546
1.23	6.17	0.3449345149563715
1.24	4.94	0.3333038587435346
1.23	3.7	0.35511803637768324
1.24	2.47	0.35031241909464006
1.24	1.24	0.34372807826660473
1.24	-0.0	0.3402116049033664
1.24	-1.24	0.3247373810925717
1.24	-2.47	0.3292946907037007
1.23	-3.7	0.32227056933898135
1.24	-4.94	0.33534438269311106
1.23	-6.17	0.3200946219233244
1.23	-7.41	0.3377754215720238
1.23	-8.64	0.3281746394149267
1.23	-9.88	0.31848797734789047
1.23	-11.11	0.33110992321005056
1.23	-12.34	0.33749980756566794
1.23	-13.57	0.3296978331125717
1.23	-14.8	0.33116388551533865
1.23	-16.04	0.34452145047642985
1.23	-17.27	0.3390674031083943
1.23	-18.5	0.356165875655117
1.23	-19.73	0.3438562990155257
1.23	-20.96	0.3553073794454713
1.23	-22.19	0.34378125189106207
1.23	-23.41	0.3528750162900639
1.23	-24.64	0.33893924727806124
1.23	-25.87	0.33507394801677975
1.23	-27.09	0.343575910751813
1.23	-28.31	0.32932877953527256
1.23	-29.54	0.3102436712643483
1.23	-30.78	0.29913735844055955
1.23	-32.0	0.3234265562520514
1.23	-33.18	0.35142519469880346
1.23	-34.36	0.36011492495538555
1.22	-35.52	0.3800040208005745
1.22	-36.62	0.35240981042422537
1.21	-37.6	0.49236767948736926
2.42	-37.58	0.45537182412854904
2.44	-36.61	0.3712018025659971
2.45	-35.52	0.3761574547200678
2.45	-34.36	0.3732664238187585
2.46	-33.18	0.3435190576000607
2.46	-32.0	0.3358896288404023
2.46	-30.78	0.3130733241414349
2.46	-29.54	0.30545130260535786
2.46	-28.31	0.3262916322063773
2.46	-27.09	0.3216720509842281
2.46	-25.87	0.33819018575225385
2.46	-24.64	0.3447036841900512
2.46	-23.41	0.35971244687912063
2.47	-22.19	0.35740372702492557
2.47	-20.96	0.3424767869467799
2.47	-19.73	0.3652198534065557
2.47	-18.5	0.3415739993180552
2.47	-17.27	0.3547791855596255
2.47	-16.04	0.3444939773334567
2.47	-14.8	0.33747364537228014
2.47	-13.57	0.3345382612000412
2.47	-12.34	0.331780412842223
2.47	-11.11	0.3342572056598726
2.47	-9.88	0.32656950920905875
2.47	-8.64	0.3402904147713261
2.47	-7.41	0.33215406510952855
2.47	-6.17	0.32725980643106567
2.47	-4.94	0.3344133227062017
2.47	-3.7	0.3438585072174525
2.47	-2.47	0.3258781542988007
2.47	-1.24	0.3282682452012874
2.47	0.0	0.33620542854873553
2.47	1.24	0.3401891753107912
2.47	2.47	0.3442108375193826
2.47	3.7	0.35134261420358287
2.47	4.94	0.34976260864589437
2.47	6.17	0.3619130899835657
2.47	7.41	0.33436934879078506
2.47	8.64	0.32316377289240683
2.47	9.88	0.33134104423549554
2.47	11.11	0.344061620238129
2.47	12.34	0.3276750717098287
2.47	13.57	0.3301890484356469
2.47	14.8	0.33379386801039906
2.47	16.04	0.33152720964034216
2.47	17.27	0.32905585789244607
2.47	18.5	0.31974921715487375
2.47	19.73	0.3180902557816311
2.47	20.96	0.32642269136864943
2.47	22.19	0.31104699995077767
2.46	23.41	0.32532576686317277
2.46	24.64	0.3276106646698316
2.46	25.87	0.31691373876334095
2.46	27.09	0.3196145037224884
2.46	28.31	0.3453311732907869
2.46	29.54	0.33146004203151247
2.46	30.78	0.33356458386468646
2.46	32.0	0.3426078031868781
2.46	33.18	0.381472408693724
2.45	34.36	0.35465219464076125
2.45	35.52	0.34781359469955764
2.44	36.61	0.3982096491035667
2.42	37.58	0.7264440576579005
3.63	37.55	0.8642735322027953
3.66	36.6	0.4364528484541005
3.67	35.51	0.36216421079359995
3.68	34.35	0.3484648503475095
3.69	33.18	0.3641457556872269
3.69	32.0	0.3601624444302422
3.69	30.78	0.33575428945798236
3.69	29.54	0.3460246824188512
3.69	28.31	0.3502325900597284
3.69	27.09	0.3113481992802399
3.7	25.87	0.3182945909612933
3.7	24.64	0.3230004247382242
3.7	23.41	0.3262378487513391
3.7	22.19	0.3173346209401022
3.7	20.96	0.33268915760639706
3.7	19.73	0.31267058959125765
3.7	18.5	0.3233991330162168
3.7	17.27	0.32231065721857777
3.7	16.04	0.3286192992318782
3.7	14.8	0.3264482608826964
3.7	13.57	0.3215637491143776
3.7	12.34	0.3284360533902611
3.7	11.11	0.3452809330028534
3.7	9.88	0.33451740353010423
3.7	8.64	0.3317144685488504
3.7	7.41	0.3429227034184487
3.7	6.17	0.36930740908714227
3.7	4.94	0.34240810841526115
3.71	3.71	0.33641956895063224
3.7	2.47	0.3549475879030982
3.7	1.23	0.3405033012043057
3.7	-0.0	0.3244206710767878
3.7	-1.23	0.32767728945006813
3.7	-2.47	0.3261820663279505
3.71	-3.71	0.3475768242303133
3.7	-4.94	0.30925383284370134
3.7	-6.17	0.3248558696324444
3.7	-7.41	0.32425058596219253
3.7	-8.64	0.31884852674510084
3.7	-9.88	0.33280219596132665
3.7	-11.11	0.3341679898293401
3.7	-12.34	0.34544880647405224
3.7	-13.57	0.3512918853750929
3.7	-14.8	0.327409133033896
3.7	-16.04	0.3444401471728653
3.7	-17.27	0.3476044306572784
3.7	-18.5	0.36336512914516206
3.7	-19.73	0.3662293358968987
3.7	-20.96	0.3383937524845225
3.7	-22.19	0.343987177739594
3.7	-23.41	0.3430354259016938
3.7	-24.64	0.35296473050399085
3.7	-25.87	0.3395533835325031
3.69	-27.09	0.32475940436238687
3.69	-28.31	0.3298603823437754
3.69	-29.54	0.31753592727287305
3.69	-30.78	0.3146149286789628
3.69	-32.0	0.343621209277942
3.69	-33.18	0.3634434082286195
3.68	-34.35	0.39228517889245573
3.67	-35.51	0.3557577821772514
3.66	-36.6	0.3651090084841445
3.63	-37.55	0.49635994048629406
4.84	-37.5	0.6425411821233827
4.88	-36.58	0.39835401192748676
4.9	-35.49	0.37036958141292564
4.91	-34.35	0.39578142063734034
4.91	-33.17	0.360786575226499
4.92	-31.99	0.3401517203935481
4.93	-30.78	0.32364700108762695
4.92	-29.54	0.31285155783660296
4.92	-28.31	0.315010276663094
4.93	-27.09	0.3296657243674103
4.93	-25.87	0.33499505292030723
4.93	-24.64	0.3447605075486779
4.93	-23.41	0.3483119077161513
4.93	-22.18	0.33033285876936913
4.93	-20.96	0.34493875783998523
4.93	-19.73	0.35110754662317945
4.93	-18.5	0.3505468938396161
4.93	-17.26	0.34343098268395567
4.93	-16.04	0.3399521964051977
4.93	-14.8	0.33355688408457135
4.93	-13.57	0.33000246833830055
4.93	-12.34	0.3323486391446484
4.94	-11.1	0.3235864735650077
4.94	-9.87	0.32418864384618024
4.94	-8.64	0.33450388561125455
4.94	-7.41	0.3356420781126848
4.94	-6.17	0.33076056134273873
4.94	-4.94	0.3328263479449256
4.94	-3.7	0.3296114701182324
4.94	-2.47	0.329414252049451
4.94	-1.24	0.32083157256538464
4.94	0.0	0.33344950218676667
4.94	1.24	0.3416389271039699
4.94	2.47	0.34934018908837855
4.94	3.7	0.3532347132362673
4.94	4.94	0.33898191175021336
4.94	6.17	0.34410058268736726
4.94	7.41	0.34305305416243614
4.94	8.64	0.34384356155259155
4.94	9.87	0.33176620755643227
4.94	11.1	0.32586370269239434
4.93	12.34	0.3448832088144011
4.93	13.57	0.31600048222474936
4.93	14.8	0.3202226298893219
4.93	16.04	0.3221158319835128
4.93	17.26	0.30598617106690823
4.93	18.5	0.31472154781214956
4.93	19.73	0.313993611589353
4.93	20.96	0.32249696359280233
4.93	22.18	0.3200716501044486
4.93	23.41	0.3174385116069011
4.93	24.64	0.3305280040656434
4.93	25.87	0.3022149608384498
4.93	27.09	0.31676584604565433
4.92	28.31	0.3521510331412403
4.92	29.54	0.3290346405197782
4.93	30.78	0.34625209636528137
4.92	31.99	0.3616516242021972
4.91	33.17	0.3504281233278868
4.91	34.35	0.35642440318900936
4.9	35.49	0.36626884254286096
4.88	36.58	0.45001096136764684
4.84	37.5	0.1000001559078536
6.04	37.42	0.2730539827678178
6.09	36.55	0.4811026681952072
6.12	35.48	0.37901223680690876
6.13	34.34	0.36784130870544074
6.14	33.16	0.3619228178087401
6.15	31.98	0.34362956724164007
6.16	30.78	0.33087957593024847
6.16	29.55	0.32607343234246533
6.15	28.31	0.3395122780319761
6.16	27.08	0.33848040807206536
6.16	25.87	0.30483141670545166
6.16	24.64	0.3174271398034069
6.16	23.41	0.31027186999248185
6.16	22.18	0.31807574081730466
6.16	20.96	0.31178267445204116
6.16	19.73	0.32808786243582394
6.16	18.49	0.30565907572002243
6.17	17.26	0.31192562449454103
6.17	16.03	0.32244770636656084
6.17	14.8	0.32936029470193395
6.17	13.57	0.3272509697883311
6.17	12.34	0.3199071480683064
6.17	11.1	0.3240109707375055
6.17	9.87	0.33104024118000624
6.17	8.64	0.3170004817087336
6.17	7.41	0.3206368131194467
6.17	6.17	0.3340146094047668
6.17	4.94	0.3379916893976353
6.17	3.7	0.32605323551131615
6.17	2.47	0.35122870326118566
6.17	1.23	0.33480836565626765
6.17	-0.0	0.32591238786779264
6.17	-1.23	0.3269492973177699
6.17	-2.47	0.32588180553019547
6.17	-3.7	0.33273466127514195
6.17	-4.94	0.33663850860420685
6.17	-6.17	0.3324512894017913
6.17	-7.41	0.31932457006152076
6.17	-8.64	0.33665858419429123
6.17	-9.87	0.33401887990346407
6.17	-11.1	0.3399838433653358
6.17	-12.34	0.3358348150210864
6.17	-13.57	0.33688219382577805
6.17	-14.8	0.3601200535988389
6.17	-16.03	0.337478545034822
6.17	-17.26	0.3497385823605027
6.16	-18.49	0.34384260644875647
6.16	-19.73	0.33417228758440437
6.16	-20.96	0.36236516765293897
6.16	-22.18	0.36007264217561963
6.16	-23.41	0.3418242900619811
6.16	-24.64	0.3299683408187761
6.16	-25.87	0.3391042110615609
6.16	-27.08	0.3137064536151289
6.15	-28.31	0.32294830997363927
6.16	-29.55	0.3169140484806807
6.16	-30.78	0.31452127548562636
6.15	-31.98	0.35023791934694615
6.14	-33.16	0.3630143179727199
6.13	-34.34	0.35272401480649973
6.12	-35.48	0.35734306189106835
6.09	-36.55	0.42217764927563173
6.04	-37.42	0.3458219706277639
7.22	-37.3	0.36844749699191137
7.3	-36.51	0.4417948794269042
7.34	-35.46	0.328948457712125
7.36	-34.33	0.3562451295589881
7.37	-33.15	0.38238103973807763
7.38	-31.97	0.3406147626097226
7.39	-30.78	0.31898981572114016
7.39	-29.55	0.29481102005449866
7.38	-28.31	0.32257238227065027
7.39	-27.08	0.3191726712877463
7.39	-25.86	0.35228411381030067
7.39	-24.64	0.3294790557520819
7.39	-23.41	0.35015090198216775
7.39	-22.18	0.3529736399842104
7.4	-20.95	0.3516353451074863
7.4	-19.73	0.3540147388223303
7.4	-18.49	0.3689193318720867
7.4	-17.26	0.3441821607818542
7.4	-16.03	0.33934023286594994
7.4	-14.8	0.3446278973630323
7.4	-13.57	0.3212715101261364
7.4	-12.34	0.33802867964850564
7.4	-11.1	0.33723636346927716
7.4	-9.87	0.3315963059621789
7.4	-8.64	0.3414482152934206
7.41	-7.41	0.3272232937761292
7.41	-6.17	0.3284404360481207
7.41	-4.94	0.34276728102453397
7.41	-3.7	0.3400285560167547
7.41	-2.47	0.3333585941313854
7.41	-1.23	0.33736172241327844
7.41	0.0	0.33212128246318795
7.41	1.23	0.33261104188862056
7.41	2.47	0.34340341766129534
7.41	3.7	0.3449619381546084
7.41	4.94	0.3314316882447172
7.41	6.17	0.3322446930255492
7.41	7.41	0.3445639115345801
7.4	8.64	0.33840219076682815
7.4	9.87	0.331615691944261
7.4	11.1	0.3273154064431246
7.4	12.34	0.3245358591470947
7.4	13.57	0.32516781722033855
7.4	14.8	0.31663627358375623
7.4	16.03	0.3112865204106482
7.4	17.26	0.31069508032975396
7.4	18.49	0.2915724515123424
7.4	19.73	0.32923860545071226
7.4	20.95	0.29833823992777947
7.39	22.18	0.32268652691765387
7.39	23.41	0.3345208042011405
7.39	24.64	0.31807716772222505
7.39	25.86	0.3113643414941595
7.39	27.08	0.3428148270589524
7.38	28.31	0.36334572704087265
7.39	29.55	0.32644978849972184
7.39	30.78	0.33385974925159795
7.38	31.97	0.35067944346007035
7.37	33.15	0.37849574983428197
7.36	34.33	0.33538826545487854
7.34	35.46	0.3876768660433736
7.3	36.51	0.4917458671520073
7.22	37.3	0.43394910080230464
8.51	36.45	0.5274025938827452
8.55	35.43	0.3938671285556361
8.58	34.31	0.3744159850519878
8.59	33.14	0.339030145144385
8.6	31.96	0.33868844221591143
8.62	30.77	0.34713476098805823
8.62	29.55	0.35093752185089866
8.62	28.31	0.3521219433291017
8.62	27.08	0.3448895742797898
8.62	25.86	0.31307805676993367
8.62	24.64	0.31457906804603797
8.62	23.41	0.31089320695641237
8.62	22.18	0.311650225679819
8.63	20.95	0.31823559270778434
8.63	19.72	0.30316029371391123
8.63	18.49	0.30455346245882925
8.63	17.26	0.37810782931185793
8.63	16.03	0.3242431425122863
8.63	14.8	0.3068443303664192
8.64	13.57	0.3252048219809736
8.64	12.34	0.3155940902701918
8.64	11.1	0.32158530006043895
8.64	9.87	0.32488230865581275
8.64	8.64	0.32991469112965366
8.64	7.4	0.3231915199241768
8.64	6.17	0.3325819893558648
8.64	4.94	0.330360188975647
8.64	3.7	0.32961210179449196
8.64	2.47	0.3308400386619503
8.64	1.23	0.313110498576724
8.64	-0.0	0.3374449257837984
8.64	-1.23	0.3116402863565225
8.64	-2.47	0.33376488625886747
8.64	-3.7	0.34172964155652313
8.64	-4.94	0.3321477370970609
8.64	-6.17	0.32755167746477243
8.64	-7.4	0.3124256806230603
8.64	-8.64	0.31811880257043085
8.64	-9.87	0.32256489812863387
8.64	-11.1	0.33123592350408615
8.64	-12.34	0.35191983983986114
8.64	-13.57	0.3497739060428575
8.63	-14.8	0.3421706985986818
8.63	-16.03	0.34017466711046207
8.63	-17.26	0.36006565814910674
8.63	-18.49	0.33083717920121036
8.63	-19.72	0.3465449935996136
8.63	-20.95	0.3431735086300526
8.62	-22.18	0.3440620498612739
8.62	-23.41	0.34492185510334
8.62	-24.64	0.32710267387545633
8.62	-25.86	0.337083767535692
8.62	-27.08	0.3395805758169661
8.62	-28.31	0.3097288035994406
8.62	-29.55	0.30921415126801094
8.62	-30.77	0.3156787030275883
8.6	-31.96	0.3369724746750955
8.59	-33.14	0.3641127694999038
8.58	-34.31	0.3560909911812813
8.55	-35.43	0.3507983380423704
8.51	-36.45	0.44032485955077927
9.7	-36.37	0.5194923117249738
9.76	-35.39	0.3597047743528058
9.8	-34.29	0.38133841359755694
9.82	-33.13	0.36345724707317373
9.83	-31.95	0.36364185336618726
9.84	-30.76	0.34765298328365246
9.85	-29.55	0.3130053879228866
9.85	-28.31	0.3233832170092514
9.85	-27.08	0.3296151697038736
9.85	-25.85	0.3249044212063786
9.85	-24.63	0.3299643743313091
9.86	-23.41	0.33927428040404634
9.86	-22.18	0.33803336900898945
9.86	-20.95	0.3324487156420401
9.86	-19.72	0.3495839796432665
9.86	-18.49	0.33874212745846116
9.86	-17.26	0.34779621104593283
9.86	-16.03	0.3442795306505811
9.87	-14.8	0.33710531425932905
9.87	-13.57	0.3379128921840306
9.87	-12.34	0.33372965842416014
9.87	-11.1	0.3239552646740177
9.87	-9.87	0.33015087328857884
9.87	-8.64	0.345236578719924
9.87	-7.4	0.3385948795382012
9.87	-6.17	0.31272840898879856
9.87	-4.94	0.3381970784939081
9.88	-3.7	0.34742258390874997
9.88	-2.47	0.34004740652003757
9.88	-1.23	0.32829708581014694
9.88	0.0	0.3498124111327849
9.88	1.23	0.3311460295888272
9.88	2.47	0.326686543856797
9.88	3.7	0.3357952353299416
9.87	4.94	0.3276948717797074
9.87	6.17	0.32812452663727676
9.87	7.4	0.3297527061886071
9.87	8.64	0.3252123684692752
9.87	9.87	0.3271438735244978
9.87	11.1	0.32709326977589603
9.87	12.34	0.32952233228002537
9.87	13.57	0.3123194020899794
9.87	14.8	0.32369828294428815
9.86	16.03	0.31843145153066427
9.86	17.26	0.32376844942652977
9.86	18.49	0.3034957059496355
9.86	19.72	0.3194823257867081
9.86	20.95	0.31670905580861947
9.86	22.18	0.3334063387165343
9.86	23.41	0.31547662362013723
9.85	24.63	0.3216250907828982
9.85	25.85	0.3291627057796889
9.85	27.08	0.33231603492452483
9.85	28.31	0.33267089923541726
9.85	29.55	0.318081755592397
9.84	30.76	0.3638658072475276
9.83	31.95	0.34855818117652226
9.82	33.13	0.3239635607131446
9.8	34.29	0.3728799074752229
9.76	35.39	0.39471121630785133
9.7	36.37	0.6437614509266884
10.88	36.26	0.8999999999996681
10.97	35.34	0.4443558668159382
11.01	34.26	0.34076084168184795
11.04	33.11	0.35479453727223687
11.05	31.93	0.35898294175082196
11.07	30.75	0.3650232004818446
11.08	29.55	0.352635686739911
11.08	28.32	0.33746663891041095
11.08	27.08	0.34843494822254567
11.08	25.85	0.3427046548790263
11.08	24.63	0.31613170896822657
11.09	23.41	0.3270817840890022
11.09	22.18	0.31698130773921335
11.09	20.95	0.3229731960045175
11.09	19.72	0.4
11.1	18.49	0.31651698175665816
11.1	17.26	0.3137109427541663
11.1	16.03	0.3213452823362334
11.1	14.8	0.3291007727188104
11.1	13.57	0.32229182430261727
11.1	12.34	0.32801991371433337
11.1	11.1	0.31979389468770003
11.1	9.87	0.32502406527043437
11.1	8.64	0.32242913019055575
11.1	7.4	0.3210412409698997
11.1	6.17	0.33578799741296533
11.1	4.94	0.32316422557511465
11.11	3.7	0.3212545600570167
11.11	2.47	0.3285259801569756
11.11	1.23	0.33672710577208115
11.11	-0.0	0.31669231137191006
11.11	-1.23	0.3329891536541641
11.11	-2.47	0.33635397314866305
11.11	-3.7	0.32069623473926784
11.1	-4.94	0.32509300303511457
11.1	-6.17	0.33369728818885325
11.1	-7.4	0.3416510685419212
11.1	-8.64	0.31870628646491234
11.1	-9.87	0.342545687283956
11.1	-11.1	0.3393941183603428
11.1	-12.34	0.33007881158277264
11.1	-13.57	0.33835582776814915
11.1	-14.8	0.3357917092782565
11.1	-16.03	0.33766397893410904
11.1	-17.26	0.3332310202075157
11.1	-18.49	0.3554654617989968
11.09	-19.72	0.34651302171266585
11.09	-20.95	0.3405664405872581
11.09	-22.18	0.33752415698098726
11.09	-23.41	0.33116145155761006
11.08	-24.63	0.30930177589611285
11.08	-25.85	0.3303423755778667
11.08	-27.08	0.3179857909384847
11.08	-28.32	0.3157366654407297
11.08	-29.55	0.3148421390892371
11.07	-30.75	0.3514543464583193
11.05	-31.93	0.3535313835999593
11.04	-33.11	0.39595606586233534
11.01	-34.26	0.3403420584300225
10.97	-35.34	0.34906245825696125
10.88	-36.26	0.5537908391616737
12.02	-36.05	0.5363183034574502
12.16	-35.27	0.4138894184769417
12.22	-34.22	0.3466669361547983
12.25	-33.09	0.3714366162435093
12.27	-31.91	0.352472017366682
12.29	-30.73	0.35095584203006835
12.31	-29.54	0.3285494995771273
12.31	-28.32	0.3143165413713323
12.31	-27.08	0.31367787503388656
12.31	-25.85	0.33151606529924293
12.31	-24.63	0.33325590603216065
12.32	-23.4	0.3327592309610706
12.32	-22.18	0.33376322510366024
12.32	-20.94	0.328219975049774
12.32	-19.72	0.35221716350596244
12.33	-18.49	0.3545376224907372
12.33	-17.26	0.35203541779911574
12.33	-16.03	0.3472094098413079
12.33	-14.8	0.33518226992823624
12.33	-13.56	0.3476556734999853
12.33	-12.33	0.3515712303827676
12.34	-11.1	0.34941991399412026
12.34	-9.87	0.33981082228585424
12.34	-8.64	0.31723883591540764
12.34	-7.4	0.3241533812112719
12.34	-6.17	0.3355684413324515
12.34	-4.93	0.3315048339599538
12.34	-3.7	0.3355154555813233
12.34	-2.47	0.33884441881015065
12.34	-1.23	0.32035105847758416
12.34	0.0	0.3325166671397353
12.34	1.23	0.3240017108268033
12.34	2.47	0.330165923305485
12.34	3.7	0.3278819112904082
12.34	4.93	0.3275943108334464
12.34	6.17	0.3229625299478287
12.34	7.4	0.31321104561380975
12.34	8.64	0.3121962385690114
12.34	9.87	0.3374479139287302
12.34	11.1	0.3124429777615577
12.33	12.33	0.31193879698321847
12.33	13.56	0.3271380136839191
12.33	14.8	0.32303006049530036
12.33	16.03	0.31774072260077413
12.33	17.26	0.3184456667336714
12.33	18.49	0.3109139197226134
12.32	19.72	0.3104015239921847
12.32	20.94	0.32310212763169677
12.32	22.18	0.31100617737977043
12.32	23.4	0.3156884135003455
12.31	24.63	0.3096461928940293
12.31	25.85	0.34907585013390413
12.31	27.08	0.35982544216725476
12.31	28.32	0.344565122024599
12.31	29.54	0.3439013881822774
12.29	30.73	0.3627598465627187
12.27	31.91	0.3618827011184949
12.25	33.09	0.3443922829827708
12.22	34.22	0.3698385658922524
12.16	35.27	0.49314936248195407
12.02	36.05	0.49961976138943964
13.34	35.17	0.6106201258431379
13.42	34.17	0.4121497191417355
13.47	33.06	0.36821962833588173
13.49	31.9	0.3467192272877778
13.51	30.71	0.38398060234648695
13.53	29.53	0.3760193457493188
13.54	28.32	0.3335939604905709
13.54	27.08	0.3466653971609948
13.54	25.85	0.34673117644100515
13.54	24.62	0.3422772048599915
13.55	23.4	0.3259980747896752
13.55	22.17	0.31840253234327215
13.55	20.94	0.3357433060961862
13.55	19.71	0.31359597896668495
13.56	18.49	0.32077598404043633
13.56	17.26	0.325267254962133
13.56	16.03	0.3251355363217404
13.56	14.8	0.33810413909093545
13.56	13.56	0.3373540223535263
13.56	12.33	0.32083613201838534
13.57	11.1	0.3341842782955993
13.57	9.87	0.3443058437370647
13.57	8.64	0.3097810826759625
13.57	7.4	0.3316714025157257
13.57	6.17	0.3230689976255693
13.57	4.93	0.3293543958738717
13.57	3.7	0.3238053193182577
13.57	2.47	0.32941137592751707
13.57	1.23	0.3284745485547663
13.57	-0.0	0.3362836564035335
13.57	-1.23	0.3282519443909123
13.57	-2.47	0.3242908457110351
13.57	-3.7	0.3256685380268212
13.57	-4.93	0.3296833311918689
13.57	-6.17	0.3354883626614404
13.57	-7.4	0.34217531607246354
13.57	-8.64	0.3389793355944267
13.57	-9.87	0.34489262169133805
13.57	-11.1	0.3402875968355377
13.56	-12.33	0.33636664201283634
13.56	-13.56	0.33019005645421423
13.56	-14.8	0.340438572589257
13.56	-16.03	0.33509607962133797
13.56	-17.26	0.33337677378218444
13.56	-18.49	0.3363027844868045
13.55	-19.71	0.3430540637121456
13.55	-20.94	0.35112712048437356
13.55	-22.17	0.34122613267063573
13.55	-23.4	0.31152203200744877
13.54	-24.62	0.32043899834130385
13.54	-25.85	0.31387496337244053
13.54	-27.08	0.3145902475618632
13.54	-28.32	0.32269327723484253
13.53	-29.53	0.33606722127497507
13.51	-30.71	0.34635009405628614
13.49	-31.9	0.36493426373525883
13.47	-33.06	0.3410871438658268
13.42	-34.17	0.32414524360702035
13.34	-35.17	0.4821086456753414
14.49	-35.02	0.6158609137102544
14.62	-34.1	0.3819161471497614
14.67	-33.02	0.31111126560922187
14.71	-31.87	0.3596898897278311
14.73	-30.69	0.35610548710969103
14.75	-29.51	0.34302458419264226
14.77	-28.31	0.33975379109070203
14.78	-27.09	0.32906895075387566
14.77	-25.85	0.32290160372307347
14.77	-24.62	0.30854289733776435
14.77	-23.39	0.31817028073817466
14.78	-22.17	0.3281961320221307
14.78	-20.94	0.3364587222684085
14.78	-19.71	0.338270145506684
14.79	-18.48	0.34085247562732146
14.79	-17.25	0.3479438369275325
14.79	-16.03	0.3528572317323547
14.79	-14.79	0.33841892835308107
14.8	-13.56	0.33240656865986085
14.8	-12.33	0.33917509966988335
14.8	-11.1	0.34348792798180694
14.8	-9.87	0.3489018331412435
14.8	-8.63	0.326477024925166
14.8	-7.4	0.3529468260286114
14.8	-6.17	0.33006177633656886
14.8	-4.93	0.33051786399664507
14.8	-3.7	0.3262513208760328
14.8	-2.47	0.3168573634065364
14.8	-1.23	0.33670541143094035
14.8	0.0	0.3377289403412417
14.8	1.23	0.3309619399672919
14.8	2.47	0.33236477793307323
14.8	3.7	0.3342146523431896
14.8	4.93	0.31647454262018865
14.8	6.17	0.32497576407714046
14.8	7.4	0.3253817040342909
14.8	8.63	0.33089407573722496
14.8	9.87	0.32527140899637813
14.8	11.1	0.32129938141177095
14.8	12.33	0.3319852947883882
14.8	13.56	0.3348093936915887
14.79	14.79	0.3238611779189498
14.79	16.03	0.31934818596992365
14.79	17.25	0.31763293209273363
14.79	18.48	0.3233861042172279
14.78	19.71	0.3201712613380036
14.78	20.94	0.32730466009499193
14.78	22.17	0.3247423376980751
14.77	23.39	0.30636675739727487
14.77	24.62	0.44836446920669015
14.77	25.85	0.34468888142044524
14.78	27.09	0.33322983337647516
14.77	28.31	0.3608663156944324
14.75	29.51	0.34345194675108703
14.73	30.69	0.37798397232714664
14.71	31.87	0.33274832243437247
14.67	33.02	0.37399902440245414
14.62	34.1	0.4405315416222918
14.49	35.02	0.7565126118198678
15.79	34.0	0.5452453893014306
15.87	32.97	0.39304159990453647
15.92	31.84	0.3641098054640116
15.95	30.67	0.34752103584176597
15.97	29.48	0.362561994215963
15.99	28.3	0.34763095294729285
16.01	27.09	0.33015302930788476
16.01	25.85	0.3311815168208594
16.0	24.62	0.32536096045721347
16.0	23.39	0.3121642049402152
16.01	22.16	0.3239923248141792
16.01	20.94	0.31799139570119556
16.02	19.71	0.3159651098075363
16.02	18.48	0.3204328704784337
16.02	17.25	0.31910702916724976
16.02	16.02	0.32556695551560627
16.03	14.79	0.3200925637751009
16.03	13.56	0.3286130353175536
16.03	12.33	0.3252145684218333
16.03	11.1	0.31292177122172876
16.03	9.86	0.3243161390488108
16.03	8.63	0.324183037724863
16.03	7.4	0.3230763797559264
16.03	6.17	0.31457576975644025
16.04	4.93	0.32816500427570466
16.04	3.7	0.3294738233388773
16.04	2.47	0.3247842255870801
16.04	1.23	0.3174257956103595
16.04	-0.0	0.3197340542497723
16.04	-1.23	0.3404928888078836
16.04	-2.47	0.33601995541717905
16.04	-3.7	0.34241234982382024
16.04	-4.93	0.3354485680386756
16.03	-6.17	0.3263038250642592
16.03	-7.4	0.329085724012662
16.03	-8.63	0.3383504208669239
16.03	-9.86	0.33874003984565243
16.03	-11.1	0.31256756107497874
16.03	-12.33	0.3241818003733752
16.03	-13.56	0.34084031022902067
16.03	-14.79	0.3570100954846747
16.02	-16.02	0.3417557046889252
16.02	-17.25	0.34114517467700944
16.02	-18.48	0.33367886374417444
16.02	-19.71	0.3327467070799217
16.01	-20.94	0.3182603545812497
16.01	-22.16	0.30714463208414045
16.0	-23.39	0.31534964255454406
16.0	-24.62	0.3197127887117186
16.01	-25.85	0.3148488036024075
16.01	-27.09	0.32262705504464495
15.99	-28.3	0.33261189175774647
15.97	-29.48	0.3379194347910176
15.95	-30.67	0.3595502939932863
15.92	-31.84	0.3477486361581621
15.87	-32.97	0.3271516815557217
15.79	-34.0	0.46338162520936865
16.92	-33.85	0.560567002023076
17.06	-32.9	0.35758775620420213
17.12	-31.8	0.3393364307022959
17.16	-30.65	0.36326744410520917
17.19	-29.46	0.35575136656067885
17.21	-28.27	0.3504949239608926
17.23	-27.08	0.33644293501841555
17.24	-25.86	0.31857239510040813
17.23	-24.62	0.30780934492070416
17.23	-23.38	0.32680481905533554
17.23	-22.16	0.32585777711158587
17.24	-20.93	0.32820929666182785
17.25	-19.71	0.33027451363292426
17.25	-18.48	0.342675414469902
17.25	-17.25	0.3455322248004374
17.25	-16.02	0.34519763346021926
17.25	-14.79	0.34151148393303354
17.26	-13.56	0.33842136971878
17.26	-12.33	0.3571637125187269
17.26	-11.1	0.33099364768921663
17.26	-9.86	0.35811292028045033
17.26	-8.63	0.3347471552540068
17.26	-7.4	0.3321974743695511
17.26	-6.17	0.3324136340207484
17.26	-4.93	0.3258733567971541
17.27	-3.7	0.32983032729949285
17.27	-2.47	0.32466454385913207
17.27	-1.23	0.33768301925918776
17.27	0.0	0.32344393936600474
17.27	1.23	0.3180679534241591
17.27	2.47	0.3229971450244918
17.27	3.7	0.3389487262418105
17.26	4.93	0.32737259113426803
17.26	6.17	0.33081685326528415
17.26	7.4	0.32878233689569086
17.26	8.63	0.33022308163207753
17.26	9.86	0.3250844995148002
17.26	11.1	0.3266702249392726
17.26	12.33	0.3199953504188604
17.26	13.56	0.3080683105309814
17.25	14.79	0.3141685270359632
17.25	16.02	0.3201454266092057
17.25	17.25	0.3161006352322265
17.25	18.48	0.3186160790527566
17.25	19.71	0.3392441434595791
17.24	20.93	0.30113305080903346
17.23	22.16	0.32465757221472236
17.23	23.38	0.3427713992926247
17.23	24.62	0.33578723140935346
17.24	25.86	0.335379428086194
17.23	27.08	0.34829067039915856
17.21	28.27	0.3758044427447023
17.19	29.46	0.3424544056759996
17.16	30.65	0.34674618482610375
17.12	31.8	0.3611947059496661
17.06	32.9	0.449715684859745
16.92	33.85	0.7342226799267165
18.21	32.78	0.5268648144760653
18.31	31.74	0.41084712144030255
18.37	30.61	0.35029069098558274
18.4	29.44	0.3510154422907742
18.42	28.25	0.37342259275053513
18.45	27.06	0.3755149778146489
18.47	25.85	0.3576500948554597
18.47	24.63	0.34425558651737936
18.46	23.39	0.32569242267674725
18.46	22.15	0.33808255865620895
18.47	20.93	0.32135669067931094
18.47	19.7	0.31480045200731116
18.48	18.48	0.31737442761923473
18.48	17.25	0.31418459474210775
18.48	16.02	0.31100148215423895
18.48	14.79	0.32019144860217946
18.49	13.56	0.3254899420080143
18.49	12.33	0.322375850137104
18.49	11.1	0.3244655772881529
18.49	9.86	0.34269236662578095
18.49	8.63	0.32616109462527365
18.49	7.4	0.3212780376146841
18.49	6.16	0.33898154374650924
18.5	4.93	0.3349685898653096
18.5	3.7	0.3197827683430546
18.5	2.47	0.3175583909266066
18.5	1.23	0.32659183747004505
18.5	-0.0	0.33012560900901305
18.5	-1.23	0.32907088285634745
18.5	-2.47	0.31725711218287483
18.5	-3.7	0.33651665211803855
18.5	-4.93	0.3178067632888788
18.49	-6.16	0.3216587854403444
18.49	-7.4	0.3305959922303152
18.49	-8.63	0.3331717946482805
18.49	-9.86	0.32881780143006195
18.49	-11.1	0.3470570659573498
18.49	-12.33	0.3329119840775496
18.49	-13.56	0.3452068709345887
18.48	-14.79	0.3360260027015211
18.48	-16.02	0.3483493311869634
18.48	-17.25	0.32466448743251297
18.48	-18.48	0.347514890750089
18.47	-19.7	0.3337025252385585
18.47	-20.93	0.31419205938410255
18.46	-22.15	0.3329890639751701
18.46	-23.39	0.3236496003918362
18.47	-24.63	0.30659777127971516
18.47	-25.85	0.3219062537756144
18.45	-27.06	0.3492315675978589
18.42	-28.25	0.32694069427277483
18.4	-29.44	0.36744328076984434
18.37	-30.61	0.3233723509938844
18.31	-31.74	0.33256068130929384
18.21	-32.78	0.37604428798453704
19.32	-32.6	0.48013045753221006
19.48	-31.66	0.3516427621492654
19.56	-30.56	0.3197592167419573
19.61	-29.41	0.33634813450354073
19.63	-28.22	0.3488549422865094
19.66	-27.03	0.34896568536699
19.68	-25.84	0.34795737058402376
19.7	-24.62	0.30665115320675196
19.7	-23.39	0.29226340598382144
19.69	-22.16	0.310634971732598
19.69	-20.92	0.31381772280830894
19.7	-19.7	0.32481893734326384
19.7	-18.47	0.3288714408797176
19.71	-17.25	0.3373544374143593
19.71	-16.02	0.3306884220241224
19.71	-14.78	0.32737904240139254
19.71	-13.55	0.3391283252428259
19.72	-12.32	0.32965418375156846
19.72	-11.09	0.3305147367410937
19.72	-9.86	0.33236885184378145
19.72	-8.63	0.33186211667177623
19.73	-7.4	0.3216465686235384
19.73	-6.16	0.32821079408689324
19.73	-4.93	0.33675817527026347
19.73	-3.7	0.3361381084869655
19.73	-2.47	0.3133717244335719
19.73	-1.23	0.3213521407722871
19.73	0.0	0.3432266372048584
19.73	1.23	0.3229206937048311
19.73	2.47	0.31204285474568666
19.73	3.7	0.3216234285959048
19.73	4.93	0.31704643149672496
19.73	6.16	0.32954618139354935
19.73	7.4	0.33507076234900995
19.72	8.63	0.3020263654085419
19.72	9.86	0.32296383675068985
19.72	11.09	0.3334950642383545
19.72	12.32	0.3277722037621155
19.71	13.55	0.31580035629859904
19.71	14.78	0.2897231070347421
19.71	16.02	0.318470185152985
19.71	17.25	0.31343851434736736
19.7	18.47	0.32568448018482454
19.7	19.7	0.32404452271152023
19.69	20.92	0.3358449220569217
19.69	22.16	0.34196154885093927
19.7	23.39	0.3259957086139781
19.7	24.62	0.3396198306284135
19.68	25.84	0.3537772433919675
19.66	27.03	0.3728050235048162
19.63	28.22	0.3455402975979702
19.61	29.41	0.3613751006614049
19.56	30.56	0.35657331836890194
19.48	31.66	0.44676726266594047
19.32	32.6	0.7840601082219723
20.61	31.52	0.5465636988599732
20.73	30.49	0.41130026660044317
20.8	29.36	0.3532902681260143
20.84	28.2	0.36124501075258253
20.87	27.01	0.36247609346969845
20.89	25.81	0.37114386365732444
20.92	24.61	0.3587861238949758
20.93	23.39	0.35125097192673543
20.93	22.16	0.3494629042205843
20.92	20.92	0.337684741736863
20.92	19.69	0.32166057982143903
20.93	18.47	0.325581039459545
20.93	17.24	0.32540465893407317
20.94	16.01	0.31543452291170504
20.94	14.78	0.30148663899906913
20.94	13.55	0.28210916539381037
20.94	12.32	0.3051301576204386
20.95	11.09	0.3279414276289059
20.95	9.86	0.3194970221192562
20.95	8.63	0.3283278626004988
20.95	7.4	0.3256352601086664
20.96	6.16	0.31394616773100487
20.96	4.93	0.3149895401688144
20.96	3.7	0.3397320939050554
20.96	2.47	0.32546111791678534
20.96	1.23	0.3321463621672283
20.96	-0.0	0.33642815912517193
20.96	-1.23	0.3208459928317528
20.96	-2.47	0.32922499931731664
20.96	-3.7	0.3282841808582243
20.96	-4.93	0.3198717520962405
20.96	-6.16	0.3296449700167176
20.95	-7.4	0.3542894483539935
20.95	-8.63	0.3241707032439738
20.95	-9.86	0.33204363913866974
20.95	-11.09	0.33738212719162064
20.94	-12.32	0.3472507910659383
20.94	-13.55	0.33760484366275567
20.94	-14.78	0.33557085954137295
20.94	-16.01	0.3335800324262564
20.93	-17.24	0.29711786641471655
20.93	-18.47	0.32666694144649056
20.92	-19.69	0.33998802922043675
20.92	-20.92	0.3672555664796878
20.93	-22.16	0.31454523451357985
20.93	-23.39	0.3266656983853354
20.92	-24.61	0.33293277069104826
20.89	-25.81	0.32862863041540247
20.87	-27.01	0.3455441018334397
20.84	-28.2	0.3251994559095962
20.8	-29.36	0.32097733534576933
20.73	-30.49	0.31678943060772374
20.61	-31.52	0.4461517877309217
21.63	-31.24	0.352443807894267
21.87	-30.38	0.34060749961094405
21.97	-29.3	0.30745068927989827
22.04	-28.16	0.31576237269216345
22.07	-26.98	0.35195293266183447
22.1	-25.78	0.3486200045049637
22.13	-24.59	0.3316664733898766
22.15	-23.38	0.33723107475428926
22.16	-22.16	0.32654875334549727
22.16	-20.93	0.3063297465858782
22.16	-19.69	0.30778510543304827
22.15	-18.46	0.31467128146404766
22.16	-17.23	0.31248060824976165
22.16	-16.01	0.323169528055929
22.17	-14.78	0.3255347273912307
22.17	-13.55	0.3198235292615257
22.18	-12.32	0.3324099016628908
22.18	-11.09	0.3194434800313133
22.18	-9.86	0.33551993776744404
22.18	-8.62	0.327606282702333
22.18	-7.39	0.31450877499984226
22.18	-6.16	0.32103496027880873
22.18	-4.93	0.3356261599625626
22.19	-3.7	0.32288728994767474
22.19	-2.47	0.324041896382842
22.19	-1.23	0.33349481091514754
22.19	0.0	0.3340990872170861
22.19	1.23	0.3269232246219707
22.19	2.47	0.31855114159119463
22.19	3.7	0.32774341451747246
22.18	4.93	0.3236884078553649
22.18	6.16	0.33819424921522234
22.18	7.39	0.32669133477918766
22.18	8.62	0.34445782317455886
22.18	9.86	0.32326868927693914
22.18	11.09	0.2940124690393448
22.18	12.32	0.28775286315443227
22.17	13.55	0.31270014731606993
22.17	14.78	0.32306225522478194
22.16	16.01	0.3181275807900808
22.16	17.23	0.3111616438563089
22.15	18.46	0.33248782501960705
22.16	19.69	0.32572367929159896
22.16	20.93	0.32932015502938394
22.16	22.16	0.3523428530010504
22.15	23.38	0.3609965050777769
22.13	24.59	0.34374631987501225
22.1	25.78	0.37243091824486413
22.07	26.98	0.3363293543287861
22.04	28.16	0.35668560909640945
21.97	29.3	0.38057233504646193
21.87	30.38	0.4829822619949228
21.63	31.24	0.29218710088096467
22.94	30.18	0.33453509540357573
23.12	29.2	0.42144549770477635
23.21	28.1	0.3942201098755874
23.27	26.94	0.329378740137474
23.31	25.76	0.3320915566679372
23.33	24.56	0.37215245274647885
23.36	23.36	0.37451513093523003
23.38	22.15	0.3555714283385984
23.39	20.93	0.34189168039805407
23.39	19.7	0.3374963572434498
23.39	18.46	0.33043161239510466
23.38	17.23	0.31966354769136
23.39	16.0	0.3162264776010917
23.39	14.77	0.32181403402409814
23.4	13.55	0.321249662826121
23.4	12.32	0.3111206759287392
23.41	11.09	0.2958743890740373
23.41	9.86	0.28198559066368495
23.41	8.62	0.2838807350089033
23.41	7.39	0.33265764324049507
23.41	6.16	0.3777388829325081
23.41	4.93	0.36213489946097727
23.41	3.7	0.3456935334606167
23.41	2.46	0.3330382404034377
23.41	1.23	0.3211607158098516
23.41	-0.0	0.33058961645700585
23.41	-1.23	0.32011507283991336
23.41	-2.46	0.3258083310800148
23.41	-3.7	0.3392194676198396
23.41	-4.93	0.3312171071642168
23.41	-6.16	0.34274581842499374
23.41	-7.39	0.3372827918989615
23.41	-8.62	0.33586863786734633
23.41	-9.86	0.3348229838697805
23.41	-11.09	0.33474444125332575
23.4	-12.32	0.31162354053460367
23.4	-13.55	0.32147827384481187
23.39	-14.77	0.3266237318275792
23.39	-16.0	0.35049403198493967
23.38	-17.23	0.3034494061698004
23.39	-18.46	0.3198997953114633
23.39	-19.7	0.31015107016750926
23.39	-20.93	0.3059667165200846
23.38	-22.15	0.31142443121009716
23.36	-23.36	0.33446333186706567
23.33	-24.56	0.334775170975005
23.31	-25.76	0.3425662846432599
23.27	-26.94	0.3244403607469935
23.21	-28.1	0.3169050677464684
23.12	-29.2	0.35242943336850074
22.94	-30.18	0.448872360123463
24.2	-29.04	0.395799258113155
24.36	-28.01	0.3121811748559503
24.44	-26.89	0.3013704938855891
24.5	-25.72	0.32313696794802327
24.53	-24.53	0.3193838317791031
24.56	-23.33	0.31708461065391996
24.59	-22.13	0.3254538105162822
24.61	-20.92	0.34015433737052103
24.62	-19.7	0.32458334110878634
24.63	-18.47	0.322237857689898
24.62	-17.23	0.32892705876138706
24.62	-16.0	0.31246205166018987
24.62	-14.77	0.30729347016548575
24.62	-13.54	0.3138214742624971
24.63	-12.31	0.3188149148179514
24.63	-11.08	0.3275149424326141
24.63	-9.85	0.32705979593663803
24.64	-8.62	0.3232061297610516
24.64	-7.39	0.3215698555688674
24.64	-6.16	0.34448827424104883
24.64	-4.93	0.34470847304890867
24.64	-3.7	0.35170031607481717
24.64	-2.46	0.3469082790437077
24.64	-1.23	0.35419939966784975
24.64	0.0	0.3773650069983009
24.64	1.23	0.3427528474767787
24.64	2.46	0.33910043880864915
24.64	3.7	0.3372362519203415
24.64	4.93	0.28228974664953993
24.64	6.16	0.2838659826839264
24.64	7.39	0.2872470272871557
24.64	8.62	0.30263802020903685
24.63	9.85	0.3122496507843343
24.63	11.08	0.3206921986129274
24.63	12.31	0.3186616027600605
24.62	13.54	0.31516315644510495
24.62	14.77	0.3088155630828403
24.62	16.0	0.3423191879600092
24.62	17.23	0.33436839137881774
24.63	18.47	0.3334442419537427
24.62	19.7	0.3570245995639116
24.61	20.92	0.3499176971168032
24.59	22.13	0.35522189091548967
24.56	23.33	0.3749552462727802
24.53	24.53	0.36924771290355773
24.5	25.72	0.34265611052876765
24.44	26.89	0.3512642112601524
24.36	28.01	0.4354357815261013
24.2	29.04	0.5537002869840191
25.43	27.86	0.545724323568751
25.59	26.8	0.40221673287229354
25.67	25.67	0.3817679115213142
25.72	24.5	0.3489008454322552
25.76	23.31	0.3487754336094822
25.78	22.1	0.3601298219415579
25.81	20.89	0.35851056622481636
25.84	19.68	0.3608684330722754
25.85	18.47	0.36541121295054685
25.86	17.24	0.3633737469370838
25.85	16.01	0.33284677487949155
25.85	14.77	0.3171769943462087
25.85	13.54	0.32096964072019313
25.85	12.31	0.32136187906758534
25.85	11.08	0.34000015241880116
25.85	9.85	0.3244223541924771
25.86	8.62	0.3108493408042541
25.86	7.39	0.32825193152016924
25.87	6.16	0.300178805543225
25.87	4.93	0.30096400925110345
25.87	3.7	0.31261507698297747
25.87	2.46	0.30940469393045433
25.87	1.23	0.3007906482382086
25.87	-0.0	0.31306007003098585
25.87	-1.23	0.31855338687057044
25.87	-2.46	0.3105357377472991
25.87	-3.7	0.30214501502120034
25.87	-4.93	0.34436101681025727
25.87	-6.16	0.31570654115868496
25.86	-7.39	0.3293325401262978
25.86	-8.62	0.31365713541804896
25.85	-9.85	0.3181803274341533
25.85	-11.08	0.31527504781020543
25.85	-12.31	0.31536884525800185
25.85	-13.54	0.3114054021493547
25.85	-14.77	0.310434918146793
25.85	-16.01	0.30644340753002586
25.86	-17.24	0.32608122659277616
25.85	-18.47	0.31917293462007595
25.84	-19.68	0.32087119931595903
25.81	-20.89	0.3271868961673104
25.78	-22.1	0.32791547872618215
25.76	-23.31	0.3112560909064114
25.72	-24.5	0.31578061677858993
25.67	-25.67	0.3034300466840292
25.59	-26.8	0.2966362542661028
25.43	-27.86	0.3698479993145072
26.65	-26.65	0.34913285245492387
26.8	-25.59	0.2848199047827067
26.89	-24.44	0.3017237158513809
26.94	-23.27	0.30277069032330217
26.98	-22.07	0.3212995805046165
27.01	-20.87	0.31510113765260983
27.03	-19.66	0.327304895542491
27.06	-18.45	0.32066593511250874
27.08	-17.23	0.3278288075652525
27.09	-16.01	0.3165594459708925
27.09	-14.78	0.30828221411107726
27.08	-13.54	0.30771549875349935
27.08	-12.31	0.31825106376106826
27.08	-11.08	0.29904349458572105
27.08	-9.85	0.30735150737568223
27.08	-8.62	0.2955335228481387
27.08	-7.39	0.30755031709740616
27.08	-6.16	0.3155907502669417
27.09	-4.93	0.30654472556092704
27.09	-3.69	0.32091084732311337
27.09	-2.46	0.2961906702956888
27.09	-1.23	0.3129065700589862
27.09	0.0	0.30080018341232306
27.09	1.23	0.31829166527128744
27.09	2.46	0.31732609338957746
27.09	3.69	0.3079061274891424
27.09	4.93	0.3106107574851509
27.08	6.16	0.3222339928322241
27.08	7.39	0.3171004660012416
27.08	8.62	0.3230912192639458
27.08	9.85	0.3116927015460258
27.08	11.08	0.32252196013335815
27.08	12.31	0.3275254625276035
27.08	13.54	0.33356817266778066
27.09	14.78	0.31863139592489603
27.09	16.01	0.34406276707344224
27.08	17.23	0.35948687987965694
27.06	18.45	0.36701232929340044
27.03	19.66	0.3376075489858306
27.01	20.87	0.3705818446636344
26.98	22.07	0.33279990083524513
26.94	23.27	0.3299139155667915
26.89	24.44	0.38945673172158723
26.8	25.59	0.38738714685628317
26.65	26.65	0.5211019442392163
27.86	25.43	0.531902654676032
28.01	24.36	0.39976170441028414
28.1	23.21	0.3789061767462879
28.16	22.04	0.3349091936290914
28.2	20.84	0.33461950561927245
28.22	19.63	0.3573236355180013
28.25	18.42	0.3564856486574016
28.27	17.21	0.35426263083102866
28.3	15.99	0.3491885188608803
28.31	14.77	0.3653121067490955
28.32	13.54	0.3593630125810921
28.32	12.31	0.3247873215751074
28.32	11.08	0.346499893759644
28.31	9.85	0.32095467623346574
28.31	8.62	0.3208164484390424
28.31	7.38	0.3105163326499616
28.31	6.15	0.31838107145979666
28.31	4.92	0.314569476209408
28.31	3.69	0.3076385546816655
28.31	2.46	0.3308989598700876
28.31	1.23	0.30925415501049125
28.31	-0.0	0.31692948045193753
28.31	-1.23	0.3045674682138218
28.31	-2.46	0.30549925416056367
28.31	-3.69	0.31719180718361545
28.31	-4.92	0.29816400686566924
28.31	-6.15	0.3210048931421507
28.31	-7.38	0.3104212247397441
28.31	-8.62	0.3024731166234839
28.31	-9.85	0.31572093439772475
28.32	-11.08	0.3078391418510192
28.32	-12.31	0.3136111668330188
28.32	-13.54	0.31642837436684873
28.31	-14.77	0.3031991454103138
28.3	-15.99	0.323871271736635
28.27	-17.21	0.30537417029349867
28.25	-18.42	0.30821415946168185
28.22	-19.63	0.3020086490501107
28.2	-20.84	0.301218818964377
28.16	-22.04	0.3118234364418343
28.1	-23.21	0.2961824156370967
28.01	-24.36	0.3083454712587287
27.86	-25.43	0.3280067406249856
29.04	-24.2	0.35318717123619703
29.2	-23.12	0.29518555223675635
29.3	-21.97	0.3048322525580843
29.36	-20.8	0.295397588832259
29.41	-19.61	0.29284150790604235
29.44	-18.4	0.29808335124376684
29.46	-17.19	0.3150554983737425
29.48	-15.97	0.31631311576789245
29.51	-14.75	0.3137419255715208
29.53	-13.53	0.3168679736764106
29.54	-12.31	0.30240947586476596
29.55	-11.08	0.30051626497355
29.55	-9.85	0.3289510110708237
29.55	-8.62	0.3230733805638607
29.55	-7.39	0.3115770570050546
29.55	-6.16	0.3075175908489563
29.54	-4.92	0.3199484582407299
29.54	-3.69	0.29811197996199423
29.54	-2.46	0.3256262535181697
29.54	-1.23	0.32201215510027326
29.54	0.0	0.317581320356714
29.54	1.23	0.3097471175723435
29.54	2.46	0.32060988645797794
29.54	3.69	0.3307362365624786
29.54	4.92	0.33046835575014605
29.55	6.16	0.3354088116925714
29.55	7.39	0.33270740787730657
29.55	8.62	0.3491169420442441
29.55	9.85	0.3490138943745112
29.55	11.08	0.34757192302790213
29.54	12.31	0.348295504629675
29.53	13.53	0.3355228120251186
29.51	14.75	0.3532357107004301
29.48	15.97	0.3584629595267598
29.46	17.19	0.35305278384297734
29.44	18.4	0.3371955645788115
29.41	19.61	0.3339554305529686
29.36	20.8	0.3354569247967846
29.3	21.97	0.373241365533732
29.2	23.12	0.4218810981655342
29.04	24.2	0.5111130452200561
30.18	22.94	0.5931810094869158
30.38	21.87	0.4420954373653979
30.49	20.73	0.38028304884259245
30.56	19.56	0.4085951221216372
30.61	18.37	0.3221650703650055
30.65	17.16	0.3437971882656675
30.67	15.95	0.35617023802289627
30.69	14.73	0.35633742118356976
30.71	13.51	0.3358651605031437
30.73	12.29	0.33332224544339056
30.75	11.07	0.3543794359501943
30.76	9.84	0.3404981040910058
30.77	8.62	0.347703512713523
30.78	7.39	0.33775386546855884
30.78	6.16	0.33535020123710735
30.78	4.93	0.32224375147779416
30.78	3.69	0.33246786334039136
30.78	2.46	0.30841150613055707
30.78	1.23	0.3369355607456881
30.78	-0.0	0.3134683958475223
30.78	-1.23	0.3312222673680542
30.78	-2.46	0.32896062584792035
30.78	-3.69	0.3130200630490636
30.78	-4.93	0.32769334698031327
30.78	-6.16	0.3173440143754488
30.78	-7.39	0.3118731578855915
30.77	-8.62	0.311221821136883
30.76	-9.84	0.2974949669905155
30.75	-11.07	0.3103247954372517
30.73	-12.29	0.31055219096005665
30.71	-13.51	0.30568489217678046
30.69	-14.73	0.3213589586526091
30.67	-15.95	0.2972418926223398
30.65	-17.16	0.28293213253069716
30.61	-18.37	0.29718430432278753
30.56	-19.56	0.2846152726940483
30.49	-20.73	0.28631680757442646
30.38	-21.87	0.28398838982891705
30.18	-22.94	0.3923595117914762
31.24	-21.63	0.4465860179720842
31.52	-20.61	0.3035498333306986
31.66	-19.48	0.27987464393336103
31.74	-18.31	0.26984303781396624
31.8	-17.12	0.29802860724939967
31.84	-15.92	0.2955537694757171
31.87	-14.71	0.2882519686801848
31.9	-13.49	0.2888838968813203
31.91	-12.27	0.30191614123994814
31.93	-11.05	0.3029840785837643
31.95	-9.83	0.3122896264539674
31.96	-8.6	0.3159713825918293
31.97	-7.38	0.2987272759100207
31.98	-6.15	0.3232399625741267
31.99	-4.92	0.34498375130090303
32.0	-3.69	0.337185163340281
32.0	-2.46	0.3566018815697527
32.0	-1.23	0.3391527936462371
32.0	0.0	0.3455795759529206
32.0	1.23	0.320633312389435
32.0	2.46	0.3198112866212566
32.0	3.69	0.32996348990371493
31.99	4.92	0.33879117472638437
31.98	6.15	0.33388111952332333
31.97	7.38	0.3542890967507704
31.96	8.6	0.3436887566769893
31.95	9.83	0.3373392350693097
31.93	11.05	0.3428808254370884
31.91	12.27	0.34499867639725235
31.9	13.49	0.3443640853546371
31.87	14.71	0.33333333196989723
31.84	15.92	0.33093589236537
31.8	17.12	0.40764124413178104
31.74	18.31	0.35457882140903874
31.66	19.48	0.3808331907527841
31.52	20.61	0.4944883322269291
31.24	21.63	0.4251619272805425
32.6	19.32	0.4839135682352952
32.78	18.21	0.4490115552098022
32.9	17.06	0.36557812559032776
32.97	15.87	0.3947515285318953
33.02	14.67	0.3717412685143152
33.06	13.47	0.35591244346540707
33.09	12.25	0.3449242628318292
33.11	11.04	0.34823339335391934
33.13	9.82	0.3408124911631754
33.14	8.59	0.36041979318378276
33.15	7.37	0.3278820277336409
33.16	6.14	0.3491495827150129
33.17	4.91	0.315943378214088
33.18	3.69	0.335261248611148
33.18	2.46	0.31431519128160273
33.18	1.23	0.31151392966846425
33.19	-0.0	0.32298143145395525
33.18	-1.23	0.31488814617598754
33.18	-2.46	0.31576430340034634
33.18	-3.69	0.3112220070565688
33.17	-4.91	0.32777297001028793
33.16	-6.14	0.32339771082391067
33.15	-7.37	0.2943053765986163
33.14	-8.59	0.30243687324701474
33.13	-9.82	0.2993498821128967
33.11	-11.04	0.3031630036484373
33.09	-12.25	0.29944327477945853
33.06	-13.47	0.2952886775596836
33.02	-14.67	0.2903209377444217
32.97	-15.87	0.27427456701034864
32.9	-17.06	0.2820225262461995
32.78	-18.21	0.3036322683868387
32.6	-19.32	0.4104440218834421
33.85	-16.92	0.3771635296686976
34.0	-15.79	0.3209510061393551
34.1	-14.62	0.3156492559437288
34.17	-13.42	0.2908468832541481
34.22	-12.22	0.2845407347522396
34.26	-11.01	0.2993078003966297
34.29	-9.8	0.30126915171294677
34.31	-8.58	0.29981185151603795
34.33	-7.36	0.3274107326561085
34.34	-6.13	0.31214271563273777
34.35	-4.91	0.3046117589334725
34.35	-3.68	0.310890911708255
34.36	-2.45	0.2997489275648651
34.36	-1.23	0.31909351744262193
34.36	0.0	0.31676435572460465
34.36	1.23	0.3102250131207178
34.36	2.45	0.3403065874603655
34.35	3.68	0.3594757722905947
34.35	4.91	0.3509861933829762
34.34	6.13	0.3377811076616007
34.33	7.36	0.358727098453244
34.31	8.58	0.32633438451874475
34.29	9.8	0.3263825865481201
34.26	11.01	0.3452551996479983
34.22	12.22	0.40747315262826367
34.17	13.42	0.3616401091251359
34.1	14.62	0.3602189217842453
34.0	15.79	0.42467678881937465
33.85	16.92	0.5198211707765501
35.02	14.49	0.4763794858408228
35.17	13.34	0.42681056622720503
35.27	12.16	0.381000105855158
35.34	10.97	0.3569133929010214
35.39	9.76	0.36834569389076643
35.43	8.55	0.3492377449291884
35.46	7.34	0.36215951670759583
35.48	6.12	0.33596481231143827
35.49	4.9	0.31573084138828045
35.51	3.67	0.3093711953176459
35.52	2.45	0.3096884489715003
35.52	1.22	0.3312715950474041
35.52	-0.0	0.3316405007276011
35.52	-1.22	0.33811512910344865
35.52	-2.45	0.32267686465924117
35.51	-3.67	0.32019023541595315
35.49	-4.9	0.32238163323854807
35.48	-6.12	0.3126018696509597
35.46	-7.34	0.3121004078180345
35.43	-8.55	0.3241989532999135
35.39	-9.76	0.35812025991505403
35.34	-10.97	0.37056210836821823
35.27	-12.16	0.330897415962644
35.17	-13.34	0.3403164645247994
35.02	-14.49	0.3749655521175381
36.05	-12.02	0.4100326395735162
36.26	-10.88	0.3731102992148948
36.37	-9.7	0.3241969464078454
36.45	-8.51	0.32268042004358954
36.51	-7.3	0.332626834545405
36.55	-6.09	0.3414601880282316
36.58	-4.88	0.3447060958069169
36.6	-3.66	0.3458419487241729
36.61	-2.44	0.3421400122564605
36.62	-1.22	0.35695590021549195
36.62	0.0	0.32641634453933743
36.62	1.22	0.3158102400083588
36.61	2.44	0.3243873688967446
36.6	3.66	0.3266181699185903
36.58	4.88	0.33550736406200193
36.55	6.09	0.3240401015209531
36.51	7.3	0.34692952504445085
36.45	8.51	0.35658520115028036
36.37	9.7	0.36841140741536027
36.26	10.88	0.4760650001894695
36.05	12.02	0.5357103747245642
37.3	7.22	0.4411905201398939
37.42	6.04	0.3913000160712027
37.5	4.84	0.3591695438884829
37.55	3.63	0.3541142354325012
37.58	2.42	0.32888007677940534
37.6	1.21	0.3352769784857098
37.6	-0.0	0.34022533120842474
37.6	-1.21	0.32000899514292797
37.58	-2.42	0.3429042519723232
37.55	-3.63	0.3372702603645794
37.5	-4.84	0.32278746604207137
37.42	-6.04	0.3369075207188016
37.3	-7.22	0.37259182473743646
