-37.3	-7.22	4.778725719389804
-37.42	-6.04	4.899893968183427
-37.5	-4.84	4.991323014243768
-37.55	-3.63	5.06316516591199
-37.58	-2.42	5.163654492829927
-37.6	-1.21	5.305692882930238
-37.6	0.0	5.5342109261826025
-37.6	1.21	5.76378120904247
-37.58	2.42	6.061291957399639
-37.55	3.63	6.388675877825158
-37.5	4.84	6.692294423811795
-37.42	6.04	7.107327532242429
-37.3	7.22	7.4783547219820505
-36.05	12.02	7.619481885212004
-36.26	10.88	7.183012541340027
-36.37	9.7	6.646690534372574
-36.45	8.51	6.1621333886016245
-36.51	7.3	5.758503123389268
-36.55	6.09	5.454081921973916
-36.58	4.88	5.119972346080537
-36.6	3.66	4.914723436884948
-36.61	2.44	4.663432418552297
-36.62	1.22	4.432357316826661
-36.62	-0.0	4.230386292636261
-36.62	-1.22	4.0900843312048565
-36.61	-2.44	3.9887981610853913
-36.6	-3.66	3.8966878538656644
-36.58	-4.88	3.795108249052113
-36.55	-6.09	3.6749404603422917
-36.51	-7.3	3.5796737664542277
-36.45	-8.51	3.487708346756655
-36.37	-9.7	3.4299223845531728
-36.26	-10.88	3.4282163619329893
-36.05	-12.02	3.477712292426638
-35.02	-14.49	2.525703817890424
-35.17	-13.34	2.569606413773336
-35.27	-12.16	2.7122051343578235
-35.34	-10.97	2.8381508743756214
-35.39	-9.76	2.8782718535271457
-35.43	-8.55	2.8445356485319664
-35.46	-7.34	2.8336196678915613
-35.48	-6.12	2.897007808029194
-35.49	-4.9	2.9347718587688334
-35.51	-3.67	3.0104956404127208
-35.52	-2.45	3.0757077257639978
-35.52	-1.22	3.1591411276394226
-35.52	0.0	3.2498050990214224
-35.52	1.22	3.362693767055937
-35.52	2.45	3.505218494552004
-35.51	3.67	3.6993083656003094
-35.49	4.9	3.8537924252286544
-35.48	6.12	4.093378636016119
-35.46	7.34	4.604070878439238
-35.43	8.55	5.136361459763883
-35.39	9.76	5.497030185185416
-35.34	10.97	5.757998192178441
-35.27	12.16	6.188761984149245
-35.17	13.34	6.620311315523672
-35.02	14.49	7.153527269588331
-33.85	16.92	6.945349551825153
-34.0	15.79	6.50698542088265
-34.1	14.62	6.09529707237899
-34.17	13.42	5.701962527385483
-34.22	12.22	5.242269034582968
-34.26	11.01	4.593525932617801
-34.29	9.8	4.103430640884234
-34.31	8.58	3.816809195055278
-34.33	7.36	3.4793854261693227
-34.34	6.13	3.2604685167099845
-34.35	4.91	3.06044816038186
-34.35	3.68	2.8849557758605116
-34.36	2.45	2.717778522298154
-34.36	1.23	2.591395438421806
-34.36	-0.0	2.4832327500895346
-34.36	-1.23	2.407338863419149
-34.36	-2.45	2.367252719057042
-34.35	-3.68	2.3102229700061017
-34.35	-4.91	2.279222227346729
-34.34	-6.13	2.224798314196285
-34.33	-7.36	2.2321053194475056
-34.31	-8.58	2.2482089557235767
-34.29	-9.8	2.304847341790328
-34.26	-11.01	2.2971097904105378
-34.22	-12.22	2.233068279513823
-34.17	-13.42	2.2817604514090064
-34.1	-14.62	2.2174701490190856
-34.0	-15.79	2.0499972033973606
-33.85	-16.92	1.8756670515322682
-32.6	-19.32	1.458342928757041
-32.78	-18.21	1.6041885041328428
-32.9	-17.06	1.770742873930537
-32.97	-15.87	1.8039098898087857
-33.02	-14.67	1.828526930181276
-33.06	-13.47	1.848762456911821
-33.09	-12.25	1.757301432915959
-33.11	-11.04	1.7041577379664474
-33.13	-9.82	1.735003377411978
-33.14	-8.59	1.7539224878228268
-33.15	-7.37	1.7697546797286847
-33.16	-6.14	1.797696424682691
-33.17	-4.91	1.824097367095554
-33.18	-3.69	1.83262844232069
-33.18	-2.46	1.8764833854512304
-33.18	-1.23	1.9054851557382406
-33.19	0.0	1.9556481814356417
-33.18	1.23	2.060764830839851
-33.18	2.46	2.1301504352295737
-33.18	3.69	2.228850493968814
-33.17	4.91	2.3403245628401024
-33.16	6.14	2.4538930580843115
-33.15	7.37	2.655019732725684
-33.14	8.59	2.906961677722741
-33.13	9.82	3.2230050838125024
-33.11	11.04	3.545625523200833
-33.09	12.25	3.9717037771702266
-33.06	13.47	4.402434559113566
-33.02	14.67	4.975242555395717
-32.97	15.87	5.733538453147723
-32.9	17.06	6.1346168027374475
-32.78	18.21	6.495622995107446
-32.6	19.32	6.795973865045603
-31.24	21.63	6.3024182772447475
-31.52	20.61	6.5308105250139405
-31.66	19.48	6.262552793630952
-31.74	18.31	5.797798098964016
-31.8	17.12	5.014219228713863
-31.84	15.92	4.4764170464781685
-31.87	14.71	3.9012775656605427
-31.9	13.49	3.439309628356007
-31.91	12.27	3.0481734719695552
-31.93	11.05	2.6671414322843034
-31.95	9.83	2.4536509501222312
-31.96	8.6	2.314638823689087
-31.97	7.38	2.134437754887891
-31.98	6.15	1.9490669592116419
-31.99	4.92	1.7973747353101928
-32.0	3.69	1.6733597274358871
-32.0	2.46	1.5869820406354407
-32.0	1.23	1.5232121139714039
-32.0	-0.0	1.4772861739397456
-32.0	-1.23	1.435050771852005
-32.0	-2.46	1.4068431842792677
-32.0	-3.69	1.4045767049202311
-31.99	-4.92	1.3948512475552093
-31.98	-6.15	1.3975901686236014
-31.97	-7.38	1.4163715661034857
-31.96	-8.6	1.4682362396938586
-31.95	-9.83	1.462435912912234
-31.93	-11.05	1.4716720609937468
-31.91	-12.27	1.4506765487940996
-31.9	-13.49	1.4087864827099494
-31.87	-14.71	1.4110912297469653
-31.84	-15.92	1.488987375674995
-31.8	-17.12	1.5004221768656762
-31.74	-18.31	1.4713767716339419
-31.66	-19.48	1.371338781659695
-31.52	-20.61	1.195605894950532
-31.24	-21.63	1.0908161916978045
-30.18	-22.94	0.876090046487711
-30.38	-21.87	0.983717684817357
-30.49	-20.73	1.129921583033628
-30.56	-19.56	1.1843004354641522
-30.61	-18.37	1.1946999814984665
-30.65	-17.16	1.1290432785716646
-30.67	-15.95	1.1254652250602248
-30.69	-14.73	1.212419815477908
-30.71	-13.51	1.2684826185105962
-30.73	-12.29	1.245138391312011
-30.75	-11.07	1.2038481167842079
-30.76	-9.84	1.1321046974020632
-30.77	-8.62	1.1190571768883402
-30.78	-7.39	1.0997553698349378
-30.78	-6.16	1.0810932172753667
-30.78	-4.93	1.059656982419483
-30.78	-3.69	1.0738729137720142
-30.78	-2.46	1.078516195073604
-30.78	-1.23	1.0974676101349203
-30.78	0.0	1.108519209551119
-30.78	1.23	1.1816681114688734
-30.78	2.46	1.2415718709970065
-30.78	3.69	1.3078646914243706
-30.78	4.93	1.3893890852928976
-30.78	6.16	1.485144713326683
-30.78	7.39	1.5863372405572775
-30.77	8.62	1.728364724404294
-30.76	9.84	1.916598146089008
-30.75	11.07	2.161903994129439
-30.73	12.29	2.3684899633767955
-30.71	13.51	2.6171374545181934
-30.69	14.73	2.9832569428535365
-30.67	15.95	3.507654386751831
-30.65	17.16	4.03082770489285
-30.61	18.37	4.605455329049981
-30.56	19.56	5.453302704367154
-30.49	20.73	6.076648246334294
-30.38	21.87	6.395074593795393
-30.18	22.94	6.307292531892621
-29.04	24.2	6.298411161633062
-29.2	23.12	6.275333779927443
-29.3	21.97	5.9106010739083175
-29.36	20.8	5.021248642793616
-29.41	19.61	4.405460389447946
-29.44	18.4	3.6258450725612406
-29.46	17.19	3.065032805392356
-29.48	15.97	2.6438885509723136
-29.51	14.75	2.350111113418656
-29.53	13.53	2.1119125911133025
-29.54	12.31	1.8012606688762034
-29.55	11.08	1.6175156032130147
-29.55	9.85	1.478461369213349
-29.55	8.62	1.335133902324941
-29.55	7.39	1.2244263816753076
-29.55	6.16	1.0854401146268842
-29.54	4.92	0.9956040392158414
-29.54	3.69	0.9263213094482552
-29.54	2.46	0.8405203671428012
-29.54	1.23	0.8183156289958404
-29.54	-0.0	0.7817751732398577
-29.54	-1.23	0.7420571425801583
-29.54	-2.46	0.7343709746541691
-29.54	-3.69	0.7296916266032483
-29.54	-4.92	0.7417892331067293
-29.55	-6.16	0.7499832068712919
-29.55	-7.39	0.7834500100056161
-29.55	-8.62	0.8197021391387622
-29.55	-9.85	0.8621172844824301
-29.55	-11.08	0.898784306414683
-29.54	-12.31	0.9629153042129559
-29.53	-13.53	1.0078228942360496
-29.51	-14.75	1.045080764891921
-29.48	-15.97	1.0459817612881679
-29.46	-17.19	0.9865064289113192
-29.44	-18.4	0.8960677928826541
-29.41	-19.61	0.9175422378024507
-29.36	-20.8	0.9459766940466068
-29.3	-21.97	0.84041673102044
-29.2	-23.12	0.7579213013601915
-29.04	-24.2	0.663519878812906
-27.86	-25.43	0.4694778550428822
-28.01	-24.36	0.5442153954761153
-28.1	-23.21	0.6471496614996823
-28.16	-22.04	0.7363024767348421
-28.2	-20.84	0.7311296684054511
-28.22	-19.63	0.7925828350371944
-28.25	-18.42	0.909441837026499
-28.27	-17.21	0.9035357627202814
-28.3	-15.99	0.9097148185700306
-28.31	-14.77	0.8600223898896289
-28.32	-13.54	0.7934155270449565
-28.32	-12.31	0.7231821139351027
-28.32	-11.08	0.6625066908525667
-28.31	-9.85	0.5992308705016285
-28.31	-8.62	0.5412179664307786
-28.31	-7.38	0.5208001553000301
-28.31	-6.15	0.49598332543403956
-28.31	-4.92	0.47758552663187004
-28.31	-3.69	0.4745741909592951
-28.31	-2.46	0.48351126310898707
-28.31	-1.23	0.47660312494937784
-28.31	0.0	0.4866223950061155
-28.31	1.23	0.5286030113971236
-28.31	2.46	0.5484589672769573
-28.31	3.69	0.6149632310040474
-28.31	4.92	0.6717724797245808
-28.31	6.15	0.7382798054972071
-28.31	7.38	0.8488251052479328
-28.31	8.62	0.9324710815214843
-28.31	9.85	1.059131267142682
-28.32	11.08	1.2404259135158782
-28.32	12.31	1.4054436812314606
-28.32	13.54	1.577974667980449
-28.31	14.77	1.8082739613953507
-28.3	15.99	2.144003080824099
-28.27	17.21	2.4270145836726087
-28.25	18.42	2.7788252680876795
-28.22	19.63	3.3419533103854278
-28.2	20.84	4.18537730612298
-28.16	22.04	4.672995102257524
-28.1	23.21	5.668094261341203
-28.01	24.36	6.18844850880523
-27.86	25.43	6.196759685891841
-26.65	26.65	6.09895405100216
-26.8	25.59	6.123656141813207
-26.89	24.44	5.521484619290028
-26.94	23.27	4.7018367271561985
-26.98	22.07	3.8818477822188626
-27.01	20.87	3.077799309851578
-27.03	19.66	2.6089997464067025
-27.06	18.45	2.273040186595871
-27.08	17.23	1.9137595020403992
-27.09	16.01	1.61365811995163
-27.09	14.78	1.410114855875726
-27.08	13.54	1.2044758555977566
-27.08	12.31	0.9951731486819213
-27.08	11.08	0.8594407963388662
-27.08	9.85	0.749117416126424
-27.08	8.62	0.6278754926527697
-27.08	7.39	0.546627914624743
-27.08	6.16	0.4974641676390732
-27.09	4.93	0.4306500217286455
-27.09	3.69	0.41988350751232417
-27.09	2.46	0.40203234235527674
-27.09	1.23	0.3640215635413
-27.09	-0.0	0.3586026930128483
-27.09	-1.23	0.353465238177499
-27.09	-2.46	0.34073498618980125
-27.09	-3.69	0.3265583183057217
-27.09	-4.93	0.3310231556617538
-27.08	-6.16	0.3102471805323148
-27.08	-7.39	0.3076385305047964
-27.08	-8.62	0.33638223516428667
-27.08	-9.85	0.3847502385371868
-27.08	-11.08	0.4278139747679006
-27.08	-12.31	0.47031186131978586
-27.08	-13.54	0.538465416050478
-27.09	-14.78	0.6604953433389227
-27.09	-16.01	0.7197207356521247
-27.08	-17.23	0.7826680944383355
-27.06	-18.45	0.8008542181418932
-27.03	-19.66	0.8072550155671152
-27.01	-20.87	0.71623480318285
-26.98	-22.07	0.539781806390998
-26.94	-23.27	0.536979564717015
-26.89	-24.44	0.43064643662452085
-26.8	-25.59	0.3170690305976578
-26.65	-26.65	0.2578701281832849
-25.43	-27.86	0.09075881087793647
-25.59	-26.8	0.12131575204603706
-25.67	-25.67	0.23992702110687247
-25.72	-24.5	0.3440398007473604
-25.76	-23.31	0.4272084226494641
-25.78	-22.1	0.6347849742242531
-25.81	-20.89	0.7088427141082789
-25.84	-19.68	0.7070723467757531
-25.85	-18.47	0.6841311839085051
-25.86	-17.24	0.61140600702619
-25.85	-16.01	0.5237770023823884
-25.85	-14.77	0.42193424825059367
-25.85	-13.54	0.36597998319704317
-25.85	-12.31	0.27415151794235726
-25.85	-11.08	0.2612583236955075
-25.85	-9.85	0.2363349416121281
-25.86	-8.62	0.2719593899746684
-25.86	-7.39	0.24565382341267394
-25.87	-6.16	0.24150022040759467
-25.87	-4.93	0.22672919610599251
-25.87	-3.7	0.21664169937660915
-25.87	-2.46	0.22160246350524915
-25.87	-1.23	0.22808212427161578
-25.87	0.0	0.20914231803153172
-25.87	1.23	0.19258021283783933
-25.87	2.46	0.2615767574355701
-25.87	3.7	0.29029792654858255
-25.87	4.93	0.2867375845234008
-25.87	6.16	0.3507913584478928
-25.86	7.39	0.4080027306675973
-25.86	8.62	0.4553053882575355
-25.85	9.85	0.4864601100439998
-25.85	11.08	0.5651556137880505
-25.85	12.31	0.6908747703253155
-25.85	13.54	0.8396409031667531
-25.85	14.77	0.9780106214721442
-25.85	16.01	1.2391025150982458
-25.86	17.24	1.4724479481645716
-25.85	18.47	1.7482239365478094
-25.84	19.68	2.133227251131963
-25.81	20.89	2.4541461322499103
-25.78	22.1	2.968186828211479
-25.76	23.31	3.7186775742937144
-25.72	24.5	4.67014446373458
-25.67	25.67	5.5165066024249185
-25.59	26.8	6.081782772406832
-25.43	27.86	5.963950358000467
-24.2	29.04	5.725103753282703
-24.36	28.01	6.027876735250608
-24.44	26.89	5.527075101422845
-24.5	25.72	4.671539791649515
-24.53	24.53	3.7058924104127797
-24.56	23.33	2.8826580665295793
-24.59	22.13	2.3842903405329636
-24.61	20.92	2.0493787951660565
-24.62	19.7	1.6311860134780076
-24.63	18.47	1.3758391671069319
-24.62	17.23	1.0745566161596756
-24.62	16.0	0.8488101588974004
-24.62	14.77	0.6954578751679108
-24.62	13.54	0.5558699575212884
-24.63	12.31	0.45968092920114145
-24.63	11.08	0.4153151090825773
-24.63	9.85	0.3867346053198446
-24.64	8.62	0.302140285959986
-24.64	7.39	0.1581989054003472
-24.64	6.16	0.054622195107548066
-24.64	4.93	-0.002228182295155534
-24.64	3.7	0.038736359736184056
-24.64	2.46	0.07541116376817314
-24.64	1.23	0.11069413189647292
-24.64	-0.0	0.1465509898973565
-24.64	-1.23	0.15072748771275712
-24.64	-2.46	0.15841417801081548
-24.64	-3.7	0.16583979475204558
-24.64	-4.93	0.1835604884718407
-24.64	-6.16	0.19707955179617898
-24.64	-7.39	0.21603298182578357
-24.64	-8.62	0.2349287755946392
-24.63	-9.85	0.18894981307396108
-24.63	-11.08	0.2076752360951133
-24.63	-12.31	0.23141180792389093
-24.62	-13.54	0.25411109016620514
-24.62	-14.77	0.26032451574478443
-24.62	-16.0	0.3146698209761496
-24.62	-17.23	0.4024948686633749
-24.63	-18.47	0.5342498527173092
-24.62	-19.7	0.6108004354185468
-24.61	-20.92	0.6208037888357794
-24.59	-22.13	0.6259258462824064
-24.56	-23.33	0.5445368618029605
-24.53	-24.53	0.27688216022036727
-24.5	-25.72	0.17186932771524965
-24.44	-26.89	0.04188845553441212
-24.36	-28.01	-0.07487434836308893
-24.2	-29.04	-0.03398167542808039
-22.94	-30.18	0.023139432818283012
-23.12	-29.2	-0.2192277606464188
-23.21	-28.1	-0.12345989817780634
-23.27	-26.94	0.013787556336488649
-23.31	-25.76	0.13554780715858072
-23.33	-24.56	0.44231309960865417
-23.36	-23.36	0.5167945404473997
-23.38	-22.15	0.5511621825082855
-23.39	-20.93	0.5261725355453493
-23.39	-19.7	0.4389916451854958
-23.39	-18.46	0.3348935074253987
-23.38	-17.23	0.2420344354602051
-23.39	-16.0	0.21328667014353897
-23.39	-14.77	0.21473671435231978
-23.4	-13.55	0.16840438439611916
-23.4	-12.32	0.15549861718947255
-23.41	-11.09	0.17724496920023114
-23.41	-9.86	0.15955428280946649
-23.41	-8.62	0.1672104225497506
-23.41	-7.39	0.15556675173591827
-23.41	-6.16	0.12422854372071868
-23.41	-4.93	0.1309234755821933
-23.41	-3.7	0.12411683635524895
-23.41	-2.46	0.10107658331124014
-23.41	-1.23	0.10549803112130007
-23.41	0.0	0.08750306761496063
-23.41	1.23	0.08948472785512962
-23.41	2.46	0.11496968412270547
-23.41	3.7	0.10426511381347581
-23.41	4.93	0.10032609582623309
-23.41	6.16	0.06614543998742306
-23.41	7.39	-0.015106037672147465
-23.41	8.62	-0.03455814061607754
-23.41	9.86	0.11669258730152166
-23.41	11.09	0.21879722592623096
-23.4	12.32	0.3562968907773154
-23.4	13.55	0.3819925228615304
-23.39	14.77	0.4642822725310296
-23.39	16.0	0.5866206008200052
-23.38	17.23	0.7426285608785932
-23.39	18.46	0.945157464338017
-23.39	19.7	1.2874123058598528
-23.39	20.93	1.5732542667964466
-23.38	22.15	1.9857907672147874
-23.36	23.36	2.34940928158732
-23.33	24.56	2.9057678311193413
-23.31	25.76	3.8270797357538484
-23.27	26.94	4.748704038230663
-23.21	28.1	5.639035375646408
-23.12	29.2	5.961272761931589
-22.94	30.18	5.459879131876882
-21.63	31.24	4.265646752175435
-21.87	30.38	5.799205775544571
-21.97	29.3	5.837936398290758
-22.04	28.16	5.035156481401948
-22.07	26.98	4.036926206776478
-22.1	25.78	2.967124597831635
-22.13	24.59	2.3500648450594284
-22.15	23.38	1.9812939323551646
-22.16	22.16	1.525900485664998
-22.16	20.93	1.2130196160490314
-22.16	19.69	0.8784354090192252
-22.15	18.46	0.6531488249272002
-22.16	17.23	0.5161000085360214
-22.16	16.01	0.3864298735181251
-22.17	14.78	0.32591437706013693
-22.17	13.55	0.22245434742885095
-22.18	12.32	0.14493191259002458
-22.18	11.09	0.056949511951259524
-22.18	9.86	0.07754318517923053
-22.18	8.62	0.060749912101215386
-22.18	7.39	0.06586652824858419
-22.18	6.16	0.04162193979059481
-22.18	4.93	0.032180271476974553
-22.19	3.7	0.06747674715249019
-22.19	2.47	0.08175223308568036
-22.19	1.23	0.09514278689577083
-22.19	-0.0	0.10588740402369012
-22.19	-1.23	0.09154276190241006
-22.19	-2.47	0.09018498412218179
-22.19	-3.7	0.0845483129373008
-22.18	-4.93	0.11444094216364675
-22.18	-6.16	0.11046369347318574
-22.18	-7.39	0.10729596568051392
-22.18	-8.62	0.13025348448032048
-22.18	-9.86	0.1368675030482578
-22.18	-11.09	0.15115912093532557
-22.18	-12.32	0.1466578857302423
-22.17	-13.55	0.21258967062361478
-22.17	-14.78	0.1769252703884021
-22.16	-16.01	0.1660564056196705
-22.16	-17.23	0.21071478424705958
-22.15	-18.46	0.2191329194843732
-22.16	-19.69	0.25764803222834587
-22.16	-20.93	0.35402283459644934
-22.16	-22.16	0.4838865000699215
-22.15	-23.38	0.5139216736817005
-22.13	-24.59	0.4654636309200626
-22.1	-25.78	0.3239329395957
-22.07	-26.98	0.006607486846156974
-22.04	-28.16	-0.16629475185938247
-21.97	-29.3	-0.2778076908731748
-21.87	-30.38	-0.36222167459042254
-21.63	-31.24	0.6898130650897016
-20.61	-31.52	-0.4521452597023057
-20.73	-30.49	-0.442480218382606
-20.8	-29.36	-0.36361708463017806
-20.84	-28.2	-0.1225370247799944
-20.87	-27.01	0.18135584903260593
-20.89	-25.81	0.3896330726200148
-20.92	-24.61	0.45693630811256014
-20.93	-23.39	0.4279922551135229
-20.93	-22.16	0.3271356175331661
-20.92	-20.92	0.21641646915175272
-20.92	-19.69	0.1808251606472524
-20.93	-18.47	0.17270198369724454
-20.93	-17.24	0.14858742105476352
-20.94	-16.01	0.2062158257744997
-20.94	-14.78	0.1465001126381722
-20.94	-13.55	0.12029807791915914
-20.94	-12.32	0.10214751570114089
-20.95	-11.09	0.09875975524273173
-20.95	-9.86	0.11467322884345066
-20.95	-8.63	0.12034582050857523
-20.95	-7.4	0.09570909987513687
-20.96	-6.16	0.08873000422007493
-20.96	-4.93	0.07717783046248883
-20.96	-3.7	0.07790198210575738
-20.96	-2.47	0.060326241549425674
-20.96	-1.23	0.0616182683635742
-20.96	0.0	0.04265565054490139
-20.96	1.23	0.05376427956947083
-20.96	2.47	0.04451318226166734
-20.96	3.7	0.029720527444503375
-20.96	4.93	0.02295288262617845
-20.96	6.16	0.03126334677768483
-20.95	7.4	0.006122318312435482
-20.95	8.63	-0.014449100214548594
-20.95	9.86	0.01725788109052928
-20.95	11.09	0.02478178130292008
-20.94	12.32	0.040492142979033474
-20.94	13.55	0.10094973179322864
-20.94	14.78	0.15819420927361705
-20.94	16.01	0.24424467895049418
-20.93	17.24	0.34367072649515507
-20.93	18.47	0.469599344109092
-20.92	19.69	0.6191274441557368
-20.92	20.92	0.8448017565542543
-20.93	22.16	1.1958527806422055
-20.93	23.39	1.525765120778864
-20.92	24.61	2.007816930984937
-20.89	25.81	2.401673345918219
-20.87	27.01	3.084292638837205
-20.84	28.2	4.394494149842878
-20.8	29.36	5.21004255592451
-20.73	30.49	5.8406553568850725
-20.61	31.52	5.606676280816124
-19.32	32.6	4.968251192439332
-19.48	31.66	5.7435271193724375
-19.56	30.56	5.413654304021101
-19.61	29.41	4.60913563943263
-19.63	28.22	3.373012168144548
-19.66	27.03	2.5761802472573905
-19.68	25.84	2.0579018379276235
-19.7	24.62	1.5887750230843736
-19.7	23.39	1.225710931856156
-19.69	22.16	0.817465998520376
-19.69	20.92	0.592294899409822
-19.7	19.7	0.4046111048357446
-19.7	18.47	0.2879023384944972
-19.71	17.25	0.20717911480404183
-19.71	16.02	0.08723282823559941
-19.71	14.78	0.04260586998753979
-19.71	13.55	0.006228458971428097
-19.72	12.32	-0.012768791725378037
-19.72	11.09	-0.05203080603904198
-19.72	9.86	-0.0494828124670974
-19.72	8.63	-0.009640378973905683
-19.73	7.4	-0.028834224202583414
-19.73	6.16	-0.014517867740529766
-19.73	4.93	-0.019139626726293102
-19.73	3.7	-0.0011628497338094235
-19.73	2.47	0.003486628016254656
-19.73	1.23	-0.0012341478503188341
-19.73	-0.0	0.018288540111193186
-19.73	-1.23	0.032497364633407244
-19.73	-2.47	0.038373443736297475
-19.73	-3.7	0.045921174058612735
-19.73	-4.93	0.06979266855987021
-19.73	-6.16	0.07406116590028233
-19.73	-7.4	0.07063801621494292
-19.72	-8.63	0.09957225036816908
-19.72	-9.86	0.09844187019778872
-19.72	-11.09	0.11182214327384798
-19.72	-12.32	0.10101341498518934
-19.71	-13.55	0.08195632531867147
-19.71	-14.78	0.10426864907365285
-19.71	-16.02	0.12577769054613697
-19.71	-17.25	0.2116875682349928
-19.7	-18.47	0.1365372171449124
-19.7	-19.7	0.1584712627571676
-19.69	-20.92	0.1836065389565107
-19.69	-22.16	0.18792958375331636
-19.7	-23.39	0.29919637738348825
-19.7	-24.62	0.40229021836409373
-19.68	-25.84	0.39052189008169336
-19.66	-27.03	0.3003764614031965
-19.63	-28.22	-0.0031885715114867708
-19.61	-29.41	-0.2658196074493091
-19.56	-30.56	-0.5204345082728565
-19.48	-31.66	-0.5852076807245155
-19.32	-32.6	0.27804876286685953
-18.21	-32.78	-0.6363640676371389
-18.31	-31.74	-0.6300609230725982
-18.37	-30.61	-0.48810304119677284
-18.4	-29.44	-0.2255627292815987
-18.42	-28.25	0.15273166618437273
-18.45	-27.06	0.3376371494433954
-18.47	-25.85	0.37186928007634634
-18.47	-24.63	0.3106755589964152
-18.46	-23.39	0.1883819036244958
-18.46	-22.15	0.1676649099837917
-18.47	-20.93	0.1284461148889875
-18.47	-19.7	0.13301925255314018
-18.48	-18.48	0.12633238566058225
-18.48	-17.25	0.13327158750621493
-18.48	-16.02	0.09383481187661857
-18.48	-14.79	0.06633075170698532
-18.49	-13.56	0.09591897050596287
-18.49	-12.33	0.09528332530035755
-18.49	-11.1	0.08561044984877952
-18.49	-9.86	0.07053254500979733
-18.49	-8.63	0.04784977510225019
-18.49	-7.4	0.05393659979615961
-18.49	-6.16	0.030777441079315793
-18.5	-4.93	0.02705029894984534
-18.5	-3.7	0.024515294329034987
-18.5	-2.47	0.0330955230243859
-18.5	-1.23	0.0020723894624552486
-18.5	0.0	0.007042659978466759
-18.5	1.23	0.03944003758676473
-18.5	2.47	0.002981779312683841
-18.5	3.7	-0.013378745226681588
-18.5	4.93	-0.012455234363748957
-18.49	6.16	-0.04278505810292188
-18.49	7.4	-0.04658232785394745
-18.49	8.63	-0.08044385671724541
-18.49	9.86	-0.08107521169480236
-18.49	11.1	-0.04228366404430517
-18.49	12.33	-0.10662151512347151
-18.49	13.56	-0.09480165166807097
-18.48	14.79	-0.033151181792852924
-18.48	16.02	0.0007596559996869701
-18.48	17.25	0.07090578360737965
-18.48	18.48	0.1509421621080307
-18.47	19.7	0.2581014564068127
-18.47	20.93	0.40379380968186496
-18.46	22.15	0.5751994756007903
-18.46	23.39	0.8357995928274278
-18.47	24.63	1.2638269113162366
-18.47	25.85	1.6987644631999856
-18.45	27.06	2.1610507852760676
-18.42	28.25	2.7413078237027904
-18.4	29.44	3.8862885209360414
-18.37	30.61	4.917557438699994
-18.31	31.74	5.6798049641342985
-18.21	32.78	5.535908597243896
-16.92	33.85	5.0655900530539455
-17.06	32.9	5.673197041420757
-17.12	31.8	5.259761112699941
-17.16	30.65	4.480687054516032
-17.19	29.46	3.124979708009924
-17.21	28.27	2.3156974558497367
-17.23	27.08	1.8342326282506534
-17.24	25.86	1.3425192206975538
-17.23	24.62	0.910786632468465
-17.23	23.38	0.5881123892660653
-17.23	22.16	0.3983158437779011
-17.24	20.93	0.24653179697683925
-17.25	19.71	0.12650792659108134
-17.25	18.48	0.02141165289845759
-17.25	17.25	-0.07265010224170965
-17.25	16.02	-0.08438552394775911
-17.25	14.79	-0.13716202060265914
-17.26	13.56	-0.13163381337928115
-17.26	12.33	-0.11760400980801933
-17.26	11.1	-0.11597474561398258
-17.26	9.86	-0.09092684343236357
-17.26	8.63	-0.08104046417027178
-17.26	7.4	-0.07747275557356659
-17.26	6.17	-0.049567668766506756
-17.26	4.93	-0.039511410129776436
-17.27	3.7	-0.005752148127321277
-17.27	2.47	-0.0023515208841686785
-17.27	1.23	0.0066059786539867105
-17.27	-0.0	0.00605987488300741
-17.27	-1.23	0.02973319597857227
-17.27	-2.47	0.036424741552671946
-17.27	-3.7	0.02161955229472312
-17.26	-4.93	0.035421831152440575
-17.26	-6.17	0.04452292262241997
-17.26	-7.4	0.03325292684048975
-17.26	-8.63	0.05165018145233802
-17.26	-9.86	0.042098233905313975
-17.26	-11.1	0.05608799422723365
-17.26	-12.33	0.07398896996583915
-17.26	-13.56	0.09801468365929367
-17.25	-14.79	0.10307019492528724
-17.25	-16.02	0.094964816603472
-17.25	-17.25	0.10267097039429274
-17.25	-18.48	0.11357405228596207
-17.25	-19.71	0.12287939640510359
-17.24	-20.93	0.10919914218510485
-17.23	-22.16	0.14458877928376523
-17.23	-23.38	0.15948469700591517
-17.23	-24.62	0.1640203825209099
-17.24	-25.86	0.2960425069555228
-17.23	-27.08	0.3204333105072905
-17.21	-28.27	0.2048194327964481
-17.19	-29.46	-0.037695165484905147
-17.16	-30.65	-0.42084746021806296
-17.12	-31.8	-0.6955393530296092
-17.06	-32.9	-0.7094457746624698
-16.92	-33.85	0.0017462208311158633
-15.79	-34.0	-0.7843695694837081
-15.87	-32.97	-0.7599204791840037
-15.92	-31.84	-0.609663005207338
-15.95	-30.67	-0.3333638316417904
-15.97	-29.48	0.07951000309437006
-15.99	-28.3	0.2487367408954455
-16.01	-27.09	0.2883598437130388
-16.01	-25.85	0.1821024297672409
-16.0	-24.62	0.14040372681868973
-16.0	-23.39	0.12775519687442483
-16.01	-22.16	0.10882319781734395
-16.01	-20.94	0.12478400451280436
-16.02	-19.71	0.09278499371802695
-16.02	-18.48	0.08810637107392694
-16.02	-17.25	0.09557209652966492
-16.02	-16.02	0.10819215861035048
-16.03	-14.79	0.07209462932380717
-16.03	-13.56	0.0729282031225651
-16.03	-12.33	0.05523254056160454
-16.03	-11.1	0.0382255657235433
-16.03	-9.86	0.031398520217301495
-16.03	-8.63	0.03214683360915416
-16.03	-7.4	0.04563939876234713
-16.03	-6.17	0.040058950669987325
-16.04	-4.93	0.038366119106981955
-16.04	-3.7	0.05100756447762933
-16.04	-2.47	0.040463369607984134
-16.04	-1.23	0.04289935094267605
-16.04	0.0	0.05292753325053212
-16.04	1.23	0.054231642124875634
-16.04	2.47	0.02786191070781996
-16.04	3.7	0.01618273744668386
-16.04	4.93	-0.008057676654146917
-16.03	6.17	-0.03353652569279575
-16.03	7.4	-0.06047651098150908
-16.03	8.63	-0.08896025022783505
-16.03	9.86	-0.1282557129682118
-16.03	11.1	-0.14448482261004614
-16.03	12.33	-0.17095075126014336
-16.03	13.56	-0.16627823759402816
-16.03	14.79	-0.166131840031845
-16.02	16.02	-0.19390263618385717
-16.02	17.25	-0.14680731229242383
-16.02	18.48	-0.10018688626483652
-16.02	19.71	0.005156397823974146
-16.01	20.94	0.1136941409031138
-16.01	22.16	0.22406200940079657
-16.0	23.39	0.3938645698307184
-16.0	24.62	0.6294182650700861
-16.01	25.85	1.0370550374110437
-16.01	27.09	1.4857739100110834
-15.99	28.3	2.006757961716879
-15.97	29.48	2.602545085519303
-15.95	30.67	3.644824790502234
-15.92	31.84	4.877003388269692
-15.87	32.97	5.604538274783529
-15.79	34.0	5.408748698538467
-14.49	35.02	4.645775230130859
-14.62	34.1	5.553735360369764
-14.67	33.02	5.279486153673865
-14.71	31.87	4.468309765110284
-14.73	30.69	3.021132854663499
-14.75	29.51	2.219189784625307
-14.77	28.31	1.7263532149930185
-14.78	27.09	1.2192044592682265
-14.77	25.85	0.7550966171951075
-14.77	24.62	0.44607642755231325
-14.77	23.39	0.2417580240934427
-14.78	22.17	0.11920291603045285
-14.78	20.94	-0.03435744286844766
-14.78	19.71	-0.12060750409217036
-14.79	18.48	-0.14675944131596452
-14.79	17.25	-0.21093097265491423
-14.79	16.03	-0.22993893223880946
-14.79	14.79	-0.19552705368390377
-14.8	13.56	-0.19874215865633715
-14.8	12.33	-0.16300378802993265
-14.8	11.1	-0.1288953333176508
-14.8	9.87	-0.10547227368268608
-14.8	8.63	-0.07539657380724663
-14.8	7.4	-0.04349201596347285
-14.8	6.17	-0.01468811571132278
-14.8	4.93	0.019399614924267894
-14.8	3.7	0.03326615697525881
-14.8	2.47	0.03385271513727872
-14.8	1.23	0.05041762528291116
-14.8	-0.0	0.04843106319965074
-14.8	-1.23	0.05532634201664166
-14.8	-2.47	0.05408339878474777
-14.8	-3.7	0.03331830387161716
-14.8	-4.93	0.025710890471060566
-14.8	-6.17	0.0443786599631224
-14.8	-7.4	0.024932303373908837
-14.8	-8.63	0.03922157718564989
-14.8	-9.87	0.02460103873123387
-14.8	-11.1	0.014605126345195174
-14.8	-12.33	0.02806406455180621
-14.8	-13.56	0.0523994842522697
-14.79	-14.79	0.06301456366266933
-14.79	-16.03	0.0806822082108738
-14.79	-17.25	0.10656330486239085
-14.79	-18.48	0.0634214926618597
-14.78	-19.71	0.09588074588921103
-14.78	-20.94	0.10464518975084758
-14.78	-22.17	0.13907970683651172
-14.77	-23.39	0.10781387257712538
-14.77	-24.62	0.12997003625511638
-14.77	-25.85	0.11329249524536777
-14.78	-27.09	0.2008991295919813
-14.77	-28.31	0.25440794542899425
-14.75	-29.51	0.13188981378628029
-14.73	-30.69	-0.17557055705376712
-14.71	-31.87	-0.5810501441278575
-14.67	-33.02	-0.8631757580006152
-14.62	-34.1	-0.8581603638527184
-14.49	-35.02	0.8079643341517269
-13.34	-35.17	-0.5772307171263904
-13.42	-34.17	-0.9132686647833594
-13.47	-33.06	-0.7714181159087232
-13.49	-31.9	-0.4963707980361889
-13.51	-30.71	-0.041273175913445925
-13.53	-29.53	0.17528075137418853
-13.54	-28.32	0.21771421139056457
-13.54	-27.08	0.12205410691644403
-13.54	-25.85	0.1317026185766963
-13.54	-24.62	0.1016535417092399
-13.55	-23.4	0.13023838361943518
-13.55	-22.17	0.1306928772633782
-13.55	-20.94	0.08956407048990656
-13.55	-19.71	0.06795760681823282
-13.56	-18.49	0.09043475248797961
-13.56	-17.26	0.07896221173910334
-13.56	-16.03	0.06835878861095068
-13.56	-14.8	0.04534744019981929
-13.56	-13.56	0.04776788218747896
-13.56	-12.33	0.03523605053582202
-13.57	-11.1	0.04588509978675148
-13.57	-9.87	0.030686458828562024
-13.57	-8.64	0.011361186327391692
-13.57	-7.4	0.026977571506208164
-13.57	-6.17	0.03245836165596927
-13.57	-4.93	0.046750292202673904
-13.57	-3.7	0.0658816636629993
-13.57	-2.47	0.05540378300944582
-13.57	-1.23	0.0525779977167673
-13.57	0.0	0.08257783056213697
-13.57	1.23	0.07725686880822025
-13.57	2.47	0.0777046913102808
-13.57	3.7	0.0703403535828997
-13.57	4.93	0.03227564377210257
-13.57	6.17	0.034087895991469
-13.57	7.4	-0.013460356490853087
-13.57	8.64	-0.05208392353465996
-13.57	9.87	-0.08501138004887565
-13.57	11.1	-0.1346186095943338
-13.56	12.33	-0.15576022217684482
-13.56	13.56	-0.19730784568509563
-13.56	14.8	-0.2303101713116078
-13.56	16.03	-0.2230937505510795
-13.56	17.26	-0.26909148248716974
-13.56	18.49	-0.24744624263954762
-13.55	19.71	-0.1695020909986127
-13.55	20.94	-0.10288906893769934
-13.55	22.17	-0.019176657346605452
-13.55	23.4	0.13676031530819444
-13.54	24.62	0.27363853109903147
-13.54	25.85	0.5256977639540636
-13.54	27.08	0.956288498584847
-13.54	28.32	1.4554095850070183
-13.53	29.53	1.9802994038455566
-13.51	30.71	2.615727973044663
-13.49	31.9	3.7876138939694854
-13.47	33.06	4.962379412980162
-13.42	34.17	5.580767643111152
-13.34	35.17	5.22442603592868
-12.02	36.05	3.352511413725928
-12.16	35.27	5.372073933712777
-12.22	34.22	5.409990973815887
-12.25	33.09	4.61030718976415
-12.27	31.91	3.206017415763405
-12.29	30.73	2.2552474785690535
-12.31	29.54	1.749299330114475
-12.31	28.32	1.2337920443593333
-12.31	27.08	0.7004640939768194
-12.31	25.85	0.38826790468465333
-12.31	24.63	0.167128961217891
-12.32	23.4	0.034523603950823656
-12.32	22.18	-0.12510155478366158
-12.32	20.94	-0.17716938292534223
-12.32	19.72	-0.2684420821574207
-12.33	18.49	-0.30693472995854876
-12.33	17.26	-0.24943601713982133
-12.33	16.03	-0.27228440646976537
-12.33	14.8	-0.263897164294022
-12.33	13.56	-0.22005017022183893
-12.33	12.33	-0.18417188733507572
-12.34	11.1	-0.13551515150151516
-12.34	9.87	-0.08224366281034179
-12.34	8.64	-0.03485547074426165
-12.34	7.4	0.00983139561878943
-12.34	6.17	0.05053713363277268
-12.34	4.93	0.06480435400551698
-12.34	3.7	0.09878169873354636
-12.34	2.47	0.11692014165132747
-12.34	1.23	0.12738690083907045
-12.34	-0.0	0.11477199787495351
-12.34	-1.23	0.09788070999253051
-12.34	-2.47	0.09603208265965435
-12.34	-3.7	0.10196218061955875
-12.34	-4.93	0.08446091119505184
-12.34	-6.17	0.06499136054476651
-12.34	-7.4	0.03484824981770629
-12.34	-8.64	0.04204928643314787
-12.34	-9.87	0.023951324919416095
-12.34	-11.1	0.008892419596541856
-12.33	-12.33	0.009936910221448159
-12.33	-13.56	0.010360480971762343
-12.33	-14.8	0.03528193609434993
-12.33	-16.03	0.03149876822293862
-12.33	-17.26	0.056986671921670506
-12.33	-18.49	0.07697220587345299
-12.32	-19.72	0.09339872230324175
-12.32	20.94	-0.058728325330996256
-12.32	22.18	-0.1005497222538807
-12.32	23.4	0.04673215575633094
-12.31	24.63	0.17946955925048513
-12.31	25.85	0.3897634177189744
-12.31	27.08	0.7073651899663318
-12.31	28.32	1.2307156133062946
-12.31	29.54	1.7154588806144702
-12.29	30.73	2.2719719372467395
-12.27	31.91	3.2421494443449106
-12.25	33.09	4.606828176038995
-12.22	34.22	5.396368117381421
-12.16	35.27	5.358954309434473
-12.02	36.05	3.4708695632146274
-10.88	36.26	4.638404823611388
-10.97	35.34	5.463926415594777
-11.01	34.26	5.158302309632866
-11.04	33.11	4.301379067382349
-11.05	31.93	2.774655562125666
-11.07	30.75	2.0067508317208436
-11.08	29.55	1.5139135413605445
-11.08	28.32	0.9864691182838214
-11.08	27.08	0.5155710309919428
-11.08	25.85	0.2518816480290127
-11.08	24.63	0.07198945048035199
-11.09	23.41	-0.058754059995976604
-11.09	22.18	-0.22844231709952822
-11.09	20.95	-0.2481338674564526
-11.09	19.72	-0.344176184122297
-11.1	18.49	-0.33791188886515755
-11.1	17.26	-0.3022222903605254
-11.1	16.03	-0.2646748439399218
-11.1	14.8	-0.2461404756328136
-11.1	13.57	-0.19806813276103696
-11.1	12.34	-0.15525010654053517
-11.1	11.1	-0.09662855066964937
-11.1	9.87	-0.03753439584637874
-11.1	8.64	0.006583744063085817
-11.1	7.4	0.04462046165248523
-11.1	6.17	0.05799531000228342
-11.1	4.94	0.09617254764172145
-11.11	3.7	0.11364598658408198
-11.11	2.47	0.1321811331862648
-11.11	1.23	0.11796945310466356
-11.11	-0.0	0.14304486042427556
-11.11	-1.23	0.12008029277492938
-11.11	-2.47	0.11963655655407734
-11.11	-3.7	0.11960832951348976
-11.1	-4.94	0.09099657077802448
-11.1	-6.17	0.06534624209915307
-11.1	-7.4	0.04931084324704926
-11.1	-8.64	0.03911829848151882
-11.1	-9.87	0.029986829497822498
-11.1	-11.1	0.005622535998590195
-11.1	-12.34	-0.0014116974867377508
-11.1	-13.57	0.015424707286740613
-11.1	-14.8	0.02294607238062696
-11.1	-16.03	0.03041598092206499
-11.1	-17.26	0.05896348340485247
-11.1	-18.49	0.06439076463962579
-11.09	-19.72	0.09282084606126517
-11.09	-20.95	0.07180522664392441
-11.09	-22.18	0.10835250672568009
-11.09	-23.41	0.08355031115566192
-11.08	-24.63	0.11510241674022126
-11.08	-25.85	0.0995887726924849
-11.08	-27.08	0.12646416754542145
-11.08	-28.32	0.10635772839481916
-11.08	-29.55	0.18299342769375215
-11.07	-30.75	0.06942984806521935
-11.05	-31.93	-0.2527860042129646
-11.04	-33.11	-0.7113078326541782
-11.01	-34.26	-0.9643752213571659
-10.97	-35.34	-1.0001861005059212
-10.88	-36.26	3.6107647677972565
-9.7	-36.37	0.05441935713619728
-9.76	-35.39	-1.0589095922608536
-9.8	-34.29	-0.9121030030630735
-9.82	-33.13	-0.6059317817353005
-9.83	-31.95	-0.18915030086383666
-9.84	-30.76	0.10718296434951213
-9.85	-29.55	0.11839668969891193
-9.85	-28.31	0.08377122609942944
-9.85	-27.08	0.10041174954324106
-9.85	-25.85	0.07954376034120969
-9.85	-24.63	0.1670352981543246
-9.86	-23.41	0.1042263082444066
-9.86	-22.18	0.09951085836019047
-9.86	-20.95	0.09996045900626171
-9.86	-19.72	0.09257661848688059
-9.86	-18.49	0.07062678140559342
-9.86	-17.26	0.049624194196120186
-9.86	-16.03	0.04413285098011954
-9.87	-14.8	0.010164986574942247
-9.87	-13.57	0.009083531686705726
-9.87	-12.34	0.025890146882495912
-9.87	-11.1	0.008606171223469516
-9.87	-9.87	0.011313675637339315
-9.87	-8.64	0.009401134548433276
-9.87	-7.4	0.035701558334814365
-9.87	-6.17	0.05461478676063791
-9.87	-4.94	0.08383142780331809
-9.88	-3.7	0.10674518165614444
-9.88	-2.47	0.12639513457819618
-9.88	-1.23	0.14803049331182905
-9.88	0.0	0.1340899869910288
-9.88	1.23	0.14313716038004287
-9.88	2.47	0.1402899861093161
-9.88	3.7	0.12396485467885299
-9.87	4.94	0.12689656636586477
-9.87	6.17	0.09417482228692364
-9.87	7.4	0.05838376555837499
-9.87	8.64	0.0233225923093201
-9.87	9.87	-0.001582804031414753
-9.87	11.1	-0.07285377295433904
-9.87	12.34	-0.12726542217902193
-9.87	13.57	-0.17344557473204247
-9.87	14.8	-0.2423762927824029
-9.86	16.03	-0.296524415426596
-9.86	17.26	-0.3507887112351682
-9.86	18.49	-0.34480569144232476
-9.86	19.72	-0.39105040715614336
-9.86	20.95	-0.32074489461237476
-9.86	22.18	-0.26273660393511733
-9.86	23.41	-0.15439474884222903
-9.85	24.63	0.004222770977648338
-9.85	25.85	0.15787654000157403
-9.85	27.08	0.38594566989853973
-9.85	28.31	0.7738990268046493
-9.85	29.55	1.330773479095761
-9.84	30.76	1.8637127349906066
-9.83	31.95	2.538046160997091
-9.82	33.13	3.7838055099623986
-9.8	34.29	4.959208575463357
-9.76	35.39	5.522590395235916
-9.7	36.37	5.045300891230532
-8.51	36.45	5.175113437272621
-8.55	35.43	5.428066279197573
-8.58	34.31	4.674779019062619
-8.59	33.14	3.4003947435857
-8.6	31.96	2.3248993342368536
-8.62	30.77	1.7332292418677255
-8.62	29.55	1.153002861911638
-8.62	28.31	0.6044187082725543
-8.62	27.08	0.2688490888088353
-8.62	25.86	0.0729434101954638
-8.62	24.64	-0.07704021939056105
-8.62	23.41	-0.2612566126064948
-8.62	22.18	-0.3184850620501152
-8.63	20.95	-0.4051647758277923
-8.63	19.72	-0.4078590312123396
-8.63	18.49	-0.3683008301533164
-8.63	17.26	-0.36318480111617646
-8.63	16.03	-0.29913066571873514
-8.63	14.8	-0.2414373349050578
-8.64	13.57	-0.15828174205014278
-8.64	12.34	-0.07063475814787523
-8.64	11.1	-0.03842064131116274
-8.64	9.87	0.002194160624149788
-8.64	8.64	0.04948533873825767
-8.64	7.4	0.10155059529988364
-8.64	6.17	0.11813644124370626
-8.64	4.94	0.13097211201727532
-8.64	3.7	0.1490731367590996
-8.64	2.47	0.1600285209009371
-8.64	1.23	0.16767625070553294
-8.64	-0.0	0.14438361138901712
-8.64	-1.23	0.14252577263935962
-8.64	-2.47	0.1401036250326655
-8.64	-3.7	0.112782067504277
-8.64	-4.94	0.10304395388197207
-8.64	-6.17	0.05345857087498018
-8.64	-7.4	0.05027609115329312
-8.64	-8.64	0.005538428648961258
-8.64	-9.87	0.00867434620460017
-8.64	-11.1	0.011573415598356007
-8.64	-12.34	0.0026557070015016393
-8.64	-13.57	0.018960257602202546
-8.63	-14.8	0.010103322824612349
-8.63	-16.03	0.024967024247239067
-8.63	-17.26	0.040369001075696076
-8.63	-18.49	0.05174326859417988
-8.63	-19.72	0.08624055642492578
-8.63	-20.95	0.10340904328609923
-8.62	-22.18	0.08043670453393048
-8.62	-23.41	0.08487692023571469
-8.62	-24.64	0.10935497590750742
-8.62	-25.86	0.09298424043566911
-8.62	-27.08	0.06753004294062492
-8.62	-28.31	0.08240402461105134
-8.62	-29.55	0.07089552366976193
-8.62	-30.77	0.10557492791813416
-8.6	-31.96	-0.10531045614462897
-8.59	-33.14	-0.4781346911939295
-8.58	-34.31	-0.8968448307631292
-8.55	-35.43	-1.1025496246549906
-8.51	-36.45	-0.9798266979179999
-7.22	-37.3	5.612835251685148
-7.3	-36.51	-1.103195475603485
-7.34	-35.46	-1.1537319509282469
-7.36	-34.33	-0.9206114827830589
-7.37	-33.15	-0.40033736583659874
-7.38	-31.97	-0.05292212820473452
-7.39	-30.78	0.07453234417053523
-7.39	-29.55	0.04730543862106629
-7.38	-28.31	0.0820641212069333
-7.39	-27.08	0.07561731242485337
-7.39	-25.86	0.1274869834634913
-7.39	-24.64	0.09389819223419948
-7.39	-23.41	0.09450368663650721
-7.39	-22.18	0.0998396052295476
-7.4	-20.95	0.09182073333303009
-7.4	-19.73	0.06164262115402863
-7.4	-18.49	0.034994972037054595
-7.4	-17.26	0.0366579476012987
-7.4	-16.03	0.019212988381546836
-7.4	-14.8	-0.0036222162237038447
-7.4	-13.57	-0.0007291878676909391
-7.4	-12.34	-0.002014805508515849
-7.4	-11.1	0.007733779429649701
-7.4	-9.87	0.004386685669913959
-7.4	-8.64	0.027854049289807392
-7.41	-7.41	0.04459562649797277
-7.41	-6.17	0.07577585987611002
-7.41	-4.94	0.11240484211474921
-7.41	-3.7	0.12669486001757946
-7.41	-2.47	0.14909730414952804
-7.41	-1.23	0.1556787994107367
-7.41	0.0	0.17122801949651745
-7.41	1.23	0.20170648246686085
-7.41	2.47	0.2026063214073872
-7.41	3.7	0.18307203553130336
-7.41	4.94	0.1544249457721989
-7.41	6.17	0.14287309591079378
-7.41	7.41	0.1093889428682644
-7.4	8.64	0.0737519869948926
-7.4	9.87	0.0168985767381713
-7.4	11.1	-0.013628812243425159
-7.4	12.34	-0.06949555156871412
-7.4	13.57	-0.158843849977373
-7.4	14.8	-0.2425713713147104
-7.4	16.03	-0.29898833844767836
-7.4	17.26	-0.33580454465943177
-7.4	18.49	-0.4114260425281273
-7.4	19.73	-0.4127359097572949
-7.4	20.95	-0.46366603206000434
-7.39	22.18	-0.36764949956262427
-7.39	23.41	-0.31390763861286075
-7.39	24.64	-0.1793114083590055
-7.39	25.86	0.01166399890586689
-7.39	27.08	0.1925601988584944
-7.38	28.31	0.4933013679148246
-7.39	29.55	0.9866538874121886
-7.39	30.78	1.5638840596294656
-7.38	31.97	2.155722042187058
-7.37	33.15	3.17865902546702
-7.36	34.33	4.555151928866174
-7.34	35.46	5.343770985656484
-7.3	36.51	5.280988202174207
-7.22	37.3	3.6936342029809808
-6.04	37.42	4.398333708884373
-6.09	36.55	5.345213751620896
-6.12	35.48	5.251133809242411
-6.13	34.34	4.3526615998061615
-6.14	33.16	2.934779298279217
-6.15	31.98	2.0318529090934945
-6.16	30.78	1.455443013198412
-6.16	29.55	0.8571923757655497
-6.15	28.31	0.40761091020445406
-6.16	27.08	0.12207709800296129
-6.16	25.87	-0.03578508025105265
-6.16	24.64	-0.24091975230071228
-6.16	23.41	-0.3494224300264648
-6.16	22.18	-0.42996970399688905
-6.16	20.96	-0.5002734026210405
-6.16	19.73	-0.4563178155682337
-6.16	18.49	-0.4307822460340489
-6.17	17.26	-0.3402373509747889
-6.17	16.03	-0.28071000581817174
-6.17	14.8	-0.21933541693780967
-6.17	13.57	-0.1525509728906158
-6.17	12.34	-0.06395082143321673
-6.17	11.1	0.017828895163070513
-6.17	9.87	0.038425053010328725
-6.17	8.64	0.09145324836888591
-6.17	7.41	0.13392673646906417
-6.17	6.17	0.15507247903190802
-6.17	4.94	0.19594704954193531
-6.17	3.7	0.2256111823313134
-6.17	2.47	0.27284003403163126
-6.17	1.23	0.2602779205762147
-6.17	-0.0	0.2358613874583071
-6.17	-1.23	0.1952890814644732
-6.17	-2.47	0.16869310672425541
-6.17	-3.7	0.1366229305729405
-6.17	-4.94	0.09893750280851066
-6.17	-6.17	0.057953764038657596
-6.17	-7.41	0.05184355479006797
-6.17	-8.64	0.0403246553689911
-6.17	-9.87	0.026597563878354435
-6.17	-11.1	0.02078676613481889
-6.17	-12.34	0.0009748267830147483
-6.17	-13.57	-0.012355898831437173
-6.17	-14.8	-0.0046390224234400534
-6.17	-16.03	-0.000746728812089259
-6.17	-17.26	0.026374429587413317
-6.16	-18.49	0.03153633182535742
-6.16	-19.73	0.051257890295559605
-6.16	-20.96	0.09272632834124295
-6.16	-22.18	0.0922477513327351
-6.16	-23.41	0.09966587357715184
-6.16	-24.64	0.10596685332733813
-6.16	-25.87	0.12590772270375794
-6.16	-27.08	0.07459375594131501
-6.15	-28.31	0.08590790033002094
-6.16	-29.55	0.0482275890186159
-6.16	-30.78	0.06626652646786368
-6.15	-31.98	-0.028004301826143774
-6.14	-33.16	-0.38210291553098585
-6.13	-34.34	-0.8608037495451413
-6.12	-35.48	-1.153813814223831
-6.09	-36.55	-1.1820970612089283
-6.04	-37.42	5.372050017428087
-4.84	-37.5	5.480715299968388
-4.88	-36.58	-1.219868000117927
-4.9	-35.49	-1.1284145177371698
-4.91	-34.35	-0.7911859548985589
-4.91	-33.17	-0.32514502275029855
-4.92	-31.99	-0.012370363014319707
-4.93	-30.78	0.07011991517254756
-4.92	-29.54	0.028730645214743333
-4.92	-28.31	0.0783040368499428
-4.93	-27.09	0.08951923360449854
-4.93	-25.87	0.10762237048567869
-4.93	-24.64	0.10238680412943069
-4.93	-23.41	0.11203915166721146
-4.93	-22.18	0.11140732714049051
-4.93	-20.96	0.08085233195868824
-4.93	-19.73	0.04087120321056403
-4.93	-18.5	0.027574101448571753
-4.93	-17.26	0.010920675313258243
-4.93	-16.04	0.016948607520774317
-4.93	-14.8	-0.003662258482691527
-4.93	-13.57	-0.015678200517726282
-4.93	-12.34	0.015355332963608248
-4.94	-11.1	0.025326401266617893
-4.94	-9.87	0.03165481502059464
-4.94	-8.64	0.03932152850858728
-4.94	-7.41	0.05506562933471315
-4.94	-6.17	0.04943120117683719
-4.94	-4.94	0.08120826941047454
-4.94	-3.7	0.1236030159815229
-4.94	-2.47	0.17639885293414892
-4.94	-1.24	0.23811936283284751
-4.94	0.0	0.3049674991165503
-4.94	1.24	0.35162060749551927
-4.94	2.47	0.36320049311989067
-4.94	3.7	0.3190564589736269
-4.94	4.94	0.25437768770382974
-4.94	6.17	0.20300165053606634
-4.94	7.41	0.154888459783443
-4.94	8.64	0.09472073592696262
-4.94	9.87	0.06417053885557067
-4.94	11.1	0.037707292001059045
-4.93	12.34	-0.04602222613566198
-4.93	13.57	-0.13334717467637347
-4.93	14.8	-0.21331881311360235
-4.93	16.04	-0.27910191729580447
-4.93	17.26	-0.3588212027419928
-4.93	18.5	-0.4290594705564317
-4.93	19.73	-0.4599653359812024
-4.93	20.96	-0.4909653549260682
-4.93	22.18	-0.4682623082774384
-4.93	23.41	-0.35579151867605674
-4.93	24.64	-0.2716633930081187
-4.93	25.87	-0.07042038838814335
-4.93	27.09	0.0922175738022375
-4.92	28.31	0.30311607901434456
-4.92	29.54	0.7704287794686309
-4.93	30.78	1.3558373844222942
-4.92	31.99	1.9658088566445784
-4.91	33.17	2.778743520465504
-4.91	34.35	4.104025405327043
-4.9	35.49	5.110085594864437
-4.88	36.58	5.433008253170435
-4.84	37.5	4.9163260046494415
-3.63	37.55	4.89637394291578
-3.66	36.6	5.460644570755754
-3.67	35.51	5.049588879960076
-3.68	34.35	3.852200625899762
-3.69	33.18	2.643624361163454
-3.69	32.0	1.8944070688259629
-3.69	30.78	1.253665604559778
-3.69	29.54	0.6828422614122687
-3.69	28.31	0.24189385797215834
-3.69	27.09	0.025784151445989778
-3.7	25.87	-0.12483989035489884
-3.7	24.64	-0.3299808883196178
-3.7	23.41	-0.39422034622730706
-3.7	22.19	-0.5028346354856197
-3.7	20.96	-0.4806949096927866
-3.7	19.73	-0.4649711070652316
-3.7	18.5	-0.43053922613739815
-3.7	17.27	-0.3528203972517474
-3.7	16.04	-0.26732124480852093
-3.7	14.8	-0.20496335624082462
-3.7	13.57	-0.14432521229652195
-3.7	12.34	-0.03796867250719771
-3.7	11.11	0.0358818768139173
-3.7	9.88	0.08130851919220561
-3.7	8.64	0.10905416431521786
-3.7	7.41	0.1936427028279155
-3.7	6.17	0.24640795732144483
-3.7	4.94	0.330213234512037
-3.71	3.71	0.39844019245061446
-3.7	2.47	0.4558321025994232
-3.7	1.23	0.42566350384377216
-3.7	-0.0	0.36750260128167156
-3.7	-1.23	0.2932366424734312
-3.7	-2.47	0.2176726214324347
-3.71	-3.71	0.13005537034455728
-3.7	-4.94	0.06502866069542534
-3.7	-6.17	0.02938996617869094
-3.7	-7.41	0.039127259022812666
-3.7	-8.64	0.022513594074375476
-3.7	-9.88	0.021650455061653417
-3.7	-11.11	0.019925636179991102
-3.7	-12.34	0.013244915127046397
-3.7	-13.57	-0.0017173230276981144
-3.7	-14.8	-0.01142207319281141
-3.7	-16.04	-0.014902318462503672
-3.7	-17.27	0.009973092773414294
-3.7	-18.5	-0.000641542585192667
-3.7	-19.73	0.03616269994054022
-3.7	-20.96	0.06140809482715781
-3.7	-22.19	0.10973405427599658
-3.7	-23.41	0.10171926939562326
-3.7	-24.64	0.1075895564856566
-3.7	-25.87	0.09928953614788583
-3.69	-27.09	0.10478034294666116
-3.69	-28.31	0.0676541042473886
-3.69	-29.54	0.04374171117019188
-3.69	-30.78	0.03481997469135223
-3.69	-32.0	0.014076812462178623
-3.69	-33.18	-0.3245422088149894
-3.68	-34.35	-0.7265061220670361
-3.67	-35.51	-1.1281670843732385
-3.66	-36.6	-1.2194125446590434
-3.63	-37.55	1.3269188337597342
-2.42	-37.58	1.2147048340222426
-2.44	-36.61	-1.2140222364073807
-2.45	-35.52	-1.1401645729749816
-2.45	-34.36	-0.6906456632325515
-2.46	-33.18	-0.29814799731340713
-2.46	-32.0	-0.005191055140805645
-2.46	-30.78	0.009404473464606156
-2.46	-29.54	0.05501917770030218
-2.46	-28.31	0.05245885006442563
-2.46	-27.09	0.07739316400000718
-2.46	-25.87	0.09740612589939701
-2.46	-24.64	0.10179458900357474
-2.46	-23.41	0.115869850920852
-2.47	-22.19	0.09510645449169175
-2.47	-20.96	0.06959523514935739
-2.47	-19.73	0.03094024569412568
-2.47	-18.5	0.020789545587447833
-2.47	-17.27	-0.008384987758951468
-2.47	-16.04	-0.013128683101513161
-2.47	-14.8	-0.021993023524473188
-2.47	-13.57	-0.019036951377799483
-2.47	-12.34	0.008123693610258442
-2.47	-11.11	0.023821892787907473
-2.47	-9.88	0.024346052489605086
-2.47	-8.64	0.025559720108937256
-2.47	-7.41	0.01999275432198999
-2.47	-6.17	0.04862521183986246
-2.47	-4.94	0.06732414114513574
-2.47	-3.7	0.13849217495276633
-2.47	-2.47	0.23266253389247282
-2.47	-1.24	0.35417770564274775
-2.47	0.0	0.43581551971301735
-2.47	1.24	0.5160366126068325
-2.47	2.47	0.5338680746522613
-2.47	3.7	0.475262393821545
-2.47	4.94	0.39786129478500953
-2.47	6.17	0.29243830792955094
-2.47	7.41	0.19933157684825176
-2.47	8.64	0.12767127202111794
-2.47	9.88	0.07630732832883069
-2.47	11.11	0.04196998405239327
-2.47	12.34	-0.01634226540134165
-2.47	13.57	-0.12149836945047099
-2.47	14.8	-0.19745036153627638
-2.47	16.04	-0.28765326377455125
-2.47	17.27	-0.3787323875457034
-2.47	18.5	-0.4332222282674465
-2.47	19.73	-0.4824119795698465
-2.47	20.96	-0.49600407176261996
-2.47	22.19	-0.5429330782565316
-2.46	23.41	-0.41254183261739996
-2.46	24.64	-0.34739771376970197
-2.46	25.87	-0.16339109849192113
-2.46	27.09	0.005918251642007988
-2.46	28.31	0.21243191461130095
-2.46	29.54	0.6208932724211209
-2.46	30.78	1.2290284623425336
-2.46	32.0	1.8446362714606224
-2.46	33.18	2.561010916217235
-2.45	34.36	3.7703290937989564
-2.45	35.52	4.982545537148546
-2.44	36.61	5.475956782125188
-2.42	37.58	4.899441394185381
-1.21	37.6	4.92995915556795
-1.22	36.62	5.488482790407396
-1.22	35.52	4.938396746108744
-1.23	34.36	3.6935893949024816
-1.23	33.18	2.5252318826401776
-1.23	32.0	1.7862624909796025
-1.23	30.78	1.1887496980721295
-1.23	29.54	0.5923017480067969
-1.23	28.31	0.1940824863327606
-1.23	27.09	-0.020458982961095273
-1.23	25.87	-0.1894339151669442
-1.23	24.64	-0.3733371171360247
-1.23	23.41	-0.4277440684310889
-1.23	22.19	-0.5532233039155585
-1.23	20.96	-0.502098573718051
-1.23	19.73	-0.49309876915928186
-1.23	18.5	-0.43580251549522586
-1.23	17.27	-0.35933906528251214
-1.23	16.04	-0.2983246519949674
-1.23	14.8	-0.18701393394670873
-1.23	13.57	-0.14074406300366604
-1.23	12.34	-0.009804256814490486
-1.23	11.11	0.04304096890901832
-1.23	9.88	0.06883091860326118
-1.23	8.64	0.13781845192892916
-1.23	7.41	0.22282012589678857
-1.23	6.17	0.3242226877576968
-1.24	4.94	0.43638509251067603
-1.23	3.7	0.5346889249079609
-1.24	2.47	0.5871277063943339
-1.24	1.24	0.5829834307817521
-1.24	-0.0	0.5149488476826676
-1.24	-1.24	0.3917943839230347
-1.24	-2.47	0.24793458254717393
-1.23	-3.7	0.12622305635339615
-1.24	-4.94	0.04336228132147113
-1.23	-6.17	-0.004178833422280093
-1.23	-7.41	0.013341436770915038
-1.23	-8.64	0.0064042231313194975
-1.23	-9.88	0.008204305593352501
-1.23	-11.11	0.01852313099466585
-1.23	-12.34	0.011045949189089299
-1.23	-13.57	-0.03145292242943043
-1.23	-14.8	-0.03218357222456092
-1.23	-16.04	-0.008300397112208202
-1.23	-17.27	-0.0039027258852826208
-1.23	-18.5	0.0030059362999992345
-1.23	-19.73	0.017700789908175807
-1.23	-20.96	0.07352546130890403
-1.23	-22.19	0.08875406241251227
-1.23	-23.41	0.09651719286794247
-1.23	-24.64	0.09393888952103424
-1.23	-25.87	0.09906816957501263
-1.23	-27.09	0.09534120008832048
-1.23	-28.31	0.06943783896773681
-1.23	-29.54	0.05933074851038356
-1.23	-30.78	0.020634639753062345
-1.23	-32.0	0.010150981807690584
-1.23	-33.18	-0.28788327501585087
-1.23	-34.36	-0.6816413829174621
-1.22	-35.52	-1.1341152478127938
-1.22	-36.62	-1.2287111670941258
-1.21	-37.6	0.26744743998172993
0.0	-37.6	0.2619276109399067
0.0	-36.62	-1.220653992678848
0.0	-35.52	-1.1295243057515805
0.0	-34.36	-0.6655062844138584
0.0	-33.19	-0.26697453785857306
0.0	-32.0	0.009061959359485172
0.0	-30.78	0.013518977680497812
0.0	-29.54	0.06707543833586982
0.0	-28.31	0.06311735048854672
0.0	-27.09	0.09977207466801019
0.0	-25.87	0.11256056409820303
0.0	-24.64	0.09600462973776303
0.0	-23.41	0.09267551564849441
0.0	-22.19	0.0874285285314329
0.0	-20.96	0.06938355751893965
0.0	-19.73	0.03027825840354126
0.0	-18.5	0.010189944865970801
0.0	-17.27	-0.002014104266585548
0.0	-16.04	-0.020251028173177588
0.0	-14.8	-0.030108760562612247
0.0	-13.57	-0.021388018323207802
0.0	-12.34	0.02438935720637403
0.0	-11.11	0.012991543284186946
0.0	-9.88	0.015300184324281929
0.0	-8.64	0.008298757615534669
0.0	-7.41	0.005373000893577284
0.0	-6.17	0.0019938537524524236
0.0	-4.94	0.045562172315264604
0.0	-3.7	0.1464918724562736
0.0	-2.47	0.28465996318955433
0.0	-1.24	0.4094581466211906
0.0	0.0	0.542159363424723
0.0	1.24	0.630317528054583
0.0	2.47	0.6114970301704332
0.0	3.7	0.5483209237963607
0.0	4.94	0.4508279115573117
0.0	6.17	0.3337730007276818
0.0	7.41	0.21694310471267642
0.0	8.64	0.1349318705518172
0.0	9.88	0.060341644947385475
0.0	11.11	0.04296413634551044
0.0	12.34	-0.03551305741198263
0.0	13.57	-0.15257481592820454
0.0	14.8	-0.24627698393148023
0.0	16.04	-0.2981488679448745
0.0	17.27	-0.3706888060531952
0.0	18.5	-0.4552554361489669
0.0	19.73	-0.47909394985212117
0.0	20.96	-0.5195411227404705
0.0	22.19	-0.5725965340393131
0.0	23.41	-0.447412711782583
0.0	24.64	-0.384866054389164
0.0	25.87	-0.1951918001986428
0.0	27.09	-0.03993180434645893
0.0	28.31	0.1783139025632252
0.0	29.54	0.5789213661531534
0.0	30.78	1.152848548446535
0.0	32.0	1.7660266786240228
0.0	33.19	2.4903266445309598
0.0	34.36	3.6723157430960427
0.0	35.52	4.934198399591246
0.0	36.62	5.4758245763825855
0.0	37.6	5.070571478582941
1.21	37.6	5.0483034713099855
1.22	36.62	5.470087222443958
1.22	35.52	4.955704089027442
1.23	34.36	3.708582974936313
1.23	33.18	2.4732003411514896
1.23	32.0	1.7965979786346011
1.23	30.78	1.1728702929638288
1.23	29.54	0.5966409860827468
1.23	28.31	0.17352339520488158
1.23	27.09	-0.05152691496439843
1.23	25.87	-0.20419404458335322
1.23	24.64	-0.38420015831305676
1.23	23.41	-0.440052997974
1.23	22.19	-0.5778096385777474
1.23	20.96	-0.531069230583519
1.23	19.73	-0.5112068693083174
1.23	18.5	-0.44111803183423604
1.23	17.27	-0.38166071741036234
1.23	16.04	-0.31592223468249614
1.23	14.8	-0.22623437174407002
1.23	13.57	-0.15660861576713359
1.23	12.34	-0.047275689581908864
1.23	11.11	0.02681202002537475
1.23	9.88	0.06256056566234491
1.23	8.64	0.11827266205343534
1.23	7.41	0.21059406799832203
1.23	6.17	0.32750858377585246
1.24	4.94	0.4331861685287919
1.23	3.7	0.5442056255834871
1.24	2.47	0.5931998418925133
1.24	1.24	0.6040812152505097
1.24	-0.0	0.5149114085279436
1.24	-1.24	0.39547580278401995
1.24	-2.47	0.26311329546186357
1.23	-3.7	0.13883814463266475
1.24	-4.94	0.03327408827677658
1.23	-6.17	0.018745286651025594
1.23	-7.41	-0.010239046506050897
1.23	-8.64	0.014362317172206929
1.23	-9.88	0.017245772690401395
1.23	-11.11	0.022828977016736474
1.23	-12.34	0.012445867483336315
1.23	-13.57	-0.02368884726568865
1.23	-14.8	-0.027995835642123268
1.23	-16.04	-0.00835103594906883
1.23	-17.27	-0.003057430437600317
1.23	-18.5	0.014413179586462377
1.23	-19.73	0.021890202933356306
1.23	-20.96	0.05120686628747961
1.23	-22.19	0.08427190360541914
1.23	-23.41	0.09156966508228237
1.23	-24.64	0.09887162197851751
1.23	-25.87	0.10131663790982515
1.23	-27.09	0.09463640900340664
1.23	-28.31	0.04657898357015
1.23	-29.54	0.04880138322527472
1.23	-30.78	0.020167857960814217
1.23	-32.0	-0.005365874730649978
1.23	-33.18	-0.2695338383726664
1.23	-34.36	-0.6761533287227266
1.22	-35.52	-1.0778707705286052
1.22	-36.62	-1.211094586256543
1.21	-37.6	0.5875586588612691
2.42	-37.58	0.823510315742773
2.44	-36.61	-1.2091501823883704
2.45	-35.52	-1.120311963170849
2.45	-34.36	-0.7001931539286232
2.46	-33.18	-0.28310435666971046
2.46	-32.0	-0.003615041191238788
2.46	-30.78	0.012468739244837934
2.46	-29.54	0.034567395026599
2.46	-28.31	0.055669803649202265
2.46	-27.09	0.09060648151405104
2.46	-25.87	0.08125491769666127
2.46	-24.64	0.09354801083671305
2.46	-23.41	0.08823324922309439
2.47	-22.19	0.10102497009602729
2.47	-20.96	0.07563912502973125
2.47	-19.73	0.031963519065527635
2.47	-18.5	0.007585547084438815
2.47	-17.27	0.005174552499759955
2.47	-16.04	-0.006428061362015569
2.47	-14.8	-0.027967390451138385
2.47	-13.57	-0.024781541448732014
2.47	-12.34	0.0055106127678143935
2.47	-11.11	0.012710543383605
2.47	-9.88	0.002871568526181534
2.47	-8.64	0.021478119742539548
2.47	-7.41	0.014257240323807707
2.47	-6.17	0.016192042910773807
2.47	-4.94	0.04728086207541793
2.47	-3.7	0.12835075717854494
2.47	-2.47	0.2319339966402154
2.47	-1.24	0.3654330231876841
2.47	0.0	0.45622747941278874
2.47	1.24	0.5384707256409342
2.47	2.47	0.5451595471366346
2.47	3.7	0.49476499850716493
2.47	4.94	0.4047513923023658
2.47	6.17	0.2949405096215614
2.47	7.41	0.1926683810820009
2.47	8.64	0.10793946337187066
2.47	9.88	0.033443110614932436
2.47	11.11	0.021491508251365588
2.47	12.34	-0.042992581624965
2.47	13.57	-0.1514234585773906
2.47	14.8	-0.24371935791589294
2.47	16.04	-0.3360302079857007
2.47	17.27	-0.4055081549043251
2.47	18.5	-0.45728213621720215
2.47	19.73	-0.5131536351738504
2.47	20.96	-0.5306862140136843
2.47	22.19	-0.5675119764511933
2.46	23.41	-0.45202784116507644
2.46	24.64	-0.37024114777283756
2.46	25.87	-0.20205348862174333
2.46	27.09	-0.03447768571346188
2.46	28.31	0.18673499526507698
2.46	29.54	0.6058319386467517
2.46	30.78	1.1895251031643284
2.46	32.0	1.8548340073493037
2.46	33.18	2.557100970378805
2.45	34.36	3.7723041208977506
2.45	35.52	5.003533084214844
2.44	36.61	5.480700883517365
2.42	37.58	5.002933703093724
3.63	37.55	4.9809022574884025
3.66	36.6	5.475972683197291
3.67	35.51	5.07145771435129
3.68	34.35	3.886889154423976
3.69	33.18	2.6143058384088036
3.69	32.0	1.8829545988783636
3.69	30.78	1.226873481103702
3.69	29.54	0.664402422240201
3.69	28.31	0.19346076863195094
3.69	27.09	-0.022965145479751925
3.7	25.87	-0.18446072865769025
3.7	24.64	-0.37827542729244357
3.7	23.41	-0.43805589455668326
3.7	22.19	-0.5438901722124996
3.7	20.96	-0.5699024573187117
3.7	19.73	-0.49356504763834863
3.7	18.5	-0.47153949225472047
3.7	17.27	-0.41786678981936376
3.7	16.04	-0.33787449094000976
3.7	14.8	-0.2712150090703531
3.7	13.57	-0.18285510911711356
3.7	12.34	-0.06664665346027476
3.7	11.11	0.002126250430329435
3.7	9.88	0.03245050274170325
3.7	8.64	0.07990147315726404
3.7	7.41	0.13648919019335182
3.7	6.17	0.23026838514491743
3.7	4.94	0.3292426323009323
3.71	3.71	0.4000576385913064
3.7	2.47	0.4481276419810172
3.7	1.23	0.4584355911041058
3.7	-0.0	0.37062648203816906
3.7	-1.23	0.30489232839372704
3.7	-2.47	0.21069066817909743
3.71	-3.71	0.1303284640950011
3.7	-4.94	0.05341355584022267
3.7	-6.17	0.012864034357519927
3.7	-7.41	0.009940873454141297
3.7	-8.64	-0.0002483406786737419
3.7	-9.88	-0.0019069896717027746
3.7	-11.11	0.01089472868599728
3.7	-12.34	-0.015193945147736088
3.7	-13.57	-0.026341692598158772
3.7	-14.8	-0.03006247222598546
3.7	-16.04	-0.02482023622338403
3.7	-17.27	0.00284768975325278
3.7	-18.5	0.02042256364485695
3.7	-19.73	0.04701010034190034
3.7	-20.96	0.054644390246622265
3.7	-22.19	0.09035784653411127
3.7	-23.41	0.08503588518027527
3.7	-24.64	0.09115025763382789
3.7	-25.87	0.09148211082415258
3.69	-27.09	0.0618852773860894
3.69	-28.31	0.042476841167406576
3.69	-29.54	0.020391347174822272
3.69	-30.78	-0.00856404753137241
3.69	-32.0	-0.00736191539862574
3.69	-33.18	-0.3115589898391846
3.68	-34.35	-0.7270285477834548
3.67	-35.51	-1.129325218361572
3.66	-36.6	-1.206351023730008
3.63	-37.55	2.052147337936397
4.84	-37.5	3.126816539491905
4.88	-36.58	-1.2166807586899182
4.9	-35.49	-1.1283002903357229
4.91	-34.35	-0.791141969243732
4.91	-33.17	-0.33993258111663494
4.92	-31.99	-0.026765952655381398
4.93	-30.78	0.008538004506753794
4.92	-29.54	0.02639277670721185
4.92	-28.31	0.06361282046351135
4.93	-27.09	0.04515516658672425
4.93	-25.87	0.10070970964468984
4.93	-24.64	0.08251449461531735
4.93	-23.41	0.07771257006925936
4.93	-22.18	0.08825971940763111
4.93	-20.96	0.05269305903339472
4.93	-19.73	0.035412402549155786
4.93	-18.5	0.016873791603117638
4.93	-17.26	-0.010544404429666088
4.93	-16.04	-0.029085928532744276
4.93	-14.8	-0.02896298305403633
4.93	-13.57	-0.03146476587400571
4.93	-12.34	-0.02051519604266616
4.94	-11.1	-0.009865531598890698
4.94	-9.87	-0.00719994293345394
4.94	-8.64	0.012812363592637155
4.94	-7.41	0.0058138376451211116
4.94	-6.17	0.025448895271352967
4.94	-4.94	0.04101185221974646
4.94	-3.7	0.09233482271076099
4.94	-2.47	0.16040947056627175
4.94	-1.24	0.22413392987368752
4.94	0.0	0.31119319204824336
4.94	1.24	0.33652506928991954
4.94	2.47	0.33878207295319385
4.94	3.7	0.2985878805658615
4.94	4.94	0.22298316406719465
4.94	6.17	0.16513156894987446
4.94	7.41	0.11010410688352579
4.94	8.64	0.057313773871776164
4.94	9.87	-0.0005327049433532238
4.94	11.1	-0.029247632341927954
4.93	12.34	-0.08311179862744922
4.93	13.57	-0.2092384115799959
4.93	14.8	-0.29008996799868214
4.93	16.04	-0.36411325314697507
4.93	17.26	-0.4267420076515336
4.93	18.5	-0.4680821987595536
4.93	19.73	-0.49475809121477
4.93	20.96	-0.5890046467114729
4.93	22.18	-0.559435302106408
4.93	23.41	-0.4390371571889773
4.93	24.64	-0.3652763282399434
4.93	25.87	-0.17806972964966405
4.93	27.09	-0.0063038376549897635
4.92	28.31	0.23675715947735654
4.92	29.54	0.7444025601643531
4.93	30.78	1.3174997792889513
4.92	31.99	1.9526855001565124
4.91	33.17	2.7700738095496362
4.91	34.35	4.150583539360447
4.9	35.49	5.1543646569828
4.88	36.58	5.432796682638859
4.84	37.5	4.944170495588871
6.04	37.42	4.539196857683628
6.09	36.55	5.369259016453249
6.12	35.48	5.256082258237036
6.13	34.34	4.3892451158870145
6.14	33.16	2.9508642154246374
6.15	31.98	2.0366616828613857
6.16	30.78	1.3969416585346366
6.16	29.55	0.8345189061178573
6.15	28.31	0.3038820651744345
6.16	27.08	0.034792529935948835
6.16	25.87	-0.16249753774962272
6.16	24.64	-0.3352631924670604
6.16	23.41	-0.4462686167360488
6.16	22.18	-0.5265128261572585
6.16	20.96	-0.5850951492712682
6.16	19.73	-0.4916103635399267
6.16	18.49	-0.48215689057852984
6.17	17.26	-0.4330069704359758
6.17	16.03	-0.3890506346288447
6.17	14.8	-0.3018796629684246
6.17	13.57	-0.22868494334786504
6.17	12.34	-0.11060228997356347
6.17	11.1	-0.05108892837621681
6.17	9.87	-0.022253482718866735
6.17	8.64	0.030374289242992347
6.17	7.41	0.06376555669959316
6.17	6.17	0.11423794376412388
6.17	4.94	0.17230124490873777
6.17	3.7	0.21062886570589257
6.17	2.47	0.24052151610672468
6.17	1.23	0.22821405518946136
6.17	-0.0	0.21673820983823333
6.17	-1.23	0.1733924940731626
6.17	-2.47	0.14566753380152164
6.17	-3.7	0.09580665836158175
6.17	-4.94	0.044074501487358475
6.17	-6.17	0.01777717899227582
6.17	-7.41	0.002325937900621966
6.17	-8.64	-0.0015204246481133055
6.17	-9.87	-0.01465287687167205
6.17	-11.1	-0.01541721431184584
6.17	-12.34	-0.02797886834579799
6.17	-13.57	-0.028041553139622977
6.17	-14.8	-0.024652579079557313
6.17	-16.03	-0.027367359078915854
6.17	-17.26	0.014239965090915518
6.16	-18.49	0.012039013131072807
6.16	-19.73	0.017917434462468407
6.16	-20.96	0.059484532552971814
6.16	-22.18	0.06828694654626588
6.16	-23.41	0.06830881718074266
6.16	-24.64	0.07164477850594864
6.16	-25.87	0.10447051346847047
6.16	-27.08	0.03625682305892752
6.15	-28.31	0.05422955490693937
6.16	-29.55	0.004899189026282613
6.16	-30.78	0.04188075992981766
6.15	-31.98	-0.049258972041073434
6.14	-33.16	-0.3834735216875913
6.13	-34.34	-0.8544224642418143
6.12	-35.48	-1.165772188744981
6.09	-36.55	-1.1623076615385841
6.04	-37.42	5.727608277833603
7.22	-37.3	5.271481130517877
7.3	-36.51	-1.138415262985319
7.34	-35.46	-1.1756717902120144
7.36	-34.33	-0.9008421086199974
7.37	-33.15	-0.4254945745547829
7.38	-31.97	-0.06278257674695453
7.39	-30.78	0.04716453092672879
7.39	-29.55	0.020630395008687685
7.38	-28.31	0.05152840993586949
7.39	-27.08	0.03363058966730392
7.39	-25.86	0.08902472088141877
7.39	-24.64	0.06473950624888403
7.39	-23.41	0.06098047069749413
7.39	-22.18	0.05761953656518415
7.4	-20.95	0.06658843365008948
7.4	-19.73	0.03271414141875084
7.4	-18.49	-0.0018708112668619492
7.4	-17.26	0.014421929146372747
7.4	-16.03	-0.030665884228859852
7.4	-14.8	-0.04426572504642934
7.4	-13.57	-0.03301197644222498
7.4	-12.34	-0.03142263926741862
7.4	-11.1	-0.009627453204068104
7.4	-9.87	-0.026748378480796475
7.4	-8.64	-0.0046356996468546185
7.41	-7.41	0.01954324024729459
7.41	-6.17	0.03595888920956014
7.41	-4.94	0.04102822216913182
7.41	-3.7	0.06868470843293295
7.41	-2.47	0.08724520487424314
7.41	-1.23	0.12171441643052106
7.41	0.0	0.13797412327809866
7.41	1.23	0.14584736654750685
7.41	2.47	0.15602620803014844
7.41	3.7	0.12929112757299066
7.41	4.94	0.1295587763756174
7.41	6.17	0.07320956979584281
7.41	7.41	0.024553357808848375
7.4	8.64	0.00021418519030191874
7.4	9.87	-0.06732957819651375
7.4	11.1	-0.10991879106956048
7.4	12.34	-0.1494769814196033
7.4	13.57	-0.2575414804365721
7.4	14.8	-0.3413398797389746
7.4	16.03	-0.40153886825528673
7.4	17.26	-0.43496829095354883
7.4	18.49	-0.47998913317608327
7.4	19.73	-0.5347548113364837
7.4	20.95	-0.5676897544924984
7.39	22.18	-0.4641514298059022
7.39	23.41	-0.436918515825397
7.39	24.64	-0.24105822449098468
7.39	25.86	-0.11706652921396454
7.39	27.08	0.07125536301963109
7.38	28.31	0.4235405497076812
7.39	29.55	0.9460423588898479
7.39	30.78	1.5252566952314268
7.38	31.97	2.1302494554410956
7.37	33.15	3.1675169935817067
7.36	34.33	4.5739946844472215
7.34	35.46	5.393006171377017
7.3	36.51	5.293950039605711
7.22	37.3	3.479077411296849
8.51	36.45	5.200406519868757
8.55	35.43	5.490417526307688
8.58	34.31	4.708197842168694
8.59	33.14	3.468904348994549
8.6	31.96	2.318351068666452
8.62	30.77	1.6801026011088211
8.62	29.55	1.0704334807224285
8.62	28.31	0.537491070441078
8.62	27.08	0.1424908098497113
8.62	25.86	-0.03515233688770536
8.62	24.64	-0.19286668853197142
8.62	23.41	-0.4002761320030359
8.62	22.18	-0.4478629076536791
8.63	20.95	-0.5380523758469948
8.63	19.72	-0.5693820852126166
8.63	18.49	-0.47859808414389704
8.63	17.26	-0.46352491455007794
8.63	16.03	-0.4104244171984064
8.63	14.8	-0.3672919183122261
8.64	13.57	-0.2761406625603158
8.64	12.34	-0.2053155482222948
8.64	11.1	-0.1399650187733883
8.64	9.87	-0.09453243579477544
8.64	8.64	-0.04333743418143854
8.64	7.4	-0.00418541495771052
8.64	6.17	0.03187279244951924
8.64	4.94	0.05624512717401586
8.64	3.7	0.07806772761545488
8.64	2.47	0.09618349069593535
8.64	1.23	0.11210062748907745
8.64	-0.0	0.09412350482023868
8.64	-1.23	0.06489533010712023
8.64	-2.47	0.07298621547450779
8.64	-3.7	0.06296234937262568
8.64	-4.94	0.032002395313163845
8.64	-6.17	0.020229422643488704
8.64	-7.4	0.0015067832943103099
8.64	-8.64	-0.024631677003903008
8.64	-9.87	-0.03650104364312057
8.64	-11.1	-0.021696882469107948
8.64	-12.34	-0.037247785649235254
8.64	-13.57	-0.056863137986958634
8.63	-14.8	-0.05488725376151393
8.63	-16.03	-0.03137922464869547
8.63	-17.26	0.003793480280528172
8.63	-18.49	-0.0010092036117299585
8.63	-19.72	0.01469326232896151
8.63	-20.95	0.060812126325295424
8.62	-22.18	0.04482854640298939
8.62	-23.41	0.06348910682095266
8.62	-24.64	0.06455121385241114
8.62	-25.86	0.04365866598318746
8.62	-27.08	0.039603963938944275
8.62	-28.31	0.03507804957870064
8.62	-29.55	0.021224028360492753
8.62	-30.77	0.05052341811197181
8.6	-31.96	-0.11215066570970578
8.59	-33.14	-0.5099413042749035
8.58	-34.31	-0.8816632742077957
8.55	-35.43	-1.1279356694425857
8.51	-36.45	-1.0340813983006498
9.7	-36.37	-0.6916863130595985
9.76	-35.39	-1.1086911149865983
9.8	-34.29	-0.9296854047088772
9.82	-33.13	-0.6271004616752407
9.83	-31.95	-0.1891131985767487
9.84	-30.76	0.05948808648162185
9.85	-29.55	0.048564657591626315
9.85	-28.31	0.012518179772953886
9.85	-27.08	0.05244105201111182
9.85	-25.85	0.01375763098791083
9.85	-24.63	0.0932415571213312
9.86	-23.41	0.05258655759632802
9.86	-22.18	0.04774827682805949
9.86	-20.95	0.0424056631034091
9.86	-19.72	0.038301178563898475
9.86	-18.49	0.0034645572898241994
9.86	-17.26	-0.0027737290218965427
9.86	-16.03	-0.040826788872998065
9.87	-14.8	-0.05309671929776982
9.87	-13.57	-0.05149946074285339
9.87	-12.34	-0.05796849384503844
9.87	-11.1	-0.03376700580877667
9.87	-9.87	-0.04423704183737698
9.87	-8.64	-0.030405014632293614
9.87	-7.4	-0.00929280386032616
9.87	-6.17	0.01562379695457139
9.87	-4.94	0.022446574814146913
9.88	-3.7	0.04484262943852002
9.88	-2.47	0.070486414915365
9.88	-1.23	0.048890315385243355
9.88	0.0	0.07408373144146196
9.88	1.23	0.05958925374068258
9.88	2.47	0.06694957914195498
9.88	3.7	0.05771383138363717
9.87	4.94	0.035645450953630586
9.87	6.17	0.009842864751220759
9.87	7.4	-0.024612379753257585
9.87	8.64	-0.061673129418743144
9.87	9.87	-0.1558658164073563
9.87	11.1	-0.1967410302995347
9.87	12.34	-0.26225700607707836
9.87	13.57	-0.3133132657594686
9.87	14.8	-0.37536030456117686
9.86	16.03	-0.4223873055165015
9.86	17.26	-0.4530840655263262
9.86	18.49	-0.5046389387383741
9.86	19.72	-0.5656598493575444
9.86	20.95	-0.4673691486189284
9.86	22.18	-0.4480740723220791
9.86	23.41	-0.32522241919387795
9.85	24.63	-0.1525282076251102
9.85	25.85	-0.012104099543016389
9.85	27.08	0.23426432669237585
9.85	28.31	0.709443821598569
9.85	29.55	1.245023698978983
9.84	30.76	1.883166770085218
9.83	31.95	2.547821140099593
9.82	33.13	3.801631543254423
9.8	34.29	5.01156567481565
9.76	35.39	5.535950765106271
9.7	36.37	5.162429734710706
10.88	36.26	4.821800102054318
10.97	35.34	5.475271971284336
11.01	34.26	5.216682684840329
11.04	33.11	4.320190420362117
11.05	31.93	2.886556821972441
11.07	30.75	2.054965350892523
11.08	29.55	1.4235909758985557
11.08	28.32	0.8908317554860403
11.08	27.08	0.40390940622288696
11.08	25.85	0.08163828629508885
11.08	24.63	-0.08247707562027529
11.09	23.41	-0.20808307063302323
11.09	22.18	-0.41317643592095266
11.09	20.95	-0.4358808779004235
11.09	19.72	-0.5211660439453141
11.1	18.49	-0.5383131617347132
11.1	17.26	-0.47333881049753046
11.1	16.03	-0.4322720167213987
11.1	14.8	-0.38761520235311764
11.1	13.57	-0.3389887592604026
11.1	12.34	-0.2789809527069238
11.1	11.1	-0.2403926906326248
11.1	9.87	-0.1676795260681061
11.1	8.64	-0.12516267053738517
11.1	7.4	-0.07852489190864276
11.1	6.17	-0.04878894908939202
11.1	4.94	-0.01612868983253435
11.11	3.7	0.009299219343390064
11.11	2.47	0.02369982120873715
11.11	1.23	0.04215652199789588
11.11	-0.0	0.039833968820261134
11.11	-1.23	0.03213545884151614
11.11	-2.47	0.021039095941468133
11.11	-3.7	0.006926764331943502
11.1	-4.94	0.004932492375033348
11.1	-6.17	-0.00450817593374353
11.1	-7.4	-0.02962168724952363
11.1	-8.64	-0.06879156660177443
11.1	-9.87	-0.04910830828596602
11.1	-11.1	-0.0624460349496303
11.1	-12.34	-0.08504951635987368
11.1	-13.57	-0.07449687797977589
11.1	-14.8	-0.05308617038723895
11.1	-16.03	-0.039173799389665476
11.1	-17.26	-0.014406557469754944
11.1	-18.49	0.005906133572459282
11.09	-19.72	0.03779458874527819
11.09	-20.95	0.0260192025876691
11.09	-22.18	0.051281554098210336
11.09	-23.41	0.04714238457677311
11.08	-24.63	0.03999698478035185
11.08	-25.85	0.020699053279876978
11.08	-27.08	0.06450570303300651
11.08	-28.32	0.027218795793238826
11.08	-29.55	0.09893283358015736
11.07	-30.75	0.022370060522042934
11.05	-31.93	-0.258956760052385
11.04	-33.11	-0.717263832645429
11.01	-34.26	-1.0158546224324638
10.97	-35.34	-1.0731955474511707
10.88	-36.26	0.46621555823217165
12.02	-36.05	5.919165128956941
12.16	-35.27	-0.9544369558147778
12.22	-34.22	-1.0331210221515335
12.25	-33.09	-0.730170775311521
12.27	-31.91	-0.35372372764749116
12.29	-30.73	-0.03337778795528834
12.31	-29.54	0.13192503393353405
12.31	-28.32	0.06720926497889934
12.31	-27.08	0.042575970036608624
12.31	-25.85	0.043861119087125644
12.31	-24.63	0.012266853782513465
12.32	-23.4	0.07411130325221649
12.32	-22.18	0.04711368129208182
12.32	-20.94	0.029681749404566915
12.32	-19.72	0.03466882355591849
12.33	-18.49	0.039183734968666784
12.33	-17.26	-0.004807486120427029
12.33	-16.03	-0.02932288259051319
12.33	-14.8	-0.04822377848758208
12.33	-13.56	-0.07170083629198132
12.33	-12.33	-0.07848836466565956
12.34	-11.1	-0.07545353692301404
12.34	-9.87	-0.07537703976214516
12.34	-8.64	-0.06411248555770754
12.34	-7.4	-0.05307306666100686
12.34	-6.17	-0.04839632216847889
12.34	-4.93	-0.03996648799147806
12.34	-3.7	-0.03989117758756322
12.34	-2.47	-0.003230894429812281
12.34	-1.23	-0.01091142887985086
12.34	0.0	-0.0042660026245684435
12.34	1.23	0.0022290303933800715
12.34	2.47	-0.020252829565407637
12.34	3.7	-0.03800576913467779
12.34	4.93	-0.07200734708182921
12.34	6.17	-0.08085964900816833
12.34	7.4	-0.12835079798784932
12.34	8.64	-0.16829203259874248
12.34	9.87	-0.21293952616037615
12.34	11.1	-0.2708933199938315
12.33	12.33	-0.2975157487321525
12.33	13.56	-0.3531537890037555
12.33	14.8	-0.40077756485211324
12.33	16.03	-0.4334519382261206
12.33	17.26	-0.4869335955661924
12.33	18.49	-0.5339554320973292
12.32	19.72	-0.43851684770089605
12.32	20.94	-0.4050002964335704
12.32	22.18	-0.3385621099415488
12.32	23.4	-0.12639474105954918
12.31	24.63	-0.004238553547601498
12.31	25.85	0.1822507351382754
12.31	27.08	0.5965961195341833
12.31	28.32	1.071061171426443
12.31	29.54	1.688621042107819
12.29	30.73	2.248704706562158
12.27	31.91	3.2862475817305565
12.25	33.09	4.630907218873567
12.22	34.22	5.4322136739258085
12.16	35.27	5.33747704196049
12.02	36.05	3.7526060892165347
13.34	35.17	5.242341986281211
13.42	34.17	5.58860042037886
13.47	33.06	4.948758553048954
13.49	31.9	3.8109817019703414
13.51	30.71	2.593354089897879
13.53	29.53	1.9507474722467961
13.54	28.32	1.330294317133692
13.54	27.08	0.8391419869167862
13.54	25.85	0.37223684694223635
13.54	24.62	0.07893389894697833
13.55	23.4	-0.05636258623860613
13.55	22.17	-0.22639318355610527
13.55	20.94	-0.3624890843340012
13.55	19.71	-0.4311604649836127
13.56	18.49	-0.4643081971741978
13.56	17.26	-0.5173020559431407
13.56	16.03	-0.4422303372936298
13.56	14.8	-0.40455942419755786
13.56	13.56	-0.4080626002530394
13.56	12.33	-0.3535076726346773
13.57	11.1	-0.2915773255953482
13.57	9.87	-0.2504759386412658
13.57	8.64	-0.20454739971293634
13.57	7.4	-0.1697471673032993
13.57	6.17	-0.13666781649670412
13.57	4.93	-0.10625653793150036
13.57	3.7	-0.07665651619956293
13.57	2.47	-0.06540414903861347
13.57	1.23	-0.06453314931800946
13.57	-0.0	-0.049222713133687535
13.57	-1.23	-0.0580221365244995
13.57	-2.47	-0.05658034938282697
13.57	-3.7	-0.04788781695092581
13.57	-4.93	-0.06436281262546828
13.57	-6.17	-0.05843470382529148
13.57	-7.4	-0.07070544252489697
13.57	-8.64	-0.08084414345865554
13.57	-9.87	-0.09055433721180606
13.57	-11.1	-0.0815095381096782
13.56	-12.33	-0.07783687197575517
13.56	-13.56	-0.058526058467784026
13.56	-14.8	-0.052469161275674026
13.56	-16.03	-0.02181294778588949
13.56	-17.26	0.005364448449775239
13.56	-18.49	0.023858304986774215
13.55	-19.71	0.019382352780212386
13.55	-20.94	0.038738035602506216
13.55	-22.17	0.05785231775761446
13.55	-23.4	0.039671891891494226
13.54	-24.62	0.03299617162760171
13.54	-25.85	0.07506167043466405
13.54	-27.08	0.0559835442401706
13.54	-28.32	0.14471553029165563
13.53	-29.53	0.11256695807329464
13.51	-30.71	-0.1293017677753454
13.49	-31.9	-0.5104692915327504
13.47	-33.06	-0.7831847312084363
13.42	-34.17	-0.9521283628134825
13.34	-35.17	-0.8562340136807407
14.49	-35.02	0.053829947078057216
14.62	-34.1	-0.91247810479706
14.67	-33.02	-0.9125456558407663
14.71	-31.87	-0.6036253812579275
14.73	-30.69	-0.2009300711050912
14.75	-29.51	0.09674198410610302
14.77	-28.31	0.1760371840244872
14.78	-27.09	0.0996890940148063
14.77	-25.85	0.037515505513809444
14.77	-24.62	0.06278481812495329
14.77	-23.39	0.012154038408375811
14.78	-22.17	0.020031528601002435
14.78	-20.94	0.023537909585606087
14.78	-19.71	0.011693756890458928
14.79	-18.48	-0.010618497569929275
14.79	-17.25	0.00011217187972079046
14.79	-16.03	-0.02699002471393186
14.79	-14.79	-0.05173633768232122
14.8	-13.56	-0.06665887177829433
14.8	-12.33	-0.07885511087640396
14.8	-11.1	-0.11585910963462709
14.8	-9.87	-0.09562059201491735
14.8	-8.63	-0.08558773767305894
14.8	-7.4	-0.08343670469572118
14.8	-6.17	-0.09000738035589251
14.8	-4.93	-0.07978732446527914
14.8	-3.7	-0.08196844876445653
14.8	-2.47	-0.08770308857938858
14.8	-1.23	-0.07812579958030597
14.8	0.0	-0.0766088601461945
14.8	1.23	-0.08317430669026749
14.8	2.47	-0.09281461623974963
14.8	3.7	-0.12427919604171933
14.8	4.93	-0.16162883354015634
14.8	6.17	-0.18140776507009093
14.8	7.4	-0.21289067795748196
14.8	8.63	-0.2401911060697799
14.8	9.87	-0.274095437508997
14.8	11.1	-0.3400150844816423
14.8	12.33	-0.358706061491219
14.8	13.56	-0.39280765880366886
14.79	14.79	-0.39863004376073263
14.79	16.03	-0.4907896688987563
14.79	17.25	-0.4795578406882228
14.79	18.48	-0.4315948036090518
14.78	19.71	-0.37985425528937355
14.78	20.94	-0.2333840576366626
14.78	22.17	-0.09197397851361444
14.77	23.39	0.029656270752155933
14.77	24.62	0.2100047759099155
14.77	25.85	0.6127713119191256
14.78	27.09	1.0458726017768498
14.77	28.31	1.5933545541931053
14.75	29.51	2.161064342709203
14.73	30.69	3.0036070959628987
14.71	31.87	4.449902329394256
14.67	33.02	5.313861261714301
14.62	34.1	5.532161304464289
14.49	35.02	5.043262142418733
15.79	34.0	5.359054609665968
15.87	32.97	5.599942735951636
15.92	31.84	4.652379490061968
15.95	30.67	3.6696593933084145
15.97	29.48	2.531313022707984
15.99	28.3	1.9338705522233184
16.01	27.09	1.3418595766257653
16.01	25.85	0.8691406385111407
16.0	24.62	0.4520443893279804
16.0	23.39	0.16694288305414773
16.01	22.16	-0.002293933160821382
16.01	20.94	-0.11943166312745035
16.02	19.71	-0.29243266059668116
16.02	18.48	-0.4009936178144784
16.02	17.25	-0.4028072178809694
16.02	16.02	-0.45282394013057115
16.03	14.79	-0.4649016718017478
16.03	13.56	-0.3724928026024017
16.03	12.33	-0.3690609988225191
16.03	11.1	-0.32358803604059716
16.03	9.86	-0.3232429700136876
16.03	8.63	-0.2859192533962016
16.03	7.4	-0.2483395763027758
16.03	6.17	-0.23556875044209846
16.04	4.93	-0.2109122489729458
16.04	3.7	-0.12801258840665497
16.04	2.47	-0.11752163699448204
16.04	1.23	-0.12378830865675639
16.04	-0.0	-0.10680744987411828
16.04	-1.23	-0.09620784218550682
16.04	-2.47	-0.08727819990531316
16.04	-3.7	-0.08628335747750526
16.04	-4.93	-0.10601966053908995
16.03	-6.17	-0.11176378338996784
16.03	-7.4	-0.09577129930928407
16.03	-8.63	-0.09823035161384297
16.03	-9.86	-0.08745970237955447
16.03	-11.1	-0.10509528836271897
16.03	-12.33	-0.10936920378565418
16.03	-13.56	-0.05289592718919778
16.03	-14.79	-0.05364693319564395
16.02	-16.02	-0.02109488780378399
16.02	-17.25	-0.03003395400239839
16.02	-18.48	-0.0012389409559787623
16.02	-19.71	0.013955953715388603
16.01	-20.94	0.0018017452327470096
16.01	-22.16	-0.017220076066429613
16.0	-23.39	0.026257064267937835
16.0	-24.62	0.06402819071227839
16.01	-25.85	0.07085586558457635
16.01	-27.09	0.1455050749797735
15.99	-28.3	0.1793253496333378
15.97	-29.48	0.010485600145486274
15.95	-30.67	-0.37540810551325876
15.92	-31.84	-0.6650627602481336
15.87	-32.97	-0.8662672801557036
15.79	-34.0	-0.877215164313256
16.92	-33.85	-0.5192574536209733
17.06	-32.9	-0.8227640742710065
17.12	-31.8	-0.7910192729000798
17.16	-30.65	-0.4812106999565202
17.19	-29.46	-0.1350035258712765
17.21	-28.27	0.14009782001193827
17.23	-27.08	0.21465092520677587
17.24	-25.86	0.13348662200202455
17.23	-24.62	0.05692635463701379
17.23	-23.38	0.05951118975588088
17.23	-22.16	0.017626982877501973
17.24	-20.93	-0.013065897865310205
17.25	-19.71	0.0055815854583372015
17.25	-18.48	-0.0025009459354308206
17.25	-17.25	-0.027603439185504897
17.25	-16.02	-0.04968662982964389
17.25	-14.79	-0.033253986002776514
17.26	-13.56	-0.050893386519128114
17.26	-12.33	-0.0831235944028279
17.26	-11.1	-0.11253652166617911
17.26	-9.86	-0.12077672585306232
17.26	-8.63	-0.12883105011141538
17.26	-7.4	-0.1308524052772455
17.26	-6.17	-0.1363816502832833
17.26	-4.93	-0.13199516412801415
17.27	-3.7	-0.13450677936727828
17.27	-2.47	-0.1524974496416931
17.27	-1.23	-0.16202185739732755
17.27	0.0	-0.15298728308167853
17.27	1.23	-0.1646057867142403
17.27	2.47	-0.18521182041591544
17.27	3.7	-0.21282276451447046
17.26	4.93	-0.2281463558339638
17.26	6.17	-0.2631837502363936
17.26	7.4	-0.2951164005020743
17.26	8.63	-0.29620631860720437
17.26	9.86	-0.3147899455190313
17.26	11.1	-0.34669360644636527
17.26	12.33	-0.36203365646473884
17.26	13.56	-0.43866328840348956
17.25	14.79	-0.43186862440570195
17.25	16.02	-0.36750412161106993
17.25	17.25	-0.36589689587606955
17.25	18.48	-0.3079504914360669
17.25	19.71	-0.12491300144917261
17.24	20.93	-0.033710443273932356
17.23	22.16	0.13041357319594482
17.23	23.38	0.35794306360299544
17.23	24.62	0.7324183770237411
17.24	25.86	1.1704648254564773
17.23	27.08	1.6927276316828497
17.21	28.27	2.208229281504366
17.19	29.46	2.970745316439711
17.16	30.65	4.466611625175496
17.12	31.8	5.272101089300072
17.06	32.9	5.642374817770666
16.92	33.85	5.259826208116557
18.21	32.78	5.492209301517271
18.31	31.74	5.680756476778932
18.37	30.61	4.971379967956047
18.4	29.44	3.86749619422023
18.42	28.25	2.624600568223478
18.45	27.06	2.038769706136641
18.47	25.85	1.518307284871348
18.47	24.63	1.0361248767613063
18.46	23.39	0.6198408982159762
18.46	22.15	0.29429587592263573
18.47	20.93	0.10450365297499076
18.47	19.7	-0.03819783942834931
18.48	18.48	-0.15471642956414655
18.48	17.25	-0.2909550368530631
18.48	16.02	-0.35853632404703006
18.48	14.79	-0.32023497133001655
18.49	13.56	-0.4177696004770297
18.49	12.33	-0.39854946522250145
18.49	11.1	-0.3929665949600789
18.49	9.86	-0.30301670144187653
18.49	8.63	-0.29500825012708987
18.49	7.4	-0.2974587798100927
18.49	6.16	-0.25006517021103036
18.5	4.93	-0.23077711335496076
18.5	3.7	-0.2460873048965766
18.5	2.47	-0.22790485450717313
18.5	1.23	-0.19177849809717884
18.5	-0.0	-0.18667527263075812
18.5	-1.23	-0.20821876880783208
18.5	-2.47	-0.18470619203197458
18.5	-3.7	-0.16685808816267667
18.5	-4.93	-0.13480856317547563
18.49	-6.16	-0.15390643132160164
18.49	-7.4	-0.13174993039805827
18.49	-8.63	-0.13051447262059668
18.49	-9.86	-0.10046728270116034
18.49	-11.1	-0.0927892248795601
18.49	-12.33	-0.05572367230591624
18.49	-13.56	-0.05683156448893101
18.48	-14.79	-0.06791861080925088
18.48	-16.02	-0.0579116841339129
18.48	-17.25	-0.018515498804980268
18.48	-18.48	-0.0006859334640481052
18.47	-19.7	-0.026465320913452217
18.47	-20.93	-0.007051334270094856
18.46	-22.15	0.028236927493686892
18.46	-23.39	0.05597778098321271
18.47	-24.63	0.11324147776742421
18.47	-25.85	0.23144698520199114
18.45	-27.06	0.20743498989866538
18.42	-28.25	0.07423940347082691
18.4	-29.44	-0.3183931420688779
18.37	-30.61	-0.547783365273439
18.31	-31.74	-0.7293256175130836
18.21	-32.78	-0.7554259642007253
19.32	-32.6	-0.4705645377083272
19.48	-31.66	-0.6932886284671298
19.56	-30.56	-0.6368191348893291
19.61	-29.41	-0.3807693029032464
19.63	-28.22	-0.08354054125431531
19.66	-27.03	0.17133236610158775
19.68	-25.84	0.22113104400195738
19.7	-24.62	0.23016734847120546
19.7	-23.39	0.10069080322404744
19.69	-22.16	0.05236484156797161
19.69	-20.92	0.03907875151612217
19.7	-19.7	-0.0007396893633213608
19.7	-18.47	-0.026749813548086365
19.71	-17.25	-0.007132464974972663
19.71	-16.02	-0.030243100866719885
19.71	-14.78	-0.06721454766697832
19.71	-13.55	-0.08582142402146786
19.72	-12.32	-0.09785818099910415
19.72	-11.09	-0.08385155221208151
19.72	-9.86	-0.0821524210798259
19.72	-8.63	-0.10299015743647288
19.73	-7.4	-0.11517453523884313
19.73	-6.16	-0.1271101705762021
19.73	-4.93	-0.14903722502688055
19.73	-3.7	-0.14538245285280027
19.73	-2.47	-0.17104202024771809
19.73	-1.23	-0.16080561276172034
19.73	0.0	-0.21785586737858864
19.73	1.23	-0.20118095992076945
19.73	2.47	-0.21539926464608072
19.73	3.7	-0.23383903362321234
19.73	4.93	-0.24391811280935372
19.73	6.16	-0.2699740176058185
19.73	7.4	-0.2698761040545534
19.72	8.63	-0.30330833254414813
19.72	9.86	-0.36347496451153205
19.72	11.09	-0.3644381804061183
19.72	12.32	-0.32825541178328876
19.71	13.55	-0.3054033216116352
19.71	14.78	-0.2883527701393618
19.71	16.02	-0.2579689038823858
19.71	17.25	-0.12637139982200551
19.7	18.47	-0.027968683169873998
19.7	19.7	0.1047329112032358
19.69	20.92	0.2843803236426865
19.69	22.16	0.5758393252292251
19.7	23.39	0.936002549325444
19.7	24.62	1.3863358423587115
19.68	25.84	1.9137262242297837
19.66	27.03	2.4080697173812453
19.63	28.22	3.279996353593795
19.61	29.41	4.557907418318372
19.56	30.56	5.466292680580459
19.48	31.66	5.6912174696619715
19.32	32.6	5.285841457835609
20.61	31.52	5.557990687519641
20.73	30.49	5.787755596809895
20.8	29.36	5.160783105835698
20.84	28.2	4.334276841969007
20.87	27.01	2.943170654313626
20.89	25.81	2.2545314529663116
20.92	24.61	1.7896222383843323
20.93	23.39	1.325166774100154
20.93	22.16	0.9088680751328866
20.92	20.92	0.5508985505455826
20.92	19.69	0.31986586803721906
20.93	18.47	0.1428067357252445
20.93	17.24	0.005966254102425239
20.94	16.01	-0.0815426661143519
20.94	14.78	-0.19689043128764183
20.94	13.55	-0.24177360578733698
20.94	12.32	-0.275788595449626
20.95	11.09	-0.2783180407819046
20.95	9.86	-0.31306717162541275
20.95	8.63	-0.3157901400358156
20.95	7.4	-0.3124968982168568
20.96	6.16	-0.29138616490973135
20.96	4.93	-0.24333862153988406
20.96	3.7	-0.19885293631575962
20.96	2.47	-0.19089090492163052
20.96	1.23	-0.18397155786650643
20.96	-0.0	-0.19257089847670272
20.96	-1.23	-0.16655139287594523
20.96	-2.47	-0.15125553415926163
20.96	-3.7	-0.14163433179263762
20.96	-4.93	-0.13775204894368187
20.96	-6.16	-0.12172461139820712
20.95	-7.4	-0.09045701630953573
20.95	-8.63	-0.10645050879359275
20.95	-9.86	-0.11579132747375098
20.95	-11.09	-0.10244773032895438
20.94	-12.32	-0.07958733672217022
20.94	-13.55	-0.04246766433792715
20.94	-14.78	-0.05306250859564443
20.94	-16.01	-0.051179246016445745
20.93	-17.24	-0.0370506924380507
20.93	-18.47	-0.0006124752528222643
20.92	-19.69	0.03835313496055193
20.92	-20.92	0.06336931876772667
20.93	-22.16	0.12852385560478297
20.93	-23.39	0.21398081213239806
20.92	-24.61	0.26923312199220817
20.89	-25.81	0.22556537531626475
20.87	-27.01	0.0684422979484296
20.84	-28.2	-0.23510154012853235
20.8	-29.36	-0.47475364151210186
20.73	-30.49	-0.5569378494605104
20.61	-31.52	-0.5716443268463962
21.63	-31.24	-0.08954654485832947
21.87	-30.38	-0.5074575943977138
21.97	-29.3	-0.4315187204600761
22.04	-28.16	-0.3200946909456661
22.07	-26.98	-0.1060898383279536
22.1	-25.78	0.1711781162103918
22.13	-24.59	0.2961633072950107
22.15	-23.38	0.295165478680083
22.16	-22.16	0.23785609463301682
22.16	-20.93	0.139481144888272
22.16	-19.69	0.09589759661574249
22.15	-18.46	0.04041382863174192
22.16	-17.23	0.008707934987491228
22.16	-16.01	-0.013600713758947336
22.17	-14.78	-0.06372801640943493
22.17	-13.55	-0.03571247035779379
22.18	-12.32	-0.05693286426952682
22.18	-11.09	-0.07104674667240829
22.18	-9.86	-0.08794795693849267
22.18	-8.62	-0.13005304031442932
22.18	-7.39	-0.11998875802198938
22.18	-6.16	-0.16674281286252324
22.18	-4.93	-0.15126366924386758
22.19	-3.7	-0.15578925526028087
22.19	-2.47	-0.1703417771198943
22.19	-1.23	-0.19213861120443454
22.19	0.0	-0.20393854067775408
22.19	1.23	-0.22387089073123434
22.19	2.47	-0.24549014184030682
22.19	3.7	-0.2589521693392953
22.18	4.93	-0.27365556655242784
22.18	6.16	-0.2690157159260522
22.18	7.39	-0.22819862309478367
22.18	8.62	-0.27106731460109046
22.18	9.86	-0.28493442026501015
22.18	11.09	-0.21255955725993658
22.18	12.32	-0.20111384067493532
22.17	13.55	-0.11966544375682986
22.17	14.78	-0.04169906654939126
22.16	16.01	0.034413019269379674
22.16	17.23	0.1743054521943037
22.15	18.46	0.37220587679119177
22.16	19.69	0.5999616042154301
22.16	20.93	0.925146420990913
22.16	22.16	1.3033197098434997
22.15	23.38	1.753800071966758
22.13	24.59	2.1835343173564112
22.1	25.78	2.758702489763671
22.07	26.98	4.047897760048237
22.04	28.16	4.960776323469652
21.97	29.3	5.74728997145602
21.87	30.38	5.717155538173749
21.63	31.24	5.157215891605411
22.94	30.18	5.6228898062259205
23.12	29.2	5.825407216845839
23.21	28.1	5.610992169084504
23.27	26.94	4.7003278691247985
23.31	25.76	3.776193411515443
23.33	24.56	2.6601955717355636
23.36	23.36	2.152852567208633
23.38	22.15	1.7430891674627915
23.39	20.93	1.3358343132787525
23.39	19.7	0.9603371742980826
23.39	18.46	0.6488535655637833
23.38	17.23	0.4106922118392049
23.39	16.0	0.2244661209471701
23.39	14.77	0.09802346035452558
23.4	13.55	0.016633720106057126
23.4	12.32	-0.05101848064587955
23.41	11.09	-0.12071662753791657
23.41	9.86	-0.1835884912854553
23.41	8.62	-0.23862214007598936
23.41	7.39	-0.331591779561208
23.41	6.16	-0.35902066522417897
23.41	4.93	-0.2639121206584534
23.41	3.7	-0.21674201707094198
23.41	2.46	-0.18743523099859516
23.41	1.23	-0.18275368120701074
23.41	-0.0	-0.17120333052056225
23.41	-1.23	-0.1563415896649687
23.41	-2.46	-0.14011968427339383
23.41	-3.7	-0.11821302593538263
23.41	-4.93	-0.11213424356454738
23.41	-6.16	-0.08750997454209397
23.41	-7.39	-0.08370675013311057
23.41	-8.62	-0.0894700943478739
23.41	-9.86	-0.0728402918087383
23.41	-11.09	-0.07022239939798425
23.4	-12.32	-0.04606677734781783
23.4	-13.55	-0.047038803015574615
23.39	-14.77	-0.009983225062462964
23.39	-16.0	0.030156108364856493
23.38	-17.23	0.05307690005592036
23.39	-18.46	0.101626917451064
23.39	-19.7	0.171811554173253
23.39	-20.93	0.2873992811135224
23.38	-22.15	0.3465469209574721
23.36	-23.36	0.34080219711027127
23.33	-24.56	0.24471605763176996
23.31	-25.76	0.002985011346304134
23.27	-26.94	-0.15320297752361967
23.21	-28.1	-0.29952139294253044
23.12	-29.2	-0.37342328036366723
22.94	-30.18	-0.2352638908823721
24.2	-29.04	-0.21343512192262182
24.36	-28.01	-0.20174519745439312
24.44	-26.89	-0.141054751887701
24.5	-25.72	0.005442583293948644
24.53	-24.53	0.11028919148872518
24.56	-23.33	0.3243703276564247
24.59	-22.13	0.3658195191536677
24.61	-20.92	0.38105862161405213
24.62	-19.7	0.33818160656205265
24.63	-18.47	0.25323035516126424
24.62	-17.23	0.16045441427371543
24.62	-16.0	0.0946196424391772
24.62	-14.77	0.037707315930695984
24.62	-13.54	0.02495796235559311
24.63	-12.31	-0.023110107691266535
24.63	-11.08	-0.03974720205948756
24.63	-9.85	-0.07553955499712117
24.64	-8.62	-0.05479018932376789
24.64	-7.39	-0.07855879738666971
24.64	-6.16	-0.08946240878353962
24.64	-4.93	-0.09730731055303465
24.64	-3.7	-0.13193889920814428
24.64	-2.46	-0.14192001772914153
24.64	-1.23	-0.1885827198708725
24.64	0.0	-0.24081335636441992
24.64	1.23	-0.28933767933735766
24.64	2.46	-0.30312578830526604
24.64	3.7	-0.3199650351432197
24.64	4.93	-0.25352639987335834
24.64	6.16	-0.21777329081060515
24.64	7.39	-0.1353546715678391
24.64	8.62	-0.09501486775165091
24.63	9.85	-0.020367389652207635
24.63	11.08	0.008889984669828266
24.63	12.31	0.0776796076656936
24.62	13.54	0.1749907382731024
24.62	14.77	0.35455217046734333
24.62	16.0	0.49779991349428343
24.62	17.23	0.7157495178535385
24.63	18.47	1.0410995432474763
24.62	19.7	1.3974930373052317
24.61	20.92	1.779122511387932
24.59	22.13	2.1639689346727167
24.56	23.33	2.672377297170293
24.53	24.53	3.6473778505081995
24.5	25.72	4.635339228835711
24.44	26.89	5.560133937052548
24.36	28.01	5.925306690195633
24.2	29.04	5.721285532714383
25.43	27.86	5.8251184890116505
25.59	26.8	5.962287664348217
25.67	25.67	5.5058940745787694
25.72	24.5	4.572136957441948
25.76	23.31	3.644661402025399
25.78	22.1	2.716299236920939
25.81	20.89	2.193435032213209
25.84	19.68	1.8615515265336668
25.85	18.47	1.4952703122796365
25.86	17.24	1.1588860784639792
25.85	16.01	0.855588711023664
25.85	14.77	0.645389367465647
25.85	13.54	0.4573827679057416
25.85	12.31	0.32673827009239886
25.85	11.08	0.1867536144457418
25.85	9.85	0.08752853088358847
25.86	8.62	0.028103638527923636
25.86	7.39	-0.0015363229224760744
25.87	6.16	-0.007892413662695219
25.87	4.93	-0.06320642526706877
25.87	3.7	-0.07658189260689596
25.87	2.46	-0.1074092854031008
25.87	1.23	-0.10944661470217198
25.87	-0.0	-0.11620983951322472
25.87	-1.23	-0.08000011569534848
25.87	-2.46	-0.07354822081301648
25.87	-3.7	-0.07103136767028673
25.87	-4.93	-0.047673126412782096
25.87	-6.16	-0.042965278103018534
25.86	-7.39	-0.0030358215431434132
25.86	-8.62	-0.0038562183650583393
25.85	-9.85	0.004184163568559995
25.85	-11.08	0.0015072074803796909
25.85	-12.31	0.04600032165438961
25.85	-13.54	0.09010083684926684
25.85	-14.77	0.13836157945155492
25.85	-16.01	0.22386923418783056
25.86	-17.24	0.3317528627351862
25.85	-18.47	0.4207141192077515
25.84	-19.68	0.4647762137405991
25.81	-20.89	0.4255685289303699
25.78	-22.1	0.3936720956591273
25.76	-23.31	0.222180625814012
25.72	-24.5	0.1379561939945546
25.67	-25.67	0.04763194447568253
25.59	-26.8	-0.04053397084919652
25.43	-27.86	-0.10323580797052045
26.65	-26.65	0.061045582239621865
26.8	-25.59	0.12644900856097507
26.89	-24.44	0.2098448142373428
26.94	-23.27	0.30568828723701813
26.98	-22.07	0.32732145156784753
27.01	-20.87	0.49293939963379785
27.03	-19.66	0.5558224821810924
27.06	-18.45	0.5470191700077507
27.08	-17.23	0.508213044628782
27.09	-16.01	0.44761928603575285
27.09	-14.78	0.3497404014308998
27.08	-13.54	0.2521090510145214
27.08	-12.31	0.2015629894991875
27.08	-11.08	0.1491125036097003
27.08	-9.85	0.10321861608280614
27.08	-8.62	0.07114675437061635
27.08	-7.39	0.042690298401566906
27.08	-6.16	0.0438219151425443
27.09	-4.93	0.046967043847253365
27.09	-3.69	0.03722372409699659
27.09	-2.46	0.02841973626492944
27.09	-1.23	0.029072500761230913
27.09	0.0	0.038708898965445826
27.09	1.23	0.03772354288507529
27.09	2.46	0.039685949219794736
27.09	3.69	0.06255531624078259
27.09	4.93	0.07453190901732398
27.08	6.16	0.1251293942509406
27.08	7.39	0.18156695436618264
27.08	8.62	0.2446811411968497
27.08	9.85	0.3793212417945213
27.08	11.08	0.5057290523382179
27.08	12.31	0.643915531030693
27.08	13.54	0.8248390089788344
27.09	14.78	1.0292673535256256
27.09	16.01	1.336629563515416
27.08	17.23	1.6522631555860912
27.06	18.45	1.9462847460976533
27.03	19.66	2.3245854771393866
27.01	20.87	2.8146251430623224
26.98	22.07	3.762970277405252
26.94	23.27	4.595451473623108
26.89	24.44	5.482981575074071
26.8	25.59	5.9872818594903165
26.65	26.65	6.026291643085408
27.86	25.43	6.108183501360138
28.01	24.36	6.063109110668286
28.1	23.21	5.599742138054559
28.16	22.04	4.629367688263393
28.2	20.84	3.9857824898154135
28.22	19.63	3.055968027829202
28.25	18.42	2.4923650382239018
28.27	17.21	2.154038783481276
28.3	15.99	1.8218455600291676
28.31	14.77	1.544410171979841
28.32	13.54	1.3022351303311268
28.32	12.31	1.034580393714073
28.32	11.08	0.846070780974344
28.31	9.85	0.7169704296941433
28.31	8.62	0.5896640181304491
28.31	7.38	0.4674667177943448
28.31	6.15	0.4126778310830588
28.31	4.92	0.3522482664841178
28.31	3.69	0.2556477082886346
28.31	2.46	0.2323486443122107
28.31	1.23	0.20008315716520286
28.31	-0.0	0.18000992796836357
28.31	-1.23	0.17592424417752284
28.31	-2.46	0.18632326640172892
28.31	-3.69	0.18370354355916874
28.31	-4.92	0.18671767386864957
28.31	-6.15	0.1993992938700302
28.31	-7.38	0.233546358266004
28.31	-8.62	0.27383088833823876
28.31	-9.85	0.3231144495496494
28.32	-11.08	0.38055874586638083
28.32	-12.31	0.4447140080176126
28.32	-13.54	0.5157146683126896
28.31	-14.77	0.5765105281237766
28.3	-15.99	0.6432316049898077
28.27	-17.21	0.6507143204940107
28.25	-18.42	0.6573725695749673
28.22	-19.63	0.5633247599699232
28.2	-20.84	0.5008424037996306
28.16	-22.04	0.47464834662799404
28.1	-23.21	0.428962072572439
28.01	-24.36	0.3283657740168735
27.86	-25.43	0.2248171003457884
29.04	-24.2	0.44125962018588183
29.2	-23.12	0.5590436949560527
29.3	-21.97	0.6587789677835261
29.36	-20.8	0.6924535370905787
29.41	-19.61	0.7003774230024646
29.44	-18.4	0.7123070144255763
29.46	-17.19	0.7645170798275558
29.48	-15.97	0.7969711141437443
29.51	-14.75	0.7953359293661748
29.53	-13.53	0.7827695393824712
29.54	-12.31	0.6950633465817617
29.55	-11.08	0.6642763694024509
29.55	-9.85	0.5832522967325247
29.55	-8.62	0.5520913160010963
29.55	-7.39	0.5134497648207201
29.55	-6.16	0.48538466092904997
29.54	-4.92	0.4518561426972667
29.54	-3.69	0.4531613040324629
29.54	-2.46	0.4529088842636071
29.54	-1.23	0.4475708533782381
29.54	0.0	0.4576081334299147
29.54	1.23	0.49948180746007154
29.54	2.46	0.5146140503809633
29.54	3.69	0.5766599404919717
29.54	4.92	0.6486353706672574
29.55	6.16	0.7470748888578598
29.55	7.39	0.839068652070381
29.55	8.62	0.9663713240329486
29.55	9.85	1.1129431678750947
29.55	11.08	1.3367818406512626
29.54	12.31	1.543582546311704
29.53	13.53	1.7802395441837646
29.51	14.75	2.053095758521927
29.48	15.97	2.3251677930326693
29.46	17.19	2.784142755203142
29.44	18.4	3.3864255057150743
29.41	19.61	4.179225072813615
29.36	20.8	4.842788804776099
29.3	21.97	5.709441544399901
29.2	23.12	6.124416116219969
29.04	24.2	6.177361532764699
30.18	22.94	6.266218159631997
30.38	21.87	6.2147695551925395
30.49	20.73	5.871027480299539
30.56	19.56	5.316486140423727
30.61	18.37	4.378260021257539
30.65	17.16	3.8569367944670816
30.67	15.95	3.1057166135706282
30.69	14.73	2.640306066761717
30.71	13.51	2.287318616890765
30.73	12.29	2.0356892527847705
30.75	11.07	1.822386944686734
30.76	9.84	1.623493992130797
30.77	8.62	1.4830312764686084
30.78	7.39	1.2962422720016065
30.78	6.16	1.1443562014726467
30.78	4.93	1.0286034101796133
30.78	3.69	0.9635246144704297
30.78	2.46	0.884448704253856
30.78	1.23	0.8567377116047297
30.78	-0.0	0.8082106438923873
30.78	-1.23	0.7762512795691592
30.78	-2.46	0.7655147402858802
30.78	-3.69	0.7746144800919978
30.78	-4.93	0.7607111817668653
30.78	-6.16	0.7892311546361768
30.78	-7.39	0.8247214787825925
30.77	-8.62	0.8800087184032819
30.76	-9.84	0.918353258632024
30.75	-11.07	0.9442604401590913
30.73	-12.29	0.9599493062014162
30.71	-13.51	0.9977320076807885
30.69	-14.73	0.9739794329593963
30.67	-15.95	0.916234012552934
30.65	-17.16	0.9224957344645404
30.61	-18.37	0.9632402528470649
30.56	-19.56	0.9416077374651692
30.49	-20.73	0.9107234687074026
30.38	-21.87	0.7883497018932601
30.18	-22.94	0.6701337740188364
31.24	-21.63	0.8946215022974897
31.52	-20.61	1.0315064003649184
31.66	-19.48	1.1621661373507024
31.74	-18.31	1.2385686158331808
31.8	-17.12	1.2576266732484953
31.84	-15.92	1.2738366219534853
31.87	-14.71	1.1647058848940404
31.9	-13.49	1.1529977218389718
31.91	-12.27	1.1847284537719176
31.93	-11.05	1.2207007214636363
31.95	-9.83	1.2176767943711724
31.96	-8.6	1.2019833720138067
31.97	-7.38	1.1822319793660014
31.98	-6.15	1.2057439327950519
31.99	-4.92	1.2027552770141696
32.0	-3.69	1.190555477787953
32.0	-2.46	1.2004143910743394
32.0	-1.23	1.2087971537904991
32.0	0.0	1.2922401684656677
32.0	1.23	1.2980035863676704
32.0	2.46	1.367636929367393
32.0	3.69	1.4386752913569296
31.99	4.92	1.5378016577911566
31.98	6.15	1.6672175707071446
31.97	7.38	1.7959829524658844
31.96	8.6	1.9584681064665759
31.95	9.83	2.138843236629633
31.93	11.05	2.3642378284345895
31.91	12.27	2.7111462120496626
31.9	13.49	3.100770603459175
31.87	14.71	3.7048075573367143
31.84	15.92	4.171839102540254
31.8	17.12	4.927761813285379
31.74	18.31	5.58833901396725
31.66	19.48	6.064139544134271
31.52	20.61	6.331374869120346
31.24	21.63	6.16139400881071
32.6	19.32	6.485306638593038
32.78	18.21	6.260888489459383
32.9	17.06	5.891658471937781
32.97	15.87	5.4763912957191465
33.02	14.67	4.927023643891552
33.06	13.47	4.164603791840612
33.09	12.25	3.710614325830427
33.11	11.04	3.2461435235784606
33.13	9.82	2.896621577137303
33.14	8.59	2.5974647348471436
33.15	7.37	2.3611635443213927
33.16	6.14	2.1694063789360385
33.17	4.91	2.033930939082161
33.18	3.69	1.9140444017699636
33.18	2.46	1.8362327709385156
33.18	1.23	1.7350495832613788
33.19	-0.0	1.697483661883318
33.18	-1.23	1.6288497210586215
33.18	-2.46	1.5921270528339662
33.18	-3.69	1.581054324748898
33.17	-4.91	1.5637808278114633
33.16	-6.14	1.5416643908872558
33.15	-7.37	1.53382637049706
33.14	-8.59	1.5152542891566938
33.13	-9.82	1.5248638721765033
33.11	-11.04	1.510768207897648
33.09	-12.25	1.568719071277961
33.06	-13.47	1.6247117259872041
33.02	-14.67	1.6407248381168174
32.97	-15.87	1.6445806054554808
32.9	-17.06	1.6126183133174479
32.78	-18.21	1.4649493978106705
32.6	-19.32	1.2587816014959117
33.85	-16.92	1.7164203588419937
34.0	-15.79	1.9076756842449
34.1	-14.62	2.0572492041429555
34.17	-13.42	2.1365704443644873
34.22	-12.22	2.0752967716672472
34.26	-11.01	2.0913141551753185
34.29	-9.8	2.084826716497126
34.31	-8.58	2.057559644269169
34.33	-7.36	2.01691663137958
34.34	-6.13	2.030147286093772
34.35	-4.91	2.055391987837332
34.35	-3.68	2.069621897075656
34.36	-2.45	2.098838581125399
34.36	-1.23	2.1693502181763407
34.36	0.0	2.217155645932742
34.36	1.23	2.3209885938338957
34.36	2.45	2.4266756920132266
34.35	3.68	2.5648597332468697
34.35	4.91	2.7232768724990493
34.34	6.13	2.9692386992391633
34.33	7.36	3.2254101056355964
34.31	8.58	3.518419453127713
34.29	9.8	3.8895933657023463
34.26	11.01	4.384220823464666
34.22	12.22	5.067809727153609
34.17	13.42	5.398173234598666
34.1	14.62	5.80231462562336
34.0	15.79	6.226372884955204
33.85	16.92	6.557005586002894
35.02	14.49	6.632856867167995
35.17	13.34	6.263930738818182
35.27	12.16	5.821488511287349
35.34	10.97	5.428510865364153
35.39	9.76	5.110190076770259
35.43	8.55	4.880311737461291
35.46	7.34	4.435272539512887
35.48	6.12	4.0093330587589335
35.49	4.9	3.6848462810152895
35.51	3.67	3.4265086172394987
35.52	2.45	3.266449138842809
35.52	1.22	3.1068497515450204
35.52	-0.0	3.0270094493043658
35.52	-1.22	2.907080356456568
35.52	-2.45	2.8611488183108733
35.51	-3.67	2.7529700335845106
35.49	-4.9	2.7143226347786324
35.48	-6.12	2.659748566706547
35.46	-7.34	2.642241859866836
35.43	-8.55	2.6787354053715333
35.39	-9.76	2.726128834455473
35.34	-10.97	2.681121570056355
35.27	-12.16	2.550625965127928
35.17	-13.34	2.431433459430032
35.02	-14.49	2.2830699170593576
36.05	-12.02	3.0976595543704164
36.26	-10.88	3.178744335359191
36.37	-9.7	3.22472109814327
36.45	-8.51	3.2991539811599395
36.51	-7.3	3.360406390647121
36.55	-6.09	3.5001083289176265
36.58	-4.88	3.629574895118786
36.6	-3.66	3.7216532334488406
36.61	-2.44	3.8239619435273724
36.62	-1.22	3.991897556567757
36.62	0.0	4.118540830474963
36.62	1.22	4.285515908933981
36.61	2.44	4.438815436921324
36.6	3.66	4.639463848038623
36.58	4.88	4.802514771014579
36.55	6.09	5.04013444308098
36.51	7.3	5.384639794153365
36.45	8.51	5.743293814098045
36.37	9.7	6.181287175656472
36.26	10.88	6.575850188445408
36.05	12.02	6.921945911108402
37.3	7.22	6.792340532594828
37.42	6.04	6.557045445460993
37.5	4.84	6.249267940970476
37.55	3.63	5.908643602556317
37.58	2.42	5.632721699956953
37.6	1.21	5.392456140072177
37.6	-0.0	5.172433992101553
37.6	-1.21	4.977563050287991
37.58	-2.42	4.875628776241918
37.55	-3.63	4.772933950519096
37.5	-4.84	4.7111863159119665
37.42	-6.04	4.624779720480042
37.3	-7.22	4.539383203021522
