-37.3	-7.22	1.5372679738271477
-37.42	-6.04	1.548435179972028
-37.5	-4.84	1.5526450873787967
-37.55	-3.63	1.490349770981978
-37.58	-2.42	1.4783959251567849
-37.6	-1.21	1.4558138174642608
-37.6	0.0	1.4495694582840883
-37.6	1.21	1.4540508507429646
-37.58	2.42	1.4486710725926883
-37.55	3.63	1.480964105232978
-37.5	4.84	1.539687789373553
-37.42	6.04	1.6004651521930686
-37.3	7.22	1.7796171091480488
-36.05	12.02	1.8763685694052912
-36.26	10.88	1.5845689801620626
-36.37	9.7	1.3953372159055277
-36.45	8.51	1.2873075123263567
-36.51	7.3	1.2841815650176924
-36.55	6.09	1.309939951819647
-36.58	4.88	1.3800459753339194
-36.6	3.66	1.4685839137322354
-36.61	2.44	1.499574808423084
-36.62	1.22	1.4912099242216712
-36.62	-0.0	1.446817801078561
-36.62	-1.22	1.4537369605064177
-36.61	-2.44	1.4363434838487974
-36.6	-3.66	1.3830324156214697
-36.58	-4.88	1.341492308464666
-36.55	-6.09	1.302000143793788
-36.51	-7.3	1.2427807069255135
-36.45	-8.51	1.270949853007317
-36.37	-9.7	1.341793367179374
-36.26	-10.88	1.415936341560899
-36.05	-12.02	1.500414739822304
-35.02	-14.49	1.2937340897296412
-35.17	-13.34	1.1799963455204567
-35.27	-12.16	1.1653091395925639
-35.34	-10.97	1.2191293962051937
-35.39	-9.76	1.272570342214192
-35.43	-8.55	1.300960712983354
-35.46	-7.34	1.2834558465306394
-35.48	-6.12	1.262883618787071
-35.49	-4.9	1.2121927824717549
-35.51	-3.67	1.177642410772739
-35.52	-2.45	1.1670671731839448
-35.52	-1.22	1.1489608940026823
-35.52	0.0	1.1739153723818943
-35.52	1.22	1.1622206805357793
-35.52	2.45	1.192171699053148
-35.51	3.67	1.2820021535057604
-35.49	4.9	1.3811267210173863
-35.48	6.12	1.528487877517386
-35.46	7.34	1.6735746956561233
-35.43	8.55	1.739063619636367
-35.39	9.76	1.4798736851592977
-35.34	10.97	1.2844644015157591
-35.27	12.16	1.2126083205433549
-35.17	13.34	1.3281922513263975
-35.02	14.49	1.637360252461713
-33.85	16.92	1.5032265693585556
-34.0	15.79	1.2424861322553635
-34.1	14.62	1.1813842352192827
-34.17	13.42	1.4157778483903343
-34.22	12.22	1.7994171606862484
-34.26	11.01	1.691833024292957
-34.29	9.8	1.4144836127664417
-34.31	8.58	1.2600785456184482
-34.33	7.36	1.2602079801301524
-34.34	6.13	1.1975415405511427
-34.35	4.91	1.175382734002115
-34.35	3.68	1.156384868132645
-34.36	2.45	1.1391739832962413
-34.36	1.23	1.1333920945630727
-34.36	-0.0	1.1369809849735235
-34.36	-1.23	1.1370637450171808
-34.36	-2.45	1.1534386418348417
-34.35	-3.68	1.1570737349095817
-34.35	-4.91	1.1585971681657226
-34.34	-6.13	1.190857564739762
-34.33	-7.36	1.193661358279698
-34.31	-8.58	1.15936642781279
-34.29	-9.8	1.1648469239139825
-34.26	-11.01	1.1883572883224787
-34.22	-12.22	1.2287983617337446
-34.17	-13.42	1.2294560288973262
-34.1	-14.62	1.1554193706474125
-34.0	-15.79	1.0961415879876277
-33.85	-16.92	1.1401575525150118
-32.6	-19.32	1.1162753969593204
-32.78	-18.21	1.0468980461764037
-32.9	-17.06	1.1193324901994774
-32.97	-15.87	1.1933728806404158
-33.02	-14.67	1.1645231711778061
-33.06	-13.47	1.1362837426581684
-33.09	-12.25	1.206543758360496
-33.11	-11.04	1.2499956602092617
-33.13	-9.82	1.161599564734244
-33.14	-8.59	1.1027595180367644
-33.15	-7.37	1.061653732432041
-33.16	-6.14	1.0572244535126636
-33.17	-4.91	1.052243484001525
-33.18	-3.69	1.058877583409961
-33.18	-2.46	1.0614466874335164
-33.18	-1.23	1.0565822188769332
-33.19	0.0	1.0471732978541048
-33.18	1.23	1.0893865031846968
-33.18	2.46	1.0667444378194109
-33.18	3.69	1.073954688542389
-33.17	4.91	1.0764357944660823
-33.16	6.14	1.1125296538954341
-33.15	7.37	1.1438463121911369
-33.14	8.59	1.188137698902338
-33.13	9.82	1.2078628952090096
-33.11	11.04	1.2798431412804483
-33.09	12.25	1.2998869327602636
-33.06	13.47	1.5523023481117555
-33.02	14.67	1.8228809031962045
-32.97	15.87	1.491861124093563
-32.9	17.06	1.173535476201768
-32.78	18.21	1.228152464207498
-32.6	19.32	1.5665247699059046
-31.24	21.63	2.0227626319052616
-31.52	20.61	1.2985531869355516
-31.66	19.48	1.148970855921415
-31.74	18.31	1.3978511879763689
-31.8	17.12	1.8173352869442985
-31.84	15.92	1.4563333530887457
-31.87	14.71	1.3283786270052147
-31.9	13.49	1.2762008551507904
-31.91	12.27	1.2294470685127354
-31.93	11.05	1.185638110574696
-31.95	9.83	1.1191691901577636
-31.96	8.6	1.090592413532697
-31.97	7.38	1.0912109849620721
-31.98	6.15	1.034019385259688
-31.99	4.92	1.0305501110486954
-32.0	3.69	1.0260044849898708
-32.0	2.46	1.0150604890360722
-32.0	1.23	1.0169233214234161
-32.0	-0.0	1.0123950253556524
-32.0	-1.23	1.0039973191911935
-32.0	-2.46	1.0223420046254095
-32.0	-3.69	1.0599155770575797
-31.99	-4.92	1.0338478302908296
-31.98	-6.15	1.049912951386533
-31.97	-7.38	1.0811886673908147
-31.96	-8.6	1.0995937453194262
-31.95	-9.83	1.1130309299272128
-31.93	-11.05	1.105530121253146
-31.91	-12.27	1.1367234492096046
-31.9	-13.49	1.1894910196667627
-31.87	-14.71	1.2015892854889918
-31.84	-15.92	1.1205090260384232
-31.8	-17.12	1.128996670530972
-31.74	-18.31	1.1421342388994216
-31.66	-19.48	1.0564416978259183
-31.52	-20.61	1.0200680007967673
-31.24	-21.63	1.1017106448629015
-30.18	-22.94	1.038247738477967
-30.38	-21.87	1.0026401857245046
-30.49	-20.73	1.074961217330559
-30.56	-19.56	1.1251939277224574
-30.61	-18.37	1.1014413259852338
-30.65	-17.16	1.184830649356572
-30.67	-15.95	1.166715899478734
-30.69	-14.73	1.139249890799002
-30.71	-13.51	1.1618879819308905
-30.73	-12.29	1.1326228151448863
-30.75	-11.07	1.119445670124712
-30.76	-9.84	1.1016778429225376
-30.77	-8.62	1.098852557392778
-30.78	-7.39	1.0953888205984974
-30.78	-6.16	1.0997882696357744
-30.78	-4.93	1.0990933521960748
-30.78	-3.69	1.1006748551564858
-30.78	-2.46	1.095073439739151
-30.78	-1.23	1.0953564303859284
-30.78	0.0	1.0546813904160874
-30.78	1.23	1.0873111298532212
-30.78	2.46	1.110430793242374
-30.78	3.69	1.079376834103054
-30.78	4.93	1.0666571943324303
-30.78	6.16	1.0472403878154282
-30.78	7.39	1.0279576819242404
-30.77	8.62	1.0114156704225143
-30.76	9.84	1.0527717740877538
-30.75	11.07	1.1106855003019556
-30.73	12.29	1.131613871771222
-30.71	13.51	1.1887180867745082
-30.69	14.73	1.2872392320966224
-30.67	15.95	1.3373260478546385
-30.65	17.16	1.3502358354541268
-30.61	18.37	1.6149431327857027
-30.56	19.56	1.6030630877256424
-30.49	20.73	1.15379406976108
-30.38	21.87	1.1979058890531658
-30.18	22.94	1.6841299337658358
-29.04	24.2	1.466118298770489
-29.2	23.12	1.1390718952227132
-29.3	21.97	1.2404002472189823
-29.36	20.8	1.6268224595875473
-29.41	19.61	1.3169402695614343
-29.44	18.4	1.4309553887184183
-29.46	17.19	1.3463892579924064
-29.48	15.97	1.2351253306738261
-29.51	14.75	1.141900485305162
-29.53	13.53	1.1297631188360349
-29.54	12.31	1.0229029315360405
-29.55	11.08	1.0249534195106147
-29.55	9.85	1.0564824265209563
-29.55	8.62	1.070121419206858
-29.55	7.39	1.0899561329361198
-29.55	6.16	1.0431920103661154
-29.54	4.92	1.0359877829793342
-29.54	3.69	1.0268910773181883
-29.54	2.46	1.0238801742968215
-29.54	1.23	1.0249191113055645
-29.54	-0.0	1.033061508428613
-29.54	-1.23	1.0312743109099545
-29.54	-2.46	1.0430916660290492
-29.54	-3.69	1.038714427379153
-29.54	-4.92	1.0467446189364749
-29.55	-6.16	1.0653134204636627
-29.55	-7.39	1.0747533993747904
-29.55	-8.62	1.1089061447443047
-29.55	-9.85	1.1316187671396527
-29.55	-11.08	1.1649866523133845
-29.54	-12.31	1.17316024293922
-29.53	-13.53	1.1454664689946608
-29.51	-14.75	1.169121555078652
-29.48	-15.97	1.1621056045060811
-29.46	-17.19	1.1540679929214592
-29.44	-18.4	1.160000454629846
-29.41	-19.61	1.1405017592663231
-29.36	-20.8	1.1135315863151476
-29.3	-21.97	1.0692348118882276
-29.2	-23.12	1.0088562651765853
-29.04	-24.2	1.0202782959663743
-27.86	-25.43	1.0179631868344323
-28.01	-24.36	1.0228480378472362
-28.1	-23.21	1.0853993710013867
-28.16	-22.04	1.0940295791636228
-28.2	-20.84	1.1383135573636594
-28.22	-19.63	1.1459315963985608
-28.25	-18.42	1.2085274330722182
-28.27	-17.21	1.2229167274625592
-28.3	-15.99	1.185520758473622
-28.31	-14.77	1.1942393963596043
-28.32	-13.54	1.161677616452133
-28.32	-12.31	1.1467974881442924
-28.32	-11.08	1.1013859008496265
-28.31	-9.85	1.0600260940172168
-28.31	-8.62	1.0529788961291136
-28.31	-7.38	1.0470706402486174
-28.31	-6.15	1.033583006387314
-28.31	-4.92	1.0324275601543267
-28.31	-3.69	1.0304814153235151
-28.31	-2.46	1.044415848494726
-28.31	-1.23	1.03593248016813
-28.31	0.0	1.033414654620243
-28.31	1.23	1.036208227655015
-28.31	2.46	1.0399672399221727
-28.31	3.69	1.047828562043442
-28.31	4.92	1.0311115689781012
-28.31	6.15	1.034125911398153
-28.31	7.38	1.0357276395454749
-28.31	8.62	1.0240423860125691
-28.31	9.85	1.0207510927919348
-28.32	11.08	1.086680134748618
-28.32	12.31	1.070373844904303
-28.32	13.54	1.0339478398521438
-28.31	14.77	1.050073120865913
-28.3	15.99	1.131266663172383
-28.27	17.21	1.162193239669449
-28.25	18.42	1.3112178639282623
-28.22	19.63	1.4175379510075956
-28.2	20.84	1.283135095910179
-28.16	22.04	1.6702596462736086
-28.1	23.21	1.3875522699219474
-28.01	24.36	1.1231302046097458
-27.86	25.43	1.4000574413701639
-26.65	26.65	1.3768236623531713
-26.8	25.59	1.1380414076270302
-26.89	24.44	1.4590102025414833
-26.94	23.27	1.4683676687895844
-26.98	22.07	1.47819048972943
-27.01	20.87	1.4440793088753026
-27.03	19.66	1.2676697716914624
-27.06	18.45	1.1919930892600652
-27.08	17.23	1.0899692584663754
-27.09	16.01	1.0407369462114087
-27.09	14.78	1.0791944920444232
-27.08	13.54	1.097040360414839
-27.08	12.31	1.026784122861403
-27.08	11.08	1.0421504011404936
-27.08	9.85	1.0329199577000097
-27.08	8.62	1.0430988171530151
-27.08	7.39	1.0500961744457458
-27.08	6.16	1.068282048106676
-27.09	4.93	1.0597306663471855
-27.09	3.69	1.0780237728323812
-27.09	2.46	1.0964176911168995
-27.09	1.23	1.1002720281265344
-27.09	-0.0	1.0800621821946654
-27.09	-1.23	1.0515649555631326
-27.09	-2.46	1.0691926703672632
-27.09	-3.69	1.0692023040567564
-27.09	-4.93	1.073159873941922
-27.08	-6.16	1.0922941029811772
-27.08	-7.39	1.0836928564337365
-27.08	-8.62	1.061310288354366
-27.08	-9.85	1.0502205322300266
-27.08	-11.08	1.0551652105961553
-27.08	-12.31	1.0677579986564236
-27.08	-13.54	1.0950030936450226
-27.09	-14.78	1.1559566937709809
-27.09	-16.01	1.2063952811316483
-27.08	-17.23	1.2325850521568915
-27.06	-18.45	1.230544507148359
-27.03	-19.66	1.2473880439298757
-27.01	-20.87	1.1657906364218427
-26.98	-22.07	1.1293541916844099
-26.94	-23.27	1.1053424130741698
-26.89	-24.44	1.0488214866771042
-26.8	-25.59	0.9942302992127292
-26.65	-26.65	0.9780832472629317
-25.43	-27.86	1.004625732337919
-25.59	-26.8	0.9836654501884166
-25.67	-25.67	1.0248588220937913
-25.72	-24.5	1.085069759194777
-25.76	-23.31	1.1165771968626794
-25.78	-22.1	1.2030459808634753
-25.81	-20.89	1.2554094629397206
-25.84	-19.68	1.2419557476757026
-25.85	-18.47	1.2351522321681312
-25.86	-17.24	1.1753345274295581
-25.85	-16.01	1.0970225373261595
-25.85	-14.77	1.0459958676239411
-25.85	-13.54	1.060420179202703
-25.85	-12.31	1.072977927684792
-25.85	-11.08	1.0917656333696826
-25.85	-9.85	1.1096933003600942
-25.86	-8.62	1.0779169121767982
-25.86	-7.39	1.080410238843851
-25.87	-6.16	1.084346862787652
-25.87	-4.93	1.0551475875589915
-25.87	-3.7	1.0798025621743523
-25.87	-2.46	1.1002951773326792
-25.87	-1.23	1.1184115357628732
-25.87	0.0	1.1358761452828245
-25.87	1.23	1.1751566857384965
-25.87	2.46	1.117402321716563
-25.87	3.7	1.1345351270100643
-25.87	4.93	1.1135670206671175
-25.87	6.16	1.1063665639992557
-25.86	7.39	1.114585842511647
-25.86	8.62	1.0887257538371262
-25.85	9.85	1.0708118440192997
-25.85	11.08	1.0538964274533447
-25.85	12.31	1.0377050542262918
-25.85	13.54	1.041360856341588
-25.85	14.77	1.0014515920925335
-25.85	16.01	1.1107096945247097
-25.86	17.24	1.0830789631178632
-25.85	18.47	1.0392849857599362
-25.84	19.68	1.1774867210613618
-25.81	20.89	1.2484741867541969
-25.78	22.1	1.4369358623416915
-25.76	23.31	1.5148384310482212
-25.72	24.5	1.408130911384231
-25.67	25.67	1.428488415339646
-25.59	26.8	1.1136293074193802
-25.43	27.86	1.4360794417636384
-24.2	29.04	1.5753180303239853
-24.36	28.01	1.110291490168878
-24.44	26.89	1.4337879864150676
-24.5	25.72	1.443495043035985
-24.53	24.53	1.5081610316503813
-24.56	23.33	1.4400356165246269
-24.59	22.13	1.2621621382120711
-24.61	20.92	1.1812892781350781
-24.62	19.7	1.056282618869866
-24.63	18.47	1.0879090619701053
-24.62	17.23	1.0354913846509417
-24.62	16.0	1.01370304544845
-24.62	14.77	1.0312393538401636
-24.62	13.54	1.0414999920885881
-24.63	12.31	1.0905862103835107
-24.63	11.08	1.0847322416015466
-24.63	9.85	1.1187253865897837
-24.64	8.62	1.116394462699967
-24.64	7.39	1.2731194057325794
-24.64	6.16	1.4144988522695847
-24.64	4.93	1.40250421893108
-24.64	3.7	1.3154625250127499
-24.64	2.46	1.2048997826460708
-24.64	1.23	1.1269926711590923
-24.64	-0.0	1.0574658260900982
-24.64	-1.23	1.050496454223505
-24.64	-2.46	1.0112603891146943
-24.64	-3.7	1.0273270720942138
-24.64	-4.93	1.0352176033392846
-24.64	-6.16	1.0490685132513882
-24.64	-7.39	1.0692782872614393
-24.64	-8.62	1.0880274526261147
-24.63	-9.85	1.0532582213127526
-24.63	-11.08	1.0590860237046549
-24.63	-12.31	1.062404975143525
-24.62	-13.54	1.046110724116156
-24.62	-14.77	1.0632419458330151
-24.62	-16.0	1.0446432090852547
-24.62	-17.23	1.0580251490222121
-24.63	-18.47	1.1560894563464572
-24.62	-19.7	1.2367457702854656
-24.61	-20.92	1.2571566562650727
-24.59	-22.13	1.273603305661398
-24.56	-23.33	1.232319747443432
-24.53	-24.53	1.0691398123260907
-24.5	-25.72	1.050442477577028
-24.44	-26.89	1.0100348031431308
-24.36	-28.01	0.9562808696366467
-24.2	-29.04	1.0527003065898457
-22.94	-30.18	1.2979922325631463
-23.12	-29.2	0.9633822229402504
-23.21	-28.1	0.997002711208296
-23.27	-26.94	1.0423151365256889
-23.31	-25.76	1.07395419687305
-23.33	-24.56	1.2215583460251445
-23.36	-23.36	1.2814547157885672
-23.38	-22.15	1.2676522806080923
-23.39	-20.93	1.2160972256160472
-23.39	-19.7	1.1206511468051055
-23.39	-18.46	1.0503632098081006
-23.38	-17.23	1.0274373093906846
-23.39	-16.0	1.052602963410381
-23.39	-14.77	1.0350621643166482
-23.4	-13.55	1.0217777370505532
-23.4	-12.32	1.0300315797834747
-23.41	-11.09	1.0552750387420007
-23.41	-9.86	1.0116477917975866
-23.41	-8.62	0.981692074099402
-23.41	-7.39	0.9863053085755276
-23.41	-6.16	0.9873238246585467
-23.41	-4.93	0.9814808561073356
-23.41	-3.7	0.9846122110981206
-23.41	-2.46	0.9792675609449226
-23.41	-1.23	0.9796268893327493
-23.41	0.0	0.9898578234092783
-23.41	1.23	1.006757631496277
-23.41	2.46	1.0015745547857202
-23.41	3.7	1.0070287314639224
-23.41	4.93	1.033669336004456
-23.41	6.16	1.1540717637748017
-23.41	7.39	1.3099554526503159
-23.41	8.62	1.3858165700870853
-23.41	9.86	1.2908192305802473
-23.41	11.09	1.1357468806259856
-23.4	12.32	1.115982555516318
-23.4	13.55	1.0744129307845762
-23.39	14.77	1.0590797651877644
-23.39	16.0	1.0228026777722334
-23.38	17.23	1.056731984535487
-23.39	18.46	1.0063756017050975
-23.39	19.7	1.102287291945867
-23.39	20.93	1.0460566683861918
-23.38	22.15	1.1823359707309908
-23.36	23.36	1.2688059424950593
-23.33	24.56	1.4418458237674532
-23.31	25.76	1.4709681929522755
-23.27	26.94	1.4546127665840736
-23.21	28.1	1.3252812422922595
-23.12	29.2	1.1398855106823316
-22.94	30.18	1.811884268205728
-21.63	31.24	2.283698823678323
-21.87	30.38	1.233716794958509
-21.97	29.3	1.1331105783541497
-22.04	28.16	1.286792270586476
-22.07	26.98	1.4069531545626823
-22.1	25.78	1.4669856968166712
-22.13	24.59	1.288547068496019
-22.15	23.38	1.2232966082640484
-22.16	22.16	1.0452851705100752
-22.16	20.93	1.1147207697470627
-22.16	19.69	1.0092062159158388
-22.15	18.46	1.0176938383973884
-22.16	17.23	1.019991071389014
-22.16	16.01	1.0421916774701137
-22.17	14.78	1.0654600927140612
-22.17	13.55	1.0872909698640445
-22.18	12.32	1.1626171805511518
-22.18	11.09	1.2092189510579407
-22.18	9.86	1.1181805321836809
-22.18	8.62	1.03999648751787
-22.18	7.39	1.0379955315114682
-22.18	6.16	1.0285935506730404
-22.18	4.93	1.0338605674254184
-22.19	3.7	1.02810819147546
-22.19	2.47	1.0681389011637012
-22.19	1.23	1.0482489845530596
-22.19	-0.0	1.0536839144659451
-22.19	-1.23	1.0381691411423297
-22.19	-2.47	1.0447021201757911
-22.19	-3.7	1.0499656018394719
-22.18	-4.93	1.045649094620158
-22.18	-6.16	1.0096914385002753
-22.18	-7.39	0.9765150610803364
-22.18	-8.62	0.9935201097031099
-22.18	-9.86	0.9870222791427077
-22.18	-11.09	0.9974321159068689
-22.18	-12.32	1.0135482820637236
-22.17	-13.55	1.088961092518577
-22.17	-14.78	1.0497552038021425
-22.16	-16.01	1.002174463905737
-22.16	-17.23	0.9983312014436594
-22.15	-18.46	1.0438301968523556
-22.16	-19.69	1.0193048053238467
-22.16	-20.93	1.0769415208685462
-22.16	-22.16	1.2253108509069763
-22.15	-23.38	1.2910030155700465
-22.13	-24.59	1.2928073556984678
-22.1	-25.78	1.222544354560541
-22.07	-26.98	1.049044355852688
-22.04	-28.16	0.9896873324489031
-21.97	-29.3	0.9753275974998568
-21.87	-30.38	0.9769228467343405
-21.63	-31.24	2.119126908160192
-20.61	-31.52	1.0837602210559183
-20.73	-30.49	0.9369800418273719
-20.8	-29.36	0.9218179014802246
-20.84	-28.2	1.0433522001450166
-20.87	-27.01	1.1890477092929785
-20.89	-25.81	1.3057614558840456
-20.92	-24.61	1.2934968233900443
-20.93	-23.39	1.2074033296410347
-20.93	-22.16	1.0704059428483612
-20.92	-20.92	1.0128555629338045
-20.92	-19.69	1.0200514418406161
-20.93	-18.47	1.007831613721586
-20.93	-17.24	1.0015094519195644
-20.94	-16.01	1.0962403544993755
-20.94	-14.78	1.0129745529848915
-20.94	-13.55	0.9767498761158695
-20.94	-12.32	0.9594300832911209
-20.95	-11.09	0.975686972170239
-20.95	-9.86	0.9965379058852228
-20.95	-8.63	1.026009378575445
-20.95	-7.4	1.0342939381970586
-20.96	-6.16	1.0273074942159433
-20.96	-4.93	1.0110368539711443
-20.96	-3.7	1.0163151031810642
-20.96	-2.47	1.029751737043492
-20.96	-1.23	1.019428377623428
-20.96	0.0	1.013710306664974
-20.96	1.23	1.0437636031230628
-20.96	2.47	1.0290887785929037
-20.96	3.7	1.0285995824806502
-20.96	4.93	1.0502135651407354
-20.96	6.16	1.0899416518930156
-20.95	7.4	1.0514847792306012
-20.95	8.63	1.0461668061697882
-20.95	9.86	1.0544774026588746
-20.95	11.09	1.0647430995179699
-20.94	12.32	1.0810408799352018
-20.94	13.55	1.1277053962554708
-20.94	14.78	1.0734605104006159
-20.94	16.01	1.0726379544022526
-20.93	17.24	1.0512729008307433
-20.93	18.47	1.0324762390120377
-20.92	19.69	1.0072602282695007
-20.92	20.92	1.013029978891577
-20.93	22.16	1.137528031109155
-20.93	23.39	1.0465014405885533
-20.92	24.61	1.246761069585137
-20.89	25.81	1.338183674241935
-20.87	27.01	1.5379580053529835
-20.84	28.2	1.2323002402671177
-20.8	29.36	1.3602981595965495
-20.73	30.49	1.1116243584405456
-20.61	31.52	1.4080981651737208
-19.32	32.6	1.9504785110223457
-19.48	31.66	1.1456173854453606
-19.56	30.56	1.4137874155302814
-19.61	29.41	1.3789478853439752
-19.63	28.22	1.5444198353934082
-19.66	27.03	1.4123112841796797
-19.68	25.84	1.2679969167810201
-19.7	24.62	1.0884381239091931
-19.7	23.39	1.137813063400447
-19.69	22.16	1.0369387165435828
-19.69	20.92	1.0200135243618327
-19.7	19.7	1.0198424848160386
-19.7	18.47	1.0503030951330947
-19.71	17.25	1.097489313295652
-19.71	16.02	1.097431735286265
-19.71	14.78	1.1220193250270771
-19.71	13.55	1.0582394610265364
-19.72	12.32	1.0637164062424533
-19.72	11.09	1.0713071829327667
-19.72	9.86	1.0847713505160153
-19.72	8.63	1.0957860169628884
-19.73	7.4	1.0646786329742017
-19.73	6.16	1.0617408364872656
-19.73	4.93	1.0430951038874756
-19.73	3.7	1.0289389043440966
-19.73	2.47	1.0247541487395662
-19.73	1.23	1.0187993178978552
-19.73	-0.0	1.016947145347685
-19.73	-1.23	1.01278841010698
-19.73	-2.47	1.0001641074403276
-19.73	-3.7	0.998131148444557
-19.73	-4.93	0.9984005958474533
-19.73	-6.16	1.0004188340258446
-19.73	-7.4	0.9968293316500931
-19.72	-8.63	1.0067667440803385
-19.72	-9.86	0.994057958041795
-19.72	-11.09	1.007301871531534
-19.72	-12.32	0.9810229616965538
-19.71	-13.55	0.9721652225314887
-19.71	-14.78	0.9672975822486807
-19.71	-16.02	0.9890762267986917
-19.71	-17.25	1.0644423837949324
-19.7	-18.47	0.9931287841341065
-19.7	-19.7	1.0135517663052074
-19.69	-20.92	1.03521366472168
-19.69	-22.16	1.028953938195488
-19.7	-23.39	1.0642149109316268
-19.7	-24.62	1.224339964814635
-19.68	-25.84	1.2962933072614469
-19.66	-27.03	1.3106287513845434
-19.63	-28.22	1.120822789363909
-19.61	-29.41	1.0302841789904837
-19.56	-30.56	0.9119821609961907
-19.48	-31.66	0.944673813486486
-19.32	-32.6	1.933572278955456
-18.21	-32.78	1.074671786974375
-18.31	-31.74	0.9426477471908123
-18.37	-30.61	0.9779148471064065
-18.4	-29.44	1.0575054563079176
-18.42	-28.25	1.3002208183404296
-18.45	-27.06	1.3276594407523206
-18.47	-25.85	1.2380887981449646
-18.47	-24.63	1.0947628014355253
-18.46	-23.39	1.012538250330815
-18.46	-22.15	1.0137423793812488
-18.47	-20.93	0.9986477077001297
-18.47	-19.7	1.0052463135546938
-18.48	-18.48	0.9984528199474099
-18.48	-17.25	0.97200421981226
-18.48	-16.02	0.9692147075413011
-18.48	-14.79	0.9815875363482531
-18.49	-13.56	0.9783648662765909
-18.49	-12.33	0.9897313280281539
-18.49	-11.1	0.9881355386747623
-18.49	-9.86	0.9759429832068367
-18.49	-8.63	0.9699523041581575
-18.49	-7.4	0.9850643184444898
-18.49	-6.16	1.0208638521470768
-18.5	-4.93	1.0223874831445112
-18.5	-3.7	1.0329285773959027
-18.5	-2.47	1.038776180182711
-18.5	-1.23	1.0333697559507913
-18.5	0.0	1.0352590687537422
-18.5	1.23	1.0711779708220988
-18.5	2.47	1.0559648564267166
-18.5	3.7	1.0755129379829427
-18.5	4.93	1.0952871436974352
-18.49	6.16	1.0983724008151006
-18.49	7.4	1.0770755658291407
-18.49	8.63	1.096704154928478
-18.49	9.86	1.089184835651995
-18.49	11.1	1.1242999400541596
-18.49	12.33	1.0826256177523765
-18.49	13.56	1.0595417237791889
-18.48	14.79	1.0850951282409547
-18.48	16.02	1.1025353663175572
-18.48	17.25	1.0871197515854458
-18.48	18.48	1.0946269034770681
-18.47	19.7	1.0621583099318999
-18.47	20.93	1.014143764753392
-18.46	22.15	1.0134113506888243
-18.46	23.39	1.0355412766355245
-18.47	24.63	1.0941602422733894
-18.47	25.85	1.1274828722664676
-18.45	27.06	1.278566455279167
-18.42	28.25	1.4572039696329808
-18.4	29.44	1.4507204338005337
-18.37	30.61	1.4385710164385612
-18.31	31.74	1.16024569578021
-18.21	32.78	1.2684146508108052
-16.92	33.85	1.7546507916688938
-17.06	32.9	1.08918981011864
-17.12	31.8	1.4289464106074465
-17.16	30.65	1.2776187292596788
-17.19	29.46	1.5279165674998518
-17.21	28.27	1.3431180416430948
-17.23	27.08	1.1901494980291796
-17.24	25.86	1.0581283805256403
-17.23	24.62	1.0329044951374966
-17.23	23.38	0.9925078036218231
-17.23	22.16	1.0468680970854125
-17.24	20.93	1.068634858915125
-17.25	19.71	1.098098071493828
-17.25	18.48	1.1150446144332982
-17.25	17.25	1.1092969975891362
-17.25	16.02	1.0957689892545925
-17.25	14.79	1.0958743077183293
-17.26	13.56	1.1065732439334024
-17.26	12.33	1.1138906317408566
-17.26	11.1	1.0866321252502082
-17.26	9.86	1.1066990373121852
-17.26	8.63	1.070697216471399
-17.26	7.4	1.0613546994608178
-17.26	6.17	1.0500708722781438
-17.26	4.93	1.0516419370655896
-17.27	3.7	1.0559891235208685
-17.27	2.47	1.0550708518322391
-17.27	1.23	1.0426759487370498
-17.27	-0.0	1.0383208420721655
-17.27	-1.23	1.0459760659957613
-17.27	-2.47	1.030786764880034
-17.27	-3.7	1.0214328087501574
-17.26	-4.93	1.036820799349516
-17.26	-6.17	1.0359207455249173
-17.26	-7.4	1.0143506442131622
-17.26	-8.63	0.9873693782646633
-17.26	-9.86	0.9780662347300311
-17.26	-11.1	0.988413483626875
-17.26	-12.33	0.967167807335275
-17.26	-13.56	0.98188028162975
-17.25	-14.79	0.9701602574016732
-17.25	-16.02	0.9708678555676977
-17.25	-17.25	0.9764218408977534
-17.25	-18.48	0.9850909604368274
-17.25	-19.71	0.9858523030820319
-17.24	-20.93	0.9930576147857861
-17.23	-22.16	1.0017835058291187
-17.23	-23.38	1.0250137313094907
-17.23	-24.62	1.020917996198217
-17.24	-25.86	1.107113140124822
-17.23	-27.08	1.2808258316683414
-17.21	-28.27	1.3484143496476717
-17.19	-29.46	1.216550567853699
-17.16	-30.65	1.0117759243825635
-17.12	-31.8	0.9228450779877129
-17.06	-32.9	0.9956741593632525
-16.92	-33.85	1.9712212308771733
-15.79	-34.0	1.115321887859122
-15.87	-32.97	0.9621690904633144
-15.92	-31.84	0.992653523701204
-15.95	-30.67	1.0627159459603064
-15.97	-29.48	1.3361586899324145
-15.99	-28.3	1.320253577474702
-16.01	-27.09	1.178314480752519
-16.01	-25.85	1.016518097480457
-16.0	-24.62	1.0149414290470737
-16.0	-23.39	0.997451164769477
-16.01	-22.16	0.9975874570451317
-16.01	-20.94	1.0059366963548158
-16.02	-19.71	0.9676944889038674
-16.02	-18.48	0.9646649382761332
-16.02	-17.25	0.9798046328906036
-16.02	-16.02	0.9735188018681962
-16.03	-14.79	0.9608049132823924
-16.03	-13.56	0.9664837072062138
-16.03	-12.33	0.9817574681849024
-16.03	-11.1	0.9761562635939036
-16.03	-9.86	0.9899852630095758
-16.03	-8.63	1.0126388953429437
-16.03	-7.4	1.0228484281540364
-16.03	-6.17	1.0279899284617002
-16.04	-4.93	1.0237005597136442
-16.04	-3.7	1.015298187736927
-16.04	-2.47	1.0418700183735963
-16.04	-1.23	1.0606878447006087
-16.04	0.0	1.068583877292606
-16.04	1.23	1.086799176235802
-16.04	2.47	1.071786673078555
-16.04	3.7	1.0909798939461899
-16.04	4.93	1.0864806088498344
-16.03	6.17	1.0847784594467473
-16.03	7.4	1.10486391350606
-16.03	8.63	1.096274531717726
-16.03	9.86	1.0803933805269237
-16.03	11.1	1.1024376494249406
-16.03	12.33	1.1074819614145586
-16.03	13.56	1.1102603645523885
-16.03	14.79	1.131485496527489
-16.02	16.02	1.0971027908523778
-16.02	17.25	1.1031974182997208
-16.02	18.48	1.1321316477606915
-16.02	19.71	1.1266991548103942
-16.01	20.94	1.1167713061367266
-16.01	22.16	1.043617572182888
-16.0	23.39	1.0088766270658747
-16.0	24.62	1.0096553410688944
-16.01	25.85	1.05749887269692
-16.01	27.09	1.0768163449973152
-15.99	28.3	1.2660920886761229
-15.97	29.48	1.4243045744563396
-15.95	30.67	1.5496031810393234
-15.92	31.84	1.3832749739500274
-15.87	32.97	1.17164598867559
-15.79	34.0	1.2729983859857459
-14.49	35.02	2.275470648071126
-14.62	34.1	1.0925136299780043
-14.67	33.02	1.3736899705470327
-14.71	31.87	1.319761493243627
-14.73	30.69	1.561805701985035
-14.75	29.51	1.3164336928257123
-14.77	28.31	1.1940452094675642
-14.78	27.09	1.063250885543816
-14.77	25.85	1.028673703179508
-14.77	24.62	1.0318428652638856
-14.77	23.39	1.0360246027062363
-14.78	22.17	1.096881049804228
-14.78	20.94	1.1194137743705213
-14.78	19.71	1.1605138411328522
-14.79	18.48	1.1034062602393107
-14.79	17.25	1.1033315821890426
-14.79	16.03	1.129776134026816
-14.79	14.79	1.1511692944697955
-14.8	13.56	1.1109773024667984
-14.8	12.33	1.131751875281095
-14.8	11.1	1.1066769382524981
-14.8	9.87	1.0765410256334427
-14.8	8.63	1.0895791088167153
-14.8	7.4	1.0880156075614682
-14.8	6.17	1.0663757744152917
-14.8	4.93	1.070208637090503
-14.8	3.7	1.0649070136816512
-14.8	2.47	1.0837142913812068
-14.8	1.23	1.0531143159867753
-14.8	-0.0	1.0455863546533042
-14.8	-1.23	1.0433223001890042
-14.8	-2.47	1.034247812057588
-14.8	-3.7	1.0211435443356596
-14.8	-4.93	1.0103347958003086
-14.8	-6.17	0.9961124603111173
-14.8	-7.4	1.0100469021060121
-14.8	-8.63	1.0093470781307463
-14.8	-9.87	0.9975684674276408
-14.8	-11.1	0.9879598634999374
-14.8	-12.33	1.0155211610196027
-14.8	-13.56	0.9979067832847157
-14.79	-14.79	0.9681371563442536
-14.79	-16.03	0.9582148032942426
-14.79	-17.25	0.953756039999309
-14.79	-18.48	0.9628134393168173
-14.78	-19.71	0.9515067082280906
-14.78	-20.94	0.9805853177392843
-14.78	-22.17	1.0480759514533737
-14.77	-23.39	0.9832193054521712
-14.77	-24.62	0.99882811090791
-14.77	-25.85	0.9967399786738831
-14.78	-27.09	1.0488557504851048
-14.77	-28.31	1.2620138566624473
-14.75	-29.51	1.371500783232694
-14.73	-30.69	1.2483870816911145
-14.71	-31.87	1.0130144770461609
-14.67	-33.02	0.9117708884218914
-14.62	-34.1	1.0499264350286355
-14.49	-35.02	2.5
-13.34	-35.17	1.6988770721531319
-13.42	-34.17	0.9803940920104708
-13.47	-33.06	0.9929590089093763
-13.49	-31.9	1.0795825983749783
-13.51	-30.71	1.3378786000000131
-13.53	-29.53	1.3280958288988973
-13.54	-28.32	1.135103171290499
-13.54	-27.08	0.9886957750808625
-13.54	-25.85	0.9896307501892476
-13.54	-24.62	0.9815723244365948
-13.55	-23.4	1.034612505808516
-13.55	-22.17	0.9946592575049094
-13.55	-20.94	0.951684279896198
-13.55	-19.71	0.9626445853126668
-13.56	-18.49	0.9623292001276891
-13.56	-17.26	0.9477290450729221
-13.56	-16.03	0.9456746557193512
-13.56	-14.8	0.9898076422335569
-13.56	-13.56	0.9954102795806818
-13.56	-12.33	0.9863835712966553
-13.57	-11.1	1.007238137002017
-13.57	-9.87	0.9952454416698657
-13.57	-8.64	1.0026859750259787
-13.57	-7.4	0.9875715723867327
-13.57	-6.17	0.9954224956380067
-13.57	-4.93	1.0144910882422575
-13.57	-3.7	1.0162999087782376
-13.57	-2.47	1.0326884997112016
-13.57	-1.23	1.0206959746246538
-13.57	0.0	1.045188859869068
-13.57	1.23	1.0453198799373489
-13.57	2.47	1.030366120880526
-13.57	3.7	1.0573534108528193
-13.57	4.93	1.0471083444956308
-13.57	6.17	1.0541530488483
-13.57	7.4	1.0584951614352018
-13.57	8.64	1.064696674187669
-13.57	9.87	1.0850080249260765
-13.57	11.1	1.081903376915898
-13.56	12.33	1.0998318899798463
-13.56	13.56	1.1384018462603347
-13.56	14.8	1.1222951791572537
-13.56	16.03	1.1481094993778473
-13.56	17.26	1.1264287530331698
-13.56	18.49	1.1283263900480858
-13.55	19.71	1.1299581555204146
-13.55	20.94	1.1303992401088268
-13.55	22.17	1.1076942090487405
-13.55	23.4	1.065297723484501
-13.54	24.62	1.0172010736383106
-13.54	25.85	1.0134902053071038
-13.54	27.08	1.078772896430662
-13.54	28.32	1.090448570712665
-13.53	29.53	1.2771281797127827
-13.51	30.71	1.4524286041958838
-13.49	31.9	1.563004187356687
-13.47	33.06	1.4300548684700836
-13.42	34.17	1.102967961608318
-13.34	35.17	1.4637959861033263
-12.02	36.05	2.107590674902257
-12.16	35.27	1.1883456784995907
-12.22	34.22	1.2820625248487296
-12.25	33.09	1.4695751429560264
-12.27	31.91	1.6115185781830483
-12.29	30.73	1.3767634751436404
-12.31	29.54	1.195356080853374
-12.31	28.32	1.0623676934028836
-12.31	27.08	1.0430273223895217
-12.31	25.85	1.0183228064839565
-12.31	24.63	1.0315301567500974
-12.32	23.4	1.0949343656870791
-12.32	22.18	1.1321426455591874
-12.32	20.94	1.1205816446472845
-12.32	19.72	1.1218995231054665
-12.33	18.49	1.129725260552612
-12.33	17.26	1.1866522452273545
-12.33	16.03	1.1454491736804764
-12.33	14.8	1.1394336242506249
-12.33	13.56	1.1255975169212915
-12.33	12.33	1.1118883597643325
-12.34	11.1	1.0869835554107983
-12.34	9.87	1.0661451763423866
-12.34	8.64	1.0698565790877463
-12.34	7.4	1.0638037601758743
-12.34	6.17	1.054435505507774
-12.34	4.93	1.0591010272221908
-12.34	3.7	1.0639639567394656
-12.34	2.47	1.0553806227985971
-12.34	1.23	1.0596303512063674
-12.34	-0.0	1.055133898819605
-12.34	-1.23	1.0585751506167203
-12.34	-2.47	1.043767649564221
-12.34	-3.7	1.0603252599292663
-12.34	-4.93	1.0733550207509701
-12.34	-6.17	1.0274451320842353
-12.34	-7.4	1.027002639425632
-12.34	-8.64	1.0191007887003911
-12.34	-9.87	1.0069931832361325
-12.34	-11.1	0.9802484288347042
-12.33	-12.33	1.0047885138597152
-12.33	-13.56	0.9922909419740193
-12.33	-14.8	0.9911370943553841
-12.33	-16.03	0.9747856975041378
-12.33	-17.26	0.9796538869337601
-12.33	-18.49	0.9689032250981917
-12.32	-19.72	0.965297003362684
-12.32	20.94	1.045929268613289
-12.32	22.18	1.1199244539498343
-12.32	23.4	1.0966201578357362
-12.31	24.63	1.0407812926516113
-12.31	25.85	1.0161787852283304
-12.31	27.08	1.0271144834120127
-12.31	28.32	1.06699346272263
-12.31	29.54	1.1971710083813285
-12.29	30.73	1.3540004216018708
-12.27	31.91	1.5974188006821342
-12.25	33.09	1.4602162731160089
-12.22	34.22	1.2920711250512458
-12.16	35.27	1.2244355806052196
-12.02	36.05	2.3242383225074086
-10.88	36.26	2.0220734929796658
-10.97	35.34	1.091288208762375
-11.01	34.26	1.393173515392732
-11.04	33.11	1.4008694024846484
-11.05	31.93	1.5620349415476138
-11.07	30.75	1.2743570262175705
-11.08	29.55	1.12811997435304
-11.08	28.32	1.0622087936710383
-11.08	27.08	1.0243094269207518
-11.08	25.85	1.0080737590049988
-11.08	24.63	1.0502100698366412
-11.09	23.41	1.129829848503375
-11.09	22.18	1.1282502143144866
-11.09	20.95	1.1289655949886255
-11.09	19.72	1.1278287330384007
-11.1	18.49	1.1610159140746639
-11.1	17.26	1.1567538152039276
-11.1	16.03	1.1735722677319167
-11.1	14.8	1.1447806596799879
-11.1	13.57	1.1372450149221205
-11.1	12.34	1.1272999926300677
-11.1	11.1	1.1102119553277117
-11.1	9.87	1.0916357811150519
-11.1	8.64	1.0863200992912425
-11.1	7.4	1.0518427719218835
-11.1	6.17	1.0721472006758557
-11.1	4.94	1.0682766725966975
-11.11	3.7	1.056295153216075
-11.11	2.47	1.0497125754240022
-11.11	1.23	1.0479760128528879
-11.11	-0.0	1.037930793250176
-11.11	-1.23	1.0309139893589006
-11.11	-2.47	1.0214539966044276
-11.11	-3.7	1.0307976233247684
-11.1	-4.94	1.031747373025941
-11.1	-6.17	1.0141255713208386
-11.1	-7.4	1.0114734410603408
-11.1	-8.64	1.0110433931498521
-11.1	-9.87	1.0054420834654554
-11.1	-11.1	0.9958856332621702
-11.1	-12.34	0.9867229295173088
-11.1	-13.57	0.9885673941094169
-11.1	-14.8	0.9940608708329872
-11.1	-16.03	0.9700049128061714
-11.1	-17.26	0.974026508371634
-11.1	-18.49	0.9716263746525016
-11.09	-19.72	0.9602576787718755
-11.09	-20.95	0.9489253988338895
-11.09	-22.18	0.9512418402180414
-11.09	-23.41	0.9732177799096213
-11.08	-24.63	1.0142242997334243
-11.08	-25.85	0.9873134121490228
-11.08	-27.08	0.9954912046392925
-11.08	-28.32	1.0213505238792573
-11.08	-29.55	1.1561458324058727
-11.07	-30.75	1.336765359713377
-11.05	-31.93	1.3010743619275722
-11.04	-33.11	1.077771662060421
-11.01	-34.26	0.9455889863383495
-10.97	-35.34	1.056275034630203
-10.88	-36.26	2.5
-9.7	-36.37	2.3330582918362586
-9.76	-35.39	0.9794675452074681
-9.8	-34.29	1.0153425520181045
-9.82	-33.13	1.1480811182936286
-9.83	-31.95	1.3136957125034172
-9.84	-30.76	1.3109493381483777
-9.85	-29.55	1.0640366492234712
-9.85	-28.31	1.0168940855481798
-9.85	-27.08	0.9802622584681862
-9.85	-25.85	0.9732658032286947
-9.85	-24.63	1.0726521070681114
-9.86	-23.41	0.9434275930651612
-9.86	-22.18	0.9535522865970254
-9.86	-20.95	0.9486451174408197
-9.86	-19.72	0.9680544610311337
-9.86	-18.49	0.9722049392799645
-9.86	-17.26	0.9669577918942416
-9.86	-16.03	0.991843608857085
-9.87	-14.8	0.9846140023714156
-9.87	-13.57	0.9783721622136028
-9.87	-12.34	1.006951218903378
-9.87	-11.1	1.008543153847424
-9.87	-9.87	1.0064146425172096
-9.87	-8.64	0.9871186273458434
-9.87	-7.4	0.9969130694807369
-9.87	-6.17	1.018323542208103
-9.87	-4.94	1.0127133261333192
-9.88	-3.7	1.0357798158997102
-9.88	-2.47	1.036000570432451
-9.88	-1.23	1.0179195484647625
-9.88	0.0	1.029225858850288
-9.88	1.23	1.0375609259385197
-9.88	2.47	1.0451647611236776
-9.88	3.7	1.034000538625678
-9.87	4.94	1.04424080647484
-9.87	6.17	1.0497837271632076
-9.87	7.4	1.0519694152200127
-9.87	8.64	1.062216510847919
-9.87	9.87	1.107219770042116
-9.87	11.1	1.096123167709826
-9.87	12.34	1.1061812087484686
-9.87	13.57	1.140996324606128
-9.87	14.8	1.1414930708253639
-9.86	16.03	1.138545234670949
-9.86	17.26	1.1586736026466626
-9.86	18.49	1.1916079926834255
-9.86	19.72	1.1408125576891912
-9.86	20.95	1.1307245872460792
-9.86	22.18	1.1094051598256272
-9.86	23.41	1.1170582371173907
-9.85	24.63	1.0870760933460266
-9.85	25.85	1.0271699064445539
-9.85	27.08	0.9957663352974873
-9.85	28.31	1.058977917036108
-9.85	29.55	1.0425412843121995
-9.84	30.76	1.258004927198833
-9.83	31.95	1.4274122005002372
-9.82	33.13	1.562017924139596
-9.8	34.29	1.39035064653517
-9.76	35.39	1.0874826160805737
-9.7	36.37	1.534776339002896
-8.51	36.45	1.3271569172667297
-8.55	35.43	1.1757630981623546
-8.58	34.31	1.5069161663289456
-8.59	33.14	1.5600892061834877
-8.6	31.96	1.3219978626515614
-8.62	30.77	1.2051143850372403
-8.62	29.55	1.0343545713021118
-8.62	28.31	1.0189139242526597
-8.62	27.08	1.000671702652597
-8.62	25.86	1.036235620055466
-8.62	24.64	1.1414331501503305
-8.62	23.41	1.1357162730419743
-8.62	22.18	1.1270754726092447
-8.63	20.95	1.1315853953584671
-8.63	19.72	1.1445557416801382
-8.63	18.49	1.1607144363249358
-8.63	17.26	1.1465789645207423
-8.63	16.03	1.1542841077886248
-8.63	14.8	1.1194369553200616
-8.64	13.57	1.1034023947536404
-8.64	12.34	1.138331345051772
-8.64	11.1	1.1213132871627938
-8.64	9.87	1.0750095676493077
-8.64	8.64	1.0658862401783198
-8.64	7.4	1.067854950305854
-8.64	6.17	1.0522306816189397
-8.64	4.94	1.0430666931450592
-8.64	3.7	1.020861919137337
-8.64	2.47	1.0318015290152704
-8.64	1.23	1.0263214561553449
-8.64	-0.0	1.0179220025793088
-8.64	-1.23	1.0329655053259046
-8.64	-2.47	1.0334526959695856
-8.64	-3.7	1.0458140808730274
-8.64	-4.94	1.0193027029796422
-8.64	-6.17	1.0020491399449938
-8.64	-7.4	1.0047246773472605
-8.64	-8.64	0.9906022692836478
-8.64	-9.87	1.0077387484815166
-8.64	-11.1	1.0047076191372888
-8.64	-12.34	1.0020110934741657
-8.64	-13.57	1.007352076527245
-8.63	-14.8	0.9962687342246159
-8.63	-16.03	0.9857757457714769
-8.63	-17.26	0.9751188895769305
-8.63	-18.49	0.9672207413735272
-8.63	-19.72	0.9638533483880725
-8.63	-20.95	0.9619135751478947
-8.62	-22.18	0.9449107789654203
-8.62	-23.41	0.9484402487355794
-8.62	-24.64	0.9862880553694495
-8.62	-25.86	0.9823512359227893
-8.62	-27.08	0.9682737754585267
-8.62	-28.31	1.0100381441186643
-8.62	-29.55	1.0365425649886495
-8.62	-30.77	1.2198628653029058
-8.6	-31.96	1.3463320181740084
-8.59	-33.14	1.2414642517837748
-8.58	-34.31	1.0683873825271863
-8.55	-35.43	0.9553630448562558
-8.51	-36.45	1.543864536880573
-7.22	-37.3	2.5
-7.3	-36.51	1.2346152917837134
-7.34	-35.46	0.9319032697843355
-7.36	-34.33	1.1012712309078623
-7.37	-33.15	1.321861826441248
-7.38	-31.97	1.3438647211903385
-7.39	-30.78	1.1527091968543495
-7.39	-29.55	1.003882831419264
-7.38	-28.31	1.0030222360739298
-7.39	-27.08	0.9613714000413207
-7.39	-25.86	1.019932917658151
-7.39	-24.64	0.950636677896668
-7.39	-23.41	0.9456003580229773
-7.39	-22.18	0.9500985368005885
-7.4	-20.95	0.9541049142637412
-7.4	-19.73	0.951705981552684
-7.4	-18.49	0.968590974767114
-7.4	-17.26	0.9835355941220048
-7.4	-16.03	0.9868336666829318
-7.4	-14.8	0.9943158142922881
-7.4	-13.57	1.017585230515082
-7.4	-12.34	0.9929699345083929
-7.4	-11.1	0.9967249411446124
-7.4	-9.87	0.9988459410278079
-7.4	-8.64	1.0127883277504415
-7.41	-7.41	0.9997339705625858
-7.41	-6.17	1.0045619733679647
-7.41	-4.94	1.0080530151263876
-7.41	-3.7	1.0411748265495149
-7.41	-2.47	1.0411581027759533
-7.41	-1.23	1.035429125262615
-7.41	0.0	1.0197507854545442
-7.41	1.23	1.0213868183648476
-7.41	2.47	1.0293139611994544
-7.41	3.7	1.0343828753058126
-7.41	4.94	1.0384108139441839
-7.41	6.17	1.0467755370031657
-7.41	7.41	1.0445940036606984
-7.4	8.64	1.0736273043470002
-7.4	9.87	1.0685354359655825
-7.4	11.1	1.098903351479608
-7.4	12.34	1.128245008235746
-7.4	13.57	1.1081069857130128
-7.4	14.8	1.1378460981384197
-7.4	16.03	1.1716044277072903
-7.4	17.26	1.160758909125592
-7.4	18.49	1.1633256623514612
-7.4	19.73	1.2036079881089012
-7.4	20.95	1.1457403671595277
-7.39	22.18	1.1257952926709605
-7.39	23.41	1.1046569813624343
-7.39	24.64	1.1186874936802997
-7.39	25.86	1.0653508331254447
-7.39	27.08	0.9967918021397759
-7.38	28.31	1.0070114834935664
-7.39	29.55	1.0406887958732494
-7.39	30.78	1.1506757269347032
-7.38	31.97	1.3089120281143183
-7.37	33.15	1.4497209652091971
-7.36	34.33	1.3435503944162708
-7.34	35.46	1.2813424938683475
-7.3	36.51	1.1774606025626424
-7.22	37.3	2.5
-6.04	37.42	2.455245531359478
-6.09	36.55	1.1164964641362403
-6.12	35.48	1.2912157288715376
-6.13	34.34	1.3507752855452484
-6.14	33.16	1.418494700383449
-6.15	31.98	1.2796725223316798
-6.16	30.78	1.0866848557769941
-6.16	29.55	1.0649101250541912
-6.15	28.31	1.0002050823176356
-6.16	27.08	1.002845624217688
-6.16	25.87	1.0821300801267322
-6.16	24.64	1.1032148768485195
-6.16	23.41	1.098978669775529
-6.16	22.18	1.148502957242962
-6.16	20.96	1.133780886904451
-6.16	19.73	1.1812441878868887
-6.16	18.49	1.1609098272824916
-6.17	17.26	1.15926633643216
-6.17	16.03	1.1430241097578335
-6.17	14.8	1.1238525847434762
-6.17	13.57	1.108701849197673
-6.17	12.34	1.1244845355792235
-6.17	11.1	1.1157670383558305
-6.17	9.87	1.0630523414365909
-6.17	8.64	1.0672099415326617
-6.17	7.41	1.0493751039025465
-6.17	6.17	1.0401814492533035
-6.17	4.94	1.0374219367284692
-6.17	3.7	1.02237604499512
-6.17	2.47	1.031460581556292
-6.17	1.23	1.0031084610054464
-6.17	-0.0	1.0178673304033081
-6.17	-1.23	1.0254754679930205
-6.17	-2.47	1.0355625910775572
-6.17	-3.7	1.039719850504813
-6.17	-4.94	1.01923000003874
-6.17	-6.17	1.0220350385136001
-6.17	-7.41	1.0086492404244733
-6.17	-8.64	0.9997330820095627
-6.17	-9.87	1.0146247957530896
-6.17	-11.1	0.9918661979552743
-6.17	-12.34	1.0071892637863211
-6.17	-13.57	1.0098291896042593
-6.17	-14.8	0.9909228828806178
-6.17	-16.03	0.9790020377436992
-6.17	-17.26	0.9755098226847139
-6.16	-18.49	0.981238267842734
-6.16	-19.73	0.954385779259268
-6.16	-20.96	0.9455383347181643
-6.16	-22.18	0.9528245193677805
-6.16	-23.41	0.9551525208106515
-6.16	-24.64	0.9394203443388989
-6.16	-25.87	1.0288880745407916
-6.16	-27.08	0.9613856907958258
-6.15	-28.31	0.9872417148894463
-6.16	-29.55	0.9992813819583706
-6.16	-30.78	1.0960533989616223
-6.15	-31.98	1.319047303255287
-6.14	-33.16	1.3107836241077138
-6.13	-34.34	1.0531310531979319
-6.12	-35.48	0.9419568001654843
-6.09	-36.55	1.1148711570578893
-6.04	-37.42	2.5
-4.84	-37.5	2.5
-4.88	-36.58	0.9983887441034351
-4.9	-35.49	0.9800624350357179
-4.91	-34.35	1.1008791661932538
-4.91	-33.17	1.320488713089457
-4.92	-31.99	1.2787993896581016
-4.93	-30.78	1.0779432242135032
-4.92	-29.54	1.0128195625226555
-4.92	-28.31	0.9604486827388197
-4.93	-27.09	0.9780675177139253
-4.93	-25.87	0.9948708144591709
-4.93	-24.64	0.9228722629329305
-4.93	-23.41	0.9370612750484195
-4.93	-22.18	0.9585546036225683
-4.93	-20.96	0.9660689064635397
-4.93	-19.73	0.9597092939196905
-4.93	-18.5	0.9701598654206105
-4.93	-17.26	0.9665837264344059
-4.93	-16.04	0.9971168896395133
-4.93	-14.8	0.9892140496027544
-4.93	-13.57	0.9991339596653379
-4.93	-12.34	1.0080241792352398
-4.94	-11.1	0.9947574952767946
-4.94	-9.87	0.9993586255465159
-4.94	-8.64	1.0030522725644975
-4.94	-7.41	1.0170832765170301
-4.94	-6.17	1.0173131399947195
-4.94	-4.94	1.0240741472793902
-4.94	-3.7	1.050533850884003
-4.94	-2.47	1.0349337218830899
-4.94	-1.24	1.0211735197620158
-4.94	0.0	1.0255022910376352
-4.94	1.24	1.0246640035017567
-4.94	2.47	1.0320517333254395
-4.94	3.7	1.0316375317357291
-4.94	4.94	1.0172687593074876
-4.94	6.17	1.0380996526689268
-4.94	7.41	1.059944827504915
-4.94	8.64	1.0617667136400577
-4.94	9.87	1.0766510128300855
-4.94	11.1	1.1066713714540626
-4.93	12.34	1.124593136566304
-4.93	13.57	1.1100784316665369
-4.93	14.8	1.1141772250114919
-4.93	16.04	1.1460733613451985
-4.93	17.26	1.1622246342300881
-4.93	18.5	1.1612504050545223
-4.93	19.73	1.1743487097195402
-4.93	20.96	1.1611866235846833
-4.93	22.18	1.124509798781662
-4.93	23.41	1.1236764891082949
-4.93	24.64	1.1271899834022996
-4.93	25.87	1.1279616261800287
-4.93	27.09	1.007853179186272
-4.92	28.31	0.9730826270868862
-4.92	29.54	1.0820861608368428
-4.93	30.78	1.0481394824795212
-4.92	31.99	1.2753671052144755
-4.91	33.17	1.3885427337286576
-4.91	34.35	1.4003392130516223
-4.9	35.49	1.34639407413691
-4.88	36.58	1.0613435068169395
-4.84	37.5	1.9910412244563158
-3.63	37.55	1.738833068420682
-3.66	36.6	1.0563055081993777
-3.67	35.51	1.3286224707880336
-3.68	34.35	1.4920593416055432
-3.69	33.18	1.380473578598485
-3.69	32.0	1.2704058811880063
-3.69	30.78	1.0263691985697285
-3.69	29.54	1.0610901248337
-3.69	28.31	0.9682354850240449
-3.69	27.09	1.0260670756740131
-3.7	25.87	1.1200735649494655
-3.7	24.64	1.0988051928063776
-3.7	23.41	1.1194751421366043
-3.7	22.19	1.1554327091523646
-3.7	20.96	1.21274033732203
-3.7	19.73	1.1797315782040174
-3.7	18.5	1.1544475632524742
-3.7	17.27	1.145442227513536
-3.7	16.04	1.1330593287959374
-3.7	14.8	1.123199165789197
-3.7	13.57	1.1120473925676855
-3.7	12.34	1.1305428342751398
-3.7	11.11	1.1005903419318317
-3.7	9.88	1.0729146168964547
-3.7	8.64	1.0536651492288573
-3.7	7.41	1.043856550956546
-3.7	6.17	1.0424205468735979
-3.7	4.94	1.0438181820514583
-3.71	3.71	1.0315859071548683
-3.7	2.47	1.0268339796671597
-3.7	1.23	1.0281511051540413
-3.7	-0.0	1.0109188415204384
-3.7	-1.23	1.0228806057341702
-3.7	-2.47	1.0417154576471575
-3.71	-3.71	1.040108935207754
-3.7	-4.94	1.0258687425797932
-3.7	-6.17	1.0261163064244538
-3.7	-7.41	1.011890315515835
-3.7	-8.64	0.9921067622822726
-3.7	-9.88	1.015167117438284
-3.7	-11.11	1.0097323492466153
-3.7	-12.34	1.0182255013556372
-3.7	-13.57	1.0089501643789456
-3.7	-14.8	1.0163296569251576
-3.7	-16.04	0.9822599824646403
-3.7	-17.27	0.9761095734910628
-3.7	-18.5	0.9542967604452057
-3.7	-19.73	0.9676824720052597
-3.7	-20.96	0.946958776590404
-3.7	-22.19	0.9483720767159518
-3.7	-23.41	0.9377992442019325
-3.7	-24.64	0.9479659483200598
-3.7	-25.87	0.9492131862434308
-3.69	-27.09	0.9767986261508055
-3.69	-28.31	0.9714575304216932
-3.69	-29.54	0.9970912311029387
-3.69	-30.78	1.0400748189619415
-3.69	-32.0	1.2576202268176653
-3.69	-33.18	1.3032303453138772
-3.68	-34.35	1.1542181292689317
-3.67	-35.51	1.0781814951753566
-3.66	-36.6	0.972498850356339
-3.63	-37.55	2.5
-2.42	-37.58	2.5
-2.44	-36.61	0.9447467754434102
-2.45	-35.52	1.1282761701657362
-2.45	-34.36	1.1782994567243579
-2.46	-33.18	1.2962666965150476
-2.46	-32.0	1.2346736082943952
-2.46	-30.78	1.020998839416416
-2.46	-29.54	0.9932441457074015
-2.46	-28.31	0.9609942547986003
-2.46	-27.09	0.9863525645753413
-2.46	-25.87	0.9643561042170727
-2.46	-24.64	0.9191713629925307
-2.46	-23.41	0.962774873523216
-2.47	-22.19	0.9514380491589165
-2.47	-20.96	0.9474467076278801
-2.47	-19.73	0.9680996971641278
-2.47	-18.5	0.978337698173096
-2.47	-17.27	0.9828652687904587
-2.47	-16.04	0.9709102707312933
-2.47	-14.8	1.0013093511736475
-2.47	-13.57	1.004707658199412
-2.47	-12.34	1.0264420221902686
-2.47	-11.11	0.9849040331224046
-2.47	-9.88	1.000246858526486
-2.47	-8.64	1.0247293214830204
-2.47	-7.41	1.0375169190734654
-2.47	-6.17	1.0177069882138667
-2.47	-4.94	1.0277248418702385
-2.47	-3.7	1.054117625747251
-2.47	-2.47	1.034221849500864
-2.47	-1.24	1.0156304520205524
-2.47	0.0	1.005451481435986
-2.47	1.24	1.0126544027427355
-2.47	2.47	1.0175838262744517
-2.47	3.7	1.016283516488076
-2.47	4.94	1.0319861259162035
-2.47	6.17	1.0425188833393992
-2.47	7.41	1.0514383646190026
-2.47	8.64	1.0681987467632528
-2.47	9.88	1.0615203387687426
-2.47	11.11	1.1037075612882958
-2.47	12.34	1.1067255787634034
-2.47	13.57	1.0989057628969867
-2.47	14.8	1.1028991585559158
-2.47	16.04	1.1469631719228657
-2.47	17.27	1.1366887329952107
-2.47	18.5	1.1540714727400196
-2.47	19.73	1.1884862516431296
-2.47	20.96	1.1892095065164234
-2.47	22.19	1.1361412662850174
-2.46	23.41	1.1263439083570645
-2.46	24.64	1.1147217040264508
-2.46	25.87	1.12083697898586
-2.46	27.09	1.0198268598007854
-2.46	28.31	0.9653052479903206
-2.46	29.54	1.0458365345954004
-2.46	30.78	1.0427322685823404
-2.46	32.0	1.2753083662352092
-2.46	33.18	1.363349602908814
-2.45	34.36	1.4944536098964285
-2.45	35.52	1.3437850701609904
-2.44	36.61	1.0446924603363268
-2.42	37.58	1.5995142225138785
-1.21	37.6	1.5455666548902585
-1.22	36.62	1.0433414982948586
-1.22	35.52	1.3336358605514498
-1.23	34.36	1.4900509402858901
-1.23	33.18	1.3762380141373551
-1.23	32.0	1.235730900119341
-1.23	30.78	1.0667596675219295
-1.23	29.54	1.0312610725529838
-1.23	28.31	0.9739054852604276
-1.23	27.09	1.0364984452103734
-1.23	25.87	1.133613096783118
-1.23	24.64	1.1309814038753565
-1.23	23.41	1.1385448663882114
-1.23	22.19	1.1377447527876337
-1.23	20.96	1.2041950237160401
-1.23	19.73	1.175679797604766
-1.23	18.5	1.1648661413760761
-1.23	17.27	1.1537147932012122
-1.23	16.04	1.131769744294889
-1.23	14.8	1.1142950656569504
-1.23	13.57	1.116361263379071
-1.23	12.34	1.112079914129767
-1.23	11.11	1.0879652021724118
-1.23	9.88	1.0614857677893585
-1.23	8.64	1.0592401770126845
-1.23	7.41	1.049863857601844
-1.23	6.17	1.0387271643528155
-1.24	4.94	1.021473343182949
-1.23	3.7	1.0128635217908846
-1.24	2.47	0.9977271129733447
-1.24	1.24	1.002952570640721
-1.24	-0.0	1.0135420608912638
-1.24	-1.24	1.0285494526227872
-1.24	-2.47	1.0453987815895474
-1.23	-3.7	1.0700855728792131
-1.24	-4.94	1.029892702546321
-1.23	-6.17	1.0321634496043552
-1.23	-7.41	1.0212004246714983
-1.23	-8.64	1.019952671177073
-1.23	-9.88	1.012901494194418
-1.23	-11.11	1.0050044971547454
-1.23	-12.34	1.032093951395792
-1.23	-13.57	0.9963784249627583
-1.23	-14.8	1.0006193506454233
-1.23	-16.04	0.9775393874003857
-1.23	-17.27	0.9837868805937706
-1.23	-18.5	0.9716198843541175
-1.23	-19.73	0.9593719925153259
-1.23	-20.96	0.9471963907566838
-1.23	-22.19	0.9355720838420094
-1.23	-23.41	0.9515706122388599
-1.23	-24.64	0.9321206539130262
-1.23	-25.87	0.9776246650377036
-1.23	-27.09	0.9909156487193478
-1.23	-28.31	0.960280739942796
-1.23	-29.54	1.0136366159434917
-1.23	-30.78	1.0119150998849218
-1.23	-32.0	1.2223508757184964
-1.23	-33.18	1.291584662199786
-1.23	-34.36	1.18348513522184
-1.22	-35.52	1.1421458394894461
-1.22	-36.62	0.9312469729191886
-1.21	-37.6	2.352631433442353
0.0	-37.6	2.5
0.0	-36.62	0.9277817607984566
0.0	-35.52	1.1742836039564741
0.0	-34.36	1.2090866431651461
0.0	-33.19	1.3112190168430775
0.0	-32.0	1.2212312309527054
0.0	-30.78	1.0069876052902522
0.0	-29.54	1.0007285196601483
0.0	-28.31	0.9809574242041519
0.0	-27.09	0.9904286238432789
0.0	-25.87	0.9593121062437602
0.0	-24.64	0.9307848656277802
0.0	-23.41	0.9330733434992844
0.0	-22.19	0.9543927959455232
0.0	-20.96	0.941928248237418
0.0	-19.73	0.959923022714511
0.0	-18.5	0.97114295378804
0.0	-17.27	0.9806663504654001
0.0	-16.04	0.9752754958931611
0.0	-14.8	1.007870080370667
0.0	-13.57	0.9984042570226919
0.0	-12.34	1.0165270620730045
0.0	-11.11	0.9919393871810911
0.0	-9.88	1.0244123421509013
0.0	-8.64	1.003999113571009
0.0	-7.41	1.0164801807155381
0.0	-6.17	1.025366667572575
0.0	-4.94	1.0504913172290875
0.0	-3.7	1.0548395489254165
0.0	-2.47	1.0539138658284948
0.0	-1.24	1.0395779645836312
0.0	0.0	1.0152939193810049
0.0	1.24	1.0091200868945727
0.0	2.47	1.0168550828137466
0.0	3.7	1.0136631043494404
0.0	4.94	1.0384929897226662
0.0	6.17	1.0475721223440901
0.0	7.41	1.05413849920589
0.0	8.64	1.061402176056383
0.0	9.88	1.0705277971717564
0.0	11.11	1.0977222979449248
0.0	12.34	1.11396288075328
0.0	13.57	1.1005137003563483
0.0	14.8	1.1120078067910688
0.0	16.04	1.1273104547685104
0.0	17.27	1.1592334617338178
0.0	18.5	1.1598470981408493
0.0	19.73	1.187004644239873
0.0	20.96	1.2206799580641672
0.0	22.19	1.1325131418318168
0.0	23.41	1.1331356434973792
0.0	24.64	1.118517160640966
0.0	25.87	1.1256062582413149
0.0	27.09	1.0309612622565343
0.0	28.31	0.987088709740469
0.0	29.54	1.0389191251665881
0.0	30.78	1.0433023659140463
0.0	32.0	1.2160704981092616
0.0	33.19	1.370752683535292
0.0	34.36	1.4632311854347746
0.0	35.52	1.3100486936759639
0.0	36.62	1.0525794594611302
0.0	37.6	1.4907336915535074
1.21	37.6	1.5256507085630115
1.22	36.62	1.038040203058669
1.22	35.52	1.341983777836524
1.23	34.36	1.4727952258274337
1.23	33.18	1.3764981453487524
1.23	32.0	1.223772137744331
1.23	30.78	1.0368861921090975
1.23	29.54	1.0625842486792063
1.23	28.31	0.9718726456668492
1.23	27.09	1.0123027390289598
1.23	25.87	1.134922206527163
1.23	24.64	1.1186197078270945
1.23	23.41	1.143588211817712
1.23	22.19	1.1388835816540972
1.23	20.96	1.208840586805069
1.23	19.73	1.1888953236026891
1.23	18.5	1.1565782045985884
1.23	17.27	1.1512455728013515
1.23	16.04	1.1261150578615498
1.23	14.8	1.1253337220374746
1.23	13.57	1.1078796644358775
1.23	12.34	1.1083364049401814
1.23	11.11	1.095959065300339
1.23	9.88	1.0745639792405326
1.23	8.64	1.0621910604329958
1.23	7.41	1.0581350108960343
1.23	6.17	1.0543541229760445
1.24	4.94	1.0260472485947778
1.23	3.7	1.020275330266088
1.24	2.47	1.0211365574531275
1.24	1.24	1.0124840878175654
1.24	-0.0	1.0274407833185153
1.24	-1.24	1.0186096382952226
1.24	-2.47	1.0469339494244556
1.23	-3.7	1.0580785947570313
1.24	-4.94	1.0462561370010093
1.23	-6.17	1.0387892493630568
1.23	-7.41	1.0160063297147168
1.23	-8.64	1.0246553576548099
1.23	-9.88	1.0109763293577618
1.23	-11.11	1.0028232609859922
1.23	-12.34	1.0117232049657234
1.23	-13.57	1.0032043445176644
1.23	-14.8	1.0039621305176096
1.23	-16.04	0.9953642918446794
1.23	-17.27	0.9853946630846719
1.23	-18.5	0.9806543812072128
1.23	-19.73	0.948833439048026
1.23	-20.96	0.9343815659196526
1.23	-22.19	0.9420261131484367
1.23	-23.41	0.9522565053293288
1.23	-24.64	0.9395833071980402
1.23	-25.87	0.9517412808386636
1.23	-27.09	1.0010247997880928
1.23	-28.31	0.9731841763857023
1.23	-29.54	1.0029567979966991
1.23	-30.78	1.0204500212079148
1.23	-32.0	1.214817207265666
1.23	-33.18	1.3056668901405244
1.23	-34.36	1.1889238248197964
1.22	-35.52	1.1066647688360085
1.22	-36.62	0.938456141487781
1.21	-37.6	2.5
2.42	-37.58	2.5
2.44	-36.61	0.9559977779330335
2.45	-35.52	1.1208507729618944
2.45	-34.36	1.1734961642454884
2.46	-33.18	1.2983073582388185
2.46	-32.0	1.23000308054913
2.46	-30.78	1.0096527142829812
2.46	-29.54	0.9837548003332728
2.46	-28.31	0.9844806407180524
2.46	-27.09	0.9914827793559544
2.46	-25.87	0.9564653797076828
2.46	-24.64	0.9466545565228905
2.46	-23.41	0.9415682037046205
2.47	-22.19	0.9497216126589505
2.47	-20.96	0.9403178676301138
2.47	-19.73	0.9586684144590425
2.47	-18.5	0.9629697668046298
2.47	-17.27	0.9695962329165173
2.47	-16.04	0.9930555539582864
2.47	-14.8	0.9950975521990824
2.47	-13.57	1.0112586107986221
2.47	-12.34	1.0215402413040202
2.47	-11.11	0.993809708674326
2.47	-9.88	1.0071475526520013
2.47	-8.64	1.025681079262628
2.47	-7.41	1.0275588285828094
2.47	-6.17	1.0337560717387433
2.47	-4.94	1.0498774951005938
2.47	-3.7	1.0521720657138856
2.47	-2.47	1.0376353771136104
2.47	-1.24	1.0093262436189265
2.47	0.0	1.0144299022045633
2.47	1.24	1.0009246903515105
2.47	2.47	1.0162073600026442
2.47	3.7	1.032400441049952
2.47	4.94	1.0405096140510262
2.47	6.17	1.0593882585332661
2.47	7.41	1.038644559175939
2.47	8.64	1.0666417014592744
2.47	9.88	1.0769761889480485
2.47	11.11	1.1274753938143434
2.47	12.34	1.1172360184777812
2.47	13.57	1.1072159106151558
2.47	14.8	1.1057486691861795
2.47	16.04	1.1371316079664968
2.47	17.27	1.1470777814614808
2.47	18.5	1.1437459320650802
2.47	19.73	1.196358630268671
2.47	20.96	1.19836733980239
2.47	22.19	1.1530940076489626
2.46	23.41	1.1334089639826663
2.46	24.64	1.113299765666235
2.46	25.87	1.1214534743101652
2.46	27.09	1.0308389487039857
2.46	28.31	0.9832081247379119
2.46	29.54	1.050259839142571
2.46	30.78	1.0368857763586803
2.46	32.0	1.2612286728794952
2.46	33.18	1.3886202431839036
2.45	34.36	1.4592939054691847
2.45	35.52	1.3486707610421034
2.44	36.61	1.0351598876130383
2.42	37.58	1.57089776509652
3.63	37.55	1.7451272201364478
3.66	36.6	1.0265506868812677
3.67	35.51	1.3373098154823362
3.68	34.35	1.4742475298989763
3.69	33.18	1.4031797903099203
3.69	32.0	1.274992347114214
3.69	30.78	1.0284198379928124
3.69	29.54	1.060989603676612
3.69	28.31	0.9584984056772079
3.69	27.09	1.0245759942728219
3.7	25.87	1.116096492081077
3.7	24.64	1.1178546598732853
3.7	23.41	1.1423656202902315
3.7	22.19	1.1338720750748639
3.7	20.96	1.1774094534206556
3.7	19.73	1.1934680211606778
3.7	18.5	1.1530667946809032
3.7	17.27	1.147922932030804
3.7	16.04	1.1377122460752984
3.7	14.8	1.1187060779564835
3.7	13.57	1.1078224593804995
3.7	12.34	1.1174339293537594
3.7	11.11	1.0970503146919537
3.7	9.88	1.0635515515452632
3.7	8.64	1.070409046916537
3.7	7.41	1.0471335922721199
3.7	6.17	1.0409423670682578
3.7	4.94	1.0324323773103217
3.71	3.71	1.0343801375108619
3.7	2.47	1.0317876149396437
3.7	1.23	1.0314187486967574
3.7	-0.0	1.0090471424689866
3.7	-1.23	1.020927247431171
3.7	-2.47	1.0346009933890477
3.71	-3.71	1.055583466777188
3.7	-4.94	1.0275368310732755
3.7	-6.17	1.0177390341818313
3.7	-7.41	1.0199182631699868
3.7	-8.64	1.0084468407692508
3.7	-9.88	1.011224185917455
3.7	-11.11	0.98558995809928
3.7	-12.34	0.9988587924627987
3.7	-13.57	0.9867644589582429
3.7	-14.8	0.9957119513464718
3.7	-16.04	0.9941810128900563
3.7	-17.27	0.9917586799721159
3.7	-18.5	0.9625685536071336
3.7	-19.73	0.9468279729694586
3.7	-20.96	0.9461174706542588
3.7	-22.19	0.9484917210987653
3.7	-23.41	0.9468199498094352
3.7	-24.64	0.9400705579177648
3.7	-25.87	0.9773980766743184
3.69	-27.09	0.9729258945920964
3.69	-28.31	0.9734072531431268
3.69	-29.54	0.9915299418483432
3.69	-30.78	1.0386617151839221
3.69	-32.0	1.257624605929717
3.69	-33.18	1.3125748505289723
3.68	-34.35	1.1362413312484243
3.67	-35.51	1.0697975885634792
3.66	-36.6	0.9705235823419356
3.63	-37.55	2.5
4.84	-37.5	2.5
4.88	-36.58	0.9988257343886939
4.9	-35.49	1.002145176593415
4.91	-34.35	1.0891742166444995
4.91	-33.17	1.3137902958301613
4.92	-31.99	1.290792757511551
4.93	-30.78	1.0469221735358714
4.92	-29.54	1.0033942802847289
4.92	-28.31	0.9619733430778012
4.93	-27.09	0.9748094661197859
4.93	-25.87	1.0108174978733935
4.93	-24.64	0.941328651740589
4.93	-23.41	0.943754275459332
4.93	-22.18	0.9438174063156044
4.93	-20.96	0.9336626022916539
4.93	-19.73	0.9710124259435693
4.93	-18.5	0.9719272543295032
4.93	-17.26	0.9743413868374731
4.93	-16.04	0.9766743513440979
4.93	-14.8	0.9926949006969199
4.93	-13.57	0.9829064986955043
4.93	-12.34	1.0083983033781294
4.94	-11.1	0.9965900066309441
4.94	-9.87	0.9840339841706367
4.94	-8.64	1.0010547306602477
4.94	-7.41	0.9955462452040234
4.94	-6.17	1.0089808152963107
4.94	-4.94	1.0179939623038905
4.94	-3.7	1.0539563753007695
4.94	-2.47	1.039324612808132
4.94	-1.24	1.0065279644058513
4.94	0.0	1.0087937417388275
4.94	1.24	1.0137506002399332
4.94	2.47	1.01386689428979
4.94	3.7	1.0250292600734214
4.94	4.94	1.029393691724401
4.94	6.17	1.0489497213440258
4.94	7.41	1.0476889337983053
4.94	8.64	1.0835868281238739
4.94	9.87	1.0731354225973222
4.94	11.1	1.1072338627370844
4.93	12.34	1.1231954281777021
4.93	13.57	1.1130427852234526
4.93	14.8	1.1129360740083127
4.93	16.04	1.141603773380261
4.93	17.26	1.1598481764385538
4.93	18.5	1.166042434214373
4.93	19.73	1.204365343046197
4.93	20.96	1.1469508196149878
4.93	22.18	1.1343697886381943
4.93	23.41	1.1391912049844386
4.93	24.64	1.1029497907402996
4.93	25.87	1.1010413472971319
4.93	27.09	1.0061225033794328
4.92	28.31	0.9638874403029334
4.92	29.54	1.0685619158729889
4.93	30.78	1.0051725748812483
4.92	31.99	1.2895454073900137
4.91	33.17	1.3966364700047187
4.91	34.35	1.3571248229466661
4.9	35.49	1.3042078732093039
4.88	36.58	1.0407330568709696
4.84	37.5	1.8840946746889395
6.04	37.42	2.3102503023165077
6.09	36.55	1.0670846994952008
6.12	35.48	1.2674159345231493
6.13	34.34	1.3076941175632362
6.14	33.16	1.401493201934585
6.15	31.98	1.2883298933066412
6.16	30.78	1.0135129502428946
6.16	29.55	1.0408473260604802
6.15	28.31	0.9628338817458824
6.16	27.08	1.006947631107061
6.16	25.87	1.039724254631544
6.16	24.64	1.1238990071220476
6.16	23.41	1.1213012750201559
6.16	22.18	1.125291247550134
6.16	20.96	1.1504129228784477
6.16	19.73	1.2121634922448612
6.16	18.49	1.1660445371748072
6.17	17.26	1.164326516787244
6.17	16.03	1.143871872526323
6.17	14.8	1.1050615045902887
6.17	13.57	1.1063798023659963
6.17	12.34	1.1191287599094313
6.17	11.1	1.1135941847190836
6.17	9.87	1.0857094310068627
6.17	8.64	1.0658104074802255
6.17	7.41	1.04805113109835
6.17	6.17	1.0371427788911447
6.17	4.94	1.021357598312279
6.17	3.7	1.02988179265391
6.17	2.47	1.0055775687114217
6.17	1.23	1.0128788647601468
6.17	-0.0	1.0085956833402099
6.17	-1.23	1.0240542198059543
6.17	-2.47	1.0402463983942267
6.17	-3.7	1.0350638933816825
6.17	-4.94	1.0384515280721125
6.17	-6.17	1.025371353013779
6.17	-7.41	1.0030514144027585
6.17	-8.64	0.9886049903874925
6.17	-9.87	0.9963613902851964
6.17	-11.1	0.9924498550240015
6.17	-12.34	0.9949181964607394
6.17	-13.57	0.9897453854693197
6.17	-14.8	1.0077841091391146
6.17	-16.03	0.98099560392623
6.17	-17.26	0.9765174619511088
6.16	-18.49	0.9694003522296182
6.16	-19.73	0.9419380817673959
6.16	-20.96	0.9371667669048112
6.16	-22.18	0.9500611868037083
6.16	-23.41	0.9335496493992874
6.16	-24.64	0.9565600067403093
6.16	-25.87	1.0396143481151396
6.16	-27.08	0.9501713947703392
6.15	-28.31	0.9829266722476753
6.16	-29.55	1.0033956634334462
6.16	-30.78	1.096070447081451
6.15	-31.98	1.3163133359678003
6.14	-33.16	1.2918549793105827
6.13	-34.34	1.0790101455544736
6.12	-35.48	0.922731793528893
6.09	-36.55	1.085016823631686
6.04	-37.42	2.5
7.22	-37.3	2.5
7.3	-36.51	1.1523759399895228
7.34	-35.46	0.8669222057178807
7.36	-34.33	1.0877868956961727
7.37	-33.15	1.2844662986230908
7.38	-31.97	1.3291629685085518
7.39	-30.78	1.1327728840984381
7.39	-29.55	1.0110455554557145
7.38	-28.31	0.9906092725912359
7.39	-27.08	0.9683573440022926
7.39	-25.86	1.0267697079173699
7.39	-24.64	0.9592052103140887
7.39	-23.41	0.9330582153675193
7.39	-22.18	0.9489119555292937
7.4	-20.95	0.9493085479016816
7.4	-19.73	0.9585529792675658
7.4	-18.49	0.9546008319908985
7.4	-17.26	0.973085892792847
7.4	-16.03	0.9652528377109597
7.4	-14.8	0.9801662989488849
7.4	-13.57	1.0068392326327817
7.4	-12.34	0.9784063026106669
7.4	-11.1	1.003652513425374
7.4	-9.87	0.9918773459185548
7.4	-8.64	1.0057261208649244
7.41	-7.41	0.9950179920089646
7.41	-6.17	1.0108500469427568
7.41	-4.94	1.0046989265655712
7.41	-3.7	1.0529967556808124
7.41	-2.47	1.0402512327630546
7.41	-1.23	1.0198374628390505
7.41	0.0	1.0350103476449686
7.41	1.23	1.0183294118271853
7.41	2.47	1.0290388201936
7.41	3.7	1.0367804456106944
7.41	4.94	1.0407867214179412
7.41	6.17	1.046919623251985
7.41	7.41	1.061668137072827
7.4	8.64	1.0736477311321195
7.4	9.87	1.0851207905236322
7.4	11.1	1.0789638146089615
7.4	12.34	1.1019571161419206
7.4	13.57	1.108992612234223
7.4	14.8	1.136874826704152
7.4	16.03	1.1400221013217573
7.4	17.26	1.1625658229553304
7.4	18.49	1.185244089591598
7.4	19.73	1.1726058454138375
7.4	20.95	1.1322657728053045
7.39	22.18	1.1356524511564912
7.39	23.41	1.119268625114188
7.39	24.64	1.1384458107466706
7.39	25.86	1.0429779147550349
7.39	27.08	0.9850539440380626
7.38	28.31	1.0348765447669974
7.39	29.55	1.0078259264759213
7.39	30.78	1.081894595636804
7.38	31.97	1.3234573931889182
7.37	33.15	1.4328301958106646
7.36	34.33	1.3303241515724142
7.34	35.46	1.2124489561541774
7.3	36.51	1.1259203059691725
7.22	37.3	2.5
8.51	36.45	1.2861483861510203
8.55	35.43	1.0901177261888169
8.58	34.31	1.4371860236202743
8.59	33.14	1.4457905916678975
8.6	31.96	1.3270252089738213
8.62	30.77	1.1600132228200408
8.62	29.55	0.9651681117962108
8.62	28.31	1.056995542334688
8.62	27.08	0.9642456961302805
8.62	25.86	1.0198291983572458
8.62	24.64	1.1114039402158937
8.62	23.41	1.1399477561180404
8.62	22.18	1.1310170986198065
8.63	20.95	1.130937149696555
8.63	19.72	1.1583899390765566
8.63	18.49	1.1783215606784792
8.63	17.26	1.1648290618299093
8.63	16.03	1.1393969610466357
8.63	14.8	1.111119064154967
8.64	13.57	1.1194002654003246
8.64	12.34	1.1081612620291104
8.64	11.1	1.0931177212700334
8.64	9.87	1.0783429510275653
8.64	8.64	1.0701662392212512
8.64	7.4	1.0615944365543672
8.64	6.17	1.041665533496701
8.64	4.94	1.0527806431182762
8.64	3.7	1.0297673655769284
8.64	2.47	1.0251508559548883
8.64	1.23	1.025587020061077
8.64	-0.0	1.0308930825574203
8.64	-1.23	1.0321031147587814
8.64	-2.47	1.0209656341991913
8.64	-3.7	1.0178667764298357
8.64	-4.94	1.01197533594671
8.64	-6.17	1.0170972793339832
8.64	-7.4	0.9980928751378926
8.64	-8.64	0.9793522528639524
8.64	-9.87	0.9996922687591265
8.64	-11.1	0.9965922691933757
8.64	-12.34	0.9683941219427492
8.64	-13.57	0.9803964841739106
8.63	-14.8	0.9925458345885261
8.63	-16.03	0.9840514708487271
8.63	-17.26	0.9770600984143716
8.63	-18.49	0.9601008786241092
8.63	-19.72	0.9573870475592354
8.63	-20.95	0.9559057617149591
8.62	-22.18	0.9387669546369253
8.62	-23.41	0.9460716906630786
8.62	-24.64	0.964883261820181
8.62	-25.86	0.9882551689164369
8.62	-27.08	0.9727974898219731
8.62	-28.31	0.9969769837548732
8.62	-29.55	1.0205967790192112
8.62	-30.77	1.1994730303804957
8.6	-31.96	1.3472441572364104
8.59	-33.14	1.2241092094079349
8.58	-34.31	1.0694218489210874
8.55	-35.43	0.938778592900336
8.51	-36.45	1.3686466733158698
9.7	-36.37	1.7912857133502547
9.76	-35.39	0.9432469811251174
9.8	-34.29	1.0266791491632477
9.82	-33.13	1.1325947400606786
9.83	-31.95	1.3001815900302196
9.84	-30.76	1.2657588539775535
9.85	-29.55	1.0416843044477524
9.85	-28.31	1.0078796085260455
9.85	-27.08	0.9952117391013307
9.85	-25.85	0.9702219629791999
9.85	-24.63	1.0418366228389795
9.86	-23.41	0.9503966812248743
9.86	-22.18	0.9463771223508246
9.86	-20.95	0.9454762237258514
9.86	-19.72	0.9658247874147774
9.86	-18.49	0.9659533163800482
9.86	-17.26	0.9588352073269011
9.86	-16.03	0.9666685908918726
9.87	-14.8	0.965762485012438
9.87	-13.57	0.9687455247808447
9.87	-12.34	0.9770398750679714
9.87	-11.1	0.9843595343753142
9.87	-9.87	0.9976432703748976
9.87	-8.64	0.999018844418627
9.87	-7.4	1.000898796879599
9.87	-6.17	1.0131692808476487
9.87	-4.94	1.0209771145477564
9.88	-3.7	1.0299887964722743
9.88	-2.47	1.0167247373148118
9.88	-1.23	1.0342976685409822
9.88	0.0	1.0328995319556933
9.88	1.23	1.0448316857588926
9.88	2.47	1.0463211293124877
9.88	3.7	1.0540439765418563
9.87	4.94	1.0420571655672113
9.87	6.17	1.0675293362404386
9.87	7.4	1.064241356357659
9.87	8.64	1.0737925932628247
9.87	9.87	1.0813122464393778
9.87	11.1	1.0913648867557928
9.87	12.34	1.1042607750616966
9.87	13.57	1.1091325789838349
9.87	14.8	1.1254352482609677
9.86	16.03	1.1984142051110283
9.86	17.26	1.187116926112175
9.86	18.49	1.1933802961273816
9.86	19.72	1.132857815019812
9.86	20.95	1.1439932292932191
9.86	22.18	1.1173383218904522
9.86	23.41	1.1269636498800946
9.85	24.63	1.0845263827108749
9.85	25.85	0.9904626457128396
9.85	27.08	0.9678979557139815
9.85	28.31	1.0569291594077903
9.85	29.55	0.9554255023984579
9.84	30.76	1.275898926212422
9.83	31.95	1.3776091525188754
9.82	33.13	1.4527519932805752
9.8	34.29	1.3230185569929471
9.76	35.39	1.0199983017302525
9.7	36.37	1.5514234034326977
10.88	36.26	1.9835559175221915
10.97	35.34	1.0480193097603872
11.01	34.26	1.3231040748200584
11.04	33.11	1.288403258509268
11.05	31.93	1.4138007735788038
11.07	30.75	1.2628853875947765
11.08	29.55	1.0341061404295893
11.08	28.32	0.9921216542218154
11.08	27.08	1.0228657187184842
11.08	25.85	0.9863884758860717
11.08	24.63	1.0414085785732112
11.09	23.41	1.131019920980167
11.09	22.18	1.130930092119458
11.09	20.95	1.1261216713091295
11.09	19.72	1.12328057410524
11.1	18.49	1.1500138817757852
11.1	17.26	1.1864267599829343
11.1	16.03	1.1731684315696125
11.1	14.8	1.1531522197514965
11.1	13.57	1.13418415520038
11.1	12.34	1.1165914224655307
11.1	11.1	1.0919051802889355
11.1	9.87	1.1014465353959704
11.1	8.64	1.0705450695820273
11.1	7.4	1.0438633853969161
11.1	6.17	1.0596454773056951
11.1	4.94	1.0572290452566966
11.11	3.7	1.060687497665688
11.11	2.47	1.0533630063865491
11.11	1.23	1.0618125809878345
11.11	-0.0	1.063158743858608
11.11	-1.23	1.0492782449980655
11.11	-2.47	1.0334096756398718
11.11	-3.7	1.0404090256078282
11.1	-4.94	1.0352184867411243
11.1	-6.17	1.014340001942001
11.1	-7.4	1.0081469739325044
11.1	-8.64	0.9890118695104855
11.1	-9.87	0.988911706416534
11.1	-11.1	0.9824241787335524
11.1	-12.34	0.9965476469437959
11.1	-13.57	0.9752692469462785
11.1	-14.8	0.9802102167629068
11.1	-16.03	0.9901429798378283
11.1	-17.26	0.9620504432018979
11.1	-18.49	0.9573058183565673
11.09	-19.72	0.9416022965392612
11.09	-20.95	0.9530322817872303
11.09	-22.18	0.9477029490071942
11.09	-23.41	0.9728733512880394
11.08	-24.63	0.9829164226209075
11.08	-25.85	0.9616984202609524
11.08	-27.08	1.0037398210534079
11.08	-28.32	0.9936237420425513
11.08	-29.55	1.1104609686764686
11.07	-30.75	1.3126168404472507
11.05	-31.93	1.3006760337826417
11.04	-33.11	1.0446392572011298
11.01	-34.26	0.94832274160943
10.97	-35.34	0.9943651876334201
10.88	-36.26	2.5
12.02	-36.05	2.5
12.16	-35.27	1.1558566484603539
12.22	-34.22	0.9232170818141796
12.25	-33.09	1.0299583976078015
12.27	-31.91	1.2229566575260993
12.29	-30.73	1.3409312732357677
12.31	-29.54	1.2171085133765969
12.31	-28.32	1.0355665758428048
12.31	-27.08	0.9879690020175316
12.31	-25.85	0.9801430751136699
12.31	-24.63	0.9755031210162279
12.32	-23.4	1.0596564519989684
12.32	-22.18	0.9534025364901186
12.32	-20.94	0.9509925462323068
12.32	-19.72	0.9687996218349841
12.33	-18.49	0.9447734887307382
12.33	-17.26	0.9728095052846051
12.33	-16.03	0.9682385506642666
12.33	-14.8	0.9696554466909122
12.33	-13.56	0.9784259552005405
12.33	-12.33	0.9854546603512473
12.34	-11.1	0.9916378597707833
12.34	-9.87	0.9995500401244097
12.34	-8.64	0.9754424967739741
12.34	-7.4	0.9944868850624307
12.34	-6.17	0.98364101587224
12.34	-4.93	0.9973223888088354
12.34	-3.7	1.0156147031493088
12.34	-2.47	1.0181890880335862
12.34	-1.23	1.0157623799902762
12.34	0.0	1.0260213137380427
12.34	1.23	1.0576231411344574
12.34	2.47	1.0455062157540205
12.34	3.7	1.0529871939474837
12.34	4.93	1.042579991588875
12.34	6.17	1.0592699177369358
12.34	7.4	1.059349437883622
12.34	8.64	1.0791975391899058
12.34	9.87	1.0899276595943261
12.34	11.1	1.0895100724925655
12.33	12.33	1.1277869416099184
12.33	13.56	1.1297740883142406
12.33	14.8	1.1392387789504754
12.33	16.03	1.1660206225028933
12.33	17.26	1.154490802809212
12.33	18.49	1.1348707239764018
12.32	19.72	1.129037116449922
12.32	20.94	1.1562528167015662
12.32	22.18	1.1261576177662818
12.32	23.4	1.1023594480016952
12.31	24.63	1.0264859809789524
12.31	25.85	0.9788423268660171
12.31	27.08	1.0602278987859917
12.31	28.32	0.953242648321039
12.31	29.54	1.1531703793135044
12.29	30.73	1.3133588667519414
12.27	31.91	1.4863682341348117
12.25	33.09	1.3905309227678249
12.22	34.22	1.205460534922798
12.16	35.27	1.1575030451295243
12.02	36.05	2.5
13.34	35.17	1.4114001478469094
13.42	34.17	1.0382295356123281
13.47	33.06	1.4188578291117686
13.49	31.9	1.4917791275123724
13.51	30.71	1.3866990848656577
13.53	29.53	1.266402219979863
13.54	28.32	0.9871360324772862
13.54	27.08	1.028368538813159
13.54	25.85	1.0444027238345548
13.54	24.62	1.0130970293714423
13.55	23.4	1.0445693847010107
13.55	22.17	1.1247636676482848
13.55	20.94	1.1141951962920142
13.55	19.71	1.1251697516290164
13.56	18.49	1.13839291026538
13.56	17.26	1.119933471059893
13.56	16.03	1.1702066599869134
13.56	14.8	1.1512783334530834
13.56	13.56	1.1114617802664783
13.56	12.33	1.1185719101130918
13.57	11.1	1.1098835398391795
13.57	9.87	1.0726816930563547
13.57	8.64	1.0779675233800967
13.57	7.4	1.0807624601410986
13.57	6.17	1.0575397356708374
13.57	4.93	1.0571344027443539
13.57	3.7	1.0337103141140913
13.57	2.47	1.0513113040217803
13.57	1.23	1.0400173247331672
13.57	-0.0	1.048020330893645
13.57	-1.23	1.0346883900202686
13.57	-2.47	1.0193498988284668
13.57	-3.7	1.025819481075044
13.57	-4.93	1.0111389721508148
13.57	-6.17	1.0088092713986763
13.57	-7.4	0.9880190347210496
13.57	-8.64	0.9851404027538093
13.57	-9.87	0.9684231833464612
13.57	-11.1	0.9789867334201894
13.56	-12.33	0.9785050225328815
13.56	-13.56	0.9870446710473555
13.56	-14.8	0.9656709127363357
13.56	-16.03	0.9776132349518631
13.56	-17.26	0.9554352069944549
13.56	-18.49	0.9612618496165322
13.55	-19.71	0.9312698581147991
13.55	-20.94	0.9609683582307351
13.55	-22.17	0.9888557116696761
13.55	-23.4	1.0187483180131203
13.54	-24.62	0.9756272222921414
13.54	-25.85	0.991756419072046
13.54	-27.08	1.0071136729421077
13.54	-28.32	1.1094581166569162
13.53	-29.53	1.2996172391511855
13.51	-30.71	1.290686418044496
13.49	-31.9	1.1035572832367722
13.47	-33.06	1.001374877673154
13.42	-34.17	0.9546925775694879
13.34	-35.17	1.3851254118817913
14.49	-35.02	2.153388009789154
14.62	-34.1	0.9984094260941596
14.67	-33.02	0.9115942987797041
14.71	-31.87	1.020592464900246
14.73	-30.69	1.2548683630354542
14.75	-29.51	1.3703842813563014
14.77	-28.31	1.227419452144007
14.78	-27.09	1.035259626675641
14.77	-25.85	1.0030343900218384
14.77	-24.62	0.9895170111588918
14.77	-23.39	0.9659815181976477
14.78	-22.17	0.9892358915721866
14.78	-20.94	0.9708786655941006
14.78	-19.71	0.9485454989763884
14.79	-18.48	0.9538388030583302
14.79	-17.25	0.9752290265264962
14.79	-16.03	0.9710018749773495
14.79	-14.79	0.9866706144245985
14.8	-13.56	0.973350729851763
14.8	-12.33	0.9881813300374329
14.8	-11.1	0.9822497319039156
14.8	-9.87	1.0059866280804028
14.8	-8.63	1.0153806550283129
14.8	-7.4	1.0219503723238565
14.8	-6.17	1.0057076456012917
14.8	-4.93	1.0271492035150125
14.8	-3.7	1.045138174026075
14.8	-2.47	1.021187435778951
14.8	-1.23	1.0445459876620475
14.8	0.0	1.0662517341360065
14.8	1.23	1.05928290592872
14.8	2.47	1.0790508891592268
14.8	3.7	1.0675069774416812
14.8	4.93	1.0447572471937097
14.8	6.17	1.0616528445581412
14.8	7.4	1.0717106302914292
14.8	8.63	1.0911323427372919
14.8	9.87	1.1056813422476566
14.8	11.1	1.103994239872419
14.8	12.33	1.1223540990922576
14.8	13.56	1.1446892470067063
14.79	14.79	1.153549772449427
14.79	16.03	1.1040862199635884
14.79	17.25	1.100001499925468
14.79	18.48	1.124127624910674
14.78	19.71	1.116809459902969
14.78	20.94	1.137283848624727
14.78	22.17	1.0727060750516575
14.77	23.39	1.020590109480083
14.77	24.62	0.9696925324182875
14.77	25.85	1.0465752919919868
14.78	27.09	0.9556124897400542
14.77	28.31	1.09538092313902
14.75	29.51	1.2834734578780633
14.73	30.69	1.5039321698079373
14.71	31.87	1.2954210827810462
14.67	33.02	1.3123571121915525
14.62	34.1	1.0660663787937263
14.49	35.02	2.019675945650917
15.79	34.0	1.2600726412490086
15.87	32.97	1.084883603685319
15.92	31.84	1.6446425441618606
15.95	30.67	1.477261172428273
15.97	29.48	1.3609303741583378
15.99	28.3	1.2384094136723114
16.01	27.09	1.0015375760590945
16.01	25.85	1.0214949605687407
16.0	24.62	1.0351064224519018
16.0	23.39	0.9882854561699252
16.01	22.16	1.0240470790182172
16.01	20.94	1.1116940847815515
16.02	19.71	1.1118444601269983
16.02	18.48	1.1478664371164635
16.02	17.25	1.1276720478325757
16.02	16.02	1.0909529509487736
16.03	14.79	1.101131760450535
16.03	13.56	1.1455969201492149
16.03	12.33	1.1242308756566484
16.03	11.1	1.1131046949544787
16.03	9.86	1.0848139511380577
16.03	8.63	1.0663559689731859
16.03	7.4	1.090797693546759
16.03	6.17	1.052048600864401
16.04	4.93	1.0505377956555764
16.04	3.7	1.1006719119666375
16.04	2.47	1.0651002068676796
16.04	1.23	1.0774941145592933
16.04	-0.0	1.0606016126716744
16.04	-1.23	1.0506130336143107
16.04	-2.47	1.0613620606169878
16.04	-3.7	1.0415699358306956
16.04	-4.93	1.0354792733359632
16.03	-6.17	1.0325052801150907
16.03	-7.4	1.0034180697084558
16.03	-8.63	1.0180752167536333
16.03	-9.86	1.0144426036887753
16.03	-11.1	0.9817383158876076
16.03	-12.33	0.98592397013695
16.03	-13.56	0.9841093633973834
16.03	-14.79	0.9710204303790135
16.02	-16.02	0.9689914477616242
16.02	-17.25	0.9486871547523368
16.02	-18.48	0.9417890170310139
16.02	-19.71	0.9737777717065033
16.01	-20.94	0.9845688526903773
16.01	-22.16	0.9749835776921518
16.0	-23.39	0.9925234075509284
16.0	-24.62	1.0090184807274234
16.01	-25.85	1.0193692410452648
16.01	-27.09	1.1253730766124335
15.99	-28.3	1.3282247070895092
15.97	-29.48	1.3467377743812996
15.95	-30.67	1.0856622185520166
15.92	-31.84	1.0181323078638425
15.87	-32.97	0.9383822319036783
15.79	-34.0	1.0686342160770579
16.92	-33.85	1.4517717055151795
17.06	-32.9	0.9995887010925122
17.12	-31.8	0.9112598915223167
17.16	-30.65	1.04467162358321
17.19	-29.46	1.2275383321170814
17.21	-28.27	1.3613540610577228
17.23	-27.08	1.2578379582825638
17.24	-25.86	1.0641237093402367
17.23	-24.62	1.0110340976681131
17.23	-23.38	1.0222582620094176
17.23	-22.16	0.9824539746825911
17.24	-20.93	0.9818662158180747
17.25	-19.71	0.9895466170266776
17.25	-18.48	0.9785252648776943
17.25	-17.25	0.9550833331822428
17.25	-16.02	0.9601406539722026
17.25	-14.79	0.9762086295504071
17.26	-13.56	0.9668263406215782
17.26	-12.33	0.9876830301133861
17.26	-11.1	0.9938033694702089
17.26	-9.86	0.9869317535568998
17.26	-8.63	0.9947048966937366
17.26	-7.4	0.9970652716317989
17.26	-6.17	0.9905494484596851
17.26	-4.93	0.9993784429992214
17.27	-3.7	1.0113111298971864
17.27	-2.47	1.0231278613207992
17.27	-1.23	1.0058453169123105
17.27	0.0	1.0508481936221603
17.27	1.23	1.0501785413727207
17.27	2.47	1.0539516230322494
17.27	3.7	1.0556100935369432
17.26	4.93	1.047711469029089
17.26	6.17	1.0505509245840567
17.26	7.4	1.054203590817604
17.26	8.63	1.101550237539108
17.26	9.86	1.0950584645461445
17.26	11.1	1.1282721060523082
17.26	12.33	1.1362146883342898
17.26	13.56	1.0612840290145815
17.25	14.79	1.0755347438993512
17.25	16.02	1.1057270765197114
17.25	17.25	1.1440010223771075
17.25	18.48	1.093005554647947
17.25	19.71	1.1459876445851922
17.24	20.93	1.043161885272319
17.23	22.16	1.0145196729621153
17.23	23.38	1.0234784834633786
17.23	24.62	1.0588854220455879
17.24	25.86	0.9926529462334219
17.23	27.08	1.1568709550242415
17.21	28.27	1.2732814397123988
17.19	29.46	1.5235156690432108
17.16	30.65	1.2671403743700775
17.12	31.8	1.3657158813323367
17.06	32.9	1.0380102177797834
16.92	33.85	1.6697441209269623
18.21	32.78	1.2512134290320942
18.31	31.74	1.0496964300841638
18.37	30.61	1.3316770799428257
18.4	29.44	1.3983771470132407
18.42	28.25	1.4136013981763167
18.45	27.06	1.2397360692420403
18.47	25.85	1.0728007500373025
18.47	24.63	1.0141538193895663
18.46	23.39	1.0310776260763017
18.46	22.15	0.963805273246976
18.47	20.93	1.0198508402638327
18.47	19.7	1.0481698927165715
18.48	18.48	1.0999800598377183
18.48	17.25	1.1105362645744812
18.48	16.02	1.1328730149896407
18.48	14.79	1.1022566875124875
18.49	13.56	1.0869485958508776
18.49	12.33	1.0629804898714523
18.49	11.1	1.0762405898198457
18.49	9.86	1.126749642931105
18.49	8.63	1.1021507508791188
18.49	7.4	1.0804694049323915
18.49	6.16	1.092652117867833
18.5	4.93	1.0657021077981579
18.5	3.7	1.037352383186625
18.5	2.47	1.0323851417649665
18.5	1.23	1.023363059589304
18.5	-0.0	1.031382706507773
18.5	-1.23	1.0143921882792846
18.5	-2.47	1.0162961613466823
18.5	-3.7	1.0085643850236279
18.5	-4.93	1.0068155281074436
18.49	-6.16	0.9838146308492837
18.49	-7.4	0.9945675329325345
18.49	-8.63	0.9924220748659751
18.49	-9.86	0.9923816784296342
18.49	-11.1	0.9893072498344448
18.49	-12.33	0.9929872654592495
18.49	-13.56	0.9810632154178531
18.48	-14.79	0.9572186406651255
18.48	-16.02	0.95698310611815
18.48	-17.25	0.9783466665241614
18.48	-18.48	1.0114829187693424
18.47	-19.7	0.981023095795166
18.47	-20.93	0.9818941061237263
18.46	-22.15	1.0037210116951982
18.46	-23.39	1.0022859034549292
18.47	-24.63	1.033474779880259
18.47	-25.85	1.2188008573996196
18.45	-27.06	1.3340430878405627
18.42	-28.25	1.343186564448418
18.4	-29.44	1.0623792536790253
18.37	-30.61	1.0048811054875664
18.31	-31.74	0.9697974154315157
18.21	-32.78	1.0300708770683809
19.32	-32.6	1.3519664738954003
19.48	-31.66	1.0042626863806987
19.56	-30.56	0.9323900914926275
19.61	-29.41	1.0532967805412108
19.63	-28.22	1.1834260968654897
19.66	-27.03	1.349191659531198
19.68	-25.84	1.306592639570856
19.7	-24.62	1.1620983576063404
19.7	-23.39	1.0294290014375784
19.69	-22.16	0.9968075481777419
19.69	-20.92	1.01835851062555
19.7	-19.7	0.9891137689442351
19.7	-18.47	0.9989874184940462
19.71	-17.25	1.0521345059040836
19.71	-16.02	0.9770130994838668
19.71	-14.78	0.9566472168061733
19.71	-13.55	0.9575892234671741
19.72	-12.32	0.9608206389404037
19.72	-11.09	0.9971846392917261
19.72	-9.86	1.0148120103484723
19.72	-8.63	1.0262415726971703
19.73	-7.4	0.9999603825779513
19.73	-6.16	1.0014341763617276
19.73	-4.93	0.9925221135540063
19.73	-3.7	0.9954994278513807
19.73	-2.47	1.0213726797988922
19.73	-1.23	1.030913958179033
19.73	0.0	1.0289039199055434
19.73	1.23	1.0301024905030616
19.73	2.47	1.0395340159820678
19.73	3.7	1.0506031205574828
19.73	4.93	1.0625038870132872
19.73	6.16	1.0686544831418034
19.73	7.4	1.1045584345185242
19.72	8.63	1.09048832545085
19.72	9.86	1.0404668314170484
19.72	11.09	1.0500750337154798
19.72	12.32	1.057295801936852
19.71	13.55	1.1425187860016317
19.71	14.78	1.1310708076341234
19.71	16.02	1.0903019308897166
19.71	17.25	1.0975276577619795
19.7	18.47	1.0257179898600475
19.7	19.7	1.0228097128675273
19.69	20.92	0.9815923047358588
19.69	22.16	1.0508807751651519
19.7	23.39	1.0270240558851773
19.7	24.62	1.0304269138460587
19.68	25.84	1.2088121743748932
19.66	27.03	1.3107805704072089
19.63	28.22	1.4885938338192553
19.61	29.41	1.342710002054063
19.56	30.56	1.2375673744457307
19.48	31.66	1.0858418401329306
19.32	32.6	1.7797246211291506
20.61	31.52	1.3598832589168524
20.73	30.49	1.0147637669047116
20.8	29.36	1.3258020411639322
20.84	28.2	1.2191089576512955
20.87	27.01	1.5025277035076137
20.89	25.81	1.2311483560502232
20.92	24.61	1.1593446301872126
20.93	23.39	1.027643842880713
20.93	22.16	1.0417576637591264
20.92	20.92	1.0221084279366996
20.92	19.69	0.9902010281171254
20.93	18.47	1.024292676879755
20.93	17.24	1.038183844391142
20.94	16.01	1.0954980359439928
20.94	14.78	1.105416271038834
20.94	13.55	1.1399843440095525
20.94	12.32	1.1646056340392432
20.95	11.09	1.1013192993787468
20.95	9.86	1.0432077809867444
20.95	8.63	1.0332364210019982
20.95	7.4	1.0344636532743277
20.96	6.16	1.0330798824750236
20.96	4.93	1.0779091860319854
20.96	3.7	1.100822840475299
20.96	2.47	1.0764093919299693
20.96	1.23	1.0628932946096885
20.96	-0.0	1.0349862437791195
20.96	-1.23	1.0417043562257486
20.96	-2.47	1.0363980994598379
20.96	-3.7	1.0536113190878442
20.96	-4.93	1.06638958906807
20.96	-6.16	1.0626396419255322
20.95	-7.4	1.0416479920496187
20.95	-8.63	0.9844938078949248
20.95	-9.86	0.9693402979000041
20.95	-11.09	0.9610781277748393
20.94	-12.32	0.968235627603061
20.94	-13.55	0.9854878884492333
20.94	-14.78	0.9868558428157845
20.94	-16.01	0.9912432655876486
20.93	-17.24	0.9821666258510007
20.93	-18.47	1.0027114358482283
20.92	-19.69	1.0204099113210408
20.92	-20.92	0.9993792210932808
20.93	-22.16	1.0389694256453819
20.93	-23.39	1.1531182870011456
20.92	-24.61	1.2793331358380584
20.89	-25.81	1.341949941354022
20.87	-27.01	1.2424242074874385
20.84	-28.2	1.05912801795606
20.8	-29.36	0.9680846230600899
20.73	-30.49	0.959272103103034
20.61	-31.52	1.0104615246657067
21.63	-31.24	1.4832583850472947
21.87	-30.38	0.9434267041103901
21.97	-29.3	0.9627823898168391
22.04	-28.16	0.9921287844300828
22.07	-26.98	1.0797595563704991
22.1	-25.78	1.2773342333146696
22.13	-24.59	1.32988182762519
22.15	-23.38	1.261313059756647
22.16	-22.16	1.1448865138107838
22.16	-20.93	1.0376055297442797
22.16	-19.69	1.0135288217516027
22.15	-18.46	1.0258344715586265
22.16	-17.23	1.0048823024761173
22.16	-16.01	1.0099019446162938
22.17	-14.78	1.0092002628560781
22.17	-13.55	1.0298242170368734
22.18	-12.32	1.0102039282642314
22.18	-11.09	1.0012308348754733
22.18	-9.86	0.961387307866266
22.18	-8.62	0.9468878108444194
22.18	-7.39	0.9511230433866018
22.18	-6.16	0.9523795059427123
22.18	-4.93	0.9651214491071194
22.19	-3.7	0.9713409063550857
22.19	-2.47	0.9875476912209438
22.19	-1.23	0.9732666370454988
22.19	0.0	0.9955300778892724
22.19	1.23	1.0086165582614717
22.19	2.47	1.0041994395178735
22.19	3.7	1.011942185254603
22.18	4.93	0.9997772438753927
22.18	6.16	1.0149517674530415
22.18	7.39	1.0377625792485716
22.18	8.62	1.1099078843952004
22.18	9.86	1.2123498309444747
22.18	11.09	1.1958206764102428
22.18	12.32	1.1105019656986235
22.17	13.55	1.0883240647677557
22.17	14.78	1.0727990282746402
22.16	16.01	1.0281816479173784
22.16	17.23	1.02526789112021
22.15	18.46	1.0091092191214717
22.16	19.69	1.020429052226346
22.16	20.93	1.042110835654868
22.16	22.16	1.0416304925811657
22.15	23.38	1.1525434295361636
22.13	24.59	1.2126164719739352
22.1	25.78	1.4565569152658684
22.07	26.98	1.2726258295452304
22.04	28.16	1.320272963223914
21.97	29.3	1.0750728776938798
21.87	30.38	1.1654049921371703
21.63	31.24	2.5
22.94	30.18	1.6745079211867928
23.12	29.2	1.0779894218388684
23.21	28.1	1.1500045509213113
23.27	26.94	1.3917654985708827
23.31	25.76	1.340519624189172
23.33	24.56	1.4162840351545931
23.36	23.36	1.1708898663000467
23.38	22.15	1.115439803559637
23.39	20.93	1.0347421477803564
23.39	19.7	1.060440436699861
23.39	18.46	1.004144034211162
23.38	17.23	1.0067870273008204
23.39	16.0	1.011076076210644
23.39	14.77	1.0321681455440004
23.4	13.55	1.0676263541744815
23.4	12.32	1.099409059417134
23.41	11.09	1.0856046256494123
23.41	9.86	1.1326970268662997
23.41	8.62	1.2479019783611989
23.41	7.39	1.336327716701824
23.41	6.16	1.3003844819202923
23.41	4.93	1.1765238875593056
23.41	3.7	1.0753454074276476
23.41	2.46	1.0060670055808547
23.41	1.23	0.9971596208752462
23.41	-0.0	1.000614876539232
23.41	-1.23	0.9738841880282578
23.41	-2.46	0.9682076997873548
23.41	-3.7	0.9724183671792961
23.41	-4.93	0.9701685063726506
23.41	-6.16	0.9705671362260269
23.41	-7.39	0.9797669604110713
23.41	-8.62	1.0029055112233376
23.41	-9.86	1.0228103639772907
23.41	-11.09	1.0266630253328346
23.4	-12.32	1.0036044867919616
23.4	-13.55	0.9975241887876845
23.39	-14.77	1.0084394616343388
23.39	-16.0	1.0322210253009043
23.38	-17.23	1.0151825101253422
23.39	-18.46	1.0162200377561952
23.39	-19.7	1.0622076336506456
23.39	-20.93	1.1759640782512735
23.38	-22.15	1.270974901182809
23.36	-23.36	1.3056274387202214
23.33	-24.56	1.270404898409156
23.31	-25.76	1.0930762913020757
23.27	-26.94	1.0502738186180238
23.21	-28.1	0.9812918294529558
23.12	-29.2	0.9693670560852832
22.94	-30.18	1.125769297863533
24.2	-29.04	1.0129585281991513
24.36	-28.01	0.9902582689932977
24.44	-26.89	1.0301760075355766
24.5	-25.72	1.0785013592452541
24.53	-24.53	1.089583997213749
24.56	-23.33	1.2479297063672288
24.59	-22.13	1.299923354328297
24.61	-20.92	1.2719094382742497
24.62	-19.7	1.2069923361997894
24.63	-18.47	1.0899486319570606
24.62	-17.23	1.0350690572522936
24.62	-16.0	1.0109312573366402
24.62	-14.77	1.0374908971564096
24.62	-13.54	1.026456982233702
24.63	-12.31	1.0126567649801395
24.63	-11.08	1.0260871792610846
24.63	-9.85	1.0364004255297266
24.64	-8.62	1.0504948055339325
24.64	-7.39	1.0368617225583403
24.64	-6.16	1.0559974547104023
24.64	-4.93	1.0471438855870456
24.64	-3.7	1.0456761803412995
24.64	-2.46	1.0630343523739132
24.64	-1.23	1.110672421310789
24.64	0.0	1.2105602555652606
24.64	1.23	1.2937236492551207
24.64	2.46	1.337496794167146
24.64	3.7	1.3548640322306449
24.64	4.93	1.3085007826367612
24.64	6.16	1.2202018571309736
24.64	7.39	1.1393147870010791
24.64	8.62	1.0832526352991776
24.63	9.85	1.0760940114020547
24.63	11.08	1.0527587189495904
24.63	12.31	1.0215977180498736
24.62	13.54	1.035036936554528
24.62	14.77	1.0376263287972698
24.62	16.0	1.009059518512725
24.62	17.23	0.9899008318599458
24.63	18.47	1.0427243567413296
24.62	19.7	1.0772342175101084
24.61	20.92	1.128951598926272
24.59	22.13	1.1609645426894364
24.56	23.33	1.3926154436721738
24.53	24.53	1.3722344551845804
24.5	25.72	1.3333042385268845
24.44	26.89	1.1596916445290244
24.36	28.01	1.025624562405664
24.2	29.04	1.441602050126635
25.43	27.86	1.3182524186626008
25.59	26.8	1.0016536912017067
25.67	25.67	1.2025108664372963
25.72	24.5	1.3319148559259464
25.76	23.31	1.3722491744736276
25.78	22.1	1.3754113327833162
25.81	20.89	1.149778541868117
25.84	19.68	1.0948687325258
25.85	18.47	1.0592759215894851
25.86	17.24	1.0604131016155218
25.85	16.01	1.0133828018089606
25.85	14.77	1.0338004639992304
25.85	13.54	1.0298613855669503
25.85	12.31	1.0145311390705842
25.85	11.08	1.014591851300085
25.85	9.85	1.0285533493502506
25.86	8.62	1.0538008030840391
25.86	7.39	1.054107166218495
25.87	6.16	1.0563379421967598
25.87	4.93	1.0721418573959474
25.87	3.7	1.0636343422826524
25.87	2.46	1.0951281524300498
25.87	1.23	1.094172865429785
25.87	-0.0	1.1046079473857606
25.87	-1.23	1.0747437031511433
25.87	-2.46	1.0740996785206196
25.87	-3.7	1.044304919813074
25.87	-4.93	1.0457768971809482
25.87	-6.16	1.0197183344409133
25.86	-7.39	1.0163547516852205
25.86	-8.62	1.02093705385934
25.85	-9.85	1.0432877396797515
25.85	-11.08	1.0710825902769532
25.85	-12.31	1.0426242153924195
25.85	-13.54	1.0194820106306581
25.85	-14.77	1.0267462809913592
25.85	-16.01	1.060457276992322
25.86	-17.24	1.1458264202282766
25.85	-18.47	1.218741941955809
25.84	-19.68	1.276180925396499
25.81	-20.89	1.3107131792523123
25.78	-22.1	1.2382432412851605
25.76	-23.31	1.1056716439860148
25.72	-24.5	1.0869935798239725
25.67	-25.67	1.0593271586517838
25.59	-26.8	1.0115520773113484
25.43	-27.86	0.9797655731370227
26.65	-26.65	1.004734017998068
26.8	-25.59	1.0218308709893522
26.89	-24.44	1.0345599333734992
26.94	-23.27	1.0808371198929168
26.98	-22.07	1.1050300811534726
27.01	-20.87	1.2110045801302842
27.03	-19.66	1.3277271598369769
27.06	-18.45	1.2682300340048158
27.08	-17.23	1.2297007632392667
27.09	-16.01	1.1792947681056498
27.09	-14.78	1.1023319548212864
27.08	-13.54	1.048822101301453
27.08	-12.31	1.0323642868465086
27.08	-11.08	1.028416951852674
27.08	-9.85	1.0157886429284444
27.08	-8.62	1.0211369908329804
27.08	-7.39	1.0814547233036365
27.08	-6.16	1.0612981814292723
27.09	-4.93	1.0346831125700326
27.09	-3.69	1.0311216681467252
27.09	-2.46	1.0377963501421847
27.09	-1.23	1.0305801606700253
27.09	0.0	1.0350226699357545
27.09	1.23	1.0263977074346187
27.09	2.46	1.0284471321488322
27.09	3.69	1.022370393309135
27.09	4.93	1.0396351167978946
27.08	6.16	1.0213832898388926
27.08	7.39	1.032210990663602
27.08	8.62	1.0004940049221078
27.08	9.85	1.0362048785715858
27.08	11.08	1.0195204668865205
27.08	12.31	1.0172227881900948
27.08	13.54	1.0349266754225672
27.09	14.78	1.0336753990833039
27.09	16.01	1.0784785104548957
27.08	17.23	1.0800782613259408
27.06	18.45	1.086592259315477
27.03	19.66	1.1844301187966488
27.01	20.87	1.3958853784661196
26.98	22.07	1.2988675209063292
26.94	23.27	1.3919675459405596
26.89	24.44	1.2616878166195091
26.8	25.59	0.9982989697559432
26.65	26.65	1.248079373415532
27.86	25.43	1.2682191942132999
28.01	24.36	1.0179864390299205
28.1	23.21	1.2027338362702071
28.16	22.04	1.5299624922731683
28.2	20.84	1.2274270426253153
28.22	19.63	1.4030066783796702
28.25	18.42	1.2356927104486504
28.27	17.21	1.0974908892192916
28.3	15.99	1.0645068819748982
28.31	14.77	1.0702615693450914
28.32	13.54	1.0832527943199057
28.32	12.31	1.0318896625251037
28.32	11.08	1.027939691768598
28.31	9.85	1.0424615297592164
28.31	8.62	1.023412401703176
28.31	7.38	1.0294948955567351
28.31	6.15	1.0169578219362032
28.31	4.92	1.019156690795418
28.31	3.69	0.9885443658109221
28.31	2.46	1.0066087323572326
28.31	1.23	0.9957101750346595
28.31	-0.0	1.0028861170726433
28.31	-1.23	1.0181283518001276
28.31	-2.46	0.9916737492743444
28.31	-3.69	0.9963247226193817
28.31	-4.92	1.0040063400044392
28.31	-6.15	0.994573509990337
28.31	-7.38	1.016107112243354
28.31	-8.62	1.0116891603472098
28.31	-9.85	1.0339531910840192
28.32	-11.08	1.0480963632465734
28.32	-12.31	1.0908096080372598
28.32	-13.54	1.1569593809356151
28.31	-14.77	1.1901077168609326
28.3	-15.99	1.214880894602226
28.27	-17.21	1.2315337682611158
28.25	-18.42	1.2163173403557028
28.22	-19.63	1.1430424263124532
28.2	-20.84	1.132559108006303
28.16	-22.04	1.0935820206565037
28.1	-23.21	1.0682814335423432
28.01	-24.36	1.031767199438585
27.86	-25.43	0.9875664017104748
29.04	-24.2	1.0024451546391866
29.2	-23.12	1.0255191116987419
29.3	-21.97	1.1069338393735864
29.36	-20.8	1.1150548386894732
29.41	-19.61	1.1421011958209633
29.44	-18.4	1.1282867158338172
29.46	-17.19	1.1478805540193582
29.48	-15.97	1.1897251163133795
29.51	-14.75	1.1833290641843526
29.53	-13.53	1.1978373266654234
29.54	-12.31	1.1411050856906666
29.55	-11.08	1.1348956064408098
29.55	-9.85	1.1115111042075512
29.55	-8.62	1.081760586589401
29.55	-7.39	1.0486250575656175
29.55	-6.16	1.0311218874131702
29.54	-4.92	1.0169034060991073
29.54	-3.69	1.0114875118963234
29.54	-2.46	1.0180008292349951
29.54	-1.23	1.0280704135560867
29.54	0.0	1.0062258950457217
29.54	1.23	1.0070357875034102
29.54	2.46	1.016996457882331
29.54	3.69	1.0314314671304476
29.54	4.92	1.037136073913933
29.55	6.16	1.0525901361018004
29.55	7.39	1.0441393665513976
29.55	8.62	1.0386679375366805
29.55	9.85	1.0196954587780844
29.55	11.08	1.0887567346746527
29.54	12.31	1.0634744139588523
29.53	13.53	1.0347465848962027
29.51	14.75	1.063173691103434
29.48	15.97	1.1396799090129903
29.46	17.19	1.2752918519622538
29.44	18.4	1.3239152578202509
29.41	19.61	1.2926980644159292
29.36	20.8	1.5996633410260097
29.3	21.97	1.1275173900835824
29.2	23.12	1.0597800403448696
29.04	24.2	1.3250771584678596
30.18	22.94	1.374200735759068
30.38	21.87	1.086235461870011
30.49	20.73	1.0555110733170672
30.56	19.56	1.426234190347662
30.61	18.37	1.5203211405963355
30.65	17.16	1.2276669263957496
30.67	15.95	1.3056758421782932
30.69	14.73	1.2116472615953917
30.71	13.51	1.1167451185450696
30.73	12.29	1.0441726043752126
30.75	11.07	1.0172584421695596
30.76	9.84	1.0578444619506353
30.77	8.62	1.0793644288673683
30.78	7.39	1.0691395313158196
30.78	6.16	1.0426195250506778
30.78	4.93	1.017796662545165
30.78	3.69	1.068563787383491
30.78	2.46	1.0589322881375551
30.78	1.23	1.042179168581459
30.78	-0.0	1.04351408958005
30.78	-1.23	1.042299216763233
30.78	-2.46	1.0552551456951775
30.78	-3.69	1.0645656408185804
30.78	-4.93	1.0598873496620609
30.78	-6.16	1.0739971107451671
30.78	-7.39	1.1059070192737677
30.77	-8.62	1.1311751979413076
30.76	-9.84	1.1454293820983832
30.75	-11.07	1.1392608303497216
30.73	-12.29	1.1420495561445367
30.71	-13.51	1.1371182192921108
30.69	-14.73	1.0912596144489495
30.67	-15.95	1.1291378062375559
30.65	-17.16	1.1292642300618452
30.61	-18.37	1.1195990685129953
30.56	-19.56	1.1124843777282747
30.49	-20.73	1.1070373385842807
30.38	-21.87	1.0490766694128384
30.18	-22.94	1.0529911213154612
31.24	-21.63	1.0783628742232443
31.52	-20.61	1.0456180310993801
31.66	-19.48	1.064739416853664
31.74	-18.31	1.1317963516762042
31.8	-17.12	1.1173504675381114
31.84	-15.92	1.1384456204225266
31.87	-14.71	1.175092482784339
31.9	-13.49	1.1364724801272876
31.91	-12.27	1.0766278938519225
31.93	-11.05	1.0810527110224708
31.95	-9.83	1.0898192248635148
31.96	-8.6	1.0747371410395923
31.97	-7.38	1.0781911746177517
31.98	-6.15	1.1137454761591066
31.99	-4.92	1.1455553745496196
32.0	-3.69	1.1281953610046944
32.0	-2.46	1.1145813416457102
32.0	-1.23	1.0715922227330266
32.0	0.0	1.1407304902020794
32.0	1.23	1.073547576871876
32.0	2.46	1.0878719401360213
32.0	3.69	1.0626683057789243
31.99	4.92	1.0448918764661226
31.98	6.15	1.0441907176175675
31.97	7.38	1.0128578118464446
31.96	8.6	0.9994851138905725
31.95	9.83	1.0438647895010824
31.93	11.05	1.1142111136878334
31.91	12.27	1.1911317602818325
31.9	13.49	1.2662094507485175
31.87	14.71	1.2283690976633066
31.84	15.92	1.4770013503837127
31.8	17.12	1.6583568019129755
31.74	18.31	1.2101406281481069
31.66	19.48	1.0417718349583884
31.52	20.61	1.2025477119397205
31.24	21.63	1.8473855130142214
32.6	19.32	1.386610151314719
32.78	18.21	1.102016923657878
32.9	17.06	1.0533522909283324
32.97	15.87	1.2706306548091737
33.02	14.67	1.6459815790802406
33.06	13.47	1.4844804465920731
33.09	12.25	1.238250945615337
33.11	11.04	1.2249438477977819
33.13	9.82	1.194910696050707
33.14	8.59	1.1278024584233055
33.15	7.37	1.1213589126694323
33.16	6.14	1.048322582582859
33.17	4.91	1.0315061920202897
33.18	3.69	1.0096630637854274
33.18	2.46	0.9908374733963567
33.18	1.23	0.9986074205077236
33.19	-0.0	1.000942288751121
33.18	-1.23	1.0153570526981968
33.18	-2.46	1.0097909525079576
33.18	-3.69	1.0187662172554468
33.17	-4.91	1.0212298795692298
33.16	-6.14	1.031496032139093
33.15	-7.37	1.0420033249801408
33.14	-8.59	1.072146341999792
33.13	-9.82	1.120208840383845
33.11	-11.04	1.1661739314770072
33.09	-12.25	1.1435220102408072
33.06	-13.47	1.0977848724250432
33.02	-14.67	1.132471063390331
32.97	-15.87	1.1663812671231923
32.9	-17.06	1.1228524873138221
32.78	-18.21	1.066589916624789
32.6	-19.32	1.0660120859825444
33.85	-16.92	1.116038542634202
34.0	-15.79	1.0726325769115128
34.1	-14.62	1.128030521344618
34.17	-13.42	1.2022464222975282
34.22	-12.22	1.1533795855455349
34.26	-11.01	1.1376764555796264
34.29	-9.8	1.0989897894008784
34.31	-8.58	1.1415377855212991
34.33	-7.36	1.138295990376026
34.34	-6.13	1.136399384306376
34.35	-4.91	1.1028781241386145
34.35	-3.68	1.0811572761022523
34.36	-2.45	1.073745280800516
34.36	-1.23	1.0928445882589743
34.36	0.0	1.0738227554472388
34.36	1.23	1.0878998546940988
34.36	2.45	1.0997605640570276
34.35	3.68	1.1028395411755056
34.35	4.91	1.143206585978385
34.34	6.13	1.1833751276865758
34.33	7.36	1.1603210647691302
34.31	8.58	1.1954122731944983
34.29	9.8	1.3776890660064547
34.26	11.01	1.6227115651282054
34.22	12.22	1.6104873031738753
34.17	13.42	1.2278052173358311
34.1	14.62	1.084899410312854
34.0	15.79	1.1171723124407738
33.85	16.92	1.3344233907299898
35.02	14.49	1.3817176408163103
35.17	13.34	1.2037972227229297
35.27	12.16	1.1092586758623248
35.34	10.97	1.1201238544889067
35.39	9.76	1.2982055994229444
35.43	8.55	1.5939314805893332
35.46	7.34	1.6165536131209528
35.48	6.12	1.5264418610085357
35.49	4.9	1.3691209335802839
35.51	3.67	1.2422180987503761
35.52	2.45	1.1667532609334703
35.52	1.22	1.145652825813257
35.52	-0.0	1.1300720454616595
35.52	-1.22	1.1127556960057934
35.52	-2.45	1.1123952853076213
35.51	-3.67	1.1094465936489915
35.49	-4.9	1.1298149422878092
35.48	-6.12	1.1557060084718653
35.46	-7.34	1.1809944368218348
35.43	-8.55	1.2366046020070005
35.39	-9.76	1.2466018628995998
35.34	-10.97	1.193604563918563
35.27	-12.16	1.1367333072410393
35.17	-13.34	1.1606995988352136
35.02	-14.49	1.2254016073679281
36.05	-12.02	1.4312929913883643
36.26	-10.88	1.341725752181513
36.37	-9.7	1.251282988826393
36.45	-8.51	1.205133606988075
36.51	-7.3	1.1876376903228172
36.55	-6.09	1.2554941145198475
36.58	-4.88	1.2684996284471728
36.6	-3.66	1.3343601926335396
36.61	-2.44	1.3486899907419945
36.62	-1.22	1.424778157918471
36.62	0.0	1.449515289514176
36.62	1.22	1.4617445867382841
36.61	2.44	1.4230057453015919
36.6	3.66	1.3613746698937534
36.58	4.88	1.247323087725544
36.55	6.09	1.1825699966508987
36.51	7.3	1.1551239298271145
36.45	8.51	1.1665867312698062
36.37	9.7	1.2398448101935555
36.26	10.88	1.3789486946849436
36.05	12.02	1.6184661821135036
37.3	7.22	1.5596408984355783
37.42	6.04	1.4567133418396496
37.5	4.84	1.395638978245799
37.55	3.63	1.356947505000079
37.58	2.42	1.3279158086587897
37.6	1.21	1.3329675478798455
37.6	-0.0	1.3572624767524255
37.6	-1.21	1.3567598082775625
37.58	-2.42	1.3844387967772054
37.55	-3.63	1.4300998395865383
37.5	-4.84	1.4860084965587497
37.42	-6.04	1.5204336018431448
37.3	-7.22	1.5360872841042887
