-37.3	-7.22	1.4840828501784307
-37.42	-6.04	1.4865267424913986
-37.5	-4.84	1.4677475296735363
-37.55	-3.63	1.4626115787774285
-37.58	-2.42	1.4087741521057815
-37.6	-1.21	1.4169442384817863
-37.6	0.0	1.4108375394967556
-37.6	1.21	1.398928050530337
-37.58	2.42	1.4247687245674978
-37.55	3.63	1.4563955370807236
-37.5	4.84	1.5104306344890972
-37.42	6.04	1.5832604813572893
-37.3	7.22	1.736997099730604
-36.05	12.02	1.8524939082017697
-36.26	10.88	1.5687084007072905
-36.37	9.7	1.3490023361632346
-36.45	8.51	1.2700647470834454
-36.51	7.3	1.2503859230074132
-36.55	6.09	1.2756289197408899
-36.58	4.88	1.3709105629236955
-36.6	3.66	1.4666249678777294
-36.61	2.44	1.4926899700745588
-36.62	1.22	1.490580118922752
-36.62	-0.0	1.459105600023701
-36.62	-1.22	1.4217451093048687
-36.61	-2.44	1.3914282079571265
-36.6	-3.66	1.3742994921864664
-36.58	-4.88	1.3126871162096752
-36.55	-6.09	1.26772092219713
-36.51	-7.3	1.2131029499437727
-36.45	-8.51	1.211449740636227
-36.37	-9.7	1.269275871595081
-36.26	-10.88	1.343642198944801
-36.05	-12.02	1.4142079836552623
-35.02	-14.49	1.2420196273031863
-35.17	-13.34	1.125328857748789
-35.27	-12.16	1.101969623887065
-35.34	-10.97	1.1710776347011684
-35.39	-9.76	1.2450504658203183
-35.43	-8.55	1.2929107604187928
-35.46	-7.34	1.2609188237767732
-35.48	-6.12	1.2354621150750393
-35.49	-4.9	1.2050435018627503
-35.51	-3.67	1.157555759153846
-35.52	-2.45	1.1280740711710147
-35.52	-1.22	1.1326762173902605
-35.52	0.0	1.143000135517119
-35.52	1.22	1.1474230229528395
-35.52	2.45	1.1926562195689456
-35.51	3.67	1.2603574824488364
-35.49	4.9	1.3840837638487873
-35.48	6.12	1.5520664953596768
-35.46	7.34	1.696277491981391
-35.43	8.55	1.73728070532486
-35.39	9.76	1.4966819835142644
-35.34	10.97	1.252808801110512
-35.27	12.16	1.191140515715321
-35.17	13.34	1.3104344689939218
-35.02	14.49	1.5916365835502022
-33.85	16.92	1.4822880258128528
-34.0	15.79	1.2079882690366066
-34.1	14.62	1.1780042068986782
-34.17	13.42	1.409873961440593
-34.22	12.22	1.830879922781456
-34.26	11.01	1.752262217701702
-34.29	9.8	1.4313547371117794
-34.31	8.58	1.2436182470186354
-34.33	7.36	1.2535865961532222
-34.34	6.13	1.175667443452011
-34.35	4.91	1.1464402658580974
-34.35	3.68	1.1409066241919081
-34.36	2.45	1.1335820371332925
-34.36	1.23	1.1167142544645747
-34.36	-0.0	1.1092873995102703
-34.36	-1.23	1.1125690612370853
-34.36	-2.45	1.1072067392248996
-34.35	-3.68	1.1260770643275029
-34.35	-4.91	1.14381742595336
-34.34	-6.13	1.153500248447589
-34.33	-7.36	1.1739602517349983
-34.31	-8.58	1.1373861466183826
-34.29	-9.8	1.1146981024195348
-34.26	-11.01	1.1651964135390767
-34.22	-12.22	1.2093056541200315
-34.17	-13.42	1.19846417081357
-34.1	-14.62	1.0873013996009684
-34.0	-15.79	1.0248987626839767
-33.85	-16.92	1.0846088747032576
-32.6	-19.32	1.0533942760828099
-32.78	-18.21	1.0005513277798332
-32.9	-17.06	1.0625527946377353
-32.97	-15.87	1.139440287822052
-33.02	-14.67	1.114583438956453
-33.06	-13.47	1.0954527123873135
-33.09	-12.25	1.1477781375254938
-33.11	-11.04	1.1846612828267213
-33.13	-9.82	1.1474500785904693
-33.14	-8.59	1.059381680402165
-33.15	-7.37	1.023137722279074
-33.16	-6.14	1.029971486197903
-33.17	-4.91	1.0162912652015121
-33.18	-3.69	1.0129490758226458
-33.18	-2.46	1.0086165400364386
-33.18	-1.23	1.0302908998781835
-33.19	0.0	1.0151184726885552
-33.18	1.23	1.066880517936104
-33.18	2.46	1.0532393067030066
-33.18	3.69	1.0400130414404218
-33.17	4.91	1.051722940432204
-33.16	6.14	1.0974755488849652
-33.15	7.37	1.147910526704937
-33.14	8.59	1.1863025397984295
-33.13	9.82	1.1899155248422586
-33.11	11.04	1.2924434176571653
-33.09	12.25	1.3030292286911909
-33.06	13.47	1.5351439127652222
-33.02	14.67	1.875176807689245
-32.97	15.87	1.5113687170555492
-32.9	17.06	1.1644073487146125
-32.78	18.21	1.2037828906420112
-32.6	19.32	1.5590158678692578
-31.24	21.63	2.08727845266573
-31.52	20.61	1.2713877348903413
-31.66	19.48	1.142622678517223
-31.74	18.31	1.3945868998659403
-31.8	17.12	1.7574230652365888
-31.84	15.92	1.4550380717482216
-31.87	14.71	1.3437269491844912
-31.9	13.49	1.2509161736441952
-31.91	12.27	1.2123273295950243
-31.93	11.05	1.1978071766013532
-31.95	9.83	1.112800949820504
-31.96	8.6	1.0748733244317021
-31.97	7.38	1.0683848155703757
-31.98	6.15	1.0040013969240231
-31.99	4.92	0.9746685974244818
-32.0	3.69	0.9788511592333213
-32.0	2.46	0.963337281676317
-32.0	1.23	0.9790837360169471
-32.0	-0.0	0.9831637016931118
-32.0	-1.23	0.9869324285348906
-32.0	-2.46	0.9818880720285339
-32.0	-3.69	1.0004237215346725
-31.99	-4.92	1.0006774934503193
-31.98	-6.15	1.0318760674633607
-31.97	-7.38	1.039733038870133
-31.96	-8.6	1.0705153270654355
-31.95	-9.83	1.062126176983023
-31.93	-11.05	1.0579345009937944
-31.91	-12.27	1.0777100652389073
-31.9	-13.49	1.1434155887233741
-31.87	-14.71	1.1679018167732007
-31.84	-15.92	1.09241407588061
-31.8	-17.12	1.0897175576942653
-31.74	-18.31	1.0973431949568742
-31.66	-19.48	1.0239772515999448
-31.52	-20.61	0.9646566809695036
-31.24	-21.63	1.0809238175298796
-30.18	-22.94	1.00226663405242
-30.38	-21.87	0.9517604104280286
-30.49	-20.73	1.049842332154749
-30.56	-19.56	1.0712197171658655
-30.61	-18.37	1.0470261065082545
-30.65	-17.16	1.1335936595916145
-30.67	-15.95	1.0987312358994767
-30.69	-14.73	1.0850444725633874
-30.71	-13.51	1.0901616652833912
-30.73	-12.29	1.088339295536949
-30.75	-11.07	1.0744967754938681
-30.76	-9.84	1.0678595003400373
-30.77	-8.62	1.0580296526955077
-30.78	-7.39	1.0658070787701392
-30.78	-6.16	1.0759036375263449
-30.78	-4.93	1.063539069760802
-30.78	-3.69	1.0673699468623896
-30.78	-2.46	1.0417284258949522
-30.78	-1.23	1.0346129278186282
-30.78	0.0	1.0378394451307056
-30.78	1.23	1.0260633791083116
-30.78	2.46	1.054645419185034
-30.78	3.69	1.0572714007144057
-30.78	4.93	1.0369957941093766
-30.78	6.16	1.0166645653501574
-30.78	7.39	0.9941700332976033
-30.77	8.62	0.9804401297356078
-30.76	9.84	1.0203210759223413
-30.75	11.07	1.114634798406426
-30.73	12.29	1.1193142824342148
-30.71	13.51	1.1827622649566125
-30.69	14.73	1.2854232198583517
-30.67	15.95	1.3190170852315672
-30.65	17.16	1.3704160789697637
-30.61	18.37	1.6079651521628797
-30.56	19.56	1.6418011204104594
-30.49	20.73	1.1364576987438157
-30.38	21.87	1.1762725073163773
-30.18	22.94	1.6334888615023857
-29.04	24.2	1.4496424743276348
-29.2	23.12	1.1158273234249707
-29.3	21.97	1.227459505588584
-29.36	20.8	1.6538165143373984
-29.41	19.61	1.34560661977602
-29.44	18.4	1.4514414305432126
-29.46	17.19	1.3567611842651708
-29.48	15.97	1.2287505045626146
-29.51	14.75	1.1511822294512903
-29.53	13.53	1.0797984673342667
-29.54	12.31	1.0111441946163957
-29.55	11.08	1.003822455729937
-29.55	9.85	1.0235081738406056
-29.55	8.62	1.0501163378418301
-29.55	7.39	1.0496753703878987
-29.55	6.16	0.9995328979206946
-29.54	4.92	0.9974915011049585
-29.54	3.69	0.9866050457272841
-29.54	2.46	0.9763431311079707
-29.54	1.23	1.0047463092434032
-29.54	-0.0	0.9857015433287186
-29.54	-1.23	0.9913841778617272
-29.54	-2.46	0.9901121323181652
-29.54	-3.69	0.9933721285943715
-29.54	-4.92	0.9967031465677341
-29.55	-6.16	1.0187325476661782
-29.55	-7.39	1.04011101144188
-29.55	-8.62	1.076341062365377
-29.55	-9.85	1.1110033905585057
-29.55	-11.08	1.112086665393365
-29.54	-12.31	1.1086385597948407
-29.53	-13.53	1.1130354679639076
-29.51	-14.75	1.1093402236972008
-29.48	-15.97	1.1271194725115796
-29.46	-17.19	1.0882880930192567
-29.44	-18.4	1.1207593912164757
-29.41	-19.61	1.0877164816224925
-29.36	-20.8	1.0485771373268884
-29.3	-21.97	1.0397184762888658
-29.2	-23.12	0.9796202079795417
-29.04	-24.2	0.9658478212018533
-27.86	-25.43	0.9418735028850111
-28.01	-24.36	0.9861827688517479
-28.1	-23.21	1.039345394392452
-28.16	-22.04	1.0409554017505886
-28.2	-20.84	1.0757537714106444
-28.22	-19.63	1.090172690653759
-28.25	-18.42	1.1595157103005702
-28.27	-17.21	1.1659578254745036
-28.3	-15.99	1.1374962541898466
-28.31	-14.77	1.1422850071452473
-28.32	-13.54	1.134564801719434
-28.32	-12.31	1.1028885905462529
-28.32	-11.08	1.0583667097339324
-28.31	-9.85	1.0298727918048103
-28.31	-8.62	0.993546144851086
-28.31	-7.38	0.9880795608791146
-28.31	-6.15	0.978841362536472
-28.31	-4.92	0.9839486470833485
-28.31	-3.69	1.0031572514350273
-28.31	-2.46	0.986994279772679
-28.31	-1.23	0.9992431596854621
-28.31	0.0	0.991497997117107
-28.31	1.23	1.0044517598500837
-28.31	2.46	1.0055661681033339
-28.31	3.69	1.0094586862333834
-28.31	4.92	0.9934719167733173
-28.31	6.15	0.9955830418225613
-28.31	7.38	0.9903583879280253
-28.31	8.62	1.0114905841543536
-28.31	9.85	0.984027827620019
-28.32	11.08	1.0432618459026184
-28.32	12.31	1.0298722362858683
-28.32	13.54	0.9964462745250993
-28.31	14.77	1.0329600618291668
-28.3	15.99	1.141634671797628
-28.27	17.21	1.1867535205253033
-28.25	18.42	1.3363710955070287
-28.22	19.63	1.4356161488733674
-28.2	20.84	1.3155631405404886
-28.16	22.04	1.7072534700355515
-28.1	23.21	1.442109512616348
-28.01	24.36	1.119114063378115
-27.86	25.43	1.3684169436004954
-26.65	26.65	1.3738954353491062
-26.8	25.59	1.1164225962477312
-26.89	24.44	1.4951120617815334
-26.94	23.27	1.5092325334492598
-26.98	22.07	1.5027878941198995
-27.01	20.87	1.4579794821276026
-27.03	19.66	1.2845430106011442
-27.06	18.45	1.18291943149592
-27.08	17.23	1.0852986195506116
-27.09	16.01	1.0201678783898434
-27.09	14.78	1.057061004851521
-27.08	13.54	1.0067197062232296
-27.08	12.31	0.978361296193567
-27.08	11.08	0.9858739080432155
-27.08	9.85	1.013929331977371
-27.08	8.62	0.981563448701932
-27.08	7.39	1.0259186341003703
-27.08	6.16	1.027774182017895
-27.09	4.93	1.0190496889587664
-27.09	3.69	1.02158735811516
-27.09	2.46	1.035657752635113
-27.09	1.23	1.0391959929278807
-27.09	-0.0	1.018148032802868
-27.09	-1.23	1.0254209606884004
-27.09	-2.46	1.0096307728843126
-27.09	-3.69	1.0209297011739116
-27.09	-4.93	1.0352281431032928
-27.08	-6.16	1.0957674143998126
-27.08	-7.39	1.0440728260060794
-27.08	-8.62	1.0144402576202278
-27.08	-9.85	1.0088452206241216
-27.08	-11.08	1.0021757696813127
-27.08	-12.31	0.9893023131219323
-27.08	-13.54	1.0526396445817356
-27.09	-14.78	1.1183661613257154
-27.09	-16.01	1.153952302882221
-27.08	-17.23	1.1770956139136635
-27.06	-18.45	1.179534515917581
-27.03	-19.66	1.2033247339765722
-27.01	-20.87	1.1183745813419064
-26.98	-22.07	1.0711040420561213
-26.94	-23.27	1.0618061019213538
-26.89	-24.44	0.9922036216793124
-26.8	-25.59	0.9558257471192757
-26.65	-26.65	0.9519679517587907
-25.43	-27.86	0.9608506750388823
-25.59	-26.8	0.9467971806377271
-25.67	-25.67	0.9933425242640306
-25.72	-24.5	1.0099961629801237
-25.76	-23.31	1.0578038039501445
-25.78	-22.1	1.1551063734237657
-25.81	-20.89	1.2244833848786278
-25.84	-19.68	1.2183691237351457
-25.85	-18.47	1.2059063539143189
-25.86	-17.24	1.1488817081418201
-25.85	-16.01	1.0583858593874176
-25.85	-14.77	1.0006751219089374
-25.85	-13.54	0.999995453829694
-25.85	-12.31	1.0244856368112174
-25.85	-11.08	1.0427377421406625
-25.85	-9.85	1.0557451618791944
-25.86	-8.62	1.0339851987537285
-25.86	-7.39	1.031254619468136
-25.87	-6.16	1.021448578847882
-25.87	-4.93	1.018545245667025
-25.87	-3.7	1.0352431287957948
-25.87	-2.46	1.0591418891081563
-25.87	-1.23	1.071452759434547
-25.87	0.0	1.0937758458870261
-25.87	1.23	1.121171625518583
-25.87	2.46	1.1362925483296236
-25.87	3.7	1.1068364092765641
-25.87	4.93	1.0534997137648645
-25.87	6.16	1.0534903904172221
-25.86	7.39	1.055458243553252
-25.86	8.62	1.0263385751896141
-25.85	9.85	1.0316596808903613
-25.85	11.08	1.0112046751364492
-25.85	12.31	1.0001314319368468
-25.85	13.54	0.9915949659778986
-25.85	14.77	0.9738025908793997
-25.85	16.01	1.0695238560160778
-25.86	17.24	1.0431736269513747
-25.85	18.47	1.0411218264173048
-25.84	19.68	1.2022792527058357
-25.81	20.89	1.2588388486158024
-25.78	22.1	1.4774970120688717
-25.76	23.31	1.566396223094669
-25.72	24.5	1.4182525604765193
-25.67	25.67	1.4674680929888408
-25.59	26.8	1.1229278624214754
-25.43	27.86	1.3986184208464003
-24.2	29.04	1.5258865226166645
-24.36	28.01	1.0971933544187795
-24.44	26.89	1.4671611912741191
-24.5	25.72	1.4715595006548359
-24.53	24.53	1.5696413824155355
-24.56	23.33	1.4616119827210161
-24.59	22.13	1.2764783159219402
-24.61	20.92	1.185309560294316
-24.62	19.7	1.0193071233838467
-24.63	18.47	1.0646703950563818
-24.62	17.23	0.9724352318648686
-24.62	16.0	0.9675409298725892
-24.62	14.77	0.9724650945979816
-24.62	13.54	1.0094444291026692
-24.63	12.31	1.0244645539375519
-24.63	11.08	1.0223069059790824
-24.63	9.85	1.076292311226947
-24.64	8.62	1.0982583139626882
-24.64	7.39	1.268528366148872
-24.64	6.16	1.3659291693439801
-24.64	4.93	1.3296827734892913
-24.64	3.7	1.2418547683052683
-24.64	2.46	1.1361472754402957
-24.64	1.23	1.053195770336921
-24.64	-0.0	0.9879027041163706
-24.64	-1.23	0.9857453351920249
-24.64	-2.46	0.9796445677155132
-24.64	-3.7	0.96821338567581
-24.64	-4.93	0.9901544456820464
-24.64	-6.16	0.9861203206310982
-24.64	-7.39	1.021547413308478
-24.64	-8.62	1.0492652477993154
-24.63	-9.85	0.9977981240897291
-24.63	-11.08	0.9997542297486124
-24.63	-12.31	0.9959049771562709
-24.62	-13.54	1.004437810849005
-24.62	-14.77	0.9921378766957893
-24.62	-16.0	0.9960928675968095
-24.62	-17.23	0.9949196500905879
-24.63	-18.47	1.103495797862104
-24.62	-19.7	1.2025552219756612
-24.61	-20.92	1.2209917365190668
-24.59	-22.13	1.2456706654173546
-24.56	-23.33	1.1939329324918013
-24.53	-24.53	1.0222948853280585
-24.5	-25.72	0.9918671162189145
-24.44	-26.89	0.9502495331316227
-24.36	-28.01	0.9273125636117987
-24.2	-29.04	1.0272321041375214
-22.94	-30.18	1.2405973836463238
-23.12	-29.2	0.9289739743100842
-23.21	-28.1	0.9560704706761776
-23.27	-26.94	0.9933837131928893
-23.31	-25.76	1.0124765849749116
-23.33	-24.56	1.17805449154225
-23.36	-23.36	1.2457842856205037
-23.38	-22.15	1.2450470814962493
-23.39	-20.93	1.198972336375686
-23.39	-19.7	1.0550085370088826
-23.39	-18.46	0.9964567203087427
-23.38	-17.23	0.9845763020521536
-23.39	-16.0	0.9972262035590251
-23.39	-14.77	0.9776098812817136
-23.4	-13.55	0.9758478968850772
-23.4	-12.32	0.9989824148931614
-23.41	-11.09	0.9991832437218768
-23.41	-9.86	0.9571491795357794
-23.41	-8.62	0.9456355491063082
-23.41	-7.39	0.9326059568380973
-23.41	-6.16	0.9233790938669557
-23.41	-4.93	0.9181765193438647
-23.41	-3.7	0.9154712770699591
-23.41	-2.46	0.9281368768297602
-23.41	-1.23	0.9217856531329716
-23.41	0.0	0.9379176591782699
-23.41	1.23	0.9283420182124154
-23.41	2.46	0.9565181637683695
-23.41	3.7	0.9663428120842781
-23.41	4.93	0.9715346746675371
-23.41	6.16	1.070113359857931
-23.41	7.39	1.2216130432149015
-23.41	8.62	1.321840202720975
-23.41	9.86	1.2518691444411925
-23.41	11.09	1.087355223320503
-23.4	12.32	1.058737210260004
-23.4	13.55	1.0149894485499287
-23.39	14.77	0.9884173990573082
-23.39	16.0	0.9779001954976714
-23.38	17.23	0.9859850770153074
-23.39	18.46	0.9664153542339848
-23.39	19.7	1.0849236118256957
-23.39	20.93	1.0266116929328977
-23.38	22.15	1.1850842805304627
-23.36	23.36	1.2826867377862383
-23.33	24.56	1.4861422068687569
-23.31	25.76	1.5023910100427305
-23.27	26.94	1.5565481020691507
-23.21	28.1	1.322227234787202
-23.12	29.2	1.116243369151154
-22.94	30.18	1.829726080233744
-21.63	31.24	2.1903049668950914
-21.87	30.38	1.2115403616650582
-21.97	29.3	1.1579930325343577
-22.04	28.16	1.2998140839373482
-22.07	26.98	1.4259002307874358
-22.1	25.78	1.5354658673670212
-22.13	24.59	1.3088361723613762
-22.15	23.38	1.2244689897703056
-22.16	22.16	1.0221716898488538
-22.16	20.93	1.0345733030523636
-22.16	19.69	0.9638727431119154
-22.15	18.46	0.957580227661694
-22.16	17.23	0.9740341041115723
-22.16	16.01	0.9962785642485894
-22.17	14.78	0.9987924673711568
-22.17	13.55	1.0445883290110132
-22.18	12.32	1.104315713549341
-22.18	11.09	1.1337392226977903
-22.18	9.86	1.0318842629124
-22.18	8.62	0.9884057072110677
-22.18	7.39	0.9800947993534512
-22.18	6.16	0.9668804367108166
-22.18	4.93	0.9617303873846108
-22.19	3.7	0.9944343974562386
-22.19	2.47	1.0045721525703213
-22.19	1.23	1.0020994460516883
-22.19	-0.0	1.0018339079602772
-22.19	-1.23	0.9908618073087414
-22.19	-2.47	1.0072350961838783
-22.19	-3.7	1.0019473925429887
-22.18	-4.93	0.9935685482849337
-22.18	-6.16	0.9647419875138796
-22.18	-7.39	0.9575843376620039
-22.18	-8.62	0.9468146022866666
-22.18	-9.86	0.9434492694991441
-22.18	-11.09	0.9480654187975412
-22.18	-12.32	0.9641563621613569
-22.17	-13.55	1.0611586680985816
-22.17	-14.78	0.986496105876375
-22.16	-16.01	0.9438623788984319
-22.16	-17.23	0.9603888966502581
-22.15	-18.46	0.9765823906138671
-22.16	-19.69	0.9652601611303622
-22.16	-20.93	1.0468669467082945
-22.16	-22.16	1.1816726345939257
-22.15	-23.38	1.2459688392367196
-22.13	-24.59	1.2683857214749663
-22.1	-25.78	1.1747065264060677
-22.07	-26.98	1.016679878773532
-22.04	-28.16	0.9693156301973413
-21.97	-29.3	0.9600525867251175
-21.87	-30.38	0.8930323176277515
-21.63	-31.24	2.0604029507247983
-20.61	-31.52	1.0142893985731476
-20.73	-30.49	0.9222551874207054
-20.8	-29.36	0.9218461428191551
-20.84	-28.2	0.9949499978411609
-20.87	-27.01	1.1351035572866843
-20.89	-25.81	1.2731481676184284
-20.92	-24.61	1.2613293682869298
-20.93	-23.39	1.1602565372379647
-20.93	-22.16	0.9966383959895673
-20.92	-20.92	0.9583413060558517
-20.92	-19.69	0.9729529750964261
-20.93	-18.47	0.9632176990231942
-20.93	-17.24	0.9691434164629209
-20.94	-16.01	1.0397803183016254
-20.94	-14.78	0.9727360438424357
-20.94	-13.55	0.9252574592830509
-20.94	-12.32	0.9072849642251226
-20.95	-11.09	0.9194405412541231
-20.95	-9.86	0.9433922602117528
-20.95	-8.63	0.9725010098144091
-20.95	-7.4	0.97714276614147
-20.96	-6.16	0.9738430796101918
-20.96	-4.93	0.9802865717600344
-20.96	-3.7	0.9726397302597327
-20.96	-2.47	0.978612160324217
-20.96	-1.23	0.9615387463483396
-20.96	0.0	0.9671402245272365
-20.96	1.23	0.9681991356408943
-20.96	2.47	1.0029319824741947
-20.96	3.7	0.9955119097533807
-20.96	4.93	1.0183994847160216
-20.96	6.16	1.0424219773478587
-20.95	7.4	0.9992576142306842
-20.95	8.63	0.9897460587353617
-20.95	9.86	0.985112680852974
-20.95	11.09	0.994972637580255
-20.94	12.32	1.022588876540392
-20.94	13.55	1.0733930140332166
-20.94	14.78	1.022553550405723
-20.94	16.01	1.0247000888391735
-20.93	17.24	0.9958434418597042
-20.93	18.47	0.9705614702030827
-20.92	19.69	0.9663510192067655
-20.92	20.92	0.9567937611400632
-20.93	22.16	1.054906674813731
-20.93	23.39	1.0461971829193448
-20.92	24.61	1.2532505909971174
-20.89	25.81	1.3514629651986887
-20.87	27.01	1.5882442712540747
-20.84	28.2	1.2705255019664836
-20.8	29.36	1.3875960793040987
-20.73	30.49	1.1005220229831192
-20.61	31.52	1.4004662172449542
-19.32	32.6	1.9569337068915358
-19.48	31.66	1.1362912613190899
-19.56	30.56	1.4572095523878739
-19.61	29.41	1.4000088971682576
-19.63	28.22	1.6215516586199552
-19.66	27.03	1.434884662140239
-19.68	25.84	1.2688943248017095
-19.7	24.62	1.052339180732643
-19.7	23.39	1.1127074628533933
-19.69	22.16	0.9801059719530532
-19.69	20.92	0.955475690405974
-19.7	19.7	0.9663436808518391
-19.7	18.47	1.0054337342233932
-19.71	17.25	1.0205983336690858
-19.71	16.02	1.0307112530344114
-19.71	14.78	1.0402131000899741
-19.71	13.55	1.0122442480995284
-19.72	12.32	1.0000405714634786
-19.72	11.09	0.9902981659365953
-19.72	9.86	1.029229132677032
-19.72	8.63	1.0492770663836728
-19.73	7.4	1.0195231319519262
-19.73	6.16	1.0187484972134548
-19.73	4.93	0.9806185090367006
-19.73	3.7	0.9779431307244302
-19.73	2.47	0.9556863087433758
-19.73	1.23	0.9862668602932532
-19.73	-0.0	0.9551520079510292
-19.73	-1.23	0.96589550096345
-19.73	-2.47	0.9652514317685394
-19.73	-3.7	0.9408165184869937
-19.73	-4.93	0.952367704250042
-19.73	-6.16	0.9348818652646855
-19.73	-7.4	0.9487566135599241
-19.72	-8.63	0.9425624391222094
-19.72	-9.86	0.9561138313415452
-19.72	-11.09	0.95176816613243
-19.72	-12.32	0.9195432113081212
-19.71	-13.55	0.9263574765367295
-19.71	-14.78	0.920993313173172
-19.71	-16.02	0.9419425592333823
-19.71	-17.25	1.0258600448590354
-19.7	-18.47	0.9498700877792547
-19.7	-19.7	0.9630811715397378
-19.69	-20.92	0.9683257738842794
-19.69	-22.16	0.961051335149417
-19.7	-23.39	1.0096326636873112
-19.7	-24.62	1.1809945568670894
-19.68	-25.84	1.2655998278090959
-19.66	-27.03	1.2690151321856682
-19.63	-28.22	1.079407417850601
-19.61	-29.41	1.0042447627880335
-19.56	-30.56	0.893187432781839
-19.48	-31.66	0.9264489077801716
-19.32	-32.6	1.6449728679557127
-18.21	-32.78	1.0438111534299122
-18.31	-31.74	0.9281103525282646
-18.37	-30.61	0.9585741710809703
-18.4	-29.44	1.0134765891558217
-18.42	-28.25	1.2611469276537584
-18.45	-27.06	1.2913640399374948
-18.47	-25.85	1.2031272483010795
-18.47	-24.63	1.0238738764585262
-18.46	-23.39	0.9541656480768568
-18.46	-22.15	0.9549525930232896
-18.47	-20.93	0.9520014271606083
-18.47	-19.7	0.9459903774032616
-18.48	-18.48	0.9452254074157409
-18.48	-17.25	0.9335781398579819
-18.48	-16.02	0.9174438362932866
-18.48	-14.79	0.9111525314856497
-18.49	-13.56	0.9315885236758366
-18.49	-12.33	0.9435243448426043
-18.49	-11.1	0.9332992314833719
-18.49	-9.86	0.9332661187158555
-18.49	-8.63	0.9321635469538858
-18.49	-7.4	0.9301188999146772
-18.49	-6.16	0.9428114133662273
-18.5	-4.93	0.9707315263805771
-18.5	-3.7	0.9922114545850382
-18.5	-2.47	0.9986609143641756
-18.5	-1.23	0.9603137417947618
-18.5	0.0	0.9934786422869237
-18.5	1.23	1.022328852794403
-18.5	2.47	1.027584271069701
-18.5	3.7	1.008412521916565
-18.5	4.93	1.0511666241070934
-18.49	6.16	1.0415496830854352
-18.49	7.4	1.0199088635626739
-18.49	8.63	1.03485437063767
-18.49	9.86	1.0243115280366322
-18.49	11.1	1.051334752416552
-18.49	12.33	1.0029563962804486
-18.49	13.56	1.0138491588543666
-18.48	14.79	1.0271080791212315
-18.48	16.02	1.0239817039126962
-18.48	17.25	1.0444538073887237
-18.48	18.48	1.03569341817839
-18.47	19.7	1.0156730815717907
-18.47	20.93	0.9835010752128346
-18.46	22.15	0.9494569089926621
-18.46	23.39	0.9903509396828767
-18.47	24.63	1.0809952415832154
-18.47	25.85	1.1219110088389233
-18.45	27.06	1.2837618927944998
-18.42	28.25	1.5154676110645067
-18.4	29.44	1.4933724763003342
-18.37	30.61	1.4709189827520799
-18.31	31.74	1.1625708881135655
-18.21	32.78	1.2605420959809717
-16.92	33.85	1.7579491547437378
-17.06	32.9	1.097386819446907
-17.12	31.8	1.4965793483394574
-17.16	30.65	1.3285088231886828
-17.19	29.46	1.6097923715648932
-17.21	28.27	1.3556275979167172
-17.23	27.08	1.2015122263814595
-17.24	25.86	1.0364872623007724
-17.23	24.62	1.0127887043295782
-17.23	23.38	0.9685541225321748
-17.23	22.16	0.9779969922885821
-17.24	20.93	1.0010887733935814
-17.25	19.71	1.0496585056215624
-17.25	18.48	1.0402134220652979
-17.25	17.25	1.0371752488601302
-17.25	16.02	1.043692040194677
-17.25	14.79	1.0232666565217121
-17.26	13.56	1.0439724776256085
-17.26	12.33	1.0641189279195444
-17.26	11.1	1.027217670928735
-17.26	9.86	1.0493636135956494
-17.26	8.63	1.0146869313588844
-17.26	7.4	1.0079940498980635
-17.26	6.17	1.0086061132732436
-17.26	4.93	1.0068452082643908
-17.27	3.7	1.0022558974561075
-17.27	2.47	1.0092330037023487
-17.27	1.23	0.9941015265514475
-17.27	-0.0	0.9675392882702125
-17.27	-1.23	0.9912792604914555
-17.27	-2.47	0.9663206851260657
-17.27	-3.7	0.9894343040720699
-17.26	-4.93	0.986224996512858
-17.26	-6.17	0.9775496704342954
-17.26	-7.4	0.9509079576239854
-17.26	-8.63	0.9501541011808072
-17.26	-9.86	0.9262877711519524
-17.26	-11.1	0.9244028050799269
-17.26	-12.33	0.9340210222951093
-17.26	-13.56	0.9288241757769597
-17.25	-14.79	0.9227758459628852
-17.25	-16.02	0.9183187614978348
-17.25	-17.25	0.9179675313510209
-17.25	-18.48	0.9201442578275909
-17.25	-19.71	0.9301475418486405
-17.24	-20.93	0.9550621005839632
-17.23	-22.16	0.9520315867297304
-17.23	-23.38	0.9747245029059322
-17.23	-24.62	0.9631651023746368
-17.24	-25.86	1.04675174374652
-17.23	-27.08	1.2613383044495654
-17.21	-28.27	1.3303607786087612
-17.19	-29.46	1.1838830096634743
-17.16	-30.65	0.972720245396288
-17.12	-31.8	0.9037020054204259
-17.06	-32.9	0.9807772741281955
-16.92	-33.85	2.008428553062438
-15.79	-34.0	1.1958164802192446
-15.87	-32.97	0.93096589159045
-15.92	-31.84	0.9795834639139622
-15.95	-30.67	1.0511110709320644
-15.97	-29.48	1.3353184148326882
-15.99	-28.3	1.2975066047162436
-16.01	-27.09	1.1237077288470978
-16.01	-25.85	0.9634368790123471
-16.0	-24.62	0.9667054057329185
-16.0	-23.39	0.921403326602781
-16.01	-22.16	0.9323905633840601
-16.01	-20.94	0.9437613568080208
-16.02	-19.71	0.9246217073977361
-16.02	-18.48	0.9037277752363257
-16.02	-17.25	0.9194339765900388
-16.02	-16.02	0.9351285676292491
-16.03	-14.79	0.9259842380797103
-16.03	-13.56	0.9085966012466482
-16.03	-12.33	0.9240332501524664
-16.03	-11.1	0.9359477238702958
-16.03	-9.86	0.9366989404730308
-16.03	-8.63	0.9498419318362945
-16.03	-7.4	0.9765143145329986
-16.03	-6.17	0.9790366362097718
-16.04	-4.93	0.9696747121611153
-16.04	-3.7	0.9844762589948566
-16.04	-2.47	0.9940434160897746
-16.04	-1.23	1.0030438970960542
-16.04	0.0	1.0120649876447345
-16.04	1.23	1.0048336256520694
-16.04	2.47	1.0262627290421857
-16.04	3.7	1.0418417270359681
-16.04	4.93	1.0442851522093166
-16.03	6.17	1.0211788626857166
-16.03	7.4	1.0468523384557384
-16.03	8.63	1.038139590515291
-16.03	9.86	1.0078308700485463
-16.03	11.1	1.062852065953929
-16.03	12.33	1.0474268553229198
-16.03	13.56	1.0525921320035732
-16.03	14.79	1.0636592530571543
-16.02	16.02	1.0339828161314033
-16.02	17.25	1.0322742635284357
-16.02	18.48	1.0647828655784206
-16.02	19.71	1.044046948796673
-16.01	20.94	1.0688791511698863
-16.01	22.16	0.9905109620323573
-16.0	23.39	0.9554811235973251
-16.0	24.62	0.9725989516143771
-16.01	25.85	1.057817943647433
-16.01	27.09	1.0749983153166447
-15.99	28.3	1.3017891209643127
-15.97	29.48	1.4434105445644452
-15.95	30.67	1.5957310385590295
-15.92	31.84	1.4330380524685769
-15.87	32.97	1.1718887991524394
-15.79	34.0	1.2581587327895924
-14.49	35.02	2.091407532448283
-14.62	34.1	1.0876099127094463
-14.67	33.02	1.4235727642615261
-14.71	31.87	1.360231456613496
-14.73	30.69	1.6057851325490455
-14.75	29.51	1.3235446364595207
-14.77	28.31	1.1673798672509514
-14.78	27.09	1.049176030035465
-14.77	25.85	1.0181568426682297
-14.77	24.62	0.9577412585133853
-14.77	23.39	0.9699257181430934
-14.78	22.17	1.0412565269857934
-14.78	20.94	1.044930780040799
-14.78	19.71	1.0939297042048013
-14.79	18.48	1.0609740731716863
-14.79	17.25	1.0443372738301218
-14.79	16.03	1.0665140070238017
-14.79	14.79	1.0864236783428671
-14.8	13.56	1.0442723349349876
-14.8	12.33	1.0662723900798623
-14.8	11.1	1.0356977204783728
-14.8	9.87	1.0203359237597773
-14.8	8.63	1.0402553268542425
-14.8	7.4	1.0288293267961865
-14.8	6.17	1.0053509370763756
-14.8	4.93	1.0244698013394569
-14.8	3.7	1.0132622408363279
-14.8	2.47	1.0293967551983236
-14.8	1.23	1.0136328873745457
-14.8	-0.0	1.0104129340847434
-14.8	-1.23	0.992441384146721
-14.8	-2.47	0.9765737480842738
-14.8	-3.7	0.9730545040462824
-14.8	-4.93	0.9835245468746523
-14.8	-6.17	0.9616276592143871
-14.8	-7.4	0.9667248912030164
-14.8	-8.63	0.960674836676402
-14.8	-9.87	0.9410630016979784
-14.8	-11.1	0.9543341040470441
-14.8	-12.33	0.9667063512518226
-14.8	-13.56	0.94330500870017
-14.79	-14.79	0.9173893401687403
-14.79	-16.03	0.9085165450214872
-14.79	-17.25	0.9252176456142394
-14.79	-18.48	0.9029971660474132
-14.78	-19.71	0.898718129311181
-14.78	-20.94	0.9222009465875711
-14.78	-22.17	1.0099355669265009
-14.77	-23.39	0.9373738217098708
-14.77	-24.62	0.9454944322787293
-14.77	-25.85	0.9436207189789929
-14.78	-27.09	0.9923514362609005
-14.77	-28.31	1.2260419854031852
-14.75	-29.51	1.3539865959795394
-14.73	-30.69	1.2183326285329867
-14.71	-31.87	0.9827207091066468
-14.67	-33.02	0.9069788845227391
-14.62	-34.1	1.03211966549096
-14.49	-35.02	2.5
-13.34	-35.17	1.6743036772618076
-13.42	-34.17	0.9603204815063107
-13.47	-33.06	0.9679525527268753
-13.49	-31.9	1.0569513627376006
-13.51	-30.71	1.332851209959295
-13.53	-29.53	1.299793274778068
-13.54	-28.32	1.0939192217372984
-13.54	-27.08	0.9507488646980011
-13.54	-25.85	0.9412017018158618
-13.54	-24.62	0.9204622504723092
-13.55	-23.4	0.9669470544516585
-13.55	-22.17	0.946516117086567
-13.55	-20.94	0.909845392329589
-13.55	-19.71	0.895819433298719
-13.56	-18.49	0.9231796093029168
-13.56	-17.26	0.9054604494725949
-13.56	-16.03	0.914806247748432
-13.56	-14.8	0.9344675210321984
-13.56	-13.56	0.9467081551829004
-13.56	-12.33	0.9384132881322031
-13.57	-11.1	0.9438124222062783
-13.57	-9.87	0.9532630709010048
-13.57	-8.64	0.9388534543426283
-13.57	-7.4	0.9538138994677041
-13.57	-6.17	0.9372630180148622
-13.57	-4.93	0.9761332633067905
-13.57	-3.7	0.9751336010329892
-13.57	-2.47	0.9810121976871802
-13.57	-1.23	0.9648087098033011
-13.57	0.0	0.9643796328183063
-13.57	1.23	0.9920678888792729
-13.57	2.47	0.9904073603439469
-13.57	3.7	0.9982842834114809
-13.57	4.93	0.9921098227294589
-13.57	6.17	0.9966248575662391
-13.57	7.4	1.006718454820784
-13.57	8.64	1.0160632019187785
-13.57	9.87	1.0280197828000661
-13.57	11.1	1.0295023604073616
-13.56	12.33	1.0443248966295418
-13.56	13.56	1.0740912070788635
-13.56	14.8	1.0547593996976516
-13.56	16.03	1.098062219996275
-13.56	17.26	1.0613446895388678
-13.56	18.49	1.061698492856518
-13.55	19.71	1.0409052440799762
-13.55	20.94	1.0700278899023177
-13.55	22.17	1.0804621780989931
-13.55	23.4	1.0068962356673286
-13.54	24.62	0.9686340278819952
-13.54	25.85	0.9702515543039443
-13.54	27.08	1.0577197806645504
-13.54	28.32	1.063819162771292
-13.53	29.53	1.2945888803730332
-13.51	30.71	1.4825259561664348
-13.49	31.9	1.6132698748330547
-13.47	33.06	1.514547899683457
-13.42	34.17	1.1157935459944524
-13.34	35.17	1.4177173829861056
-12.02	36.05	2.167812750766257
-12.16	35.27	1.179504473966456
-12.22	34.22	1.3054539763753814
-12.25	33.09	1.514761869749
-12.27	31.91	1.6723279494327912
-12.29	30.73	1.4053222452622203
-12.31	29.54	1.2185565921474506
-12.31	28.32	1.0545989756743523
-12.31	27.08	1.0301547687852182
-12.31	25.85	0.9618529995308345
-12.31	24.63	0.9687902757341158
-12.32	23.4	1.0446742933306705
-12.32	22.18	1.0553483236623142
-12.32	20.94	1.0674015737322744
-12.32	19.72	1.068354142420736
-12.33	18.49	1.0769363709171467
-12.33	17.26	1.1288987868611597
-12.33	16.03	1.0717273760260193
-12.33	14.8	1.0797331354297146
-12.33	13.56	1.0546734628793208
-12.33	12.33	1.0447481876577775
-12.34	11.1	1.0240834614738592
-12.34	9.87	1.0219612457811351
-12.34	8.64	1.004033670084599
-12.34	7.4	0.9957005636964098
-12.34	6.17	1.0075309322360884
-12.34	4.93	1.008565658526309
-12.34	3.7	1.018552448728478
-12.34	2.47	1.0067516812634505
-12.34	1.23	1.006382510832628
-12.34	-0.0	1.0133305363362695
-12.34	-1.23	0.9959924027450686
-12.34	-2.47	1.0052295391551311
-12.34	-3.7	1.025057832509746
-12.34	-4.93	1.009702904284092
-12.34	-6.17	0.9947335898119567
-12.34	-7.4	0.9679292407801556
-12.34	-8.64	0.9592329883934267
-12.34	-9.87	0.9388992725084471
-12.34	-11.1	0.9411982227413898
-12.33	-12.33	0.9481608951187273
-12.33	-13.56	0.9556734827698596
-12.33	-14.8	0.9546770241622315
-12.33	-16.03	0.9201738235510195
-12.33	-17.26	0.910531505274931
-12.33	-18.49	0.9265241378516258
-12.32	-19.72	0.9186527962033955
-12.32	20.94	0.9952352761492005
-12.32	22.18	1.0589119150586583
-12.32	23.4	1.0432517482465418
-12.31	24.63	0.9703257634397122
-12.31	25.85	0.971239168532585
-12.31	27.08	1.0195686927203766
-12.31	28.32	1.0407032757824188
-12.31	29.54	1.2126351175933712
-12.29	30.73	1.3835542655816564
-12.27	31.91	1.6712927138169666
-12.25	33.09	1.5170938882073726
-12.22	34.22	1.3085971800055791
-12.16	35.27	1.1699116063043835
-12.02	36.05	2.1290022970297997
-10.88	36.26	2.010261379328284
-10.97	35.34	1.0783135385839397
-11.01	34.26	1.4522133028924076
-11.04	33.11	1.4206029942801077
-11.05	31.93	1.6005609520892143
-11.07	30.75	1.2808598076970217
-11.08	29.55	1.131699542297354
-11.08	28.32	1.0614534769868929
-11.08	27.08	0.992824162889109
-11.08	25.85	0.9470140117064849
-11.08	24.63	1.0160411419366477
-11.09	23.41	1.0658315624950854
-11.09	22.18	1.0632166376935617
-11.09	20.95	1.0633568513458318
-11.09	19.72	1.0740050999241912
-11.1	18.49	1.1044816049244126
-11.1	17.26	1.095462632797945
-11.1	16.03	1.1140804297028426
-11.1	14.8	1.0908620652649281
-11.1	13.57	1.0700171150401117
-11.1	12.34	1.054339547734373
-11.1	11.1	1.0401339415205495
-11.1	9.87	1.0360071297854017
-11.1	8.64	1.0277857290308843
-11.1	7.4	1.010230903226054
-11.1	6.17	1.0017902741092772
-11.1	4.94	1.0112082284515438
-11.11	3.7	0.9983486870110951
-11.11	2.47	0.9915221900471156
-11.11	1.23	0.9860144798624724
-11.11	-0.0	0.9661681716400237
-11.11	-1.23	0.968459781646521
-11.11	-2.47	0.983867788897248
-11.11	-3.7	0.9729347117906677
-11.1	-4.94	0.9827715256998015
-11.1	-6.17	0.9756910998268866
-11.1	-7.4	0.9711589740522122
-11.1	-8.64	0.9713800012036504
-11.1	-9.87	0.95308743490566
-11.1	-11.1	0.9475373566941396
-11.1	-12.34	0.9394272010607629
-11.1	-13.57	0.9416317949837927
-11.1	-14.8	0.9451360594986387
-11.1	-16.03	0.9317210950291273
-11.1	-17.26	0.9179398472722875
-11.1	-18.49	0.9339290812497527
-11.09	-19.72	0.9153387015070527
-11.09	-20.95	0.8996139602964757
-11.09	-22.18	0.8975892565544452
-11.09	-23.41	0.9151337924655056
-11.08	-24.63	0.9664885900896181
-11.08	-25.85	0.9148548154667111
-11.08	-27.08	0.9552538575311731
-11.08	-28.32	0.9619401927858462
-11.08	-29.55	1.1171350847782833
-11.07	-30.75	1.3248852194824128
-11.05	-31.93	1.2987534991552927
-11.04	-33.11	1.0200933174347337
-11.01	-34.26	0.9571905110302374
-10.97	-35.34	1.065595657654816
-10.88	-36.26	2.5
-9.7	-36.37	2.327614547297432
-9.76	-35.39	0.9827127776450384
-9.8	-34.29	1.013482050560894
-9.82	-33.13	1.122039378403703
-9.83	-31.95	1.3164745695219118
-9.84	-30.76	1.28262842725273
-9.85	-29.55	1.0182542684832283
-9.85	-28.31	0.9609216605042148
-9.85	-27.08	0.9396592033845144
-9.85	-25.85	0.9311392132933438
-9.85	-24.63	1.021502338314992
-9.86	-23.41	0.9121241264812108
-9.86	-22.18	0.9031481145707989
-9.86	-20.95	0.8933766334927036
-9.86	-19.72	0.921278627425723
-9.86	-18.49	0.9231778245157702
-9.86	-17.26	0.9067892944053728
-9.86	-16.03	0.9412471026206344
-9.87	-14.8	0.9463826573651879
-9.87	-13.57	0.94179552709278
-9.87	-12.34	0.9475610978936135
-9.87	-11.1	0.9596791016181374
-9.87	-9.87	0.9472271670692916
-9.87	-8.64	0.948783663298725
-9.87	-7.4	0.9508669535331755
-9.87	-6.17	0.9603867226444907
-9.87	-4.94	0.9558524306728424
-9.88	-3.7	0.9920039924880708
-9.88	-2.47	0.9885958512520618
-9.88	-1.23	0.9710816605623833
-9.88	0.0	0.9700072431184701
-9.88	1.23	0.9729081571306804
-9.88	2.47	0.9835069488453154
-9.88	3.7	0.9968180435127376
-9.87	4.94	0.9763149163620124
-9.87	6.17	0.9965392991656028
-9.87	7.4	0.9986089199071415
-9.87	8.64	1.0247505302017252
-9.87	9.87	1.035057435162079
-9.87	11.1	1.032529126526387
-9.87	12.34	1.048424128374644
-9.87	13.57	1.0656768768156164
-9.87	14.8	1.0920859680260904
-9.86	16.03	1.0764895207807736
-9.86	17.26	1.1008167174370769
-9.86	18.49	1.1267882253108796
-9.86	19.72	1.0818450794313526
-9.86	20.95	1.0675265819343398
-9.86	22.18	1.0424246754877897
-9.86	23.41	1.0759411321975794
-9.85	24.63	1.0355637226161987
-9.85	25.85	0.9838124014714218
-9.85	27.08	0.9790945523505714
-9.85	28.31	1.0587856783426126
-9.85	29.55	1.0299415038690887
-9.84	30.76	1.2844526525706055
-9.83	31.95	1.4365583569344569
-9.82	33.13	1.6296942952087896
-9.8	34.29	1.4590227589305496
-9.76	35.39	1.0782152284952753
-9.7	36.37	1.5047048239039658
-8.51	36.45	1.291864752919806
-8.55	35.43	1.196286386674851
-8.58	34.31	1.5349756936118206
-8.59	33.14	1.5906017283863658
-8.6	31.96	1.3495106185316699
-8.62	30.77	1.20351526455046
-8.62	29.55	1.0105075604042426
-8.62	28.31	0.9939854949077915
-8.62	27.08	0.9481952552585327
-8.62	25.86	0.972097212856939
-8.62	24.64	1.079717298198485
-8.62	23.41	1.0754654407378714
-8.62	22.18	1.0709426986644015
-8.63	20.95	1.0649844078901385
-8.63	19.72	1.073357366897576
-8.63	18.49	1.110270318668796
-8.63	17.26	1.0861467138332142
-8.63	16.03	1.090626231615869
-8.63	14.8	1.0559673139792425
-8.64	13.57	1.061230765518319
-8.64	12.34	1.0774805326516042
-8.64	11.1	1.0495466072567812
-8.64	9.87	1.0228810512124733
-8.64	8.64	1.011835517418957
-8.64	7.4	1.0051554720392186
-8.64	6.17	0.9854977576290231
-8.64	4.94	0.9825523363756608
-8.64	3.7	0.9806881451776146
-8.64	2.47	0.9688120549616563
-8.64	1.23	0.9649449454355308
-8.64	-0.0	0.9702401956449016
-8.64	-1.23	0.9659618994964836
-8.64	-2.47	0.976296628332415
-8.64	-3.7	0.9926178143491384
-8.64	-4.94	0.9448502213797667
-8.64	-6.17	0.9545895008774927
-8.64	-7.4	0.9625891612109712
-8.64	-8.64	0.9380478334918694
-8.64	-9.87	0.9553965924261316
-8.64	-11.1	0.9566399188546937
-8.64	-12.34	0.9514032192302446
-8.64	-13.57	0.9744324674112956
-8.63	-14.8	0.9493380903526818
-8.63	-16.03	0.9519001430136154
-8.63	-17.26	0.9360309779825817
-8.63	-18.49	0.9032520810295246
-8.63	-19.72	0.9109947181434785
-8.63	-20.95	0.8990346342267053
-8.62	-22.18	0.8885254180484399
-8.62	-23.41	0.8955017992649283
-8.62	-24.64	0.9242011941749624
-8.62	-25.86	0.9231892992576967
-8.62	-27.08	0.927148083029544
-8.62	-28.31	0.9517080785426746
-8.62	-29.55	0.9760799846157022
-8.62	-30.77	1.2175879464185293
-8.6	-31.96	1.2847122231287225
-8.59	-33.14	1.2515477865059648
-8.58	-34.31	1.0663077153011642
-8.55	-35.43	0.9524997906044597
-8.51	-36.45	1.526073007638315
-7.22	-37.3	2.5
-7.3	-36.51	1.2056516939502258
-7.34	-35.46	0.9433243357109973
-7.36	-34.33	1.0352807218654618
-7.37	-33.15	1.2936733791254387
-7.38	-31.97	1.3374050564281648
-7.39	-30.78	1.1240729643211687
-7.39	-29.55	0.9521640852923561
-7.38	-28.31	0.9499395350054503
-7.39	-27.08	0.9240607569303521
-7.39	-25.86	0.983063127683085
-7.39	-24.64	0.8887566049886448
-7.39	-23.41	0.8873103234979602
-7.39	-22.18	0.9073131919524329
-7.4	-20.95	0.8975391712911893
-7.4	-19.73	0.9140026268165418
-7.4	-18.49	0.9251992212624582
-7.4	-17.26	0.9463331915232818
-7.4	-16.03	0.9399404806258902
-7.4	-14.8	0.9540414238319883
-7.4	-13.57	0.9599043137412444
-7.4	-12.34	0.9465517796071978
-7.4	-11.1	0.9458219510430315
-7.4	-9.87	0.95403903943226
-7.4	-8.64	0.9514050507719158
-7.41	-7.41	0.9602968062112218
-7.41	-6.17	0.9534424034852718
-7.41	-4.94	0.9570492194602007
-7.41	-3.7	0.9850934238944964
-7.41	-2.47	0.9872393743305494
-7.41	-1.23	0.971828945060988
-7.41	0.0	0.9611094891762111
-7.41	1.23	0.9563906630371823
-7.41	2.47	0.965812024625194
-7.41	3.7	0.9750442024818229
-7.41	4.94	0.9753727453638223
-7.41	6.17	0.9735451369666919
-7.41	7.41	0.9985166608683995
-7.4	8.64	1.013495277489791
-7.4	9.87	1.0071537975439693
-7.4	11.1	1.0512409736582846
-7.4	12.34	1.05969904730176
-7.4	13.57	1.0482994493258886
-7.4	14.8	1.0626938007396811
-7.4	16.03	1.069606266428634
-7.4	17.26	1.1052179238276683
-7.4	18.49	1.119935262204745
-7.4	19.73	1.1476326934126293
-7.4	20.95	1.0704630107589086
-7.39	22.18	1.0868973979372587
-7.39	23.41	1.0620080595226922
-7.39	24.64	1.0630618889872947
-7.39	25.86	1.0200865135980877
-7.39	27.08	0.9471327392747977
-7.38	28.31	0.9896358181909539
-7.39	29.55	1.0449685092104568
-7.39	30.78	1.181913470975796
-7.38	31.97	1.3066173901165614
-7.37	33.15	1.5366071711804778
-7.36	34.33	1.3862656254252848
-7.34	35.46	1.2956828708552148
-7.3	36.51	1.1537066237302884
-7.22	37.3	2.3210862155601397
-6.04	37.42	2.3774194962501607
-6.09	36.55	1.0799832947844088
-6.12	35.48	1.3703330050277494
-6.13	34.34	1.3935351652734793
-6.14	33.16	1.4753989927496836
-6.15	31.98	1.2992730511535644
-6.16	30.78	1.084708788127772
-6.16	29.55	1.0521080310151918
-6.15	28.31	0.9526818497889336
-6.16	27.08	0.9501000717296115
-6.16	25.87	1.0518823480093076
-6.16	24.64	1.0628714634032335
-6.16	23.41	1.0557703605007145
-6.16	22.18	1.0764807768444644
-6.16	20.96	1.0873701710222754
-6.16	19.73	1.123020352015141
-6.16	18.49	1.1091535078668544
-6.17	17.26	1.0940387567760634
-6.17	16.03	1.0860388134372476
-6.17	14.8	1.0710547554545071
-6.17	13.57	1.044597827260434
-6.17	12.34	1.061281194196619
-6.17	11.1	1.055556448252032
-6.17	9.87	1.0030720137666371
-6.17	8.64	1.0061503400386265
-6.17	7.41	0.9960772754951828
-6.17	6.17	0.98640405983343
-6.17	4.94	0.9596118896093007
-6.17	3.7	0.9698495481744622
-6.17	2.47	0.9534296291809463
-6.17	1.23	0.96241436140303
-6.17	-0.0	0.9733314327776519
-6.17	-1.23	0.9677399697681945
-6.17	-2.47	1.002050665555732
-6.17	-3.7	0.9990339398976538
-6.17	-4.94	0.9665517314981811
-6.17	-6.17	0.9666936437516815
-6.17	-7.41	0.9482908543415256
-6.17	-8.64	0.953819645622211
-6.17	-9.87	0.9584000023921693
-6.17	-11.1	0.9619920998364897
-6.17	-12.34	0.9555721763705307
-6.17	-13.57	0.9659669044213341
-6.17	-14.8	0.945598152080561
-6.17	-16.03	0.941709110881809
-6.17	-17.26	0.9342930555340567
-6.16	-18.49	0.914596127025467
-6.16	-19.73	0.9121884955499766
-6.16	-20.96	0.8985560191810578
-6.16	-22.18	0.9116946788607647
-6.16	-23.41	0.8980439101570292
-6.16	-24.64	0.8904753252887962
-6.16	-25.87	0.9687677581004657
-6.16	-27.08	0.9182835130649316
-6.15	-28.31	0.9341672818958289
-6.16	-29.55	0.9676168494640072
-6.16	-30.78	1.0630242137509978
-6.15	-31.98	1.293283431430778
-6.14	-33.16	1.3237788656937148
-6.13	-34.34	1.0556391572865307
-6.12	-35.48	0.9204956674682929
-6.09	-36.55	1.0532898505578778
-6.04	-37.42	2.5
-4.84	-37.5	2.5
-4.88	-36.58	1.0124903736880775
-4.9	-35.49	1.01375366270819
-4.91	-34.35	1.1082863451988203
-4.91	-33.17	1.3241002849374874
-4.92	-31.99	1.2762461043433904
-4.93	-30.78	1.01453382933048
-4.92	-29.54	0.9679693048214846
-4.92	-28.31	0.9219596327536648
-4.93	-27.09	0.9328713879731705
-4.93	-25.87	0.934775921916355
-4.93	-24.64	0.8944926439171379
-4.93	-23.41	0.8911714426739419
-4.93	-22.18	0.9082169990269264
-4.93	-20.96	0.8970678984548304
-4.93	-19.73	0.9212678133900463
-4.93	-18.5	0.9115057485678619
-4.93	-17.26	0.9259669567756319
-4.93	-16.04	0.9432612688393371
-4.93	-14.8	0.9564154078976443
-4.93	-13.57	0.9560812867264792
-4.93	-12.34	0.9597393213700869
-4.94	-11.1	0.9372626384717142
-4.94	-9.87	0.9445382332578784
-4.94	-8.64	0.9535421504036776
-4.94	-7.41	0.9526994229923691
-4.94	-6.17	0.9560858348685395
-4.94	-4.94	0.9875893047024089
-4.94	-3.7	0.991558591762498
-4.94	-2.47	0.9822623976055675
-4.94	-1.24	0.9805769960618349
-4.94	0.0	0.9703096419903625
-4.94	1.24	0.9687467524261262
-4.94	2.47	0.9652069757779715
-4.94	3.7	0.9814459436200584
-4.94	4.94	0.9707896813976644
-4.94	6.17	0.9782010239140675
-4.94	7.41	0.9943956575840831
-4.94	8.64	0.9992471597441233
-4.94	9.87	1.0017058465874031
-4.94	11.1	1.0436348254581258
-4.93	12.34	1.0533435582020987
-4.93	13.57	1.0380448818904604
-4.93	14.8	1.040496392345334
-4.93	16.04	1.0856747423582815
-4.93	17.26	1.0929361851760753
-4.93	18.5	1.0907125522628274
-4.93	19.73	1.1275274404943394
-4.93	20.96	1.1127580398586066
-4.93	22.18	1.0815557235402604
-4.93	23.41	1.0691546652548167
-4.93	24.64	1.0669743017717126
-4.93	25.87	1.073857026621229
-4.93	27.09	0.9603992641101105
-4.92	28.31	0.9485040215996179
-4.92	29.54	1.061182654523563
-4.93	30.78	1.0491934297615968
-4.92	31.99	1.2989479057847557
-4.91	33.17	1.4446754568830293
-4.91	34.35	1.4505327811321962
-4.9	35.49	1.3735028717584967
-4.88	36.58	1.0312949941394418
-4.84	37.5	1.8911912931913282
-3.63	37.55	1.6398608496118747
-3.66	36.6	1.0377247575812367
-3.67	35.51	1.3959918762994956
-3.68	34.35	1.5701119459811768
-3.69	33.18	1.4210244564076362
-3.69	32.0	1.3256386435190946
-3.69	30.78	1.050550180846237
-3.69	29.54	1.0577849146150253
-3.69	28.31	0.9420318888493915
-3.69	27.09	0.9489864903676848
-3.7	25.87	1.0757207394902153
-3.7	24.64	1.065637613978092
-3.7	23.41	1.0684035943782408
-3.7	22.19	1.0787569147499436
-3.7	20.96	1.1591909735500314
-3.7	19.73	1.1254592685460612
-3.7	18.5	1.1034360502680656
-3.7	17.27	1.080564668883981
-3.7	16.04	1.078039039832447
-3.7	14.8	1.058493256192011
-3.7	13.57	1.0371933065208712
-3.7	12.34	1.0476299829032172
-3.7	11.11	1.038949977527973
-3.7	9.88	1.0056201579876678
-3.7	8.64	1.014089654248166
-3.7	7.41	0.991357648092908
-3.7	6.17	0.9849010003185992
-3.7	4.94	0.9854640295201449
-3.71	3.71	0.9656519234172025
-3.7	2.47	0.9634247354625618
-3.7	1.23	0.9539404502595952
-3.7	-0.0	0.9729586798672241
-3.7	-1.23	0.9756642005204093
-3.7	-2.47	0.9717394350874828
-3.71	-3.71	0.9946996038993206
-3.7	-4.94	0.9800762065669586
-3.7	-6.17	0.9693138675592632
-3.7	-7.41	0.9607346168970263
-3.7	-8.64	0.9554151279953125
-3.7	-9.88	0.9625940596674418
-3.7	-11.11	0.9514004546011474
-3.7	-12.34	0.9644893254882616
-3.7	-13.57	0.9481246235114051
-3.7	-14.8	0.9608187660598402
-3.7	-16.04	0.9317061658475598
-3.7	-17.27	0.9465609308690173
-3.7	-18.5	0.9196775704589495
-3.7	-19.73	0.911119083535282
-3.7	-20.96	0.8986180818958598
-3.7	-22.19	0.9028280643525566
-3.7	-23.41	0.8826445849430629
-3.7	-24.64	0.8915923527036105
-3.7	-25.87	0.9235463276286682
-3.69	-27.09	0.9398725753670014
-3.69	-28.31	0.9223780261670154
-3.69	-29.54	0.9669550363133572
-3.69	-30.78	0.9876526647607928
-3.69	-32.0	1.2466627281679168
-3.69	-33.18	1.3155924867861284
-3.68	-34.35	1.1459454935723752
-3.67	-35.51	1.0771326111460944
-3.66	-36.6	0.9498839773966505
-3.63	-37.55	2.5
-2.42	-37.58	2.5
-2.44	-36.61	0.938399477981684
-2.45	-35.52	1.0724585551545367
-2.45	-34.36	1.1849429174641362
-2.46	-33.18	1.3085876402399688
-2.46	-32.0	1.2197491973918604
-2.46	-30.78	0.9765041908861942
-2.46	-29.54	0.9616782953107981
-2.46	-28.31	0.9163182157322591
-2.46	-27.09	0.9497951482815132
-2.46	-25.87	0.9089436913885471
-2.46	-24.64	0.8936573793370677
-2.46	-23.41	0.8957812169483574
-2.47	-22.19	0.8922992123761357
-2.47	-20.96	0.908975050718233
-2.47	-19.73	0.910858735240561
-2.47	-18.5	0.9198385407457383
-2.47	-17.27	0.951290773883132
-2.47	-16.04	0.9406993652463056
-2.47	-14.8	0.9500884375485672
-2.47	-13.57	0.9523333778653829
-2.47	-12.34	0.9887434862496054
-2.47	-11.11	0.9494145262306475
-2.47	-9.88	0.9581128980625042
-2.47	-8.64	0.9655310723585995
-2.47	-7.41	0.9767148590768766
-2.47	-6.17	0.9705868579575574
-2.47	-4.94	0.977104029856104
-2.47	-3.7	1.0070338693997538
-2.47	-2.47	0.9964410258411318
-2.47	-1.24	0.9745375330015396
-2.47	0.0	0.9553407150294451
-2.47	1.24	0.9581958753951261
-2.47	2.47	0.9504824929506714
-2.47	3.7	0.964423281846976
-2.47	4.94	0.9661177909170506
-2.47	6.17	0.9795849873887903
-2.47	7.41	0.9735363495012699
-2.47	8.64	1.0074616045214393
-2.47	9.88	1.016242913311424
-2.47	11.11	1.051461898556286
-2.47	12.34	1.0403593155575575
-2.47	13.57	1.0383316490880432
-2.47	14.8	1.0651661353150352
-2.47	16.04	1.0874420346506337
-2.47	17.27	1.0925928506040608
-2.47	18.5	1.1026717152644006
-2.47	19.73	1.1204300659997166
-2.47	20.96	1.1423470964956088
-2.47	22.19	1.0800358576191904
-2.46	23.41	1.0772348486049887
-2.46	24.64	1.065683616907279
-2.46	25.87	1.0763436708215544
-2.46	27.09	0.9555523284796728
-2.46	28.31	0.9433058396050971
-2.46	29.54	1.0403370421321068
-2.46	30.78	1.042529135001633
-2.46	32.0	1.3109350371837314
-2.46	33.18	1.426202132318446
-2.45	34.36	1.5475397795234445
-2.45	35.52	1.3911881219208366
-2.44	36.61	1.030960988223213
-2.42	37.58	1.5962852675420782
-1.21	37.6	1.498236089229879
-1.22	36.62	1.028084236189665
-1.22	35.52	1.3397569370356912
-1.23	34.36	1.5506547364235157
-1.23	33.18	1.3948206079589074
-1.23	32.0	1.251036655664616
-1.23	30.78	1.055300476205181
-1.23	29.54	1.0328025679654864
-1.23	28.31	0.9402791078205048
-1.23	27.09	0.9706158187799723
-1.23	25.87	1.1024666251285353
-1.23	24.64	1.0603844349611125
-1.23	23.41	1.08408338181059
-1.23	22.19	1.0761125614896692
-1.23	20.96	1.1634423162022012
-1.23	19.73	1.1135121434891593
-1.23	18.5	1.0986962212226894
-1.23	17.27	1.096080138670196
-1.23	16.04	1.082403756141849
-1.23	14.8	1.0465974656539254
-1.23	13.57	1.038724560066453
-1.23	12.34	1.0616382564218405
-1.23	11.11	1.0418514031147588
-1.23	9.88	1.0089981881387704
-1.23	8.64	0.9956362660022053
-1.23	7.41	0.979900654712357
-1.23	6.17	0.9836118179842677
-1.24	4.94	0.9705007704949047
-1.23	3.7	0.956027688176432
-1.24	2.47	0.9603653649526898
-1.24	1.24	0.9540948852397797
-1.24	-0.0	0.9670578229935156
-1.24	-1.24	0.9729121118573039
-1.24	-2.47	0.9695797472990852
-1.23	-3.7	0.9899928110613097
-1.24	-4.94	0.9863144575866389
-1.23	-6.17	0.9633947375817122
-1.23	-7.41	0.9764954420997807
-1.23	-8.64	0.9579056560101407
-1.23	-9.88	0.9495255883235343
-1.23	-11.11	0.9432209873633033
-1.23	-12.34	0.9744487959987662
-1.23	-13.57	0.9613870435576484
-1.23	-14.8	0.9486685176528074
-1.23	-16.04	0.9204740017856361
-1.23	-17.27	0.9310204488025784
-1.23	-18.5	0.9309960907662864
-1.23	-19.73	0.9060596369713068
-1.23	-20.96	0.9052776515487029
-1.23	-22.19	0.8918779612575278
-1.23	-23.41	0.8947874559187321
-1.23	-24.64	0.8666920536501452
-1.23	-25.87	0.9086382771558306
-1.23	-27.09	0.9418579068205997
-1.23	-28.31	0.9220167001384727
-1.23	-29.54	0.947415156773026
-1.23	-30.78	0.9806491609648793
-1.23	-32.0	1.202080061544736
-1.23	-33.18	1.3013953612547704
-1.23	-34.36	1.2081402611887881
-1.22	-35.52	1.098672926900372
-1.22	-36.62	0.925899186380116
-1.21	-37.6	2.5
0.0	-37.6	2.3255164839355302
0.0	-36.62	0.9204225921704801
0.0	-35.52	1.1009443974132092
0.0	-34.36	1.211157543827638
0.0	-33.19	1.3289547238074775
0.0	-32.0	1.1821554186774978
0.0	-30.78	0.9688352026208573
0.0	-29.54	0.9483964336268702
0.0	-28.31	0.9202659962422475
0.0	-27.09	0.9389570016864823
0.0	-25.87	0.9036638269618313
0.0	-24.64	0.8866537068468814
0.0	-23.41	0.900625625014273
0.0	-22.19	0.8942396231244683
0.0	-20.96	0.9227429602470831
0.0	-19.73	0.9056073111035285
0.0	-18.5	0.9150036073053789
0.0	-17.27	0.942749847770191
0.0	-16.04	0.9447288842102806
0.0	-14.8	0.957292295720233
0.0	-13.57	0.9768553816463044
0.0	-12.34	0.9708162678572112
0.0	-11.11	0.9466613535607005
0.0	-9.88	0.9619790521228788
0.0	-8.64	0.9720558357418962
0.0	-7.41	0.9682512171834547
0.0	-6.17	0.9846923533843075
0.0	-4.94	0.9968206729272229
0.0	-3.7	1.0123678810175551
0.0	-2.47	0.9923847842869549
0.0	-1.24	0.9676836983946346
0.0	0.0	0.9609381524270058
0.0	1.24	0.95098828599086
0.0	2.47	0.9666260466514833
0.0	3.7	0.9709567644672958
0.0	4.94	0.9756131277387095
0.0	6.17	0.9929128623187538
0.0	7.41	0.9794176355944497
0.0	8.64	1.011652908850631
0.0	9.88	0.9886068598749356
0.0	11.11	1.0468915442613742
0.0	12.34	1.0657954250225306
0.0	13.57	1.0347390436666632
0.0	14.8	1.058437070712018
0.0	16.04	1.0726869199764169
0.0	17.27	1.087510109051065
0.0	18.5	1.0785590455879879
0.0	19.73	1.1298290671215172
0.0	20.96	1.1609223303214398
0.0	22.19	1.069199187524342
0.0	23.41	1.0972389498008646
0.0	24.64	1.0612869176038267
0.0	25.87	1.0876700071362215
0.0	27.09	0.9634876615842174
0.0	28.31	0.9315868127864757
0.0	29.54	1.025212968503725
0.0	30.78	1.0408155171875242
0.0	32.0	1.2258229066544635
0.0	33.19	1.4151573059828397
0.0	34.36	1.5369674701728524
0.0	35.52	1.376929947423208
0.0	36.62	1.03798728700834
0.0	37.6	1.5027202716013015
1.21	37.6	1.50191934148575
1.22	36.62	1.0438341609558401
1.22	35.52	1.365671656309635
1.23	34.36	1.530799354108093
1.23	33.18	1.428908959936571
1.23	32.0	1.251430484516054
1.23	30.78	1.0207564581188686
1.23	29.54	1.0293847237026679
1.23	28.31	0.9400213456457021
1.23	27.09	0.968610192177568
1.23	25.87	1.0865706638254888
1.23	24.64	1.0677764638818656
1.23	23.41	1.085430683747779
1.23	22.19	1.0804832340791304
1.23	20.96	1.1486308543783235
1.23	19.73	1.1172221798073876
1.23	18.5	1.0910648572089467
1.23	17.27	1.0986598861496288
1.23	16.04	1.0738111144098532
1.23	14.8	1.0491142199921324
1.23	13.57	1.0386183774521882
1.23	12.34	1.0596879611828989
1.23	11.11	1.046499149115597
1.23	9.88	1.013259841877458
1.23	8.64	1.0027458362594501
1.23	7.41	0.9964896548641491
1.23	6.17	0.9782990153278215
1.24	4.94	0.9786783993421553
1.23	3.7	0.9474842056296371
1.24	2.47	0.9694843062295959
1.24	1.24	0.9381535246933881
1.24	-0.0	0.9653956158592525
1.24	-1.24	0.9750085943776954
1.24	-2.47	0.9871022459476455
1.23	-3.7	1.0141066149042839
1.24	-4.94	0.9970767672309293
1.23	-6.17	0.97981129047138
1.23	-7.41	0.9641994070118942
1.23	-8.64	0.9593768297267591
1.23	-9.88	0.9521664877225477
1.23	-11.11	0.9491186443507251
1.23	-12.34	0.9617908160389206
1.23	-13.57	0.9468748841534236
1.23	-14.8	0.936777196991291
1.23	-16.04	0.9379356459928658
1.23	-17.27	0.943520882150656
1.23	-18.5	0.919194137017123
1.23	-19.73	0.910695215457312
1.23	-20.96	0.9010311510384605
1.23	-22.19	0.9051146267405441
1.23	-23.41	0.8989584234153085
1.23	-24.64	0.8949315102661064
1.23	-25.87	0.9178916800626862
1.23	-27.09	0.9602080422469461
1.23	-28.31	0.928841433869664
1.23	-29.54	0.9491795442630258
1.23	-30.78	0.9656493661577805
1.23	-32.0	1.1977742205655408
1.23	-33.18	1.306248858854234
1.23	-34.36	1.2074471579210364
1.22	-35.52	1.1042382653587177
1.22	-36.62	0.9328910279214861
1.21	-37.6	2.5
2.42	-37.58	2.5
2.44	-36.61	0.9354648633953699
2.45	-35.52	1.080846836953036
2.45	-34.36	1.1598498691931924
2.46	-33.18	1.2955944830238808
2.46	-32.0	1.2007504535612759
2.46	-30.78	0.9699390245829873
2.46	-29.54	0.9411768120311015
2.46	-28.31	0.9340469990180011
2.46	-27.09	0.9355092024291602
2.46	-25.87	0.9176363045459537
2.46	-24.64	0.8915968398976828
2.46	-23.41	0.9038373657011602
2.47	-22.19	0.8952355536195675
2.47	-20.96	0.883300003825191
2.47	-19.73	0.92093372089162
2.47	-18.5	0.9383164024472004
2.47	-17.27	0.9297414925730205
2.47	-16.04	0.9459171248238043
2.47	-14.8	0.9595627849199486
2.47	-13.57	0.9527013293821431
2.47	-12.34	0.9576716887604961
2.47	-11.11	0.9408841572000561
2.47	-9.88	0.9592831394821228
2.47	-8.64	0.9649543697442642
2.47	-7.41	0.9506607356335905
2.47	-6.17	0.9690191268100765
2.47	-4.94	0.9862658286280945
2.47	-3.7	1.0086732438858004
2.47	-2.47	0.9831436947000292
2.47	-1.24	0.9604229573186611
2.47	0.0	0.9594021849628822
2.47	1.24	0.9560223312843856
2.47	2.47	0.9471359040438418
2.47	3.7	0.972665794600017
2.47	4.94	0.9937104082709327
2.47	6.17	0.9802202208099136
2.47	7.41	1.0038664686188739
2.47	8.64	1.0092845199812972
2.47	9.88	1.0069535165845167
2.47	11.11	1.0469720923916466
2.47	12.34	1.0462415608109508
2.47	13.57	1.0452557942356053
2.47	14.8	1.0627453613790125
2.47	16.04	1.0742736859341822
2.47	17.27	1.0895496080620903
2.47	18.5	1.1023232543081924
2.47	19.73	1.1460885869381556
2.47	20.96	1.1562181060857037
2.47	22.19	1.0868414932221153
2.46	23.41	1.0893426982941357
2.46	24.64	1.0540289795103774
2.46	25.87	1.0920096063192375
2.46	27.09	0.9639421791680336
2.46	28.31	0.9208324803230363
2.46	29.54	1.039498400857588
2.46	30.78	1.0200819940346015
2.46	32.0	1.2543587640664295
2.46	33.18	1.4234954728629559
2.45	34.36	1.5399637091972451
2.45	35.52	1.3893601714076107
2.44	36.61	1.0183220149015026
2.42	37.58	1.5362246421922094
3.63	37.55	1.6671543824640462
3.66	36.6	1.0313797606697488
3.67	35.51	1.373059443489657
3.68	34.35	1.5413008873001157
3.69	33.18	1.4229277542912193
3.69	32.0	1.3175282108581419
3.69	30.78	1.0071931216134296
3.69	29.54	1.0502580184422055
3.69	28.31	0.9360101307651378
3.69	27.09	0.9593254247363303
3.7	25.87	1.064859788431023
3.7	24.64	1.0538730979644644
3.7	23.41	1.0817185169423738
3.7	22.19	1.0962466078097215
3.7	20.96	1.1040114148432245
3.7	19.73	1.1277027994142461
3.7	18.5	1.0976907731131291
3.7	17.27	1.0875178634149147
3.7	16.04	1.083058712946925
3.7	14.8	1.065626729472723
3.7	13.57	1.0467853785103802
3.7	12.34	1.0627664799070065
3.7	11.11	1.0440050231917386
3.7	9.88	1.0119387248231382
3.7	8.64	0.9996644146915141
3.7	7.41	1.0053473845486707
3.7	6.17	0.9828581327173014
3.7	4.94	0.9793881675308622
3.71	3.71	0.965718085868569
3.7	2.47	0.9575063695945563
3.7	1.23	0.949617985646003
3.7	-0.0	0.9704689652279228
3.7	-1.23	0.9766038157731627
3.7	-2.47	0.9926903646688494
3.71	-3.71	0.9938531208675885
3.7	-4.94	0.9736290275905315
3.7	-6.17	0.9624616209910561
3.7	-7.41	0.9590190742809277
3.7	-8.64	0.9641569426636662
3.7	-9.88	0.9534150801674324
3.7	-11.11	0.9414376776781088
3.7	-12.34	0.9436845731871362
3.7	-13.57	0.9469243346104514
3.7	-14.8	0.9501715141093552
3.7	-16.04	0.9388071533229976
3.7	-17.27	0.9367889611616995
3.7	-18.5	0.9162523732441707
3.7	-19.73	0.9152988812171072
3.7	-20.96	0.8863514914994761
3.7	-22.19	0.9112673942712064
3.7	-23.41	0.9000757491087183
3.7	-24.64	0.8845495531024818
3.7	-25.87	0.9306684343108902
3.69	-27.09	0.9446590160336177
3.69	-28.31	0.9261175224735734
3.69	-29.54	0.9480859790472032
3.69	-30.78	0.995677309800806
3.69	-32.0	1.2279682005387755
3.69	-33.18	1.3025922652924056
3.68	-34.35	1.1299300184374665
3.67	-35.51	1.047689527730471
3.66	-36.6	0.9723324882065318
3.63	-37.55	2.5
4.84	-37.5	2.5
4.88	-36.58	0.9984973351629538
4.9	-35.49	1.012237558048251
4.91	-34.35	1.0855157862488625
4.91	-33.17	1.3042987997110718
4.92	-31.99	1.2562319352044629
4.93	-30.78	1.0074220814641137
4.92	-29.54	0.946254149809203
4.92	-28.31	0.9367930073933497
4.93	-27.09	0.93297048520117
4.93	-25.87	0.9606553338735857
4.93	-24.64	0.8907240136297689
4.93	-23.41	0.8931514069443702
4.93	-22.18	0.8913130645674316
4.93	-20.96	0.8851032419052789
4.93	-19.73	0.9039507750061562
4.93	-18.5	0.9149857968059392
4.93	-17.26	0.9272930349635891
4.93	-16.04	0.9365034868424598
4.93	-14.8	0.9616220868323397
4.93	-13.57	0.9445634680528157
4.93	-12.34	0.933958566598184
4.94	-11.1	0.9298769043600776
4.94	-9.87	0.9627400355197127
4.94	-8.64	0.9403784082505231
4.94	-7.41	0.9526181006516357
4.94	-6.17	0.9539523508180183
4.94	-4.94	0.9702256094849453
4.94	-3.7	1.0090239090404403
4.94	-2.47	0.9817145380405297
4.94	-1.24	0.9657814626373042
4.94	0.0	0.9718088469695072
4.94	1.24	0.968959909227241
4.94	2.47	0.9714519248142555
4.94	3.7	0.9600035605312529
4.94	4.94	0.9554435196432243
4.94	6.17	0.990659347211098
4.94	7.41	0.9986392655443845
4.94	8.64	0.999524556664455
4.94	9.87	1.0131547131669798
4.94	11.1	1.055358962456232
4.93	12.34	1.0560407038001696
4.93	13.57	1.0488883698497116
4.93	14.8	1.0560268109833526
4.93	16.04	1.082448187152889
4.93	17.26	1.0930766458466756
4.93	18.5	1.1111639329556464
4.93	19.73	1.123769887967656
4.93	20.96	1.0835943624234368
4.93	22.18	1.0573735176315875
4.93	23.41	1.071624800268813
4.93	24.64	1.0690550376193189
4.93	25.87	1.0418252376352743
4.93	27.09	0.9562221201816312
4.92	28.31	0.9235596640393231
4.92	29.54	1.0529391005254487
4.93	30.78	0.9999408059646564
4.92	31.99	1.31595844343349
4.91	33.17	1.4326988143564412
4.91	34.35	1.402665147440593
4.9	35.49	1.3504414523112
4.88	36.58	1.008055498923424
4.84	37.5	1.841636395062018
6.04	37.42	2.28468756968541
6.09	36.55	1.0641059279589324
6.12	35.48	1.335458482626759
6.13	34.34	1.363736452387756
6.14	33.16	1.4546088398268768
6.15	31.98	1.3063969419851107
6.16	30.78	1.0144549985163938
6.16	29.55	1.0300501087535636
6.15	28.31	0.9307388339718417
6.16	27.08	0.9366362249510685
6.16	25.87	1.0057879154634595
6.16	24.64	1.0748271795933935
6.16	23.41	1.0543910297288752
6.16	22.18	1.0836169852232
6.16	20.96	1.060451032651459
6.16	19.73	1.1465131107933777
6.16	18.49	1.1197545928169852
6.17	17.26	1.0917935766747746
6.17	16.03	1.0763219563506707
6.17	14.8	1.0575492294997506
6.17	13.57	1.0533376064965037
6.17	12.34	1.072626862481318
6.17	11.1	1.0588033070262988
6.17	9.87	1.0073230030087776
6.17	8.64	1.012204446814657
6.17	7.41	0.9849739513029601
6.17	6.17	0.9792502970796981
6.17	4.94	0.9735446446953979
6.17	3.7	0.961428094982594
6.17	2.47	0.959442530864111
6.17	1.23	0.9409567604332167
6.17	-0.0	0.9653924825057896
6.17	-1.23	0.9702857810761039
6.17	-2.47	0.9783512406334278
6.17	-3.7	0.998242813165156
6.17	-4.94	0.9728077363531806
6.17	-6.17	0.9489778953943784
6.17	-7.41	0.9570737394011433
6.17	-8.64	0.9473480145340769
6.17	-9.87	0.9355453852272095
6.17	-11.1	0.9281381558738726
6.17	-12.34	0.9357509953459626
6.17	-13.57	0.9415296706047824
6.17	-14.8	0.9563123274119931
6.17	-16.03	0.9304724696189126
6.17	-17.26	0.9347854792653374
6.16	-18.49	0.9270250654854726
6.16	-19.73	0.9092536612985054
6.16	-20.96	0.899767442275138
6.16	-22.18	0.896910573443864
6.16	-23.41	0.8826327858201433
6.16	-24.64	0.8892694031931958
6.16	-25.87	1.0019258004887996
6.16	-27.08	0.9291036508119035
6.15	-28.31	0.9225127669011126
6.16	-29.55	0.9512920628682178
6.16	-30.78	1.036972197189117
6.15	-31.98	1.2967224873183367
6.14	-33.16	1.3155381573720595
6.13	-34.34	1.0739956522860714
6.12	-35.48	0.9571487527632723
6.09	-36.55	1.0590537007253555
6.04	-37.42	2.5
7.22	-37.3	2.5
7.3	-36.51	1.1791884927140526
7.34	-35.46	0.9183251892328936
7.36	-34.33	1.0545759661524512
7.37	-33.15	1.2877330657219161
7.38	-31.97	1.324714896688799
7.39	-30.78	1.1002055413203262
7.39	-29.55	0.9659084825656405
7.38	-28.31	0.9495534207707665
7.39	-27.08	0.924153667822809
7.39	-25.86	0.979687688273863
7.39	-24.64	0.9174752105531025
7.39	-23.41	0.8938286110988312
7.39	-22.18	0.893386354170616
7.4	-20.95	0.9026956560656902
7.4	-19.73	0.9000007332588496
7.4	-18.49	0.9091318460742484
7.4	-17.26	0.9218422255203667
7.4	-16.03	0.9318755168733475
7.4	-14.8	0.9238956743772277
7.4	-13.57	0.9449848828075247
7.4	-12.34	0.9294453828729718
7.4	-11.1	0.9474179984269648
7.4	-9.87	0.9371725682238017
7.4	-8.64	0.950219641560766
7.41	-7.41	0.9359713967675329
7.41	-6.17	0.9464164320138204
7.41	-4.94	0.9602132365297908
7.41	-3.7	0.9909707042414064
7.41	-2.47	0.979734905403661
7.41	-1.23	0.9517439780124102
7.41	0.0	0.9574981837855088
7.41	1.23	0.9775035615479073
7.41	2.47	0.9719711005252831
7.41	3.7	0.9720509952209397
7.41	4.94	0.9877477539025925
7.41	6.17	0.9913747532616535
7.41	7.41	0.9954771171993082
7.4	8.64	1.0225769787453398
7.4	9.87	1.0109571115835791
7.4	11.1	1.0211068127256748
7.4	12.34	1.0504887148054323
7.4	13.57	1.053047124973907
7.4	14.8	1.0632428369564568
7.4	16.03	1.0745493205034782
7.4	17.26	1.0997423495637326
7.4	18.49	1.1140541915887194
7.4	19.73	1.1196504693322895
7.4	20.95	1.057264437140505
7.39	22.18	1.0840198697033498
7.39	23.41	1.0560155733224876
7.39	24.64	1.0735792108754687
7.39	25.86	0.9864087564343871
7.39	27.08	0.9264865892689889
7.38	28.31	1.0015140027849831
7.39	29.55	0.9929240691048333
7.39	30.78	1.0622901418189894
7.38	31.97	1.3328099444537935
7.37	33.15	1.467939361200762
7.36	34.33	1.3504549271147281
7.34	35.46	1.2541779998439448
7.3	36.51	1.1203379333030838
7.22	37.3	2.5
8.51	36.45	1.2780157732458157
8.55	35.43	1.1383478306169366
8.58	34.31	1.4917027662232663
8.59	33.14	1.5003169911749765
8.6	31.96	1.3577153324486329
8.62	30.77	1.1760300722343402
8.62	29.55	0.9451796784659035
8.62	28.31	1.0407065867176888
8.62	27.08	0.9166809923222381
8.62	25.86	0.9835630238480135
8.62	24.64	1.0876241213138478
8.62	23.41	1.0693301042494028
8.62	22.18	1.058896187375864
8.63	20.95	1.0697910004177054
8.63	19.72	1.0844987019446153
8.63	18.49	1.1435581517891258
8.63	17.26	1.102406191837611
8.63	16.03	1.0848878651510656
8.63	14.8	1.0589369871245662
8.64	13.57	1.0587513378184692
8.64	12.34	1.0352884240983506
8.64	11.1	1.025315492289831
8.64	9.87	1.0191019595223754
8.64	8.64	1.0173111556955918
8.64	7.4	0.9989221393373517
8.64	6.17	0.9802496143636468
8.64	4.94	0.9790682878385892
8.64	3.7	0.9759849463000165
8.64	2.47	0.9758742497553357
8.64	1.23	0.968486600247191
8.64	-0.0	0.9559241229585744
8.64	-1.23	0.9562589172253073
8.64	-2.47	0.9707895277276188
8.64	-3.7	0.975592825735899
8.64	-4.94	0.9622702206125489
8.64	-6.17	0.9541215284739915
8.64	-7.4	0.9364635661219971
8.64	-8.64	0.9292593615008897
8.64	-9.87	0.9349462568344267
8.64	-11.1	0.9423894219591613
8.64	-12.34	0.9373844718038882
8.64	-13.57	0.9332944056007193
8.63	-14.8	0.9273470015375018
8.63	-16.03	0.9132200274960862
8.63	-17.26	0.9256550490374549
8.63	-18.49	0.8932022609523669
8.63	-19.72	0.892466433923655
8.63	-20.95	0.909429718348723
8.62	-22.18	0.9013415769022277
8.62	-23.41	0.8924393777540445
8.62	-24.64	0.9178750221025522
8.62	-25.86	0.9472185627012797
8.62	-27.08	0.9336137157889741
8.62	-28.31	0.9543708477201935
8.62	-29.55	0.9716552467129684
8.62	-30.77	1.1868604737257362
8.6	-31.96	1.3022939306282133
8.59	-33.14	1.2155055261046774
8.58	-34.31	1.0520072438690846
8.55	-35.43	0.9198041970492401
8.51	-36.45	1.3549728782241708
9.7	-36.37	1.7454595402952977
9.76	-35.39	0.9425327170314111
9.8	-34.29	1.0072410459819565
9.82	-33.13	1.1136808123509638
9.83	-31.95	1.3099366223990554
9.84	-30.76	1.2705352121396434
9.85	-29.55	1.01344620694816
9.85	-28.31	0.953354568384583
9.85	-27.08	0.9299793294459633
9.85	-25.85	0.9035995634967708
9.85	-24.63	0.9903996470600447
9.86	-23.41	0.9093516863383027
9.86	-22.18	0.8839735947454095
9.86	-20.95	0.8944232115400084
9.86	-19.72	0.8882813112753416
9.86	-18.49	0.9120973082691481
9.86	-17.26	0.9091043718638794
9.86	-16.03	0.9101929925398338
9.87	-14.8	0.9244470907170745
9.87	-13.57	0.9295524230788903
9.87	-12.34	0.9216532827729731
9.87	-11.1	0.9328608852282603
9.87	-9.87	0.9417286372103151
9.87	-8.64	0.9553380544370942
9.87	-7.4	0.9616365846613011
9.87	-6.17	0.9610784532227594
9.87	-4.94	0.9695414013287671
9.88	-3.7	0.9704577832463599
9.88	-2.47	0.9800365747422068
9.88	-1.23	0.9683299166024275
9.88	0.0	0.9789792303555531
9.88	1.23	0.9897307264986761
9.88	2.47	0.9923254179696839
9.88	3.7	0.9905102679239377
9.87	4.94	1.0086816942339452
9.87	6.17	1.0064656477441076
9.87	7.4	0.9847042686181258
9.87	8.64	1.0193555082753223
9.87	9.87	1.0225045283626724
9.87	11.1	1.0335426504719454
9.87	12.34	1.0372025180728883
9.87	13.57	1.0518442341611864
9.87	14.8	1.0781669017332902
9.86	16.03	1.1318732534764813
9.86	17.26	1.142474092339409
9.86	18.49	1.1238938507741718
9.86	19.72	1.0688877775083974
9.86	20.95	1.0700277862604608
9.86	22.18	1.0626690988734424
9.86	23.41	1.0627488251229291
9.85	24.63	1.034385858632561
9.85	25.85	0.9529132715876507
9.85	27.08	0.9365980843734665
9.85	28.31	1.0509511760081995
9.85	29.55	0.935935378247807
9.84	30.76	1.3006022989070782
9.83	31.95	1.4072168530355214
9.82	33.13	1.5041794684025112
9.8	34.29	1.3735559515358364
9.76	35.39	1.0168280825765486
9.7	36.37	1.4307459465910135
10.88	36.26	1.9308790834131582
10.97	35.34	1.0205613476407205
11.01	34.26	1.362092345362253
11.04	33.11	1.343782056477421
11.05	31.93	1.4922769613508677
11.07	30.75	1.3057308400832115
11.08	29.55	0.9978036865457005
11.08	28.32	0.993299522479858
11.08	27.08	1.0125454587626805
11.08	25.85	0.939778969377989
11.08	24.63	0.978498104059387
11.09	23.41	1.0819501331821666
11.09	22.18	1.0642851314264323
11.09	20.95	1.0654904367129419
11.09	19.72	1.059063595321998
11.1	18.49	1.0739499255976392
11.1	17.26	1.144690065137718
11.1	16.03	1.1071028946175634
11.1	14.8	1.0896534099153135
11.1	13.57	1.0773591487857743
11.1	12.34	1.0625299813378675
11.1	11.1	1.0383395295093578
11.1	9.87	1.0314898773062895
11.1	8.64	1.0278566670684288
11.1	7.4	0.9967697071589647
11.1	6.17	1.0040512773981236
11.1	4.94	1.0007506766794396
11.11	3.7	0.9845859000990327
11.11	2.47	1.0118455410399294
11.11	1.23	1.0046678019342377
11.11	-0.0	1.0122040736106683
11.11	-1.23	1.002869389920762
11.11	-2.47	0.9905164838624811
11.11	-3.7	0.9788312066767846
11.1	-4.94	0.9718894806267544
11.1	-6.17	0.9742907117688109
11.1	-7.4	0.936386049501742
11.1	-8.64	0.9322273652970372
11.1	-9.87	0.9230677849476407
11.1	-11.1	0.9245036630288785
11.1	-12.34	0.9431987132966277
11.1	-13.57	0.9317223528400138
11.1	-14.8	0.9274202384246477
11.1	-16.03	0.9121586010092475
11.1	-17.26	0.9073546690583987
11.1	-18.49	0.9045582739868196
11.09	-19.72	0.9025004023444989
11.09	-20.95	0.8893542897690496
11.09	-22.18	0.8999558254335414
11.09	-23.41	0.908958734196796
11.08	-24.63	0.9633297383730604
11.08	-25.85	0.9190836878516064
11.08	-27.08	0.9502552997081608
11.08	-28.32	0.971218622025126
11.08	-29.55	1.101528972048154
11.07	-30.75	1.3098725653116814
11.05	-31.93	1.3023153552406619
11.04	-33.11	1.0322884717229188
11.01	-34.26	0.9562537440051466
10.97	-35.34	1.031896707665787
10.88	-36.26	2.5
12.02	-36.05	2.5
12.16	-35.27	1.1246898571933839
12.22	-34.22	0.8957124477459821
12.25	-33.09	1.0126141010591656
12.27	-31.91	1.2283594790617745
12.29	-30.73	1.322856611682056
12.31	-29.54	1.1908748346920284
12.31	-28.32	0.9879410121842271
12.31	-27.08	0.9557119746415621
12.31	-25.85	0.916239735320544
12.31	-24.63	0.9356497448759251
12.32	-23.4	0.9900672347740223
12.32	-22.18	0.9045273463400658
12.32	-20.94	0.8884474022687563
12.32	-19.72	0.9117543790164007
12.33	-18.49	0.9214161681673882
12.33	-17.26	0.9309408797286558
12.33	-16.03	0.9143758143725211
12.33	-14.8	0.9186136981975039
12.33	-13.56	0.9348989822810436
12.33	-12.33	0.9290941195691484
12.34	-11.1	0.9410574279764514
12.34	-9.87	0.9459595479423673
12.34	-8.64	0.9471469267855674
12.34	-7.4	0.9496917826627733
12.34	-6.17	0.9438906222517414
12.34	-4.93	0.9651834013871454
12.34	-3.7	0.9601791293696094
12.34	-2.47	0.9696322060768754
12.34	-1.23	0.9765193192740504
12.34	0.0	0.9905212670467662
12.34	1.23	1.00699723311984
12.34	2.47	0.9877517711563222
12.34	3.7	0.9933524388555748
12.34	4.93	0.9858632443700799
12.34	6.17	0.9891954878578568
12.34	7.4	1.0128715417803171
12.34	8.64	1.0295476360772637
12.34	9.87	1.0275444057998122
12.34	11.1	1.03800796456399
12.33	12.33	1.0882426098898499
12.33	13.56	1.0665564064608803
12.33	14.8	1.0895927643895922
12.33	16.03	1.1038220238385463
12.33	17.26	1.114951259391428
12.33	18.49	1.0774115334776422
12.32	19.72	1.0920048510802456
12.32	20.94	1.0958303996082561
12.32	22.18	1.0594631529067264
12.32	23.4	1.0549554285977116
12.31	24.63	0.9748454517568872
12.31	25.85	0.9402718392141587
12.31	27.08	1.0621597972445986
12.31	28.32	0.9214676774738519
12.31	29.54	1.1896455135726134
12.29	30.73	1.3373531763765945
12.27	31.91	1.5621028171135274
12.25	33.09	1.46173323650327
12.22	34.22	1.2279498159685769
12.16	35.27	1.1553338577384586
12.02	36.05	2.4702102192570052
13.34	35.17	1.3927476878354597
13.42	34.17	1.04704331819676
13.47	33.06	1.447470142141123
13.49	31.9	1.527401386616826
13.51	30.71	1.4023479374771952
13.53	29.53	1.271700367662846
13.54	28.32	0.960060416832766
13.54	27.08	1.0191884116363443
13.54	25.85	0.9312461426461844
13.54	24.62	0.9505655767167385
13.55	23.4	0.9969678925856682
13.55	22.17	1.067480802789964
13.55	20.94	1.0666910314535887
13.55	19.71	1.0746045029936013
13.56	18.49	1.0762127573095182
13.56	17.26	1.0478681188050274
13.56	16.03	1.1250061853179316
13.56	14.8	1.095817084375871
13.56	13.56	1.0659096302585924
13.56	12.33	1.0643145833184642
13.57	11.1	1.0542022890562555
13.57	9.87	1.0197358386182396
13.57	8.64	1.004811996142493
13.57	7.4	1.0112440160531575
13.57	6.17	1.0051988286138513
13.57	4.93	0.9953160234019336
13.57	3.7	0.9750955831864969
13.57	2.47	1.010951983366267
13.57	1.23	1.0072255357556053
13.57	-0.0	0.9806910021599355
13.57	-1.23	0.976647191793182
13.57	-2.47	0.9519647058495329
13.57	-3.7	0.9426945862557998
13.57	-4.93	0.9630090710799468
13.57	-6.17	0.9545155248416037
13.57	-7.4	0.950446093818412
13.57	-8.64	0.9364827123204034
13.57	-9.87	0.9388640026720019
13.57	-11.1	0.9288648307721781
13.56	-12.33	0.9439984390704037
13.56	-13.56	0.9318580172344468
13.56	-14.8	0.9079501538601376
13.56	-16.03	0.923168017605736
13.56	-17.26	0.9051598758345412
13.56	-18.49	0.8974662652374557
13.55	-19.71	0.8874802854031874
13.55	-20.94	0.9048328310391973
13.55	-22.17	0.9335562121353167
13.55	-23.4	0.9683916647927422
13.54	-24.62	0.9302399949883924
13.54	-25.85	0.9421556595055183
13.54	-27.08	0.9473131103565366
13.54	-28.32	1.0641693707520261
13.53	-29.53	1.2971899415699406
13.51	-30.71	1.310836119364244
13.49	-31.9	1.0790331296582476
13.47	-33.06	0.9862201619384798
13.42	-34.17	0.952402010814617
13.34	-35.17	1.4300106753115935
14.49	-35.02	2.4465744383230517
14.62	-34.1	1.0223867984132005
14.67	-33.02	0.898015530214586
14.71	-31.87	0.9952564612622252
14.73	-30.69	1.2471065538732518
14.75	-29.51	1.335033326174523
14.77	-28.31	1.2012298296509591
14.78	-27.09	0.9741629008282366
14.77	-25.85	0.9509548356248265
14.77	-24.62	0.9399737315559076
14.77	-23.39	0.9201347309385604
14.78	-22.17	0.9536211313612313
14.78	-20.94	0.9170303671982936
14.78	-19.71	0.8757698132281728
14.79	-18.48	0.8996103124488242
14.79	-17.25	0.9178656726027317
14.79	-16.03	0.9130140504546276
14.79	-14.79	0.9496731306608055
14.8	-13.56	0.9111254566599936
14.8	-12.33	0.9328069362841518
14.8	-11.1	0.9306455842952879
14.8	-9.87	0.9567669691777079
14.8	-8.63	0.9577960090842907
14.8	-7.4	0.9724814032806286
14.8	-6.17	0.969003766677778
14.8	-4.93	0.978223637820995
14.8	-3.7	0.9817389436921511
14.8	-2.47	0.9968615912776055
14.8	-1.23	0.9875495865585604
14.8	0.0	1.0097878185769247
14.8	1.23	0.9965228672625281
14.8	2.47	1.0035012304598112
14.8	3.7	1.0219727987909257
14.8	4.93	1.0079911891200668
14.8	6.17	1.0024358106091995
14.8	7.4	1.022522983880359
14.8	8.63	1.022177307437219
14.8	9.87	1.0584836273420475
14.8	11.1	1.0312191443236163
14.8	12.33	1.0724250645476738
14.8	13.56	1.0936329902615505
14.79	14.79	1.0898884539781308
14.79	16.03	1.0252967366203674
14.79	17.25	1.0424697399559477
14.79	18.48	1.0647264598659234
14.78	19.71	1.0759953487310554
14.78	20.94	1.0825307915591944
14.78	22.17	1.0171767119897845
14.77	23.39	0.9689443059337597
14.77	24.62	0.9344698011871886
14.77	25.85	1.0358977767864825
14.78	27.09	0.9419507100628657
14.77	28.31	1.1118788584010586
14.75	29.51	1.2724012938661549
14.73	30.69	1.5603454948616058
14.71	31.87	1.3352811489631877
14.67	33.02	1.396516879765204
14.62	34.1	1.04547504720027
14.49	35.02	1.9332640659264548
15.79	34.0	1.19537261499402
15.87	32.97	1.068625598243611
15.92	31.84	1.4266206839180846
15.95	30.67	1.5427818081594413
15.97	29.48	1.396503285532745
15.99	28.3	1.2622311544386928
16.01	27.09	0.9948704925586842
16.01	25.85	0.99398030538363
16.0	24.62	0.9908070313629445
16.0	23.39	0.9480811613489903
16.01	22.16	0.9859472731238119
16.01	20.94	1.0660730409001076
16.02	19.71	1.0614596344036462
16.02	18.48	1.059158554376035
16.02	17.25	1.0703425915283749
16.02	16.02	1.0339627266376343
16.03	14.79	1.042027201928982
16.03	13.56	1.1094565863768127
16.03	12.33	1.0788729681626261
16.03	11.1	1.0691656674878054
16.03	9.86	1.0229696387234588
16.03	8.63	1.0245661573740303
16.03	7.4	1.011693442826119
16.03	6.17	1.0002053926607495
16.04	4.93	1.0043549570733923
16.04	3.7	1.0291240317721684
16.04	2.47	1.0274678450268855
16.04	1.23	1.0161063442534823
16.04	-0.0	1.0193378193271672
16.04	-1.23	1.0086300224293296
16.04	-2.47	1.0019338964886941
16.04	-3.7	0.9889565239965297
16.04	-4.93	0.98463557407824
16.03	-6.17	0.9837358764815187
16.03	-7.4	0.9672115866822351
16.03	-8.63	0.9782128905569785
16.03	-9.86	0.964764888871624
16.03	-11.1	0.9435501864540612
16.03	-12.33	0.9259776422174291
16.03	-13.56	0.9324578299580235
16.03	-14.79	0.9254440795771366
16.02	-16.02	0.9213622006799707
16.02	-17.25	0.8937836682789282
16.02	-18.48	0.8995696232138517
16.02	-19.71	0.8987761794093805
16.01	-20.94	0.9373020214298826
16.01	-22.16	0.9257062020100033
16.0	-23.39	0.959605473289078
16.0	-24.62	0.9626770843327748
16.01	-25.85	0.977383331156747
16.01	-27.09	1.084491828635291
15.99	-28.3	1.2852728000733258
15.97	-29.48	1.337082742470315
15.95	-30.67	1.0731099332511036
15.92	-31.84	0.9888607293232603
15.87	-32.97	0.9210308372032827
15.79	-34.0	1.0700096860737158
16.92	-33.85	1.5023905965539726
17.06	-32.9	0.9986936395106119
17.12	-31.8	0.8835451186210825
17.16	-30.65	1.0050533652644233
17.19	-29.46	1.2138111067503772
17.21	-28.27	1.365719585306648
17.23	-27.08	1.240299715266298
17.24	-25.86	1.0244476212942697
17.23	-24.62	0.9595878118480217
17.23	-23.38	0.9616852267549447
17.23	-22.16	0.9408035772520273
17.24	-20.93	0.9331339832154857
17.25	-19.71	0.945381789505678
17.25	-18.48	0.9125843082303664
17.25	-17.25	0.8963455291300937
17.25	-16.02	0.9085994440147003
17.25	-14.79	0.9251627383917169
17.26	-13.56	0.9331990158465908
17.26	-12.33	0.9324356595749705
17.26	-11.1	0.9311192715929533
17.26	-9.86	0.9330980302845688
17.26	-8.63	0.9322555899090137
17.26	-7.4	0.9473382837042514
17.26	-6.17	0.9575870782744786
17.26	-4.93	0.9566583780824134
17.27	-3.7	0.9815300357329235
17.27	-2.47	0.9698275305566089
17.27	-1.23	0.9702570784318691
17.27	0.0	1.0106474529378895
17.27	1.23	1.0061748667729828
17.27	2.47	1.0119019100104651
17.27	3.7	0.9933846292998822
17.26	4.93	0.9978664183909132
17.26	6.17	0.9916280515690108
17.26	7.4	1.0088807605866936
17.26	8.63	1.0409228685596954
17.26	9.86	1.0548773103505846
17.26	11.1	1.0589794005764332
17.26	12.33	1.0790274740538317
17.26	13.56	1.0233025984737036
17.25	14.79	1.032833650092135
17.25	16.02	1.044791273938527
17.25	17.25	1.0722361488021956
17.25	18.48	1.0440990470190856
17.25	19.71	1.0864967875525675
17.24	20.93	0.9939429050798676
17.23	22.16	0.953113830424269
17.23	23.38	0.9228876164705984
17.23	24.62	1.053051855759417
17.24	25.86	0.9503576399042233
17.23	27.08	1.1546784576075533
17.21	28.27	1.2877145290147478
17.19	29.46	1.5668057043462733
17.16	30.65	1.2945526996807981
17.12	31.8	1.42629063029516
17.06	32.9	1.0134080132690881
16.92	33.85	1.6358445834391038
18.21	32.78	1.2122652026219374
18.31	31.74	1.0411782992625032
18.37	30.61	1.399396266285625
18.4	29.44	1.4320492829276894
18.42	28.25	1.4398275093686719
18.45	27.06	1.2250099968148138
18.47	25.85	1.0580738302674906
18.47	24.63	0.9886271405993448
18.46	23.39	1.0240545045497758
18.46	22.15	0.9388902981278404
18.47	20.93	0.9682468659966155
18.47	19.7	0.9886614586967024
18.48	18.48	1.0554589535291203
18.48	17.25	1.0571346421870134
18.48	16.02	1.074586705636503
18.48	14.79	1.0403195306760482
18.49	13.56	1.0321665420432407
18.49	12.33	1.0046563143687433
18.49	11.1	1.027080500667779
18.49	9.86	1.0836765984981973
18.49	8.63	1.0442730323838214
18.49	7.4	1.0268788414652317
18.49	6.16	1.0116496208060957
18.5	4.93	0.9911875654318578
18.5	3.7	0.9783192241145251
18.5	2.47	0.9716552761694732
18.5	1.23	0.9866763787271449
18.5	-0.0	0.9674426597536092
18.5	-1.23	0.9414281869527592
18.5	-2.47	0.9679710856673367
18.5	-3.7	0.9533749337863959
18.5	-4.93	0.9603975140655745
18.49	-6.16	0.9439343793023518
18.49	-7.4	0.9318719246863587
18.49	-8.63	0.9500575922109498
18.49	-9.86	0.9402862750276881
18.49	-11.1	0.9464762559735238
18.49	-12.33	0.9485660633105839
18.49	-13.56	0.9397412291755156
18.48	-14.79	0.9075308802107864
18.48	-16.02	0.9110488694629018
18.48	-17.25	0.928695318684639
18.48	-18.48	0.9546232560017245
18.47	-19.7	0.9423358686201908
18.47	-20.93	0.9489113768472954
18.46	-22.15	0.9646619497031148
18.46	-23.39	0.9577389940369567
18.47	-24.63	0.9754010773885717
18.47	-25.85	1.18537902838799
18.45	-27.06	1.3345090809979743
18.42	-28.25	1.3069170200196893
18.4	-29.44	1.0375709730567468
18.37	-30.61	0.9655621744341474
18.31	-31.74	0.9653121340572026
18.21	-32.78	0.9896012448157956
19.32	-32.6	1.311060802033797
19.48	-31.66	0.9742468656653083
19.56	-30.56	0.8926878823787723
19.61	-29.41	1.0088999687490023
19.63	-28.22	1.1632578970901486
19.66	-27.03	1.3356799637384835
19.68	-25.84	1.2912050720055728
19.7	-24.62	1.1406136264756288
19.7	-23.39	0.9871302781492384
19.69	-22.16	0.9610942141368364
19.69	-20.92	0.9617900324600175
19.7	-19.7	0.9318753811662441
19.7	-18.47	0.9229335760481465
19.71	-17.25	1.005804317201001
19.71	-16.02	0.9334075783410691
19.71	-14.78	0.9137334154408645
19.71	-13.55	0.9012442533944771
19.72	-12.32	0.904656169085138
19.72	-11.09	0.9519014921310642
19.72	-9.86	0.9929036223914292
19.72	-8.63	1.004814962038667
19.73	-7.4	0.9576648799039189
19.73	-6.16	0.9398350692774171
19.73	-4.93	0.9461639489014582
19.73	-3.7	0.9419923523640303
19.73	-2.47	0.9633676564522169
19.73	-1.23	0.996774520636265
19.73	0.0	0.976437381142917
19.73	1.23	0.9769053107222456
19.73	2.47	1.0056239763067616
19.73	3.7	0.9987971675934535
19.73	4.93	1.0222547167518332
19.73	6.16	1.0254599745102775
19.73	7.4	1.0745883552735256
19.72	8.63	1.03565874696997
19.72	9.86	0.9805067200925643
19.72	11.09	0.9973098325916947
19.72	12.32	1.0223167107046844
19.71	13.55	1.0747820071717404
19.71	14.78	1.0752981648366733
19.71	16.02	1.041277947820367
19.71	17.25	1.0411528624427726
19.7	18.47	0.9837766873339753
19.7	19.7	0.96657830499767
19.69	20.92	0.9457598336651873
19.69	22.16	1.0023654651895821
19.7	23.39	1.009252051187655
19.7	24.62	0.9935046883780103
19.68	25.84	1.170129799090903
19.66	27.03	1.3185553511714563
19.63	28.22	1.547258708333219
19.61	29.41	1.3935590093117467
19.56	30.56	1.262411667207842
19.48	31.66	1.0297457765816
19.32	32.6	1.7320705667271756
20.61	31.52	1.3072137579574408
20.73	30.49	0.9896250898831074
20.8	29.36	1.3908642124434278
20.84	28.2	1.2315342435377277
20.87	27.01	1.5433308827691272
20.89	25.81	1.2693617355527644
20.92	24.61	1.1463719649702275
20.93	23.39	1.0087832937053598
20.93	22.16	1.021004914461706
20.92	20.92	0.983962937891758
20.92	19.69	0.948629260754771
20.93	18.47	0.9787412993961944
20.93	17.24	0.9788598105460782
20.94	16.01	1.0522344502128202
20.94	14.78	1.035120266677506
20.94	13.55	1.066671259431084
20.94	12.32	1.107633760904685
20.95	11.09	1.0357794068310984
20.95	9.86	1.0053020674678823
20.95	8.63	0.9705533194271441
20.95	7.4	0.9740123855649383
20.96	6.16	0.9949832904377098
20.96	4.93	1.0220835195260811
20.96	3.7	1.036959532536713
20.96	2.47	1.0242167729410347
20.96	1.23	0.9982873161311652
20.96	-0.0	0.9937244554116456
20.96	-1.23	0.9938918668244998
20.96	-2.47	0.9938165880784826
20.96	-3.7	1.0171889427481737
20.96	-4.93	1.038665268790643
20.96	-6.16	1.0372827952634056
20.95	-7.4	1.0076634709665955
20.95	-8.63	0.9438812500142122
20.95	-9.86	0.903941034116766
20.95	-11.09	0.9199005417156938
20.94	-12.32	0.9372088040803561
20.94	-13.55	0.9537344175798745
20.94	-14.78	0.9424282596780245
20.94	-16.01	0.9540515651961083
20.93	-17.24	0.9425621721220256
20.93	-18.47	0.9386900264838136
20.92	-19.69	0.9498921296628353
20.92	-20.92	0.9470221886158505
20.93	-22.16	0.9754678931154839
20.93	-23.39	1.12495899438529
20.92	-24.61	1.2563809992727792
20.89	-25.81	1.3060620234425535
20.87	-27.01	1.2161747789368436
20.84	-28.2	1.0300896899318452
20.8	-29.36	0.9275818012072641
20.73	-30.49	0.9505875625951097
20.61	-31.52	0.9803700786174563
21.63	-31.24	1.525156757538194
21.87	-30.38	0.9123111022827715
21.97	-29.3	0.9230538502617014
22.04	-28.16	0.9727686999502367
22.07	-26.98	1.040991332704463
22.1	-25.78	1.234540490731833
22.13	-24.59	1.291985315535288
22.15	-23.38	1.2565207859949998
22.16	-22.16	1.1114265791557143
22.16	-20.93	0.9793972374579667
22.16	-19.69	0.9603554201968496
22.15	-18.46	0.960039761450739
22.16	-17.23	0.954001100485927
22.16	-16.01	0.9417518045723963
22.17	-14.78	0.9351840425461706
22.17	-13.55	0.9716558956296586
22.18	-12.32	0.9443331452785237
22.18	-11.09	0.9473157894922508
22.18	-9.86	0.9267076405781784
22.18	-8.62	0.9113482414860288
22.18	-7.39	0.8986311277968468
22.18	-6.16	0.9089629610255248
22.18	-4.93	0.9119603893512007
22.19	-3.7	0.9210637366333891
22.19	-2.47	0.9171985994203187
22.19	-1.23	0.934167831320126
22.19	0.0	0.9329724955361911
22.19	1.23	0.9371789693364487
22.19	2.47	0.9476022071759571
22.19	3.7	0.9409918325874864
22.18	4.93	0.965261074033581
22.18	6.16	0.9617210682580923
22.18	7.39	0.9888817081526824
22.18	8.62	1.065697148704034
22.18	9.86	1.1576287081412229
22.18	11.09	1.1364236826875507
22.18	12.32	1.0436883467304146
22.17	13.55	1.0373426863983024
22.17	14.78	1.0137319635029591
22.16	16.01	0.9796991494449951
22.16	17.23	0.9682739491467318
22.15	18.46	0.9554271991915195
22.16	19.69	0.97454015143901
22.16	20.93	1.0357859886654524
22.16	22.16	0.9976693618724042
22.15	23.38	1.1169053041031969
22.13	24.59	1.2170930406707425
22.1	25.78	1.4743586067508465
22.07	26.98	1.2785253106144463
22.04	28.16	1.3508353760986402
21.97	29.3	1.0417826438629074
21.87	30.38	1.1306384303857158
21.63	31.24	2.5
22.94	30.18	1.61419808058759
23.12	29.2	1.0499738376872783
23.21	28.1	1.1578665183176051
23.27	26.94	1.4521724088072112
23.31	25.76	1.3488890435690983
23.33	24.56	1.4225968810565703
23.36	23.36	1.182807322160552
23.38	22.15	1.1098534793908037
23.39	20.93	1.0251822670313189
23.39	19.7	1.03065559928213
23.39	18.46	0.9738647132621328
23.38	17.23	0.9613198117285577
23.39	16.0	0.9802552221545557
23.39	14.77	0.9695716507111136
23.4	13.55	0.9936298116010365
23.4	12.32	1.0452343206384036
23.41	11.09	1.039297282805375
23.41	9.86	1.090977338634561
23.41	8.62	1.1995295982451912
23.41	7.39	1.2596814867783044
23.41	6.16	1.2383787004646498
23.41	4.93	1.1192119895284227
23.41	3.7	1.0113390342267747
23.41	2.46	0.9680090430370045
23.41	1.23	0.9444298639079909
23.41	-0.0	0.9233534272383128
23.41	-1.23	0.9175891085273413
23.41	-2.46	0.9142296072961358
23.41	-3.7	0.9213924643262414
23.41	-4.93	0.9089293156308766
23.41	-6.16	0.9235879263164897
23.41	-7.39	0.9382275167943144
23.41	-8.62	0.9594968470022742
23.41	-9.86	0.9750262995104242
23.41	-11.09	0.9797698173169689
23.4	-12.32	0.9827093635578565
23.4	-13.55	0.9573286651843338
23.39	-14.77	0.9874975508245862
23.39	-16.0	0.9796665869883192
23.38	-17.23	0.974731039477291
23.39	-18.46	0.9664826648415268
23.39	-19.7	0.9994636119530576
23.39	-20.93	1.1254235881341659
23.38	-22.15	1.2293494106275826
23.36	-23.36	1.2761173490843714
23.33	-24.56	1.2358277139883018
23.31	-25.76	1.0571640661985224
23.27	-26.94	1.0137303780126983
23.21	-28.1	0.9797117459015023
23.12	-29.2	0.923681479554995
22.94	-30.18	1.0903127746295302
24.2	-29.04	0.9766192299327248
24.36	-28.01	0.971026846699619
24.44	-26.89	0.9799891692279878
24.5	-25.72	1.0279596013960424
24.53	-24.53	1.0536762946286036
24.56	-23.33	1.231818930201384
24.59	-22.13	1.2767784440891772
24.61	-20.92	1.2334314590793314
24.62	-19.7	1.1756605271650606
24.63	-18.47	1.0428837611254638
24.62	-17.23	0.9838249981442759
24.62	-16.0	0.973222599871594
24.62	-14.77	0.9902533270433365
24.62	-13.54	0.9844170180478162
24.63	-12.31	0.9812907762035277
24.63	-11.08	0.9683928726330793
24.63	-9.85	0.9826264285398256
24.64	-8.62	0.9855550523207715
24.64	-7.39	0.9847148087044495
24.64	-6.16	0.9939473977741571
24.64	-4.93	0.9924122149334726
24.64	-3.7	1.0039485315813836
24.64	-2.46	1.0260741238723137
24.64	-1.23	1.078145910991335
24.64	0.0	1.1372581451938597
24.64	1.23	1.2211875121259137
24.64	2.46	1.3015811904903494
24.64	3.7	1.3001040939124682
24.64	4.93	1.2821102694677933
24.64	6.16	1.1724633667327176
24.64	7.39	1.0806638006409646
24.64	8.62	1.0338373234354865
24.63	9.85	1.0338938445058439
24.63	11.08	1.007287052699855
24.63	12.31	0.9877652654218307
24.62	13.54	0.9777454926667541
24.62	14.77	0.9824710735639091
24.62	16.0	0.972517140470921
24.62	17.23	0.9755809838361538
24.63	18.47	1.0082801316142556
24.62	19.7	1.045898721926939
24.61	20.92	1.0900841832884591
24.59	22.13	1.1489218446048577
24.56	23.33	1.4140775678705086
24.53	24.53	1.4162757231565903
24.5	25.72	1.3488684538125089
24.44	26.89	1.1778747364677535
24.36	28.01	0.9802253173320068
24.2	29.04	1.3968633750744983
25.43	27.86	1.2784043341778784
25.59	26.8	0.9761538341998621
25.67	25.67	1.2161647788031633
25.72	24.5	1.3389984086267495
25.76	23.31	1.4017374012335901
25.78	22.1	1.4003053215478918
25.81	20.89	1.1496371508944812
25.84	19.68	1.0793166789539619
25.85	18.47	1.0426700468473733
25.86	17.24	1.0255154051041728
25.85	16.01	0.995429564840407
25.85	14.77	0.9667046351902737
25.85	13.54	0.9699948525655744
25.85	12.31	0.9790793256020569
25.85	11.08	0.9596756531999322
25.85	9.85	0.9898337851112782
25.86	8.62	1.0070488584638841
25.86	7.39	1.016121720873345
25.87	6.16	1.0201096428320433
25.87	4.93	1.0224432227121971
25.87	3.7	1.0372509615564764
25.87	2.46	1.0456981967394068
25.87	1.23	1.0683698245687516
25.87	-0.0	1.0474203546217495
25.87	-1.23	1.0219359065708549
25.87	-2.46	1.0351538369234303
25.87	-3.7	1.0041092556799223
25.87	-4.93	0.9961890618871507
25.87	-6.16	0.9762847958921705
25.86	-7.39	0.9848348649611607
25.86	-8.62	0.9876004480936729
25.85	-9.85	0.998311700048018
25.85	-11.08	1.006295804897725
25.85	-12.31	0.9957251580553406
25.85	-13.54	0.974976509284005
25.85	-14.77	0.9826702791834592
25.85	-16.01	1.0193124037961603
25.86	-17.24	1.0917786558185938
25.85	-18.47	1.1672516283186205
25.84	-19.68	1.2429408483631494
25.81	-20.89	1.2725822297532927
25.78	-22.1	1.1896362546648263
25.76	-23.31	1.0477669811479418
25.72	-24.5	1.0296425151187272
25.67	-25.67	1.0088828914731067
25.59	-26.8	0.9762738115921321
25.43	-27.86	0.9442338786703353
26.65	-26.65	0.9412421400344932
26.8	-25.59	0.9765528181890302
26.89	-24.44	1.007762258078273
26.94	-23.27	1.029593270515412
26.98	-22.07	1.0456559224704058
27.01	-20.87	1.1551982708908124
27.03	-19.66	1.237698165656962
27.06	-18.45	1.2419533281244046
27.08	-17.23	1.1719516315864054
27.09	-16.01	1.1461373283588605
27.09	-14.78	1.0692114129242212
27.08	-13.54	1.0092521648969468
27.08	-12.31	0.9761180756090866
27.08	-11.08	0.98155024331726
27.08	-9.85	0.9790314028602598
27.08	-8.62	0.9887163071697991
27.08	-7.39	1.0011695571797556
27.08	-6.16	0.9968148883073038
27.09	-4.93	0.9949300627648858
27.09	-3.69	0.9831038428185357
27.09	-2.46	0.9834750810485859
27.09	-1.23	0.9970455343768894
27.09	0.0	0.9921033786895865
27.09	1.23	0.987599799262382
27.09	2.46	1.0034801803984923
27.09	3.69	0.9872418097189231
27.09	4.93	0.9859185479525214
27.08	6.16	0.9895631935293974
27.08	7.39	0.9729798235664919
27.08	8.62	0.9755903137417201
27.08	9.85	0.9811816008064635
27.08	11.08	0.9840344154871827
27.08	12.31	0.9716400327506891
27.08	13.54	0.9711334181520082
27.09	14.78	0.9994322581706143
27.09	16.01	1.0457526652742573
27.08	17.23	1.0709849870656951
27.06	18.45	1.0965462676945243
27.03	19.66	1.1643695810924646
27.01	20.87	1.4133329608378133
26.98	22.07	1.334341491934648
26.94	23.27	1.4475792271314
26.89	24.44	1.2742634540884001
26.8	25.59	0.9854252251161242
26.65	26.65	1.232733079656608
27.86	25.43	1.236909097206624
28.01	24.36	0.9840157302696788
28.1	23.21	1.2109644706674025
28.16	22.04	1.564833203498063
28.2	20.84	1.2599139413560696
28.22	19.63	1.4049981266003995
28.25	18.42	1.2357828246633051
28.27	17.21	1.0705805270506197
28.3	15.99	1.0397825872589532
28.31	14.77	1.0587560902335857
28.32	13.54	1.0644957688725798
28.32	12.31	1.0049547509385377
28.32	11.08	0.9811384026281775
28.31	9.85	0.9989058414002017
28.31	8.62	0.9947691922679338
28.31	7.38	0.9927506085712432
28.31	6.15	0.9757376071820207
28.31	4.92	0.963024300186273
28.31	3.69	0.9693925464135065
28.31	2.46	0.9498429806100219
28.31	1.23	0.9568277723137424
28.31	-0.0	0.9480072278921226
28.31	-1.23	0.9599755271997346
28.31	-2.46	0.9667708464497817
28.31	-3.69	0.9529108889458024
28.31	-4.92	0.9467820465859251
28.31	-6.15	0.9733341477283517
28.31	-7.38	0.9579662807316112
28.31	-8.62	0.9684351763540402
28.31	-9.85	0.9757271932698339
28.32	-11.08	1.0075288777948712
28.32	-12.31	1.0646057639774433
28.32	-13.54	1.1087916741777857
28.31	-14.77	1.1546165164185513
28.3	-15.99	1.168363300558518
28.27	-17.21	1.2066735648687388
28.25	-18.42	1.164086229546676
28.22	-19.63	1.0960760386408852
28.2	-20.84	1.0632641524708228
28.16	-22.04	1.0508412919224988
28.1	-23.21	0.9998963043607043
28.01	-24.36	0.9775947733171524
27.86	-25.43	0.946560882901812
29.04	-24.2	0.9686705258845603
29.2	-23.12	0.9868462674210452
29.3	-21.97	1.05341553668592
29.36	-20.8	1.0408390824465492
29.41	-19.61	1.0643789460487207
29.44	-18.4	1.0801171325941397
29.46	-17.19	1.0943376080247447
29.48	-15.97	1.14495531391118
29.51	-14.75	1.1550371661164434
29.53	-13.53	1.147873281019062
29.54	-12.31	1.115703779854
29.55	-11.08	1.112630663216292
29.55	-9.85	1.0704490870275905
29.55	-8.62	1.0291767559379261
29.55	-7.39	1.0274078744487314
29.55	-6.16	0.9989617703708644
29.54	-4.92	0.9845206567183107
29.54	-3.69	0.9738402764736005
29.54	-2.46	0.9713601129000509
29.54	-1.23	0.9736050275754993
29.54	0.0	0.9673109521959411
29.54	1.23	0.9868101891320293
29.54	2.46	0.9684349218708714
29.54	3.69	0.9690943860494343
29.54	4.92	0.986174706587752
29.55	6.16	1.0084397452778155
29.55	7.39	0.9965698806168284
29.55	8.62	0.9972358384812043
29.55	9.85	1.0273824782104821
29.55	11.08	1.0612263384461347
29.54	12.31	1.0573438310914067
29.53	13.53	1.0086262309749863
29.51	14.75	1.0413086104536013
29.48	15.97	1.128390192871473
29.46	17.19	1.3016547968972318
29.44	18.4	1.3465918197484141
29.41	19.61	1.3304225046307119
29.36	20.8	1.6939965989463177
29.3	21.97	1.137370167713935
29.2	23.12	1.0097243135885323
29.04	24.2	1.2945980481030457
30.18	22.94	1.4001657663149771
30.38	21.87	1.0653323845978013
30.49	20.73	1.0328104932282
30.56	19.56	1.4658507578141542
30.61	18.37	1.5525184306997586
30.65	17.16	1.2486327633309324
30.67	15.95	1.3452738589023845
30.69	14.73	1.2273204544214291
30.71	13.51	1.0975634971602144
30.73	12.29	1.02190429140916
30.75	11.07	0.9738133529077313
30.76	9.84	1.0141145773420366
30.77	8.62	1.06438255182894
30.78	7.39	1.0785365157375582
30.78	6.16	1.0160056769431982
30.78	4.93	0.9997641033904712
30.78	3.69	1.039486280066634
30.78	2.46	1.0468610572732757
30.78	1.23	1.0371197225600675
30.78	-0.0	1.0319167441664776
30.78	-1.23	1.011226293935394
30.78	-2.46	1.0230252351652505
30.78	-3.69	1.0179892139794289
30.78	-4.93	1.0406615120562748
30.78	-6.16	1.0415167242809424
30.78	-7.39	1.0692409391512756
30.77	-8.62	1.091160335956526
30.76	-9.84	1.098904506482806
30.75	-11.07	1.1065815824107723
30.73	-12.29	1.0977251613517955
30.71	-13.51	1.0974888729415033
30.69	-14.73	1.0614586763554223
30.67	-15.95	1.0670391209725647
30.65	-17.16	1.089329300238326
30.61	-18.37	1.0586017032968584
30.56	-19.56	1.0381726968778366
30.49	-20.73	1.0489564800262396
30.38	-21.87	0.9889727539583681
30.18	-22.94	0.9887542462736789
31.24	-21.63	1.0263813075696184
31.52	-20.61	0.9795683026274906
31.66	-19.48	1.0275026877462876
31.74	-18.31	1.072330661504017
31.8	-17.12	1.0734181165193046
31.84	-15.92	1.0824221125422646
31.87	-14.71	1.1240683579279143
31.9	-13.49	1.08784848117552
31.91	-12.27	1.036505438382581
31.93	-11.05	1.0348920596805726
31.95	-9.83	1.044750588281108
31.96	-8.6	1.0380444576149062
31.97	-7.38	1.069110222316036
31.98	-6.15	1.0837087216236618
31.99	-4.92	1.1176080834888396
32.0	-3.69	1.1256628358310845
32.0	-2.46	1.113505982723522
32.0	-1.23	1.1523181132378033
32.0	0.0	1.0348372144268767
32.0	1.23	1.068712844028898
32.0	2.46	1.0471411479307235
32.0	3.69	1.05068074377927
31.99	4.92	1.0263593738810215
31.98	6.15	1.0230199454868707
31.97	7.38	0.9701789460255732
31.96	8.6	0.9743399056290531
31.95	9.83	1.0279099614868077
31.93	11.05	1.121135187404927
31.91	12.27	1.1765507377083875
31.9	13.49	1.2850599709858184
31.87	14.71	1.231245020177858
31.84	15.92	1.5206818422992887
31.8	17.12	1.724497976612815
31.74	18.31	1.1865971438466847
31.66	19.48	1.011484007392828
31.52	20.61	1.181407333433909
31.24	21.63	1.7075835475857462
32.6	19.32	1.3700028091277217
32.78	18.21	1.0979726580021367
32.9	17.06	1.0298726573506745
32.97	15.87	1.2554397607597911
33.02	14.67	1.702126000203375
33.06	13.47	1.5190828442771886
33.09	12.25	1.25083145838956
33.11	11.04	1.2212226714274932
33.13	9.82	1.1933617782531112
33.14	8.59	1.1139359409944847
33.15	7.37	1.0947051609875071
33.16	6.14	1.0320844898157127
33.17	4.91	1.0000790415145655
33.18	3.69	0.9648319638520491
33.18	2.46	0.9601665713767567
33.18	1.23	0.9658221740410156
33.19	-0.0	0.9701466093495279
33.18	-1.23	0.9805177522128528
33.18	-2.46	0.9742797078041416
33.18	-3.69	0.9704055510594749
33.17	-4.91	0.9757622313582264
33.16	-6.14	0.9735754309822164
33.15	-7.37	0.9819119522946762
33.14	-8.59	1.0210547037184714
33.13	-9.82	1.0733215992234353
33.11	-11.04	1.12707382914465
33.09	-12.25	1.0989118340858042
33.06	-13.47	1.0688902798006996
33.02	-14.67	1.0748111223691854
32.97	-15.87	1.1146414509883158
32.9	-17.06	1.0725571700326597
32.78	-18.21	1.0065385057438991
32.6	-19.32	1.0041921340121727
33.85	-16.92	1.0516165492423246
34.0	-15.79	1.0173628593379203
34.1	-14.62	1.0963413494891352
34.17	-13.42	1.1684308745033096
34.22	-12.22	1.12785307829271
34.26	-11.01	1.0822265805837237
34.29	-9.8	1.0642634189700964
34.31	-8.58	1.093998086669239
34.33	-7.36	1.0805659378045132
34.34	-6.13	1.0726210272274992
34.35	-4.91	1.0750459129663774
34.35	-3.68	1.0474373692857109
34.36	-2.45	1.0456062281973786
34.36	-1.23	1.0369328523968893
34.36	0.0	1.0542728046325864
34.36	1.23	1.047806070345433
34.36	2.45	1.076696482265044
34.35	3.68	1.1002903696243882
34.35	4.91	1.1335912272645086
34.34	6.13	1.1671819829590833
34.33	7.36	1.1602175257849021
34.31	8.58	1.1910298442480531
34.29	9.8	1.4287440261128692
34.26	11.01	1.6620562989741732
34.22	12.22	1.6457906543879286
34.17	13.42	1.2140982381812826
34.1	14.62	1.0742481586213595
34.0	15.79	1.090515293151178
33.85	16.92	1.300561516971345
35.02	14.49	1.374653448791662
35.17	13.34	1.1695621194721966
35.27	12.16	1.0758363704191076
35.34	10.97	1.0885811934868208
35.39	9.76	1.287719183697127
35.43	8.55	1.6170794023837844
35.46	7.34	1.6344403802050476
35.48	6.12	1.5355566490759456
35.49	4.9	1.3793185313256817
35.51	3.67	1.2473622713116148
35.52	2.45	1.1474498347250677
35.52	1.22	1.1102137768466722
35.52	-0.0	1.0924126618699095
35.52	-1.22	1.0899168319736408
35.52	-2.45	1.0689730266095223
35.51	-3.67	1.0786960492454947
35.49	-4.9	1.0767762398934364
35.48	-6.12	1.1284855746092814
35.46	-7.34	1.150360746727653
35.43	-8.55	1.1879143490466149
35.39	-9.76	1.2062833636397086
35.34	-10.97	1.1560055939387759
35.27	-12.16	1.0667027467604555
35.17	-13.34	1.076334728117466
35.02	-14.49	1.1655346074158377
36.05	-12.02	1.3882681367366745
36.26	-10.88	1.290555008989167
36.37	-9.7	1.1950254219097465
36.45	-8.51	1.150495238312148
36.51	-7.3	1.146146535494216
36.55	-6.09	1.1984287165162621
36.58	-4.88	1.262247375646215
36.6	-3.66	1.3253033670976055
36.61	-2.44	1.370912437705691
36.62	-1.22	1.411201977478238
36.62	0.0	1.435195367334856
36.62	1.22	1.4472696624206254
36.61	2.44	1.4188463229916373
36.6	3.66	1.3570047971164918
36.58	4.88	1.2307017332290222
36.55	6.09	1.1561325842746246
36.51	7.3	1.12944929281886
36.45	8.51	1.1301369739417702
36.37	9.7	1.2076464158880071
36.26	10.88	1.3521663046339878
36.05	12.02	1.5712010826205427
37.3	7.22	1.5333141520666942
37.42	6.04	1.4236763735147235
37.5	4.84	1.3675716467213768
37.55	3.63	1.3312746298347298
37.58	2.42	1.3010022655555575
37.6	1.21	1.2890046987465267
37.6	-0.0	1.3074562078535266
37.6	-1.21	1.3117106355368566
37.58	-2.42	1.3452245194136117
37.55	-3.63	1.3653157109611636
37.5	-4.84	1.4248181586225623
37.42	-6.04	1.4590078462660543
37.3	-7.22	1.4711778627985268
