-37.3	-7.22	1.4404060225678794
-37.42	-6.04	1.414501185991015
-37.5	-4.84	1.4075765693306197
-37.55	-3.63	1.3941502212187764
-37.58	-2.42	1.3791029722297345
-37.6	-1.21	1.352218219689104
-37.6	0.0	1.3579856025563508
-37.6	1.21	1.3568603101399255
-37.58	2.42	1.3687936889097152
-37.55	3.63	1.3966589098698563
-37.5	4.84	1.4428862161107814
-37.42	6.04	1.5376449564628736
-37.3	7.22	1.6592700374316696
-36.05	12.02	1.7660968324427913
-36.26	10.88	1.5019880149145193
-36.37	9.7	1.304372000457481
-36.45	8.51	1.2082593336442047
-36.51	7.3	1.2121258157109374
-36.55	6.09	1.250704137441371
-36.58	4.88	1.383265265354141
-36.6	3.66	1.5053898280817535
-36.61	2.44	1.5108661253441191
-36.62	1.22	1.5158253250089837
-36.62	-0.0	1.4956560516291724
-36.62	-1.22	1.4425499861282587
-36.61	-2.44	1.4384881491827874
-36.6	-3.66	1.3929022914056581
-36.58	-4.88	1.3170779238454209
-36.55	-6.09	1.2475071871870629
-36.51	-7.3	1.1469438667276552
-36.45	-8.51	1.1488389695965946
-36.37	-9.7	1.179202759029474
-36.26	-10.88	1.2750516496475228
-36.05	-12.02	1.367087104245046
-35.02	-14.49	1.1571354975940125
-35.17	-13.34	1.0567468799167736
-35.27	-12.16	1.039339629134778
-35.34	-10.97	1.1668900085209195
-35.39	-9.76	1.2802864384153034
-35.43	-8.55	1.325603110006604
-35.46	-7.34	1.2919183596668233
-35.48	-6.12	1.233060701940179
-35.49	-4.9	1.1899004886791094
-35.51	-3.67	1.1605480868922937
-35.52	-2.45	1.1657245569295167
-35.52	-1.22	1.1555460801222894
-35.52	0.0	1.1408485122900185
-35.52	1.22	1.1498191437370542
-35.52	2.45	1.217017325427122
-35.51	3.67	1.2859486728029381
-35.49	4.9	1.457479717226196
-35.48	6.12	1.6648010281556331
-35.46	7.34	1.8196752982110773
-35.43	8.55	1.8458384257435378
-35.39	9.76	1.494336215888632
-35.34	10.97	1.2184492942096412
-35.27	12.16	1.1535374043034619
-35.17	13.34	1.2639879949811306
-35.02	14.49	1.5029881709503705
-33.85	16.92	1.39984061525025
-34.0	15.79	1.1729393034130373
-34.1	14.62	1.140028339874167
-34.17	13.42	1.4239032530345188
-34.22	12.22	1.831247387691791
-34.26	11.01	1.8465155073497002
-34.29	9.8	1.5017674964042227
-34.31	8.58	1.2835228139101122
-34.33	7.36	1.2656176682000622
-34.34	6.13	1.231194156989865
-34.35	4.91	1.1697752460319002
-34.35	3.68	1.1642098573126622
-34.36	2.45	1.1572332428051109
-34.36	1.23	1.1471133365224242
-34.36	-0.0	1.1295308421545744
-34.36	-1.23	1.152382281977208
-34.36	-2.45	1.138996887063735
-34.35	-3.68	1.1573229151356834
-34.35	-4.91	1.177457114424108
-34.34	-6.13	1.180592572745482
-34.33	-7.36	1.1796811518028143
-34.31	-8.58	1.1411303562056405
-34.29	-9.8	1.0936091212195187
-34.26	-11.01	1.142879965268138
-34.22	-12.22	1.1938580883314156
-34.17	-13.42	1.1800231254385078
-34.1	-14.62	1.049394991202619
-34.0	-15.79	0.9945431694191074
-33.85	-16.92	1.0216004605224658
-32.6	-19.32	0.9900144769351504
-32.78	-18.21	0.9334921270450263
-32.9	-17.06	1.0179205728828036
-32.97	-15.87	1.108992323137727
-33.02	-14.67	1.0985360010070453
-33.06	-13.47	1.0592064282956581
-33.09	-12.25	1.1352635022049622
-33.11	-11.04	1.1983886104270276
-33.13	-9.82	1.1140431133127358
-33.14	-8.59	1.0326655222061127
-33.15	-7.37	0.9911582633995986
-33.16	-6.14	0.968572365380858
-33.17	-4.91	0.9752848519031048
-33.18	-3.69	0.9882578855221746
-33.18	-2.46	0.9946631814348788
-33.18	-1.23	0.9992211394046286
-33.19	0.0	1.0268857685830728
-33.18	1.23	1.0341180183316219
-33.18	2.46	1.0219434851737308
-33.18	3.69	1.0487692429257098
-33.17	4.91	1.0458325779944975
-33.16	6.14	1.0894988409826958
-33.15	7.37	1.2129481672361369
-33.14	8.59	1.2524789516425514
-33.13	9.82	1.2480911101721013
-33.11	11.04	1.3490061003596887
-33.09	12.25	1.3504911468504517
-33.06	13.47	1.6380111139681173
-33.02	14.67	2.0837575322142836
-32.97	15.87	1.5402785653969264
-32.9	17.06	1.1195621929202746
-32.78	18.21	1.1463189885420437
-32.6	19.32	1.4589670303582132
-31.24	21.63	1.8740204303066124
-31.52	20.61	1.2393747872476446
-31.66	19.48	1.0647996136369766
-31.74	18.31	1.294667381810644
-31.8	17.12	1.8350262662258707
-31.84	15.92	1.561666895932749
-31.87	14.71	1.4289347092317906
-31.9	13.49	1.355951075840296
-31.91	12.27	1.3208840527067647
-31.93	11.05	1.2505504674571348
-31.95	9.83	1.1274577420072518
-31.96	8.6	1.06722102570905
-31.97	7.38	1.0494819493330336
-31.98	6.15	0.9752002183781769
-31.99	4.92	0.951452858340418
-32.0	3.69	0.9262801918430768
-32.0	2.46	0.9248548333961395
-32.0	1.23	0.9153803976686428
-32.0	-0.0	0.9359633241204621
-32.0	-1.23	0.958554853063676
-32.0	-2.46	0.9380662747142399
-32.0	-3.69	0.9572445614791114
-31.99	-4.92	0.9723060839626463
-31.98	-6.15	0.98066558404056
-31.97	-7.38	1.0043212392540424
-31.96	-8.6	1.0211370771395947
-31.95	-9.83	1.02288320853667
-31.93	-11.05	1.0137406291027435
-31.91	-12.27	1.0148194492246754
-31.9	-13.49	1.122842807677518
-31.87	-14.71	1.1160120452318782
-31.84	-15.92	1.0488102455084736
-31.8	-17.12	1.0563276070816885
-31.74	-18.31	1.0771128508146575
-31.66	-19.48	0.9748328458612701
-31.52	-20.61	0.9216649174639766
-31.24	-21.63	1.0124371347552845
-30.18	-22.94	0.9388437513374281
-30.38	-21.87	0.8936254242699428
-30.49	-20.73	1.012464833007657
-30.56	-19.56	1.0241151518232439
-30.61	-18.37	1.0319557503324148
-30.65	-17.16	1.0693514009819953
-30.67	-15.95	1.06604568649042
-30.69	-14.73	1.0324699502276191
-30.71	-13.51	1.0490482640996177
-30.73	-12.29	1.0497180671106774
-30.75	-11.07	1.0280389539048844
-30.76	-9.84	1.031003671551952
-30.77	-8.62	1.025277700533227
-30.78	-7.39	1.0506888809237713
-30.78	-6.16	1.0632705572728076
-30.78	-4.93	1.061780111173471
-30.78	-3.69	1.0559975425081172
-30.78	-2.46	1.0418653648348384
-30.78	-1.23	1.0483670455289467
-30.78	0.0	1.084133559664818
-30.78	1.23	1.0646135287847596
-30.78	2.46	1.062783189574855
-30.78	3.69	1.0432066097530601
-30.78	4.93	1.0191596578355266
-30.78	6.16	0.9981384487242106
-30.78	7.39	0.9661942657493716
-30.77	8.62	0.9478794267184583
-30.76	9.84	1.0101143385062858
-30.75	11.07	1.1081010757956093
-30.73	12.29	1.128611119669504
-30.71	13.51	1.2169790516812409
-30.69	14.73	1.3786159449854987
-30.67	15.95	1.460581855412622
-30.65	17.16	1.435662114424117
-30.61	18.37	1.7679601671516494
-30.56	19.56	1.7430469157359143
-30.49	20.73	1.1066784312150197
-30.38	21.87	1.1109172522416513
-30.18	22.94	1.5092446150769963
-29.04	24.2	1.4004407187680767
-29.2	23.12	1.0981730695842318
-29.3	21.97	1.2205002824695201
-29.36	20.8	1.7337491641415
-29.41	19.61	1.4058883371078812
-29.44	18.4	1.5601183116839588
-29.46	17.19	1.4760259007024885
-29.48	15.97	1.2828661717224623
-29.51	14.75	1.165181701622135
-29.53	13.53	1.1162725649756506
-29.54	12.31	1.0109115213779702
-29.55	11.08	0.9520221049101698
-29.55	9.85	0.9993553254792173
-29.55	8.62	1.0357870125370194
-29.55	7.39	1.030932727642682
-29.55	6.16	0.9810582416749014
-29.54	4.92	0.983755963336236
-29.54	3.69	0.966647467409393
-29.54	2.46	0.974921947146548
-29.54	1.23	0.965886825218945
-29.54	-0.0	0.9606930748565548
-29.54	-1.23	0.9542338296548101
-29.54	-2.46	0.9730512834830822
-29.54	-3.69	0.9752423580141834
-29.54	-4.92	0.9755676440271097
-29.55	-6.16	1.0080217672736858
-29.55	-7.39	1.028526113353153
-29.55	-8.62	1.0716389994624915
-29.55	-9.85	1.0821029690937163
-29.55	-11.08	1.105760815792176
-29.54	-12.31	1.0831443931246962
-29.53	-13.53	1.0701489029559497
-29.51	-14.75	1.0765161214885985
-29.48	-15.97	1.0792693801627724
-29.46	-17.19	1.0316359470093692
-29.44	-18.4	1.0469607531884693
-29.41	-19.61	1.0293031331025029
-29.36	-20.8	0.986861778524827
-29.3	-21.97	0.9951140393016562
-29.2	-23.12	0.9114042714403956
-29.04	-24.2	0.9222302153274073
-27.86	-25.43	0.9263887558969071
-28.01	-24.36	0.9313853467281419
-28.1	-23.21	1.000353370627467
-28.16	-22.04	0.9781005144640575
-28.2	-20.84	1.0375182374053393
-28.22	-19.63	1.0282899922973723
-28.25	-18.42	1.1096708754899565
-28.27	-17.21	1.1377806097896244
-28.3	-15.99	1.1107776413348622
-28.31	-14.77	1.1263315549667885
-28.32	-13.54	1.1229248457409113
-28.32	-12.31	1.0891738685291905
-28.32	-11.08	1.03374970024133
-28.31	-9.85	0.9977404584454703
-28.31	-8.62	0.9648127012382783
-28.31	-7.38	0.9490151282397168
-28.31	-6.15	0.9364270365597225
-28.31	-4.92	0.9468828943634868
-28.31	-3.69	0.9307505666178582
-28.31	-2.46	0.970140474657244
-28.31	-1.23	0.9685527871750201
-28.31	0.0	0.9723954402336688
-28.31	1.23	0.9577337580778655
-28.31	2.46	0.9788891179360473
-28.31	3.69	0.9660803403162426
-28.31	4.92	0.9637948292796761
-28.31	6.15	0.9562375654616764
-28.31	7.38	0.9553165023350951
-28.31	8.62	0.960645654120559
-28.31	9.85	0.9404359297989737
-28.32	11.08	1.0272303810432204
-28.32	12.31	1.032619306364662
-28.32	13.54	0.9807324793847112
-28.31	14.77	1.021293795262281
-28.3	15.99	1.1701546090272625
-28.27	17.21	1.1999259236152993
-28.25	18.42	1.3829371453475474
-28.22	19.63	1.5922129627381922
-28.2	20.84	1.317321114718819
-28.16	22.04	1.8457349999679895
-28.1	23.21	1.2430772721676195
-28.01	24.36	1.0718852397446224
-27.86	25.43	1.2963101086206583
-26.65	26.65	1.2790265766922317
-26.8	25.59	1.0574828047484903
-26.89	24.44	1.5656877694231417
-26.94	23.27	1.593411577922744
-26.98	22.07	1.58551753476082
-27.01	20.87	1.5847139811288677
-27.03	19.66	1.328566269099836
-27.06	18.45	1.2120546068160252
-27.08	17.23	1.0935024150400778
-27.09	16.01	1.006731775168003
-27.09	14.78	1.0331523714606963
-27.08	13.54	1.0297996936450033
-27.08	12.31	0.9464600613526386
-27.08	11.08	0.956297320773273
-27.08	9.85	0.965074390118823
-27.08	8.62	0.9515178468412913
-27.08	7.39	0.9739212931946595
-27.08	6.16	0.9948630181541995
-27.09	4.93	0.9881750897581618
-27.09	3.69	0.9788414100032838
-27.09	2.46	1.0280847681953453
-27.09	1.23	1.0263021370315997
-27.09	-0.0	1.005631753323895
-27.09	-1.23	1.0126283957477389
-27.09	-2.46	0.9779803808039444
-27.09	-3.69	0.9937551556225799
-27.09	-4.93	1.0196478440503434
-27.08	-6.16	1.0425620138433338
-27.08	-7.39	1.0316119862112307
-27.08	-8.62	0.9973124821731556
-27.08	-9.85	0.9558871808677161
-27.08	-11.08	0.9511584515487179
-27.08	-12.31	0.9753225209782741
-27.08	-13.54	1.0292165417089416
-27.09	-14.78	1.0964626658662722
-27.09	-16.01	1.1448972059396745
-27.08	-17.23	1.1655351769866549
-27.06	-18.45	1.1575084772667452
-27.03	-19.66	1.1748504348511783
-27.01	-20.87	1.073346783315766
-26.98	-22.07	1.0157328670661592
-26.94	-23.27	0.9901759595996671
-26.89	-24.44	0.984202310511078
-26.8	-25.59	0.9115506043287178
-26.65	-26.65	0.8995596455761774
-25.43	-27.86	0.9240366314226982
-25.59	-26.8	0.8961753782520256
-25.67	-25.67	0.9375751804367338
-25.72	-24.5	0.9481247034230549
-25.76	-23.31	1.0003947690905264
-25.78	-22.1	1.1178150770476307
-25.81	-20.89	1.198827601410546
-25.84	-19.68	1.1863963038089667
-25.85	-18.47	1.1915712912983523
-25.86	-17.24	1.1282803549261864
-25.85	-16.01	1.0233375051170253
-25.85	-14.77	0.9557944185170575
-25.85	-13.54	0.9347304376278052
-25.85	-12.31	0.9778000215860576
-25.85	-11.08	1.015196149661179
-25.85	-9.85	0.9860579481370735
-25.86	-8.62	1.0104526026016085
-25.86	-7.39	1.0136377636433869
-25.87	-6.16	0.9951381823909378
-25.87	-4.93	1.0163833462118257
-25.87	-3.7	1.0274378011322476
-25.87	-2.46	1.0351539587678396
-25.87	-1.23	1.0533101510653653
-25.87	0.0	1.0878032704830511
-25.87	1.23	1.1133413864792203
-25.87	2.46	1.1217617265402176
-25.87	3.7	1.0774480861749698
-25.87	4.93	1.016484819814588
-25.87	6.16	1.0118095572918717
-25.86	7.39	1.0344762661094773
-25.86	8.62	0.9884831543444141
-25.85	9.85	0.9850478347870117
-25.85	11.08	0.9826346743068655
-25.85	12.31	0.9466741483589338
-25.85	13.54	0.9297648368384612
-25.85	14.77	0.9336018162735691
-25.85	16.01	1.0582021487813318
-25.86	17.24	1.0153874515607608
-25.85	18.47	1.0273045583992433
-25.84	19.68	1.236778357523205
-25.81	20.89	1.287099811003741
-25.78	22.1	1.5578203586899075
-25.76	23.31	1.6634558206935512
-25.72	24.5	1.5056603037274172
-25.67	25.67	1.5301417301071503
-25.59	26.8	1.0631444138875956
-25.43	27.86	1.3289393011512622
-24.2	29.04	1.4093035389468174
-24.36	28.01	1.0688584584252645
-24.44	26.89	1.5192850797200617
-24.5	25.72	1.5543038756461574
-24.53	24.53	1.6945521166601392
-24.56	23.33	1.5535612894321797
-24.59	22.13	1.2894687100089852
-24.61	20.92	1.2202345225069609
-24.62	19.7	1.0108313577229664
-24.63	18.47	1.047811148280152
-24.62	17.23	0.9332002775948434
-24.62	16.0	0.9248248367952172
-24.62	14.77	0.9331075380214227
-24.62	13.54	0.9577415595375864
-24.63	12.31	0.9778694652321898
-24.63	11.08	0.9869261514719714
-24.63	9.85	1.0491174179156273
-24.64	8.62	1.0320816270735342
-24.64	7.39	1.2485106152469871
-24.64	6.16	1.3637157266212014
-24.64	4.93	1.2802822336032698
-24.64	3.7	1.1868616135968182
-24.64	2.46	1.069505163562896
-24.64	1.23	1.0079236746481
-24.64	-0.0	0.9324101941741203
-24.64	-1.23	0.9313434206081981
-24.64	-2.46	0.9130567917881196
-24.64	-3.7	0.9125841451697809
-24.64	-4.93	0.9266546195090957
-24.64	-6.16	0.9509533265807129
-24.64	-7.39	0.9892491931247491
-24.64	-8.62	1.050982772182123
-24.63	-9.85	0.9500640911505602
-24.63	-11.08	0.9650034237136937
-24.63	-12.31	0.9492180962620917
-24.62	-13.54	0.9717086963118788
-24.62	-14.77	0.9613014893954785
-24.62	-16.0	0.9221346888466542
-24.62	-17.23	0.9607793665371469
-24.63	-18.47	1.0619731172066498
-24.62	-19.7	1.1794212740842145
-24.61	-20.92	1.2179507128718665
-24.59	-22.13	1.218445086209563
-24.56	-23.33	1.1602205316721133
-24.53	-24.53	0.9671868614191803
-24.5	-25.72	0.9585190173356359
-24.44	-26.89	0.9077142598609207
-24.36	-28.01	0.894553894209503
-24.2	-29.04	0.9862948462345491
-22.94	-30.18	1.1938121374537625
-23.12	-29.2	0.8812057278072629
-23.21	-28.1	0.9255510222762542
-23.27	-26.94	0.9550425725092504
-23.31	-25.76	0.9397425858923061
-23.33	-24.56	1.1765098416358812
-23.36	-23.36	1.2415248847891336
-23.38	-22.15	1.2496616094514321
-23.39	-20.93	1.1657150615521221
-23.39	-19.7	1.0119444201451362
-23.39	-18.46	0.9195924740917611
-23.38	-17.23	0.9259354982555079
-23.39	-16.0	0.9281862882111982
-23.39	-14.77	0.918637306978515
-23.4	-13.55	0.9249674943475288
-23.4	-12.32	0.9502729659254214
-23.41	-11.09	0.9585697578045904
-23.41	-9.86	0.9053951784307825
-23.41	-8.62	0.8910534870388442
-23.41	-7.39	0.8840574564485522
-23.41	-6.16	0.8749514038206865
-23.41	-4.93	0.8608749111420799
-23.41	-3.7	0.8713025984335214
-23.41	-2.46	0.8547222704631672
-23.41	-1.23	0.8839725069191751
-23.41	0.0	0.8736008215258799
-23.41	1.23	0.8841759856808062
-23.41	2.46	0.8926258693406126
-23.41	3.7	0.8866448490345524
-23.41	4.93	0.9287465184707848
-23.41	6.16	1.025444934995452
-23.41	7.39	1.1791233950511284
-23.41	8.62	1.2747432859298051
-23.41	9.86	1.2249470340322528
-23.41	11.09	1.0418218893890971
-23.4	12.32	1.036176805728326
-23.4	13.55	0.9657392276082319
-23.39	14.77	0.9545689591108797
-23.39	16.0	0.9234364315934949
-23.38	17.23	0.9197675251546054
-23.39	18.46	0.92099703519699
-23.39	19.7	1.067361997390881
-23.39	20.93	1.0126700639014903
-23.38	22.15	1.225484752311167
-23.36	23.36	1.320183543952968
-23.33	24.56	1.5590068579223129
-23.31	25.76	1.631143779323211
-23.27	26.94	1.3763969554390236
-23.21	28.1	1.3403731331320472
-23.12	29.2	1.0563208547396297
-22.94	30.18	1.7141491505170876
-21.63	31.24	2.5
-21.87	30.38	1.1098831343145141
-21.97	29.3	1.0564978875297903
-22.04	28.16	1.34444032790638
-22.07	26.98	1.4386902623199038
-22.1	25.78	1.6123594707661422
-22.13	24.59	1.3326217094195805
-22.15	23.38	1.2407359675099672
-22.16	22.16	1.031171574805013
-22.16	20.93	1.0728630222592939
-22.16	19.69	0.9285988882915808
-22.15	18.46	0.9152902510279972
-22.16	17.23	0.9058820577147566
-22.16	16.01	0.9361269422715424
-22.17	14.78	0.9693993601105433
-22.17	13.55	0.972421501257104
-22.18	12.32	1.0643367303213838
-22.18	11.09	1.0798669927868998
-22.18	9.86	0.9720692865884359
-22.18	8.62	0.9289745409400414
-22.18	7.39	0.9131926133044797
-22.18	6.16	0.8965452278356256
-22.18	4.93	0.8927111537406676
-22.19	3.7	0.9374138832410726
-22.19	2.47	0.9642947427928084
-22.19	1.23	0.9612085384799327
-22.19	-0.0	0.9713827686766674
-22.19	-1.23	0.9488114052737986
-22.19	-2.47	0.9752443769070629
-22.19	-3.7	0.9638262396420227
-22.18	-4.93	0.935591283419976
-22.18	-6.16	0.9092279623697275
-22.18	-7.39	0.8763073139538875
-22.18	-8.62	0.864159649404403
-22.18	-9.86	0.8812427166305774
-22.18	-11.09	0.90250284641645
-22.18	-12.32	0.9121666842747977
-22.17	-13.55	1.0513136845394282
-22.17	-14.78	0.94430476461977
-22.16	-16.01	0.9037125337748932
-22.16	-17.23	0.9176026541454698
-22.15	-18.46	0.9050287545973106
-22.16	-19.69	0.9059977737750593
-22.16	-20.93	0.9724400641896738
-22.16	-22.16	1.160030853351504
-22.15	-23.38	1.268509530978676
-22.13	-24.59	1.252152808752295
-22.1	-25.78	1.1495955773069335
-22.07	-26.98	0.9538781715698548
-22.04	-28.16	0.9338345614747716
-21.97	-29.3	0.9058115109190581
-21.87	-30.38	0.9244370033882596
-21.63	-31.24	1.8973640967007839
-20.61	-31.52	1.0109023775926218
-20.73	-30.49	0.950248464720957
-20.8	-29.36	0.9171497349406623
-20.84	-28.2	0.949946491833443
-20.87	-27.01	1.1287105703189155
-20.89	-25.81	1.2767866391578764
-20.92	-24.61	1.2659410987183666
-20.93	-23.39	1.1636113346755064
-20.93	-22.16	0.9565691633459235
-20.92	-20.92	0.9174211583390726
-20.92	-19.69	0.9094469109232692
-20.93	-18.47	0.9104026941729373
-20.93	-17.24	0.9136143640149825
-20.94	-16.01	1.0287847726661319
-20.94	-14.78	0.9277340708635373
-20.94	-13.55	0.8670671687418476
-20.94	-12.32	0.8641247890541095
-20.95	-11.09	0.8577450468319938
-20.95	-9.86	0.8887685083775798
-20.95	-8.63	0.9064179546049855
-20.95	-7.4	0.9214204338241974
-20.96	-6.16	0.9250303126466104
-20.96	-4.93	0.916455923886744
-20.96	-3.7	0.9079899415336792
-20.96	-2.47	0.9060999221533317
-20.96	-1.23	0.8947401833366175
-20.96	0.0	0.8878543245108155
-20.96	1.23	0.9138944766976307
-20.96	2.47	0.941441930243041
-20.96	3.7	0.9414620791140909
-20.96	4.93	0.9623812010827493
-20.96	6.16	0.9751426642334469
-20.95	7.4	0.9408470073019188
-20.95	8.63	0.9136566350262818
-20.95	9.86	0.9230964190606432
-20.95	11.09	0.927957340793446
-20.94	12.32	0.9481470634934572
-20.94	13.55	1.01028502589263
-20.94	14.78	0.9654303774038038
-20.94	16.01	0.9577264193193482
-20.93	17.24	0.9370886551118849
-20.93	18.47	0.9035321640688991
-20.92	19.69	0.9144886477025622
-20.92	20.92	0.9305640210630735
-20.93	22.16	1.0094483135645902
-20.93	23.39	1.0516122026846384
-20.92	24.61	1.2811042361581118
-20.89	25.81	1.423311945359985
-20.87	27.01	1.7067796977471272
-20.84	28.2	1.315943449466488
-20.8	29.36	1.4312293272133285
-20.73	30.49	1.0332336748500959
-20.61	31.52	1.3156519511055347
-19.32	32.6	1.8237472496813236
-19.48	31.66	1.05468657529633
-19.56	30.56	1.5103265049519168
-19.61	29.41	1.4945378354923422
-19.63	28.22	1.715467112596965
-19.66	27.03	1.5168192596485301
-19.68	25.84	1.3141318217713671
-19.7	24.62	1.0628525003992113
-19.7	23.39	1.1129040069773568
-19.69	22.16	0.9397058865058847
-19.69	20.92	0.9096609802488516
-19.7	19.7	0.9026299577418317
-19.7	18.47	0.96410805579879
-19.71	17.25	0.9818252245338019
-19.71	16.02	0.9613122639682858
-19.71	14.78	0.975459707594557
-19.71	13.55	0.9421770212755032
-19.72	12.32	0.9232816986614605
-19.72	11.09	0.9258117431917405
-19.72	9.86	0.9661633633878441
-19.72	8.63	1.0011037790434294
-19.73	7.4	0.9515495266942207
-19.73	6.16	0.9366326428817651
-19.73	4.93	0.9273238864263567
-19.73	3.7	0.9077064131566797
-19.73	2.47	0.895761762553847
-19.73	1.23	0.9149885418250472
-19.73	-0.0	0.912910898579983
-19.73	-1.23	0.8994678644115295
-19.73	-2.47	0.8886879294323098
-19.73	-3.7	0.8813079266438919
-19.73	-4.93	0.880358962171643
-19.73	-6.16	0.8736372678445079
-19.73	-7.4	0.8880058843250103
-19.72	-8.63	0.8793192890472623
-19.72	-9.86	0.8818541153624633
-19.72	-11.09	0.8882746945742026
-19.72	-12.32	0.8850317371296779
-19.71	-13.55	0.8495561608398656
-19.71	-14.78	0.8578078848500201
-19.71	-16.02	0.8820502838374509
-19.71	-17.25	1.0091635811998758
-19.7	-18.47	0.9010540645827438
-19.7	-19.7	0.8876999297387922
-19.69	-20.92	0.9201862307111464
-19.69	-22.16	0.8980269334674791
-19.7	-23.39	0.9816599526190473
-19.7	-24.62	1.1637861894795885
-19.68	-25.84	1.2844092807772611
-19.66	-27.03	1.2858582079823844
-19.63	-28.22	1.0572417826690783
-19.61	-29.41	0.9634064148879542
-19.56	-30.56	0.8617964386057402
-19.48	-31.66	0.8994479667795829
-19.32	-32.6	1.6898508329501354
-18.21	-32.78	1.0192898788259708
-18.31	-31.74	0.9145819882430004
-18.37	-30.61	0.9357372986233408
-18.4	-29.44	0.9829774129586513
-18.42	-28.25	1.2748630918442192
-18.45	-27.06	1.2998702990682869
-18.47	-25.85	1.2096152607439752
-18.47	-24.63	0.9967407012380027
-18.46	-23.39	0.8919809327516521
-18.46	-22.15	0.8944610245535394
-18.47	-20.93	0.8921190982688598
-18.47	-19.7	0.8912685936705813
-18.48	-18.48	0.891672968114622
-18.48	-17.25	0.8682264422108208
-18.48	-16.02	0.8606081720632393
-18.48	-14.79	0.8642818827258827
-18.49	-13.56	0.8697403376155499
-18.49	-12.33	0.8899020724099405
-18.49	-11.1	0.8679371110310079
-18.49	-9.86	0.8677917248614095
-18.49	-8.63	0.8680508291490572
-18.49	-7.4	0.8744348309538932
-18.49	-6.16	0.8889423511447152
-18.5	-4.93	0.9068900060970115
-18.5	-3.7	0.9315135071049969
-18.5	-2.47	0.9374916188686333
-18.5	-1.23	0.9053079020146111
-18.5	0.0	0.9238568931243565
-18.5	1.23	0.9717283543791222
-18.5	2.47	0.9558425823579544
-18.5	3.7	0.9635292815673333
-18.5	4.93	0.9868616717187697
-18.49	6.16	0.9825579281086458
-18.49	7.4	0.9492561222180305
-18.49	8.63	0.9663671369054816
-18.49	9.86	0.9704500557990752
-18.49	11.1	1.0103329200683762
-18.49	12.33	0.9486044518761805
-18.49	13.56	0.9301875081885953
-18.48	14.79	0.9509563733580322
-18.48	16.02	0.976189992108953
-18.48	17.25	0.9795194667443932
-18.48	18.48	0.9975787654669954
-18.47	19.7	0.9487111734283644
-18.47	20.93	0.9167669848228819
-18.46	22.15	0.9005230961260562
-18.46	23.39	0.951272796780513
-18.47	24.63	1.0869927095950533
-18.47	25.85	1.136725098167064
-18.45	27.06	1.33016186767599
-18.42	28.25	1.559091395873386
-18.4	29.44	1.5787357129450008
-18.37	30.61	1.544587172280111
-18.31	31.74	1.1756390345472658
-18.21	32.78	1.2071863439321167
-16.92	33.85	1.6551426286865407
-17.06	32.9	1.049256494052333
-17.12	31.8	1.5603661405722082
-17.16	30.65	1.38570453924049
-17.19	29.46	1.6884024855787612
-17.21	28.27	1.4194916682989973
-17.23	27.08	1.2324879042804158
-17.24	25.86	1.0349150293446296
-17.23	24.62	0.9910979492493066
-17.23	23.38	0.9106845092817641
-17.23	22.16	0.9095543939805806
-17.24	20.93	0.9312248272177985
-17.25	19.71	0.991186623737419
-17.25	18.48	0.975818815470407
-17.25	17.25	0.9690744160922948
-17.25	16.02	0.9710274305059148
-17.25	14.79	0.952393476835697
-17.26	13.56	0.9724655224798866
-17.26	12.33	0.9974666506470822
-17.26	11.1	0.9652604974220127
-17.26	9.86	0.9826119295516902
-17.26	8.63	0.9509479395349469
-17.26	7.4	0.9419702980336888
-17.26	6.17	0.9385431452491364
-17.26	4.93	0.940044114056442
-17.27	3.7	0.9448668270998652
-17.27	2.47	0.952634419642461
-17.27	1.23	0.9390072520859558
-17.27	-0.0	0.9388609974934106
-17.27	-1.23	0.9292290920491952
-17.27	-2.47	0.9261055484830898
-17.27	-3.7	0.941821510797908
-17.26	-4.93	0.9398397851408848
-17.26	-6.17	0.9315968802478336
-17.26	-7.4	0.905415503080472
-17.26	-8.63	0.9046348875548897
-17.26	-9.86	0.8618135813789003
-17.26	-11.1	0.859623507696444
-17.26	-12.33	0.8576139974714074
-17.26	-13.56	0.86350176048912
-17.25	-14.79	0.8599274590854398
-17.25	-16.02	0.8634229479100819
-17.25	-17.25	0.8606643750554479
-17.25	-18.48	0.8735558190954782
-17.25	-19.71	0.8909005846362756
-17.24	-20.93	0.8885538005209952
-17.23	-22.16	0.9002670504600729
-17.23	-23.38	0.9121932051201203
-17.23	-24.62	0.8997212338733798
-17.24	-25.86	1.036479740980063
-17.23	-27.08	1.2491055360202017
-17.21	-28.27	1.3344734221098538
-17.19	-29.46	1.2097178032521754
-17.16	-30.65	0.9470670579858602
-17.12	-31.8	0.8819810818884193
-17.06	-32.9	0.9419984300862634
-16.92	-33.85	1.7518562661518775
-15.79	-34.0	1.084990159594482
-15.87	-32.97	0.9104720697349675
-15.92	-31.84	0.9598412454810052
-15.95	-30.67	1.0504432397506598
-15.97	-29.48	1.3278833168455497
-15.99	-28.3	1.3122965646635132
-16.01	-27.09	1.1250221266101015
-16.01	-25.85	0.9006454559395642
-16.0	-24.62	0.8963212332676296
-16.0	-23.39	0.8898612319320822
-16.01	-22.16	0.8884806366389668
-16.01	-20.94	0.9194465363992226
-16.02	-19.71	0.8569942235731665
-16.02	-18.48	0.8529972330265405
-16.02	-17.25	0.8602363490959766
-16.02	-16.02	0.8601230894996874
-16.03	-14.79	0.8626146761653022
-16.03	-13.56	0.8529138542044601
-16.03	-12.33	0.8696459705865056
-16.03	-11.1	0.893948996845431
-16.03	-9.86	0.8902454072660415
-16.03	-8.63	0.9179608366378647
-16.03	-7.4	0.921959350320936
-16.03	-6.17	0.9342915772058813
-16.04	-4.93	0.9242705958400617
-16.04	-3.7	0.9372882861637706
-16.04	-2.47	0.9357799408946734
-16.04	-1.23	0.9357744713891183
-16.04	0.0	0.9537875716526409
-16.04	1.23	0.9660670971520453
-16.04	2.47	0.9732796594004611
-16.04	3.7	0.985271994697495
-16.04	4.93	0.9863768676284135
-16.03	6.17	0.9598910713355435
-16.03	7.4	1.0059933075213703
-16.03	8.63	0.9652831645263182
-16.03	9.86	0.946279931269574
-16.03	11.1	0.9934029842718974
-16.03	12.33	0.965724621471379
-16.03	13.56	0.9875521765020023
-16.03	14.79	0.9852296770849538
-16.02	16.02	0.9462992234496657
-16.02	17.25	0.9702815625788688
-16.02	18.48	0.9885161496602457
-16.02	19.71	0.9867098930910165
-16.01	20.94	1.0267108369894329
-16.01	22.16	0.9376726556845281
-16.0	23.39	0.9205563263972625
-16.0	24.62	0.9241240038195926
-16.01	25.85	1.046459908242209
-16.01	27.09	1.0830059714824092
-15.99	28.3	1.3174554762033575
-15.97	29.48	1.4993534497769714
-15.95	30.67	1.7240400196204622
-15.92	31.84	1.5357266914908312
-15.87	32.97	1.1613298514908266
-15.79	34.0	1.2128575793648189
-14.49	35.02	1.855473333497761
-14.62	34.1	1.0589560821673114
-14.67	33.02	1.5170741594491872
-14.71	31.87	1.4531195114906579
-14.73	30.69	1.6624332291901869
-14.75	29.51	1.371052115688025
-14.77	28.31	1.1990076661635811
-14.78	27.09	1.0522147340942105
-14.77	25.85	0.9714928753745777
-14.77	24.62	0.9069887521649651
-14.77	23.39	0.9109972444630046
-14.78	22.17	0.9831431294078099
-14.78	20.94	0.9878122898232489
-14.78	19.71	1.020507308770445
-14.79	18.48	0.9783633452167333
-14.79	17.25	0.979621856073817
-14.79	16.03	0.981297993442749
-14.79	14.79	0.9961380109662414
-14.8	13.56	0.9639838449491309
-14.8	12.33	0.9952271232939243
-14.8	11.1	0.9596313145944109
-14.8	9.87	0.9494132689794448
-14.8	8.63	0.970188495953126
-14.8	7.4	0.9652522327724631
-14.8	6.17	0.9501997318458937
-14.8	4.93	0.956011757228385
-14.8	3.7	0.9549002237309541
-14.8	2.47	0.970221284057585
-14.8	1.23	0.9561311129217085
-14.8	-0.0	0.9372569812901688
-14.8	-1.23	0.9454854540677005
-14.8	-2.47	0.9203986515913973
-14.8	-3.7	0.9195458728720283
-14.8	-4.93	0.9182419021901982
-14.8	-6.17	0.9118794688563625
-14.8	-7.4	0.9062272824435365
-14.8	-8.63	0.9080390764538997
-14.8	-9.87	0.9008513299401368
-14.8	-11.1	0.8938934935817962
-14.8	-12.33	0.9312290143890776
-14.8	-13.56	0.8820810911271604
-14.79	-14.79	0.8535032145714876
-14.79	-16.03	0.8575581009739164
-14.79	-17.25	0.8488546589273307
-14.79	-18.48	0.8563210974320299
-14.78	-19.71	0.8584554007421854
-14.78	-20.94	0.8752328596950809
-14.78	-22.17	0.9670645325366136
-14.77	-23.39	0.8898811103666295
-14.77	-24.62	0.8912186472059371
-14.77	-25.85	0.9067668368791146
-14.78	-27.09	0.961169499541298
-14.77	-28.31	1.227889850201409
-14.75	-29.51	1.3771136132037558
-14.73	-30.69	1.2543844286773265
-14.71	-31.87	0.9542847677683133
-14.67	-33.02	0.8855966667330772
-14.62	-34.1	0.9739489012359881
-14.49	-35.02	2.380845797441687
-13.34	-35.17	1.5164036923041024
-13.42	-34.17	0.946573412869137
-13.47	-33.06	0.9700031956961261
-13.49	-31.9	1.0484071821347962
-13.51	-30.71	1.3591014331847404
-13.53	-29.53	1.3336764398174825
-13.54	-28.32	1.0742052287908521
-13.54	-27.08	0.9028199999618529
-13.54	-25.85	0.9054637161954693
-13.54	-24.62	0.8819152295328712
-13.55	-23.4	0.9377205804086604
-13.55	-22.17	0.9065792119656022
-13.55	-20.94	0.8328105213339665
-13.55	-19.71	0.8407911004751085
-13.56	-18.49	0.8500258461914072
-13.56	-17.26	0.8399592791419996
-13.56	-16.03	0.8586023219770311
-13.56	-14.8	0.877118583458306
-13.56	-13.56	0.8864712556884875
-13.56	-12.33	0.8836274682972682
-13.57	-11.1	0.9046569102651061
-13.57	-9.87	0.9240435201394881
-13.57	-8.64	0.8896115368609241
-13.57	-7.4	0.8871771432896534
-13.57	-6.17	0.8907054384822191
-13.57	-4.93	0.8959957272407433
-13.57	-3.7	0.897557105738656
-13.57	-2.47	0.9185572004768456
-13.57	-1.23	0.9014420054749248
-13.57	0.0	0.9033216246139091
-13.57	2.47	0.9283849228278518
-13.57	3.7	0.9279807545576535
-13.57	4.93	0.9169791848009323
-13.57	6.17	0.9269658876823748
-13.57	7.4	0.9377054178570488
-13.57	8.64	0.9347279773870678
-13.57	9.87	0.953997843260666
-13.57	11.1	0.9455394150897867
-13.56	12.33	0.9724060005932635
-13.56	13.56	0.9981157344279135
-13.56	14.8	0.9825121087236779
-13.56	16.03	1.0352900682673933
-13.56	17.26	0.9895891072803407
-13.56	18.49	0.9894158585305037
-13.55	19.71	0.9851214667064649
-13.55	20.94	0.9937194516407857
-13.55	22.17	1.005152017706842
-13.55	23.4	0.9461590581087265
-13.54	24.62	0.8840203530066013
-13.54	25.85	0.9476535755958704
-13.54	27.08	1.0521031288731972
-13.54	28.32	1.093971676352373
-13.53	29.53	1.338025314024975
-13.51	30.71	1.5289753496398202
-13.49	31.9	1.7154257399058501
-13.47	33.06	1.5844372994751694
-13.42	34.17	1.0793821716689669
-13.34	35.17	1.3841126590233674
-12.02	36.05	2.397718243026069
-12.16	35.27	1.136484783286667
-12.22	34.22	1.3428149281707649
-12.25	33.09	1.6081459778388174
-12.27	31.91	1.7574863496848412
-12.29	30.73	1.4187776358854176
-12.31	29.54	1.251578747119133
-12.31	28.32	1.058531253868762
-12.31	27.08	1.0134864863462125
-12.31	25.85	0.9233747034395003
-12.31	24.63	0.8998665015370966
-12.32	23.4	0.9922119865262635
-12.32	22.18	0.9949885450006342
-12.32	20.94	0.9677926660576759
-12.32	19.72	0.9902860689197732
-12.33	18.49	0.9813624737710889
-12.33	17.26	1.065753862774395
-12.33	16.03	1.0171540802499202
-12.33	14.8	1.0106939789254419
-12.33	13.56	0.9822106618274162
-12.33	12.33	0.9673268432118416
-12.34	11.1	0.9447024935266821
-12.34	9.87	0.9407182649512915
-12.34	8.64	0.9361868268914915
-12.34	7.4	0.9299609951365877
-12.34	6.17	0.9415726857715203
-12.34	4.93	0.9388555599922865
-12.34	3.7	0.9411465105403405
-12.34	2.47	0.9538117718352304
-12.34	1.23	0.9583339001691913
-12.34	-0.0	0.9424257980051731
-12.34	-1.23	0.9571414625288996
-12.34	-2.47	0.9808972601721226
-12.34	-3.7	0.9746731796005896
-12.34	-4.93	0.9671560421418199
-12.34	-6.17	0.9324044229062469
-12.34	-7.4	0.9071901243918905
-12.34	-8.64	0.8928132659204842
-12.34	-9.87	0.8879621112822145
-12.34	-11.1	0.8880374337947288
-12.33	-12.33	0.8752096513673102
-12.33	-13.56	0.8797255352071867
-12.33	-14.8	0.8927603248235894
-12.33	-16.03	0.868130099531986
-12.33	-17.26	0.8615674016954387
-12.33	-18.49	0.8500833397298297
-12.32	-19.72	0.8444009796588281
-12.32	20.94	0.9266713093192944
-12.32	22.18	0.9955082568775842
-12.32	23.4	1.0052839473020807
-12.31	24.63	0.9184002872055412
-12.31	25.85	0.9071133219868743
-12.31	27.08	0.9877806424474356
-12.31	28.32	1.0491458822257709
-12.31	29.54	1.2394846888328193
-12.29	30.73	1.3944149727559836
-12.27	31.91	1.7515091610718736
-12.25	33.09	1.6104594367266856
-12.22	34.22	1.338364854149722
-12.16	35.27	1.1540893486084345
-12.02	36.05	2.4494254742565778
-10.88	36.26	1.8743977601292858
-10.97	35.34	1.0259409652977727
-11.01	34.26	1.519358318745284
-11.04	33.11	1.5323853050005463
-11.05	31.93	1.656269641687694
-11.07	30.75	1.3171587550074007
-11.08	29.55	1.1589122313960107
-11.08	28.32	1.0765850509569521
-11.08	27.08	0.9556219274638069
-11.08	25.85	0.8962536939484886
-11.08	24.63	0.9485780299514506
-11.09	23.41	1.017293848503046
-11.09	22.18	0.9804083551443874
-11.09	20.95	0.9879612583223585
-11.09	19.72	0.994741173429019
-11.1	18.49	1.0478114771207467
-11.1	17.26	1.0328485752841488
-11.1	16.03	1.063247989351403
-11.1	14.8	0.9942486896984697
-11.1	13.57	0.9920387317011556
-11.1	12.34	0.9828206663396806
-11.1	11.1	0.9815854002201441
-11.1	9.87	0.9552112911161101
-11.1	8.64	0.9606933774259927
-11.1	7.4	0.922413825730148
-11.1	6.17	0.9355987780103883
-11.1	4.94	0.9244779300445449
-11.11	3.7	0.9253869003322359
-11.11	2.47	0.9229033330957215
-11.11	1.23	0.9208371028001778
-11.11	-0.0	0.9185554994636425
-11.11	-1.23	0.9166480066400018
-11.11	-2.47	0.9067455912566231
-11.11	-3.7	0.905584339550412
-11.1	-4.94	0.9068996428782548
-11.1	-6.17	0.9119683064032298
-11.1	-7.4	0.9111736830956874
-11.1	-8.64	0.89612629450595
-11.1	-9.87	0.8994568632771083
-11.1	-11.1	0.8980522558581203
-11.1	-12.34	0.8615005582605759
-11.1	-13.57	0.8721253105396389
-11.1	-14.8	0.9036442787799235
-11.1	-16.03	0.8752137859308098
-11.1	-17.26	0.8558969733857289
-11.1	-18.49	0.8788482866838265
-11.09	-19.72	0.852889065985698
-11.09	-20.95	0.8403451012759833
-11.09	-22.18	0.8461024657122103
-11.09	-23.41	0.8901043143152156
-11.08	-24.63	0.9339963621530947
-11.08	-25.85	0.8814300929140328
-11.08	-27.08	0.9046039348389199
-11.08	-28.32	0.9057558922450761
-11.08	-29.55	1.1053548184405315
-11.07	-30.75	1.3505500852310792
-11.05	-31.93	1.3474156940137814
-11.04	-33.11	1.0385014720557626
-11.01	-34.26	0.9549957414696415
-10.97	-35.34	1.0316530447198904
-10.88	-36.26	2.5
-9.7	-36.37	2.058373443208051
-9.76	-35.39	0.9547171332533892
-9.8	-34.29	1.0149516249660913
-9.82	-33.13	1.1382413812160053
-9.83	-31.95	1.399735474665599
-9.84	-30.76	1.3074916838109996
-9.85	-29.55	0.996624306053894
-9.85	-28.31	0.9023378708041774
-9.85	-27.08	0.8897857598733303
-9.85	-25.85	0.9026443757700591
-9.85	-24.63	0.9891114522550568
-9.86	-23.41	0.8611736308921962
-9.86	-22.18	0.8498746537266788
-9.86	-20.95	0.847256477061709
-9.86	-19.72	0.8642651785842173
-9.86	-18.49	0.8632367437628021
-9.86	-17.26	0.8687052492033782
-9.86	-16.03	0.8878202250837344
-9.87	-14.8	0.8925074996631199
-9.87	-13.57	0.8895164437572047
-9.87	-12.34	0.874078697116941
-9.87	-11.1	0.8960463983224196
-9.87	-9.87	0.8888530191975796
-9.87	-8.64	0.8873409821988423
-9.87	-7.4	0.8951463797782573
-9.87	-6.17	0.8958205541331914
-9.87	-4.94	0.9020637584734361
-9.88	-3.7	0.925964755515075
-9.88	-2.47	0.9173847730841347
-9.88	-1.23	0.9155863142109686
-9.88	0.0	0.9117143526723916
-9.88	1.23	0.9177762678974597
-9.88	2.47	0.9116207369503195
-9.88	3.7	0.9150112840358311
-9.87	4.94	0.9262187888908882
-9.87	6.17	0.9153641408711515
-9.87	7.4	0.9254529962253297
-9.87	8.64	0.9343387361786304
-9.87	9.87	0.9761379181073249
-9.87	11.1	0.9710750909753552
-9.87	12.34	0.9930287016739747
-9.87	13.57	0.9902673779084044
-9.87	14.8	1.0073935122175435
-9.86	16.03	1.0021659149662216
-9.86	17.26	1.0088050051995001
-9.86	18.49	1.068259885461
-9.86	19.72	0.9927503142145451
-9.86	20.95	1.0026204294248187
-9.86	22.18	0.9818796345065444
-9.86	23.41	1.0057769070076024
-9.85	24.63	0.9850584227624921
-9.85	25.85	0.9081012570980986
-9.85	27.08	0.9442648642149889
-9.85	28.31	1.036280728206358
-9.85	29.55	1.0286609757649323
-9.84	30.76	1.3353700193948326
-9.83	31.95	1.4865938590808216
-9.82	33.13	1.7091027433531538
-9.8	34.29	1.5249672704075596
-9.76	35.39	1.0405709849055818
-9.7	36.37	1.4408592297071472
-8.51	36.45	1.2384814901083194
-8.55	35.43	1.1896345951038167
-8.58	34.31	1.6354836876712024
-8.59	33.14	1.693799796650791
-8.6	31.96	1.4030607588867694
-8.62	30.77	1.2719001860708072
-8.62	29.55	1.0408088050732802
-8.62	28.31	0.9866888156759268
-8.62	27.08	0.9046254895734034
-8.62	25.86	0.9197028716273481
-8.62	24.64	1.041578058552128
-8.62	23.41	1.0071853946473732
-8.62	22.18	0.9843820942329726
-8.63	20.95	1.003958402807882
-8.63	19.72	1.0121724836776202
-8.63	18.49	1.061720730778955
-8.63	17.26	1.0222341860843196
-8.63	16.03	1.0170057695789447
-8.63	14.8	0.9867057712255702
-8.64	13.57	0.9883053942645903
-8.64	12.34	1.015582462657747
-8.64	11.1	0.9903064263445902
-8.64	9.87	0.9398578630406282
-8.64	8.64	0.9416788381069559
-8.64	7.4	0.9355735848950921
-8.64	6.17	0.9196858665766738
-8.64	4.94	0.9033230941277886
-8.64	3.7	0.9184836426732286
-8.64	2.47	0.9066931646905836
-8.64	1.23	0.9141770878533286
-8.64	-0.0	0.8927511043748302
-8.64	-1.23	0.9008284339835111
-8.64	-2.47	0.9259126292117266
-8.64	-3.7	0.9308604309967947
-8.64	-4.94	0.8973615134634061
-8.64	-6.17	0.8997006998349004
-8.64	-7.4	0.8884908746393583
-8.64	-8.64	0.889254499553779
-8.64	-9.87	0.8871719518554606
-8.64	-11.1	0.8823330019709115
-8.64	-12.34	0.8939286924293643
-8.64	-13.57	0.9257295584749325
-8.63	-14.8	0.8817123522363426
-8.63	-16.03	0.8987462767296348
-8.63	-17.26	0.8791798125381316
-8.63	-18.49	0.8593106227958884
-8.63	-19.72	0.8507756958061874
-8.63	-20.95	0.8495985592243134
-8.62	-22.18	0.8476313467536976
-8.62	-23.41	0.8496061359806637
-8.62	-24.64	0.8828300052801277
-8.62	-25.86	0.9002468899711547
-8.62	-27.08	0.8717181486236223
-8.62	-28.31	0.8905262451163756
-8.62	-29.55	0.9412781370392747
-8.62	-30.77	1.2109298750991213
-8.6	-31.96	1.395164230846822
-8.59	-33.14	1.2776867453043428
-8.58	-34.31	1.057769699903515
-8.55	-35.43	0.9435816031798012
-8.51	-36.45	1.4333071234216712
-7.22	-37.3	2.5
-7.3	-36.51	1.2041951571587735
-7.34	-35.46	0.9424623446060929
-7.36	-34.33	1.0760662607134375
-7.37	-33.15	1.3521748731960326
-7.38	-31.97	1.3833988659865888
-7.39	-30.78	1.1099208020595688
-7.39	-29.55	0.9169856801454124
-7.38	-28.31	0.897510688150021
-7.39	-27.08	0.8728570421959798
-7.39	-25.86	0.960274978231638
-7.39	-24.64	0.8526138644686636
-7.39	-23.41	0.8397911543724126
-7.39	-22.18	0.8527235979888275
-7.4	-20.95	0.8482069622264854
-7.4	-19.73	0.8387646286621067
-7.4	-18.49	0.8583658413685651
-7.4	-17.26	0.873860595465449
-7.4	-16.03	0.8819493450604954
-7.4	-14.8	0.9107715990507925
-7.4	-13.57	0.8941125809298622
-7.4	-12.34	0.8850129047287929
-7.4	-11.1	0.8888670745518006
-7.4	-9.87	0.8917897870998024
-7.4	-8.64	0.882489528878696
-7.41	-7.41	0.8866928874992821
-7.41	-6.17	0.8931188575668099
-7.41	-4.94	0.9030261845872349
-7.41	-3.7	0.9370105756253109
-7.41	-2.47	0.9318745282996908
-7.41	-1.23	0.8991698757874627
-7.41	0.0	0.9028638115621259
-7.41	1.23	0.9004287278945888
-7.41	2.47	0.9084470657081747
-7.41	3.7	0.8981075978869635
-7.41	4.94	0.908523916310334
-7.41	6.17	0.9190333465737481
-7.41	7.41	0.9297796310093567
-7.4	8.64	0.9372247302697145
-7.4	9.87	0.9363031793025192
-7.4	11.1	0.9665818778498654
-7.4	12.34	1.0036778542514977
-7.4	13.57	0.9707399126470122
-7.4	14.8	0.9815949452186281
-7.4	16.03	1.0095204184216877
-7.4	17.26	1.0236810883396092
-7.4	18.49	1.0368526475902353
-7.4	19.73	1.0836598062646914
-7.4	20.95	0.9906707123071232
-7.39	22.18	1.0023084413274885
-7.39	23.41	0.9754990701053634
-7.39	24.64	1.022697054031342
-7.39	25.86	0.9473983983961531
-7.39	27.08	0.8996591525483701
-7.38	28.31	0.967258329138617
-7.39	29.55	1.04424070932581
-7.39	30.78	1.2064869401684488
-7.38	31.97	1.3771407038983199
-7.37	33.15	1.6288527488725792
-7.36	34.33	1.492681505373814
-7.34	35.46	1.3631482715846719
-7.3	36.51	1.1192315784898632
-7.22	37.3	2.359776260821862
-6.04	37.42	2.1356340112704846
-6.09	36.55	1.0482320956548916
-6.12	35.48	1.4180692805119763
-6.13	34.34	1.4866484404170492
-6.14	33.16	1.571098399984118
-6.15	31.98	1.36908656598819
-6.16	30.78	1.1205852028406866
-6.16	29.55	1.0575581502202303
-6.15	28.31	0.9343463106464185
-6.16	27.08	0.8943170353389194
-6.16	25.87	0.9894037010740755
-6.16	24.64	1.0038667410894098
-6.16	23.41	0.9853283537845368
-6.16	22.18	1.014478022533483
-6.16	20.96	1.0110073517152447
-6.16	19.73	1.0539577403494853
-6.16	18.49	1.0323005738665723
-6.17	17.26	1.0083335138408014
-6.17	16.03	1.0001436718846834
-6.17	14.8	0.9827432420546831
-6.17	13.57	0.9578167921057048
-6.17	12.34	1.0070451210562368
-6.17	11.1	0.9896416459031698
-6.17	9.87	0.919040147791284
-6.17	8.64	0.9336525443331789
-6.17	7.41	0.9270365795791626
-6.17	6.17	0.920886791593527
-6.17	4.94	0.9027966151782678
-6.17	3.7	0.9039973434909578
-6.17	2.47	0.8975779429062918
-6.17	1.23	0.8825933911269424
-6.17	-0.0	0.9004841718582988
-6.17	-1.23	0.9089214338446352
-6.17	-2.47	0.9400260642163749
-6.17	-3.7	0.9280053452726467
-6.17	-4.94	0.907676725208308
-6.17	-6.17	0.8854991374644374
-6.17	-7.41	0.8909761375049552
-6.17	-8.64	0.8923588425757529
-6.17	-9.87	0.879973933593786
-6.17	-11.1	0.8951120569439617
-6.17	-12.34	0.8878454688627135
-6.17	-13.57	0.9102596872599698
-6.17	-14.8	0.925464235986273
-6.17	-16.03	0.8860298784244138
-6.17	-17.26	0.8672999791419667
-6.16	-18.49	0.8574227503412137
-6.16	-19.73	0.8567495492263291
-6.16	-20.96	0.8360260079389388
-6.16	-22.18	0.8569834898320909
-6.16	-23.41	0.8420383415227537
-6.16	-24.64	0.8559014511247032
-6.16	-25.87	0.9666182857494343
-6.16	-27.08	0.8890873880122001
-6.15	-28.31	0.8881159668863559
-6.16	-29.55	0.9060232678556375
-6.16	-30.78	1.0358835614020734
-6.15	-31.98	1.3432425744983343
-6.14	-33.16	1.3853573382438196
-6.13	-34.34	1.0778319615675915
-6.12	-35.48	0.9625462105560478
-6.09	-36.55	1.1147118166445527
-6.04	-37.42	2.5
-4.84	-37.5	2.5
-4.88	-36.58	1.0467162195617625
-4.9	-35.49	1.0178809325576559
-4.91	-34.35	1.119937312164927
-4.91	-33.17	1.3784109026008986
-4.92	-31.99	1.3119998099627894
-4.93	-30.78	0.9880760713495516
-4.92	-29.54	0.9072161196582424
-4.92	-28.31	0.8877499480183557
-4.93	-27.09	0.8916110091939711
-4.93	-25.87	0.9199846072529159
-4.93	-24.64	0.8405354689485289
-4.93	-23.41	0.8478380318648782
-4.93	-22.18	0.8408973830134512
-4.93	-20.96	0.8551802654135248
-4.93	-19.73	0.8584922211197696
-4.93	-18.5	0.8742467203306052
-4.93	-17.26	0.8727122173434694
-4.93	-16.04	0.8981068477729117
-4.93	-14.8	0.9141777372343398
-4.93	-13.57	0.8962177551904196
-4.93	-12.34	0.8961013701721097
-4.94	-11.1	0.8789477216970019
-4.94	-9.87	0.9049589919767707
-4.94	-8.64	0.8845022744166009
-4.94	-7.41	0.8962790162844136
-4.94	-6.17	0.8903404731307045
-4.94	-4.94	0.9139726173524547
-4.94	-3.7	0.9538201897745013
-4.94	-2.47	0.9306475119948789
-4.94	-1.24	0.9034583099197038
-4.94	0.0	0.9007483356115724
-4.94	1.24	0.8952592912836401
-4.94	2.47	0.8882294296739968
-4.94	3.7	0.9046930098465369
-4.94	4.94	0.8934737932248709
-4.94	6.17	0.9229550053196949
-4.94	7.41	0.9291510327733841
-4.94	8.64	0.9384927760554342
-4.94	9.87	0.9320655377796463
-4.94	11.1	0.9804398330046791
-4.93	12.34	1.0118000066609403
-4.93	13.57	0.967693346151945
-4.93	14.8	0.9673816900802805
-4.93	16.04	1.0063271572901025
-4.93	17.26	1.0271936384767901
-4.93	18.5	1.019001055308144
-4.93	19.73	1.046948149552497
-4.93	20.96	1.0165976233911946
-4.93	22.18	0.9985380664901093
-4.93	23.41	1.010599084093041
-4.93	24.64	1.0145269625439557
-4.93	25.87	1.0297065281471696
-4.93	27.09	0.9060144819023774
-4.92	28.31	0.8966866356411431
-4.92	29.54	1.0505910992141478
-4.93	30.78	1.0606985687044812
-4.92	31.99	1.3517633358412446
-4.91	33.17	1.5269779420614977
-4.91	34.35	1.5543374030872759
-4.9	35.49	1.4782528193447595
-4.88	36.58	1.008160714277306
-4.84	37.5	1.7965065627814045
-3.63	37.55	1.6224458416459084
-3.66	36.6	0.9945078168208834
-3.67	35.51	1.5052733310583966
-3.68	34.35	1.6039673561431105
-3.69	33.18	1.5128749067588654
-3.69	32.0	1.3595818857234985
-3.69	30.78	1.062932282431487
-3.69	29.54	1.0350127790327477
-3.69	28.31	0.9147059177137482
-3.69	27.09	0.9130508279544793
-3.7	25.87	1.046572389145143
-3.7	24.64	1.003390296349087
-3.7	23.41	0.9925151538376387
-3.7	22.19	0.9986653364098359
-3.7	20.96	1.0754668739083844
-3.7	19.73	1.049518663555423
-3.7	18.5	1.024613825031965
-3.7	17.27	1.017696759047853
-3.7	16.04	1.0064755074592426
-3.7	14.8	0.9894504003975602
-3.7	13.57	0.9576483470639623
-3.7	12.34	1.0034422295738255
-3.7	11.11	0.9781467636932186
-3.7	9.88	0.9270308835779142
-3.7	8.64	0.9244393104879967
-3.7	7.41	0.9267109666946372
-3.7	6.17	0.9116113141966107
-3.7	4.94	0.9065338099921192
-3.71	3.71	0.897719376441386
-3.7	2.47	0.885939390456354
-3.7	1.23	0.9017330989074646
-3.7	-0.0	0.913165525538262
-3.7	-1.23	0.9082473016226613
-3.7	-2.47	0.9221676440041531
-3.71	-3.71	0.9425251658968126
-3.7	-4.94	0.9114072530656774
-3.7	-6.17	0.8941864693785684
-3.7	-7.41	0.905695857933015
-3.7	-8.64	0.8979736974504711
-3.7	-9.88	0.9042650854780003
-3.7	-11.11	0.8845023983567959
-3.7	-12.34	0.9190983279724154
-3.7	-13.57	0.9014627074641197
-3.7	-14.8	0.896777431844221
-3.7	-16.04	0.8933396240473632
-3.7	-17.27	0.8690119706636672
-3.7	-18.5	0.8591732920805466
-3.7	-19.73	0.8556333841286881
-3.7	-20.96	0.8306402569200593
-3.7	-22.19	0.8512387037883551
-3.7	-23.41	0.8458537224068028
-3.7	-24.64	0.8525544316812645
-3.7	-25.87	0.8816204319748246
-3.69	-27.09	0.9042493229808901
-3.69	-28.31	0.8891832722292445
-3.69	-29.54	0.9091275359726421
-3.69	-30.78	0.9473030738015487
-3.69	-32.0	1.2678208314368264
-3.69	-33.18	1.373954012410211
-3.68	-34.35	1.1873587479946437
-3.67	-35.51	1.0705476863370276
-3.66	-36.6	0.9679704783915968
-3.63	-37.55	2.5
-2.42	-37.58	2.4470045148746067
-2.44	-36.61	0.9814584586280874
-2.45	-35.52	1.0881406086968903
-2.45	-34.36	1.229380816762343
-2.46	-33.18	1.3629258103067805
-2.46	-32.0	1.220324728825731
-2.46	-30.78	0.9343691875222504
-2.46	-29.54	0.9062754959496253
-2.46	-28.31	0.8769730000394285
-2.46	-27.09	0.896899187463819
-2.46	-25.87	0.8771322506111314
-2.46	-24.64	0.8400530329244305
-2.46	-23.41	0.8479766494935763
-2.47	-22.19	0.8515013875026387
-2.47	-20.96	0.847254863652406
-2.47	-19.73	0.8626744085297942
-2.47	-18.5	0.8659188334086725
-2.47	-17.27	0.8829569762663692
-2.47	-16.04	0.8694422348087745
-2.47	-14.8	0.9068367658185741
-2.47	-13.57	0.9051772155104327
-2.47	-12.34	0.9186897340206448
-2.47	-11.11	0.8904268979530379
-2.47	-9.88	0.8889818059128967
-2.47	-8.64	0.888052546164654
-2.47	-7.41	0.9049460420500575
-2.47	-6.17	0.9031834472403446
-2.47	-4.94	0.9307614048622455
-2.47	-3.7	0.9559572889239965
-2.47	-2.47	0.915732259913506
-2.47	-1.24	0.9093443210610763
-2.47	0.0	0.8904455659444501
-2.47	1.24	0.8969109304093656
-2.47	2.47	0.8844487970866943
-2.47	3.7	0.8940675471296409
-2.47	4.94	0.9130992075187008
-2.47	6.17	0.9109157382015738
-2.47	7.41	0.9090632555986478
-2.47	8.64	0.9348692350037666
-2.47	9.88	0.9190905440793715
-2.47	11.11	0.9840248575714217
-2.47	12.34	0.9691247143592117
-2.47	13.57	0.9716057944824295
-2.47	14.8	0.9646215306532291
-2.47	16.04	1.0157581386524681
-2.47	17.27	1.017111903500898
-2.47	18.5	1.0197392663798581
-2.47	19.73	1.0567145938130054
-2.47	20.96	1.0785864824051492
-2.47	22.19	1.0111714507660672
-2.46	23.41	1.01742384824046
-2.46	24.64	1.007798711988162
-2.46	25.87	1.030637566009566
-2.46	27.09	0.9221460984854426
-2.46	28.31	0.8913944194839214
-2.46	29.54	1.0488148079255568
-2.46	30.78	1.0642739273120743
-2.46	32.0	1.362313635608814
-2.46	33.18	1.4922340165651216
-2.45	34.36	1.6785689723892094
-2.45	35.52	1.4718965711525058
-2.44	36.61	1.019781298173478
-2.42	37.58	1.4509037146965635
-1.21	37.6	1.4396568071363935
-1.22	36.62	1.0221301752236034
-1.22	35.52	1.4604546088939099
-1.23	34.36	1.6656727751038396
-1.23	33.18	1.4812826973714044
-1.23	32.0	1.356527483019895
-1.23	30.78	1.0726415339770234
-1.23	29.54	1.0345451202326537
-1.23	28.31	0.8888445810466505
-1.23	27.09	0.9195465007894104
-1.23	25.87	1.0449997398661086
-1.23	24.64	1.0019904390689263
-1.23	23.41	1.0114149033287214
-1.23	22.19	1.012454371729068
-1.23	20.96	1.1288916732056853
-1.23	19.73	1.051954827031233
-1.23	18.5	1.0156326175338073
-1.23	17.27	1.0116753115759956
-1.23	16.04	0.9977801373720983
-1.23	14.8	0.9749034088481583
-1.23	13.57	0.9612436255738954
-1.23	12.34	0.9817669483717246
-1.23	11.11	0.9665117295957
-1.23	9.88	0.9376369381415897
-1.23	8.64	0.9316093090826474
-1.23	7.41	0.9308597371500396
-1.23	6.17	0.9047387913678184
-1.24	4.94	0.8945754932766325
-1.23	3.7	0.9014510220848404
-1.24	2.47	0.8868601497281583
-1.24	1.24	0.8936660549661903
-1.24	-0.0	0.8942316521318983
-1.24	-1.24	0.9184950449006255
-1.24	-2.47	0.9205110254138713
-1.23	-3.7	0.9477161095033892
-1.24	-4.94	0.9347805593661924
-1.23	-6.17	0.9203915856626752
-1.23	-7.41	0.9131148717159308
-1.23	-8.64	0.8842498308199609
-1.23	-9.88	0.9063447222114487
-1.23	-11.11	0.8887062956659868
-1.23	-12.34	0.9317034265298121
-1.23	-13.57	0.8969216800230857
-1.23	-14.8	0.9008141852465013
-1.23	-16.04	0.8728163088505276
-1.23	-17.27	0.889185168449349
-1.23	-18.5	0.8635675887669532
-1.23	-19.73	0.8561378699192979
-1.23	-20.96	0.8462502125601636
-1.23	-22.19	0.8509920046406592
-1.23	-23.41	0.8551862246478166
-1.23	-24.64	0.845196272101866
-1.23	-25.87	0.8614066437288423
-1.23	-27.09	0.9245408026565469
-1.23	-28.31	0.8704067817915107
-1.23	-29.54	0.9084923364169804
-1.23	-30.78	0.9231118991016007
-1.23	-32.0	1.2072045465173318
-1.23	-33.18	1.352857532014001
-1.23	-34.36	1.2436017864492621
-1.22	-35.52	1.0941767790042984
-1.22	-36.62	0.9369912717736373
-1.21	-37.6	2.2431028705761547
0.0	-37.6	2.1454252307445945
0.0	-36.62	0.9242065532745292
0.0	-35.52	1.105384639757096
0.0	-34.36	1.2519475062017982
0.0	-33.19	1.3639256290215567
0.0	-32.0	1.200964543919964
0.0	-30.78	0.9169724424120487
0.0	-29.54	0.9072279750748766
0.0	-28.31	0.8833823432521353
0.0	-27.09	0.9297024922731767
0.0	-25.87	0.8647134565561929
0.0	-24.64	0.8452201718004098
0.0	-23.41	0.8459068031093233
0.0	-22.19	0.8570514089720227
0.0	-20.96	0.8489865893284296
0.0	-19.73	0.8597592120024107
0.0	-18.5	0.8769711665397111
0.0	-17.27	0.8894359889671026
0.0	-16.04	0.8897965288868646
0.0	-14.8	0.9033324164636012
0.0	-13.57	0.896817617174599
0.0	-12.34	0.9354673543085967
0.0	-11.11	0.8914058635607525
0.0	-9.88	0.8958114114256368
0.0	-8.64	0.9055642988856256
0.0	-7.41	0.9105968862575349
0.0	-6.17	0.9204442226959006
0.0	-4.94	0.9455211031561443
0.0	-3.7	0.9516456962344009
0.0	-2.47	0.9328881899650803
0.0	-1.24	0.9060852364577627
0.0	0.0	0.9036709228773514
0.0	1.24	0.8975617356780603
0.0	2.47	0.9027846598405844
0.0	3.7	0.9072971808017884
0.0	4.94	0.904534640063698
0.0	6.17	0.9093999797532293
0.0	7.41	0.9223293211413939
0.0	8.64	0.9368796633474874
0.0	9.88	0.9386937120879661
0.0	11.11	0.985357160409313
0.0	12.34	0.9870789448284345
0.0	13.57	0.9563722358687645
0.0	14.8	0.9625283900058159
0.0	16.04	1.0097770180617882
0.0	17.27	1.017243095074086
0.0	18.5	1.0303708409703827
0.0	19.73	1.0425772839334266
0.0	20.96	1.1186210435798616
0.0	22.19	0.9950043337219459
0.0	23.41	1.0173927693848377
0.0	24.64	1.0210099229377718
0.0	25.87	1.068626540771998
0.0	27.09	0.9185442247733819
0.0	28.31	0.8910733185090649
0.0	29.54	1.0327618220497534
0.0	30.78	1.0493426809245578
0.0	32.0	1.2964978765095871
0.0	33.19	1.467642198365188
0.0	34.36	1.655029844900966
0.0	35.52	1.4392756082258407
0.0	36.62	1.048118488837904
0.0	37.6	1.4304003446471985
1.21	37.6	1.4298374719960858
1.22	36.62	1.0382086223671383
1.22	35.52	1.4687542489176453
1.23	34.36	1.665275552033183
1.23	33.18	1.4734746094472833
1.23	32.0	1.2974203299536544
1.23	30.78	1.059383841834948
1.23	29.54	1.0417444825975348
1.23	28.31	0.8924250411970833
1.23	27.09	0.9292751130769874
1.23	25.87	1.065783080791154
1.23	24.64	1.0187150157196463
1.23	23.41	1.0219810169043786
1.23	22.19	0.9951523348431213
1.23	20.96	1.0859132913125595
1.23	19.73	1.0558665494835129
1.23	18.5	1.0204184974129982
1.23	17.27	1.0240095930627815
1.23	16.04	0.9955353524647474
1.23	14.8	0.9752301289862313
1.23	13.57	0.9610687132743978
1.23	12.34	0.9810521467668529
1.23	11.11	0.9904021104234246
1.23	9.88	0.9320418624717082
1.23	8.64	0.9204599395143997
1.23	7.41	0.9363217175865479
1.23	6.17	0.9174409766125668
1.24	4.94	0.9146952774174792
1.23	3.7	0.9058682645836758
1.24	2.47	0.9060077642085487
1.24	1.24	0.8843108533455313
1.24	-0.0	0.9031924097175086
1.24	-1.24	0.897255033496557
1.24	-2.47	0.9312237255153866
1.23	-3.7	0.9553447662828916
1.24	-4.94	0.9285813787346591
1.23	-6.17	0.9061306138728762
1.23	-7.41	0.9158878229913565
1.23	-8.64	0.8994621259327573
1.23	-9.88	0.8980623998390058
1.23	-11.11	0.8900943658945373
1.23	-12.34	0.9237598245184255
1.23	-13.57	0.90872898992406
1.23	-14.8	0.8939700110838693
1.23	-16.04	0.8914921145535377
1.23	-17.27	0.8973131091039672
1.23	-18.5	0.8584406818394363
1.23	-19.73	0.8465011126339492
1.23	-20.96	0.8404386052118582
1.23	-22.19	0.8317691129087237
1.23	-23.41	0.8469664811430704
1.23	-24.64	0.8436992711385347
1.23	-25.87	0.872766930924386
1.23	-27.09	0.9264564778105289
1.23	-28.31	0.8858593178271263
1.23	-29.54	0.9071032746875627
1.23	-30.78	0.9267337774249809
1.23	-32.0	1.2182072650400322
1.23	-33.18	1.3558226885376303
1.23	-34.36	1.236789574383379
1.22	-35.52	1.1064371104217496
1.22	-36.62	0.9674755172132645
1.21	-37.6	2.1776717402015597
2.42	-37.58	2.3070720330018855
2.44	-36.61	0.975521841589897
2.45	-35.52	1.0899048967531986
2.45	-34.36	1.2044186175370442
2.46	-33.18	1.3771205174292298
2.46	-32.0	1.2466564810654601
2.46	-30.78	0.9324935430886967
2.46	-29.54	0.8947043647021413
2.46	-28.31	0.8816192875469708
2.46	-27.09	0.9088993957400486
2.46	-25.87	0.8704546549014323
2.46	-24.64	0.8294042870052207
2.46	-23.41	0.8605712186911969
2.47	-22.19	0.8584320192530228
2.47	-20.96	0.8358610090929837
2.47	-19.73	0.8559388215110637
2.47	-18.5	0.8680802278922117
2.47	-17.27	0.8738829744421288
2.47	-16.04	0.8875117375554584
2.47	-14.8	0.8957486702980084
2.47	-13.57	0.9084973412555994
2.47	-12.34	0.9126181104869229
2.47	-11.11	0.8865914658829057
2.47	-9.88	0.903560040334737
2.47	-8.64	0.8965047202764351
2.47	-7.41	0.9086896152121193
2.47	-6.17	0.9224544541307411
2.47	-4.94	0.9301934319971732
2.47	-3.7	0.9411139492956888
2.47	-2.47	0.9343737771771714
2.47	-1.24	0.9077925279712016
2.47	0.0	0.8878471203686704
2.47	1.24	0.8892152192124279
2.47	2.47	0.881159014513142
2.47	3.7	0.9041755063792625
2.47	4.94	0.913624371286855
2.47	6.17	0.9041656446769499
2.47	7.41	0.9112072963586906
2.47	8.64	0.9378385545339007
2.47	9.88	0.9345669869753976
2.47	11.11	0.9873623984517446
2.47	12.34	0.9885167225863922
2.47	13.57	0.9533351847455487
2.47	14.8	0.9774787753072509
2.47	16.04	1.003485387693602
2.47	17.27	1.0242848498838022
2.47	18.5	1.0142582126906428
2.47	19.73	1.0593470309100708
2.47	20.96	1.092093111364676
2.47	22.19	0.9974841911880148
2.46	23.41	1.0130562590624343
2.46	24.64	1.0054824769669892
2.46	25.87	1.0399330128179791
2.46	27.09	0.9242527254078601
2.46	28.31	0.886372660249223
2.46	29.54	1.0478097732547855
2.46	30.78	1.029222295585317
2.46	32.0	1.3361789539263107
2.46	33.18	1.4817046334220088
2.45	34.36	1.6515629724923766
2.45	35.52	1.4550835050935866
2.44	36.61	1.0042541582476936
2.42	37.58	1.5063088603051344
3.63	37.55	1.6105089350307011
3.66	36.6	0.9987711909726515
3.67	35.51	1.4612528921412569
3.68	34.35	1.5781660562288167
3.69	33.18	1.502122174063767
3.69	32.0	1.3843574175144102
3.69	30.78	1.0103967185008056
3.69	29.54	1.0573733316773213
3.69	28.31	0.8983944824609615
3.69	27.09	0.9128604630920032
3.7	25.87	1.0248766837033845
3.7	24.64	1.01194416077624
3.7	23.41	1.007471751194049
3.7	22.19	1.003421390985201
3.7	20.96	1.023982508667503
3.7	19.73	1.0687402367329382
3.7	18.5	1.025689474028578
3.7	17.27	1.0136599716828147
3.7	16.04	1.0045447060700514
3.7	14.8	0.9857279752859229
3.7	13.57	0.9609504348393516
3.7	12.34	0.9922724177914013
3.7	11.11	0.9819211583433223
3.7	9.88	0.9322241169687402
3.7	8.64	0.9301269369668095
3.7	7.41	0.9212079783867839
3.7	6.17	0.9018538779909431
3.7	4.94	0.908840444768753
3.71	3.71	0.8953173975189461
3.7	2.47	0.8832199617527188
3.7	1.23	0.8971362220961998
3.7	-0.0	0.9020123676671883
3.7	-1.23	0.9059932167610629
3.7	-2.47	0.9301962504279873
3.71	-3.71	0.9487236345705625
3.7	-4.94	0.9152159602024703
3.7	-6.17	0.8952104778971082
3.7	-7.41	0.9033656062407331
3.7	-8.64	0.8951612512236338
3.7	-9.88	0.8868252650195707
3.7	-11.11	0.8808838712333849
3.7	-12.34	0.8959068781306003
3.7	-13.57	0.909061526728772
3.7	-14.8	0.9032984026422071
3.7	-16.04	0.8865267665742191
3.7	-17.27	0.8753683958964391
3.7	-18.5	0.8710358542559584
3.7	-19.73	0.8620612983940292
3.7	-20.96	0.8464978643495975
3.7	-22.19	0.8626279533236882
3.7	-23.41	0.8410028183325391
3.7	-24.64	0.8277951731729418
3.7	-25.87	0.8728614779983701
3.69	-27.09	0.9108391605033583
3.69	-28.31	0.8746658349211023
3.69	-29.54	0.9126441057405117
3.69	-30.78	0.9407325964755833
3.69	-32.0	1.2663757647886804
3.69	-33.18	1.3740460983897655
3.68	-34.35	1.1584669319892118
3.67	-35.51	1.0674656445438
3.66	-36.6	1.006009557773769
3.63	-37.55	2.490989948702353
4.84	-37.5	2.5
4.88	-36.58	0.9872532902273257
4.9	-35.49	1.016666723939915
4.91	-34.35	1.1060877367035093
4.91	-33.17	1.3734940958998187
4.92	-31.99	1.302216171971856
4.93	-30.78	0.961976706650022
4.92	-29.54	0.9112181173119289
4.92	-28.31	0.8969923746576391
4.93	-27.09	0.8989267043614557
4.93	-25.87	0.9375946857992288
4.93	-24.64	0.8417647781224771
4.93	-23.41	0.846630593988599
4.93	-22.18	0.8509876284420548
4.93	-20.96	0.8429062250345734
4.93	-19.73	0.8566108797409484
4.93	-18.5	0.8524176095681666
4.93	-17.26	0.8865740941093181
4.93	-16.04	0.8729855402372921
4.93	-14.8	0.89437821874085
4.93	-13.57	0.8962765351150868
4.93	-12.34	0.8674598551038919
4.94	-11.1	0.880993513901176
4.94	-9.87	0.8820127540606642
4.94	-8.64	0.8738730451834531
4.94	-7.41	0.893250512390753
4.94	-6.17	0.8870790945948803
4.94	-4.94	0.9094179269280902
4.94	-3.7	0.9305629343597097
4.94	-2.47	0.9156158266444052
4.94	-1.24	0.8858221392951284
4.94	0.0	0.8887168071127052
4.94	1.24	0.8857371751324736
4.94	2.47	0.8921820528570201
4.94	3.7	0.88874140415626
4.94	4.94	0.9052285473091812
4.94	6.17	0.9237630029078323
4.94	7.41	0.9250101376078357
4.94	8.64	0.9308316138571859
4.94	9.87	0.9421891398296109
4.94	11.1	0.9910680721683196
4.93	12.34	1.0025053415592486
4.93	13.57	0.9661232287643458
4.93	14.8	0.9833022447444693
4.93	16.04	1.005081300955739
4.93	17.26	1.013395417791875
4.93	18.5	1.0224625307494932
4.93	19.73	1.0839436717166828
4.93	20.96	1.001943655164066
4.93	22.18	1.0163730752630045
4.93	23.41	1.0116137033996981
4.93	24.64	1.0072484578072292
4.93	25.87	1.0025449389895122
4.93	27.09	0.8930764753413349
4.92	28.31	0.886689084727676
4.92	29.54	1.0766422281849852
4.93	30.78	1.0149644673416427
4.92	31.99	1.373157136061776
4.91	33.17	1.515272098520402
4.91	34.35	1.541100811972508
4.9	35.49	1.4475777926938713
4.88	36.58	0.9812478195781562
4.84	37.5	1.7384013267564358
6.04	37.42	2.2756221569562474
6.09	36.55	1.0182358444996575
6.12	35.48	1.3931115850310816
6.13	34.34	1.4660316953886756
6.14	33.16	1.5402979161401724
6.15	31.98	1.3898063633511715
6.16	30.78	1.0280484697754497
6.16	29.55	1.0487755674352357
6.15	28.31	0.9031275921634032
6.16	27.08	0.9008555786255119
6.16	25.87	0.9724663959074222
6.16	24.64	1.0265578352095162
6.16	23.41	1.001778866014912
6.16	22.18	1.002626761575578
6.16	20.96	0.9876747516465265
6.16	19.73	1.0873816956303433
6.16	18.49	1.0480930907130883
6.17	17.26	1.0166859366626158
6.17	16.03	1.0110206688230665
6.17	14.8	0.9769159263394105
6.17	13.57	0.9829663534150859
6.17	12.34	1.0013929987791448
6.17	11.1	0.9843507740004487
6.17	9.87	0.927157797875358
6.17	8.64	0.9425870720823788
6.17	7.41	0.9270384713168367
6.17	6.17	0.9145859712057636
6.17	4.94	0.9010320374653578
6.17	3.7	0.8887264919528608
6.17	2.47	0.8894531248571935
6.17	1.23	0.8949255675754628
6.17	-0.0	0.8953993706164596
6.17	-1.23	0.8873324761966774
6.17	-2.47	0.9330974974895714
6.17	-3.7	0.9272110287407189
6.17	-4.94	0.8894869301984798
6.17	-6.17	0.8955865248582517
6.17	-7.41	0.8824059407224762
6.17	-8.64	0.8872738768783748
6.17	-9.87	0.8892906533521874
6.17	-11.1	0.882944874011093
6.17	-12.34	0.8858486485113257
6.17	-13.57	0.8751051907801628
6.17	-14.8	0.9020614582053641
6.17	-16.03	0.8868704835554784
6.17	-17.26	0.8848032496359339
6.16	-18.49	0.8691121847496586
6.16	-19.73	0.8403893555804665
6.16	-20.96	0.8376588637560793
6.16	-22.18	0.8562815255623688
6.16	-23.41	0.8242593326605938
6.16	-24.64	0.860684429116513
6.16	-25.87	1.0023464993160038
6.16	-27.08	0.8808816539994426
6.15	-28.31	0.8905079361134538
6.16	-29.55	0.9088216613582212
6.16	-30.78	1.0070191965139088
6.15	-31.98	1.317403142429602
6.14	-33.16	1.3678560861781737
6.13	-34.34	1.0704093002760873
6.12	-35.48	0.9553942845456831
6.09	-36.55	1.0837290516722033
6.04	-37.42	2.5
7.22	-37.3	2.5
7.3	-36.51	1.1807252966786406
7.34	-35.46	0.9251803459430867
7.36	-34.33	1.0665961752070494
7.37	-33.15	1.3381932444090054
7.38	-31.97	1.3639379041685338
7.39	-30.78	1.0910480580749642
7.39	-29.55	0.9073201393593608
7.38	-28.31	0.898688343594606
7.39	-27.08	0.8869378988197134
7.39	-25.86	0.9649717358971479
7.39	-24.64	0.8555189200841529
7.39	-23.41	0.830967929127759
7.39	-22.18	0.8399362472412903
7.4	-20.95	0.8521047268764823
7.4	-19.73	0.8561082079902143
7.4	-18.49	0.8496734061922133
7.4	-17.26	0.8778593355050628
7.4	-16.03	0.8670133440267342
7.4	-14.8	0.8774001659022357
7.4	-13.57	0.889847479031058
7.4	-12.34	0.8760744184832951
7.4	-11.1	0.8853208833392356
7.4	-9.87	0.8885891410568441
7.4	-8.64	0.8807241942549862
7.41	-7.41	0.8713661688641627
7.41	-6.17	0.8955196779131702
7.41	-4.94	0.8965486582551421
7.41	-3.7	0.9241983350279153
7.41	-2.47	0.9240335039211232
7.41	-1.23	0.8976012927449517
7.41	0.0	0.8791131767340721
7.41	1.23	0.8910822868871273
7.41	2.47	0.9131489896206251
7.41	3.7	0.9039570764218787
7.41	4.94	0.9223805378162888
7.41	6.17	0.923150452694447
7.41	7.41	0.9183908407542853
7.4	8.64	0.9367603968146918
7.4	9.87	0.9326080218138006
7.4	11.1	0.9513389075466598
7.4	12.34	0.9703873451962322
7.4	13.57	0.9731576439941758
7.4	14.8	0.9890851115856218
7.4	16.03	1.0073171639968406
7.4	17.26	1.0198451104695891
7.4	18.49	1.0593120919532728
7.4	19.73	1.0495947825132887
7.4	20.95	0.9845881615902865
7.39	22.18	1.0232655005334568
7.39	23.41	1.001697739798888
7.39	24.64	1.047392352771519
7.39	25.86	0.9275334596040992
7.39	27.08	0.8815633899216904
7.38	28.31	1.002424470731146
7.39	29.55	0.9902483746138877
7.39	30.78	1.1000482880607851
7.38	31.97	1.4125817715534827
7.37	33.15	1.5813493009765445
7.36	34.33	1.4515567433877719
7.34	35.46	1.3370325361792759
7.3	36.51	1.0909487767111026
7.22	37.3	2.5
8.51	36.45	1.2246947828718993
8.55	35.43	1.172372990973778
8.58	34.31	1.6522146436129423
8.59	33.14	1.646611057283442
8.6	31.96	1.421493513323072
8.62	30.77	1.2101316137580342
8.62	29.55	0.931318746654549
8.62	28.31	1.0518277973751715
8.62	27.08	0.8933666087560681
8.62	25.86	0.9073840355838083
8.62	24.64	1.05019252828889
8.62	23.41	1.0110348946482013
8.62	22.18	1.01478040828923
8.63	20.95	1.01077654291029
8.63	19.72	0.9982597734212764
8.63	18.49	1.0724041852690362
8.63	17.26	1.0325424209300849
8.63	16.03	0.9987397541798817
8.63	14.8	0.9789511416286985
8.64	13.57	0.9807585831217827
8.64	12.34	0.9617837008513375
8.64	11.1	0.9617355406335886
8.64	9.87	0.9422641575425406
8.64	8.64	0.9305427724859321
8.64	7.4	0.9267577293113192
8.64	6.17	0.9180938711186357
8.64	4.94	0.9212241314941361
8.64	3.7	0.9035806842792979
8.64	2.47	0.9010203792412455
8.64	1.23	0.9029019175979682
8.64	-0.0	0.9147009673465227
8.64	-1.23	0.9039391265296555
8.64	-2.47	0.9277742283595654
8.64	-3.7	0.9305401471196797
8.64	-4.94	0.8994053995409557
8.64	-6.17	0.8893227647295117
8.64	-7.4	0.8728909161990845
8.64	-8.64	0.8670900589298896
8.64	-9.87	0.8794727260092916
8.64	-11.1	0.8804757815031845
8.64	-12.34	0.8642271024531114
8.64	-13.57	0.8660595269039852
8.63	-14.8	0.8841138215558217
8.63	-16.03	0.8747466425656434
8.63	-17.26	0.8800294116296614
8.63	-18.49	0.8395061371339816
8.63	-19.72	0.8495794563213712
8.63	-20.95	0.838050669702632
8.62	-22.18	0.8349487470603645
8.62	-23.41	0.834981624993163
8.62	-24.64	0.8707670953914555
8.62	-25.86	0.9291207024358661
8.62	-27.08	0.8769329274789133
8.62	-28.31	0.9013878371224529
8.62	-29.55	0.9261895801142419
8.62	-30.77	1.175677274281143
8.6	-31.96	1.3897244252847614
8.59	-33.14	1.2468406840804143
8.58	-34.31	1.0585773245273655
8.55	-35.43	0.917000420524479
8.51	-36.45	1.2770355909469888
9.7	-36.37	1.8299340369696226
9.76	-35.39	0.9465366391558998
9.8	-34.29	1.0240078768733385
9.82	-33.13	1.1369521908522895
9.83	-31.95	1.3768116506490982
9.84	-30.76	1.292844357979516
9.85	-29.55	0.9661474017160181
9.85	-28.31	0.9008287623307094
9.85	-27.08	0.8848091774055478
9.85	-25.85	0.870135503363823
9.85	-24.63	0.9824074057230145
9.86	-23.41	0.8479350094845515
9.86	-22.18	0.8349447803091543
9.86	-20.95	0.8410156979734005
9.86	-19.72	0.846782465829353
9.86	-18.49	0.86883877803748
9.86	-17.26	0.8627342699918348
9.86	-16.03	0.8532615201526479
9.87	-14.8	0.8664465238864274
9.87	-13.57	0.8669855032226863
9.87	-12.34	0.8655198248457783
9.87	-11.1	0.8825282117562336
9.87	-9.87	0.8943761479815491
9.87	-8.64	0.8937004420923351
9.87	-7.4	0.9190720376475205
9.87	-6.17	0.9169407365102362
9.87	-4.94	0.9251354632189059
9.88	-3.7	0.9239109371710867
9.88	-2.47	0.9174859674155353
9.88	-1.23	0.9099879134558293
9.88	0.0	0.9243857557156145
9.88	1.23	0.9302459823814591
9.88	2.47	0.932495489215186
9.88	3.7	0.9292451288549186
9.87	4.94	0.9454882023707967
9.87	6.17	0.9359077006078484
9.87	7.4	0.9473907215744726
9.87	8.64	0.9547051512858769
9.87	9.87	0.9592056273529126
9.87	11.1	0.9431929582206822
9.87	12.34	0.9732610910817927
9.87	13.57	0.9892145612467917
9.87	14.8	1.0036410367723558
9.86	16.03	1.0665311845831384
9.86	17.26	1.0817867391198277
9.86	18.49	1.073254614011713
9.86	19.72	0.99707727823567
9.86	20.95	1.0174102809355823
9.86	22.18	0.995052525865586
9.86	23.41	1.024123884665654
9.85	24.63	0.9656705885619736
9.85	25.85	0.8978934598993149
9.85	27.08	0.899932151456321
9.85	28.31	1.0421684031184206
9.85	29.55	0.9302105957769014
9.84	30.76	1.3343071170557579
9.83	31.95	1.4811401419737606
9.82	33.13	1.661880717118466
9.8	34.29	1.496915410017868
9.76	35.39	1.0057165068156326
9.7	36.37	1.4221945396753366
10.88	36.26	1.8211570760938915
10.97	35.34	1.0020605048218094
11.01	34.26	1.4584447533671776
11.04	33.11	1.451552240875225
11.05	31.93	1.5750565720079361
11.07	30.75	1.348858867444652
11.08	29.55	1.0255059823070534
11.08	28.32	0.9792948030756978
11.08	27.08	1.016509301556602
11.08	25.85	0.891260094644954
11.08	24.63	0.9268593655328248
11.09	23.41	1.0550730858207196
11.09	22.18	1.0046063683729187
11.09	20.95	1.0292687682843704
11.09	19.72	1.002288231673095
11.1	18.49	1.0111807020285744
11.1	17.26	1.0710787485277597
11.1	16.03	1.06077908781638
11.1	14.8	1.0160080355089463
11.1	13.57	0.9933198368287428
11.1	12.34	0.9916757753564251
11.1	11.1	0.976325449660937
11.1	9.87	0.9619822987134015
11.1	8.64	0.9503265172011872
11.1	7.4	0.9410507010479554
11.1	6.17	0.9367892668018261
11.1	4.94	0.9403624999193543
11.11	3.7	0.939485482159399
11.11	2.47	0.9590456896787893
11.11	1.23	0.9531576983455858
11.11	-0.0	0.9480911674705581
11.11	-1.23	0.9450254969911018
11.11	-2.47	0.9336242957840755
11.11	-3.7	0.9322337321194007
11.1	-4.94	0.9223926558822075
11.1	-6.17	0.8958308879627088
11.1	-7.4	0.8782595026813933
11.1	-8.64	0.8728547154657376
11.1	-9.87	0.8799211199249326
11.1	-11.1	0.8862753385168247
11.1	-12.34	0.8818526235958153
11.1	-13.57	0.8673792337930664
11.1	-14.8	0.8707092998698363
11.1	-16.03	0.8572285977936822
11.1	-17.26	0.859960561228795
11.1	-18.49	0.8552939763112688
11.09	-19.72	0.8430645441432949
11.09	-20.95	0.8508982495220359
11.09	-22.18	0.8488149877358575
11.09	-23.41	0.8611503728622063
11.08	-24.63	0.9219596098121556
11.08	-25.85	0.8739733306950326
11.08	-27.08	0.8960879568769222
11.08	-28.32	0.9157223249431956
11.08	-29.55	1.0821707905592062
11.07	-30.75	1.3360176809561866
11.05	-31.93	1.3368647524993582
11.04	-33.11	1.0295871584528937
11.01	-34.26	0.9545338220321273
10.97	-35.34	1.0134588754878031
10.88	-36.26	2.5
12.02	-36.05	2.5
12.16	-35.27	1.1005426927013504
12.22	-34.22	0.8949718195262246
12.25	-33.09	1.0123805102659365
12.27	-31.91	1.2414279488762858
12.29	-30.73	1.3549793280024165
12.31	-29.54	1.2204446083796743
12.31	-28.32	0.9393000857718894
12.31	-27.08	0.896837879493174
12.31	-25.85	0.8802660378919231
12.31	-24.63	0.8830931511467366
12.32	-23.4	0.9885995874660933
12.32	-22.18	0.8638457810432172
12.32	-20.94	0.830066592910633
12.32	-19.72	0.8615523672266123
12.33	-18.49	0.8437674337823653
12.33	-17.26	0.8771228032666816
12.33	-16.03	0.8766919924950898
12.33	-14.8	0.8637643003993309
12.33	-13.56	0.8809009277528466
12.33	-12.33	0.9042650303017252
12.34	-11.1	0.8962408415699263
12.34	-9.87	0.8821066569217475
12.34	-8.64	0.8748047509269972
12.34	-7.4	0.8716753088601568
12.34	-6.17	0.882702044744125
12.34	-4.93	0.8938100441510377
12.34	-3.7	0.9099122805592517
12.34	-2.47	0.9161983588730322
12.34	-1.23	0.9091052899288421
12.34	0.0	0.9355552415392223
12.34	1.23	0.9552252925465883
12.34	2.47	0.9245871160761254
12.34	3.7	0.9277813331892792
12.34	4.93	0.9299165349442893
12.34	6.17	0.932483009753847
12.34	7.4	0.9287629764273619
12.34	8.64	0.9449669239762475
12.34	9.87	0.946901853689007
12.34	11.1	0.9735148202467823
12.33	12.33	1.0179085669152963
12.33	13.56	1.007723126639009
12.33	14.8	1.0059982470584394
12.33	16.03	1.052832523731018
12.33	17.26	1.0207568408403986
12.33	18.49	0.9952975649873217
12.32	19.72	1.0310963905242243
12.32	20.94	1.0280379731795026
12.32	22.18	1.0249464852943726
12.32	23.4	1.005313346028423
12.31	24.63	0.91249798324748
12.31	25.85	0.8895956225522452
12.31	27.08	1.0338348853621397
12.31	28.32	0.9022728909067048
12.31	29.54	1.2010826708545697
12.29	30.73	1.3804948626964784
12.27	31.91	1.6698528372634502
12.25	33.09	1.562969481031331
12.22	34.22	1.2660092095822257
12.16	35.27	1.1080048183324154
12.02	36.05	2.5
13.34	35.17	1.31601434561325
13.42	34.17	1.0270283494108465
13.47	33.06	1.5365590329470287
13.49	31.9	1.642002089570341
13.51	30.71	1.4771707109303103
13.53	29.53	1.3152203681648613
13.54	28.32	0.9575222794156302
13.54	27.08	0.9844559380228501
13.54	25.85	0.9807746009557308
13.54	24.62	0.8898254052998267
13.55	23.4	0.9476683318810295
13.55	22.17	1.0274657260583098
13.55	20.94	1.0100074895095368
13.55	19.71	1.015453871200016
13.56	18.49	0.9998544207337146
13.56	17.26	0.9839057112888971
13.56	16.03	1.0594355644786555
13.56	14.8	1.0357596235101756
13.56	13.56	0.9926788543689451
13.56	12.33	1.0040440161890913
13.57	11.1	0.9857227599904039
13.57	9.87	0.9539434233502959
13.57	8.64	0.9499547307164775
13.57	7.4	0.9493710153036119
13.57	6.17	0.9533065147991193
13.57	4.93	0.931048794410513
13.57	3.7	0.9229469583899608
13.57	2.47	0.9434195638947624
13.57	1.23	0.9301910199427246
13.57	-0.0	0.9249512544313552
13.57	-1.23	0.9152783687549979
13.57	-2.47	0.9087240904168485
13.57	-3.7	0.9110247612689779
13.57	-4.93	0.8958197247897743
13.57	-6.17	0.9025108920070677
13.57	-7.4	0.9040178812501463
13.57	-8.64	0.9039564463603513
13.57	-9.87	0.8778809184783416
13.57	-11.1	0.8737803539536557
13.56	-12.33	0.8891130763684103
13.56	-13.56	0.8827741470282202
13.56	-14.8	0.8648174649206419
13.56	-16.03	0.8963046839338187
13.56	-17.26	0.8565009538253152
13.56	-18.49	0.8573228537711399
13.55	-19.71	0.8313628480012252
13.55	-20.94	0.8711078086100787
13.55	-22.17	0.8748825569433816
13.55	-23.4	0.9310389691923424
13.54	-24.62	0.8689060469048151
13.54	-25.85	0.8891709793181235
13.54	-27.08	0.8969300078265219
13.54	-28.32	1.0313645489221068
13.53	-29.53	1.316486596664543
13.51	-30.71	1.3659552559758197
13.49	-31.9	1.0748408474796856
13.47	-33.06	0.9818926545939775
13.42	-34.17	0.9375017855048728
13.34	-35.17	1.327641127843636
14.49	-35.02	2.2676227992812414
14.62	-34.1	0.9951586293592136
14.67	-33.02	0.888553125017153
14.71	-31.87	0.987806736828114
14.73	-30.69	1.3093771053754821
14.75	-29.51	1.37785710821092
14.77	-28.31	1.2012978232096847
14.78	-27.09	0.9280742467881726
14.77	-25.85	0.9057892385571664
14.77	-24.62	0.8958437372664338
14.77	-23.39	0.8692156784364871
14.78	-22.17	0.9020606258483497
14.78	-20.94	0.8649386554313976
14.78	-19.71	0.8404102866071188
14.79	-18.48	0.8436666705528628
14.79	-17.25	0.8554401618553538
14.79	-16.03	0.8565333086363944
14.79	-14.79	0.9022664963541063
14.8	-13.56	0.8569595744484539
14.8	-12.33	0.8871858653072531
14.8	-11.1	0.885255990451876
14.8	-9.87	0.9039472728030322
14.8	-8.63	0.9033855843608389
14.8	-7.4	0.9124458503156232
14.8	-6.17	0.9220409292726304
14.8	-4.93	0.9093417790809433
14.8	-3.7	0.9324851039650479
14.8	-2.47	0.9452881882216291
14.8	-1.23	0.9526730389077995
14.8	0.0	0.9585403761870026
14.8	1.23	0.9665383597116319
14.8	2.47	0.9689968843388632
14.8	3.7	0.9549633265775981
14.8	4.93	0.9448236954557112
14.8	6.17	0.9550436379092533
14.8	7.4	0.9566358725040356
14.8	8.63	0.9738334063249976
14.8	9.87	0.9983768481854005
14.8	11.1	0.9640977823881194
14.8	12.33	1.0240614783746915
14.8	13.56	1.0230013316021331
14.79	14.79	1.0520105883295265
14.79	16.03	0.9662453383606113
14.79	17.25	0.976063819418532
14.79	18.48	0.9924357245295674
14.78	19.71	1.0050035182786567
14.78	20.94	1.0461521243506935
14.78	22.17	0.9683741472089347
14.77	23.39	0.9106415731633266
14.77	24.62	0.8857683937767868
14.77	25.85	1.014162633910897
14.78	27.09	0.9163913393607821
14.77	28.31	1.1263004659753122
14.75	29.51	1.3321081553913183
14.73	30.69	1.6226510728100259
14.71	31.87	1.4457524278843357
14.67	33.02	1.479199547639408
14.62	34.1	1.0197720610983465
14.49	35.02	1.8627546556115968
15.79	34.0	1.1855162642641526
15.87	32.97	1.081723794714473
15.92	31.84	1.5624858597222513
15.95	30.67	1.6434990315926745
15.97	29.48	1.4583624930389902
15.99	28.3	1.3075920180960567
16.01	27.09	0.9798774668877961
16.01	25.85	0.9877525267744858
16.0	24.62	0.9699101294363128
16.0	23.39	0.895205914771827
16.01	22.16	0.9157747305404378
16.01	20.94	1.0191250844960864
16.02	19.71	1.0069502181140688
16.02	18.48	1.0130404869745515
16.02	17.25	1.0008636452343609
16.02	16.02	0.9484940115160843
16.03	14.79	0.9627804805658071
16.03	13.56	1.05697481544615
16.03	12.33	1.0192795534958972
16.03	11.1	0.9957313782749182
16.03	9.86	0.9632131010327534
16.03	8.63	0.9435638391138514
16.03	7.4	0.9546373652534506
16.03	6.17	0.9541636580651902
16.04	4.93	0.9435635859232789
16.04	3.7	0.9980523017352914
16.04	2.47	0.9780941215650261
16.04	1.23	0.9774092344521286
16.04	-0.0	0.9785922434983991
16.04	-1.23	0.9691415914566388
16.04	-2.47	0.9609022869647781
16.04	-3.7	0.9497386928774674
16.04	-4.93	0.9384753737648417
16.03	-6.17	0.9223868438403873
16.03	-7.4	0.9329203092800711
16.03	-8.63	0.9212513128881383
16.03	-9.86	0.9217957390935165
16.03	-11.1	0.8895437392567
16.03	-12.33	0.8742971924831267
16.03	-13.56	0.8906138574204405
16.03	-14.79	0.8560699038994146
16.02	-16.02	0.874652258397477
16.02	-17.25	0.8438533841004991
16.02	-18.48	0.8513722272240889
16.02	-19.71	0.8566472800716332
16.01	-20.94	0.8914200376836767
16.01	-22.16	0.8781100149513463
16.0	-23.39	0.9240603621035319
16.0	-24.62	0.9038004547001748
16.01	-25.85	0.9071148369470885
16.01	-27.09	1.0624987973941717
15.99	-28.3	1.3100438771737641
15.97	-29.48	1.382322357059346
15.95	-30.67	1.068507018407785
15.92	-31.84	0.9816427479281531
15.87	-32.97	0.9036862276633153
15.79	-34.0	1.0461250966170708
16.92	-33.85	1.4514878429000744
17.06	-32.9	0.9706507940509601
17.12	-31.8	0.873768601962639
17.16	-30.65	0.963256026943105
17.19	-29.46	1.251396688628617
17.21	-28.27	1.3821040494741732
17.23	-27.08	1.2465914967046041
17.24	-25.86	0.9798540105951092
17.23	-24.62	0.8875604123219505
17.23	-23.38	0.9289806900130406
17.23	-22.16	0.8911077193517052
17.24	-20.93	0.883368392522133
17.25	-19.71	0.8945828112673402
17.25	-18.48	0.8717764484475499
17.25	-17.25	0.856924233806823
17.25	-16.02	0.8403210263713801
17.25	-14.79	0.8830293212528151
17.26	-13.56	0.8850983012951987
17.26	-12.33	0.9053111935076794
17.26	-11.1	0.8869336581891023
17.26	-9.86	0.8969856151271838
17.26	-8.63	0.8886454210814607
17.26	-7.4	0.9040251071606855
17.26	-6.17	0.9025784247106747
17.26	-4.93	0.9131354326193311
17.27	-3.7	0.9200842796048478
17.27	-2.47	0.9346877808023919
17.27	-1.23	0.9093222190207149
17.27	0.0	0.9553581489651766
17.27	1.23	0.9574517493749752
17.27	2.47	0.9519914043763897
17.27	3.7	0.9277263811088075
17.26	4.93	0.9437242099737375
17.26	6.17	0.9341554626666815
17.26	7.4	0.9524861094357444
17.26	8.63	0.9716368481723014
17.26	9.86	0.9993369385947979
17.26	11.1	1.0292284419992566
17.26	12.33	1.0189995050405578
17.26	13.56	0.950346728532474
17.25	14.79	0.9691689942253054
17.25	16.02	0.9953953594011766
17.25	17.25	0.9998452521866774
17.25	18.48	0.9830472169833504
17.25	19.71	1.033894590858817
17.24	20.93	0.940730278105093
17.23	22.16	0.9050165175718856
17.23	23.38	0.9314393193639203
17.23	24.62	1.0107087439643383
17.24	25.86	0.9267767553249184
17.23	27.08	1.1726636828405397
17.21	28.27	1.327397105630423
17.19	29.46	1.640765706150022
17.16	30.65	1.3770044828825032
17.12	31.8	1.5180791593993845
17.06	32.9	0.991794637438284
16.92	33.85	1.6440554576232618
18.21	32.78	1.1759845801540125
18.31	31.74	1.0538721746648125
18.37	30.61	1.4870538207087582
18.4	29.44	1.541435586509163
18.42	28.25	1.4938635372520874
18.45	27.06	1.2854527364084856
18.47	25.85	1.064683029791058
18.47	24.63	0.9640197434218969
18.46	23.39	0.9931760422142668
18.46	22.15	0.8828411721335101
18.47	20.93	0.9075050258916058
18.47	19.7	0.9203822329739868
18.48	18.48	1.00778559947355
18.48	17.25	1.0047121601577906
18.48	16.02	1.021486704308801
18.48	14.79	0.972027117276463
18.49	13.56	0.9478331870332148
18.49	12.33	0.9295296315592587
18.49	11.1	0.9715520404979694
18.49	9.86	1.054123904585559
18.49	8.63	1.0066509861358055
18.49	7.4	0.966412435469385
18.49	6.16	0.9619625861134216
18.5	4.93	0.9459955049366711
18.5	3.7	0.9188919941367102
18.5	2.47	0.8993318835013984
18.5	1.23	0.9071460308182999
18.5	-0.0	0.9470705595873232
18.5	-1.23	0.8902395554413438
18.5	-2.47	0.912442931230518
18.5	-3.7	0.9110780347494751
18.5	-4.93	0.9003048056205012
18.49	-6.16	0.889875670951616
18.49	-7.4	0.8894377079617186
18.49	-8.63	0.8903874728027628
18.49	-9.86	0.896955064159962
18.49	-11.1	0.8984858456316624
18.49	-12.33	0.9079743261217494
18.49	-13.56	0.8900530694221187
18.48	-14.79	0.836220159870738
18.48	-16.02	0.8371876351346286
18.48	-17.25	0.8671738985450572
18.48	-18.48	0.9301292196827653
18.47	-19.7	0.9003691491702952
18.47	-20.93	0.8798240070324548
18.46	-22.15	0.9127016757529134
18.46	-23.39	0.8904592442812227
18.47	-24.63	0.9383102144125584
18.47	-25.85	1.182827552518292
18.45	-27.06	1.3446539512612956
18.42	-28.25	1.3396160957898555
18.4	-29.44	1.0163442757797618
18.37	-30.61	0.9589755511351168
18.31	-31.74	0.9488700898975964
18.21	-32.78	0.9657946768897476
19.32	-32.6	1.2696647223031956
19.48	-31.66	0.9478540732979868
19.56	-30.56	0.8693532873902798
19.61	-29.41	0.9845894200627159
19.63	-28.22	1.1202053080909202
19.66	-27.03	1.337984786738204
19.68	-25.84	1.3087609531561526
19.7	-24.62	1.1365324442345504
19.7	-23.39	0.9366758002783646
19.69	-22.16	0.9118993348424347
19.69	-20.92	0.9116026327565656
19.7	-19.7	0.8892011932220711
19.7	-18.47	0.8751758966448246
19.71	-17.25	0.9582651676630238
19.71	-16.02	0.8953277329589966
19.71	-14.78	0.8641145423727572
19.71	-13.55	0.8427925543399573
19.72	-12.32	0.856358498413555
19.72	-11.09	0.9097449428085618
19.72	-9.86	0.9572931851261623
19.72	-8.63	0.9512908723467532
19.73	-7.4	0.9274162166884157
19.73	-6.16	0.8940205067467488
19.73	-4.93	0.905502089904628
19.73	-3.7	0.9131188127893637
19.73	-2.47	0.9262434995888915
19.73	-1.23	0.9365084181728891
19.73	0.0	0.9231448475903896
19.73	1.23	0.9284617748242159
19.73	2.47	0.942389603798647
19.73	3.7	0.9604648909193712
19.73	4.93	0.9856843003584128
19.73	6.16	0.9832528914890979
19.73	7.4	1.0175930181435167
19.72	8.63	0.9712371298365845
19.72	9.86	0.9254018118113354
19.72	11.09	0.9350906860839583
19.72	12.32	0.9439525613672837
19.71	13.55	1.013407989518214
19.71	14.78	1.0370167075373775
19.71	16.02	0.9772652569162776
19.71	17.25	1.0020395631433878
19.7	18.47	0.9348532203569402
19.7	19.7	0.8998600236692607
19.69	20.92	0.8873263853915736
19.69	22.16	0.9560852944351215
19.7	23.39	1.0132231910608294
19.7	24.62	0.996592508309849
19.68	25.84	1.257369018541028
19.66	27.03	1.3548206001774412
19.63	28.22	1.6467576886274387
19.61	29.41	1.4799281179732908
19.56	30.56	1.3248116823401084
19.48	31.66	1.0159068918965524
19.32	32.6	1.6185753114414343
20.61	31.52	1.2806123459982164
20.73	30.49	0.9709881520879282
20.8	29.36	1.5035810698856196
20.84	28.2	1.2769531326071775
20.87	27.01	1.6057551109754638
20.89	25.81	1.2749525485759055
20.92	24.61	1.158743023828448
20.93	23.39	0.9864335649376619
20.93	22.16	1.01143091275262
20.92	20.92	0.9527359086510723
20.92	19.69	0.9130445669933449
20.93	18.47	0.9060403265016514
20.93	17.24	0.921161596142543
20.94	16.01	0.9917219136842892
20.94	14.78	0.9766666487766269
20.94	13.55	1.039334728191042
20.94	12.32	1.0515372109511283
20.95	11.09	0.9860173560909358
20.95	9.86	0.9162417552657516
20.95	8.63	0.8975173233220533
20.95	7.4	0.9033148150918144
20.96	6.16	0.9215648967607475
20.96	4.93	0.9844891715590078
20.96	3.7	0.992811547848282
20.96	2.47	0.99552239632132
20.96	1.23	0.9565357108323855
20.96	-0.0	0.958087018111522
20.96	-1.23	0.9487826495171188
20.96	-2.47	0.9621856125228234
20.96	-3.7	0.9918307881311623
20.96	-4.93	0.9935843278698284
20.96	-6.16	0.9976344123258372
20.95	-7.4	0.9699516094725658
20.95	-8.63	0.899577893043193
20.95	-9.86	0.8467210008012716
20.95	-11.09	0.85423301149698
20.94	-12.32	0.8728887894781927
20.94	-13.55	0.8998002205815778
20.94	-14.78	0.908861340785827
20.94	-16.01	0.9021582499541223
20.93	-17.24	0.9049209623563312
20.93	-18.47	0.899054361340605
20.92	-19.69	0.9032419481775591
20.92	-20.92	0.9056327646544418
20.93	-22.16	0.935642184068513
20.93	-23.39	1.100192380559303
20.92	-24.61	1.275320672268462
20.89	-25.81	1.3217102258231428
20.87	-27.01	1.205206870147892
20.84	-28.2	0.9738983433504433
20.8	-29.36	0.8845817011123769
20.73	-30.49	0.8986831233289774
20.61	-31.52	0.9342047124885564
21.63	-31.24	1.504004125984041
21.87	-30.38	0.8647083635480914
21.97	-29.3	0.8866159899089778
22.04	-28.16	0.9692958645728913
22.07	-26.98	0.9872989252046
22.1	-25.78	1.23964708277287
22.13	-24.59	1.3112931215968624
22.15	-23.38	1.2672889724299736
22.16	-22.16	1.111909462270062
22.16	-20.93	0.9257369194413192
22.16	-19.69	0.9067103709036051
22.15	-18.46	0.9113232898147858
22.16	-17.23	0.9118589751684913
22.16	-16.01	0.8862103821685396
22.17	-14.78	0.8992284967324853
22.17	-13.55	0.9577107555705542
22.18	-12.32	0.9354236018413298
22.18	-11.09	0.9052479036153507
22.18	-9.86	0.867155760101765
22.18	-8.62	0.8554453923115073
22.18	-7.39	0.848382507291304
22.18	-6.16	0.8533326943056094
22.18	-4.93	0.8594755943692274
22.19	-3.7	0.8736403043228407
22.19	-2.47	0.873245472504534
22.19	-1.23	0.8749174134118025
22.19	0.0	0.8834224015135437
22.19	1.23	0.8796635727241728
22.19	2.47	0.8713839303665525
22.19	3.7	0.8987473387580689
22.18	4.93	0.8797245036863544
22.18	6.16	0.9113910554920546
22.18	7.39	0.9284474700953327
22.18	8.62	0.9827523146111075
22.18	9.86	1.117375336833648
22.18	11.09	1.105360274799997
22.18	12.32	1.0028750330437841
22.17	13.55	1.0010180849070398
22.17	14.78	0.9613231557224751
22.16	16.01	0.9176011412919358
22.16	17.23	0.9156708752478586
22.15	18.46	0.9005023377533092
22.16	19.69	0.9307838891030578
22.16	20.93	0.9935373413382766
22.16	22.16	1.0014218665559982
22.15	23.38	1.1453347213279255
22.13	24.59	1.2117326663382633
22.1	25.78	1.5382159060965952
22.07	26.98	1.3605923239217006
22.04	28.16	1.4588746700778774
21.97	29.3	1.055113087516606
21.87	30.38	1.0948081094816686
21.63	31.24	2.3127634149449054
22.94	30.18	1.5763936114583306
23.12	29.2	0.9821384057441023
23.21	28.1	1.1751801584962713
23.27	26.94	1.5364779806804219
23.31	25.76	1.4447576998939793
23.33	24.56	1.4659034490707086
23.36	23.36	1.1963178528193605
23.38	22.15	1.1172082057525348
23.39	20.93	1.0103059823946197
23.39	19.7	1.0036502731412895
23.39	18.46	0.9301527252803261
23.38	17.23	0.9004510649360933
23.39	16.0	0.9233730193587046
23.39	14.77	0.9194061576378134
23.4	13.55	0.9380548954820096
23.4	12.32	1.0091162157845712
23.41	11.09	0.9800429634082262
23.41	9.86	1.0323123410636983
23.41	8.62	1.1863122842546678
23.41	7.39	1.251284053054964
23.41	6.16	1.2141384476697876
23.41	4.93	1.0483999701267503
23.41	3.7	0.9637277750489526
23.41	2.46	0.900762055625604
23.41	1.23	0.889351351522123
23.41	-0.0	0.8869202686803312
23.41	-1.23	0.8576325790906765
23.41	-2.46	0.8631457894140437
23.41	-3.7	0.8663475070765294
23.41	-4.93	0.8661616232342784
23.41	-6.16	0.8722026399713663
23.41	-7.39	0.8987791467201012
23.41	-8.62	0.9189031644157026
23.41	-9.86	0.9419886589660775
23.41	-11.09	0.9508101321637863
23.4	-12.32	0.9269503816753231
23.4	-13.55	0.9136787650459413
23.39	-14.77	0.9141962404000301
23.39	-16.0	0.9348130602716278
23.38	-17.23	0.9061285465390378
23.39	-18.46	0.9238216806814616
23.39	-19.7	0.9629513386210711
23.39	-20.93	1.111412021100091
23.38	-22.15	1.2546343791653216
23.36	-23.36	1.2890526707895837
23.33	-24.56	1.2221449418692822
23.31	-25.76	0.9872277759765495
23.27	-26.94	0.9525884048491227
23.21	-28.1	0.933169877006149
23.12	-29.2	0.9052885259108967
22.94	-30.18	1.09308803346668
24.2	-29.04	0.9511397903475878
24.36	-28.01	0.9071311034011398
24.44	-26.89	0.9243239849699423
24.5	-25.72	0.9471585766855348
24.53	-24.53	0.9863494826700574
24.56	-23.33	1.2001497334409486
24.59	-22.13	1.2810543521211741
24.61	-20.92	1.2583059965784802
24.62	-19.7	1.1651878522403445
24.63	-18.47	1.0115039113766535
24.62	-17.23	0.9301533625066005
24.62	-16.0	0.931024599681499
24.62	-14.77	0.9481256620093257
24.62	-13.54	0.9337790168393862
24.63	-12.31	0.9385400067327758
24.63	-11.08	0.9435602974457336
24.63	-9.85	0.949562752035491
24.64	-8.62	0.9784812526019957
24.64	-7.39	0.9732403960948535
24.64	-6.16	0.9511020865392892
24.64	-4.93	0.9446396010219029
24.64	-3.7	0.948769011628916
24.64	-2.46	0.9763610082810654
24.64	-1.23	1.0410274372812642
24.64	0.0	1.1188511215654007
24.64	1.23	1.2265750096306238
24.64	2.46	1.3017932899875637
24.64	3.7	1.3163409280445553
24.64	4.93	1.2993533007644142
24.64	6.16	1.1756095714340855
24.64	7.39	1.0529321931539517
24.64	8.62	0.992053057708242
24.63	9.85	1.0080287946071955
24.63	11.08	0.9580974463873568
24.63	12.31	0.9202030634561398
24.62	13.54	0.9187998040251522
24.62	14.77	0.9429124478291664
24.62	16.0	0.9347269987251128
24.62	17.23	0.9137569433743611
24.63	18.47	0.9932840261187739
24.62	19.7	1.0365333263999474
24.61	20.92	1.1250384414298669
24.59	22.13	1.1498514088991465
24.56	23.33	1.4596085877494867
24.53	24.53	1.476181931396213
24.5	25.72	1.437384531681701
24.44	26.89	1.2099028609673272
24.36	28.01	0.961476778598084
24.2	29.04	1.3566004958527111
25.43	27.86	1.2174434151278923
25.59	26.8	0.9432540293128744
25.67	25.67	1.2529983624546803
25.72	24.5	1.4287232530220013
25.76	23.31	1.4578710964498054
25.78	22.1	1.4371261710892487
25.81	20.89	1.1524425881940958
25.84	19.68	1.0521608776825362
25.85	18.47	1.049985562914606
25.86	17.24	1.0065253899825972
25.85	16.01	0.9407608261927294
25.85	14.77	0.9406045105240901
25.85	13.54	0.9482151701346018
25.85	12.31	0.9320024785456589
25.85	11.08	0.9360683505241258
25.85	9.85	0.9367807598613247
25.86	8.62	0.9552583735796469
25.86	7.39	0.9741466581965907
25.87	6.16	1.007414767744451
25.87	4.93	0.9844242962157157
25.87	3.7	0.9999626514897884
25.87	2.46	1.0243011548151895
25.87	1.23	1.0349561777415133
25.87	-0.0	1.0404378584746263
25.87	-1.23	1.0461136344380915
25.87	-2.46	1.0227359526381194
25.87	-3.7	0.9991693607179215
25.87	-4.93	0.9678422478899797
25.87	-6.16	0.9835468182325346
25.86	-7.39	0.9655493214854696
25.86	-8.62	0.9708747141976479
25.85	-9.85	0.9744741620603854
25.85	-11.08	1.0203012613871216
25.85	-12.31	0.9688525219563351
25.85	-13.54	0.9396635638055342
25.85	-14.77	0.938708489600371
25.85	-16.01	0.9859107027118554
25.86	-17.24	1.1077897323408257
25.85	-18.47	1.189189464754783
25.84	-19.68	1.2524788515031915
25.81	-20.89	1.25592799940054
25.78	-22.1	1.1588850891624016
25.76	-23.31	0.9919520837299212
25.72	-24.5	0.9672217708532749
25.67	-25.67	0.928431246666177
25.59	-26.8	0.9327669259531746
25.43	-27.86	0.8879094943639352
26.65	-26.65	0.8874248470909842
26.8	-25.59	0.9200685926636076
26.89	-24.44	0.9430915258912123
26.94	-23.27	0.9633741470604935
26.98	-22.07	1.0119827646317123
27.01	-20.87	1.1060892636344253
27.03	-19.66	1.24904841872109
27.06	-18.45	1.2282252623228151
27.08	-17.23	1.2156642216917914
27.09	-16.01	1.1605669891005466
27.09	-14.78	1.0688114758702998
27.08	-13.54	0.9853210524092928
27.08	-12.31	0.9451959091311064
27.08	-11.08	0.9292785280744926
27.08	-9.85	0.9476971462232253
27.08	-8.62	0.9729009462818103
27.08	-7.39	1.0192311025057705
27.08	-6.16	1.000010102814719
27.09	-4.93	0.9863222010886199
27.09	-3.69	0.9833613572045046
27.09	-2.46	0.970972490840647
27.09	-1.23	0.9692558632061026
27.09	0.0	0.9790547545438812
27.09	1.23	0.961824780974978
27.09	2.46	0.963516090171491
27.09	3.69	0.9834729330092475
27.09	4.93	0.9594255625197521
27.08	6.16	0.9742838630286705
27.08	7.39	0.9498779595602436
27.08	8.62	0.9307162881952884
27.08	9.85	0.9579754426043108
27.08	11.08	0.9542694692421545
27.08	12.31	0.954868173409098
27.08	13.54	0.9465082272075795
27.09	14.78	0.9720090857956514
27.09	16.01	1.0553962621181112
27.08	17.23	1.0512191879413413
27.06	18.45	1.080741844041306
27.03	19.66	1.1887931233637117
27.01	20.87	1.4581607229466753
26.98	22.07	1.3893021817083584
26.94	23.27	1.5510173782036887
26.89	24.44	1.3163418898547432
26.8	25.59	0.9420949762406527
26.65	26.65	1.212041486922038
27.86	25.43	1.197253631425454
28.01	24.36	0.9629184214843933
28.1	23.21	1.261522701114794
28.16	22.04	1.6911987795097883
28.2	20.84	1.2956404830155197
28.22	19.63	1.4884208822161291
28.25	18.42	1.272723364613081
28.27	17.21	1.052564911442757
28.3	15.99	1.0163169216878751
28.31	14.77	1.0426921052610014
28.32	13.54	1.0665305882324958
28.32	12.31	0.9633424132529953
28.32	11.08	0.9609231831336231
28.31	9.85	0.9710863061646515
28.31	8.62	0.9791859543361454
28.31	7.38	0.972171435594678
28.31	6.15	0.9630882101293592
28.31	4.92	0.9463533538050672
28.31	3.69	0.9362688899394698
28.31	2.46	0.928569012862642
28.31	1.23	0.9208120338563672
28.31	-0.0	0.937068775297611
28.31	-1.23	0.9404432434097547
28.31	-2.46	0.9358192107444623
28.31	-3.69	0.9286777989515649
28.31	-4.92	0.934031152402202
28.31	-6.15	0.9474884400528047
28.31	-7.38	0.9455659097077271
28.31	-8.62	0.9403017900622501
28.31	-9.85	0.9672511443985012
28.32	-11.08	1.0069511161419253
28.32	-12.31	1.0855641223642305
28.32	-13.54	1.139415261332478
28.31	-14.77	1.1677448110787463
28.3	-15.99	1.1858972424753444
28.27	-17.21	1.1928232279819992
28.25	-18.42	1.1424694046510862
28.22	-19.63	1.029631511377631
28.2	-20.84	1.0112526397164228
28.16	-22.04	0.991940182193459
28.1	-23.21	0.9629704056756383
28.01	-24.36	0.9177528746348163
27.86	-25.43	0.8801845483052713
29.04	-24.2	0.9159720710004997
29.2	-23.12	0.9292528991837372
29.3	-21.97	0.9868698730042569
29.36	-20.8	0.9884220506026136
29.41	-19.61	1.002775489118422
29.44	-18.4	1.0220692260711264
29.46	-17.19	1.0492166871638382
29.48	-15.97	1.1228492740729017
29.51	-14.75	1.140904478522824
29.53	-13.53	1.155572808904349
29.54	-12.31	1.147143875965826
29.55	-11.08	1.1076677727788535
29.55	-9.85	1.0994022450866598
29.55	-8.62	1.0593444603992497
29.55	-7.39	1.0179245769896452
29.55	-6.16	0.9894461317356757
29.54	-4.92	0.9727057850808194
29.54	-3.69	0.9772713357840779
29.54	-2.46	0.9749721228878805
29.54	-1.23	0.9791558398784925
29.54	0.0	0.9812479641004614
29.54	1.23	0.9735308554210933
29.54	2.46	0.9748395700743178
29.54	3.69	0.9922722437931046
29.54	4.92	0.9911878749419865
29.55	6.16	1.0103984185471475
29.55	7.39	0.9983825492138889
29.55	8.62	0.9773781490772215
29.55	9.85	1.010993565060624
29.55	11.08	1.0686671386713087
29.54	12.31	1.0514623626637647
29.53	13.53	1.0029414285481781
29.51	14.75	1.014280991496185
29.48	15.97	1.1370389821243263
29.46	17.19	1.3721182160969292
29.44	18.4	1.424109333209687
29.41	19.61	1.3604706738501635
29.36	20.8	1.8220778991319841
29.3	21.97	1.1694949908117422
29.2	23.12	0.9870775193709589
29.04	24.2	1.257188128412004
30.18	22.94	1.3378820247364898
30.38	21.87	1.02250135229239
30.49	20.73	0.9895213948095911
30.56	19.56	1.5349385611116615
30.61	18.37	1.6897794021815793
30.65	17.16	1.2804023823073845
30.67	15.95	1.4221385045553516
30.69	14.73	1.2841697252344053
30.71	13.51	1.1042255770677203
30.73	12.29	1.0053748292272822
30.75	11.07	0.963968754108393
30.76	9.84	0.9957559253850334
30.77	8.62	1.0588829962266377
30.78	7.39	1.0691703659866993
30.78	6.16	1.0695415754306108
30.78	4.93	1.001877032486254
30.78	3.69	1.0290187810476077
30.78	2.46	1.0732771891169879
30.78	1.23	1.0457961351741565
30.78	-0.0	1.0483321638502954
30.78	-1.23	1.0204925986017654
30.78	-2.46	1.0414652151934458
30.78	-3.69	1.045872160796244
30.78	-4.93	1.0614952120797074
30.78	-6.16	1.0879218244584248
30.78	-7.39	1.0966156205133757
30.77	-8.62	1.12227788042357
30.76	-9.84	1.1332976464625695
30.75	-11.07	1.1211526312403812
30.73	-12.29	1.094229281749156
30.71	-13.51	1.0686504696018995
30.69	-14.73	1.0070887620438302
30.67	-15.95	1.0070631181184329
30.65	-17.16	1.0326493217959456
30.61	-18.37	1.0075345855850788
30.56	-19.56	1.0020766517931188
30.49	-20.73	0.9921645785877153
30.38	-21.87	0.9231683444634786
30.18	-22.94	0.930967605110185
31.24	-21.63	0.9606140664410052
31.52	-20.61	0.9152276137325464
31.66	-19.48	0.9910818880965238
31.74	-18.31	1.056291719624375
31.8	-17.12	1.0265703391510614
31.84	-15.92	1.0288739164936107
31.87	-14.71	1.0733262309833078
31.9	-13.49	1.0444536539539726
31.91	-12.27	0.9985370541231875
31.93	-11.05	0.9991909057867598
31.95	-9.83	1.038907021864171
31.96	-8.6	1.0334094116879333
31.97	-7.38	1.0825594965744454
31.98	-6.15	1.1161950316463205
31.99	-4.92	1.1955136684166456
32.0	-3.69	1.2130089654650362
32.0	-2.46	1.2308890881263315
32.0	-1.23	1.2132842073622108
32.0	0.0	1.1367586555711746
32.0	1.23	1.0779063389186172
32.0	2.46	1.0471609824121328
32.0	3.69	1.0353453679010203
31.99	4.92	1.0495842268542788
31.98	6.15	1.0072565045601198
31.97	7.38	0.9700617301443639
31.96	8.6	0.9821187250569441
31.95	9.83	1.025777897259216
31.93	11.05	1.1611405519234053
31.91	12.27	1.2662977802391095
31.9	13.49	1.3451436479104686
31.87	14.71	1.2899310861208777
31.84	15.92	1.5865470185289858
31.8	17.12	1.8504240411457795
31.74	18.31	1.204831981295107
31.66	19.48	0.9820062360362911
31.52	20.61	1.123547207696559
31.24	21.63	1.6815263491323895
32.6	19.32	1.3324207916060802
32.78	18.21	1.0738925168595177
32.9	17.06	0.9966631876185605
32.97	15.87	1.3005000342667605
33.02	14.67	1.7823442734306205
33.06	13.47	1.6214807552798804
33.09	12.25	1.2993413000172458
33.11	11.04	1.2738039538848698
33.13	9.82	1.2693217263008147
33.14	8.59	1.197015343722251
33.15	7.37	1.1192797305352613
33.16	6.14	1.041673813043067
33.17	4.91	0.9865349073128051
33.18	3.69	0.9498978972166636
33.18	2.46	0.9436275124707203
33.18	1.23	0.9353958590989278
33.19	-0.0	0.9432401643275758
33.18	-1.23	0.964938344742122
33.18	-2.46	0.9486954147973528
33.18	-3.69	0.9557643731476828
33.17	-4.91	0.9447899095962455
33.16	-6.14	0.9540355100693398
33.15	-7.37	0.9584445365735661
33.14	-8.59	0.9886003969932977
33.13	-9.82	1.0626940943566403
33.11	-11.04	1.094608118789706
33.09	-12.25	1.0766547719404809
33.06	-13.47	1.0190561030941945
33.02	-14.67	1.0454473347310946
32.97	-15.87	1.0705655851295628
32.9	-17.06	1.0247588566152945
32.78	-18.21	0.9513993930054507
32.6	-19.32	0.9758443985181184
33.85	-16.92	0.9878442507552654
34.0	-15.79	0.955733858270853
34.1	-14.62	1.0522190837344523
34.17	-13.42	1.1534618030916466
34.22	-12.22	1.1318903652766803
34.26	-11.01	1.0769480012803436
34.29	-9.8	1.046360777922839
34.31	-8.58	1.0678555731419141
34.33	-7.36	1.0711405656006594
34.34	-6.13	1.0989851118716487
34.35	-4.91	1.0815740692733744
34.35	-3.68	1.0813519595420606
34.36	-2.45	1.0676373186149233
34.36	-1.23	1.0671754783783758
34.36	0.0	1.0783017432526263
34.36	1.23	1.0835152814354698
34.36	2.45	1.1118964088309982
34.35	3.68	1.136469375576067
34.35	4.91	1.195083660766966
34.34	6.13	1.2072675098178838
34.33	7.36	1.1799787583050572
34.31	8.58	1.2211687783519851
34.29	9.8	1.5069764502165768
34.26	11.01	1.810880315966057
34.22	12.22	1.6997355833887582
34.17	13.42	1.2084853199638346
34.1	14.62	1.0438778036553895
34.0	15.79	1.070882472248841
33.85	16.92	1.2920489990849457
35.02	14.49	1.352736340656234
35.17	13.34	1.1336714294364123
35.27	12.16	1.0495222249834768
35.34	10.97	1.0706972775151176
35.39	9.76	1.302215435753821
35.43	8.55	1.6695096407473482
35.46	7.34	1.772673138860652
35.48	6.12	1.5932670079738456
35.49	4.9	1.445216436229929
35.51	3.67	1.2878201369887945
35.52	2.45	1.1677106943108146
35.52	1.22	1.128375531879426
35.52	-0.0	1.073194974106749
35.52	-1.22	1.077466003725183
35.52	-2.45	1.087864023170308
35.51	-3.67	1.0787515365962461
35.49	-4.9	1.1140388798149479
35.48	-6.12	1.1258090248551849
35.46	-7.34	1.172976057809735
35.43	-8.55	1.1927411838692272
35.39	-9.76	1.2016415245403378
35.34	-10.97	1.1254441873382888
35.27	-12.16	1.0229985310187413
35.17	-13.34	1.0241896726124766
35.02	-14.49	1.098331222406661
36.05	-12.02	1.3195519187366944
36.26	-10.88	1.2171593550495157
36.37	-9.7	1.1311959552294715
36.45	-8.51	1.1079403502381444
36.51	-7.3	1.1116186209299386
36.55	-6.09	1.1771824069048042
36.58	-4.88	1.2544781391483912
36.6	-3.66	1.3357017436582463
36.61	-2.44	1.3606399276015964
36.62	-1.22	1.4361728347979854
36.62	0.0	1.4753896950052887
36.62	1.22	1.4704979702046668
36.61	2.44	1.4382255431756787
36.6	3.66	1.3621507231195444
36.58	4.88	1.2387273781541897
36.55	6.09	1.1204553503320058
36.51	7.3	1.0936648073499153
36.45	8.51	1.1013467893580566
36.37	9.7	1.1731134011787079
36.26	10.88	1.3314261056473775
36.05	12.02	1.5391098209084308
37.3	7.22	1.4723752357503646
37.42	6.04	1.4131759105540551
37.5	4.84	1.3295382575419898
37.55	3.63	1.3005086194723559
37.58	2.42	1.279417099570976
37.6	1.21	1.2809938827566105
37.6	-0.0	1.2686563691639545
37.6	-1.21	1.2785445412345942
37.58	-2.42	1.2977406594266832
37.55	-3.63	1.326915492165826
37.5	-4.84	1.354827072913464
37.42	-6.04	1.4016469430139535
37.3	-7.22	1.4312927115091654
