-37.3	-7.22	4.77188377173556
-37.42	-6.04	4.943516689702221
-37.5	-4.84	5.016701680453139
-37.55	-3.63	5.112526392198134
-37.58	-2.42	5.206902905116209
-37.6	-1.21	5.396269148331342
-37.6	0.0	5.583431305016802
-37.6	1.21	5.80968788591872
-37.58	2.42	6.09826338212028
-37.55	3.63	6.424346374096487
-37.5	4.84	6.784220611972117
-37.42	6.04	7.139898277707275
-37.3	7.22	7.5023359019754
-36.05	12.02	7.710086353674484
-36.26	10.88	7.177743107770453
-36.37	9.7	6.673545634993786
-36.45	8.51	6.240293780747422
-36.51	7.3	5.837378890644757
-36.55	6.09	5.5246206150142285
-36.58	4.88	5.208320753216384
-36.6	3.66	4.945157429329427
-36.61	2.44	4.710554736190119
-36.62	1.22	4.4925545136084395
-36.62	-0.0	4.2329109619352465
-36.62	-1.22	4.084771691093749
-36.61	-2.44	3.9684580559036533
-36.6	-3.66	3.9058438626184397
-36.58	-4.88	3.803627391540573
-36.55	-6.09	3.7534095192943084
-36.51	-7.3	3.642060799761083
-36.45	-8.51	3.53501646250794
-36.37	-9.7	3.4658637907540424
-36.26	-10.88	3.445252965664139
-36.05	-12.02	3.473839208092656
-35.02	-14.49	2.511762013987692
-35.17	-13.34	2.601544865101957
-35.27	-12.16	2.7641407061188374
-35.34	-10.97	2.8878876919898318
-35.39	-9.76	2.892456222832962
-35.43	-8.55	2.781034967329589
-35.46	-7.34	2.8063020751556564
-35.48	-6.12	2.882799421361625
-35.49	-4.9	2.9669965590555734
-35.51	-3.67	3.007133237426416
-35.52	-2.45	3.0738463760190484
-35.52	-1.22	3.1551325151284573
-35.52	0.0	3.2597896698848245
-35.52	1.22	3.3983310442810932
-35.52	2.45	3.5155132814685146
-35.51	3.67	3.663485354309927
-35.49	4.9	3.7962597794319493
-35.48	6.12	3.992376869459534
-35.46	7.34	4.530652970680009
-35.43	8.55	5.055502324372469
-35.39	9.76	5.561156128671499
-35.34	10.97	5.839840463155824
-35.27	12.16	6.253725723965331
-35.17	13.34	6.663063160575732
-35.02	14.49	7.164114476109745
-33.85	16.92	6.941133586809855
-34.0	15.79	6.553567390919795
-34.1	14.62	6.156546848362197
-34.17	13.42	5.7662883762124295
-34.22	12.22	5.365924414069866
-34.26	11.01	4.490617358532674
-34.29	9.8	4.036476290194031
-34.31	8.58	3.781975312279414
-34.33	7.36	3.4548172881224133
-34.34	6.13	3.231783153415705
-34.35	4.91	3.0704260771622245
-34.35	3.68	2.8478694961087143
-34.36	2.45	2.680148283828686
-34.36	1.23	2.5295861032046645
-34.36	-0.0	2.431386557147164
-34.36	-1.23	2.3492347675467897
-34.36	-2.45	2.301360487683624
-34.35	-3.68	2.260649852687436
-34.35	-4.91	2.232556011576804
-34.34	-6.13	2.1904997716169277
-34.33	-7.36	2.178867898001826
-34.31	-8.58	2.2308861974573233
-34.29	-9.8	2.320223686280741
-34.26	-11.01	2.2973725253973782
-34.22	-12.22	2.212369363615963
-34.17	-13.42	2.277297250629175
-34.1	-14.62	2.275983043928349
-34.0	-15.79	2.1128903802301977
-33.85	-16.92	1.8916885640608285
-32.6	-19.32	1.446437092602487
-32.78	-18.21	1.6446319889763146
-32.9	-17.06	1.7939346898346429
-32.97	-15.87	1.7962743945232802
-33.02	-14.67	1.843868329476706
-33.06	-13.47	1.8669682266578889
-33.09	-12.25	1.723068590180489
-33.11	-11.04	1.643600500399586
-33.13	-9.82	1.66603637865893
-33.14	-8.59	1.7192745553470985
-33.15	-7.37	1.7688557523964477
-33.16	-6.14	1.8198913988346277
-33.17	-4.91	1.8529213215850007
-33.18	-3.69	1.8869307060950575
-33.18	-2.46	1.920214784562063
-33.18	-1.23	1.9697141144241925
-33.19	0.0	2.0245025501811966
-33.18	1.23	2.0870200979983196
-33.18	2.46	2.1445478184619446
-33.18	3.69	2.234100740590776
-33.17	4.91	2.301280095444284
-33.16	6.14	2.391908713198177
-33.15	7.37	2.5853695068772566
-33.14	8.59	2.839941349190127
-33.13	9.82	3.1797928276536
-33.11	11.04	3.488143065133457
-33.09	12.25	3.8885652315853463
-33.06	13.47	4.311647109958017
-33.02	14.67	4.84840315231159
-32.97	15.87	5.729930596596574
-32.9	17.06	6.219221010061858
-32.78	18.21	6.567177253132229
-32.6	19.32	6.8296126773189485
-31.24	21.63	6.385419073780838
-31.52	20.61	6.592266306317839
-31.66	19.48	6.344851778660029
-31.74	18.31	5.955670760565297
-31.8	17.12	5.119212576599651
-31.84	15.92	4.410490440813277
-31.87	14.71	3.7951238416440845
-31.9	13.49	3.374580460592469
-31.91	12.27	2.9037855923133975
-31.93	11.05	2.5600318885410616
-31.95	9.83	2.400437654933853
-31.96	8.6	2.271549812148038
-31.97	7.38	2.141768853206912
-31.98	6.15	1.9421357715674787
-31.99	4.92	1.796115649315425
-32.0	3.69	1.6869088271431991
-32.0	2.46	1.5974754511204168
-32.0	1.23	1.547548883174045
-32.0	-0.0	1.5065397646206549
-32.0	-1.23	1.482959658148502
-32.0	-2.46	1.445348601392702
-32.0	-3.69	1.4375958242208569
-31.99	-4.92	1.4507575003342836
-31.98	-6.15	1.4479284060273017
-31.97	-7.38	1.4787715050832304
-31.96	-8.6	1.531996510876212
-31.95	-9.83	1.544983530765606
-31.93	-11.05	1.5196663995099158
-31.91	-12.27	1.445002618828454
-31.9	-13.49	1.3356594734880574
-31.87	-14.71	1.3737134347157536
-31.84	-15.92	1.5147032313514188
-31.8	-17.12	1.509311451965516
-31.74	-18.31	1.4818915955787304
-31.66	-19.48	1.420187853365512
-31.52	-20.61	1.2122226550548376
-31.24	-21.63	1.0727007507100694
-30.18	-22.94	0.8491680108778255
-30.38	-21.87	0.995756945808985
-30.49	-20.73	1.135738815209173
-30.56	-19.56	1.1769272198804472
-30.61	-18.37	1.2372619434134862
-30.65	-17.16	1.1183064305946147
-30.67	-15.95	1.0917139511202691
-30.69	-14.73	1.2686393769685438
-30.71	-13.51	1.318878308193689
-30.73	-12.29	1.3162940955749463
-30.75	-11.07	1.2609509629309485
-30.76	-9.84	1.2431474400461369
-30.77	-8.62	1.1960016712366652
-30.78	-7.39	1.1827101195419232
-30.78	-6.16	1.17880518097558
-30.78	-4.93	1.1649197052917941
-30.78	-3.69	1.1550427223492363
-30.78	-2.46	1.1613250461705107
-30.78	-1.23	1.1700648471081152
-30.78	0.0	1.2421656065817999
-30.78	1.23	1.267187157993682
-30.78	2.46	1.3167205006827274
-30.78	3.69	1.386452107825768
-30.78	4.93	1.4502929634053174
-30.78	6.16	1.5071646162420365
-30.78	7.39	1.5796324612133361
-30.77	8.62	1.7056211629571294
-30.76	9.84	1.8819004850295897
-30.75	11.07	2.1344943902377764
-30.73	12.29	2.3071339420204566
-30.71	13.51	2.468170556881205
-30.69	14.73	2.7824106724647066
-30.67	15.95	3.3105608011203174
-30.65	17.16	3.9630005821164787
-30.61	18.37	4.460043154830458
-30.56	19.56	5.364905078042625
-30.49	20.73	6.166044425628883
-30.38	21.87	6.469633415928257
-30.18	22.94	6.412858472493497
-29.04	24.2	6.323909223515116
-29.2	23.12	6.3552589131295605
-29.3	21.97	5.970225416502927
-29.36	20.8	4.929722816378714
-29.41	19.61	4.349861523956946
-29.44	18.4	3.446436530128622
-29.46	17.19	2.835274343869955
-29.48	15.97	2.480470076586414
-29.51	14.75	2.274336672037549
-29.53	13.53	2.0490386985316604
-29.54	12.31	1.7701126404801357
-29.55	11.08	1.5937624941974633
-29.55	9.85	1.4869894835524846
-29.55	8.62	1.375834764870838
-29.55	7.39	1.2902092448597173
-29.55	6.16	1.148092966208985
-29.54	4.92	1.0686608671740387
-29.54	3.69	0.9748313515567872
-29.54	2.46	0.912439929290116
-29.54	1.23	0.8593120117219328
-29.54	-0.0	0.8178590289845076
-29.54	-1.23	0.8012534019634288
-29.54	-2.46	0.789438541267927
-29.54	-3.69	0.7904912014037606
-29.54	-4.92	0.8043866422541157
-29.55	-6.16	0.8325674917215622
-29.55	-7.39	0.8622662010214981
-29.55	-8.62	0.9208783226084805
-29.55	-9.85	0.9705649647704178
-29.55	-11.08	1.0209390126113647
-29.54	-12.31	1.0592125680280517
-29.53	-13.53	1.1069966488598553
-29.51	-14.75	1.122882320790005
-29.48	-15.97	1.145684965580081
-29.46	-17.19	1.0579543632402846
-29.44	-18.4	0.8833591634577047
-29.41	-19.61	0.9403561586909319
-29.36	-20.8	0.9765596711870685
-29.3	-21.97	0.8585444675560936
-29.2	-23.12	0.7850031730045899
-29.04	-24.2	0.6371475418897745
-27.86	-25.43	0.45100296764957903
-28.01	-24.36	0.5555789755384382
-28.1	-23.21	0.6507244739721898
-28.16	-22.04	0.7606269716325897
-28.2	-20.84	0.7186355335535097
-28.22	-19.63	0.8227570100349624
-28.25	-18.42	0.9899885587657806
-28.27	-17.21	1.017134222370224
-28.3	-15.99	0.995574877384648
-28.31	-14.77	0.9584977027961514
-28.32	-13.54	0.8820131304207095
-28.32	-12.31	0.8317893736705173
-28.32	-11.08	0.7329638508223582
-28.31	-9.85	0.6760443735644586
-28.31	-8.62	0.5920540507976568
-28.31	-7.38	0.5489011274354283
-28.31	-6.15	0.5223070906669278
-28.31	-4.92	0.48012567925757565
-28.31	-3.69	0.4784461057635241
-28.31	-2.46	0.4669104420775483
-28.31	-1.23	0.4664004870144325
-28.31	0.0	0.48838155944095973
-28.31	1.23	0.5168776535564419
-28.31	2.46	0.5396101854919664
-28.31	3.69	0.6168272086858053
-28.31	4.92	0.6934039456840821
-28.31	6.15	0.7735417061038277
-28.31	7.38	0.8822528605968287
-28.31	8.62	0.9919823052813186
-28.31	9.85	1.1015123660932673
-28.32	11.08	1.2686724204809678
-28.32	12.31	1.433650550210082
-28.32	13.54	1.543351877379223
-28.31	14.77	1.7545866295655514
-28.3	15.99	2.0748199012048474
-28.27	17.21	2.2819987541716102
-28.25	18.42	2.558714808465311
-28.22	19.63	3.067846739313154
-28.2	20.84	4.168571340855877
-28.16	22.04	4.511352995270158
-28.1	23.21	5.823313553719416
-28.01	24.36	6.2740518475957
-27.86	25.43	6.252000797864966
-26.65	26.65	6.143611485159184
-26.8	25.59	6.206585843728618
-26.89	24.44	5.474979286568498
-26.94	23.27	4.59234876029052
-26.98	22.07	3.7040621794538566
-27.01	20.87	2.7876535832664473
-27.03	19.66	2.3840280568883543
-27.06	18.45	2.155417043084796
-27.08	17.23	1.8464904152491357
-27.09	16.01	1.569328310604888
-27.09	14.78	1.389764223911797
-27.08	13.54	1.2140980280140639
-27.08	12.31	1.0178691313816017
-27.08	11.08	0.8985610554016787
-27.08	9.85	0.7819249910197072
-27.08	8.62	0.632058701315735
-27.08	7.39	0.5308093268562999
-27.08	6.16	0.4621319061123472
-27.09	4.93	0.4537439217452288
-27.09	3.69	0.42514721978220393
-27.09	2.46	0.4087169152127217
-27.09	1.23	0.3909766943789492
-27.09	-0.0	0.379127244614601
-27.09	-1.23	0.3315826367118717
-27.09	-2.46	0.33999850709680857
-27.09	-3.69	0.3309686829480043
-27.09	-4.93	0.3189415776334883
-27.08	-6.16	0.3122345712461225
-27.08	-7.39	0.2997010748247817
-27.08	-8.62	0.31774311301606417
-27.08	-9.85	0.379058628133194
-27.08	-11.08	0.43821664375614944
-27.08	-12.31	0.5323951045128865
-27.08	-13.54	0.636245414275102
-27.09	-14.78	0.7318243331032903
-27.09	-16.01	0.82252482790485
-27.08	-17.23	0.8780112170534906
-27.06	-18.45	0.8833000739703536
-27.03	-19.66	0.9035659243432903
-27.01	-20.87	0.779993885229672
-26.98	-22.07	0.5513112625511098
-26.94	-23.27	0.5597879179168146
-26.89	-24.44	0.46736262583794996
-26.8	-25.59	0.34947282103590993
-26.65	-26.65	0.24197350153146147
-25.43	-27.86	0.07506484539430858
-25.59	-26.8	0.13973509372826953
-25.67	-25.67	0.25402563519416077
-25.72	-24.5	0.36435629681781734
-25.76	-23.31	0.4464235511255694
-25.78	-22.1	0.7190879491176432
-25.81	-20.89	0.817445858642138
-25.84	-19.68	0.8155196848262776
-25.85	-18.47	0.7874707326106432
-25.86	-17.24	0.7135600906416784
-25.85	-16.01	0.581287043332587
-25.85	-14.77	0.4704345030564667
-25.85	-13.54	0.371499793037394
-25.85	-12.31	0.3006868318499656
-25.85	-11.08	0.2887670578597721
-25.85	-9.85	0.2938714508555407
-25.86	-8.62	0.2814080564294059
-25.86	-7.39	0.2697997680811426
-25.87	-6.16	0.22369875558186436
-25.87	-4.93	0.19865155132674772
-25.87	-3.7	0.185374264057252
-25.87	-2.46	0.18844979027606712
-25.87	-1.23	0.19760410591941024
-25.87	0.0	0.186165310559133
-25.87	1.23	0.1977840350102653
-25.87	2.46	0.200049375996187
-25.87	3.7	0.23425867867739925
-25.87	4.93	0.30267375017960774
-25.87	6.16	0.36289862797951855
-25.86	7.39	0.43738578052134613
-25.86	8.62	0.45990820528199805
-25.85	9.85	0.47716083875757676
-25.85	11.08	0.5591785017961257
-25.85	12.31	0.7141027072528985
-25.85	13.54	0.862107293339534
-25.85	14.77	1.0020815947604547
-25.85	16.01	1.2508155628586692
-25.86	17.24	1.4385709030103015
-25.85	18.47	1.69610014857642
-25.84	19.68	2.0383877988088983
-25.81	20.89	2.2730008261674186
-25.78	22.1	2.658912645931622
-25.76	23.31	3.5482938623407563
-25.72	24.5	4.618511726308441
-25.67	25.67	5.461443612953488
-25.59	26.8	6.15915147104549
-25.43	27.86	6.001544750089209
-24.2	29.04	5.829220626844702
-24.36	28.01	6.100123763436656
-24.44	26.89	5.4971261574875
-24.5	25.72	4.620252894354678
-24.53	24.53	3.4806380102504306
-24.56	23.33	2.5914513831846904
-24.59	22.13	2.1953409679021547
-24.61	20.92	1.9557833368183992
-24.62	19.7	1.5940756211497558
-24.63	18.47	1.3305907153297554
-24.62	17.23	1.0589162596334205
-24.62	16.0	0.8693517345107793
-24.62	14.77	0.7054696611386788
-24.62	13.54	0.5537869541198006
-24.63	12.31	0.4650083067991915
-24.63	11.08	0.41465931339706685
-24.63	9.85	0.40074321909882826
-24.64	8.62	0.2363749013709011
-24.64	7.39	0.17690241281238883
-24.64	6.16	0.09384859794973721
-24.64	4.93	0.05145689144761434
-24.64	3.7	0.0653197048281342
-24.64	2.46	0.10243076876238888
-24.64	1.23	0.11778377008942442
-24.64	-0.0	0.13769970278528376
-24.64	-1.23	0.14581345672711166
-24.64	-2.46	0.15260225870611066
-24.64	-3.7	0.17198576910178787
-24.64	-4.93	0.1712008634998483
-24.64	-6.16	0.18696000308634098
-24.64	-7.39	0.22333036059011135
-24.64	-8.62	0.2579261687563559
-24.63	-9.85	0.19521876308463249
-24.63	-11.08	0.20227916681992753
-24.63	-12.31	0.25722682677414355
-24.62	-13.54	0.25442588878311057
-24.62	-14.77	0.2777871400851879
-24.62	-16.0	0.3447946744431576
-24.62	-17.23	0.4605470298060723
-24.63	-18.47	0.6037953236699352
-24.62	-19.7	0.6976837501952815
-24.61	-20.92	0.7173005165360848
-24.59	-22.13	0.7240840731021905
-24.56	-23.33	0.6330983185762591
-24.53	-24.53	0.2959657195498693
-24.5	-25.72	0.21279394012912434
-24.44	-26.89	0.06678125076984998
-24.36	-28.01	-0.0354929881240551
-24.2	-29.04	-0.05538738700676049
-22.94	-30.18	-0.0747318172792859
-23.12	-29.2	-0.2087800944920275
-23.21	-28.1	-0.08548291404849806
-23.27	-26.94	0.04638665634244887
-23.31	-25.76	0.1715511772182694
-23.33	-24.56	0.5502081742772518
-23.36	-23.36	0.6395319091926197
-23.38	-22.15	0.6876077926826909
-23.39	-20.93	0.6357363409112224
-23.39	-19.7	0.491181657071877
-23.39	-18.46	0.37078430935569173
-23.38	-17.23	0.285279333161121
-23.39	-16.0	0.2536714799573545
-23.39	-14.77	0.23873007616978725
-23.4	-13.55	0.18389956279767716
-23.4	-12.32	0.18443961064041048
-23.41	-11.09	0.1908010581592876
-23.41	-9.86	0.15953094928281075
-23.41	-8.62	0.1466375427757356
-23.41	-7.39	0.14497933179867317
-23.41	-6.16	0.13316288336716298
-23.41	-4.93	0.11099856425697396
-23.41	-3.7	0.09081756072793468
-23.41	-2.46	0.10570101763359219
-23.41	-1.23	0.1022897775648417
-23.41	0.0	0.08551659432010439
-23.41	1.23	0.09318574541604363
-23.41	2.46	0.08798929769440633
-23.41	3.7	0.10195039937316608
-23.41	4.93	0.10636038822508453
-23.41	6.16	0.09125212535631988
-23.41	7.39	0.028263487410193022
-23.41	8.62	0.017571289555682768
-23.41	9.86	0.15335373848993328
-23.41	11.09	0.23111325560725504
-23.4	12.32	0.36956630270435653
-23.4	13.55	0.4100566596857078
-23.39	14.77	0.468530406854093
-23.39	16.0	0.5907512141249356
-23.38	17.23	0.746049124609911
-23.39	18.46	0.9432643091057926
-23.39	19.7	1.2457695600202356
-23.39	20.93	1.504320641724334
-23.38	22.15	1.8953605511895546
-23.36	23.36	2.1771019884073723
-23.33	24.56	2.60884917175855
-23.31	25.76	3.663007100702572
-23.27	26.94	4.8461730205235085
-23.21	28.1	5.663347047542004
-23.12	29.2	6.031928927710126
-22.94	30.18	5.478325973703903
-21.63	31.24	4.547818992207354
-21.87	30.38	5.90345304293848
-21.97	29.3	5.889891996896097
-22.04	28.16	5.029476462719487
-22.07	26.98	4.01352423528887
-22.1	25.78	2.6375777106621854
-22.13	24.59	2.172873763810614
-22.15	23.38	1.8834193591556385
-22.16	22.16	1.4654084786207378
-22.16	20.93	1.1826396642543244
-22.16	19.69	0.8583961573789978
-22.15	18.46	0.6728450393907934
-22.16	17.23	0.5073295598903158
-22.16	16.01	0.3905299170379024
-22.17	14.78	0.35003851302793265
-22.17	13.55	0.22771614426655873
-22.18	12.32	0.19458219128238596
-22.18	11.09	0.06606703855694462
-22.18	9.86	0.07895859179570408
-22.18	8.62	0.0670670703522731
-22.18	7.39	0.045844268974143176
-22.18	6.16	0.03350655207223241
-22.18	4.93	0.03218031915621111
-22.19	3.7	0.06614640242732861
-22.19	2.47	0.09129226171971538
-22.19	1.23	0.10806843110633224
-22.19	-0.0	0.11372737764733643
-22.19	-1.23	0.10422178606489041
-22.19	-2.47	0.09207789776847619
-22.19	-3.7	0.08858306378927949
-22.18	-4.93	0.09738925114080388
-22.18	-6.16	0.09718438730892842
-22.18	-7.39	0.10466265612586056
-22.18	-8.62	0.10933011495621514
-22.18	-9.86	0.1292215160795891
-22.18	-11.09	0.14650916410295167
-22.18	-12.32	0.1606391219385941
-22.17	-13.55	0.23241140050423326
-22.17	-14.78	0.1820048190611061
-22.16	-16.01	0.18901466805053246
-22.16	-17.23	0.24564108649487792
-22.15	-18.46	0.23453082844538642
-22.16	-19.69	0.2721125256177217
-22.16	-20.93	0.4252726827011557
-22.16	-22.16	0.5656801702009417
-22.15	-23.38	0.6130009772564904
-22.13	-24.59	0.5708732310872904
-22.1	-25.78	0.39899745016282395
-22.07	-26.98	0.04636588513022133
-22.04	-28.16	-0.12848881262350176
-21.97	-29.3	-0.24625569884228327
-21.87	-30.38	-0.35615469492811513
-21.63	-31.24	0.6787193971315375
-20.61	-31.52	-0.4481291797648055
-20.73	-30.49	-0.3591675011118838
-20.8	-29.36	-0.3115266838655728
-20.84	-28.2	-0.08674385682176222
-20.87	-27.01	0.27040227526589433
-20.89	-25.81	0.49172889489877747
-20.92	-24.61	0.5650050503570867
-20.93	-23.39	0.5292900813558106
-20.93	-22.16	0.37197023141582264
-20.92	-20.92	0.24035986067864457
-20.92	-19.69	0.2246990807352418
-20.93	-18.47	0.1978288413132887
-20.93	-17.24	0.17264098866174038
-20.94	-16.01	0.21772782204283914
-20.94	-14.78	0.1731534904972989
-20.94	-13.55	0.11189987046969918
-20.94	-12.32	0.10245703738282685
-20.95	-11.09	0.09006445692786968
-20.95	-9.86	0.1195713932990401
-20.95	-8.63	0.1326042559422902
-20.95	-7.4	0.11297861615953764
-20.96	-6.16	0.09392694455406314
-20.96	-4.93	0.08812037015938756
-20.96	-3.7	0.07187710707508899
-20.96	-2.47	0.06820863982531478
-20.96	-1.23	0.06129669196571541
-20.96	0.0	0.047840147607765005
-20.96	1.23	0.048972616146834014
-20.96	2.47	0.05228799291055708
-20.96	3.7	0.03917862580125586
-20.96	4.93	0.03364924944155234
-20.96	6.16	0.036724439465224634
-20.95	7.4	0.006270841690700024
-20.95	8.63	-0.018081754706912534
-20.95	9.86	-0.015521998701430562
-20.95	11.09	0.026868031524479363
-20.94	12.32	0.04460374149338264
-20.94	13.55	0.12093360344652382
-20.94	14.78	0.17198254744086938
-20.94	16.01	0.25453876552897015
-20.93	17.24	0.3375069176419032
-20.93	18.47	0.45052856866836777
-20.92	19.69	0.6250995212012427
-20.92	20.92	0.8157558287348508
-20.93	22.16	1.12476526203654
-20.93	23.39	1.4803065015025965
-20.92	24.61	1.8877964796313762
-20.89	25.81	2.249452093969296
-20.87	27.01	2.756304103923611
-20.84	28.2	4.3342513807887855
-20.8	29.36	5.21411646158802
-20.73	30.49	5.930662609353746
-20.61	31.52	5.631603956319765
-19.32	32.6	5.112946851648928
-19.48	31.66	5.844148269452816
-19.56	30.56	5.384669267808704
-19.61	29.41	4.560890173436604
-19.63	28.22	3.1209764125940183
-19.66	27.03	2.36032193555954
-19.68	25.84	1.9502335195751073
-19.7	24.62	1.5075438259176934
-19.7	23.39	1.1707330954846142
-19.69	22.16	0.7900930082597242
-19.69	20.92	0.5734855452679142
-19.7	19.7	0.4253948567258874
-19.7	18.47	0.31613427325883237
-19.71	17.25	0.22874879096593048
-19.71	16.02	0.10627965528185257
-19.71	14.78	0.056925744221231867
-19.71	13.55	0.008777759238938643
-19.72	12.32	-0.033545737839482115
-19.72	11.09	-0.06852016259335869
-19.72	9.86	-0.031492138700940586
-19.72	8.63	0.008417699618306074
-19.73	7.4	-0.015337445391232052
-19.73	6.16	-0.010934417647675332
-19.73	4.93	-0.006992883761597568
-19.73	3.7	-0.0029662723922072587
-19.73	2.47	0.0060034413089056216
-19.73	1.23	0.0027638287653246607
-19.73	-0.0	0.014226078132203668
-19.73	-1.23	0.025078202568103336
-19.73	-2.47	0.029669192194099026
-19.73	-3.7	0.04691955563914263
-19.73	-4.93	0.06254858507624306
-19.73	-6.16	0.05842651998904813
-19.73	-7.4	0.07639833605030333
-19.72	-8.63	0.08838220417879938
-19.72	-9.86	0.0917801804030205
-19.72	-11.09	0.11869924521035813
-19.72	-12.32	0.08954876933807299
-19.71	-13.55	0.0715523659833579
-19.71	-14.78	0.10865078559208285
-19.71	-16.02	0.12569291356481926
-19.71	-17.25	0.2239748560010142
-19.7	-18.47	0.13470245229006395
-19.7	-19.7	0.1718766505963103
-19.69	-20.92	0.1993195361682112
-19.69	-22.16	0.20795852777246182
-19.7	-23.39	0.3524927635522985
-19.7	-24.62	0.5035274978352362
-19.68	-25.84	0.4984238496139355
-19.66	-27.03	0.393423667159162
-19.63	-28.22	0.060608521392872206
-19.61	-29.41	-0.1951716546985054
-19.56	-30.56	-0.4713255912052787
-19.48	-31.66	-0.5324974917203207
-19.32	-32.6	-0.09156976764265323
-18.21	-32.78	-0.623141526602403
-18.31	-31.74	-0.5679588352757108
-18.37	-30.61	-0.4292282056671439
-18.4	-29.44	-0.17324264849224846
-18.42	-28.25	0.2592661602222961
-18.45	-27.06	0.39603350584155095
-18.47	-25.85	0.4612455714975212
-18.47	-24.63	0.3671247706762486
-18.46	-23.39	0.20068896114668178
-18.46	-22.15	0.1705589775847045
-18.47	-20.93	0.15746301512034933
-18.47	-19.7	0.12536774269752016
-18.48	-18.48	0.14367078460449534
-18.48	-17.25	0.1242952452123447
-18.48	-16.02	0.08011069877383648
-18.48	-14.79	0.07947867856327662
-18.49	-13.56	0.10838636508476185
-18.49	-12.33	0.09963136719906629
-18.49	-11.1	0.08710770604646001
-18.49	-9.86	0.07004822797445343
-18.49	-8.63	0.046313347566560026
-18.49	-7.4	0.03761861258728061
-18.49	-6.16	0.036603232364093685
-18.5	-4.93	0.028677861206070077
-18.5	-3.7	0.027827517124137557
-18.5	-2.47	0.02557394944670932
-18.5	-1.23	-0.014490781632709115
-18.5	0.0	-0.008046572587879552
-18.5	1.23	0.03232000426079651
-18.5	2.47	0.013459019240109171
-18.5	3.7	0.001147756419790369
-18.5	4.93	-0.0034328738184825625
-18.49	6.16	-0.02804307573691034
-18.49	7.4	-0.05143768592927245
-18.49	8.63	-0.056673539782877924
-18.49	9.86	-0.06887377560677521
-18.49	11.1	-0.04158126032719878
-18.49	12.33	-0.11616999259663885
-18.49	13.56	-0.11407708753228007
-18.48	14.79	-0.036105042589326786
-18.48	16.02	0.003974840487359188
-18.48	17.25	0.044200483723358275
-18.48	18.48	0.1750818237387577
-18.47	19.7	0.2727934206505793
-18.47	20.93	0.3894791135723068
-18.46	22.15	0.559395050503511
-18.46	23.39	0.805063367278045
-18.47	24.63	1.222885426331402
-18.47	25.85	1.619184105352133
-18.45	27.06	2.019079762835929
-18.42	28.25	2.5054743262834194
-18.4	29.44	3.7464594086854675
-18.37	30.61	4.850413892902424
-18.31	31.74	5.7283557027895995
-18.21	32.78	5.599077052465816
-16.92	33.85	5.160904454201528
-17.06	32.9	5.745136963284494
-17.12	31.8	5.1804167110599195
-17.16	30.65	4.39499931487191
-17.19	29.46	2.7924402407243605
-17.21	28.27	2.1293610667376583
-17.23	27.08	1.720665705290827
-17.24	25.86	1.3009892714290814
-17.23	24.62	0.8561170735784529
-17.23	23.38	0.560611702685982
-17.23	22.16	0.39160394924230957
-17.24	20.93	0.26010065085237244
-17.25	19.71	0.12612459776259755
-17.25	18.48	0.024175853351579235
-17.25	17.25	-0.047315568661701946
-17.25	16.02	-0.10491466160838314
-17.25	14.79	-0.14596565314221266
-17.26	13.56	-0.1401184296106095
-17.26	12.33	-0.10244578550148731
-17.26	11.1	-0.12118425511194175
-17.26	9.86	-0.09370243815444468
-17.26	8.63	-0.07944928187119871
-17.26	7.4	-0.06833316266124001
-17.26	6.17	-0.05170891601390082
-17.26	4.93	-0.02988317157930709
-17.27	3.7	-0.019977670788065893
-17.27	2.47	0.013589421193245244
-17.27	1.23	0.018694282425144593
-17.27	-0.0	0.018472525832855524
-17.27	-1.23	0.01449050174052502
-17.27	-2.47	0.03491128126427867
-17.27	-3.7	0.05037971536642516
-17.26	-4.93	0.03429862140300344
-17.26	-6.17	0.04714987696919337
-17.26	-7.4	0.04270571207541707
-17.26	-8.63	0.039290512369291264
-17.26	-9.86	0.03468747201703337
-17.26	-11.1	0.047656783058464214
-17.26	-12.33	0.07167013396716726
-17.26	-13.56	0.08459297646708563
-17.25	-14.79	0.11290361094775392
-17.25	-16.02	0.08278236175697629
-17.25	-17.25	0.09534595598231022
-17.25	-18.48	0.09839878759006382
-17.25	-19.71	0.10467786615958374
-17.24	-20.93	0.12730368327481045
-17.23	-22.16	0.14993314004333058
-17.23	-23.38	0.17413000215274366
-17.23	-24.62	0.20076937378982507
-17.24	-25.86	0.3543594221180868
-17.23	-27.08	0.4268834100064538
-17.21	-28.27	0.30901249124189434
-17.19	-29.46	0.05819357671310854
-17.16	-30.65	-0.3559183964993906
-17.12	-31.8	-0.6306020742187854
-17.06	-32.9	-0.6525439123143713
-16.92	-33.85	0.03152928734061078
-15.79	-34.0	-0.7329744934660951
-15.87	-32.97	-0.6985379321582741
-15.92	-31.84	-0.5250077249492904
-15.95	-30.67	-0.2259214554841833
-15.97	-29.48	0.18209834862430796
-15.99	-28.3	0.35164657144651557
-16.01	-27.09	0.375929737573216
-16.01	-25.85	0.21401654051545904
-16.0	-24.62	0.16218415746684656
-16.0	-23.39	0.1441335616477346
-16.01	-22.16	0.11805788813556717
-16.01	-20.94	0.13017925203517677
-16.02	-19.71	0.09233582706898602
-16.02	-18.48	0.07707996393853733
-16.02	-17.25	0.08743996516489005
-16.02	-16.02	0.11189020521501192
-16.03	-14.79	0.08464004383611012
-16.03	-13.56	0.052071294449845595
-16.03	-12.33	0.04968832685531055
-16.03	-11.1	0.04673179052704057
-16.03	-9.86	0.028925229195650104
-16.03	-8.63	0.039831791033620334
-16.03	-7.4	0.03756901701650861
-16.03	-6.17	0.05398750209974423
-16.04	-4.93	0.0502258316661468
-16.04	-3.7	0.04451541890060895
-16.04	-2.47	0.030399957224673813
-16.04	-1.23	0.048654466648727634
-16.04	0.0	0.03563566044789468
-16.04	1.23	0.047903979802192964
-16.04	2.47	0.031269270138807315
-16.04	3.7	0.025181162286521896
-16.04	4.93	0.0027899578681598314
-16.03	6.17	-0.02832301978421725
-16.03	7.4	-0.03346580110225261
-16.03	8.63	-0.10906314748417145
-16.03	9.86	-0.13183434903320546
-16.03	11.1	-0.11813202750438734
-16.03	12.33	-0.16800655220905014
-16.03	13.56	-0.15195448335136064
-16.03	14.79	-0.17250220264894267
-16.02	16.02	-0.19438045253784964
-16.02	17.25	-0.13725396738159645
-16.02	18.48	-0.09599202198779722
-16.02	19.71	-0.013235093700487255
-16.01	20.94	0.13666167591158285
-16.01	22.16	0.24641294039085437
-16.0	23.39	0.39405677711532405
-16.0	24.62	0.5976714662872169
-16.01	25.85	0.9914514419032443
-16.01	27.09	1.4292728096662088
-15.99	28.3	1.878964105456518
-15.97	29.48	2.374243758026907
-15.95	30.67	3.3860311183410374
-15.92	31.84	4.756422413186428
-15.87	32.97	5.6446314715115875
-15.79	34.0	5.472970030846781
-14.49	35.02	4.8329887849201185
-14.62	34.1	5.621645698529164
-14.67	33.02	5.214556577092878
-14.71	31.87	4.352938250813722
-14.73	30.69	2.728466006550164
-14.75	29.51	2.045666032207947
-14.77	28.31	1.6189105212712178
-14.78	27.09	1.1937238830692252
-14.77	25.85	0.7052337122550227
-14.77	24.62	0.4201397735352046
-14.77	23.39	0.2561935799133579
-14.78	22.17	0.16780433310060516
-14.78	20.94	-0.026793599276217606
-14.78	19.71	-0.09432821079531806
-14.79	18.48	-0.16204602764383935
-14.79	17.25	-0.23106294790837012
-14.79	16.03	-0.23345501080109443
-14.79	14.79	-0.18701497677862733
-14.8	13.56	-0.19539184621448413
-14.8	12.33	-0.1546735418070213
-14.8	11.1	-0.1503669502952718
-14.8	9.87	-0.11674335812429604
-14.8	8.63	-0.07850488370907982
-14.8	7.4	-0.03516944831440583
-14.8	6.17	-0.01585958574196411
-14.8	4.93	0.01300547113539352
-14.8	3.7	0.024829991095124626
-14.8	2.47	0.04043214758127789
-14.8	1.23	0.05050087001084336
-14.8	-0.0	0.04642594932739286
-14.8	-1.23	0.06501726693061016
-14.8	-2.47	0.05539269662356361
-14.8	-3.7	0.04417350563568334
-14.8	-4.93	0.036218895309467314
-14.8	-6.17	0.024122477088766914
-14.8	-7.4	0.016988955302181807
-14.8	-8.63	0.030322478245508933
-14.8	-9.87	0.02809667615622402
-14.8	-11.1	0.021473668603839258
-14.8	-12.33	0.05168119922412728
-14.8	-13.56	0.054488471495787394
-14.79	-14.79	0.05712573319588188
-14.79	-16.03	0.07873794964955039
-14.79	-17.25	0.0994802213408903
-14.79	-18.48	0.06666358070828693
-14.78	-19.71	0.08026897169919778
-14.78	-20.94	0.09478814969379812
-14.78	-22.17	0.16970746814723725
-14.77	-23.39	0.1340276782704919
-14.77	-24.62	0.15845969587440578
-14.77	-25.85	0.12800132885178783
-14.78	-27.09	0.23916534882269502
-14.77	-28.31	0.33329376855251525
-14.75	-29.51	0.2586517770065626
-14.73	-30.69	-0.02883930321505801
-14.71	-31.87	-0.49900053597568217
-14.67	-33.02	-0.787014060687703
-14.62	-34.1	-0.7858024761696356
-14.49	-35.02	0.8720463830838838
-13.34	-35.17	-0.5995101680440982
-13.42	-34.17	-0.8257183043006435
-13.47	-33.06	-0.6694028350951982
-13.49	-31.9	-0.4016263326464511
-13.51	-30.71	0.05592541644966076
-13.53	-29.53	0.2866616793827035
-13.54	-28.32	0.28001309121477647
-13.54	-27.08	0.16128216603573975
-13.54	-25.85	0.15243563283299721
-13.54	-24.62	0.12165900197378932
-13.55	-23.4	0.13107683184688312
-13.55	-22.17	0.13575458299571608
-13.55	-20.94	0.08752317383443398
-13.55	-19.71	0.06223097600795313
-13.56	-18.49	0.09226321512254998
-13.56	-17.26	0.08005641836207644
-13.56	-16.03	0.06875263555281919
-13.56	-14.8	0.04075171065735361
-13.56	-13.56	0.046257138504884665
-13.56	-12.33	0.030640689987542657
-13.57	-11.1	0.03255687936155027
-13.57	-9.87	0.05304786693825747
-13.57	-8.64	0.02104608719139378
-13.57	-7.4	0.028305473415009885
-13.57	-6.17	0.026477604975170266
-13.57	-4.93	0.04386154441447587
-13.57	-3.7	0.05099636876889235
-13.57	-2.47	0.06825839759448371
-13.57	-1.23	0.08106139380502242
-13.57	0.0	0.06854311377893652
-13.57	2.47	0.08181833893137025
-13.57	3.7	0.06647678437524007
-13.57	4.93	0.03404117605128931
-13.57	6.17	0.0015062133579633041
-13.57	7.4	-0.010722044026707067
-13.57	8.64	-0.032391426770068676
-13.57	9.87	-0.08985517511103325
-13.57	11.1	-0.1353392016394963
-13.56	12.33	-0.16922181739122522
-13.56	13.56	-0.1835979291983918
-13.56	14.8	-0.23068765973775385
-13.56	16.03	-0.21093098575556724
-13.56	17.26	-0.2739938459396427
-13.56	18.49	-0.24618269071412158
-13.55	19.71	-0.15701588114472287
-13.55	20.94	-0.1031018558079353
-13.55	22.17	0.003654775658020526
-13.55	23.4	0.15212277775909655
-13.54	24.62	0.2884350030385505
-13.54	25.85	0.5010674451335007
-13.54	27.08	0.9095336001370669
-13.54	28.32	1.3846057183983405
-13.53	29.53	1.8336303859992
-13.51	30.71	2.3827046356544486
-13.49	31.9	3.550221989021196
-13.47	33.06	4.8489875084392935
-13.42	34.17	5.629131916576625
-13.34	35.17	5.268200316712807
-12.02	36.05	3.686344857812017
-12.16	35.27	5.40556684230954
-12.22	34.22	5.386442918304482
-12.25	33.09	4.484140849831533
-12.27	31.91	2.9112394513188065
-12.29	30.73	2.0402852821401325
-12.31	29.54	1.6268357252907464
-12.31	28.32	1.1623612952540583
-12.31	27.08	0.661958824549167
-12.31	25.85	0.35792914604684967
-12.31	24.63	0.179199441347194
-12.32	23.4	0.056948768704529584
-12.32	22.18	-0.10397782530809252
-12.32	20.94	-0.1784855881442553
-12.32	19.72	-0.2451497660537143
-12.33	18.49	-0.327697422811994
-12.33	17.26	-0.23671074749530874
-12.33	16.03	-0.27614812663333055
-12.33	14.8	-0.2344540819601164
-12.33	13.56	-0.228265620952385
-12.33	12.33	-0.17219179937976747
-12.34	11.1	-0.14088691568952783
-12.34	9.87	-0.08583659196381888
-12.34	8.64	-0.04092246299364888
-12.34	7.4	0.0019189413647069387
-12.34	6.17	0.039871630725770046
-12.34	4.93	0.06729087284016799
-12.34	3.7	0.09706973604080815
-12.34	2.47	0.12443489237204375
-12.34	1.23	0.12420793938704122
-12.34	-0.0	0.13184766239525203
-12.34	-1.23	0.12039098216202859
-12.34	-2.47	0.12254553916521616
-12.34	-3.7	0.11248081373392438
-12.34	-4.93	0.10245970242344526
-12.34	-6.17	0.06705437237267375
-12.34	-7.4	0.04478105818206757
-12.34	-8.64	0.027295763525842176
-12.34	-9.87	0.016569772552294637
-12.34	-11.1	0.019957415164654435
-12.33	-12.33	-0.015793087336604117
-12.33	-13.56	0.0009937768114696155
-12.33	-14.8	0.014830770936441695
-12.33	-16.03	0.02943987677750215
-12.33	-17.26	0.04816649064780876
-12.33	-18.49	0.07051196184913522
-12.32	-19.72	0.07058981721839785
-12.32	20.94	-0.05009547459608399
-12.32	22.18	-0.1155073519781098
-12.32	23.4	0.07645655448958166
-12.31	24.63	0.18518538817362895
-12.31	25.85	0.35510738005549314
-12.31	27.08	0.6562242795583657
-12.31	28.32	1.1641155075325784
-12.31	29.54	1.6167140106400666
-12.29	30.73	2.0569377306447905
-12.27	31.91	2.9050638046266073
-12.25	33.09	4.489350299502135
-12.22	34.22	5.382035733356517
-12.16	35.27	5.402561636970148
-12.02	36.05	3.3952645802624772
-10.88	36.26	4.896062200095216
-10.97	35.34	5.539949662414628
-11.01	34.26	5.0865409227202605
-11.04	33.11	4.169630318258413
-11.05	31.93	2.471662393310794
-11.07	30.75	1.8604164169935302
-11.08	29.55	1.452346751194554
-11.08	28.32	0.941871719258728
-11.08	27.08	0.4760094539991542
-11.08	25.85	0.2571747516272822
-11.08	24.63	0.09630404904417844
-11.09	23.41	-0.045329638911432824
-11.09	22.18	-0.20928179508789668
-11.09	20.95	-0.24294101693314474
-11.09	19.72	-0.34306343041007636
-11.1	18.49	-0.32085274483568327
-11.1	17.26	-0.2931720323443088
-11.1	16.03	-0.263497258235347
-11.1	14.8	-0.24852262216034404
-11.1	13.57	-0.20893977640905348
-11.1	12.34	-0.16170010744888685
-11.1	11.1	-0.10414429742550624
-11.1	9.87	-0.05259157769892653
-11.1	8.64	0.0012544199016346624
-11.1	7.4	0.027891267894538885
-11.1	6.17	0.07277702976467992
-11.1	4.94	0.10492156912776807
-11.11	3.7	0.11448807318728882
-11.11	2.47	0.1293024203452191
-11.11	1.23	0.13494043133658806
-11.11	-0.0	0.12803497159919175
-11.11	-1.23	0.13269251661460402
-11.11	-2.47	0.12101963976451202
-11.11	-3.7	0.10583966193718197
-11.1	-4.94	0.09805041250892543
-11.1	-6.17	0.07459949498453256
-11.1	-7.4	0.057612663329734914
-11.1	-8.64	0.03863983688977157
-11.1	-9.87	0.018651006265884007
-11.1	-11.1	0.011023718827559037
-11.1	-12.34	0.006727944352888926
-11.1	-13.57	0.0021718287568646133
-11.1	-14.8	-0.00024219560860672118
-11.1	-16.03	0.029265792501519172
-11.1	-17.26	0.04918143784627205
-11.1	-18.49	0.06813021205417158
-11.09	-19.72	0.08029430890832856
-11.09	-20.95	0.06277530583767543
-11.09	-22.18	0.09499306593367152
-11.09	-23.41	0.09553218933702823
-11.08	-24.63	0.11005098328742235
-11.08	-25.85	0.1008223168863367
-11.08	-27.08	0.13323715338829345
-11.08	-28.32	0.12199555771812953
-11.08	-29.55	0.23020810232520006
-11.07	-30.75	0.1637791315598136
-11.05	-31.93	-0.12299267954744408
-11.04	-33.11	-0.6103351238957586
-11.01	-34.26	-0.8990925852106528
-10.97	-35.34	-0.9245414356769004
-10.88	-36.26	1.7281253211025387
-9.7	-36.37	-0.02994929506591859
-9.76	-35.39	-0.9780174330939957
-9.8	-34.29	-0.8035868107160695
-9.82	-33.13	-0.47913225594525954
-9.83	-31.95	-0.036224929061582145
-9.84	-30.76	0.17792910872816492
-9.85	-29.55	0.1712500750781274
-9.85	-28.31	0.07741332414464352
-9.85	-27.08	0.12991841341452925
-9.85	-25.85	0.10168894506315951
-9.85	-24.63	0.1640555956001819
-9.86	-23.41	0.08822054330875062
-9.86	-22.18	0.07887483254755523
-9.86	-20.95	0.08906146791004232
-9.86	-19.72	0.0941987161237563
-9.86	-18.49	0.06882324812904983
-9.86	-17.26	0.04866711936288226
-9.86	-16.03	0.025996661692232692
-9.87	-14.8	0.017042419292330635
-9.87	-13.57	0.003702993172858271
-9.87	-12.34	0.001739261542063275
-9.87	-11.1	0.01368948702377537
-9.87	-9.87	-0.0015542422481402696
-9.87	-8.64	-0.002506467476017349
-9.87	-7.4	0.02114438719545575
-9.87	-6.17	0.04982601921623342
-9.87	-4.94	0.0670717056856347
-9.88	-3.7	0.1010792265885101
-9.88	-2.47	0.10742588025878774
-9.88	-1.23	0.11405235731772478
-9.88	0.0	0.13325880949086866
-9.88	1.23	0.125980907410856
-9.88	2.47	0.1315457600108232
-9.88	3.7	0.12982086415010485
-9.87	4.94	0.10306196690329017
-9.87	6.17	0.08543766847709122
-9.87	7.4	0.03956584110758854
-9.87	8.64	0.02828961363454141
-9.87	9.87	-0.008477394123630688
-9.87	11.1	-0.0748217028752407
-9.87	12.34	-0.12082738582117258
-9.87	13.57	-0.16191598013252673
-9.87	14.8	-0.215944043601759
-9.86	16.03	-0.2983789870319953
-9.86	17.26	-0.3390801474125311
-9.86	18.49	-0.3195947105318382
-9.86	19.72	-0.4068529398476315
-9.86	20.95	-0.33306644498414784
-9.86	22.18	-0.2833526717027013
-9.86	23.41	-0.15079993743047027
-9.85	24.63	0.03447947350370839
-9.85	25.85	0.16257213084507782
-9.85	27.08	0.3538302392613488
-9.85	28.31	0.7256000068985031
-9.85	29.55	1.2519262933303565
-9.84	30.76	1.7721959422535178
-9.83	31.95	2.313398703591787
-9.82	33.13	3.5734698029280594
-9.8	34.29	4.868012614417438
-9.76	35.39	5.5536690902249575
-9.7	36.37	5.15652238733324
-8.51	36.45	5.2373351768168845
-8.55	35.43	5.479842008218583
-8.58	34.31	4.541360808087759
-8.59	33.14	3.157766249890315
-8.6	31.96	2.1015451776596024
-8.62	30.77	1.6274609495247745
-8.62	29.55	1.10640056993239
-8.62	28.31	0.5500263064868207
-8.62	27.08	0.24877614384279667
-8.62	25.86	0.07923604341878132
-8.62	24.64	-0.060764134636087874
-8.62	23.41	-0.23935862005716757
-8.62	22.18	-0.3004449076186191
-8.63	20.95	-0.42209800964810995
-8.63	19.72	-0.41360383437383774
-8.63	18.49	-0.364810834916625
-8.63	17.26	-0.35405079280345575
-8.63	16.03	-0.3040223066726284
-8.63	14.8	-0.24033426291188675
-8.64	13.57	-0.18012422755883506
-8.64	12.34	-0.08559268703868383
-8.64	11.1	-0.027971343900041745
-8.64	9.87	-0.007093002003557558
-8.64	8.64	0.04780580037239446
-8.64	7.4	0.07518153118853377
-8.64	6.17	0.09093741250108422
-8.64	4.94	0.13558726568584234
-8.64	3.7	0.13884566281885924
-8.64	2.47	0.1547141114114723
-8.64	1.23	0.15652640770650805
-8.64	-0.0	0.13684869706341374
-8.64	-1.23	0.13259296854035085
-8.64	-2.47	0.12892575401586726
-8.64	-3.7	0.10984388692680369
-8.64	-4.94	0.08694133887289013
-8.64	-6.17	0.06456220310210625
-8.64	-7.4	0.03453930525442672
-8.64	-8.64	0.012172547864551575
-8.64	-9.87	-0.003157100723129247
-8.64	-11.1	0.006587889501233235
-8.64	-12.34	-0.005191938587280731
-8.64	-13.57	0.01628237067066607
-8.63	-14.8	0.002739409234749246
-8.63	-16.03	0.02946398525759264
-8.63	-17.26	0.04865431812997656
-8.63	-18.49	0.038676379362065916
-8.63	-19.72	0.06388525116897625
-8.63	-20.95	0.10035335343545171
-8.62	-22.18	0.08040629839996427
-8.62	-23.41	0.08863576572129261
-8.62	-24.64	0.10437346086275312
-8.62	-25.86	0.10544019448586539
-8.62	-27.08	0.10210945478147693
-8.62	-28.31	0.0958083068404676
-8.62	-29.55	0.11915920035522021
-8.62	-30.77	0.17991829606952336
-8.6	-31.96	0.004038608385002362
-8.59	-33.14	-0.35074020402653616
-8.58	-34.31	-0.7813129184437813
-8.55	-35.43	-1.013503142775349
-8.51	-36.45	-0.8449004598979712
-7.22	-37.3	4.888821367654629
-7.3	-36.51	-1.0089784950350236
-7.34	-35.46	-1.052514947673039
-7.36	-34.33	-0.7976305243283264
-7.37	-33.15	-0.28880580782841037
-7.38	-31.97	0.04243750133417734
-7.39	-30.78	0.159612633134806
-7.39	-29.55	0.06505512991157758
-7.38	-28.31	0.11059842824508337
-7.39	-27.08	0.07927637609472526
-7.39	-25.86	0.1316548609204915
-7.39	-24.64	0.08768745592747962
-7.39	-23.41	0.08127716165145671
-7.39	-22.18	0.07956386737465948
-7.4	-20.95	0.08841910270490416
-7.4	-19.73	0.06486944654813698
-7.4	-18.49	0.03319803746986594
-7.4	-17.26	0.022552019305436488
-7.4	-16.03	0.013322699920067294
-7.4	-14.8	0.006161482455695477
-7.4	-13.57	0.00024919486654795264
-7.4	-12.34	0.0003794286542131431
-7.4	-11.1	0.005655643898165863
-7.4	-9.87	0.006431156308103425
-7.4	-8.64	0.03578697589997404
-7.41	-7.41	0.03933278153559172
-7.41	-6.17	0.05550983533611742
-7.41	-4.94	0.08548533001904701
-7.41	-3.7	0.11807734570803774
-7.41	-2.47	0.13179746514531843
-7.41	-1.23	0.1528195430274124
-7.41	0.0	0.16781637804155736
-7.41	1.23	0.195070971809578
-7.41	2.47	0.19835577984441954
-7.41	3.7	0.1682957684181332
-7.41	4.94	0.15162874714381047
-7.41	6.17	0.12661361547222327
-7.41	7.41	0.07801932860731853
-7.4	8.64	0.06918673002058995
-7.4	9.87	0.014783849714859798
-7.4	11.1	-0.018626412250540625
-7.4	12.34	-0.06934154239691992
-7.4	13.57	-0.17133974655937578
-7.4	14.8	-0.23650675809205524
-7.4	16.03	-0.28413171348361743
-7.4	17.26	-0.3409218430131773
-7.4	18.49	-0.39692949268638955
-7.4	19.73	-0.3968435639947998
-7.4	20.95	-0.45686239527593386
-7.39	22.18	-0.3552659375110423
-7.39	23.41	-0.3120289671575591
-7.39	24.64	-0.15355102971791013
-7.39	25.86	0.031974313255076936
-7.39	27.08	0.18821978126689487
-7.38	28.31	0.43741267248400106
-7.39	29.55	0.9371238742608909
-7.39	30.78	1.4831683104796056
-7.38	31.97	1.9607675000151374
-7.37	33.15	2.8813336263185647
-7.36	34.33	4.438631862040793
-7.34	35.46	5.310448138743155
-7.3	36.51	5.32931376684661
-7.22	37.3	3.4561002917548507
-6.04	37.42	4.55316205700484
-6.09	36.55	5.421940191945836
-6.12	35.48	5.200730311398814
-6.13	34.34	4.236011727458873
-6.14	33.16	2.6211377269054594
-6.15	31.98	1.8838331140053128
-6.16	30.78	1.3744288411793377
-6.16	29.55	0.8017760528835041
-6.15	28.31	0.35047935916252015
-6.16	27.08	0.1383963615786925
-6.16	25.87	-0.007304504012090263
-6.16	24.64	-0.23881949027611427
-6.16	23.41	-0.3419215375107285
-6.16	22.18	-0.43884022321960003
-6.16	20.96	-0.4974561999194478
-6.16	19.73	-0.42163980123024203
-6.16	18.49	-0.42383758163557417
-6.17	17.26	-0.33442625964363515
-6.17	16.03	-0.2818605438189081
-6.17	14.8	-0.22813439379180522
-6.17	13.57	-0.16491369665480704
-6.17	12.34	-0.05283772242627549
-6.17	11.1	0.018071844693153594
-6.17	9.87	0.02717229016028
-6.17	8.64	0.08593987258461055
-6.17	7.41	0.12073812881426704
-6.17	6.17	0.15820395755821437
-6.17	4.94	0.20124969036996987
-6.17	3.7	0.23111343641724602
-6.17	2.47	0.24065115681031557
-6.17	1.23	0.25280174715432224
-6.17	-0.0	0.20590877672806585
-6.17	-1.23	0.18609254960088606
-6.17	-2.47	0.17230329979739167
-6.17	-3.7	0.13563196938981292
-6.17	-4.94	0.08290438973951808
-6.17	-6.17	0.05779887625399738
-6.17	-7.41	0.05029917704852238
-6.17	-8.64	0.02842344762864002
-6.17	-9.87	0.013002616691153435
-6.17	-11.1	0.02512213390493656
-6.17	-12.34	0.0031040208670987113
-6.17	-13.57	-0.019249706524377075
-6.17	-14.8	-4.221057523068339e-05
-6.17	-16.03	0.004223374303542471
-6.17	-17.26	0.019223266226660485
-6.16	-18.49	0.01401207019321049
-6.16	-19.73	0.037877595114053975
-6.16	-20.96	0.08503525972571424
-6.16	-22.18	0.08978253395476088
-6.16	-23.41	0.07980137866157833
-6.16	-24.64	0.09655337687805599
-6.16	-25.87	0.13585004071630635
-6.16	-27.08	0.08294263584880213
-6.15	-28.31	0.11661675639050628
-6.16	-29.55	0.046819860572107075
-6.16	-30.78	0.14774058088454467
-6.15	-31.98	0.07155647856501446
-6.14	-33.16	-0.233408535054771
-6.13	-34.34	-0.7417159226300996
-6.12	-35.48	-1.0323969761138727
-6.09	-36.55	-1.0353066506942383
-6.04	-37.42	5.05524755543297
-4.84	-37.5	6.197639991615517
-4.88	-36.58	-1.0650908820462348
-4.9	-35.49	-0.9836987270573303
-4.91	-34.35	-0.6587432851750705
-4.91	-33.17	-0.21007426248707617
-4.92	-31.99	0.09600481005769979
-4.93	-30.78	0.10791115582728139
-4.92	-29.54	0.07790940794724577
-4.92	-28.31	0.09986194996808706
-4.93	-27.09	0.09369568242688331
-4.93	-25.87	0.10671959582059998
-4.93	-24.64	0.09673239433679015
-4.93	-23.41	0.0798731927348868
-4.93	-22.18	0.10286224249477982
-4.93	-20.96	0.07176549946218103
-4.93	-19.73	0.03694391854190826
-4.93	-18.5	0.01404620019031455
-4.93	-17.26	0.013938703661850127
-4.93	-16.04	0.006256719298860958
-4.93	-14.8	-0.01663016793823857
-4.93	-13.57	-0.01892703602084822
-4.93	-12.34	0.013574930233666294
-4.94	-11.1	0.01820456834724382
-4.94	-9.87	0.023755986349634384
-4.94	-8.64	0.04083790312204627
-4.94	-7.41	0.04190370330242388
-4.94	-6.17	0.05573966829675925
-4.94	-4.94	0.07392297081899102
-4.94	-3.7	0.13298423974502072
-4.94	-2.47	0.18306887260546034
-4.94	-1.24	0.24563939937578994
-4.94	0.0	0.28452048012728426
-4.94	1.24	0.325577114941062
-4.94	2.47	0.3281387176182591
-4.94	3.7	0.3106063076977108
-4.94	4.94	0.25213914768063717
-4.94	6.17	0.1904282816191909
-4.94	7.41	0.15645524639252528
-4.94	8.64	0.09860728335704749
-4.94	9.87	0.05186664266830121
-4.94	11.1	0.032095245908053016
-4.93	12.34	-0.03023313782266257
-4.93	13.57	-0.1504797246962113
-4.93	14.8	-0.21937891949821164
-4.93	16.04	-0.2743692427691542
-4.93	17.26	-0.32724534424193763
-4.93	18.5	-0.42159731798677313
-4.93	19.73	-0.4470389026447208
-4.93	20.96	-0.5031451961534827
-4.93	22.18	-0.4748889513974959
-4.93	23.41	-0.34199515937260117
-4.93	24.64	-0.268056559383524
-4.93	25.87	-0.047006855310378626
-4.93	27.09	0.09547782926482995
-4.92	28.31	0.26185682974362834
-4.92	29.54	0.6957485837237698
-4.93	30.78	1.2883787023108297
-4.92	31.99	1.8082992574212398
-4.91	33.17	2.5101637642940062
-4.91	34.35	3.936892186962311
-4.9	35.49	5.059337357196085
-4.88	36.58	5.489245625068364
-4.84	37.5	4.872448285018237
-3.63	37.55	5.051649812957834
-3.66	36.6	5.528900550834038
-3.67	35.51	4.9350560126403735
-3.68	34.35	3.724852267114443
-3.69	33.18	2.3949412062424074
-3.69	32.0	1.7481735706349752
-3.69	30.78	1.204568746842412
-3.69	29.54	0.6215655080877909
-3.69	28.31	0.22170480699347905
-3.69	27.09	0.043513458765950475
-3.7	25.87	-0.09068373283431441
-3.7	24.64	-0.30598061010786637
-3.7	23.41	-0.37022108328059034
-3.7	22.19	-0.5162612650620062
-3.7	20.96	-0.4818350203363124
-3.7	19.73	-0.44923522802825033
-3.7	18.5	-0.4302816470983686
-3.7	17.27	-0.3617507842759764
-3.7	16.04	-0.2827816316213827
-3.7	14.8	-0.2102092518104044
-3.7	13.57	-0.15943593135184386
-3.7	12.34	-0.026234995307596876
-3.7	11.11	0.044689121967209644
-3.7	9.88	0.05656517837465458
-3.7	8.64	0.10686433010242524
-3.7	7.41	0.16278560021712707
-3.7	6.17	0.23843263629204614
-3.7	4.94	0.3309953963874861
-3.71	3.71	0.37924462279209337
-3.7	2.47	0.4209298571212585
-3.7	1.23	0.41524306276524214
-3.7	-0.0	0.3662007611658282
-3.7	-1.23	0.2886074582853908
-3.7	-2.47	0.19762904895351596
-3.71	-3.71	0.13423834910993548
-3.7	-4.94	0.05928452875313184
-3.7	-6.17	0.04292945494814404
-3.7	-7.41	0.02860299682468792
-3.7	-8.64	0.0306678588142546
-3.7	-9.88	0.026281180351524824
-3.7	-11.11	0.01022931428407503
-3.7	-12.34	0.0021999424526910616
-3.7	-13.57	-0.024934152259255882
-3.7	-14.8	-0.018653175355069607
-3.7	-16.04	-0.008366352993412818
-3.7	-17.27	0.004100206808175244
-3.7	-18.5	-0.005177910092214688
-3.7	-19.73	0.021494407365850066
-3.7	-20.96	0.06292613156127658
-3.7	-22.19	0.08672266311975818
-3.7	-23.41	0.07546106128478414
-3.7	-24.64	0.0807456665284576
-3.7	-25.87	0.10681232695900178
-3.69	-27.09	0.09053227222382532
-3.69	-28.31	0.07628149721506361
-3.69	-29.54	0.08336853490671814
-3.69	-30.78	0.08401498436801091
-3.69	-32.0	0.09564044313065523
-3.69	-33.18	-0.1819751224029602
-3.68	-34.35	-0.5884163959448827
-3.67	-35.51	-0.9589369578449833
-3.66	-36.6	-1.1295717767761886
-3.63	-37.55	1.0793224489828361
-2.42	-37.58	0.6503760397479326
-2.44	-36.61	-1.1035363596417938
-2.45	-35.52	-0.9602240535457156
-2.45	-34.36	-0.5430655828124031
-2.46	-33.18	-0.18388067020853072
-2.46	-32.0	0.07731978233787373
-2.46	-30.78	0.057354395596689756
-2.46	-29.54	0.09115037771672974
-2.46	-28.31	0.06866965311774464
-2.46	-27.09	0.09844182031238802
-2.46	-25.87	0.10318159147471562
-2.46	-24.64	0.09010128427025421
-2.46	-23.41	0.08955665891657105
-2.47	-22.19	0.07904786567379318
-2.47	-20.96	0.057484887638885596
-2.47	-19.73	0.015243720004363581
-2.47	-18.5	-0.014826616031733408
-2.47	-17.27	-0.012265758367803414
-2.47	-16.04	-0.007536805837219163
-2.47	-14.8	-0.015299718552647334
-2.47	-13.57	-0.016490539945870353
-2.47	-12.34	0.018134073402769957
-2.47	-11.11	0.015588977704680929
-2.47	-9.88	0.02330465145853111
-2.47	-8.64	0.011801311693822925
-2.47	-7.41	0.01663711560931347
-2.47	-6.17	0.024037600348734145
-2.47	-4.94	0.06289549515464188
-2.47	-3.7	0.1393535894565403
-2.47	-2.47	0.2334742414665385
-2.47	-1.24	0.3375328378992606
-2.47	0.0	0.4388030067580999
-2.47	1.24	0.5120104782086301
-2.47	2.47	0.4974374229902523
-2.47	3.7	0.46208687877884813
-2.47	4.94	0.38142578605480537
-2.47	6.17	0.28429447405179076
-2.47	7.41	0.19733177281685954
-2.47	8.64	0.10937235924779287
-2.47	9.88	0.05318872740778602
-2.47	11.11	0.03238019044770368
-2.47	12.34	-0.008210874530348633
-2.47	13.57	-0.14469981330763915
-2.47	14.8	-0.21933650985252484
-2.47	16.04	-0.281143532508473
-2.47	17.27	-0.35987932089746266
-2.47	18.5	-0.43122030455121774
-2.47	19.73	-0.4700275171099335
-2.47	20.96	-0.485973694718318
-2.47	22.19	-0.539752855732651
-2.46	23.41	-0.4147101132518216
-2.46	24.64	-0.3384004453291496
-2.46	25.87	-0.11715894076508704
-2.46	27.09	0.02430740468747672
-2.46	28.31	0.182363759621758
-2.46	29.54	0.5874119923931218
-2.46	30.78	1.1535011680624407
-2.46	32.0	1.7269556815381577
-2.46	33.18	2.3251424801949554
-2.45	34.36	3.5328628096073658
-2.45	35.52	4.904797392903319
-2.44	36.61	5.525288711717522
-2.42	37.58	5.103444886194083
-1.21	37.6	5.116478015035483
-1.22	36.62	5.532524884801674
-1.22	35.52	4.8785574377668866
-1.23	34.36	3.4438536775367368
-1.23	33.18	2.2598566959768647
-1.23	32.0	1.7173670486793071
-1.23	30.78	1.122714352070858
-1.23	29.54	0.542343344781365
-1.23	28.31	0.1674214145253572
-1.23	27.09	-0.0034624446525413077
-1.23	25.87	-0.1596269770126355
-1.23	24.64	-0.3811234756178692
-1.23	23.41	-0.42578669228910115
-1.23	22.19	-0.5551857748857216
-1.23	20.96	-0.47167056884774183
-1.23	19.73	-0.47625152330607534
-1.23	18.5	-0.4331748321782811
-1.23	17.27	-0.3711987386008886
-1.23	16.04	-0.28991675914281956
-1.23	14.8	-0.22308898845123792
-1.23	13.57	-0.1410604802978881
-1.23	12.34	-0.035802557353520115
-1.23	11.11	0.05159040117053593
-1.23	9.88	0.044213444077840336
-1.23	8.64	0.12529736397908664
-1.23	7.41	0.2075673586415192
-1.23	6.17	0.3058984460242513
-1.24	4.94	0.4206312162276049
-1.23	3.7	0.5063546988288081
-1.24	2.47	0.5719634379672911
-1.24	1.24	0.5888107280901593
-1.24	-0.0	0.5067083146460618
-1.24	-1.24	0.39551618222733254
-1.24	-2.47	0.2575602695859516
-1.23	-3.7	0.1446137152225262
-1.24	-4.94	0.04387610210420689
-1.23	-6.17	0.015000016781634429
-1.23	-7.41	-0.001530870673576601
-1.23	-8.64	-0.0046231507786842485
-1.23	-9.88	0.014213985723174005
-1.23	-11.11	0.02872393868430123
-1.23	-12.34	0.01660766070177999
-1.23	-13.57	-0.03010954660408771
-1.23	-14.8	-0.016547949089797953
-1.23	-16.04	-0.014522748315030753
-1.23	-17.27	-0.011522431531858501
-1.23	-18.5	-0.014714700966436567
-1.23	-19.73	0.010168690830219873
-1.23	-20.96	0.057448339214765554
-1.23	-22.19	0.09046385212539576
-1.23	-23.41	0.0957378545717944
-1.23	-24.64	0.08057240117254594
-1.23	-25.87	0.09868660242527483
-1.23	-27.09	0.10891230134969021
-1.23	-28.31	0.07296427004395412
-1.23	-29.54	0.0949328987427478
-1.23	-30.78	0.06415546640850778
-1.23	-32.0	0.0837924302968176
-1.23	-33.18	-0.16631001153240277
-1.23	-34.36	-0.5285082408920587
-1.22	-35.52	-0.9529316446327556
-1.22	-36.62	-1.1379513496586
-1.21	-37.6	0.20438798245947254
0.0	-37.6	0.15311011642314298
0.0	-36.62	-1.1364436314197306
0.0	-35.52	-0.9396096764478443
0.0	-34.36	-0.5202001027390466
0.0	-33.19	-0.15640230611759165
0.0	-32.0	0.08758570122243015
0.0	-30.78	0.039661968318391416
0.0	-29.54	0.0733896594220127
0.0	-28.31	0.06803225347789521
0.0	-27.09	0.09514917515907939
0.0	-25.87	0.08172607982105262
0.0	-24.64	0.08554642723883887
0.0	-23.41	0.0854747434364782
0.0	-22.19	0.07885800162050316
0.0	-20.96	0.06271067419395848
0.0	-19.73	0.013606478654700993
0.0	-18.5	-0.002035773043132849
0.0	-17.27	-0.012091573534014799
0.0	-16.04	-0.020031322338212476
0.0	-14.8	-0.035134166261613586
0.0	-13.57	-0.03254229250543972
0.0	-12.34	0.011228826067195996
0.0	-11.11	0.02641419460559291
0.0	-9.88	0.008801780818416205
0.0	-8.64	-0.006968433567436705
0.0	-7.41	-0.003918086184846459
0.0	-6.17	0.002584214768091897
0.0	-4.94	0.044909272119916466
0.0	-3.7	0.15130782451161195
0.0	-2.47	0.2762208281458314
0.0	-1.24	0.40977446857017696
0.0	0.0	0.5292132439027455
0.0	1.24	0.6156801356004991
0.0	2.47	0.6029706302566993
0.0	3.7	0.5257914495908551
0.0	4.94	0.41957966911883915
0.0	6.17	0.3227188568994137
0.0	7.41	0.21108836878613602
0.0	8.64	0.12438434394577769
0.0	9.88	0.04609046298052277
0.0	11.11	0.03544227003997946
0.0	12.34	-0.037278283873448004
0.0	13.57	-0.15644518173154154
0.0	14.8	-0.2344561590440435
0.0	16.04	-0.307300550394892
0.0	17.27	-0.3688226223898994
0.0	18.5	-0.43883210207637546
0.0	19.73	-0.49148353302276604
0.0	20.96	-0.4758155594304725
0.0	22.19	-0.5799172681017737
0.0	23.41	-0.4416707458247373
0.0	24.64	-0.37683485741447953
0.0	25.87	-0.15914723022093114
0.0	27.09	-0.02091466763791061
0.0	28.31	0.15504770050912242
0.0	29.54	0.5117490468931223
0.0	30.78	1.095406993600676
0.0	32.0	1.6501821662694454
0.0	33.19	2.245079464283748
0.0	34.36	3.4271706719442534
0.0	35.52	4.8817342807359125
0.0	36.62	5.525471776795754
0.0	37.6	5.108249375469953
1.21	37.6	5.096769448721389
1.22	36.62	5.515964802784339
1.22	35.52	4.868970503000838
1.23	34.36	3.4757663505896943
1.23	33.18	2.2586180960200863
1.23	32.0	1.6662120358181625
1.23	30.78	1.1065494927916149
1.23	29.54	0.5187610508306477
1.23	28.31	0.15036654075287004
1.23	27.09	-0.028980130652215053
1.23	25.87	-0.1721881470720632
1.23	24.64	-0.3794580177606832
1.23	23.41	-0.43551328169594683
1.23	22.19	-0.5960960993382187
1.23	20.96	-0.5013363760331302
1.23	19.73	-0.4965355729407719
1.23	18.5	-0.4439550451724088
1.23	17.27	-0.3811139158688306
1.23	16.04	-0.3010894570814884
1.23	14.8	-0.23102299558323125
1.23	13.57	-0.1600847775417762
1.23	12.34	-0.03160444250720218
1.23	11.11	0.023879117572406017
1.23	9.88	0.04443561525182815
1.23	8.64	0.1072074912449068
1.23	7.41	0.20567039370811102
1.23	6.17	0.3082404724374541
1.24	4.94	0.42577339773087175
1.23	3.7	0.5330611574143447
1.24	2.47	0.5713681383327014
1.24	1.24	0.5738693641724382
1.24	-0.0	0.5173205731323236
1.24	-1.24	0.3895462366512916
1.24	-2.47	0.25487470515459165
1.23	-3.7	0.15663099666060987
1.24	-4.94	0.05406379700570341
1.23	-6.17	-0.0028236124510385707
1.23	-7.41	-0.016918528181101067
1.23	-8.64	0.0015896030965123487
1.23	-9.88	0.011955144447689747
1.23	-11.11	0.01969077948891851
1.23	-12.34	0.014170362647796253
1.23	-13.57	-0.018697711542856155
1.23	-14.8	-0.02064956528985107
1.23	-16.04	-0.011748141255637279
1.23	-17.27	0.0044802964914794075
1.23	-18.5	-0.010904722086493734
1.23	-19.73	0.001827880560625772
1.23	-20.96	0.041720936156757205
1.23	-22.19	0.08652968283982432
1.23	-23.41	0.07709821927225136
1.23	-24.64	0.07767279129814142
1.23	-25.87	0.09662427567202769
1.23	-27.09	0.09499957844202811
1.23	-28.31	0.05965512398512374
1.23	-29.54	0.0792362025638127
1.23	-30.78	0.04493190847028927
1.23	-32.0	0.10184238183095573
1.23	-33.18	-0.15535199285939427
1.23	-34.36	-0.5284061560951443
1.22	-35.52	-0.9400461324995746
1.22	-36.62	-1.1067299651466413
1.21	-37.6	-0.1582271409083873
2.42	-37.58	0.41064621093428144
2.44	-36.61	-1.099726939489706
2.45	-35.52	-0.9393678995642105
2.45	-34.36	-0.5653028758731367
2.46	-33.18	-0.14923351201629487
2.46	-32.0	0.10460206225058499
2.46	-30.78	0.0509522952650201
2.46	-29.54	0.06105283940864581
2.46	-28.31	0.04977602384955304
2.46	-27.09	0.08410189816986247
2.46	-25.87	0.08382877350742035
2.46	-24.64	0.08409299783630075
2.46	-23.41	0.07965725259020218
2.47	-22.19	0.08349227449055263
2.47	-20.96	0.04920098859678035
2.47	-19.73	0.009822972342227843
2.47	-18.5	-0.006261946403220975
2.47	-17.27	-0.0003767571582642404
2.47	-16.04	-0.02071184910283108
2.47	-14.8	-0.03516621515830565
2.47	-13.57	-0.02219105349516326
2.47	-12.34	0.0007883307461895583
2.47	-11.11	0.004861058138203589
2.47	-9.88	0.01261073328735307
2.47	-8.64	0.006221442645554021
2.47	-7.41	0.0050839922387950764
2.47	-6.17	0.01675720921652868
2.47	-4.94	0.03786553853738184
2.47	-3.7	0.13776327747150674
2.47	-2.47	0.24046586334767994
2.47	-1.24	0.35630664336037654
2.47	0.0	0.4472587836611268
2.47	1.24	0.5285852691683104
2.47	2.47	0.5128500105862699
2.47	3.7	0.45572375880092864
2.47	4.94	0.3704186527480786
2.47	6.17	0.25762111806963617
2.47	7.41	0.15412231394947185
2.47	8.64	0.08430893220499769
2.47	9.88	0.02023395031461206
2.47	11.11	0.013851114302973144
2.47	12.34	-0.06459691945543256
2.47	13.57	-0.170179166772769
2.47	14.8	-0.26132078623106025
2.47	16.04	-0.3248621823071147
2.47	17.27	-0.38293929474216526
2.47	18.5	-0.4673671128368966
2.47	19.73	-0.48146358838589265
2.47	20.96	-0.509638988893883
2.47	22.19	-0.5910628215119971
2.46	23.41	-0.42802936446741313
2.46	24.64	-0.38607382570718585
2.46	25.87	-0.16029770514771258
2.46	27.09	-0.01927005795613468
2.46	28.31	0.14916155209290594
2.46	29.54	0.5612321643485672
2.46	30.78	1.1199829179309262
2.46	32.0	1.7274328552008456
2.46	33.18	2.3087775998310605
2.45	34.36	3.5272935626731226
2.45	35.52	4.924249777001663
2.44	36.61	5.52366854823434
2.42	37.58	5.100272471126573
3.63	37.55	5.061886557867751
3.66	36.6	5.51222212088669
3.67	35.51	4.9874865692602555
3.68	34.35	3.758053347472412
3.69	33.18	2.386040513667865
3.69	32.0	1.7608999252526019
3.69	30.78	1.1794198392030282
3.69	29.54	0.6149876294410959
3.69	28.31	0.1739071025112935
3.69	27.09	0.002727455435874049
3.7	25.87	-0.1449469322555217
3.7	24.64	-0.3732036012038691
3.7	23.41	-0.41829620681301094
3.7	22.19	-0.5896598936878163
3.7	20.96	-0.5816996959699239
3.7	19.73	-0.49586093482491833
3.7	18.5	-0.46890486151833244
3.7	17.27	-0.3943309592096611
3.7	16.04	-0.33318573137189134
3.7	14.8	-0.27171262501212823
3.7	13.57	-0.18839022327141208
3.7	12.34	-0.07095361639434827
3.7	11.11	-0.009188943099353253
3.7	9.88	0.008579831850234143
3.7	8.64	0.05471579708898133
3.7	7.41	0.12727354187448014
3.7	6.17	0.210477881669064
3.7	4.94	0.31063358120766793
3.71	3.71	0.3781432377335463
3.7	2.47	0.43016970326514326
3.7	1.23	0.43977015242431605
3.7	-0.0	0.3707048955655523
3.7	-1.23	0.2929740440892843
3.7	-2.47	0.19471018952766173
3.71	-3.71	0.11258709580633308
3.7	-4.94	0.04925507873426227
3.7	-6.17	-0.014047097064946001
3.7	-7.41	0.0015631339069770434
3.7	-8.64	0.01354335267434692
3.7	-9.88	-0.007797411793148967
3.7	-11.11	0.004363208106248351
3.7	-12.34	-0.008035925193290439
3.7	-13.57	-0.0406660416608986
3.7	-14.8	-0.03295961490618282
3.7	-16.04	-0.02351561043832362
3.7	-17.27	-0.0072337712942740495
3.7	-18.5	-0.006693260933516854
3.7	-19.73	0.026257256263534146
3.7	-20.96	0.050034000453543115
3.7	-22.19	0.08684351204900054
3.7	-23.41	0.05767743623213306
3.7	-24.64	0.08141281054233218
3.7	-25.87	0.09175106418983603
3.69	-27.09	0.07877529286096063
3.69	-28.31	0.05611386859634848
3.69	-29.54	0.0453456226568818
3.69	-30.78	0.05259161805450674
3.69	-32.0	0.10927708486064347
3.69	-33.18	-0.17691132916500152
3.68	-34.35	-0.6077387986373068
3.67	-35.51	-0.9560410007384661
3.66	-36.6	-1.0878048816793395
3.63	-37.55	0.8100700379009709
4.84	-37.5	1.1147570002090958
4.88	-36.58	-1.1195811889335445
4.9	-35.49	-0.9970422175796969
4.91	-34.35	-0.6669181837776605
4.91	-33.17	-0.21050342062569172
4.92	-31.99	0.08326920367079538
4.93	-30.78	0.06862012864731071
4.92	-29.54	0.032416394363558254
4.92	-28.31	0.060757715555880054
4.93	-27.09	0.06297717093967492
4.93	-25.87	0.10397252028030124
4.93	-24.64	0.06461370625279983
4.93	-23.41	0.054522221969186546
4.93	-22.18	0.06364527478042703
4.93	-20.96	0.05173184728201363
4.93	-19.73	0.014928955978028569
4.93	-18.5	-0.00470719865268876
4.93	-17.26	-0.0043650773691581435
4.93	-16.04	-0.032814951583077345
4.93	-14.8	-0.03287090612114696
4.93	-13.57	-0.03326683505939343
4.93	-12.34	-0.02014747552871654
4.94	-11.1	-0.0017454183416560909
4.94	-9.87	-0.006055484507591302
4.94	-8.64	0.0007979327887355225
4.94	-7.41	0.00011375690725401455
4.94	-6.17	0.009652692691716425
4.94	-4.94	0.027810432850323252
4.94	-3.7	0.09058203392380904
4.94	-2.47	0.17193260268010135
4.94	-1.24	0.21581745993149326
4.94	0.0	0.2706327966555975
4.94	1.24	0.3380013397967261
4.94	2.47	0.32608377393959387
4.94	3.7	0.2759323170575314
4.94	4.94	0.22630739759906504
4.94	6.17	0.16582329976795052
4.94	7.41	0.08948271827738097
4.94	8.64	0.04541977622052684
4.94	9.87	-0.010367769459087128
4.94	11.1	-0.01348193185627622
4.93	12.34	-0.08401696867667852
4.93	13.57	-0.19404699216815402
4.93	14.8	-0.29677792878864295
4.93	16.04	-0.3545855307432646
4.93	17.26	-0.4176864794288093
4.93	18.5	-0.4793414889165817
4.93	19.73	-0.4801460789179828
4.93	20.96	-0.606177431381056
4.93	22.18	-0.5576708573635258
4.93	23.41	-0.4350115827731429
4.93	24.64	-0.3558973722709453
4.93	25.87	-0.12489162034407286
4.93	27.09	0.013005552480535698
4.92	28.31	0.20224070127169114
4.92	29.54	0.7048818345935572
4.93	30.78	1.2321063166718744
4.92	31.99	1.8310154058521135
4.91	33.17	2.517048609351633
4.91	34.35	3.951399286916711
4.9	35.49	5.0915269436799235
4.88	36.58	5.500222778466849
4.84	37.5	5.013414287961709
6.04	37.42	4.587021546592936
6.09	36.55	5.435230524545162
6.12	35.48	5.217294186977497
6.13	34.34	4.252533493582149
6.14	33.16	2.688781249439927
6.15	31.98	1.8606873471190255
6.16	30.78	1.3160847890946812
6.16	29.55	0.7886449335134316
6.15	28.31	0.25553718916896173
6.16	27.08	0.03018597513798227
6.16	25.87	-0.12329761695943375
6.16	24.64	-0.31174068081051587
6.16	23.41	-0.44968156062829223
6.16	22.18	-0.5171338985253868
6.16	20.96	-0.597374563095805
6.16	19.73	-0.4836336790845621
6.16	18.49	-0.46748211828885644
6.17	17.26	-0.4520995357587907
6.17	16.03	-0.3953828326886466
6.17	14.8	-0.3281322060552725
6.17	13.57	-0.25503157937362886
6.17	12.34	-0.1157550875227642
6.17	11.1	-0.055794637513791656
6.17	9.87	-0.04105772480323111
6.17	8.64	0.025540885279291103
6.17	7.41	0.058930718303656704
6.17	6.17	0.11358227300235058
6.17	4.94	0.1634884802506349
6.17	3.7	0.1852287032391473
6.17	2.47	0.2245017825974145
6.17	1.23	0.20730654012658078
6.17	-0.0	0.19200807359279537
6.17	-1.23	0.153689347896929
6.17	-2.47	0.125669097991306
6.17	-3.7	0.08570645895261464
6.17	-4.94	0.03959362761186469
6.17	-6.17	0.017684960116042703
6.17	-7.41	0.0042132485193207
6.17	-8.64	-0.006278019094224874
6.17	-9.87	-0.0007708512998760852
6.17	-11.1	-0.015207507088312866
6.17	-12.34	-0.019764142209240276
6.17	-13.57	-0.04436065496199859
6.17	-14.8	-0.03603911932303561
6.17	-16.03	-0.020638177905333066
6.17	-17.26	-0.010410971577542227
6.16	-18.49	0.007894869312814023
6.16	-19.73	0.014310938773562043
6.16	-20.96	0.04400131434520205
6.16	-22.18	0.06560363748182851
6.16	-23.41	0.054516262977841734
6.16	-24.64	0.06203653684190158
6.16	-25.87	0.12636091954558992
6.16	-27.08	0.04042441201308833
6.15	-28.31	0.07761476929753286
6.16	-29.55	0.022240169177059954
6.16	-30.78	0.09630761671249388
6.15	-31.98	0.04481206490687839
6.14	-33.16	-0.2354822879070042
6.13	-34.34	-0.7436326507121365
6.12	-35.48	-1.0375559903160578
6.09	-36.55	-1.0144144478307169
6.04	-37.42	4.916035792685875
7.22	-37.3	5.7007571946635665
7.3	-36.51	-0.94767768766323
7.34	-35.46	-1.07278519568748
7.36	-34.33	-0.7882192788991844
7.37	-33.15	-0.28038387087242
7.38	-31.97	0.041665955375123076
7.39	-30.78	0.12242629070139088
7.39	-29.55	0.02122301283928607
7.38	-28.31	0.09566563552248653
7.39	-27.08	0.03699889289115532
7.39	-25.86	0.08712415079837399
7.39	-24.64	0.046797415597374936
7.39	-23.41	0.046564269605767095
7.39	-22.18	0.05379384939048748
7.4	-20.95	0.04132710725735933
7.4	-19.73	0.01063471467762156
7.4	-18.49	-0.006723069656082714
7.4	-17.26	-0.003486864621230268
7.4	-16.03	-0.032667863093386984
7.4	-14.8	-0.0400863582534825
7.4	-13.57	-0.03785019144550006
7.4	-12.34	-0.036348769749899645
7.4	-11.1	-0.017194859580378363
7.4	-9.87	-0.04650824378255436
7.4	-8.64	-0.02256172282886837
7.41	-7.41	0.00379307187832012
7.41	-6.17	0.013721722795537517
7.41	-4.94	0.030065154845658526
7.41	-3.7	0.06498213361020788
7.41	-2.47	0.10396124397696127
7.41	-1.23	0.10759233348954211
7.41	0.0	0.12745692027672106
7.41	1.23	0.1535711977036982
7.41	2.47	0.1464082681349197
7.41	3.7	0.13177271580212846
7.41	4.94	0.1154326149781113
7.41	6.17	0.05708950435032989
7.41	7.41	0.026422132376474394
7.4	8.64	0.0011742618735652854
7.4	9.87	-0.06526788485097512
7.4	11.1	-0.09934473578819336
7.4	12.34	-0.1551046340364337
7.4	13.57	-0.2575417323802327
7.4	14.8	-0.33190445936214985
7.4	16.03	-0.3845813844519341
7.4	17.26	-0.445424858340985
7.4	18.49	-0.4695854714233434
7.4	19.73	-0.5522658764266879
7.4	20.95	-0.5934630903204194
7.39	22.18	-0.46884808170268144
7.39	23.41	-0.4260396931580601
7.39	24.64	-0.22615835233514048
7.39	25.86	-0.08185415881786895
7.39	27.08	0.06033573940065651
7.38	28.31	0.37056088803767295
7.39	29.55	0.9001196515765741
7.39	30.78	1.438014649244188
7.38	31.97	1.945372775038777
7.37	33.15	2.9264757684062204
7.36	34.33	4.493826829135557
7.34	35.46	5.342181085091781
7.3	36.51	5.346819611907236
7.22	37.3	3.477691654167458
8.51	36.45	5.270228976792936
8.55	35.43	5.494340904106878
8.58	34.31	4.562691116448235
8.59	33.14	3.220836565608167
8.6	31.96	2.0979637613780966
8.62	30.77	1.5908285157640734
8.62	29.55	1.017706115254633
8.62	28.31	0.5125376928697705
8.62	27.08	0.10690786266064123
8.62	25.86	-0.040584096896076005
8.62	24.64	-0.1692087537181024
8.62	23.41	-0.3839098854347114
8.62	22.18	-0.4342403614180981
8.63	20.95	-0.5517877978782906
8.63	19.72	-0.5924570468118304
8.63	18.49	-0.4676542419611991
8.63	17.26	-0.45162476722614997
8.63	16.03	-0.424440379729937
8.63	14.8	-0.36205144433967007
8.64	13.57	-0.2896832600289443
8.64	12.34	-0.2193225194823185
8.64	11.1	-0.12476753991283118
8.64	9.87	-0.10173047837402294
8.64	8.64	-0.048249855327156865
8.64	7.4	-0.011945061135001822
8.64	6.17	0.019899387560123216
8.64	4.94	0.04518123745507552
8.64	3.7	0.08649383446768866
8.64	2.47	0.09082594713213155
8.64	1.23	0.09099978650400686
8.64	-0.0	0.08942728046921644
8.64	-1.23	0.06919664667869085
8.64	-2.47	0.0632790292954013
8.64	-3.7	0.04480827911109486
8.64	-4.94	0.032625258414796576
8.64	-6.17	0.005452832895066706
8.64	-7.4	-0.025786972072395997
8.64	-8.64	-0.04291405659319736
8.64	-9.87	-0.0495315256244524
8.64	-11.1	-0.034505980565228356
8.64	-12.34	-0.05906218007120856
8.64	-13.57	-0.06026124048182169
8.63	-14.8	-0.06975572537409391
8.63	-16.03	-0.02925877842416469
8.63	-17.26	0.010616584685294583
8.63	-18.49	0.003946822101546843
8.63	-19.72	0.021646782968772982
8.63	-20.95	0.05318001426184793
8.62	-22.18	0.03300369098859335
8.62	-23.41	0.03530900072956911
8.62	-24.64	0.05244093074741585
8.62	-25.86	0.04552180536192907
8.62	-27.08	0.04840829991034923
8.62	-28.31	0.06541220239371626
8.62	-29.55	0.06013999717664831
8.62	-30.77	0.12797498038979427
8.6	-31.96	0.007116188774411114
8.59	-33.14	-0.35484334612171864
8.58	-34.31	-0.7543594508140501
8.55	-35.43	-1.0483911580485739
8.51	-36.45	-0.9291623977196011
9.7	-36.37	-0.33682640987588286
9.76	-35.39	-1.009596453439812
9.8	-34.29	-0.8010414132912871
9.82	-33.13	-0.5019953667501937
9.83	-31.95	-0.057546452620989896
9.84	-30.76	0.1686684200980224
9.85	-29.55	0.10250138042049883
9.85	-28.31	0.02704361138923872
9.85	-27.08	0.06428328593627697
9.85	-25.85	0.023286485141809976
9.85	-24.63	0.08773243757769933
9.86	-23.41	0.04433707534744258
9.86	-22.18	0.03239634956352688
9.86	-20.95	0.03127959509182432
9.86	-19.72	0.03126169187090255
9.86	-18.49	0.0012718181487443303
9.86	-17.26	-0.002109607860383278
9.86	-16.03	-0.04623613633265222
9.87	-14.8	-0.06286074220893312
9.87	-13.57	-0.071270551977058
9.87	-12.34	-0.06722743308015566
9.87	-11.1	-0.04284278624864868
9.87	-9.87	-0.06169520560118258
9.87	-8.64	-0.04559638230537644
9.87	-7.4	-0.024263311737897197
9.87	-6.17	0.010713076245210118
9.87	-4.94	0.025307013975236714
9.88	-3.7	0.0420546945420881
9.88	-2.47	0.050524654614974907
9.88	-1.23	0.05559583861192863
9.88	0.0	0.06901599557898663
9.88	1.23	0.07738107877953126
9.88	2.47	0.0764669900597923
9.88	3.7	0.061319854097412474
9.87	4.94	0.03700566792009141
9.87	6.17	-0.001041297553001641
9.87	7.4	-0.03459409955829784
9.87	8.64	-0.08452129653769447
9.87	9.87	-0.14762224808480795
9.87	11.1	-0.2070764097961515
9.87	12.34	-0.26065834457056525
9.87	13.57	-0.3155474733800645
9.87	14.8	-0.3602018938823903
9.86	16.03	-0.4105395056798997
9.86	17.26	-0.4463738714405494
9.86	18.49	-0.5016545582498821
9.86	19.72	-0.5708846395577254
9.86	20.95	-0.4650142582585701
9.86	22.18	-0.44628014709712716
9.86	23.41	-0.30518860346672483
9.85	24.63	-0.11698782362647364
9.85	25.85	0.005756731023993211
9.85	27.08	0.2013591511515429
9.85	28.31	0.6617291720978002
9.85	29.55	1.1776290571704635
9.84	30.76	1.7756278690233245
9.83	31.95	2.3346482956333148
9.82	33.13	3.6112250131069175
9.8	34.29	4.898144534273953
9.76	35.39	5.596404638153842
9.7	36.37	5.192427683756804
10.88	36.26	4.918640536972333
10.97	35.34	5.531325760776696
11.01	34.26	5.149888625025554
11.04	33.11	4.210373298435442
11.05	31.93	2.6026343628255404
11.07	30.75	1.8680219149362784
11.08	29.55	1.3585867266614997
11.08	28.32	0.8497127543894791
11.08	27.08	0.3792790081042128
11.08	25.85	0.05057918984692833
11.08	24.63	-0.06127241959294594
11.09	23.41	-0.19256535539543052
11.09	22.18	-0.3837219140238233
11.09	20.95	-0.4109597631733308
11.09	19.72	-0.5286681181120656
11.1	18.49	-0.5481922762886029
11.1	17.26	-0.44707253306175687
11.1	16.03	-0.4317596047875156
11.1	14.8	-0.41807299188308633
11.1	13.57	-0.3711713083997381
11.1	12.34	-0.2822485976588709
11.1	11.1	-0.24955138663071352
11.1	9.87	-0.1840960098708777
11.1	8.64	-0.1268618345116863
11.1	7.4	-0.08123333404868305
11.1	6.17	-0.03700239307048747
11.1	4.94	-0.0028369730127124626
11.11	3.7	0.015913934170825428
11.11	2.47	0.03356867324578161
11.11	1.23	0.028965727530959384
11.11	-0.0	0.035469887671382594
11.11	-1.23	0.03270089267805787
11.11	-2.47	0.02308571583893837
11.11	-3.7	0.0164140918807405
11.1	-4.94	0.0003191841959164776
11.1	-6.17	-0.022692092421820576
11.1	-7.4	-0.0401700855803
11.1	-8.64	-0.04887043995739759
11.1	-9.87	-0.0669726521246119
11.1	-11.1	-0.05813313320263802
11.1	-12.34	-0.10442524974944689
11.1	-13.57	-0.09566740283010944
11.1	-14.8	-0.07649842783642669
11.1	-16.03	-0.06446290821148892
11.1	-17.26	-0.03186483978937815
11.1	-18.49	0.001380484159739126
11.09	-19.72	0.03339120950499108
11.09	-20.95	0.02340135642147345
11.09	-22.18	0.01881539040121538
11.09	-23.41	0.04048976326963327
11.08	-24.63	0.04213710227774925
11.08	-25.85	0.03576104736263375
11.08	-27.08	0.09306451762543588
11.08	-28.32	0.047686433424438235
11.08	-29.55	0.16796528310048586
11.07	-30.75	0.12385348270012742
11.05	-31.93	-0.13144844613557893
11.04	-33.11	-0.6106990237665073
11.01	-34.26	-0.9147002929720003
10.97	-35.34	-0.928757713170441
10.88	-36.26	0.9037370456152303
12.02	-36.05	5.7080816541454595
12.16	-35.27	-0.8867670957630693
12.22	-34.22	-0.9451964691566417
12.25	-33.09	-0.6287900169087663
12.27	-31.91	-0.2390881240490188
12.29	-30.73	0.09396320689273807
12.31	-29.54	0.21771658907148606
12.31	-28.32	0.12025436605279083
12.31	-27.08	0.06700025139384991
12.31	-25.85	0.056545200802197826
12.31	-24.63	0.025649743363828748
12.32	-23.4	0.0979542777800475
12.32	-22.18	0.037062314823238296
12.32	-20.94	0.01335804659203177
12.32	-19.72	0.021864714845882816
12.33	-18.49	0.03237620562167365
12.33	-17.26	-0.004744688122421792
12.33	-16.03	-0.04639508175446139
12.33	-14.8	-0.05869276709854887
12.33	-13.56	-0.07974397192515426
12.33	-12.33	-0.07147856628545668
12.34	-11.1	-0.07237553916801431
12.34	-9.87	-0.06711020129372258
12.34	-8.64	-0.07510176821910619
12.34	-7.4	-0.06339172205764498
12.34	-6.17	-0.06003303634133772
12.34	-4.93	-0.041955492470130196
12.34	-3.7	-0.016647475376714738
12.34	-2.47	-0.019349411684991935
12.34	-1.23	-0.027788522389762704
12.34	0.0	-0.010260329511076804
12.34	1.23	-0.003784251522581883
12.34	2.47	-0.020649540129404897
12.34	3.7	-0.04636537098882343
12.34	4.93	-0.07933405831654028
12.34	6.17	-0.1105801166817173
12.34	7.4	-0.1429637751580941
12.34	8.64	-0.16246855641908553
12.34	9.87	-0.22012026247907812
12.34	11.1	-0.2658829062326191
12.33	12.33	-0.2947551346572155
12.33	13.56	-0.3553258711973015
12.33	14.8	-0.4067934587352937
12.33	16.03	-0.42580136884370035
12.33	17.26	-0.4848925159711044
12.33	18.49	-0.5258490372595759
12.32	19.72	-0.4221450773166282
12.32	20.94	-0.3878389269923588
12.32	22.18	-0.3001482165637839
12.32	23.4	-0.0848608850183723
12.31	24.63	0.016351564904923066
12.31	25.85	0.1579378923767507
12.31	27.08	0.5880838197795342
12.31	28.32	1.0414798440453978
12.31	29.54	1.5891982216126763
12.29	30.73	2.0545666524865
12.27	31.91	2.9991305431729245
12.25	33.09	4.523629662022316
12.22	34.22	5.440577452602383
12.16	35.27	5.4032843645141355
12.02	36.05	3.742674533921388
13.34	35.17	5.301945911541935
13.42	34.17	5.638631090380571
13.47	33.06	4.858674615842773
13.49	31.9	3.6252740523726317
13.51	30.71	2.356197690523757
13.53	29.53	1.8048222419514701
13.54	28.32	1.2561732131497791
13.54	27.08	0.7892502955514757
13.54	25.85	0.35655128986281426
13.54	24.62	0.07780354980672399
13.55	23.4	-0.03252454464265497
13.55	22.17	-0.18729245347310552
13.55	20.94	-0.3534265833061454
13.55	19.71	-0.4076320256944115
13.56	18.49	-0.4521597327808067
13.56	17.26	-0.5285241148348518
13.56	16.03	-0.4281765939172786
13.56	14.8	-0.3937971670180005
13.56	13.56	-0.3854234106223515
13.56	12.33	-0.33199402620135743
13.57	11.1	-0.28817594276307545
13.57	9.87	-0.2621281013873755
13.57	8.64	-0.21435774924952966
13.57	7.4	-0.16022757070682303
13.57	6.17	-0.12616838785889684
13.57	4.93	-0.10745184805418262
13.57	3.7	-0.09510387830601985
13.57	2.47	-0.05910193034216604
13.57	1.23	-0.05703567920373587
13.57	-0.0	-0.05582835675097897
13.57	-1.23	-0.06794748423481423
13.57	-2.47	-0.05298336097127532
13.57	-3.7	-0.056119053624328785
13.57	-4.93	-0.056846172551075824
13.57	-6.17	-0.0647282584404536
13.57	-7.4	-0.06654366267625988
13.57	-8.64	-0.08417174625416379
13.57	-9.87	-0.08990618681494311
13.57	-11.1	-0.09673262764639645
13.56	-12.33	-0.07963245315767153
13.56	-13.56	-0.06734290784683594
13.56	-14.8	-0.0532981375759789
13.56	-16.03	-0.011290441840841936
13.56	-17.26	0.0002467006347259826
13.56	-18.49	0.023889221951009176
13.55	-19.71	-0.005780079874213584
13.55	-20.94	0.018315183953369285
13.55	-22.17	0.0381862887554405
13.55	-23.4	0.04887860431136204
13.54	-24.62	0.023466233638821166
13.54	-25.85	0.11262290550143916
13.54	-27.08	0.0685520945973579
13.54	-28.32	0.19602275239174816
13.53	-29.53	0.2285159613945993
13.51	-30.71	0.029358175297019784
13.49	-31.9	-0.40860357205917097
13.47	-33.06	-0.710489488995762
13.42	-34.17	-0.8797342001445472
13.34	-35.17	-0.7327232139905746
14.49	-35.02	0.2539393159819028
14.62	-34.1	-0.8195666777706734
14.67	-33.02	-0.8359223684481236
14.71	-31.87	-0.5285000780891238
14.73	-30.69	-0.052351200992312386
14.75	-29.51	0.22289298681965874
14.77	-28.31	0.27201248171406434
14.78	-27.09	0.137505838754457
14.77	-25.85	0.060496207022218584
14.77	-24.62	0.08159406483623854
14.77	-23.39	0.022160512953504963
14.78	-22.17	0.031464760171104444
14.78	-20.94	0.021091445588446334
14.78	-19.71	0.00655802744086742
14.79	-18.48	-0.023358251604818747
14.79	-17.25	-0.0019280073175025336
14.79	-16.03	-0.027341809004468587
14.79	-14.79	-0.040706087838877636
14.8	-13.56	-0.06417298676694827
14.8	-12.33	-0.09394072402816533
14.8	-11.1	-0.11073705996359706
14.8	-9.87	-0.09714539940543432
14.8	-8.63	-0.08947081369519339
14.8	-7.4	-0.09532675346999042
14.8	-6.17	-0.09870664063488732
14.8	-4.93	-0.08170353678739417
14.8	-3.7	-0.08522548363511362
14.8	-2.47	-0.07111209740443769
14.8	-1.23	-0.07938680097179684
14.8	0.0	-0.08198061523600586
14.8	1.23	-0.09200349835761301
14.8	2.47	-0.0967630614618642
14.8	3.7	-0.12820746486934098
14.8	4.93	-0.16392511991191583
14.8	6.17	-0.16978387095111458
14.8	7.4	-0.21271918250104704
14.8	8.63	-0.23697970875759466
14.8	9.87	-0.2714973039325841
14.8	11.1	-0.33180475587015223
14.8	12.33	-0.3369841514734446
14.8	13.56	-0.3774708218917837
14.79	14.79	-0.3843464586028773
14.79	16.03	-0.5010676402233329
14.79	17.25	-0.4715698692758181
14.79	18.48	-0.4173307414015355
14.78	19.71	-0.3583215134830695
14.78	20.94	-0.2369039681945253
14.78	22.17	-0.05474959000501656
14.77	23.39	0.05225921239750164
14.77	24.62	0.20808402133816628
14.77	25.85	0.5784971733037025
14.78	27.09	1.0305382981981523
14.77	28.31	1.528611810695864
14.75	29.51	1.996211281315965
14.73	30.69	2.7484184574168324
14.71	31.87	4.365305561046341
14.67	33.02	5.239388423830306
14.62	34.1	5.585130754033031
14.49	35.02	5.056995333619085
15.79	34.0	5.45314444542359
15.87	32.97	5.654903737836264
15.92	31.84	4.720450233158559
15.95	30.67	3.436693474955618
15.97	29.48	2.3226974508527434
15.99	28.3	1.8208071089017466
16.01	27.09	1.2968069551928565
16.01	25.85	0.8503302591393478
16.0	24.62	0.4293782957156793
16.0	23.39	0.1634708540343297
16.01	22.16	0.02828246007186408
16.01	20.94	-0.08204834698521069
16.02	19.71	-0.2869134739457735
16.02	18.48	-0.37394170889435685
16.02	17.25	-0.3944529750207124
16.02	16.02	-0.46716677006695306
16.03	14.79	-0.4672825203266555
16.03	13.56	-0.34859817741099164
16.03	12.33	-0.34265753941524224
16.03	11.1	-0.31753531198334883
16.03	9.86	-0.3099537866003885
16.03	8.63	-0.2908165921769097
16.03	7.4	-0.25287707645867386
16.03	6.17	-0.23094701839913512
16.04	4.93	-0.1932121550435042
16.04	3.7	-0.13768561362618925
16.04	2.47	-0.1236342044533103
16.04	1.23	-0.10029269362127025
16.04	-0.0	-0.10349831061690651
16.04	-1.23	-0.09758452544311069
16.04	-2.47	-0.08978556827520379
16.04	-3.7	-0.1024549841247051
16.04	-4.93	-0.11217631913542192
16.03	-6.17	-0.09361233196955254
16.03	-7.4	-0.11353352960713892
16.03	-8.63	-0.09667158306022827
16.03	-9.86	-0.09224291805306706
16.03	-11.1	-0.10966146041123892
16.03	-12.33	-0.1120161836201703
16.03	-13.56	-0.07061396195366143
16.03	-14.79	-0.04568128256009629
16.02	-16.02	-0.015224401159457557
16.02	-17.25	-0.038517980632008175
16.02	-18.48	-0.041047895949191116
16.02	-19.71	0.009257993375861417
16.01	-20.94	0.004901478405933801
16.01	-22.16	0.01298322383016881
16.0	-23.39	0.06323204346634981
16.0	-24.62	0.07897976759341674
16.01	-25.85	0.08575012894640821
16.01	-27.09	0.23375052495241277
15.99	-28.3	0.27940277612504616
15.97	-29.48	0.14513226424566028
15.95	-30.67	-0.2781308189343932
15.92	-31.84	-0.5661707269799834
15.87	-32.97	-0.7877603905967518
15.79	-34.0	-0.8205344375376598
16.92	-33.85	-0.5370979685880002
17.06	-32.9	-0.7463391216638584
17.12	-31.8	-0.7270561130939512
17.16	-30.65	-0.4143936786999589
17.19	-29.46	-0.0047588828525135796
17.21	-28.27	0.2717802703925045
17.23	-27.08	0.308797476272467
17.24	-25.86	0.1935465311738369
17.23	-24.62	0.09478686834752637
17.23	-23.38	0.08940717242192164
17.23	-22.16	0.028790962911166673
17.24	-20.93	-0.0189412725209408
17.25	-19.71	-0.006413728845373612
17.25	-18.48	-0.010902436828125417
17.25	-17.25	-0.04722302399630962
17.25	-16.02	-0.0619089856922983
17.25	-14.79	-0.030972642416372764
17.26	-13.56	-0.06016712854099637
17.26	-12.33	-0.08291759037652469
17.26	-11.1	-0.1056205889880033
17.26	-9.86	-0.12362770174595994
17.26	-8.63	-0.12462403858734206
17.26	-7.4	-0.1310724770181082
17.26	-6.17	-0.14244362055028859
17.26	-4.93	-0.1454299790242004
17.27	-3.7	-0.1333760069041645
17.27	-2.47	-0.14279808713108366
17.27	-1.23	-0.17460836390510082
17.27	0.0	-0.1593672275148137
17.27	1.23	-0.1610383249205185
17.27	2.47	-0.1847339113539661
17.27	3.7	-0.19844646677857014
17.26	4.93	-0.22446610552731272
17.26	6.17	-0.2438708428764116
17.26	7.4	-0.2749073989790105
17.26	8.63	-0.28258841705417126
17.26	9.86	-0.31025814004610197
17.26	11.1	-0.3226445933759834
17.26	12.33	-0.35416424829075055
17.26	13.56	-0.4417816967199144
17.25	14.79	-0.431928312383981
17.25	16.02	-0.33316345479916265
17.25	17.25	-0.3588648412150306
17.25	18.48	-0.2818802248815828
17.25	19.71	-0.09484080074126666
17.24	20.93	-0.002777763771462105
17.23	22.16	0.15455816547201096
17.23	23.38	0.36060704456353676
17.23	24.62	0.7129131283524472
17.24	25.86	1.1240190796352678
17.23	27.08	1.6156051747317832
17.21	28.27	2.013338663296551
17.19	29.46	2.732345334766208
17.16	30.65	4.373047644117804
17.12	31.8	5.170544318530176
17.06	32.9	5.693119783147111
16.92	33.85	5.251724815455063
18.21	32.78	5.529815601642554
18.31	31.74	5.7132915607596715
18.37	30.61	4.8702151841008
18.4	29.44	3.703132226227609
18.42	28.25	2.387377090466998
18.45	27.06	1.8984206423881318
18.47	25.85	1.4627890314419716
18.47	24.63	0.9976572270799693
18.46	23.39	0.6235212409613808
18.46	22.15	0.28892939719503374
18.47	20.93	0.1299978575253533
18.47	19.7	-0.0005022959632157153
18.48	18.48	-0.12804279443523114
18.48	17.25	-0.26062639277459
18.48	16.02	-0.3282878531648521
18.48	14.79	-0.30065759726902996
18.49	13.56	-0.40170489825401035
18.49	12.33	-0.4089826449677503
18.49	11.1	-0.3847196136925035
18.49	9.86	-0.2621681340600972
18.49	8.63	-0.28882183292272856
18.49	7.4	-0.25749320604619186
18.49	6.16	-0.24086964363517893
18.5	4.93	-0.24601010704765258
18.5	3.7	-0.23489817676146885
18.5	2.47	-0.21595955002168665
18.5	1.23	-0.1834620886314653
18.5	-0.0	-0.16938215636050558
18.5	-1.23	-0.20846051522468656
18.5	-2.47	-0.19035235351543633
18.5	-3.7	-0.1598720778324747
18.5	-4.93	-0.14367416562914315
18.49	-6.16	-0.14410086606952177
18.49	-7.4	-0.1446139496321024
18.49	-8.63	-0.12277890499118627
18.49	-9.86	-0.11027965370044512
18.49	-11.1	-0.08598583799114579
18.49	-12.33	-0.06327209563976055
18.49	-13.56	-0.06483766759061638
18.48	-14.79	-0.08689197035540275
18.48	-16.02	-0.06397911304070902
18.48	-17.25	-0.012595778562953797
18.48	-18.48	0.006189717398967787
18.47	-19.7	-0.02865996289202144
18.47	-20.93	0.0018439286861919868
18.46	-22.15	0.07906307924118039
18.46	-23.39	0.0741070628135958
18.47	-24.63	0.1642899132736062
18.47	-25.85	0.32074065479623215
18.45	-27.06	0.3282807010386506
18.42	-28.25	0.18553249714395292
18.4	-29.44	-0.22435551454057645
18.37	-30.61	-0.48116718919972357
18.31	-31.74	-0.6703164044797774
18.21	-32.78	-0.7362144406256519
19.32	-32.6	-0.43448148099544426
19.48	-31.66	-0.6299729956120004
19.56	-30.56	-0.5865210775399774
19.61	-29.41	-0.30271644841364775
19.63	-28.22	-0.008564084843882824
19.66	-27.03	0.28512861060674766
19.68	-25.84	0.3643418159099383
19.7	-24.62	0.32417215374692177
19.7	-23.39	0.1626354966528467
19.69	-22.16	0.07608539354936994
19.69	-20.92	0.07487788847014087
19.7	-19.7	0.000532765865621343
19.7	-18.47	-0.034133173558508645
19.71	-17.25	-0.005273731084649569
19.71	-16.02	-0.015654865014063546
19.71	-14.78	-0.07526697557177187
19.71	-13.55	-0.09898513367035378
19.72	-12.32	-0.11436020718654305
19.72	-11.09	-0.07110462311628396
19.72	-9.86	-0.06372932910957729
19.72	-8.63	-0.10295883262198657
19.73	-7.4	-0.12715181622920113
19.73	-6.16	-0.1472735616224341
19.73	-4.93	-0.15068963062400798
19.73	-3.7	-0.1709330567186882
19.73	-2.47	-0.16090775699543514
19.73	-1.23	-0.1785087658436595
19.73	0.0	-0.207987600313011
19.73	1.23	-0.1981272640483951
19.73	2.47	-0.21609711897840356
19.73	3.7	-0.2218216329392746
19.73	4.93	-0.21750582114520967
19.73	6.16	-0.24761750101956181
19.73	7.4	-0.24012075036758063
19.72	8.63	-0.30696780629192943
19.72	9.86	-0.3673401172807189
19.72	11.09	-0.37643836672953057
19.72	12.32	-0.32309259208380325
19.71	13.55	-0.27167087009781454
19.71	14.78	-0.25930042093989414
19.71	16.02	-0.23510695808236193
19.71	17.25	-0.08392569430132824
19.7	18.47	0.010213027990609191
19.7	19.7	0.13681189134740634
19.69	20.92	0.2938329849118446
19.69	22.16	0.5597162084800473
19.7	23.39	0.9520680221229014
19.7	24.62	1.3381043553080048
19.68	25.84	1.8321268715353511
19.66	27.03	2.2158555771349455
19.63	28.22	3.0453047499548944
19.61	29.41	4.473649476282162
19.56	30.56	5.437810055727525
19.48	31.66	5.744564887515281
19.32	32.6	5.387360052440727
20.61	31.52	5.565056240999979
20.73	30.49	5.847668201678914
20.8	29.36	5.094482895591966
20.84	28.2	4.293995600015734
20.87	27.01	2.699381928340216
20.89	25.81	2.0815133193671898
20.92	24.61	1.7195805541436187
20.93	23.39	1.2921252314521041
20.93	22.16	0.9112113193587348
20.92	20.92	0.5737487188669093
20.92	19.69	0.34673732214243813
20.93	18.47	0.17339536246372944
20.93	17.24	0.03179067942447489
20.94	16.01	-0.04006928747305949
20.94	14.78	-0.1797269664276655
20.94	13.55	-0.2247393957634145
20.94	12.32	-0.23057810856884942
20.95	11.09	-0.26592864093495905
20.95	9.86	-0.31723316311257577
20.95	8.63	-0.338295644495787
20.95	7.4	-0.3196427914920079
20.96	6.16	-0.306094917996262
20.96	4.93	-0.22049914099434176
20.96	3.7	-0.18923861865027192
20.96	2.47	-0.17137310054043553
20.96	1.23	-0.1809562563645315
20.96	-0.0	-0.1654296964673705
20.96	-1.23	-0.16897066135578598
20.96	-2.47	-0.14295414719242672
20.96	-3.7	-0.1273425981329126
20.96	-4.93	-0.11864578275081783
20.96	-6.16	-0.10600961613302218
20.95	-7.4	-0.08648171968023632
20.95	-8.63	-0.12332655820279825
20.95	-9.86	-0.14084199765837724
20.95	-11.09	-0.11593405649198729
20.94	-12.32	-0.07954626051886748
20.94	-13.55	-0.04634812719783099
20.94	-14.78	-0.052393723207963205
20.94	-16.01	-0.04197853941009555
20.93	-17.24	-0.03881922398535664
20.93	-18.47	0.011886523668820814
20.92	-19.69	0.08363787143528612
20.92	-20.92	0.0948634953697649
20.93	-22.16	0.17871180119578156
20.93	-23.39	0.3121665595955463
20.92	-24.61	0.38110288153958294
20.89	-25.81	0.3390577606409906
20.87	-27.01	0.16788342609267914
20.84	-28.2	-0.16858367320034517
20.8	-29.36	-0.4447858044223665
20.73	-30.49	-0.5001231298864255
20.61	-31.52	-0.5896952244503169
21.63	-31.24	-0.0985152107308025
21.87	-30.38	-0.4998174968752167
21.97	-29.3	-0.3896738871256602
22.04	-28.16	-0.25965845269759313
22.07	-26.98	-0.05369241114459555
22.1	-25.78	0.2838697848773961
22.13	-24.59	0.3976957609062879
22.15	-23.38	0.420625085448485
22.16	-22.16	0.34106407205861444
22.16	-20.93	0.19268761030195236
22.16	-19.69	0.11072025711223432
22.15	-18.46	0.07057058498696733
22.16	-17.23	0.04490591337398797
22.16	-16.01	-0.014005591978609289
22.17	-14.78	-0.047324405300798844
22.17	-13.55	-0.029933559345145966
22.18	-12.32	-0.03917678952308279
22.18	-11.09	-0.07142823177341029
22.18	-9.86	-0.10152188732128309
22.18	-8.62	-0.13498376709139848
22.18	-7.39	-0.1538174619897532
22.18	-6.16	-0.1689830538076933
22.18	-4.93	-0.1739128336128033
22.19	-3.7	-0.17105857107694789
22.19	-2.47	-0.18616208772312604
22.19	-1.23	-0.1906662170419935
22.19	0.0	-0.2127383819851829
22.19	1.23	-0.2345215099753304
22.19	2.47	-0.25661138207658496
22.19	3.7	-0.2551914217774751
22.18	4.93	-0.26086982508916634
22.18	6.16	-0.2708727711708079
22.18	7.39	-0.22826927781677853
22.18	8.62	-0.24962795898765933
22.18	9.86	-0.24118622440327186
22.18	11.09	-0.18120229495659146
22.18	12.32	-0.19943811164534964
22.17	13.55	-0.09334954715203736
22.17	14.78	0.009696552833275973
22.16	16.01	0.07010274664907712
22.16	17.23	0.2144108201008592
22.15	18.46	0.3968031601752813
22.16	19.69	0.6115986828805617
22.16	20.93	0.9221562790461775
22.16	22.16	1.2878982748227656
22.15	23.38	1.6971316064262965
22.13	24.59	2.0275492615093924
22.1	25.78	2.51136518500131
22.07	26.98	3.9858022886494524
22.04	28.16	4.888025987552666
21.97	29.3	5.786144061120481
21.87	30.38	5.755020593337704
21.63	31.24	5.045294932845323
22.94	30.18	5.583818515708984
23.12	29.2	5.919966291367842
23.21	28.1	5.649480098863194
23.27	26.94	4.636051653183202
23.31	25.76	3.7032248867843407
23.33	24.56	2.434399208525292
23.36	23.36	2.0235081917307554
23.38	22.15	1.7020569437521686
23.39	20.93	1.3143609873541635
23.39	19.7	0.9695891779572463
23.39	18.46	0.6667641236253274
23.38	17.23	0.43804051291634494
23.39	16.0	0.26020259514648103
23.39	14.77	0.12120682360283297
23.4	13.55	0.042114915137695164
23.4	12.32	-0.019180595237472176
23.41	11.09	-0.11767783281608502
23.41	9.86	-0.16412123023525282
23.41	8.62	-0.19119114467452647
23.41	7.39	-0.27605565458178916
23.41	6.16	-0.31482922527687407
23.41	4.93	-0.2293304331803796
23.41	3.7	-0.20939635436452875
23.41	2.46	-0.19356954537609994
23.41	1.23	-0.18951439239305756
23.41	-0.0	-0.1713193626580818
23.41	-1.23	-0.173281291659535
23.41	-2.46	-0.1524299291483473
23.41	-3.7	-0.13826560863815018
23.41	-4.93	-0.13770933949015074
23.41	-6.16	-0.10791189395320089
23.41	-7.39	-0.0994876391150541
23.41	-8.62	-0.08632872867678998
23.41	-9.86	-0.09439228733607052
23.41	-11.09	-0.07315212078324151
23.4	-12.32	-0.0637853454414099
23.4	-13.55	-0.050818977794314435
23.39	-14.77	-0.005986962498056414
23.39	-16.0	0.044737803254854214
23.38	-17.23	0.0898855731271766
23.39	-18.46	0.1457923979834277
23.39	-19.7	0.2400230249312969
23.39	-20.93	0.3647842888677175
23.38	-22.15	0.4488291660509063
23.36	-23.36	0.437214034740002
23.33	-24.56	0.3612064541098903
23.31	-25.76	0.06504557802538358
23.27	-26.94	-0.10947684211563313
23.21	-28.1	-0.2576973003578473
23.12	-29.2	-0.34098458578419155
22.94	-30.18	-0.2791973364888065
24.2	-29.04	-0.22357011131777682
24.36	-28.01	-0.17808534715743463
24.44	-26.89	-0.10682240991735625
24.5	-25.72	0.02098555794488277
24.53	-24.53	0.16842915864337726
24.56	-23.33	0.4197223975708084
24.59	-22.13	0.48729588609025143
24.61	-20.92	0.4888736874227959
24.62	-19.7	0.4285013576396395
24.63	-18.47	0.3062574407276486
24.62	-17.23	0.1858730127310153
24.62	-16.0	0.10728838069942981
24.62	-14.77	0.05844963811493642
24.62	-13.54	0.041130407934147684
24.63	-12.31	-0.020439187677851578
24.63	-11.08	-0.05533170241091767
24.63	-9.85	-0.0845338884936595
24.64	-8.62	-0.11406545442677896
24.64	-7.39	-0.11135772801529953
24.64	-6.16	-0.1231247702245426
24.64	-4.93	-0.12437907861139763
24.64	-3.7	-0.1516911418110567
24.64	-2.46	-0.15972031178214507
24.64	-1.23	-0.18955302642260108
24.64	0.0	-0.24934638547558308
24.64	1.23	-0.2837501822805706
24.64	2.46	-0.3261577130439335
24.64	3.7	-0.32065825611694976
24.64	4.93	-0.2818418686232036
24.64	6.16	-0.18651954235710377
24.64	7.39	-0.12188468068700331
24.64	8.62	-0.07932182610092298
24.63	9.85	-0.004586907602025292
24.63	11.08	0.043400314949806784
24.63	12.31	0.09607592451067859
24.62	13.54	0.21703698852813602
24.62	14.77	0.3911854228246199
24.62	16.0	0.5340974021233436
24.62	17.23	0.7516619685091612
24.63	18.47	1.0511560769087396
24.62	19.7	1.3923092343952206
24.61	20.92	1.7342422097041634
24.59	22.13	2.0227072742288925
24.56	23.33	2.412132155052305
24.53	24.53	3.546067686398942
24.5	25.72	4.585694716561278
24.44	26.89	5.573709444407839
24.36	28.01	5.980681831165867
24.2	29.04	5.793223522407089
25.43	27.86	5.93273733812353
25.59	26.8	6.017577437379529
25.67	25.67	5.505548947106533
25.72	24.5	4.504308790919637
25.76	23.31	3.527820892501353
25.78	22.1	2.4685563983714616
25.81	20.89	2.0841851374182454
25.84	19.68	1.7945165264707015
25.85	18.47	1.497584573203227
25.86	17.24	1.177117502108679
25.85	16.01	0.88313876178497
25.85	14.77	0.667291344990133
25.85	13.54	0.5145212073138197
25.85	12.31	0.3713648980703539
25.85	11.08	0.21946583940790987
25.85	9.85	0.1179159310834379
25.86	8.62	0.052377244057495886
25.86	7.39	0.025728419075804254
25.87	6.16	0.0003593044447995908
25.87	4.93	-0.054688887293288246
25.87	3.7	-0.08125142016028519
25.87	2.46	-0.11852755681690041
25.87	1.23	-0.12911945167470407
25.87	-0.0	-0.1350744405998867
25.87	-1.23	-0.13172513698202692
25.87	-2.46	-0.12648817293865022
25.87	-3.7	-0.12003915511184715
25.87	-4.93	-0.08597549849528008
25.87	-6.16	-0.07815927273557577
25.86	-7.39	-0.05891001422705955
25.86	-8.62	-0.023471529606325703
25.85	-9.85	-0.006916656882332006
25.85	-11.08	-0.012204195665184159
25.85	-12.31	0.04464557952295678
25.85	-13.54	0.1304743753762594
25.85	-14.77	0.18343645255744434
25.85	-16.01	0.2868170161490724
25.86	-17.24	0.42053127126224155
25.85	-18.47	0.5141219143686442
25.84	-19.68	0.5711286404280713
25.81	-20.89	0.5679763040540351
25.78	-22.1	0.4766276311475721
25.76	-23.31	0.25959298241647133
25.72	-24.5	0.16925918648083638
25.67	-25.67	0.0662004936824303
25.59	-26.8	-0.0028496475613621897
25.43	-27.86	-0.10400595965959525
26.65	-26.65	0.05963846528327821
26.8	-25.59	0.17691329324203764
26.89	-24.44	0.25287051633125657
26.94	-23.27	0.3211179317300292
26.98	-22.07	0.39049373777718444
27.01	-20.87	0.5731878307141898
27.03	-19.66	0.663575491634866
27.06	-18.45	0.6439187378539515
27.08	-17.23	0.6092659139287093
27.09	-16.01	0.5474765833835917
27.09	-14.78	0.4289195720890078
27.08	-13.54	0.3138178776906102
27.08	-12.31	0.23461969958718498
27.08	-11.08	0.1545601824399867
27.08	-9.85	0.11159057416161744
27.08	-8.62	0.06604311035514598
27.08	-7.39	0.017918851111325296
27.08	-6.16	0.01605527408619878
27.09	-4.93	0.010600973907010314
27.09	-3.69	0.0028586157434986603
27.09	-2.46	0.008674203606361175
27.09	-1.23	0.014642843036753561
27.09	0.0	0.0030783107234526597
27.09	1.23	0.0395623407553245
27.09	2.46	0.02969846400900167
27.09	3.69	0.05964124215447697
27.09	4.93	0.08158389626888152
27.08	6.16	0.11950795664182579
27.08	7.39	0.1908566312144373
27.08	8.62	0.29281807926724923
27.08	9.85	0.41594079474181456
27.08	11.08	0.5521545130815966
27.08	12.31	0.6909278890130466
27.08	13.54	0.8419689072661143
27.09	14.78	1.0705223603701555
27.09	16.01	1.356094377845956
27.08	17.23	1.6364913576070421
27.06	18.45	1.927438681850532
27.03	19.66	2.166245077584051
27.01	20.87	2.604269068334176
26.98	22.07	3.6679256458211142
26.94	23.27	4.457287061445825
26.89	24.44	5.481172303082076
26.8	25.59	6.067208277325619
26.65	26.65	6.031836550032438
27.86	25.43	6.122836724854551
28.01	24.36	6.113775957678968
28.1	23.21	5.598063328480862
28.16	22.04	4.51827147042448
28.2	20.84	3.9404875727236117
28.22	19.63	2.870236998405261
28.25	18.42	2.30607456204649
28.27	17.21	2.045241005370059
28.3	15.99	1.8049936018736048
28.31	14.77	1.5777546740618078
28.32	13.54	1.346284504901483
28.32	12.31	1.0858525483072015
28.32	11.08	0.9006174594745815
28.31	9.85	0.772819993877512
28.31	8.62	0.6555830646801297
28.31	7.38	0.5338410466595747
28.31	6.15	0.4568929677256719
28.31	4.92	0.3756777384061252
28.31	3.69	0.3111378702099188
28.31	2.46	0.23679863984527572
28.31	1.23	0.2029752891728407
28.31	-0.0	0.18162537177651217
28.31	-1.23	0.1949826065630802
28.31	-2.46	0.17228077784379536
28.31	-3.69	0.1838748907863561
28.31	-4.92	0.1850986191627868
28.31	-6.15	0.2192177223010532
28.31	-7.38	0.25164671865374544
28.31	-8.62	0.3088176449732174
28.31	-9.85	0.36767678284129346
28.32	-11.08	0.44839874302050475
28.32	-12.31	0.5405299225449696
28.32	-13.54	0.6220611329633741
28.31	-14.77	0.6784751352079823
28.3	-15.99	0.7281956001974876
28.27	-17.21	0.7702670748252416
28.25	-18.42	0.7336906503712868
28.22	-19.63	0.628716659704736
28.2	-20.84	0.5310552172784568
28.16	-22.04	0.512208747284987
28.1	-23.21	0.4570481565025659
28.01	-24.36	0.3570369036608767
27.86	-25.43	0.24641507856594558
29.04	-24.2	0.45391957587031584
29.2	-23.12	0.5916839497971011
29.3	-21.97	0.6882087939794204
29.36	-20.8	0.7380655225552744
29.41	-19.61	0.716667285927592
29.44	-18.4	0.6986887222867963
29.46	-17.19	0.8271948366098485
29.48	-15.97	0.9017792179728161
29.51	-14.75	0.8768232290057583
29.53	-13.53	0.8481832837599939
29.54	-12.31	0.7976369685247988
29.55	-11.08	0.7405251660968659
29.55	-9.85	0.6806708826547947
29.55	-8.62	0.6079131318486972
29.55	-7.39	0.5746203853238825
29.55	-6.16	0.5445202085920116
29.54	-4.92	0.5147661345663437
29.54	-3.69	0.5085986473739439
29.54	-2.46	0.4927930057039376
29.54	-1.23	0.5067701420842425
29.54	0.0	0.5283099743939204
29.54	1.23	0.5623765633369828
29.54	2.46	0.5999516591724969
29.54	3.69	0.6529183892642507
29.54	4.92	0.7294616364761168
29.55	6.16	0.8062921439889834
29.55	7.39	0.9241449102743573
29.55	8.62	1.0218480305755975
29.55	9.85	1.1864423073132926
29.55	11.08	1.3912354039096115
29.54	12.31	1.5818453475946797
29.53	13.53	1.7723294217608299
29.51	14.75	1.9692189134127176
29.48	15.97	2.2092137178120197
29.46	17.19	2.566911548391559
29.44	18.4	3.262086832502021
29.41	19.61	4.17753219567517
29.36	20.8	4.665959942436345
29.3	21.97	5.739723790581564
29.2	23.12	6.171764238931559
29.04	24.2	6.21006368122643
30.18	22.94	6.32474258296449
30.38	21.87	6.273157746530728
30.49	20.73	5.947436573602971
30.56	19.56	5.27519764988061
30.61	18.37	4.284935927901543
30.65	17.16	3.7945048752470285
30.67	15.95	2.9617393340770093
30.69	14.73	2.4869784977789777
30.71	13.51	2.1713848080597415
30.73	12.29	2.001323633073028
30.75	11.07	1.8148174243861064
30.76	9.84	1.6600999847419757
30.77	8.62	1.5306514170739547
30.78	7.39	1.388058382519226
30.78	6.16	1.2632286421116632
30.78	4.93	1.1188711659354809
30.78	3.69	1.050066602742234
30.78	2.46	1.002938155929499
30.78	1.23	0.9578952937554348
30.78	-0.0	0.9019230501603204
30.78	-1.23	0.8705997190197863
30.78	-2.46	0.8506567208675762
30.78	-3.69	0.8525994966870627
30.78	-4.93	0.8678803599168816
30.78	-6.16	0.8992205830947313
30.78	-7.39	0.9347214507816446
30.77	-8.62	0.9693180200342297
30.76	-9.84	1.0247259736975423
30.75	-11.07	1.0372659929189396
30.73	-12.29	1.0577028103471235
30.71	-13.51	1.0646312423710214
30.69	-14.73	1.0105790610213603
30.67	-15.95	0.9300462653528285
30.65	-17.16	0.9165938751055691
30.61	-18.37	0.9781912588565902
30.56	-19.56	0.9840411045200099
30.49	-20.73	0.9290565567786473
30.38	-21.87	0.812673029434201
30.18	-22.94	0.6589872026623596
31.24	-21.63	0.8583747666002068
31.52	-20.61	1.0750299950572781
31.66	-19.48	1.2279004815053582
31.74	-18.31	1.2917889996726544
31.8	-17.12	1.3131122161077116
31.84	-15.92	1.3138119778455106
31.87	-14.71	1.2116459642118897
31.9	-13.49	1.1681079346713972
31.91	-12.27	1.2263392393511907
31.93	-11.05	1.2761153210994536
31.95	-9.83	1.2933748260551354
31.96	-8.6	1.2788445425933759
31.97	-7.38	1.3010762872462536
31.98	-6.15	1.3066638113933777
31.99	-4.92	1.3765021458966586
32.0	-3.69	1.3831462168093793
32.0	-2.46	1.3861154028784028
32.0	-1.23	1.3963680749773246
32.0	0.0	1.3899346217695339
32.0	1.23	1.4068684435673475
32.0	2.46	1.451444985806944
32.0	3.69	1.521449200504108
31.99	4.92	1.627876190076904
31.98	6.15	1.714538693691651
31.97	7.38	1.8211153265400952
31.96	8.6	1.9561250434754527
31.95	9.83	2.0696067650341377
31.93	11.05	2.2475332303409203
31.91	12.27	2.5789317130300446
31.9	13.49	2.991489091100661
31.87	14.71	3.6616277842008316
31.84	15.92	4.148666753895114
31.8	17.12	4.780154500369818
31.74	18.31	5.624253912719041
31.66	19.48	6.134797671274129
31.52	20.61	6.347726542854517
31.24	21.63	6.262219982206162
32.6	19.32	6.500677428002035
32.78	18.21	6.3194550405032714
32.9	17.06	5.965382815505279
32.97	15.87	5.48198955783748
33.02	14.67	4.817548972957454
33.06	13.47	4.074153575848683
33.09	12.25	3.6797275235219473
33.11	11.04	3.2008118737912667
33.13	9.82	2.8009263151771506
33.14	8.59	2.493076945430758
33.15	7.37	2.2689244922824656
33.16	6.14	2.1166798126087514
33.17	4.91	2.017150436132866
33.18	3.69	1.905672748204566
33.18	2.46	1.8378638518519637
33.18	1.23	1.785349472229754
33.19	-0.0	1.7360128433871012
33.18	-1.23	1.6977011295471982
33.18	-2.46	1.6429542390272331
33.18	-3.69	1.6339811590007685
33.17	-4.91	1.6058098709818012
33.16	-6.14	1.5882569193046692
33.15	-7.37	1.5564473863985882
33.14	-8.59	1.5107985753859197
33.13	-9.82	1.4981319675380007
33.11	-11.04	1.493977603641369
33.09	-12.25	1.559716294026856
33.06	-13.47	1.6708682336764156
33.02	-14.67	1.6645441254986793
32.97	-15.87	1.674887462961948
32.9	-17.06	1.6358100457464673
32.78	-18.21	1.5094409452170652
32.6	-19.32	1.3093979678725702
33.85	-16.92	1.7821467376100912
34.0	-15.79	1.9531643403745136
34.1	-14.62	2.135213718968018
34.17	-13.42	2.167809234929834
34.22	-12.22	2.1118005888260427
34.26	-11.01	2.11941502353811
34.29	-9.8	2.122802799603292
34.31	-8.58	2.0693946722145995
34.33	-7.36	2.016680085472956
34.34	-6.13	2.0005506810108216
34.35	-4.91	2.017180062731967
34.35	-3.68	2.045651418704935
34.36	-2.45	2.0709439713470204
34.36	-1.23	2.123895444084056
34.36	0.0	2.1783241269438918
34.36	1.23	2.274823028402267
34.36	2.45	2.3942093491028515
34.35	3.68	2.526002498368598
34.35	4.91	2.7139991535114802
34.34	6.13	2.9246269237215756
34.33	7.36	3.2024560724166804
34.31	8.58	3.5369302847987427
34.29	9.8	3.819991228586815
34.26	11.01	4.405542998498348
34.22	12.22	5.0214896778529265
34.17	13.42	5.45873426364092
34.1	14.62	5.844164197344199
34.0	15.79	6.267456481167784
33.85	16.92	6.5722836837312
35.02	14.49	6.649116047850583
35.17	13.34	6.319710208067434
35.27	12.16	5.893207939528523
35.34	10.97	5.488871231309972
35.39	9.76	5.199361169146613
35.43	8.55	4.927913829343765
35.46	7.34	4.515007475396274
35.48	6.12	3.9643717822108613
35.49	4.9	3.6606515947070335
35.51	3.67	3.4128165148848666
35.52	2.45	3.256768356059311
35.52	1.22	3.131152728585178
35.52	-0.0	3.021904006111299
35.52	-1.22	2.9401392213145527
35.52	-2.45	2.8771875269237626
35.51	-3.67	2.817961542808831
35.49	-4.9	2.7662606588552876
35.48	-6.12	2.6826896453889617
35.46	-7.34	2.660718705446442
35.43	-8.55	2.695019867943344
35.39	-9.76	2.760670377678977
35.34	-10.97	2.7339626303576807
35.27	-12.16	2.609587556795347
35.17	-13.34	2.4771484132762254
35.02	-14.49	2.3431432654653577
36.05	-12.02	3.1604993475278462
36.26	-10.88	3.242216813173897
36.37	-9.7	3.2777602155497334
36.45	-8.51	3.3561822114868676
36.51	-7.3	3.4556758515404766
36.55	-6.09	3.544904990709284
36.58	-4.88	3.6545082401415385
36.6	-3.66	3.803704405051036
36.61	-2.44	3.900694101883218
36.62	-1.22	4.019127985507865
36.62	0.0	4.162894509905868
36.62	1.22	4.326622237810369
36.61	2.44	4.476782580503524
36.6	3.66	4.6714154390843845
36.58	4.88	4.857085202072199
36.55	6.09	5.108421291992727
36.51	7.3	5.436732179755381
36.45	8.51	5.812307921172319
36.37	9.7	6.210747975271772
36.26	10.88	6.615075033857721
36.05	12.02	6.792040320031589
37.3	7.22	6.854924026848096
37.42	6.04	6.642312177176265
37.5	4.84	6.3203747721924515
37.55	3.63	5.979642457531256
37.58	2.42	5.703502568197393
37.6	1.21	5.481360661510578
37.6	-0.0	5.221588561705204
37.6	-1.21	5.0490423624103755
37.58	-2.42	4.913695168727642
37.55	-3.63	4.830320082452445
37.5	-4.84	4.7637504190283835
37.42	-6.04	4.692184752728636
37.3	-7.22	4.573574486098764
