-37.3	-7.22	1.3901994303220846
-37.42	-6.04	1.391153576577933
-37.5	-4.84	1.3863848143479398
-37.55	-3.63	1.3633983519223847
-37.58	-2.42	1.3465770746645305
-37.6	-1.21	1.3468076271490625
-37.6	0.0	1.346623092377925
-37.6	1.21	1.3516979150634274
-37.58	2.42	1.365817641724048
-37.55	3.63	1.4062624732851106
-37.5	4.84	1.454334249239162
-37.42	6.04	1.5311348149630444
-37.3	7.22	1.6023039567975639
-36.05	12.02	1.7847870342794403
-36.26	10.88	1.485289249446434
-36.37	9.7	1.3335970265762693
-36.45	8.51	1.2090339022752081
-36.51	7.3	1.215958586886944
-36.55	6.09	1.2513823006248037
-36.58	4.88	1.368872752984812
-36.6	3.66	1.5100178810699383
-36.61	2.44	1.549482503294505
-36.62	1.22	1.5342134330335515
-36.62	-0.0	1.5294033875167514
-36.62	-1.22	1.4771470002099552
-36.61	-2.44	1.4599899974223627
-36.6	-3.66	1.3685864775565237
-36.58	-4.88	1.3216812505978748
-36.55	-6.09	1.2461690143006408
-36.51	-7.3	1.1488083732024634
-36.45	-8.51	1.113020574917134
-36.37	-9.7	1.1520877967512577
-36.26	-10.88	1.2113870552426569
-36.05	-12.02	1.3086470918931283
-35.02	-14.49	1.0880053437205737
-35.17	-13.34	1.0187626280626283
-35.27	-12.16	1.0009397339991075
-35.34	-10.97	1.1562729287276463
-35.39	-9.76	1.2892664346114469
-35.43	-8.55	1.3229973302435596
-35.46	-7.34	1.3032502582670027
-35.48	-6.12	1.2629043460854135
-35.49	-4.9	1.2050320145516373
-35.51	-3.67	1.1733759848051841
-35.52	-2.45	1.1665891031520044
-35.52	-1.22	1.1642699563811085
-35.52	0.0	1.16960159938923
-35.52	1.22	1.177928504051609
-35.52	2.45	1.2622142893879138
-35.51	3.67	1.3253844882455006
-35.49	4.9	1.5004004952303234
-35.48	6.12	1.7300140596091804
-35.46	7.34	1.9136573641803833
-35.43	8.55	1.9179722742851446
-35.39	9.76	1.5028308557419336
-35.34	10.97	1.2175524341622452
-35.27	12.16	1.1608202124735767
-35.17	13.34	1.2154052524768897
-35.02	14.49	1.540005808562026
-33.85	16.92	1.4046594936562151
-34.0	15.79	1.187276818922074
-34.1	14.62	1.1531130902683193
-34.17	13.42	1.4779414295953641
-34.22	12.22	1.8952302795959284
-34.26	11.01	1.9535162361606133
-34.29	9.8	1.5576135079453497
-34.31	8.58	1.332056772350139
-34.33	7.36	1.3154153480553727
-34.34	6.13	1.2828783207561534
-34.35	4.91	1.225008684335843
-34.35	3.68	1.220777733427906
-34.36	2.45	1.2332214996350954
-34.36	1.23	1.220028606853571
-34.36	-0.0	1.1951918778960815
-34.36	-1.23	1.1780374631767803
-34.36	-2.45	1.1865470077928117
-34.35	-3.68	1.183150586976069
-34.35	-4.91	1.207321338749133
-34.34	-6.13	1.2085486491609823
-34.33	-7.36	1.177869040599962
-34.31	-8.58	1.133835289748558
-34.29	-9.8	1.0798725609560318
-34.26	-11.01	1.1139172980703416
-34.22	-12.22	1.2103389552985222
-34.17	-13.42	1.1774607882288413
-34.1	-14.62	1.019754535603024
-34.0	-15.79	0.952114090667104
-33.85	-16.92	0.970911408743234
-32.6	-19.32	0.944441568403084
-32.78	-18.21	0.9087650348849898
-32.9	-17.06	0.9840375416824649
-32.97	-15.87	1.1136204295311192
-33.02	-14.67	1.0900829773769196
-33.06	-13.47	1.035622398562074
-33.09	-12.25	1.1195141606923622
-33.11	-11.04	1.1640707367880498
-33.13	-9.82	1.1079446131577466
-33.14	-8.59	1.0346757070669854
-33.15	-7.37	0.9782620229697763
-33.16	-6.14	0.9562322740641953
-33.17	-4.91	0.962016726287656
-33.18	-3.69	0.9688012303803797
-33.18	-2.46	0.9713443026173127
-33.18	-1.23	0.9962768222130531
-33.19	0.0	1.0180954473162087
-33.18	1.23	1.0041961699215047
-33.18	2.46	1.005101552945895
-33.18	3.69	1.0139290523068976
-33.17	4.91	1.058327762017747
-33.16	6.14	1.0896251905475989
-33.15	7.37	1.2227993110680675
-33.14	8.59	1.3262019966667449
-33.13	9.82	1.3366865375199088
-33.11	11.04	1.394485379466527
-33.09	12.25	1.4051678211704104
-33.06	13.47	1.6964712692078798
-33.02	14.67	2.1772943226260306
-32.97	15.87	1.5491226753017004
-32.9	17.06	1.1264869490952512
-32.78	18.21	1.1146687652169955
-32.6	19.32	1.4663302751035463
-31.24	21.63	1.9097946276209647
-31.52	20.61	1.2034062950373334
-31.66	19.48	1.0967842295265058
-31.74	18.31	1.2873746846385972
-31.8	17.12	1.9221178355977404
-31.84	15.92	1.5948367973938469
-31.87	14.71	1.4891403253882043
-31.9	13.49	1.4739178887462163
-31.91	12.27	1.4116345126110659
-31.93	11.05	1.2704077384715795
-31.95	9.83	1.1232172618285299
-31.96	8.6	1.079796154117771
-31.97	7.38	1.0545051871864866
-31.98	6.15	0.9999114642616149
-31.99	4.92	0.9407707544518873
-32.0	3.69	0.928990004283385
-32.0	2.46	0.9228690240333837
-32.0	1.23	0.9043016944550857
-32.0	-0.0	0.9120729141451385
-32.0	-1.23	0.9220139809455663
-32.0	-2.46	0.9421244907333923
-32.0	-3.69	0.9432990056245663
-31.99	-4.92	0.9504837332510245
-31.98	-6.15	0.9469475977567345
-31.97	-7.38	0.9759954120068395
-31.96	-8.6	0.9869886992121817
-31.95	-9.83	0.9972167750628369
-31.93	-11.05	0.9776366610404477
-31.91	-12.27	1.0062629023309944
-31.9	-13.49	1.106037512002617
-31.87	-14.71	1.10566311855351
-31.84	-15.92	1.0284589851691912
-31.8	-17.12	1.035485883764494
-31.74	-18.31	1.05259641822912
-31.66	-19.48	0.9468287208662973
-31.52	-20.61	0.8975823241318306
-31.24	-21.63	0.9732114756760248
-30.18	-22.94	0.9132643581133939
-30.38	-21.87	0.8601654835647574
-30.49	-20.73	0.9778403607634987
-30.56	-19.56	1.0482516786859168
-30.61	-18.37	1.005749945098712
-30.65	-17.16	1.0594498549229385
-30.67	-15.95	1.0280510621209142
-30.69	-14.73	0.9986726810430993
-30.71	-13.51	1.0134577235261242
-30.73	-12.29	1.01640559409784
-30.75	-11.07	1.0109002778873073
-30.76	-9.84	1.0107980678430009
-30.77	-8.62	1.0353129403175227
-30.78	-7.39	1.0587218121593214
-30.78	-6.16	1.0400515855898096
-30.78	-4.93	1.0608210438635703
-30.78	-3.69	1.051613006556229
-30.78	-2.46	1.0423507940101482
-30.78	-1.23	1.0811783328884879
-30.78	0.0	1.0735872664688966
-30.78	1.23	1.071631639023459
-30.78	2.46	1.0532852648160773
-30.78	3.69	1.048027012355429
-30.78	4.93	1.0089989605469736
-30.78	6.16	0.9743628922643008
-30.78	7.39	0.952750283794737
-30.77	8.62	0.9434151146034448
-30.76	9.84	0.9941781207808686
-30.75	11.07	1.1128514985146731
-30.73	12.29	1.1366253172272556
-30.71	13.51	1.2443144123354601
-30.69	14.73	1.4638558240887445
-30.67	15.95	1.5790133431722575
-30.65	17.16	1.4989399921714766
-30.61	18.37	1.8473596785808244
-30.56	19.56	1.809987877065664
-30.49	20.73	1.131666367211709
-30.38	21.87	1.136841592407447
-30.18	22.94	1.566669258233838
-29.04	24.2	1.3988821172788075
-29.2	23.12	1.0966801448792047
-29.3	21.97	1.2160093213535506
-29.36	20.8	1.812363989600751
-29.41	19.61	1.4721266816833438
-29.44	18.4	1.6526704815805182
-29.46	17.19	1.5527046290885753
-29.48	15.97	1.3126525234803683
-29.51	14.75	1.1589173329653875
-29.53	13.53	1.1177862607424451
-29.54	12.31	0.9953139300801537
-29.55	11.08	0.9681872256321631
-29.55	9.85	1.0039155250537233
-29.55	8.62	1.0522816992631139
-29.55	7.39	1.039358646130073
-29.55	6.16	1.0163606672749452
-29.54	4.92	0.976683757133098
-29.54	3.69	0.9574836549586667
-29.54	2.46	0.9453612625166441
-29.54	1.23	0.9494107258370974
-29.54	-0.0	0.9448175234069813
-29.54	-1.23	0.9494143484692756
-29.54	-2.46	0.9684082187101994
-29.54	-3.69	0.959829369922697
-29.54	-4.92	0.9868157902043944
-29.55	-6.16	0.9982320709329766
-29.55	-7.39	1.036961101636253
-29.55	-8.62	1.05985289036406
-29.55	-9.85	1.0984653559791635
-29.55	-11.08	1.0820676320707543
-29.54	-12.31	1.0711200078663206
-29.53	-13.53	1.0470185463147388
-29.51	-14.75	1.052431248685684
-29.48	-15.97	1.0722323224341999
-29.46	-17.19	1.001467138430197
-29.44	-18.4	1.0213472060797493
-29.41	-19.61	0.9929699487531334
-29.36	-20.8	0.9723108993975789
-29.3	-21.97	0.974900413846898
-29.2	-23.12	0.8664522713538574
-29.04	-24.2	0.8945001774384354
-27.86	-25.43	0.9115154771552252
-28.01	-24.36	0.8978738547473881
-28.1	-23.21	0.9523919827811671
-28.16	-22.04	0.9416818991913001
-28.2	-20.84	0.985967128257017
-28.22	-19.63	0.9818508716757366
-28.25	-18.42	1.0893552575713876
-28.27	-17.21	1.1100952100177208
-28.3	-15.99	1.0899022944263717
-28.31	-14.77	1.1236155755327886
-28.32	-13.54	1.116659681860428
-28.32	-12.31	1.0900699169217587
-28.32	-11.08	1.0409426227088332
-28.31	-9.85	0.9849705976420617
-28.31	-8.62	0.9324463792069517
-28.31	-7.38	0.9205245384298966
-28.31	-6.15	0.9205115288920975
-28.31	-4.92	0.9309497007612517
-28.31	-3.69	0.9280656552873037
-28.31	-2.46	0.9379457863904461
-28.31	-1.23	0.9448583922289622
-28.31	0.0	0.9684283983756048
-28.31	1.23	0.9620092847714066
-28.31	2.46	0.9462802761996167
-28.31	3.69	0.9401225066318482
-28.31	4.92	0.9293559913577969
-28.31	6.15	0.944298030135938
-28.31	7.38	0.9241154042327695
-28.31	8.62	0.9556168060484538
-28.31	9.85	0.9898282079890217
-28.32	11.08	1.0167389733107797
-28.32	12.31	1.0398469112273032
-28.32	13.54	0.9802119675312468
-28.31	14.77	1.0265857416826787
-28.3	15.99	1.1694973940176911
-28.27	17.21	1.1997210307725332
-28.25	18.42	1.444093143479014
-28.22	19.63	1.7193930174013703
-28.2	20.84	1.3853501808695254
-28.16	22.04	1.628583902781985
-28.1	23.21	1.2628253150504793
-28.01	24.36	1.0645846203828988
-27.86	25.43	1.2800125432460305
-26.65	26.65	1.3096243945514185
-26.8	25.59	1.0611084750859154
-26.89	24.44	1.6221938514121979
-26.94	23.27	1.6743191611035773
-26.98	22.07	1.6764055981420833
-27.01	20.87	1.6461400843726164
-27.03	19.66	1.356716990144136
-27.06	18.45	1.2430580400583002
-27.08	17.23	1.0853489167442696
-27.09	16.01	1.001891676383167
-27.09	14.78	1.0505017575791973
-27.08	13.54	1.001267935728018
-27.08	12.31	0.917277880852728
-27.08	11.08	0.9203837215220503
-27.08	9.85	0.9517885527178152
-27.08	8.62	0.9400562142519604
-27.08	7.39	0.9687635148778453
-27.08	6.16	0.980952638673859
-27.09	4.93	0.9647498108015462
-27.09	3.69	0.9925998164599523
-27.09	2.46	1.0240450954179812
-27.09	1.23	1.0404531436682474
-27.09	-0.0	0.9926262743034915
-27.09	-1.23	0.9719468460995371
-27.09	-2.46	0.9950676878855926
-27.09	-3.69	0.979457255982191
-27.09	-4.93	1.0116741100947335
-27.08	-6.16	1.012728613357151
-27.08	-7.39	0.9909366148495415
-27.08	-8.62	0.9616276823487375
-27.08	-9.85	0.9287426584523848
-27.08	-11.08	0.9109039578707501
-27.08	-12.31	0.9499292534261983
-27.08	-13.54	1.0108578648044215
-27.09	-14.78	1.0777191332323444
-27.09	-16.01	1.1446947900288773
-27.08	-17.23	1.151378049319459
-27.06	-18.45	1.1355615247269943
-27.03	-19.66	1.1772963464156572
-27.01	-20.87	1.0266402903095795
-26.98	-22.07	0.9888686383904011
-26.94	-23.27	0.9549021609606108
-26.89	-24.44	0.9512991215462305
-26.8	-25.59	0.9083627772339407
-26.65	-26.65	0.8833890810311846
-25.43	-27.86	0.9018494948837619
-25.59	-26.8	0.8664119178129663
-25.67	-25.67	0.8997382450098366
-25.72	-24.5	0.9637455933896728
-25.76	-23.31	0.9650957488273457
-25.78	-22.1	1.0802020012072742
-25.81	-20.89	1.1839085064248938
-25.84	-19.68	1.1956276462623805
-25.85	-18.47	1.1884554880665945
-25.86	-17.24	1.1347509755007898
-25.85	-16.01	0.9976171927899848
-25.85	-14.77	0.9140625154755453
-25.85	-13.54	0.9106003294086804
-25.85	-12.31	0.9315394810787048
-25.85	-11.08	0.9747671659563215
-25.85	-9.85	0.9881524977877199
-25.86	-8.62	0.9998878541198719
-25.86	-7.39	1.0139510852330744
-25.87	-6.16	0.9875371200276071
-25.87	-4.93	1.0024138001651464
-25.87	-3.7	1.0263569223807085
-25.87	-2.46	1.033387922119232
-25.87	-1.23	1.0381888772809056
-25.87	0.0	1.1065830802049161
-25.87	1.23	1.113032278898551
-25.87	2.46	1.0955990368091753
-25.87	3.7	1.0631447465941637
-25.87	4.93	1.0071868376108215
-25.87	6.16	1.0122182304705705
-25.86	7.39	1.0097988167357794
-25.86	8.62	0.97989658022128
-25.85	9.85	0.9786800717980446
-25.85	11.08	0.9665978369997905
-25.85	12.31	0.9093736951878029
-25.85	13.54	0.9126324372792185
-25.85	14.77	0.9139487355771179
-25.85	16.01	1.0298088281757938
-25.86	17.24	1.0165482158207055
-25.85	18.47	1.0509341813018835
-25.84	19.68	1.2261908171397256
-25.81	20.89	1.2867748428723482
-25.78	22.1	1.6107322353621925
-25.76	23.31	1.7580807847071798
-25.72	24.5	1.5757051958673305
-25.67	25.67	1.6095752477279728
-25.59	26.8	1.0716259581482444
-25.43	27.86	1.3231949761043102
-24.2	29.04	1.428943903592959
-24.36	28.01	1.0659114387524031
-24.44	26.89	1.244548854690847
-24.5	25.72	1.6200925652948461
-24.53	24.53	1.7632162295473393
-24.56	23.33	1.5844964652840225
-24.59	22.13	1.305711186407569
-24.61	20.92	1.2218211267717702
-24.62	19.7	1.0187981831516666
-24.63	18.47	1.0438731782957156
-24.62	17.23	0.9084228868470445
-24.62	16.0	0.9048281464438279
-24.62	14.77	0.9021239140190911
-24.62	13.54	0.9213892053599126
-24.63	12.31	0.9645009514738057
-24.63	11.08	0.9767075395641189
-24.63	9.85	1.0306557333102102
-24.64	8.62	0.9981745020547876
-24.64	7.39	1.1735110326344556
-24.64	6.16	1.3550742968758076
-24.64	4.93	1.252209328198366
-24.64	3.7	1.129779198984977
-24.64	2.46	1.0358916609254942
-24.64	1.23	0.9534987227760698
-24.64	-0.0	0.8970585098822585
-24.64	-1.23	0.8917313621929468
-24.64	-2.46	0.8864153542444919
-24.64	-3.7	0.8802197796395621
-24.64	-4.93	0.9068378738541618
-24.64	-6.16	0.9468056198355264
-24.64	-7.39	0.9974996174976178
-24.64	-8.62	1.0621904058148592
-24.63	-9.85	0.9539398191493067
-24.63	-11.08	0.9338301610660835
-24.63	-12.31	0.932005777950641
-24.62	-13.54	0.9320852815467049
-24.62	-14.77	0.9219573968608339
-24.62	-16.0	0.908122640528088
-24.62	-17.23	0.9321643737347838
-24.63	-18.47	1.0692639403469162
-24.62	-19.7	1.1800051577843709
-24.61	-20.92	1.2183535081776453
-24.59	-22.13	1.213145681271108
-24.56	-23.33	1.131300357759181
-24.53	-24.53	0.9337354983190913
-24.5	-25.72	0.9235971999225328
-24.44	-26.89	0.8970867105741505
-24.36	-28.01	0.8517499978730703
-24.2	-29.04	0.9776592358117249
-22.94	-30.18	1.2572787403195873
-23.12	-29.2	0.8661079555577613
-23.21	-28.1	0.8943625860495263
-23.27	-26.94	0.9329905322539656
-23.31	-25.76	0.9278807519272823
-23.33	-24.56	1.166550632286504
-23.36	-23.36	1.2399108076825929
-23.38	-22.15	1.24329226204814
-23.39	-20.93	1.1588656214436686
-23.39	-19.7	0.9938547727733749
-23.39	-18.46	0.8971744601174114
-23.38	-17.23	0.8995761688525237
-23.39	-16.0	0.9092708151342466
-23.39	-14.77	0.8964398133035125
-23.4	-13.55	0.9151783105446087
-23.4	-12.32	0.936403228485565
-23.41	-11.09	0.9292484800722356
-23.41	-9.86	0.8855663670518688
-23.41	-8.62	0.8554468030906728
-23.41	-7.39	0.8544421073830915
-23.41	-6.16	0.8373634207541532
-23.41	-4.93	0.8446988039523102
-23.41	-3.7	0.8341386078458939
-23.41	-2.46	0.8321976441179357
-23.41	-1.23	0.8362808727798736
-23.41	0.0	0.8531185595187987
-23.41	1.23	0.8517643459981805
-23.41	2.46	0.8462194747638216
-23.41	3.7	0.8658473143779482
-23.41	4.93	0.9068366502407841
-23.41	6.16	0.9887321992557787
-23.41	7.39	1.1380088332910585
-23.41	8.62	1.2609990386521233
-23.41	9.86	1.210657404197752
-23.41	11.09	1.0043786240805126
-23.4	12.32	1.0161675858504937
-23.4	13.55	0.936371387214078
-23.39	14.77	0.9250045270543117
-23.39	16.0	0.8867725888148925
-23.38	17.23	0.9001643738517302
-23.39	18.46	0.8994871868353203
-23.39	19.7	1.071558346670935
-23.39	20.93	1.0104561610087117
-23.38	22.15	1.2237123505326455
-23.36	23.36	1.325266909349554
-23.33	24.56	1.6069896709768798
-23.31	25.76	1.6749756756402236
-23.27	26.94	1.4540807167904433
-23.21	28.1	1.1917582692447048
-23.12	29.2	1.0782303876058208
-22.94	30.18	1.6467694249266813
-21.63	31.24	2.2693420967912603
-21.87	30.38	1.1262917681128268
-21.97	29.3	1.0798431771373025
-22.04	28.16	1.3954474027689265
-22.07	26.98	1.4771005847170429
-22.1	25.78	1.660422535320416
-22.13	24.59	1.3930306468748457
-22.15	23.38	1.2444471762911622
-22.16	22.16	1.0070647764179093
-22.16	20.93	1.07950699007967
-22.16	19.69	0.9004644447608818
-22.15	18.46	0.8866035887242649
-22.16	17.23	0.873739345264557
-22.16	16.01	0.9141320470227123
-22.17	14.78	0.9546415153434396
-22.17	13.55	0.9638393440639872
-22.18	12.32	1.0644333042653038
-22.18	11.09	1.0337219354609317
-22.18	9.86	0.9352560130094298
-22.18	8.62	0.8854487034013472
-22.18	7.39	0.8748833921306733
-22.18	6.16	0.8583564569022943
-22.18	4.93	0.8750048955032339
-22.19	3.7	0.9144640405961475
-22.19	2.47	0.9184463500439097
-22.19	1.23	0.9479396543592324
-22.19	-0.0	0.939747937249841
-22.19	-1.23	0.92092798891347
-22.19	-2.47	0.9320328837980272
-22.19	-3.7	0.9189716367869032
-22.18	-4.93	0.9280272505814384
-22.18	-6.16	0.8887741356030343
-22.18	-7.39	0.851160570260312
-22.18	-8.62	0.848976959081245
-22.18	-9.86	0.8550785008839501
-22.18	-11.09	0.8601383374784533
-22.18	-12.32	0.886649319346553
-22.17	-13.55	1.0427356426019312
-22.17	-14.78	0.9209454285589533
-22.16	-16.01	0.8772220254067822
-22.16	-17.23	0.8834450707961903
-22.15	-18.46	0.8962578082378148
-22.16	-19.69	0.8862742155934118
-22.16	-20.93	0.9617977661288792
-22.16	-22.16	1.1646639771919052
-22.15	-23.38	1.2643000756642477
-22.13	-24.59	1.2489401196919037
-22.1	-25.78	1.1363240112230768
-22.07	-26.98	0.926779561078166
-22.04	-28.16	0.8979704420227801
-21.97	-29.3	0.9070668043025556
-21.87	-30.38	0.8945182732262573
-21.63	-31.24	2.0810793758542516
-20.61	-31.52	0.9978819871326916
-20.73	-30.49	0.9189692826601759
-20.8	-29.36	0.9078387923294882
-20.84	-28.2	0.9297106581513503
-20.87	-27.01	1.1288715396533586
-20.89	-25.81	1.272041309899672
-20.92	-24.61	1.2920381764264635
-20.93	-23.39	1.1481758610782595
-20.93	-22.16	0.9358458277438029
-20.92	-20.92	0.8592443220360142
-20.92	-19.69	0.8823007419139994
-20.93	-18.47	0.8805156368087808
-20.93	-17.24	0.8628994204676443
-20.94	-16.01	1.0312575747537478
-20.94	-14.78	0.8938413458172167
-20.94	-13.55	0.8337705183750801
-20.94	-12.32	0.8400572728786448
-20.95	-11.09	0.8218193338030169
-20.95	-9.86	0.8608215330091813
-20.95	-8.63	0.885956600592193
-20.95	-7.4	0.8926155622265455
-20.96	-6.16	0.8931907432003658
-20.96	-4.93	0.8867453913835615
-20.96	-3.7	0.9017116398676848
-20.96	-2.47	0.8814303064489533
-20.96	-1.23	0.8757091960212149
-20.96	0.0	0.8904299426391837
-20.96	1.23	0.8817498344160377
-20.96	2.47	0.906687839732248
-20.96	3.7	0.9122881867829191
-20.96	4.93	0.9375172685760784
-20.96	6.16	0.9652895327642135
-20.95	7.4	0.8970901703118139
-20.95	8.63	0.882992233046501
-20.95	9.86	0.8948973472619981
-20.95	11.09	0.8824730179729574
-20.94	12.32	0.9195799493367396
-20.94	13.55	0.9719653140962592
-20.94	14.78	0.9300506490589919
-20.94	16.01	0.9218856808783658
-20.93	17.24	0.9114774295895911
-20.93	18.47	0.8922509148340811
-20.92	19.69	0.8765827208712826
-20.92	20.92	0.8824842537776796
-20.93	22.16	1.0688498222811553
-20.93	23.39	1.0313049483845322
-20.92	24.61	1.2942493228540144
-20.89	25.81	1.51231406136991
-20.87	27.01	1.7618090872742957
-20.84	28.2	1.3494137221730105
-20.8	29.36	1.4859262096467312
-20.73	30.49	1.0354638594081145
-20.61	31.52	1.3236727449460206
-19.32	32.6	1.80862132865321
-19.48	31.66	1.0631495801575896
-19.56	30.56	1.5786862885571304
-19.61	29.41	1.5525230378344297
-19.63	28.22	1.797989866301779
-19.66	27.03	1.5434378325461804
-19.68	25.84	1.3330594818520867
-19.7	24.62	1.058594137643933
-19.7	23.39	1.083526744873394
-19.69	22.16	0.9181747075690962
-19.69	20.92	0.8750586551809452
-19.7	19.7	0.8841938427658391
-19.7	18.47	0.9422008982736472
-19.71	17.25	0.9397821203148542
-19.71	16.02	0.921702286378931
-19.71	14.78	0.9500450866943453
-19.71	13.55	0.9047243327958796
-19.72	12.32	0.9159047951575525
-19.72	11.09	0.889409560031087
-19.72	9.86	0.929927698827532
-19.72	8.63	0.9669326036569377
-19.73	7.4	0.9264114443621079
-19.73	6.16	0.9103346101462515
-19.73	4.93	0.8993787428236182
-19.73	3.7	0.8712371796024607
-19.73	2.47	0.8718083813809061
-19.73	1.23	0.8838405722559628
-19.73	-0.0	0.8755464267618285
-19.73	-1.23	0.8673854357314212
-19.73	-2.47	0.86523174209555
-19.73	-3.7	0.8590001179977254
-19.73	-4.93	0.8580204528285753
-19.73	-6.16	0.8599725197817332
-19.73	-7.4	0.8625969760163414
-19.72	-8.63	0.8522436841689789
-19.72	-9.86	0.8634133761678919
-19.72	-11.09	0.8675444011371924
-19.72	-12.32	0.8466842973913247
-19.71	-13.55	0.8243755331866289
-19.71	-14.78	0.8302486099096571
-19.71	-16.02	0.8489822199519006
-19.71	-17.25	0.985378893126093
-19.7	-18.47	0.8668809852773451
-19.7	-19.7	0.8705037358000673
-19.69	-20.92	0.8949625609666594
-19.69	-22.16	0.8755636654260357
-19.7	-23.39	0.9563375247216976
-19.7	-24.62	1.1875478456453203
-19.68	-25.84	1.2867664743312908
-19.66	-27.03	1.2833339184142858
-19.63	-28.22	1.0473940078883759
-19.61	-29.41	0.9410457742749045
-19.56	-30.56	0.8713209094873218
-19.48	-31.66	0.8808324847502682
-19.32	-32.6	1.856617286193572
-18.21	-32.78	1.024686689102925
-18.31	-31.74	0.896238001286493
-18.37	-30.61	0.9342626528520643
-18.4	-29.44	0.9620677496381251
-18.42	-28.25	1.28511863314153
-18.45	-27.06	1.31864521260741
-18.47	-25.85	1.2167162348135996
-18.47	-24.63	0.9775376322837515
-18.46	-23.39	0.8721523788099059
-18.46	-22.15	0.8830938191512043
-18.47	-20.93	0.8838616722690755
-18.47	-19.7	0.8728573313259549
-18.48	-18.48	0.8745954958504019
-18.48	-17.25	0.8375617199906706
-18.48	-16.02	0.8208881884189667
-18.48	-14.79	0.8401012224633746
-18.49	-13.56	0.8445261353940001
-18.49	-12.33	0.853476688564017
-18.49	-11.1	0.8364429421132682
-18.49	-9.86	0.852350136439517
-18.49	-8.63	0.8481588016375099
-18.49	-7.4	0.8581228729437367
-18.49	-6.16	0.8691435567106343
-18.5	-4.93	0.884543709101302
-18.5	-3.7	0.8967659207972769
-18.5	-2.47	0.9346756155108649
-18.5	-1.23	0.8846486708034114
-18.5	0.0	0.8836937095886075
-18.5	1.23	0.947507358504418
-18.5	2.47	0.9267159783787937
-18.5	3.7	0.9497937017072902
-18.5	4.93	0.9600246272182034
-18.49	6.16	0.9550745478381639
-18.49	7.4	0.9246232912854255
-18.49	8.63	0.9492934786861076
-18.49	9.86	0.929914355190685
-18.49	11.1	0.9767946992198571
-18.49	12.33	0.9092501384916618
-18.49	13.56	0.9076827945076085
-18.48	14.79	0.9306845620645143
-18.48	16.02	0.9246073664508856
-18.48	17.25	0.9567097438724907
-18.48	18.48	0.9655555470002186
-18.47	19.7	0.9284567767398233
-18.47	20.93	0.9016093776042764
-18.46	22.15	0.8815285161333328
-18.46	23.39	0.9414663104072645
-18.47	24.63	1.0734929779305071
-18.47	25.85	1.143658504938724
-18.45	27.06	1.3510193458658044
-18.42	28.25	1.6000313690717105
-18.4	29.44	1.6617520866489741
-18.37	30.61	1.6397801761790554
-18.31	31.74	1.0752982342529656
-18.21	32.78	1.2258881713596637
-16.92	33.85	1.6917787830462094
-17.06	32.9	1.054628318882468
-17.12	31.8	1.6196338206389616
-17.16	30.65	1.4517563952092782
-17.19	29.46	1.7410864401294734
-17.21	28.27	1.4367680638232248
-17.23	27.08	1.2367969551291402
-17.24	25.86	1.0436402746028595
-17.23	24.62	0.9958443538016493
-17.23	23.38	0.9027237124128789
-17.23	22.16	0.8899766673865015
-17.24	20.93	0.9070405487738231
-17.25	19.71	0.9596861517727051
-17.25	18.48	0.9584916715937801
-17.25	17.25	0.9446987254276635
-17.25	16.02	0.9322200041713655
-17.25	14.79	0.9128555684331205
-17.26	13.56	0.942677604452749
-17.26	12.33	0.9652007906129958
-17.26	11.1	0.9287799219901824
-17.26	9.86	0.9610858862267646
-17.26	8.63	0.9139003911445798
-17.26	7.4	0.9156764639750046
-17.26	6.17	0.9031375106517459
-17.26	4.93	0.9125423725473558
-17.27	3.7	0.9057386005668979
-17.27	2.47	0.9119451449554887
-17.27	1.23	0.8934398554260508
-17.27	-0.0	0.8842301924652638
-17.27	-1.23	0.9298714782410444
-17.27	-2.47	0.8807925775228895
-17.27	-3.7	0.8999482136694139
-17.26	-4.93	0.9268179990836227
-17.26	-6.17	0.9267016632628753
-17.26	-7.4	0.8847846014741236
-17.26	-8.63	0.8669872515904693
-17.26	-9.86	0.8563676178365167
-17.26	-11.1	0.8428869429525454
-17.26	-12.33	0.8385184682679947
-17.26	-13.56	0.8416336172013752
-17.25	-14.79	0.8343373810315633
-17.25	-16.02	0.8418293921430298
-17.25	-17.25	0.8217213195096784
-17.25	-18.48	0.8445310867677547
-17.25	-19.71	0.8449885067882148
-17.24	-20.93	0.8705164613782514
-17.23	-22.16	0.8621965400961065
-17.23	-23.38	0.8577575528147268
-17.23	-24.62	0.8695119975265921
-17.24	-25.86	1.017075055985103
-17.23	-27.08	1.262462772252916
-17.21	-28.27	1.3578530022301791
-17.19	-29.46	1.2130825842470214
-17.16	-30.65	0.9782617041886654
-17.12	-31.8	0.8884568044695857
-17.06	-32.9	0.943134239240857
-16.92	-33.85	1.8792006739787208
-15.79	-34.0	1.1090757608848447
-15.87	-32.97	0.9189101870476071
-15.92	-31.84	0.9528233007025158
-15.95	-30.67	1.0346352345787952
-15.97	-29.48	1.3508871123060882
-15.99	-28.3	1.3400127106382804
-16.01	-27.09	1.1228621208851663
-16.01	-25.85	0.886661262933619
-16.0	-24.62	0.8736929577263828
-16.0	-23.39	0.8596187398693234
-16.01	-22.16	0.8594764583680021
-16.01	-20.94	0.8738761019321668
-16.02	-19.71	0.8328671559951362
-16.02	-18.48	0.8199239767313138
-16.02	-17.25	0.8187341277799467
-16.02	-16.02	0.8407721389143514
-16.03	-14.79	0.8233764407486754
-16.03	-13.56	0.8234261453552367
-16.03	-12.33	0.8475431938977964
-16.03	-11.1	0.8544624674660115
-16.03	-9.86	0.8667530678066084
-16.03	-8.63	0.8865641084443769
-16.03	-7.4	0.9068935046621149
-16.03	-6.17	0.9113927722088535
-16.04	-4.93	0.9073234373820096
-16.04	-3.7	0.9041898876864032
-16.04	-2.47	0.9183354836045634
-16.04	-1.23	0.9075531369164791
-16.04	0.0	0.9357519077945771
-16.04	1.23	0.9401644521923629
-16.04	2.47	0.9514604171261629
-16.04	3.7	0.9624684545225071
-16.04	4.93	0.9576695400949733
-16.03	6.17	0.9308557330577871
-16.03	7.4	0.9706261837049652
-16.03	8.63	0.937071727256102
-16.03	9.86	0.9209061588094176
-16.03	11.1	0.951534551329047
-16.03	12.33	0.9358492507213825
-16.03	13.56	0.9550176476030696
-16.03	14.79	0.9665082659563691
-16.02	16.02	0.9075383936943462
-16.02	17.25	0.924290105075273
-16.02	18.48	0.9473956686345533
-16.02	19.71	0.9340162529890117
-16.01	20.94	1.0019063884231896
-16.01	22.16	0.9105783273054078
-16.0	23.39	0.8985977782278933
-16.0	24.62	0.9234293141299643
-16.01	25.85	1.0419128888446352
-16.01	27.09	1.070631101685743
-15.99	28.3	1.3315907507736044
-15.97	29.48	1.5153935701376984
-15.95	30.67	1.7748048263136127
-15.92	31.84	1.5747546103463916
-15.87	32.97	1.2054113342678914
-15.79	34.0	1.1913209570367753
-14.49	35.02	1.977790001996147
-14.62	34.1	1.0561174571870922
-14.67	33.02	1.552134653473603
-14.71	31.87	1.5260591634179406
-14.73	30.69	1.743662114559048
-14.75	29.51	1.3860964386741603
-14.77	28.31	1.2278775259354404
-14.78	27.09	1.0590750220025482
-14.77	25.85	0.9801684702742186
-14.77	24.62	0.9056092830618026
-14.77	23.39	0.8863476077541446
-14.78	22.17	0.9606642364367204
-14.78	20.94	0.9579396305517518
-14.78	19.71	0.9788495377133524
-14.79	18.48	0.937785647841217
-14.79	17.25	0.9274198158869265
-14.79	16.03	0.9723705280544701
-14.79	14.79	0.9700765461324048
-14.8	13.56	0.9277118391606907
-14.8	12.33	0.9742484915879555
-14.8	11.1	0.9334935769752004
-14.8	9.87	0.9116350175767902
-14.8	8.63	0.9372301690177496
-14.8	7.4	0.9540550050715915
-14.8	6.17	0.9112121986594346
-14.8	4.93	0.9421920953533567
-14.8	3.7	0.9301322189364827
-14.8	2.47	0.9286300710828694
-14.8	1.23	0.9196156639562307
-14.8	-0.0	0.9073784306879462
-14.8	-1.23	0.898242449328162
-14.8	-2.47	0.9005996100372631
-14.8	-3.7	0.898486075081105
-14.8	-4.93	0.8685453782540833
-14.8	-6.17	0.8752315590621347
-14.8	-7.4	0.8795349516184183
-14.8	-8.63	0.87797072498973
-14.8	-9.87	0.8805007264146205
-14.8	-11.1	0.8694356793073057
-14.8	-12.33	0.9043715248848097
-14.8	-13.56	0.866777489312403
-14.79	-14.79	0.8313087807088904
-14.79	-16.03	0.8259669905846962
-14.79	-17.25	0.820502526922974
-14.79	-18.48	0.8049265406073678
-14.78	-19.71	0.817002130600299
-14.78	-20.94	0.8429847785482654
-14.78	-22.17	0.9717201942001203
-14.77	-23.39	0.8702664591724139
-14.77	-24.62	0.8689484157772362
-14.77	-25.85	0.8803905717221401
-14.78	-27.09	0.9353112807922761
-14.77	-28.31	1.2445795966864157
-14.75	-29.51	1.4079568195207495
-14.73	-30.69	1.2716121754846865
-14.71	-31.87	0.9651152996108721
-14.67	-33.02	0.9165400083098696
-14.62	-34.1	0.9887078306369004
-14.49	-35.02	2.484354760789847
-13.34	-35.17	1.5929909712807255
-13.42	-34.17	0.9474740830749155
-13.47	-33.06	0.9749383916290384
-13.49	-31.9	1.052510543260654
-13.51	-30.71	1.3802690437001406
-13.53	-29.53	1.3537336787307357
-13.54	-28.32	1.0569000433813134
-13.54	-27.08	0.8711098273117504
-13.54	-25.85	0.8717043211599664
-13.54	-24.62	0.8537295433946408
-13.55	-23.4	0.9220871876028225
-13.55	-22.17	0.8957026928632006
-13.55	-20.94	0.818212243552102
-13.55	-19.71	0.8319850271666773
-13.56	-18.49	0.8235887307604903
-13.56	-17.26	0.8195497421562346
-13.56	-16.03	0.8235350000919661
-13.56	-14.8	0.8690160672455205
-13.56	-13.56	0.8641749515299306
-13.56	-12.33	0.8662448000848215
-13.57	-11.1	0.879969169961524
-13.57	-9.87	0.8650019649185579
-13.57	-8.64	0.8558387830666003
-13.57	-7.4	0.8534358840560596
-13.57	-6.17	0.8559559959915148
-13.57	-4.93	0.8743998099339843
-13.57	-3.7	0.8837738867921026
-13.57	-2.47	0.8856787948855978
-13.57	-1.23	0.87454231484688
-13.57	0.0	0.8785525678754622
-13.57	1.23	0.9008020378240147
-13.57	2.47	0.8920962197543512
-13.57	3.7	0.8850724810889066
-13.57	4.93	0.9008412412288873
-13.57	6.17	0.8976011311875842
-13.57	7.4	0.9126652774694479
-13.57	8.64	0.9059518646640949
-13.57	9.87	0.9168199384519955
-13.57	11.1	0.9160651532723101
-13.56	12.33	0.9219702326320949
-13.56	13.56	0.965363268693257
-13.56	14.8	0.9521582766839041
-13.56	16.03	1.0053119125191579
-13.56	17.26	0.9415629636795861
-13.56	18.49	0.9511338485331864
-13.55	19.71	0.9377418516458436
-13.55	20.94	0.9883265472779277
-13.55	22.17	0.9938904991638955
-13.55	23.4	0.9240689253161616
-13.54	24.62	0.9179192457491689
-13.54	25.85	0.948086288501039
-13.54	27.08	1.0622139605157397
-13.54	28.32	1.0842599851190258
-13.53	29.53	1.3242716420262077
-13.51	30.71	1.5387509564064716
-13.49	31.9	1.7792705396902324
-13.47	33.06	1.6394141751811633
-13.42	34.17	1.0984214087306032
-13.34	35.17	1.3587104487950663
-12.02	36.05	2.397011331291683
-12.16	35.27	1.1354264274114652
-12.22	34.22	1.404216457967994
-12.25	33.09	1.663449532604222
-12.27	31.91	1.8356298472232009
-12.29	30.73	1.4340137481237933
-12.31	29.54	1.282317917691671
-12.31	28.32	1.0745722789541743
-12.31	27.08	1.0011935131052532
-12.31	25.85	0.9022187189641038
-12.31	24.63	0.8853023450723532
-12.32	23.4	0.9865579855414612
-12.32	22.18	0.9851793252701349
-12.32	20.94	0.9532253725253899
-12.32	19.72	0.9647955605242782
-12.33	18.49	0.9580758359013704
-12.33	17.26	1.0352856568600917
-12.33	16.03	0.9747276892001322
-12.33	14.8	0.9838211360325513
-12.33	13.56	0.9462963695872997
-12.33	12.33	0.9211206850448335
-12.34	11.1	0.9202780576212106
-12.34	9.87	0.922227125594465
-12.34	8.64	0.9026447715460364
-12.34	7.4	0.8914456846602823
-12.34	6.17	0.8972248754772307
-12.34	4.93	0.905628057025587
-12.34	3.7	0.9228815897381466
-12.34	2.47	0.9202601872495375
-12.34	1.23	0.9254573871376852
-12.34	-0.0	0.934717381345676
-12.34	-1.23	0.9348885440200982
-12.34	-2.47	0.9342718606265619
-12.34	-3.7	0.9420381305824401
-12.34	-4.93	0.9318550446054665
-12.34	-6.17	0.8920838091077794
-12.34	-7.4	0.8793108432599483
-12.34	-8.64	0.8522380069804001
-12.34	-9.87	0.8495384347316248
-12.34	-11.1	0.8514809363065083
-12.33	-12.33	0.85083047348098
-12.33	-13.56	0.8503132232214297
-12.33	-14.8	0.8792795083662845
-12.33	-16.03	0.858120473871665
-12.33	-17.26	0.826048024171298
-12.33	-18.49	0.8248573067610465
-12.32	-19.72	0.8268672443338012
-12.32	20.94	0.911152915600355
-12.32	22.18	0.9669052841360992
-12.32	23.4	0.985657196112065
-12.31	24.63	0.8893006864853925
-12.31	25.85	0.9024895618914686
-12.31	27.08	1.0095994700196442
-12.31	28.32	1.0737891092874925
-12.31	29.54	1.2600689176334328
-12.29	30.73	1.4171477347779966
-12.27	31.91	1.8153440554817069
-12.25	33.09	1.653797663431968
-12.22	34.22	1.3946731863265462
-12.16	35.27	1.1324476507106054
-12.02	36.05	2.1744566032418895
-10.88	36.26	1.8800165520589749
-10.97	35.34	1.026654374086915
-11.01	34.26	1.5763187669441283
-11.04	33.11	1.5757083583285354
-11.05	31.93	1.6872252387460884
-11.07	30.75	1.3506456354581386
-11.08	29.55	1.167334000644404
-11.08	28.32	1.0848814773086257
-11.08	27.08	0.9460857887601701
-11.08	25.85	0.8757803808756268
-11.08	24.63	0.9166523361706602
-11.09	23.41	1.0208067717077407
-11.09	22.18	0.9691569034799539
-11.09	20.95	0.9583775572679816
-11.09	19.72	0.9575220142398733
-11.1	18.49	1.0038302254074143
-11.1	17.26	0.9864506698321742
-11.1	16.03	1.021950427036038
-11.1	14.8	0.9693700586695799
-11.1	13.57	0.9650189067130919
-11.1	12.34	0.9291282133837466
-11.1	11.1	0.9190438867047179
-11.1	9.87	0.9351368678757659
-11.1	8.64	0.9267646115794221
-11.1	7.4	0.9015167254139325
-11.1	6.17	0.9080929419075545
-11.1	4.94	0.898928187842813
-11.11	3.7	0.9028618008022393
-11.11	2.47	0.8817735449233091
-11.11	1.23	0.8962242571326193
-11.11	-0.0	0.8814844976969782
-11.11	-1.23	0.8858047736212518
-11.11	-2.47	0.8723074121701497
-11.11	-3.7	0.8848802810364074
-11.1	-4.94	0.8843676468091557
-11.1	-6.17	0.8866225954507003
-11.1	-7.4	0.8879843913756265
-11.1	-8.64	0.8875688492620721
-11.1	-9.87	0.8628356084602586
-11.1	-11.1	0.8647592206911892
-11.1	-12.34	0.8532962107528039
-11.1	-13.57	0.8462138580357204
-11.1	-14.8	0.8840539969250365
-11.1	-16.03	0.8539709650816363
-11.1	-17.26	0.8328945692157941
-11.1	-18.49	0.8438647133961483
-11.09	-19.72	0.8267572597464321
-11.09	-20.95	0.829878143857683
-11.09	-22.18	0.8271047538786034
-11.09	-23.41	0.8431487530078119
-11.08	-24.63	0.9187134427800476
-11.08	-25.85	0.8562551811415533
-11.08	-27.08	0.8704170176728372
-11.08	-28.32	0.8886785960534249
-11.08	-29.55	1.1009709144263224
-11.07	-30.75	1.3883166074288278
-11.05	-31.93	1.3609984294724455
-11.04	-33.11	1.047614141917407
-11.01	-34.26	0.9541977674791884
-10.97	-35.34	1.0394370630837022
-10.88	-36.26	2.5
-9.7	-36.37	2.080095294012101
-9.76	-35.39	0.9556801067820615
-9.8	-34.29	1.0335816957925896
-9.82	-33.13	1.1667202931770815
-9.83	-31.95	1.4510891934191497
-9.84	-30.76	1.3170593821214904
-9.85	-29.55	0.9731530135492159
-9.85	-28.31	0.8957470667657761
-9.85	-27.08	0.8807280359345331
-9.85	-25.85	0.8705505638466091
-9.85	-24.63	1.0005243709037241
-9.86	-23.41	0.8391474153692879
-9.86	-22.18	0.8374384475989434
-9.86	-20.95	0.8332176269260323
-9.86	-19.72	0.8400466902747645
-9.86	-18.49	0.8424033515283895
-9.86	-17.26	0.8282314830439805
-9.86	-16.03	0.8600849416275338
-9.87	-14.8	0.8499686776313702
-9.87	-13.57	0.861517473755975
-9.87	-12.34	0.8487024654394606
-9.87	-11.1	0.8749217808954572
-9.87	-9.87	0.8702256850182524
-9.87	-8.64	0.8564854588801785
-9.87	-7.4	0.8488000793835218
-9.87	-6.17	0.8692995699839354
-9.87	-4.94	0.8721295435879393
-9.88	-3.7	0.8947124910839355
-9.88	-2.47	0.8916216059117286
-9.88	-1.23	0.875768293126927
-9.88	0.0	0.88449006842548
-9.88	1.23	0.8778281355515682
-9.88	2.47	0.8931302165285633
-9.88	3.7	0.8770800633784788
-9.87	4.94	0.8846794516080569
-9.87	6.17	0.8739902423902288
-9.87	7.4	0.8958532689089429
-9.87	8.64	0.9107761205842806
-9.87	9.87	0.9384976495986752
-9.87	11.1	0.9056641387142905
-9.87	12.34	0.9443705457730243
-9.87	13.57	0.9654589145635475
-9.87	14.8	0.9671480710668607
-9.86	16.03	0.9681383309778919
-9.86	17.26	0.992673845959084
-9.86	18.49	1.0327494894365854
-9.86	19.72	0.9495764902635191
-9.86	20.95	0.9778464785339533
-9.86	22.18	0.9552460170043915
-9.86	23.41	0.9827346726058348
-9.85	24.63	0.972134208520897
-9.85	25.85	0.8767943233843631
-9.85	27.08	0.9088984269443712
-9.85	28.31	1.0398431314215912
-9.85	29.55	1.053619258300449
-9.84	30.76	1.356821025202004
-9.83	31.95	1.5189593900647864
-9.82	33.13	1.7593394716549415
-9.8	34.29	1.586312726821257
-9.76	35.39	1.0644971659836875
-9.7	36.37	1.4245233231201375
-8.51	36.45	1.2383100977941695
-8.55	35.43	1.2281137423921251
-8.58	34.31	1.7534989116164637
-8.59	33.14	1.7708479868986
-8.6	31.96	1.4454967553913756
-8.62	30.77	1.3092735138192975
-8.62	29.55	1.0489140910961403
-8.62	28.31	1.003275634092864
-8.62	27.08	0.8801548073661136
-8.62	25.86	0.8906841918385027
-8.62	24.64	1.0350706851250902
-8.62	23.41	0.9752812813601146
-8.62	22.18	0.9626347957401187
-8.63	20.95	0.9579923512982269
-8.63	19.72	0.9868165179175445
-8.63	18.49	1.0013708932453884
-8.63	17.26	0.9877744344529447
-8.63	16.03	0.987540084733971
-8.63	14.8	0.9525708070734593
-8.64	13.57	0.9406139116490229
-8.64	12.34	0.9958689610305598
-8.64	11.1	0.9458824678966931
-8.64	9.87	0.9119990552166923
-8.64	8.64	0.8970482982890093
-8.64	7.4	0.8946915419549573
-8.64	6.17	0.8834446183157585
-8.64	4.94	0.8810319911797748
-8.64	3.7	0.8579603477507494
-8.64	2.47	0.8597182677553503
-8.64	1.23	0.8567816233588594
-8.64	-0.0	0.8646525079781782
-8.64	-1.23	0.8764532601325525
-8.64	-2.47	0.8910960931056611
-8.64	-3.7	0.901017934046326
-8.64	-4.94	0.8787337747536146
-8.64	-6.17	0.8623614682181078
-8.64	-7.4	0.8521766763109628
-8.64	-8.64	0.8526593342772868
-8.64	-9.87	0.8665873735958138
-8.64	-11.1	0.8613919918961068
-8.64	-12.34	0.8710972237743757
-8.64	-13.57	0.8992378511436874
-8.63	-14.8	0.8632704506859232
-8.63	-16.03	0.8650494902467463
-8.63	-17.26	0.8499240738813052
-8.63	-18.49	0.8277296215020833
-8.63	-19.72	0.8219833290075478
-8.63	-20.95	0.8132853549110362
-8.62	-22.18	0.823047290174836
-8.62	-23.41	0.8289725453365531
-8.62	-24.64	0.8744102043760558
-8.62	-25.86	0.8885787646296084
-8.62	-27.08	0.8635946087229645
-8.62	-28.31	0.8860514520974565
-8.62	-29.55	0.9182468356178486
-8.62	-30.77	1.2389900411431354
-8.6	-31.96	1.4298634645299053
-8.59	-33.14	1.294920431029447
-8.58	-34.31	1.0750206035140355
-8.55	-35.43	0.9584020765926322
-8.51	-36.45	1.5313303638782116
-7.22	-37.3	2.5
-7.3	-36.51	1.23837863061814
-7.34	-35.46	0.9735098177642909
-7.36	-34.33	1.0548673774125596
-7.37	-33.15	1.3929752301108582
-7.38	-31.97	1.4017405255325066
-7.39	-30.78	1.121911768067294
-7.39	-29.55	0.9004547921085599
-7.38	-28.31	0.8773360660404332
-7.39	-27.08	0.8601591035626379
-7.39	-25.86	0.9548554900802415
-7.39	-24.64	0.8384575774561469
-7.39	-23.41	0.8180848669227636
-7.39	-22.18	0.8291944138234797
-7.4	-20.95	0.8217411715675835
-7.4	-19.73	0.8234194897853637
-7.4	-18.49	0.8388109981103566
-7.4	-17.26	0.8539515313857473
-7.4	-16.03	0.8580758680582976
-7.4	-14.8	0.877754080200079
-7.4	-13.57	0.8762524587458431
-7.4	-12.34	0.8743986420475789
-7.4	-11.1	0.8650679355716617
-7.4	-9.87	0.8760905058473378
-7.4	-8.64	0.8645625834332407
-7.41	-7.41	0.854683801825793
-7.41	-6.17	0.8597384307095037
-7.41	-4.94	0.8634257361867821
-7.41	-3.7	0.9120273532927943
-7.41	-2.47	0.8906717445339911
-7.41	-1.23	0.8685373400761982
-7.41	0.0	0.8708285471746002
-7.41	1.23	0.8697297198874931
-7.41	2.47	0.8711421954757217
-7.41	3.7	0.8726487737735242
-7.41	4.94	0.8865908212903948
-7.41	6.17	0.8917225030403308
-7.41	7.41	0.8966740591088733
-7.4	8.64	0.8969675464198605
-7.4	9.87	0.9003925919676661
-7.4	11.1	0.9486356309055308
-7.4	12.34	0.9587765607944849
-7.4	13.57	0.9342357551083316
-7.4	14.8	0.9290150101655144
-7.4	16.03	0.9769781183324504
-7.4	17.26	0.9843543349742889
-7.4	18.49	0.9838380379789147
-7.4	19.73	1.0549479148554237
-7.4	20.95	0.969639546002198
-7.39	22.18	0.9624478183399789
-7.39	23.41	0.9649510514452544
-7.39	24.64	0.990943964532514
-7.39	25.86	0.9224766282296208
-7.39	27.08	0.8860178754646526
-7.38	28.31	0.9497947397822433
-7.39	29.55	1.0875404487704587
-7.39	30.78	1.2360419715086968
-7.38	31.97	1.4029901675086398
-7.37	33.15	1.6768682156035357
-7.36	34.33	1.5291862103361566
-7.34	35.46	1.4176849976907802
-7.3	36.51	1.0993030384858233
-7.22	37.3	2.5
-6.04	37.42	2.2557330445628114
-6.09	36.55	1.0500315042888175
-6.12	35.48	1.5000860879576834
-6.13	34.34	1.555908005384195
-6.14	33.16	1.616536391659638
-6.15	31.98	1.3970971165809942
-6.16	30.78	1.1536384597470857
-6.16	29.55	1.0660885789533374
-6.15	28.31	0.9593992478480455
-6.16	27.08	0.8805387752677518
-6.16	25.87	0.9634813550905879
-6.16	24.64	0.9911599019293869
-6.16	23.41	0.9739050043954078
-6.16	22.18	0.9684362610910879
-6.16	20.96	0.9697265086091402
-6.16	19.73	1.0203084121628336
-6.16	18.49	0.9754973845072552
-6.17	17.26	0.9792156721026046
-6.17	16.03	0.9790511308078598
-6.17	14.8	0.9377525073272697
-6.17	13.57	0.9351236795869866
-6.17	12.34	0.9739716918156613
-6.17	11.1	0.9577954899755845
-6.17	9.87	0.9114833511789522
-6.17	8.64	0.8984568273557345
-6.17	7.41	0.8836314500149056
-6.17	6.17	0.8903630890283605
-6.17	4.94	0.8703755274317801
-6.17	3.7	0.8668868516852823
-6.17	2.47	0.86970561756074
-6.17	1.23	0.8633400660707213
-6.17	-0.0	0.8646057102202542
-6.17	-1.23	0.8802578374623025
-6.17	-2.47	0.9138434120962122
-6.17	-3.7	0.9044694922152043
-6.17	-4.94	0.8662512056486404
-6.17	-6.17	0.8685518370852963
-6.17	-7.41	0.8626050287980913
-6.17	-8.64	0.8508268491619395
-6.17	-9.87	0.8722321550366443
-6.17	-11.1	0.8583258247857826
-6.17	-12.34	0.8689953840835152
-6.17	-13.57	0.8877140817406817
-6.17	-14.8	0.895893484557206
-6.17	-16.03	0.8811118735147954
-6.17	-17.26	0.8425952961391054
-6.16	-18.49	0.8518370564165316
-6.16	-19.73	0.8332707501301417
-6.16	-20.96	0.8213897222707462
-6.16	-22.18	0.819772151327685
-6.16	-23.41	0.8175291805511637
-6.16	-24.64	0.8355117143016155
-6.16	-25.87	0.9632966143343964
-6.16	-27.08	0.8616936276860043
-6.15	-28.31	0.8684289865232184
-6.16	-29.55	0.8893249313938965
-6.16	-30.78	1.0384658772402924
-6.15	-31.98	1.3698338244672996
-6.14	-33.16	1.4198062174455508
-6.13	-34.34	1.092242252987341
-6.12	-35.48	0.9750600895762416
-6.09	-36.55	1.1178301478575783
-6.04	-37.42	2.5
-4.84	-37.5	2.5
-4.88	-36.58	1.0343792236587133
-4.9	-35.49	1.0263936860316045
-4.91	-34.35	1.1304666294885557
-4.91	-33.17	1.4252459812309484
-4.92	-31.99	1.3591299503524343
-4.93	-30.78	0.9773899911752917
-4.92	-29.54	0.8957888430587424
-4.92	-28.31	0.8616734998750895
-4.93	-27.09	0.8842709324730036
-4.93	-25.87	0.9040553859506844
-4.93	-24.64	0.8205311485318854
-4.93	-23.41	0.8142486583326525
-4.93	-22.18	0.8116356163794656
-4.93	-20.96	0.8129612349947424
-4.93	-19.73	0.8241403187844671
-4.93	-18.5	0.8420840768435713
-4.93	-17.26	0.8320199399992063
-4.93	-16.04	0.8792317475309783
-4.93	-14.8	0.8883913558437513
-4.93	-13.57	0.8802070455984818
-4.93	-12.34	0.8689554390098797
-4.94	-11.1	0.8629654793347408
-4.94	-9.87	0.8643697446448151
-4.94	-8.64	0.8497047409143468
-4.94	-7.41	0.8766841761641997
-4.94	-6.17	0.8633752634283143
-4.94	-4.94	0.879956861919049
-4.94	-3.7	0.9129490601472483
-4.94	-2.47	0.9133908433823663
-4.94	-1.24	0.8699876939125488
-4.94	0.0	0.8729132239715396
-4.94	1.24	0.8661361805021786
-4.94	2.47	0.8573793892606449
-4.94	3.7	0.8703263864586486
-4.94	4.94	0.8813937885491523
-4.94	6.17	0.8770573877684456
-4.94	7.41	0.8902046648579081
-4.94	8.64	0.8975475430379181
-4.94	9.87	0.8808766440701508
-4.94	11.1	0.9459266474912473
-4.93	12.34	0.9715163909332105
-4.93	13.57	0.9241080071661791
-4.93	14.8	0.9327785680221199
-4.93	16.04	0.9629833502284555
-4.93	17.26	0.9818641687926384
-4.93	18.5	0.983634779546497
-4.93	19.73	1.0151834317268174
-4.93	20.96	0.9956160627002166
-4.93	22.18	0.9845624221648572
-4.93	23.41	0.9638567231588233
-4.93	24.64	0.986247792982585
-4.93	25.87	1.0374052718538174
-4.93	27.09	0.8840583374050777
-4.92	28.31	0.9039116499643303
-4.92	29.54	1.0552774330763395
-4.93	30.78	1.0852332130058029
-4.92	31.99	1.3979701338920396
-4.91	33.17	1.57395293456924
-4.91	34.35	1.6178736922085317
-4.9	35.49	1.5150199732639091
-4.88	36.58	1.013040725625343
-4.84	37.5	1.7943170554158225
-3.63	37.55	1.5806806918412297
-3.66	36.6	1.0017613457703654
-3.67	35.51	1.5595432393046105
-3.68	34.35	1.6852244681229234
-3.69	33.18	1.539644533207431
-3.69	32.0	1.4187982791004705
-3.69	30.78	1.0787365587041293
-3.69	29.54	1.05821652472227
-3.69	28.31	0.8980848226095182
-3.69	27.09	0.8856389329309202
-3.7	25.87	1.0290993821917276
-3.7	24.64	0.97983212526443
-3.7	23.41	0.9656462280580334
-3.7	22.19	0.9761314425033696
-3.7	20.96	1.0604972928656542
-3.7	19.73	1.0260655219592119
-3.7	18.5	0.9898296496704626
-3.7	17.27	0.9777272898102627
-3.7	16.04	0.9606760230575695
-3.7	14.8	0.9397134364964916
-3.7	13.57	0.9182030312373666
-3.7	12.34	0.9689340080265474
-3.7	11.11	0.9391355560218342
-3.7	9.88	0.8986995222439456
-3.7	8.64	0.9120326944843651
-3.7	7.41	0.883114074645456
-3.7	6.17	0.8749053156666093
-3.7	4.94	0.8757644209513504
-3.71	3.71	0.8534904489003434
-3.7	2.47	0.8576998652497769
-3.7	1.23	0.8651854527654024
-3.7	-0.0	0.8819660361302404
-3.7	-1.23	0.8612328645853173
-3.7	-2.47	0.8981301319566279
-3.71	-3.71	0.9204918760513525
-3.7	-4.94	0.8894854711827467
-3.7	-6.17	0.8743085788018954
-3.7	-7.41	0.8783768728063084
-3.7	-8.64	0.8707163832425007
-3.7	-9.88	0.8641491432162853
-3.7	-11.11	0.8747539466648346
-3.7	-12.34	0.8705905275833103
-3.7	-13.57	0.8747401527713805
-3.7	-14.8	0.8814755725696521
-3.7	-16.04	0.8657123820070121
-3.7	-17.27	0.8551542829533831
-3.7	-18.5	0.8359593380132164
-3.7	-19.73	0.836890340977714
-3.7	-20.96	0.8213952940211531
-3.7	-22.19	0.8285714404021043
-3.7	-23.41	0.8091940352171081
-3.7	-24.64	0.8261153319165304
-3.7	-25.87	0.871736738429643
-3.69	-27.09	0.8951534145359901
-3.69	-28.31	0.8715236371542234
-3.69	-29.54	0.8930522490095356
-3.69	-30.78	0.9332229187727688
-3.69	-32.0	1.2959434348065946
-3.69	-33.18	1.4193315126414099
-3.68	-34.35	1.1977852308074457
-3.67	-35.51	1.0869977378361302
-3.66	-36.6	1.0224323779401328
-3.63	-37.55	2.5
-2.42	-37.58	2.3926203397724244
-2.44	-36.61	0.984552954018934
-2.45	-35.52	1.1105971098591692
-2.45	-34.36	1.2419583363079747
-2.46	-33.18	1.4100710979431472
-2.46	-32.0	1.2480951935485294
-2.46	-30.78	0.9248625890846975
-2.46	-29.54	0.8993106997000808
-2.46	-28.31	0.854974425642995
-2.46	-27.09	0.9194694618899559
-2.46	-25.87	0.8413174129156973
-2.46	-24.64	0.8359525592477084
-2.46	-23.41	0.8377156101890364
-2.47	-22.19	0.8162106570795409
-2.47	-20.96	0.8230429179272729
-2.47	-19.73	0.835485399883372
-2.47	-18.5	0.8368880316900693
-2.47	-17.27	0.866461420401401
-2.47	-16.04	0.8613889936183261
-2.47	-14.8	0.8921547714368234
-2.47	-13.57	0.8918614563454668
-2.47	-12.34	0.8994527406669626
-2.47	-11.11	0.8703726653613328
-2.47	-9.88	0.8660421695467848
-2.47	-8.64	0.8730624234715272
-2.47	-7.41	0.8602978835499506
-2.47	-6.17	0.8678857437070784
-2.47	-4.94	0.8838193158133976
-2.47	-3.7	0.9100382039112374
-2.47	-2.47	0.8946198290300078
-2.47	-1.24	0.8887280027941298
-2.47	0.0	0.871551224652249
-2.47	1.24	0.8692268365341782
-2.47	2.47	0.8660642431737564
-2.47	3.7	0.8671505804804003
-2.47	4.94	0.8787835999509364
-2.47	6.17	0.8888688022200313
-2.47	7.41	0.894677100756665
-2.47	8.64	0.8918352769408564
-2.47	9.88	0.8930989958535687
-2.47	11.11	0.9461310742996334
-2.47	12.34	0.9680137562470961
-2.47	13.57	0.9308746665627705
-2.47	14.8	0.9324411117558373
-2.47	16.04	0.9805897727099255
-2.47	17.27	0.9804344457190428
-2.47	18.5	0.9837213336041621
-2.47	19.73	1.0253008034318327
-2.47	20.96	1.0527424668867047
-2.47	22.19	0.9594213096118551
-2.46	23.41	0.9874733956200155
-2.46	24.64	0.9835673891684085
-2.46	25.87	1.0170251977937799
-2.46	27.09	0.9060706072280293
-2.46	28.31	0.8860650919839799
-2.46	29.54	1.051228085114559
-2.46	30.78	1.0801239294948672
-2.46	32.0	1.3948219994355773
-2.46	33.18	1.5367649353437498
-2.45	34.36	1.7844995170846554
-2.45	35.52	1.5355619013302224
-2.44	36.61	1.0339325233601793
-2.42	37.58	1.4579295449319645
-1.21	37.6	1.4129908404765175
-1.22	36.62	1.0552048647322811
-1.22	35.52	1.508785292073095
-1.23	34.36	1.7593713741511507
-1.23	33.18	1.5169514560905082
-1.23	32.0	1.390795617006737
-1.23	30.78	1.0973698108701075
-1.23	29.54	1.0439387298523437
-1.23	28.31	0.882832785674367
-1.23	27.09	0.9241575321149593
-1.23	25.87	1.0217106360186499
-1.23	24.64	0.9855034867111971
-1.23	23.41	0.9740488508647127
-1.23	22.19	0.9706949686512187
-1.23	20.96	1.0851214066176462
-1.23	19.73	1.0189674686759016
-1.23	18.5	0.9891968843661374
-1.23	17.27	0.9974415505973502
-1.23	16.04	0.9635615093432612
-1.23	14.8	0.9370734071091036
-1.23	13.57	0.9233072795807615
-1.23	12.34	0.9386518717602632
-1.23	11.11	0.9420906282383825
-1.23	9.88	0.8982783292592069
-1.23	8.64	0.8880167119314084
-1.23	7.41	0.8728745281797394
-1.23	6.17	0.8922854945022163
-1.24	4.94	0.8821071035221983
-1.23	3.7	0.8651904971935487
-1.24	2.47	0.84813015643297
-1.24	1.24	0.8534155735057087
-1.24	-0.0	0.8692256730841343
-1.24	-1.24	0.8739466006106014
-1.24	-2.47	0.91214169284072
-1.23	-3.7	0.918310832540369
-1.24	-4.94	0.8951623732399439
-1.23	-6.17	0.885953992813139
-1.23	-7.41	0.8817627975252105
-1.23	-8.64	0.8775057178638317
-1.23	-9.88	0.8734986494478312
-1.23	-11.11	0.8568147888671893
-1.23	-12.34	0.9151762013963385
-1.23	-13.57	0.891225854044988
-1.23	-14.8	0.8833589917801916
-1.23	-16.04	0.8414257474579916
-1.23	-17.27	0.8469333267840256
-1.23	-18.5	0.8394923739553004
-1.23	-19.73	0.8379811364499234
-1.23	-20.96	0.822527524803772
-1.23	-22.19	0.8118746401460486
-1.23	-23.41	0.8322058884812433
-1.23	-24.64	0.8175579009405354
-1.23	-25.87	0.840778362513471
-1.23	-27.09	0.9295491827045765
-1.23	-28.31	0.867228032691977
-1.23	-29.54	0.8936482042594776
-1.23	-30.78	0.9000567394847634
-1.23	-32.0	1.2372208746359226
-1.23	-33.18	1.3903835406961047
-1.23	-34.36	1.2768052763528361
-1.22	-35.52	1.1333740383454067
-1.22	-36.62	0.982607276275326
-1.21	-37.6	2.206524765825387
0.0	-37.6	2.218535772169494
0.0	-36.62	0.9627254285876159
0.0	-35.52	1.1328682707531286
0.0	-34.36	1.277610749479397
0.0	-33.19	1.3953656881021912
0.0	-32.0	1.2229300977377449
0.0	-30.78	0.9051043062037838
0.0	-29.54	0.8803179350147907
0.0	-28.31	0.8690297876527575
0.0	-27.09	0.9224763624787533
0.0	-25.87	0.8379608863246446
0.0	-24.64	0.8201205010316297
0.0	-23.41	0.8375531721815221
0.0	-22.19	0.8224218349899868
0.0	-20.96	0.8249401985502924
0.0	-19.73	0.8373454385903862
0.0	-18.5	0.8555674482160702
0.0	-17.27	0.8664454514767792
0.0	-16.04	0.8426281084262799
0.0	-14.8	0.8792900309431477
0.0	-13.57	0.8686898268025711
0.0	-12.34	0.9101252954260932
0.0	-11.11	0.8610411358699661
0.0	-9.88	0.8635965523276621
0.0	-8.64	0.8705119727173809
0.0	-7.41	0.8913501831456276
0.0	-6.17	0.8939760737320324
0.0	-4.94	0.8964840771874716
0.0	-3.7	0.9255202356216952
0.0	-2.47	0.9185786671732385
0.0	-1.24	0.8896152226006464
0.0	0.0	0.8820113207745282
0.0	1.24	0.8666005600449322
0.0	2.47	0.8698855208295742
0.0	3.7	0.8721262451719376
0.0	4.94	0.8766004879235147
0.0	6.17	0.8987030657394355
0.0	7.41	0.8847093571322517
0.0	8.64	0.8928068363376385
0.0	9.88	0.8927490612957367
0.0	11.11	0.937187640343474
0.0	12.34	0.949445424316318
0.0	13.57	0.9184852769783198
0.0	14.8	0.9356880614813257
0.0	16.04	0.9550368199071668
0.0	17.27	0.9700760077183856
0.0	18.5	0.998931092535237
0.0	19.73	1.0096370016814031
0.0	20.96	1.060106878012852
0.0	22.19	0.9557764685039594
0.0	23.41	0.9896193806840312
0.0	24.64	0.9813748463871956
0.0	25.87	1.0560749883326732
0.0	27.09	0.9020477336499528
0.0	28.31	0.8718532649336117
0.0	29.54	1.031771137013421
0.0	30.78	1.0648263773027766
0.0	32.0	1.338972982173221
0.0	33.19	1.5183552491458387
0.0	34.36	1.7616916378929712
0.0	35.52	1.5316056473691742
0.0	36.62	1.0757365811417365
0.0	37.6	1.416513486912697
1.21	37.6	1.4367649105499591
1.22	36.62	1.0569152315637833
1.22	35.52	1.5252654244423978
1.23	34.36	1.756332047482779
1.23	33.18	1.5306553860485668
1.23	32.0	1.3901976097738853
1.23	30.78	1.0916136455098453
1.23	29.54	1.0410039044039054
1.23	28.31	0.8896080621757276
1.23	27.09	0.9116983888738712
1.23	25.87	1.0683641145266511
1.23	24.64	0.9925484194735237
1.23	23.41	0.9866039882474364
1.23	22.19	0.9411702567943454
1.23	20.96	1.070675414016332
1.23	19.73	1.0107694854306182
1.23	18.5	0.9961531640492014
1.23	17.27	0.9761500866030159
1.23	16.04	0.9742640564046727
1.23	14.8	0.9468268644082256
1.23	13.57	0.9208522951537823
1.23	12.34	0.9446949351448772
1.23	11.11	0.9425479371009544
1.23	9.88	0.893231747895042
1.23	8.64	0.9182086041404789
1.23	7.41	0.8900791653664788
1.23	6.17	0.8893021533923431
1.24	4.94	0.8864762755593851
1.23	3.7	0.8739440261139277
1.24	2.47	0.8613864851777722
1.24	1.24	0.869248028611473
1.24	-0.0	0.8773471305158242
1.24	-1.24	0.8899131084704415
1.24	-2.47	0.8997412898563972
1.23	-3.7	0.9206629792558942
1.24	-4.94	0.8957463205435534
1.23	-6.17	0.8841320620278603
1.23	-7.41	0.8688964099410175
1.23	-8.64	0.8689970412552359
1.23	-9.88	0.8740390735989134
1.23	-11.11	0.8690880229043838
1.23	-12.34	0.888217793300381
1.23	-13.57	0.8763712671814421
1.23	-14.8	0.8849123612597598
1.23	-16.04	0.8661797235961268
1.23	-17.27	0.8732661513506992
1.23	-18.5	0.8484372402126494
1.23	-19.73	0.8326562349311626
1.23	-20.96	0.8304471455272688
1.23	-22.19	0.8312564253627723
1.23	-23.41	0.8192937202303261
1.23	-24.64	0.8111692022022199
1.23	-25.87	0.8461098869267181
1.23	-27.09	0.9223377177195502
1.23	-28.31	0.8563963917412254
1.23	-29.54	0.877602104319398
1.23	-30.78	0.9098563343766255
1.23	-32.0	1.2321688912082855
1.23	-33.18	1.3943816238223334
1.23	-34.36	1.2762322668811779
1.22	-35.52	1.1228794332707803
1.22	-36.62	0.9701034730599574
1.21	-37.6	2.224502792983981
2.42	-37.58	2.3498947814586932
2.44	-36.61	0.9991386997573217
2.45	-35.52	1.099959778671681
2.45	-34.36	1.2528227350855135
2.46	-33.18	1.4115533883268867
2.46	-32.0	1.2639819619090655
2.46	-30.78	0.9155640296101533
2.46	-29.54	0.8828931603956525
2.46	-28.31	0.8671408690860556
2.46	-27.09	0.916204594597227
2.46	-25.87	0.8631326939844168
2.46	-24.64	0.8169164488782439
2.46	-23.41	0.8331559347374542
2.47	-22.19	0.83198629453668
2.47	-20.96	0.8257174183200693
2.47	-19.73	0.8411488834112557
2.47	-18.5	0.8454034828880284
2.47	-17.27	0.859864895170487
2.47	-16.04	0.8598003937440488
2.47	-14.8	0.8924066376991435
2.47	-13.57	0.881064095771471
2.47	-12.34	0.8768134201718532
2.47	-11.11	0.8568112177377998
2.47	-9.88	0.8560863818419815
2.47	-8.64	0.8632203843839301
2.47	-7.41	0.8724220292918634
2.47	-6.17	0.8835250474626379
2.47	-4.94	0.8952458448746539
2.47	-3.7	0.9299823737669088
2.47	-2.47	0.8963294089094687
2.47	-1.24	0.8674648766344379
2.47	0.0	0.8727369315981353
2.47	1.24	0.8727037780921592
2.47	2.47	0.8641979754217193
2.47	3.7	0.879139517902817
2.47	4.94	0.8723242696156808
2.47	6.17	0.875901584532607
2.47	7.41	0.8854469166158427
2.47	8.64	0.9261725619792829
2.47	9.88	0.9088661615527247
2.47	11.11	0.9474452934838435
2.47	12.34	0.9483798404914552
2.47	13.57	0.9278621219009899
2.47	14.8	0.9503884877744433
2.47	16.04	0.9719550517634845
2.47	17.27	0.965651061568038
2.47	18.5	0.977608929181951
2.47	19.73	1.0248306643696363
2.47	20.96	1.0234498895384156
2.47	22.19	0.9506776765112734
2.46	23.41	0.9770673370059715
2.46	24.64	0.9825558458615804
2.46	25.87	1.029457747867644
2.46	27.09	0.8929199085545223
2.46	28.31	0.8755897782156552
2.46	29.54	1.0715856682790452
2.46	30.78	1.0615405641768225
2.46	32.0	1.4168226826464974
2.46	33.18	1.5344959162378347
2.45	34.36	1.7423283131318579
2.45	35.52	1.5505109004061417
2.44	36.61	1.0292947440380305
2.42	37.58	1.524048425148525
3.63	37.55	1.5722936530509095
3.66	36.6	1.0119004535552882
3.67	35.51	1.5440033288626527
3.68	34.35	1.661926593366152
3.69	33.18	1.5623834163546864
3.69	32.0	1.4193457793210298
3.69	30.78	1.0432778456166432
3.69	29.54	1.0740118916172552
3.69	28.31	0.8911339477845015
3.69	27.09	0.8895525814862424
3.7	25.87	1.019022492546294
3.7	24.64	0.9880586320427369
3.7	23.41	0.9690368417483946
3.7	22.19	0.954842933900462
3.7	20.96	0.9835288362998416
3.7	19.73	1.0320648942938586
3.7	18.5	0.9996417115193434
3.7	17.27	0.9719980940587147
3.7	16.04	0.9765908747924659
3.7	14.8	0.9363434466522866
3.7	13.57	0.9396725616665922
3.7	12.34	0.9619063783564616
3.7	11.11	0.9544900479449492
3.7	9.88	0.8888049493302885
3.7	8.64	0.9020960734617827
3.7	7.41	0.8876268685731699
3.7	6.17	0.8772961243274935
3.7	4.94	0.8713047888981134
3.71	3.71	0.8698027707050411
3.7	2.47	0.854951700860596
3.7	1.23	0.8615361350032327
3.7	-0.0	0.8635852747090293
3.7	-1.23	0.8748130022031244
3.7	-2.47	0.8936771806098491
3.71	-3.71	0.897209951766512
3.7	-4.94	0.8796111924342354
3.7	-6.17	0.8771341834447632
3.7	-7.41	0.8691016033855998
3.7	-8.64	0.8573301981361956
3.7	-9.88	0.8579047209739068
3.7	-11.11	0.8473218278963088
3.7	-12.34	0.8865645602102523
3.7	-13.57	0.87237087310716
3.7	-14.8	0.888584963200679
3.7	-16.04	0.8607186123177328
3.7	-17.27	0.8553961126023708
3.7	-18.5	0.8440715087235651
3.7	-19.73	0.8385389289772318
3.7	-20.96	0.8049957289191312
3.7	-22.19	0.8263876209913317
3.7	-23.41	0.8200903627946126
3.7	-24.64	0.8235523555768403
3.7	-25.87	0.8769167220868868
3.69	-27.09	0.8933178599327825
3.69	-28.31	0.8622032265971047
3.69	-29.54	0.8753568435249237
3.69	-30.78	0.9253976798657089
3.69	-32.0	1.2983245597068578
3.69	-33.18	1.4052202851567852
3.68	-34.35	1.1880193012114155
3.67	-35.51	1.0906556911782248
3.66	-36.6	1.011118575764458
3.63	-37.55	2.5
4.84	-37.5	2.5
4.88	-36.58	1.0366843059047737
4.9	-35.49	1.0448535224042397
4.91	-34.35	1.1293042245090348
4.91	-33.17	1.413055825127989
4.92	-31.99	1.321611578984867
4.93	-30.78	0.950488427090451
4.92	-29.54	0.8923134822765295
4.92	-28.31	0.856764101303817
4.93	-27.09	0.8652879599330614
4.93	-25.87	0.9357739128769014
4.93	-24.64	0.8210135771733995
4.93	-23.41	0.8331542317794272
4.93	-22.18	0.8143216321967648
4.93	-20.96	0.8179171084210326
4.93	-19.73	0.8202991024234265
4.93	-18.5	0.845486545368205
4.93	-17.26	0.8436849497750973
4.93	-16.04	0.8696158998093146
4.93	-14.8	0.8860517078365584
4.93	-13.57	0.8635158209412914
4.93	-12.34	0.8583935068980715
4.94	-11.1	0.8636576052984255
4.94	-9.87	0.8707964303563376
4.94	-8.64	0.8620809265816165
4.94	-7.41	0.8575684073644112
4.94	-6.17	0.8731230538371886
4.94	-4.94	0.8901987902744644
4.94	-3.7	0.8997073805498212
4.94	-2.47	0.8923374356402096
4.94	-1.24	0.8760328660151204
4.94	0.0	0.866282862840694
4.94	1.24	0.8554657095627807
4.94	2.47	0.8621594117027698
4.94	3.7	0.878720916716067
4.94	4.94	0.879349443986416
4.94	6.17	0.8799856416189487
4.94	7.41	0.8877852809681732
4.94	8.64	0.9063675609180457
4.94	9.87	0.9054749742883681
4.94	11.1	0.948021342193595
4.93	12.34	0.9787599091066648
4.93	13.57	0.9387867879246894
4.93	14.8	0.9397280141957598
4.93	16.04	0.9585054234826895
4.93	17.26	1.0003064354624192
4.93	18.5	0.9943412517703587
4.93	19.73	1.0485965528188377
4.93	20.96	0.9690885854377385
4.93	22.18	0.9693043198330864
4.93	23.41	0.9759584766401419
4.93	24.64	1.0017075358191532
4.93	25.87	0.9753253972474312
4.93	27.09	0.8725537996638186
4.92	28.31	0.8883808459180251
4.92	29.54	1.085857647774466
4.93	30.78	1.0206260242073473
4.92	31.99	1.426313947902984
4.91	33.17	1.5686686247095665
4.91	34.35	1.634270793558401
4.9	35.49	1.5274771137585024
4.88	36.58	1.007741045332967
4.84	37.5	1.7689026518548134
6.04	37.42	2.267900028185399
6.09	36.55	1.0176495709285307
6.12	35.48	1.494512162312458
6.13	34.34	1.5675307965981302
6.14	33.16	1.6080644374393325
6.15	31.98	1.4162042752907649
6.16	30.78	1.0347531458554506
6.16	29.55	1.076005122916297
6.15	28.31	0.9093410500895711
6.16	27.08	0.8810953680563758
6.16	25.87	0.9298685258791455
6.16	24.64	1.0140499441896544
6.16	23.41	0.9748742245029876
6.16	22.18	0.9752426809923573
6.16	20.96	0.9503861484107698
6.16	19.73	1.064337509100901
6.16	18.49	1.0052933249366793
6.17	17.26	0.9833405628032663
6.17	16.03	0.9747869181233746
6.17	14.8	0.9383445156359924
6.17	13.57	0.9191708245006147
6.17	12.34	0.9683776893403291
6.17	11.1	0.9482867588438015
6.17	9.87	0.9069240750879937
6.17	8.64	0.889852718100018
6.17	7.41	0.8917138633627255
6.17	6.17	0.8912891469027873
6.17	4.94	0.8687728566696347
6.17	3.7	0.8634911057321268
6.17	2.47	0.842456943720129
6.17	1.23	0.8574039796889474
6.17	-0.0	0.8709660686896017
6.17	-1.23	0.8623073703161381
6.17	-2.47	0.9060039490512137
6.17	-3.7	0.9041746481465749
6.17	-4.94	0.8833133084081792
6.17	-6.17	0.8704635809557901
6.17	-7.41	0.8626655188169519
6.17	-8.64	0.8477695958338405
6.17	-9.87	0.8623414146651811
6.17	-11.1	0.8647459956317061
6.17	-12.34	0.8587391539570763
6.17	-13.57	0.8681089384026244
6.17	-14.8	0.8888622789080971
6.17	-16.03	0.863496828792222
6.17	-17.26	0.8466576774471779
6.16	-18.49	0.8510226533929535
6.16	-19.73	0.8432375951456903
6.16	-20.96	0.8211701232405737
6.16	-22.18	0.8172237106110654
6.16	-23.41	0.8022823325459969
6.16	-24.64	0.8203544663075828
6.16	-25.87	1.0179376308442674
6.16	-27.08	0.8574321736529287
6.15	-28.31	0.8712608325728883
6.16	-29.55	0.8873116395826974
6.16	-30.78	1.0062151953495446
6.15	-31.98	1.3566554468523613
6.14	-33.16	1.4162307927808886
6.13	-34.34	1.0945043905498846
6.12	-35.48	0.9908781364329791
6.09	-36.55	1.0940272434344607
6.04	-37.42	2.5
7.22	-37.3	2.5
7.3	-36.51	1.2090172483462318
7.34	-35.46	0.9374145511212877
7.36	-34.33	1.0967293044418067
7.37	-33.15	1.3732265327365747
7.38	-31.97	1.3894747430014682
7.39	-30.78	1.0873856364133871
7.39	-29.55	0.887307311258839
7.38	-28.31	0.8616176760073184
7.39	-27.08	0.8567263494107795
7.39	-25.86	0.9629681075809104
7.39	-24.64	0.8362627128769535
7.39	-23.41	0.8059218012458853
7.39	-22.18	0.828383798653773
7.4	-20.95	0.8235638808254642
7.4	-19.73	0.8385501110785496
7.4	-18.49	0.8193315367252554
7.4	-17.26	0.8441125478769003
7.4	-16.03	0.854931060828096
7.4	-14.8	0.8493176009374936
7.4	-13.57	0.8734016594811953
7.4	-12.34	0.8450780814244769
7.4	-11.1	0.8606739970157964
7.4	-9.87	0.8575626661103684
7.4	-8.64	0.8628456343748656
7.41	-7.41	0.8664657359190393
7.41	-6.17	0.8711110580413539
7.41	-4.94	0.8754723103955717
7.41	-3.7	0.9009295379140267
7.41	-2.47	0.9013569458757189
7.41	-1.23	0.8555821031701596
7.41	0.0	0.853932952544147
7.41	1.23	0.8596469785108081
7.41	2.47	0.8710450812940396
7.41	3.7	0.8653754130001934
7.41	4.94	0.8813386808274881
7.41	6.17	0.873749177680291
7.41	7.41	0.8783101720866586
7.4	8.64	0.9230711517233754
7.4	9.87	0.9167134959909129
7.4	11.1	0.9174809360598566
7.4	12.34	0.9358350852877795
7.4	13.57	0.9447655549770442
7.4	14.8	0.9485290560912585
7.4	16.03	0.9698168417499566
7.4	17.26	0.9805703088225783
7.4	18.49	1.0274068143568194
7.4	19.73	0.9883252146868235
7.4	20.95	0.9470951115760773
7.39	22.18	0.9932268265043378
7.39	23.41	0.9845093433152048
7.39	24.64	1.0644428895784905
7.39	25.86	0.9092555301526275
7.39	27.08	0.884190174392101
7.38	28.31	0.9996581129101241
7.39	29.55	1.0003107968913705
7.39	30.78	1.1187187895543467
7.38	31.97	1.4429209244951045
7.37	33.15	1.6578456881861214
7.36	34.33	1.5462665130361177
7.34	35.46	1.3924859048624727
7.3	36.51	1.070623260666526
7.22	37.3	2.5
8.51	36.45	1.2048242282954504
8.55	35.43	1.1917096219976884
8.58	34.31	1.7315115039489628
8.59	33.14	1.7204673288477714
8.6	31.96	1.4528355160536544
8.62	30.77	1.2465985949374536
8.62	29.55	0.9291494562189939
8.62	28.31	1.0461158703065934
8.62	27.08	0.8766468300939447
8.62	25.86	0.9046645916561076
8.62	24.64	1.033206870243597
8.62	23.41	1.0033456862723824
8.62	22.18	0.9711068925654924
8.63	20.95	0.9688005933112107
8.63	19.72	0.9297997533105455
8.63	18.49	1.044807458455792
8.63	17.26	0.9940779703911709
8.63	16.03	0.9783716846740367
8.63	14.8	0.9548440197863375
8.64	13.57	0.9467701842377343
8.64	12.34	0.9266983573582666
8.64	11.1	0.9123181431151215
8.64	9.87	0.9046714816596291
8.64	8.64	0.9107422407756713
8.64	7.4	0.9033259222824386
8.64	6.17	0.8979086301221875
8.64	4.94	0.8877743183280966
8.64	3.7	0.8852916830112889
8.64	2.47	0.8899187950119689
8.64	1.23	0.8833539657438871
8.64	-0.0	0.8635171602540828
8.64	-1.23	0.8687045271195837
8.64	-2.47	0.8891092602881141
8.64	-3.7	0.895058153551819
8.64	-4.94	0.8838415801722199
8.64	-6.17	0.8696925407541674
8.64	-7.4	0.854462281430183
8.64	-8.64	0.8515565284084996
8.64	-9.87	0.8595973063876734
8.64	-11.1	0.861723220778944
8.64	-12.34	0.8294886608405108
8.64	-13.57	0.8694075930048246
8.63	-14.8	0.8649221837486687
8.63	-16.03	0.8450022074148613
8.63	-17.26	0.8562205259400919
8.63	-18.49	0.8198730952385027
8.63	-19.72	0.8209058584485955
8.63	-20.95	0.8226619419049079
8.62	-22.18	0.8282820935501203
8.62	-23.41	0.8035627055912986
8.62	-24.64	0.8584890550620514
8.62	-25.86	0.8760386837823484
8.62	-27.08	0.857696482453008
8.62	-28.31	0.8694871040570851
8.62	-29.55	0.8947143374590478
8.62	-30.77	1.1909549106520263
8.6	-31.96	1.4296223310680523
8.59	-33.14	1.2775705941423876
8.58	-34.31	1.0649526933610804
8.55	-35.43	0.939236790396663
8.51	-36.45	1.354362585672396
9.7	-36.37	1.8155312312906071
9.76	-35.39	0.9354594298139283
9.8	-34.29	1.0445645902812393
9.82	-33.13	1.1662422734057474
9.83	-31.95	1.4368692403202736
9.84	-30.76	1.3203876165323933
9.85	-29.55	0.9582646879957055
9.85	-28.31	0.8708764014623203
9.85	-27.08	0.8835222509324137
9.85	-25.85	0.8492098997609627
9.85	-24.63	0.964924160895988
9.86	-23.41	0.8469723663153594
9.86	-22.18	0.8266356304697737
9.86	-20.95	0.8199479851008116
9.86	-19.72	0.8375594464288048
9.86	-18.49	0.8426232161674552
9.86	-17.26	0.8418680179743383
9.86	-16.03	0.837351360159369
9.87	-14.8	0.8600657807563898
9.87	-13.57	0.8465439234037291
9.87	-12.34	0.8301492298480015
9.87	-11.1	0.8736654853835386
9.87	-9.87	0.8696201772788807
9.87	-8.64	0.8829444309154377
9.87	-7.4	0.888793962959971
9.87	-6.17	0.8880015200811453
9.87	-4.94	0.8882862238933509
9.88	-3.7	0.9114964053398982
9.88	-2.47	0.9009084458537604
9.88	-1.23	0.8781092391463599
9.88	0.0	0.892562335289
9.88	1.23	0.8992271698464034
9.88	2.47	0.8977126498268753
9.88	3.7	0.8947187804997006
9.87	4.94	0.9021583857536708
9.87	6.17	0.8997684398060297
9.87	7.4	0.9019389839792558
9.87	8.64	0.9143159762249464
9.87	9.87	0.9047927363448078
9.87	11.1	0.9185378002200704
9.87	12.34	0.9497141899188826
9.87	13.57	0.9599748833621957
9.87	14.8	0.9742161082479548
9.86	16.03	1.048510267895657
9.86	17.26	1.0370234099221562
9.86	18.49	1.0469394417154536
9.86	19.72	0.9502933391361061
9.86	20.95	0.9897309873984472
9.86	22.18	0.9576724929813585
9.86	23.41	0.9910571453187664
9.85	24.63	0.9663456583392769
9.85	25.85	0.8705535381599452
9.85	27.08	0.8860742527516363
9.85	28.31	1.0584171670818634
9.85	29.55	0.9564966291825989
9.84	30.76	1.3835502068740757
9.83	31.95	1.5162022342795307
9.82	33.13	1.7392531915457745
9.8	34.29	1.5380107359715032
9.76	35.39	1.012233563322777
9.7	36.37	1.409727737450801
10.88	36.26	1.8297984112292536
10.97	35.34	0.9974862425048103
11.01	34.26	1.545277087789298
11.04	33.11	1.5045170190685377
11.05	31.93	1.5959768623011783
11.07	30.75	1.3654862249377189
11.08	29.55	1.0215052387677108
11.08	28.32	0.9722112845803377
11.08	27.08	0.9918188408568938
11.08	25.85	0.864850545510758
11.08	24.63	0.9132994893129807
11.09	23.41	1.028297922147054
11.09	22.18	0.9812392343895846
11.09	20.95	0.9933446726125545
11.09	19.72	0.9635218538495334
11.1	18.49	0.9524777982664041
11.1	17.26	1.0496356918865555
11.1	16.03	1.0485539999688616
11.1	14.8	0.9926182563393482
11.1	13.57	0.9583741105614312
11.1	12.34	0.9706850411970649
11.1	11.1	0.924030187294143
11.1	9.87	0.9299718547949842
11.1	8.64	0.9155700374163578
11.1	7.4	0.8984428311866033
11.1	6.17	0.8915290108121576
11.1	4.94	0.919777275403213
11.11	3.7	0.9224021666968651
11.11	2.47	0.930906544856902
11.11	1.23	0.9228985924338389
11.11	-0.0	0.9194760009452363
11.11	-1.23	0.9144327316162135
11.11	-2.47	0.9291688193718892
11.11	-3.7	0.9008153226383788
11.1	-4.94	0.9062977573006421
11.1	-6.17	0.8759625802530522
11.1	-7.4	0.8628553377759918
11.1	-8.64	0.8492311999881501
11.1	-9.87	0.8597676294267451
11.1	-11.1	0.8533676434572248
11.1	-12.34	0.8605040206692047
11.1	-13.57	0.8518731716441774
11.1	-14.8	0.8480282971263007
11.1	-16.03	0.8318644315360597
11.1	-17.26	0.8437974763728864
11.1	-18.49	0.8245108589076029
11.09	-19.72	0.8216491535333725
11.09	-20.95	0.8249456040781027
11.09	-22.18	0.8348523933969618
11.09	-23.41	0.8367200191078599
11.08	-24.63	0.9022289634519005
11.08	-25.85	0.8629004084841956
11.08	-27.08	0.8917850446634308
11.08	-28.32	0.8785884639246948
11.08	-29.55	1.062273372598722
11.07	-30.75	1.3725116535095179
11.05	-31.93	1.3788381774763643
11.04	-33.11	1.038912153797301
11.01	-34.26	0.9738709362768558
10.97	-35.34	0.9874320930630933
10.88	-36.26	2.405348978878785
12.02	-36.05	2.5
12.16	-35.27	1.1119461246942555
12.22	-34.22	0.9087394909194391
12.25	-33.09	1.0093229158405057
12.27	-31.91	1.2618536973211434
12.29	-30.73	1.4072263682981863
12.31	-29.54	1.224258710520667
12.31	-28.32	0.9042072091326272
12.31	-27.08	0.8751450726458501
12.31	-25.85	0.8761792433844366
12.31	-24.63	0.871285082475536
12.32	-23.4	0.96769730873734
12.32	-22.18	0.8325547249573217
12.32	-20.94	0.8118313673702859
12.32	-19.72	0.8309366328713361
12.33	-18.49	0.8350290697041896
12.33	-17.26	0.8567682381598454
12.33	-16.03	0.8445036895817974
12.33	-14.8	0.8583007933521802
12.33	-13.56	0.8476504062193113
12.33	-12.33	0.8589398520058573
12.34	-11.1	0.8715378327533649
12.34	-9.87	0.8760141765824319
12.34	-8.64	0.8431002099303715
12.34	-7.4	0.8603921461980946
12.34	-6.17	0.8499246395612934
12.34	-4.93	0.8719008738071024
12.34	-3.7	0.8630574747297004
12.34	-2.47	0.8838219358775437
12.34	-1.23	0.8763733716910593
12.34	0.0	0.9086061731642463
12.34	1.23	0.9228825000391119
12.34	2.47	0.9110140126916297
12.34	3.7	0.8925158522737124
12.34	4.93	0.8969405596290851
12.34	6.17	0.8895173465569535
12.34	7.4	0.9146167216476027
12.34	8.64	0.9302839480525265
12.34	9.87	0.9218872597684928
12.34	11.1	0.929404396089204
12.33	12.33	0.9868192705511909
12.33	13.56	0.977125140684862
12.33	14.8	0.9832182040371258
12.33	16.03	1.033424927955977
12.33	17.26	1.006469570827571
12.33	18.49	0.9561401309260837
12.32	19.72	0.9987609758833651
12.32	20.94	1.01509566113738
12.32	22.18	0.9976781581943142
12.32	23.4	0.9729975859333884
12.31	24.63	0.8814911069716267
12.31	25.85	0.885014744386913
12.31	27.08	1.047782026752822
12.31	28.32	0.9070960527903633
12.31	29.54	1.2010841581921996
12.29	30.73	1.4110665034908285
12.27	31.91	1.742444137573349
12.25	33.09	1.6587474167125116
12.22	34.22	1.3840479542147204
12.16	35.27	1.1154563011480878
12.02	36.05	2.5
13.34	35.17	1.3405159731392082
13.42	34.17	1.046219113451329
13.47	33.06	1.6596194985795005
13.49	31.9	1.706100229786271
13.51	30.71	1.5117319253510884
13.53	29.53	1.3565866050288635
13.54	28.32	0.9668388458122754
13.54	27.08	0.9940790048556822
13.54	25.85	0.8751698462607038
13.54	24.62	0.873632690902002
13.55	23.4	0.923461327966141
13.55	22.17	1.0185285186115607
13.55	20.94	0.9743475696769845
13.55	19.71	0.9743140227809377
13.56	18.49	0.9863175632111068
13.56	17.26	0.9515227025008599
13.56	16.03	1.0472037371386245
13.56	14.8	1.0209191475224362
13.56	13.56	0.9624439247758199
13.56	12.33	0.963925667151698
13.57	11.1	0.9593214582846032
13.57	9.87	0.9304262772131704
13.57	8.64	0.9065000240333294
13.57	7.4	0.9229358425715661
13.57	6.17	0.9175316365518729
13.57	4.93	0.9047397112695998
13.57	3.7	0.9073186216104077
13.57	2.47	0.9008659186899273
13.57	1.23	0.8931598234200955
13.57	-0.0	0.9025405359864891
13.57	-1.23	0.8718399680516589
13.57	-2.47	0.8695776416926471
13.57	-3.7	0.8629929574017758
13.57	-4.93	0.8750608305395051
13.57	-6.17	0.8648179191788294
13.57	-7.4	0.864226931012853
13.57	-8.64	0.8704237997758018
13.57	-9.87	0.847057872029497
13.57	-11.1	0.8419599539856639
13.56	-12.33	0.8628312080382514
13.56	-13.56	0.8579253404345586
13.56	-14.8	0.828235775040369
13.56	-16.03	0.8635928182288479
13.56	-17.26	0.8345096091395092
13.56	-18.49	0.8290484258665494
13.55	-19.71	0.8111530647274101
13.55	-20.94	0.8247635752477409
13.55	-22.17	0.8625801868433474
13.55	-23.4	0.9433088611141951
13.54	-24.62	0.8553165971465333
13.54	-25.85	0.8839815295880253
13.54	-27.08	0.8742625886086621
13.54	-28.32	1.0290933359761034
13.53	-29.53	1.3622928001819048
13.51	-30.71	1.3989140416418202
13.49	-31.9	1.0675614890943672
13.47	-33.06	0.9949914492590377
13.42	-34.17	0.932133127565498
13.34	-35.17	1.3201934959825952
14.49	-35.02	2.2495489322401676
14.62	-34.1	0.9873841284793254
14.67	-33.02	0.8787024174902509
14.71	-31.87	0.9765306160338358
14.73	-30.69	1.3092272634609028
14.75	-29.51	1.3849997590182426
14.77	-28.31	1.206397978307761
14.78	-27.09	0.9103496704346323
14.77	-25.85	0.8606376778548297
14.77	-24.62	0.8754136285429217
14.77	-23.39	0.8536013921047694
14.78	-22.17	0.8875809566093862
14.78	-20.94	0.84618608034266
14.78	-19.71	0.8256194454599983
14.79	-18.48	0.8211620886397686
14.79	-17.25	0.8359967174957541
14.79	-16.03	0.8445229189186527
14.79	-14.79	0.8844407664362786
14.8	-13.56	0.8344579462531785
14.8	-12.33	0.8691401675174424
14.8	-11.1	0.8698012977949521
14.8	-9.87	0.8960620814847005
14.8	-8.63	0.9035958346362216
14.8	-7.4	0.8902779961090612
14.8	-6.17	0.91128063170469
14.8	-4.93	0.905694838272928
14.8	-3.7	0.8958981639499637
14.8	-2.47	0.9187452471029021
14.8	-1.23	0.932496920417341
14.8	0.0	0.9285639705472395
14.8	1.23	0.9351198695743506
14.8	2.47	0.9448284075492142
14.8	3.7	0.9390763928342762
14.8	4.93	0.9011510083313965
14.8	6.17	0.9113331694442861
14.8	7.4	0.9189520451932429
14.8	8.63	0.9522356310302138
14.8	9.87	0.959531389451068
14.8	11.1	0.9244560536523032
14.8	12.33	0.9750201515965493
14.8	13.56	0.9832669565729191
14.79	14.79	1.0133520563560392
14.79	16.03	0.9260951219958038
14.79	17.25	0.9251171601520172
14.79	18.48	0.9788151372059399
14.78	19.71	0.9697774525148368
14.78	20.94	1.0290733235173644
14.78	22.17	0.9368487641805654
14.77	23.39	0.878287767741547
14.77	24.62	0.8600092000682302
14.77	25.85	1.0083459728835154
14.78	27.09	0.910620203487019
14.77	28.31	1.151906899854442
14.75	29.51	1.3491473430336045
14.73	30.69	1.6939267516724517
14.71	31.87	1.5100473819390592
14.67	33.02	1.5703395759925245
14.62	34.1	1.0101506983609942
14.49	35.02	1.8662844523333693
15.79	34.0	1.1925697735893204
15.87	32.97	1.1381633199941614
15.92	31.84	1.643234801048017
15.95	30.67	1.7115747851986853
15.97	29.48	1.4911073311009604
15.99	28.3	1.3300947643072654
16.01	27.09	0.9822021905424076
16.01	25.85	0.977375960684908
16.0	24.62	0.9472758067735345
16.0	23.39	0.8625837423788454
16.01	22.16	0.8918404026330826
16.01	20.94	0.9905623515576565
16.02	19.71	0.9806068779695556
16.02	18.48	0.9880544573895431
16.02	17.25	0.9680135066157618
16.02	16.02	0.925734148826713
16.03	14.79	0.9228095333870936
16.03	13.56	1.003855916733225
16.03	12.33	1.0043568569658117
16.03	11.1	0.9728385667801289
16.03	9.86	0.9285032683682442
16.03	8.63	0.9068959554087446
16.03	7.4	0.9262066647852372
16.03	6.17	0.9175651690645132
16.04	4.93	0.9045347211439339
16.04	3.7	0.9683585353044748
16.04	2.47	0.9566391435456918
16.04	1.23	0.9838075827608161
16.04	-0.0	0.9458072690644146
16.04	-1.23	0.9516257095784031
16.04	-2.47	0.9367399923379232
16.04	-3.7	0.930639937448408
16.04	-4.93	0.9172431695084127
16.03	-6.17	0.9165211269573188
16.03	-7.4	0.9205294119034937
16.03	-8.63	0.9187818616814347
16.03	-9.86	0.9082260092532257
16.03	-11.1	0.8710159013777821
16.03	-12.33	0.8583143053949494
16.03	-13.56	0.867176619748447
16.03	-14.79	0.8483817741274642
16.02	-16.02	0.8450697235510862
16.02	-17.25	0.8392693311207777
16.02	-18.48	0.8231543936988501
16.02	-19.71	0.8327467378719202
16.01	-20.94	0.8827862956596979
16.01	-22.16	0.8713791815279537
16.0	-23.39	0.9115005406004517
16.0	-24.62	0.8762582065358355
16.01	-25.85	0.8651935698395672
16.01	-27.09	1.0703437002177063
15.99	-28.3	1.3708407128420408
15.97	-29.48	1.414477454928936
15.95	-30.67	1.0718562675439927
15.92	-31.84	0.9686289731400146
15.87	-32.97	0.8858882991071706
15.79	-34.0	1.0412106167281756
16.92	-33.85	1.4750500042624317
17.06	-32.9	0.9641612319342849
17.12	-31.8	0.878533470347044
17.16	-30.65	0.9672013574183342
17.19	-29.46	1.259087664795424
17.21	-28.27	1.4039072356086706
17.23	-27.08	1.261096455958449
17.24	-25.86	0.969412452372346
17.23	-24.62	0.8609472347353204
17.23	-23.38	0.884835484530047
17.23	-22.16	0.8807606772507262
17.24	-20.93	0.868241779077696
17.25	-19.71	0.86258137056228
17.25	-18.48	0.8422750628089233
17.25	-17.25	0.8161781987992907
17.25	-16.02	0.819132571627704
17.25	-14.79	0.8684744918992013
17.26	-13.56	0.8640672086403693
17.26	-12.33	0.8689455398876147
17.26	-11.1	0.8572090430666544
17.26	-9.86	0.8659215915121141
17.26	-8.63	0.8629199598137411
17.26	-7.4	0.8624360321981142
17.26	-6.17	0.8760507153108632
17.26	-4.93	0.8805279159412285
17.27	-3.7	0.8795222951784298
17.27	-2.47	0.9184959620741768
17.27	-1.23	0.8830650133538711
17.27	0.0	0.9344466089557084
17.27	1.23	0.929677206821732
17.27	2.47	0.9199885613488288
17.27	3.7	0.9112100432140524
17.26	4.93	0.8910148967174267
17.26	6.17	0.9030834535024921
17.26	7.4	0.9119316964695532
17.26	8.63	0.9510811867651157
17.26	9.86	0.9753577652242189
17.26	11.1	0.992247638623728
17.26	12.33	0.9863455030658583
17.26	13.56	0.9243407304263425
17.25	14.79	0.9215416869133257
17.25	16.02	0.9337593071974828
17.25	17.25	0.9831026046810898
17.25	18.48	0.9697651271307404
17.25	19.71	1.0276340800186148
17.24	20.93	0.90113948317744
17.23	22.16	0.8654506325209779
17.23	23.38	0.9124063564566809
17.23	24.62	1.0182091612531412
17.24	25.86	0.9454816935957355
17.23	27.08	1.1800394620069579
17.21	28.27	1.3480657632269475
17.19	29.46	1.6954416395013165
17.16	30.65	1.4882273984775658
17.12	31.8	1.6172422683456444
17.06	32.9	1.004117394132341
16.92	33.85	1.6048380419270085
18.21	32.78	1.1756114889046767
18.31	31.74	1.0758889522661104
18.37	30.61	1.5646316142719376
18.4	29.44	1.5872004895709804
18.42	28.25	1.5136521884076481
18.45	27.06	1.2593732509228044
18.47	25.85	1.0640845102523402
18.47	24.63	0.9703587544861128
18.46	23.39	0.9774872266472929
18.46	22.15	0.9155378983957014
18.47	20.93	0.8765948593210693
18.47	19.7	0.9025449066001645
18.48	18.48	0.9718616658793504
18.48	17.25	0.9602358797968868
18.48	16.02	0.9803026802027048
18.48	14.79	0.9582886065290053
18.49	13.56	0.9079929923173538
18.49	12.33	0.9024408181836012
18.49	11.1	0.93171156741223
18.49	9.86	1.021519632993848
18.49	8.63	0.9654050140274393
18.49	7.4	0.9678059383246085
18.49	6.16	0.935401841569778
18.5	4.93	0.912193334806358
18.5	3.7	0.8976484034711127
18.5	2.47	0.8892164801982965
18.5	1.23	0.8770738905253719
18.5	-0.0	0.918443490300831
18.5	-1.23	0.8621639655843119
18.5	-2.47	0.8944117678381431
18.5	-3.7	0.8826490570515819
18.5	-4.93	0.8980859954957605
18.49	-6.16	0.8493879754160583
18.49	-7.4	0.8718030951880831
18.49	-8.63	0.8564524415515713
18.49	-9.86	0.8809355612898173
18.49	-11.1	0.8827424638075758
18.49	-12.33	0.8777906331505587
18.49	-13.56	0.8586321023639165
18.48	-14.79	0.8280262176213302
18.48	-16.02	0.8029567597119458
18.48	-17.25	0.8371566512563957
18.48	-18.48	0.9128508999242744
18.47	-19.7	0.8669943459770026
18.47	-20.93	0.8623152649986476
18.46	-22.15	0.8686914896951361
18.46	-23.39	0.864035609653115
18.47	-24.63	0.9171967836593717
18.47	-25.85	1.1934031283352597
18.45	-27.06	1.365699034833825
18.42	-28.25	1.3657691230530142
18.4	-29.44	1.0137374835625508
18.37	-30.61	0.9308504326769356
18.31	-31.74	0.96182941244665
18.21	-32.78	0.9564138699902278
19.32	-32.6	1.31585640860931
19.48	-31.66	0.9210271508374781
19.56	-30.56	0.8583679384441751
19.61	-29.41	0.9687803301403042
19.63	-28.22	1.1311858762378808
19.66	-27.03	1.369402506131932
19.68	-25.84	1.3223462528407435
19.7	-24.62	1.1128220646808042
19.7	-23.39	0.8903571027107384
19.69	-22.16	0.8705542966497193
19.69	-20.92	0.8835749634806849
19.7	-19.7	0.8672306158331056
19.7	-18.47	0.8704379522222698
19.71	-17.25	0.9552568058595865
19.71	-16.02	0.86760215412008
19.71	-14.78	0.8300861275160454
19.71	-13.55	0.8214144009951605
19.72	-12.32	0.8229542808609045
19.72	-11.09	0.8922332510065578
19.72	-9.86	0.9257534773082572
19.72	-8.63	0.9077125787759162
19.73	-7.4	0.893402598823327
19.73	-6.16	0.8696545836254348
19.73	-4.93	0.8791469062130011
19.73	-3.7	0.8748424642321195
19.73	-2.47	0.8946437714496245
19.73	-1.23	0.9047945377363202
19.73	0.0	0.885419134531384
19.73	1.23	0.9115333660286282
19.73	2.47	0.9160291702217771
19.73	3.7	0.9266331520667892
19.73	4.93	0.9460701561928042
19.73	6.16	0.9671926418250347
19.73	7.4	1.0043095909974404
19.72	8.63	0.9546855456772274
19.72	9.86	0.8893415281041683
19.72	11.09	0.8809705071607947
19.72	12.32	0.9222539075163638
19.71	13.55	0.9826753650015263
19.71	14.78	1.0067192559732145
19.71	16.02	0.963004038491019
19.71	17.25	0.9721751819598747
19.7	18.47	0.9064170968949821
19.7	19.7	0.887267949546164
19.69	20.92	0.8802943887522119
19.69	22.16	0.9487919860648253
19.7	23.39	0.9979942977647971
19.7	24.62	0.9813500516704927
19.68	25.84	1.2833810912800843
19.66	27.03	1.3952940850270936
19.63	28.22	1.6976723308472064
19.61	29.41	1.6041098805357992
19.56	30.56	1.3832074199271993
19.48	31.66	0.9924206977065939
19.32	32.6	1.738637206544471
20.61	31.52	1.2767116160929115
20.73	30.49	0.9354524495142407
20.8	29.36	1.6062063015953978
20.84	28.2	1.387422409467094
20.87	27.01	1.6474330540552353
20.89	25.81	1.283705195527773
20.92	24.61	1.178354106100561
20.93	23.39	0.9991889068173689
20.93	22.16	1.00286186412879
20.92	20.92	0.9269252622056552
20.92	19.69	0.8884127377396256
20.93	18.47	0.8830047652794262
20.93	17.24	0.8989917696567566
20.94	16.01	0.963591890453996
20.94	14.78	0.9482143846593534
20.94	13.55	0.984292740541103
20.94	12.32	1.045968878640723
20.95	11.09	0.9652693461659645
20.95	9.86	0.8824669327297112
20.95	8.63	0.8620525853650598
20.95	7.4	0.8741710461018908
20.96	6.16	0.89822976090311
20.96	4.93	0.9521368718286656
20.96	3.7	0.9952929133399984
20.96	2.47	0.9624971495778833
20.96	1.23	0.9458617728784802
20.96	-0.0	0.945238275581282
20.96	-1.23	0.937845938783437
20.96	-2.47	0.931410050921774
20.96	-3.7	0.9607184137875793
20.96	-4.93	0.9703844355821509
20.96	-6.16	0.9890394966649279
20.95	-7.4	0.9699651196828887
20.95	-8.63	0.8727781046944116
20.95	-9.86	0.8152316730175784
20.95	-11.09	0.819808967187746
20.94	-12.32	0.8422925365843161
20.94	-13.55	0.8797911561567204
20.94	-14.78	0.8635925895902172
20.94	-16.01	0.9093805906392269
20.93	-17.24	0.8691536373614897
20.93	-18.47	0.8666907777868014
20.92	-19.69	0.8792525259227046
20.92	-20.92	0.8670932962585143
20.93	-22.16	0.9115496715014473
20.93	-23.39	1.0906207503719934
20.92	-24.61	1.2834797254772958
20.89	-25.81	1.3456413796378648
20.87	-27.01	1.1988092132468333
20.84	-28.2	0.9539068007638631
20.8	-29.36	0.9258330484341499
20.73	-30.49	0.8849382471792637
20.61	-31.52	0.925849630614942
21.63	-31.24	1.6215062568258638
21.87	-30.38	0.8329950517974538
21.97	-29.3	0.9134305826297666
22.04	-28.16	0.9424000154161183
22.07	-26.98	0.9492005751125294
22.1	-25.78	1.2183727596787346
22.13	-24.59	1.3184852957924225
22.15	-23.38	1.272872509134853
22.16	-22.16	1.0978578713530398
22.16	-20.93	0.9153409695808765
22.16	-19.69	0.8704187612415986
22.15	-18.46	0.8941907390759312
22.16	-17.23	0.8949253349619157
22.16	-16.01	0.8693521722232784
22.17	-14.78	0.8531555504529118
22.17	-13.55	0.9504393658202712
22.18	-12.32	0.929741974358393
22.18	-11.09	0.8733018311521157
22.18	-9.86	0.8341102972014083
22.18	-8.62	0.8247501369866184
22.18	-7.39	0.8179276489333107
22.18	-6.16	0.827176512594554
22.18	-4.93	0.8286390520275049
22.19	-3.7	0.843289505974302
22.19	-2.47	0.842700469608058
22.19	-1.23	0.8429524469758274
22.19	0.0	0.8592780904570816
22.19	1.23	0.8544104592043418
22.19	2.47	0.8550002182476133
22.19	3.7	0.8465858534824644
22.18	4.93	0.8558278399685317
22.18	6.16	0.8687384798120501
22.18	7.39	0.9000021681482941
22.18	8.62	0.9455287140723012
22.18	9.86	1.0716680811490944
22.18	11.09	1.0725196613799417
22.18	12.32	0.9670083262859928
22.17	13.55	0.9779794612659423
22.17	14.78	0.9537709628922144
22.16	16.01	0.8972310113961068
22.16	17.23	0.8927434980115292
22.15	18.46	0.8723763750633404
22.16	19.69	0.919169701509837
22.16	20.93	0.9830990541471483
22.16	22.16	1.0073281019323428
22.15	23.38	1.1353171322694156
22.13	24.59	1.2232506822467943
22.1	25.78	1.5668027167029575
22.07	26.98	1.4083147090385122
22.04	28.16	1.5360760388277779
21.97	29.3	0.9836973333282417
21.87	30.38	1.088136001465835
21.63	31.24	2.5
22.94	30.18	1.6131219366281568
23.12	29.2	0.9918561922948088
23.21	28.1	1.2160380300708322
23.27	26.94	1.6048382039160227
23.31	25.76	1.4909847842691537
23.33	24.56	1.5040142806034602
23.36	23.36	1.2008608126463987
23.38	22.15	1.1301367989354647
23.39	20.93	1.0239673807168659
23.39	19.7	0.9821360286025733
23.39	18.46	0.88644436797418
23.38	17.23	0.8845353529825486
23.39	16.0	0.8963101104740554
23.39	14.77	0.8798374124735551
23.4	13.55	0.9205400649363007
23.4	12.32	0.9590680548517856
23.41	11.09	0.984640623849879
23.41	9.86	1.0034977176503501
23.41	8.62	1.1779549071986821
23.41	7.39	1.2317022555980355
23.41	6.16	1.1352967835568801
23.41	4.93	1.0323531498785465
23.41	3.7	0.9246381240822075
23.41	2.46	0.8764671997377675
23.41	1.23	0.8414908003743911
23.41	-0.0	0.843045842276581
23.41	-1.23	0.8349272241355745
23.41	-2.46	0.8335491175127965
23.41	-3.7	0.8577863462120607
23.41	-4.93	0.8435059158410869
23.41	-6.16	0.8598046294775354
23.41	-7.39	0.8665606360181934
23.41	-8.62	0.8963660972563856
23.41	-9.86	0.9255115548727835
23.41	-11.09	0.9410452647224474
23.4	-12.32	0.9045149646641697
23.4	-13.55	0.8800242194641719
23.39	-14.77	0.8937557462361401
23.39	-16.0	0.9033623156009725
23.38	-17.23	0.8820973395238081
23.39	-18.46	0.8866804828759669
23.39	-19.7	0.9376974827458024
23.39	-20.93	1.1216855300842488
23.38	-22.15	1.2664232266938846
23.36	-23.36	1.2917786528534325
23.33	-24.56	1.2292063754696976
23.31	-25.76	0.9638689894496189
23.27	-26.94	0.9307668321536378
23.21	-28.1	0.9127112824177956
23.12	-29.2	0.8804015807096555
22.94	-30.18	1.0655463729518555
24.2	-29.04	0.9232626834241211
24.36	-28.01	0.8989597021828715
24.44	-26.89	0.9120031600446152
24.5	-25.72	0.9290037778711158
24.53	-24.53	0.9582544760167719
24.56	-23.33	1.1908980529059043
24.59	-22.13	1.258054637191952
24.61	-20.92	1.270011348967115
24.62	-19.7	1.1800449734176732
24.63	-18.47	1.0040128274175402
24.62	-17.23	0.9087324381934971
24.62	-16.0	0.8982655858144648
24.62	-14.77	0.9249502911302976
24.62	-13.54	0.935250388198523
24.63	-12.31	0.9151285260924249
24.63	-11.08	0.9237990144534969
24.63	-9.85	0.956531228220876
24.64	-8.62	0.9578152872548893
24.64	-7.39	0.9623861786543184
24.64	-6.16	0.9768017646215519
24.64	-4.93	0.948533763378288
24.64	-3.7	0.9564538743100783
24.64	-2.46	0.9476190109665978
24.64	-1.23	1.0163373785913343
24.64	0.0	1.087795849124662
24.64	1.23	1.189708187284877
24.64	2.46	1.2853191837262106
24.64	3.7	1.3014468742518739
24.64	4.93	1.2750178888598853
24.64	6.16	1.1555351005856593
24.64	7.39	1.0253649780472376
24.64	8.62	0.9761988711208023
24.63	9.85	0.9767164572288678
24.63	11.08	0.9308856005397717
24.63	12.31	0.9039462275736199
24.62	13.54	0.8950892976862788
24.62	14.77	0.904167941690071
24.62	16.0	0.8992414272204705
24.62	17.23	0.9083858542139112
24.63	18.47	0.9866579443420473
24.62	19.7	1.0175404587993597
24.61	20.92	1.0990485636095784
24.59	22.13	1.1630848984517606
24.56	23.33	1.486216182298818
24.53	24.53	1.538384616305846
24.5	25.72	1.5046780411264713
24.44	26.89	1.2481348125111005
24.36	28.01	0.9542481349257343
24.2	29.04	1.294108931019057
25.43	27.86	1.225216091871733
25.59	26.8	0.94529545994477
25.67	25.67	1.2941759094432514
25.72	24.5	1.5070890669175157
25.76	23.31	1.532099227778037
25.78	22.1	1.4869351409557314
25.81	20.89	1.1561415059355813
25.84	19.68	1.061110173589645
25.85	18.47	1.0522847397781536
25.86	17.24	1.0498873617709368
25.85	16.01	0.9254883261677813
25.85	14.77	0.9053906760861974
25.85	13.54	0.9162112599359578
25.85	12.31	0.9181955464702343
25.85	11.08	0.8889034141403727
25.85	9.85	0.9138817121320306
25.86	8.62	0.9440324544664929
25.86	7.39	0.9631245672847566
25.87	6.16	0.999186500766557
25.87	4.93	0.9907110362879132
25.87	3.7	0.9998941795882672
25.87	2.46	1.006828594492558
25.87	1.23	1.0503430416271842
25.87	-0.0	1.0507066386672523
25.87	-1.23	1.0289575177542005
25.87	-2.46	1.002606849646499
25.87	-3.7	0.9898205289394273
25.87	-4.93	0.9841359195894075
25.87	-6.16	0.9687820543874528
25.86	-7.39	0.963565488965969
25.86	-8.62	0.9686567245768396
25.85	-9.85	0.9657616930110571
25.85	-11.08	0.9957496531899155
25.85	-12.31	0.9426582025495129
25.85	-13.54	0.8944874836120462
25.85	-14.77	0.9024790105204676
25.85	-16.01	0.9572924240548346
25.86	-17.24	1.0870525568506437
25.85	-18.47	1.2072560816327123
25.84	-19.68	1.2596601058167511
25.81	-20.89	1.2656473536599062
25.78	-22.1	1.1618750875868633
25.76	-23.31	0.9368789995414097
25.72	-24.5	0.9233778834294304
25.67	-25.67	0.8974535719268459
25.59	-26.8	0.8911767391141643
25.43	-27.86	0.8616007184715126
26.65	-26.65	0.8597357000326467
26.8	-25.59	0.8887360845151537
26.89	-24.44	0.9031134562192573
26.94	-23.27	0.9280539808014074
26.98	-22.07	0.9547068427601788
27.01	-20.87	1.0670730561178399
27.03	-19.66	1.221867495567352
27.06	-18.45	1.237015969549466
27.08	-17.23	1.2320383718994519
27.09	-16.01	1.1673410952544732
27.09	-14.78	1.0731824653711382
27.08	-13.54	0.9669405905749482
27.08	-12.31	0.9230746538055632
27.08	-11.08	0.9158829296279878
27.08	-9.85	0.9390666298850885
27.08	-8.62	0.947974761288628
27.08	-7.39	1.009503718131997
27.08	-6.16	1.0240128222524314
27.09	-4.93	0.9985624414209635
27.09	-3.69	0.9780964835305115
27.09	-2.46	0.9586001626355714
27.09	-1.23	0.966514020694512
27.09	0.0	0.9672715237094609
27.09	1.23	0.956598667794692
27.09	2.46	0.9495132910552435
27.09	3.69	0.9561811569841758
27.09	4.93	0.9455959371110207
27.08	6.16	0.9456546244315733
27.08	7.39	0.9350153701737209
27.08	8.62	0.9181139773311333
27.08	9.85	0.9417663676524599
27.08	11.08	0.9486169923640055
27.08	12.31	0.9342648664832129
27.08	13.54	0.9245025834420995
27.09	14.78	0.9574392976584365
27.09	16.01	1.0588004872580878
27.08	17.23	1.0525453064044576
27.06	18.45	1.074480253046147
27.03	19.66	1.1851732854269414
27.01	20.87	1.513614074441147
26.98	22.07	1.4630128756496728
26.94	23.27	1.6012292533511951
26.89	24.44	1.37979767973294
26.8	25.59	0.9436819096950346
26.65	26.65	1.1862451584401352
27.86	25.43	1.1837977541082356
28.01	24.36	0.9569686300123941
28.1	23.21	1.2807420732732844
28.16	22.04	1.7729175481684623
28.2	20.84	1.3428119710423845
28.22	19.63	1.5232364812342247
28.25	18.42	1.297960053473095
28.27	17.21	1.0570854014633957
28.3	15.99	0.9998026197476584
28.31	14.77	1.047324227691214
28.32	13.54	1.0454102089173292
28.32	12.31	0.9612175457182719
28.32	11.08	0.9421586907879593
28.31	9.85	0.9645266972955291
28.31	8.62	0.9718586489466112
28.31	7.38	0.9716732336444718
28.31	6.15	0.9478346764968038
28.31	4.92	0.930412100939332
28.31	3.69	0.9202620221299851
28.31	2.46	0.920365640688261
28.31	1.23	0.9140819456635452
28.31	-0.0	0.9205501416593549
28.31	-1.23	0.9402291718369842
28.31	-2.46	0.9275333681732967
28.31	-3.69	0.9167660794471182
28.31	-4.92	0.9021219165634111
28.31	-6.15	0.8971830954548752
28.31	-7.38	0.9283854802033042
28.31	-8.62	0.94916562065176
28.31	-9.85	0.977244666694669
28.32	-11.08	1.0048984065389188
28.32	-12.31	1.096418929448899
28.32	-13.54	1.1523773497653327
28.31	-14.77	1.1886219266657783
28.3	-15.99	1.1996061725476768
28.27	-17.21	1.1842938203382332
28.25	-18.42	1.141342172937712
28.22	-19.63	0.9793709429464394
28.2	-20.84	0.9512969762992265
28.16	-22.04	0.9567949143695138
28.1	-23.21	0.9484607723738216
28.01	-24.36	0.9181204475831874
27.86	-25.43	0.8455396103078314
29.04	-24.2	0.8758605651744675
29.2	-23.12	0.9010434125725117
29.3	-21.97	0.9616349362362051
29.36	-20.8	0.9665656427961844
29.41	-19.61	0.9631308745528226
29.44	-18.4	0.957563664766341
29.46	-17.19	1.0056506577838515
29.48	-15.97	1.1054758738521784
29.51	-14.75	1.1504157857033714
29.53	-13.53	1.160754713357404
29.54	-12.31	1.1765855666744907
29.55	-11.08	1.1332443222533692
29.55	-9.85	1.1223411300232788
29.55	-8.62	1.0763120936160906
29.55	-7.39	1.026477801549114
29.55	-6.16	1.0178788006939428
29.54	-4.92	0.9985809223473545
29.54	-3.69	0.9917908229006533
29.54	-2.46	1.0079280102844033
29.54	-1.23	0.9856490047097193
29.54	0.0	0.9809727844956937
29.54	1.23	0.9910298131483781
29.54	2.46	0.985303318059584
29.54	3.69	0.9872580552744337
29.54	4.92	0.9886242816431476
29.55	6.16	1.0015149719651726
29.55	7.39	0.9794718153954172
29.55	8.62	0.9759112629557434
29.55	9.85	1.0756911942375593
29.55	11.08	1.0800721222635525
29.54	12.31	1.0550164537859672
29.53	13.53	0.983016042162518
29.51	14.75	1.0000510336869812
29.48	15.97	1.1586671402925912
29.46	17.19	1.4149187340559983
29.44	18.4	1.4761424381238584
29.41	19.61	1.4024508586095008
29.36	20.8	1.6638698227211401
29.3	21.97	1.2095777710535893
29.2	23.12	0.9703463776434695
29.04	24.2	1.2304388824251946
30.18	22.94	1.3737646384611226
30.38	21.87	1.025440597608835
30.49	20.73	0.9889169065686154
30.56	19.56	1.5916040962655575
30.61	18.37	1.794877186604623
30.65	17.16	1.3480277053701837
30.67	15.95	1.443844505367081
30.69	14.73	1.342584577658271
30.71	13.51	1.1214908700060509
30.73	12.29	0.9912475721963299
30.75	11.07	0.9346401219247422
30.76	9.84	1.0120423185414662
30.77	8.62	1.0527642700373416
30.78	7.39	1.0786701343811949
30.78	6.16	1.0808008053886509
30.78	4.93	0.9947359917666132
30.78	3.69	1.043886508341938
30.78	2.46	1.0519085177707463
30.78	1.23	1.0626139958524732
30.78	-0.0	1.0515173572990033
30.78	-1.23	1.062313552783742
30.78	-2.46	1.0591759962954939
30.78	-3.69	1.0643385424354808
30.78	-4.93	1.0894140662258156
30.78	-6.16	1.0918976958520856
30.78	-7.39	1.1165525705517982
30.77	-8.62	1.1201376482415277
30.76	-9.84	1.154626151152092
30.75	-11.07	1.13146841560562
30.73	-12.29	1.0912703423388344
30.71	-13.51	1.0398338348959912
30.69	-14.73	0.9657782888378739
30.67	-15.95	0.9587681496839906
30.65	-17.16	0.990982589164842
30.61	-18.37	0.9781394956710994
30.56	-19.56	0.9568528769256108
30.49	-20.73	0.9523271666953441
30.38	-21.87	0.885138911531854
30.18	-22.94	0.89777866842587
31.24	-21.63	0.9383870386812863
31.52	-20.61	0.8752313507989928
31.66	-19.48	0.9539111010406902
31.74	-18.31	1.011851508475714
31.8	-17.12	0.9949185321748866
31.84	-15.92	0.9897777054626813
31.87	-14.71	1.0401883137147738
31.9	-13.49	1.015211663420791
31.91	-12.27	0.9558532947883798
31.93	-11.05	0.976867744713525
31.95	-9.83	1.0060979129076708
31.96	-8.6	1.0479828664913784
31.97	-7.38	1.0822591438375433
31.98	-6.15	1.142090680705353
31.99	-4.92	1.1957532959372763
32.0	-3.69	1.2234029091590548
32.0	-2.46	1.2236329815418738
32.0	-1.23	1.2002810824740315
32.0	0.0	1.1410291491151812
32.0	1.23	1.073198206631993
32.0	2.46	1.0566976886521644
32.0	3.69	1.055463870230751
31.99	4.92	1.0251028956052588
31.98	6.15	0.9753057176157762
31.97	7.38	0.9318272714484337
31.96	8.6	0.9768007597242248
31.95	9.83	1.021672638587507
31.93	11.05	1.1809957673696472
31.91	12.27	1.3205510176891764
31.9	13.49	1.4139617350237978
31.87	14.71	1.3357485810821004
31.84	15.92	1.6860895328537602
31.8	17.12	1.9405706462126835
31.74	18.31	1.2341516450706633
31.66	19.48	0.9646305017641765
31.52	20.61	1.115789961000191
31.24	21.63	1.6762808856982128
32.6	19.32	1.3264412601374183
32.78	18.21	1.0634121208535285
32.9	17.06	0.987966027892508
32.97	15.87	1.301874153427164
33.02	14.67	1.8552985755524354
33.06	13.47	1.6814513446113653
33.09	12.25	1.327652041202004
33.11	11.04	1.3258970354382527
33.13	9.82	1.3264142451974683
33.14	8.59	1.2443883262578748
33.15	7.37	1.168431593624791
33.16	6.14	1.066357337845699
33.17	4.91	0.990720975365905
33.18	3.69	0.9515527234345793
33.18	2.46	0.9254090504157189
33.18	1.23	0.9322131809421697
33.19	-0.0	0.9432378383121955
33.18	-1.23	0.9305867742613572
33.18	-2.46	0.9459506442819929
33.18	-3.69	0.9418350807721279
33.17	-4.91	0.9420482303424524
33.16	-6.14	0.9389352225109429
33.15	-7.37	0.9318866143804394
33.14	-8.59	0.972000041367056
33.13	-9.82	1.0238970996672245
33.11	-11.04	1.082622474174241
33.09	-12.25	1.0667041687525183
33.06	-13.47	1.0117750996487151
33.02	-14.67	1.010913463915494
32.97	-15.87	1.047435647441219
32.9	-17.06	0.9858055762296827
32.78	-18.21	0.9068492248778739
32.6	-19.32	0.9231590011220572
33.85	-16.92	0.9405797766028234
34.0	-15.79	0.9503303725811314
34.1	-14.62	1.0078479192376433
34.17	-13.42	1.1215696695558481
34.22	-12.22	1.1109723734950894
34.26	-11.01	1.0576879579367926
34.29	-9.8	1.0171316752334905
34.31	-8.58	1.0519990396320331
34.33	-7.36	1.0792802493223963
34.34	-6.13	1.1023096579779503
34.35	-4.91	1.0871131405112902
34.35	-3.68	1.0752946322569574
34.36	-2.45	1.0936680835351718
34.36	-1.23	1.0897937913246905
34.36	0.0	1.102462742309367
34.36	1.23	1.12195915820962
34.36	2.45	1.158407781665785
34.35	3.68	1.1807728253057803
34.35	4.91	1.2283764692766397
34.34	6.13	1.2428465331414005
34.33	7.36	1.2106230007724985
34.31	8.58	1.2527546793591524
34.29	9.8	1.5696402544758223
34.26	11.01	1.8798634893230322
34.22	12.22	1.7775964531757094
34.17	13.42	1.2073041626416972
34.1	14.62	1.0071778594490466
34.0	15.79	1.0634430164743538
33.85	16.92	1.2783239026257167
35.02	14.49	1.3219705397013959
35.17	13.34	1.148900958800474
35.27	12.16	1.0386298235761764
35.34	10.97	1.071025609424563
35.39	9.76	1.2729642373227552
35.43	8.55	1.6669056613111266
35.46	7.34	1.8032387884684802
35.48	6.12	1.6838530900827315
35.49	4.9	1.485934167240238
35.51	3.67	1.3128535478615948
35.52	2.45	1.1971939797862508
35.52	1.22	1.1334714585522354
35.52	-0.0	1.0854474606336701
35.52	-1.22	1.0804532570016532
35.52	-2.45	1.0723657187546376
35.51	-3.67	1.0873217816100356
35.49	-4.9	1.1222763073135376
35.48	-6.12	1.1489727974574695
35.46	-7.34	1.20071398806488
35.43	-8.55	1.239122533511595
35.39	-9.76	1.2159031800900966
35.34	-10.97	1.1063104780358302
35.27	-12.16	0.9824815323239546
35.17	-13.34	0.9788368520660509
35.02	-14.49	1.043112637840328
36.05	-12.02	1.2753190597967041
36.26	-10.88	1.1596590605403687
36.37	-9.7	1.0897742262176378
36.45	-8.51	1.0531860882092108
36.51	-7.3	1.0891538514924637
36.55	-6.09	1.15394888932018
36.58	-4.88	1.2513416837254034
36.6	-3.66	1.3197284515765677
36.61	-2.44	1.3760310758702596
36.62	-1.22	1.4170664340281514
36.62	0.0	1.4699759563272963
36.62	1.22	1.4807782446549576
36.61	2.44	1.477994563128144
36.6	3.66	1.3570925310633513
36.58	4.88	1.226164978458649
36.55	6.09	1.1267200633868057
36.51	7.3	1.0806215862749324
36.45	8.51	1.0997559480352184
36.37	9.7	1.1929793385115524
36.26	10.88	1.3339744614039564
36.05	12.02	1.5637779505595484
37.3	7.22	1.4822677176887638
37.42	6.04	1.4157540790666285
37.5	4.84	1.3317460275363526
37.55	3.63	1.2847150559552425
37.58	2.42	1.2719161851017313
37.6	1.21	1.2661068972426328
37.6	-0.0	1.2499492663954808
37.6	-1.21	1.2719535135970608
37.58	-2.42	1.2689837124131023
37.55	-3.63	1.320048162450778
37.5	-4.84	1.3266257452549741
37.42	-6.04	1.371305859862316
37.3	-7.22	1.4101488289831154
