-37.3	-7.22	1.5991723651489895
-37.42	-6.04	1.6196144553720533
-37.5	-4.84	1.6015165689980515
-37.55	-3.63	1.55587047519961
-37.58	-2.42	1.5173620965502188
-37.6	-1.21	1.5082562722834574
-37.6	0.0	1.4948907339327677
-37.6	1.21	1.4907021958712638
-37.58	2.42	1.503654688914338
-37.55	3.63	1.500774325852003
-37.5	4.84	1.5600203607908565
-37.42	6.04	1.6170535362673029
-37.3	7.22	1.7647031089108172
-36.05	12.02	1.9812520733966386
-36.26	10.88	1.5959909282744462
-36.37	9.7	1.3993848134968312
-36.45	8.51	1.3105973096905386
-36.51	7.3	1.2904550304829145
-36.55	6.09	1.331318630560978
-36.58	4.88	1.4017111060348428
-36.6	3.66	1.4871908161091447
-36.61	2.44	1.5218532760922132
-36.62	1.22	1.494556202479476
-36.62	-0.0	1.4854567801022753
-36.62	-1.22	1.4417798296436093
-36.61	-2.44	1.4249000364997801
-36.6	-3.66	1.4073918152107412
-36.58	-4.88	1.3874693692411197
-36.55	-6.09	1.3226148056274472
-36.51	-7.3	1.3001068901664459
-36.45	-8.51	1.339238341364501
-36.37	-9.7	1.3981483658954108
-36.26	-10.88	1.47786373845197
-36.05	-12.02	1.5567194893402192
-35.02	-14.49	1.3598630301858572
-35.17	-13.34	1.251737251087361
-35.27	-12.16	1.21862394150983
-35.34	-10.97	1.2659253651828015
-35.39	-9.76	1.3214974806760882
-35.43	-8.55	1.325271542580638
-35.46	-7.34	1.3137859138140247
-35.48	-6.12	1.283018679215287
-35.49	-4.9	1.237549836256715
-35.51	-3.67	1.213487446501044
-35.52	-2.45	1.1856023886865295
-35.52	-1.22	1.2019622285034508
-35.52	0.0	1.207372347872977
-35.52	1.22	1.2201251323679116
-35.52	2.45	1.2301295649962638
-35.51	3.67	1.279042757192352
-35.49	4.9	1.363714911793375
-35.48	6.12	1.5089252940209397
-35.46	7.34	1.649338381780531
-35.43	8.55	1.688934591073055
-35.39	9.76	1.4902809897865934
-35.34	10.97	1.2753538778556823
-35.27	12.16	1.2392625454111839
-35.17	13.34	1.3434242048616616
-35.02	14.49	1.6415204931279757
-33.85	16.92	1.5169655463909368
-34.0	15.79	1.2545863439418836
-34.1	14.62	1.2084384144657836
-34.17	13.42	1.418750527275452
-34.22	12.22	1.7429306785427565
-34.26	11.01	1.6790311818639196
-34.29	9.8	1.4154878148894472
-34.31	8.58	1.2573605263994754
-34.33	7.36	1.2613409929258976
-34.34	6.13	1.2244838163965985
-34.35	4.91	1.2022997681672294
-34.35	3.68	1.1799387688233836
-34.36	2.45	1.1791121746376287
-34.36	1.23	1.1655410300401767
-34.36	-0.0	1.1598091228485803
-34.36	-1.23	1.1637764363381642
-34.36	-2.45	1.1588523031404758
-34.35	-3.68	1.1856770656848852
-34.35	-4.91	1.2068337335860315
-34.34	-6.13	1.2325255506163053
-34.33	-7.36	1.2277099492889434
-34.31	-8.58	1.2039827158854717
-34.29	-9.8	1.2098091765636685
-34.26	-11.01	1.2238651334399444
-34.22	-12.22	1.27453820589984
-34.17	-13.42	1.2822140806409603
-34.1	-14.62	1.1838738947082899
-34.0	-15.79	1.1490336682266902
-33.85	-16.92	1.211108994743178
-32.6	-19.32	1.1577076652079317
-32.78	-18.21	1.115891606513344
-32.9	-17.06	1.1631731866415738
-32.97	-15.87	1.2367386805907437
-33.02	-14.67	1.2189639456246741
-33.06	-13.47	1.1799150146688477
-33.09	-12.25	1.2428386806603475
-33.11	-11.04	1.272484847937073
-33.13	-9.82	1.2243952929578068
-33.14	-8.59	1.1458128932150835
-33.15	-7.37	1.1076798695072902
-33.16	-6.14	1.1028286848182365
-33.17	-4.91	1.1041875813672544
-33.18	-3.69	1.101584840893839
-33.18	-2.46	1.1125298380993955
-33.18	-1.23	1.0998638698800987
-33.19	0.0	1.0868239446835695
-33.18	1.23	1.1099875652103242
-33.18	2.46	1.1089179871581525
-33.18	3.69	1.098702606263342
-33.17	4.91	1.1114825369147763
-33.16	6.14	1.1212149522130765
-33.15	7.37	1.1757316592228229
-33.14	8.59	1.2129951144400142
-33.13	9.82	1.2292616520356878
-33.11	11.04	1.276644741566443
-33.09	12.25	1.2938091103489056
-33.06	13.47	1.4830573761146448
-33.02	14.67	1.7680217945127739
-32.97	15.87	1.4985699456177102
-32.9	17.06	1.186511737964838
-32.78	18.21	1.2094391648290408
-32.6	19.32	1.5444819667720777
-31.24	21.63	1.9949976231249877
-31.52	20.61	1.3078453420071838
-31.66	19.48	1.162167233752128
-31.74	18.31	1.3588064242898916
-31.8	17.12	1.7108747154338477
-31.84	15.92	1.446930545304129
-31.87	14.71	1.331975491176368
-31.9	13.49	1.2664606754763614
-31.91	12.27	1.2335621610589262
-31.93	11.05	1.1888617399461756
-31.95	9.83	1.136532125926757
-31.96	8.6	1.1270583343719967
-31.97	7.38	1.130340067082523
-31.98	6.15	1.0986946796687347
-31.99	4.92	1.0670057044105574
-32.0	3.69	1.0579653724369393
-32.0	2.46	1.0535256900211198
-32.0	1.23	1.0640032867964244
-32.0	-0.0	1.0539727108313093
-32.0	-1.23	1.066054005964551
-32.0	-2.46	1.0765164117693402
-32.0	-3.69	1.0862017241890962
-31.99	-4.92	1.0933063546529436
-31.98	-6.15	1.1183079531492162
-31.97	-7.38	1.1287049709508974
-31.96	-8.6	1.1602047015454344
-31.95	-9.83	1.1517704791662293
-31.93	-11.05	1.1642739443156902
-31.91	-12.27	1.1583053109398183
-31.9	-13.49	1.232852729346754
-31.87	-14.71	1.238001620509821
-31.84	-15.92	1.1836131589985186
-31.8	-17.12	1.185803194609436
-31.74	-18.31	1.2006670842423457
-31.66	-19.48	1.1365206145655637
-31.52	-20.61	1.072569012895169
-31.24	-21.63	1.1447900356665999
-30.18	-22.94	1.0772707334265217
-30.38	-21.87	1.0607438154768465
-30.49	-20.73	1.1481934626085355
-30.56	-19.56	1.1756983254826974
-30.61	-18.37	1.1632369272600656
-30.65	-17.16	1.2476280202773546
-30.67	-15.95	1.2025925795076544
-30.69	-14.73	1.1914917364584587
-30.71	-13.51	1.191318355501152
-30.73	-12.29	1.1898992402401642
-30.75	-11.07	1.1759729485711716
-30.76	-9.84	1.1610356574349048
-30.77	-8.62	1.1523096075829855
-30.78	-7.39	1.1472819027548482
-30.78	-6.16	1.1285255708358166
-30.78	-4.93	1.1433968203017244
-30.78	-3.69	1.1383747171583591
-30.78	-2.46	1.113098840263338
-30.78	-1.23	1.1048987792350493
-30.78	0.0	1.1499050781634175
-30.78	1.23	1.1286109893602099
-30.78	2.46	1.1153047238026126
-30.78	3.69	1.1162271457898454
-30.78	4.93	1.0853580754052956
-30.78	6.16	1.0760685454500338
-30.78	7.39	1.0670254410679094
-30.77	8.62	1.060166174169824
-30.76	9.84	1.0735722323760353
-30.75	11.07	1.1393527275461217
-30.73	12.29	1.138839400091455
-30.71	13.51	1.2128565492072605
-30.69	14.73	1.2815012841885585
-30.67	15.95	1.3153362616728597
-30.65	17.16	1.3519223338755815
-30.61	18.37	1.5800860515618007
-30.56	19.56	1.5972577919086302
-30.49	20.73	1.1709994577678726
-30.38	21.87	1.1941073466777503
-30.18	22.94	1.644463065383798
-29.04	24.2	1.434632084975397
-29.2	23.12	1.1362821124546096
-29.3	21.97	1.2483825711503052
-29.36	20.8	1.5768255987098279
-29.41	19.61	1.320269742919936
-29.44	18.4	1.3923078096623618
-29.46	17.19	1.3080169593926652
-29.48	15.97	1.2399969387256293
-29.51	14.75	1.156191928920279
-29.53	13.53	1.1197018300995554
-29.54	12.31	1.060027845872007
-29.55	11.08	1.0737129897693194
-29.55	9.85	1.070420869455467
-29.55	8.62	1.1043373514763877
-29.55	7.39	1.1116260287304405
-29.55	6.16	1.0924322761411132
-29.54	4.92	1.0781066486104862
-29.54	3.69	1.077505647536828
-29.54	2.46	1.0803835262262584
-29.54	1.23	1.0843215664917256
-29.54	-0.0	1.0850472041603147
-29.54	-1.23	1.0804384958803626
-29.54	-2.46	1.0823053141599823
-29.54	-3.69	1.0837129201560058
-29.54	-4.92	1.1036796781641431
-29.55	-6.16	1.1072996152835017
-29.55	-7.39	1.1213278284221868
-29.55	-8.62	1.1507906029945927
-29.55	-9.85	1.1774203496824596
-29.55	-11.08	1.185171896844004
-29.54	-12.31	1.1857895902233775
-29.53	-13.53	1.200516102170047
-29.51	-14.75	1.2010655201339695
-29.48	-15.97	1.2409883560288835
-29.46	-17.19	1.20967166662283
-29.44	-18.4	1.2222275545006926
-29.41	-19.61	1.1940879912632898
-29.36	-20.8	1.1685035857495265
-29.3	-21.97	1.1265880990964146
-29.2	-23.12	1.0644373249318715
-29.04	-24.2	1.0422350509602785
-27.86	-25.43	1.0499507849449286
-28.01	-24.36	1.0664828671229145
-28.1	-23.21	1.1219109623911239
-28.16	-22.04	1.1394600805160984
-28.2	-20.84	1.2063910769663755
-28.22	-19.63	1.1849629535461155
-28.25	-18.42	1.2724720098476903
-28.27	-17.21	1.2628854575710458
-28.3	-15.99	1.231010398775128
-28.31	-14.77	1.2230246426574691
-28.32	-13.54	1.2035709086869675
-28.32	-12.31	1.176388258487977
-28.32	-11.08	1.1511863471075143
-28.31	-9.85	1.115156882801756
-28.31	-8.62	1.0910967202865782
-28.31	-7.38	1.0905310115190447
-28.31	-6.15	1.0917336564965394
-28.31	-4.92	1.0706078715512621
-28.31	-3.69	1.082638723886637
-28.31	-2.46	1.078796932050433
-28.31	-1.23	1.0735111807849158
-28.31	0.0	1.0774272338628252
-28.31	1.23	1.0850428497720896
-28.31	2.46	1.0791313191751222
-28.31	3.69	1.0928546168952904
-28.31	4.92	1.0761833207366278
-28.31	6.15	1.087897252803403
-28.31	7.38	1.0782461082617036
-28.31	8.62	1.0789200434493749
-28.31	9.85	1.06512718657945
-28.32	11.08	1.1038835940946115
-28.32	12.31	1.0978465339720511
-28.32	13.54	1.0787235047685817
-28.31	14.77	1.0816219553869724
-28.3	15.99	1.1858318734094588
-28.27	17.21	1.2147926184084765
-28.25	18.42	1.305473862361735
-28.22	19.63	1.3865660008910545
-28.2	20.84	1.2925814630524197
-28.16	22.04	1.608613446683746
-28.1	23.21	1.37858048176573
-28.01	24.36	1.1615363534587733
-27.86	25.43	1.3762478029899459
-26.65	26.65	1.3877643261456116
-26.8	25.59	1.144012227976333
-26.89	24.44	1.4340166265887442
-26.94	23.27	1.434392967461731
-26.98	22.07	1.4374726358891499
-27.01	20.87	1.4026914868910545
-27.03	19.66	1.2743293046012694
-27.06	18.45	1.2214198061725847
-27.08	17.23	1.1272183441669874
-27.09	16.01	1.0875540811141509
-27.09	14.78	1.1136480880991693
-27.08	13.54	1.093866174044865
-27.08	12.31	1.065329248986692
-27.08	11.08	1.092938226911544
-27.08	9.85	1.0808948868230317
-27.08	8.62	1.084082054289591
-27.08	7.39	1.1176368223537336
-27.08	6.16	1.1233526375565548
-27.09	4.93	1.111289559693044
-27.09	3.69	1.1251537379144718
-27.09	2.46	1.1178495623290328
-27.09	1.23	1.1319172706873104
-27.09	-0.0	1.117168926199664
-27.09	-1.23	1.1325576705050295
-27.09	-2.46	1.0990550180491372
-27.09	-3.69	1.093897812160182
-27.09	-4.93	1.1171695231573562
-27.08	-6.16	1.1388864190707046
-27.08	-7.39	1.125123074945079
-27.08	-8.62	1.1083205711045228
-27.08	-9.85	1.1119455648089538
-27.08	-11.08	1.110764820158705
-27.08	-12.31	1.1043842884357913
-27.08	-13.54	1.1383996617768686
-27.09	-14.78	1.2012274734695936
-27.09	-16.01	1.2371565532932536
-27.08	-17.23	1.259175504292294
-27.06	-18.45	1.268371238318701
-27.03	-19.66	1.2866446988589129
-27.01	-20.87	1.234411382957564
-26.98	-22.07	1.1781663263898476
-26.94	-23.27	1.1521659694857025
-26.89	-24.44	1.0877665486852521
-26.8	-25.59	1.0628724089610442
-26.65	-26.65	1.0276883957018015
-25.43	-27.86	1.0441582114420775
-25.59	-26.8	1.036218254413546
-25.67	-25.67	1.0736043129421047
-25.72	-24.5	1.1140427387970062
-25.76	-23.31	1.1839025990806338
-25.78	-22.1	1.2488537136852091
-25.81	-20.89	1.3102826261194833
-25.84	-19.68	1.2835910509974058
-25.85	-18.47	1.260077770582666
-25.86	-17.24	1.2387352937599942
-25.85	-16.01	1.1530216358682264
-25.85	-14.77	1.1116725674715502
-25.85	-13.54	1.1080877032515009
-25.85	-12.31	1.1305244451597884
-25.85	-11.08	1.133815280773776
-25.85	-9.85	1.1274236361161716
-25.86	-8.62	1.1138644417457986
-25.86	-7.39	1.106940779375999
-25.87	-6.16	1.1298666978999607
-25.87	-4.93	1.129071940001519
-25.87	-3.7	1.126761474861432
-25.87	-2.46	1.127629130088521
-25.87	-1.23	1.1768574719898268
-25.87	0.0	1.180219714767584
-25.87	1.23	1.1798179030457865
-25.87	2.46	1.1790640769967133
-25.87	3.7	1.1634196636620349
-25.87	4.93	1.15033442280449
-25.87	6.16	1.1472539861467457
-25.86	7.39	1.1389689949257331
-25.86	8.62	1.12020899189615
-25.85	9.85	1.1167977121157762
-25.85	11.08	1.1074224118845137
-25.85	12.31	1.0720964482419628
-25.85	13.54	1.0664867764717467
-25.85	14.77	1.0531407333097444
-25.85	16.01	1.1041960180818853
-25.86	17.24	1.1045651916053405
-25.85	18.47	1.0941856411334525
-25.84	19.68	1.1995814785371461
-25.81	20.89	1.260950297550611
-25.78	22.1	1.3919909165785382
-25.76	23.31	1.4888401533814406
-25.72	24.5	1.4018119864021559
-25.67	25.67	1.3951306526348182
-25.59	26.8	1.1255703071781014
-25.43	27.86	1.4165233039446097
-24.2	29.04	1.5502406091790029
-24.36	28.01	1.12325264066273
-24.44	26.89	1.380674759039941
-24.5	25.72	1.4101644943385203
-24.53	24.53	1.501570432629129
-24.56	23.33	1.3877070787813803
-24.59	22.13	1.25618318462986
-24.61	20.92	1.2035854482209718
-24.62	19.7	1.084569104094058
-24.63	18.47	1.1171229698420957
-24.62	17.23	1.065932927162888
-24.62	16.0	1.074053917729799
-24.62	14.77	1.0765446818486888
-24.62	13.54	1.1033563482847324
-24.63	12.31	1.1098575294258328
-24.63	11.08	1.1340113186389056
-24.63	9.85	1.160679509491369
-24.64	8.62	1.1767900251324805
-24.64	7.39	1.2735156007949584
-24.64	6.16	1.3361511860734163
-24.64	4.93	1.4618170072297065
-24.64	3.7	1.3842491675081074
-24.64	2.46	1.290485611056308
-24.64	1.23	1.2085919429425998
-24.64	-0.0	1.1264841720346155
-24.64	-1.23	1.1020915026122946
-24.64	-2.46	1.0714797124185562
-24.64	-3.7	1.0726159414397172
-24.64	-4.93	1.0877127462757477
-24.64	-6.16	1.0925627628224435
-24.64	-7.39	1.1252316617748903
-24.64	-8.62	1.1520619970337016
-24.63	-9.85	1.1138297569093165
-24.63	-11.08	1.0939274932688843
-24.63	-12.31	1.089433077171817
-24.62	-13.54	1.114631448776679
-24.62	-14.77	1.1087632562738463
-24.62	-16.0	1.1051235501102141
-24.62	-17.23	1.1209820408879443
-24.63	-18.47	1.1863991999025627
-24.62	-19.7	1.265927687376247
-24.61	-20.92	1.2947070886421965
-24.59	-22.13	1.3145132843441951
-24.56	-23.33	1.2803643619939065
-24.53	-24.53	1.1298205796199268
-24.5	-25.72	1.1111840419074337
-24.44	-26.89	1.0476585967067154
-24.36	-28.01	1.0040696717509023
-24.2	-29.04	1.0934190836722566
-22.94	-30.18	1.2690342700853297
-23.12	-29.2	0.994266726766103
-23.21	-28.1	1.0281651018461773
-23.27	-26.94	1.09112736149629
-23.31	-25.76	1.1062213850232103
-23.33	-24.56	1.2533863198466841
-23.36	-23.36	1.3380402763291492
-23.38	-22.15	1.3272124985937053
-23.39	-20.93	1.2557122464869064
-23.39	-19.7	1.1620660091268569
-23.39	-18.46	1.090310947585892
-23.38	-17.23	1.1019903046145343
-23.39	-16.0	1.1109608007263034
-23.39	-14.77	1.0877700543727826
-23.4	-13.55	1.0823570162931375
-23.4	-12.32	1.0980009165271447
-23.41	-11.09	1.0903758965219996
-23.41	-9.86	1.0608930979273437
-23.41	-8.62	1.0489948039119943
-23.41	-7.39	1.0518290860636847
-23.41	-6.16	1.0475640291918022
-23.41	-4.93	1.043665876728844
-23.41	-3.7	1.0340042193538865
-23.41	-2.46	1.045974323763498
-23.41	-1.23	1.0540241551773635
-23.41	0.0	1.0480803429385173
-23.41	1.23	1.0463324411308346
-23.41	2.46	1.075032303446223
-23.41	3.7	1.0638004696676635
-23.41	4.93	1.1014145513483573
-23.41	6.16	1.1968127574071268
-23.41	7.39	1.3694564709975925
-23.41	8.62	1.4457662976139272
-23.41	9.86	1.357285285374461
-23.41	11.09	1.187228240474698
-23.4	12.32	1.1605583726901987
-23.4	13.55	1.1240121770096492
-23.39	14.77	1.098142053641813
-23.39	16.0	1.062271955410182
-23.38	17.23	1.073364519214567
-23.39	18.46	1.0649760611660186
-23.39	19.7	1.131185145943859
-23.39	20.93	1.081531606884914
-23.38	22.15	1.1979904194805746
-23.36	23.36	1.2657066306750444
-23.33	24.56	1.4120892455783611
-23.31	25.76	1.4507972028915432
-23.27	26.94	1.4216674053089378
-23.21	28.1	1.2973444857012062
-23.12	29.2	1.1292447580525984
-22.94	30.18	1.80459460594024
-21.63	31.24	2.4059052315687115
-21.87	30.38	1.2141964390971012
-21.97	29.3	1.156289113221546
-22.04	28.16	1.3000642150856292
-22.07	26.98	1.3564187365138647
-22.1	25.78	1.4649237396015842
-22.13	24.59	1.29337920336466
-22.15	23.38	1.215463797882494
-22.16	22.16	1.0771154990733915
-22.16	20.93	1.1546781303013898
-22.16	19.69	1.0665058149542794
-22.15	18.46	1.0705280289247998
-22.16	17.23	1.0601684081571205
-22.16	16.01	1.0952843104354324
-22.17	14.78	1.1118074068596933
-22.17	13.55	1.1481752335288125
-22.18	12.32	1.2255334450235136
-22.18	11.09	1.2760208051466329
-22.18	9.86	1.1717962871531498
-22.18	8.62	1.1042909602215616
-22.18	7.39	1.0928276209655872
-22.18	6.16	1.0855306619186145
-22.18	4.93	1.0828817337276124
-22.19	3.7	1.0863731326647201
-22.19	2.47	1.0938549035896319
-22.19	1.23	1.1077577915892833
-22.19	-0.0	1.1003800562546484
-22.19	-1.23	1.0851086732950321
-22.19	-2.47	1.0869645258952234
-22.19	-3.7	1.1010578373556577
-22.18	-4.93	1.0842065699772387
-22.18	-6.16	1.0465744275385305
-22.18	-7.39	1.0432556557422226
-22.18	-8.62	1.0427950523891862
-22.18	-9.86	1.0409743311895783
-22.18	-11.09	1.0539552316979597
-22.18	-12.32	1.054267926070036
-22.17	-13.55	1.1440266640448558
-22.17	-14.78	1.0820685136474149
-22.16	-16.01	1.0729395788346956
-22.16	-17.23	1.0786277040158296
-22.15	-18.46	1.0996133061696582
-22.16	-19.69	1.0926495405244108
-22.16	-20.93	1.1291299601647378
-22.16	-22.16	1.2556054718053913
-22.15	-23.38	1.3407005708787203
-22.13	-24.59	1.318835484406904
-22.1	-25.78	1.2461206517007533
-22.07	-26.98	1.0939904359216266
-22.04	-28.16	1.041753107568491
-21.97	-29.3	1.0109132997272186
-21.87	-30.38	0.9909915278837191
-21.63	-31.24	2.059439590412879
-20.61	-31.52	1.0411573204132507
-20.73	-30.49	0.9827331335078693
-20.8	-29.36	1.028332718293746
-20.84	-28.2	1.0876728977958852
-20.87	-27.01	1.2290954773079399
-20.89	-25.81	1.3249599468389883
-20.92	-24.61	1.3173245488439402
-20.93	-23.39	1.2491679496618069
-20.93	-22.16	1.114056698499395
-20.92	-20.92	1.0900617570760716
-20.92	-19.69	1.101577274569312
-20.93	-18.47	1.063076311027186
-20.93	-17.24	1.0559857058317128
-20.94	-16.01	1.116615132344755
-20.94	-14.78	1.057014939614814
-20.94	-13.55	1.0334249767338637
-20.94	-12.32	1.033360101422426
-20.95	-11.09	1.0208042576747758
-20.95	-9.86	1.0672224855712926
-20.95	-8.63	1.0894264448789057
-20.95	-7.4	1.0619242400618223
-20.96	-6.16	1.083882938127946
-20.96	-4.93	1.0819676921047785
-20.96	-3.7	1.0673285279782778
-20.96	-2.47	1.0690275799186306
-20.96	-1.23	1.069797565845965
-20.96	0.0	1.0773552532709
-20.96	1.23	1.0874397725528677
-20.96	2.47	1.089714168480663
-20.96	3.7	1.0887117213573134
-20.96	4.93	1.1074420096138882
-20.96	6.16	1.1288007606807868
-20.95	7.4	1.103978075011054
-20.95	8.63	1.1059368081187877
-20.95	9.86	1.0900812506843716
-20.95	11.09	1.1175764482785757
-20.94	12.32	1.1517707044980527
-20.94	13.55	1.1864953913306886
-20.94	14.78	1.1295959631658734
-20.94	16.01	1.1465589250807522
-20.93	17.24	1.1036951459290982
-20.93	18.47	1.083118454951073
-20.92	19.69	1.068970132167352
-20.92	20.92	1.0541928208573381
-20.93	22.16	1.130821496990972
-20.93	23.39	1.0659147437356742
-20.92	24.61	1.2388177217389984
-20.89	25.81	1.3466060425720494
-20.87	27.01	1.4755916088611798
-20.84	28.2	1.239598436472451
-20.8	29.36	1.337531058910768
-20.73	30.49	1.1165196997501354
-20.61	31.52	1.3877107741621408
-19.32	32.6	1.9233464367472486
-19.48	31.66	1.1612748324797062
-19.56	30.56	1.3719500854730784
-19.61	29.41	1.339722376142709
-19.63	28.22	1.512582401852793
-19.66	27.03	1.4028599249284666
-19.68	25.84	1.2732289662906169
-19.7	24.62	1.1032327573007716
-19.7	23.39	1.1252775300474127
-19.69	22.16	1.0670513974241738
-19.69	20.92	1.0683601220186567
-19.7	19.7	1.0862950328040322
-19.7	18.47	1.121222012155167
-19.71	17.25	1.1424086565161673
-19.71	16.02	1.1542685758050428
-19.71	14.78	1.1729368220398708
-19.71	13.55	1.1346437154854572
-19.72	12.32	1.1270540716533795
-19.72	11.09	1.1359226540817033
-19.72	9.86	1.1313497109990776
-19.72	8.63	1.151972956798887
-19.73	7.4	1.124448289316705
-19.73	6.16	1.1272476087288377
-19.73	4.93	1.090386523606421
-19.73	3.7	1.0964392828138738
-19.73	2.47	1.076183613271108
-19.73	1.23	1.0730045522646412
-19.73	-0.0	1.0663149287513392
-19.73	-1.23	1.0607365931636465
-19.73	-2.47	1.0607296575445968
-19.73	-3.7	1.0614733460123595
-19.73	-4.93	1.0433575760366
-19.73	-6.16	1.0495889445554187
-19.73	-7.4	1.0402113443919792
-19.72	-8.63	1.0509454653483115
-19.72	-9.86	1.0390751416289854
-19.72	-11.09	1.0495933158363293
-19.72	-12.32	1.0432912129054301
-19.71	-13.55	1.0243004362902628
-19.71	-14.78	1.0228401962470004
-19.71	-16.02	1.0286528428191977
-19.71	-17.25	1.1150832079213613
-19.7	-18.47	1.0567814015873171
-19.7	-19.7	1.0635489551048627
-19.69	-20.92	1.0854865559435982
-19.69	-22.16	1.0732026020725014
-19.7	-23.39	1.117059320206046
-19.7	-24.62	1.267420192062234
-19.68	-25.84	1.3242049017957953
-19.66	-27.03	1.3404908055108535
-19.63	-28.22	1.1603866716273172
-19.61	-29.41	1.074703150239955
-19.56	-30.56	0.9408651586383776
-19.48	-31.66	0.9755130701726138
-19.32	-32.6	1.7221717710055557
-18.21	-32.78	1.096286346682474
-18.31	-31.74	0.9808931610295684
-18.37	-30.61	1.0172488250445415
-18.4	-29.44	1.08290423758696
-18.42	-28.25	1.3162993879778213
-18.45	-27.06	1.336262705111416
-18.47	-25.85	1.2636267921533415
-18.47	-24.63	1.1270114463548397
-18.46	-23.39	1.0691547516887914
-18.46	-22.15	1.0670380454571715
-18.47	-20.93	1.0668381905207491
-18.47	-19.7	1.0471735397192479
-18.48	-18.48	1.0597210579776881
-18.48	-17.25	1.043205623550013
-18.48	-16.02	1.025645512115151
-18.48	-14.79	1.0302890115405638
-18.49	-13.56	1.041480793500634
-18.49	-12.33	1.0364141321274793
-18.49	-11.1	1.037058810398661
-18.49	-9.86	1.0225297241064908
-18.49	-8.63	1.0248007139476458
-18.49	-7.4	1.0381996589683942
-18.49	-6.16	1.0498536002347656
-18.5	-4.93	1.072460861384883
-18.5	-3.7	1.097830171747308
-18.5	-2.47	1.0851317983745998
-18.5	-1.23	1.0667745828166497
-18.5	0.0	1.0903513093995088
-18.5	1.23	1.1344548552510663
-18.5	2.47	1.1184485726557591
-18.5	3.7	1.1355882984555556
-18.5	4.93	1.1448743130101597
-18.49	6.16	1.1308684364612729
-18.49	7.4	1.1183613436300233
-18.49	8.63	1.1280201714371731
-18.49	9.86	1.136566082958308
-18.49	11.1	1.1743051923340033
-18.49	12.33	1.1342967213095374
-18.49	13.56	1.124392957988066
-18.48	14.79	1.1550513990355586
-18.48	16.02	1.1800741755974098
-18.48	17.25	1.1587046724548022
-18.48	18.48	1.1329835419272776
-18.47	19.7	1.121725205877972
-18.47	20.93	1.0833768947652516
-18.46	22.15	1.0621441004817642
-18.46	23.39	1.0432995565341585
-18.47	24.63	1.1140883589392567
-18.47	25.85	1.1417087450603507
-18.45	27.06	1.2861326336758871
-18.42	28.25	1.4461603730437265
-18.4	29.44	1.3845283429169033
-18.37	30.61	1.3980405507938611
-18.31	31.74	1.1668312138280745
-18.21	32.78	1.2846954277535092
-16.92	33.85	1.7639674864146047
-17.06	32.9	1.0974734998621463
-17.12	31.8	1.388103952834764
-17.16	30.65	1.272391780814818
-17.19	29.46	1.4976284969279332
-17.21	28.27	1.3356069757091404
-17.23	27.08	1.2621435715944376
-17.24	25.86	1.0900212179577808
-17.23	24.62	1.0798181267048044
-17.23	23.38	1.049720912831587
-17.23	22.16	1.0770747094745232
-17.24	20.93	1.1245606555206944
-17.25	19.71	1.1462342049459355
-17.25	18.48	1.1550989354225605
-17.25	17.25	1.1789941942885651
-17.25	16.02	1.174021776902583
-17.25	14.79	1.1295819665290043
-17.26	13.56	1.1619647102227582
-17.26	12.33	1.1727425060627858
-17.26	11.1	1.1560160955795133
-17.26	9.86	1.1557499898933923
-17.26	8.63	1.1329848393239157
-17.26	7.4	1.1106360051766835
-17.26	6.17	1.1225443274782645
-17.26	4.93	1.1108187426487888
-17.27	3.7	1.1108217214177625
-17.27	2.47	1.1067396205735802
-17.27	1.23	1.1030692051627025
-17.27	-0.0	1.0884897091969368
-17.27	-1.23	1.0671898862187383
-17.27	-2.47	1.08966467865479
-17.27	-3.7	1.0985241528058145
-17.26	-4.93	1.064885868473457
-17.26	-6.17	1.0909375356041098
-17.26	-7.4	1.0436015719512781
-17.26	-8.63	1.0394790340877877
-17.26	-9.86	1.0289849536532012
-17.26	-11.1	1.024565543959107
-17.26	-12.33	1.037951398019766
-17.26	-13.56	1.0322482089495448
-17.25	-14.79	1.033857117338714
-17.25	-16.02	1.0244781154769855
-17.25	-17.25	1.0239583539441055
-17.25	-18.48	1.0430201442144522
-17.25	-19.71	1.0245691792821212
-17.24	-20.93	1.0646385472426045
-17.23	-22.16	1.0413226951457748
-17.23	-23.38	1.0701030659793842
-17.23	-24.62	1.0621863935991378
-17.24	-25.86	1.1637683398945065
-17.23	-27.08	1.3028312667285915
-17.21	-28.27	1.3501210651668458
-17.19	-29.46	1.2535103813784199
-17.16	-30.65	1.0305865566427999
-17.12	-31.8	0.9405262595698494
-17.06	-32.9	1.0056898802715502
-16.92	-33.85	1.9242825088627598
-15.79	-34.0	1.1583396821410394
-15.87	-32.97	0.9757178014734826
-15.92	-31.84	1.0049177169714474
-15.95	-30.67	1.1021298633336487
-15.97	-29.48	1.3491006369861402
-15.99	-28.3	1.3422114503127647
-16.01	-27.09	1.208956936640515
-16.01	-25.85	1.0840441325718864
-16.0	-24.62	1.0565504917308788
-16.0	-23.39	1.0329507148099504
-16.01	-22.16	1.0214422627229354
-16.01	-20.94	1.0604855261999093
-16.02	-19.71	1.022765729480346
-16.02	-18.48	1.0076684474107145
-16.02	-17.25	1.014560977838518
-16.02	-16.02	1.0235241438213682
-16.03	-14.79	1.0183164697677416
-16.03	-13.56	1.0251285060211677
-16.03	-12.33	1.0370060642512247
-16.03	-11.1	1.0453888432546101
-16.03	-9.86	1.0505228678764311
-16.03	-8.63	1.0678114718514697
-16.03	-7.4	1.077268752450724
-16.03	-6.17	1.083428698371094
-16.04	-4.93	1.0701510116853052
-16.04	-3.7	1.0898598213825696
-16.04	-2.47	1.0812324790273582
-16.04	-1.23	1.112849315908119
-16.04	0.0	1.1140214614629187
-16.04	1.23	1.1237119310510204
-16.04	2.47	1.1339460420207237
-16.04	3.7	1.1297555714131535
-16.04	4.93	1.1366402449102377
-16.03	6.17	1.1430737255896464
-16.03	7.4	1.1646597979062783
-16.03	8.63	1.1465010702689193
-16.03	9.86	1.1458500803345988
-16.03	11.1	1.1685463378319492
-16.03	12.33	1.1559897720874464
-16.03	13.56	1.1603562136813226
-16.03	14.79	1.1858847754735304
-16.02	16.02	1.151940792818463
-16.02	17.25	1.1370805094424696
-16.02	18.48	1.2128711014950175
-16.02	19.71	1.1769108792249794
-16.01	20.94	1.1509354296829173
-16.01	22.16	1.0936344128994149
-16.0	23.39	1.0740169815860012
-16.0	24.62	1.045971183178974
-16.01	25.85	1.0866347479955651
-16.01	27.09	1.0980430409260045
-15.99	28.3	1.2644884863006123
-15.97	29.48	1.394829880400441
-15.95	30.67	1.523746502230309
-15.92	31.84	1.3889795744546145
-15.87	32.97	1.1566190935001543
-15.79	34.0	1.264489873645668
-14.49	35.02	2.155192297355617
-14.62	34.1	1.1116427172773928
-14.67	33.02	1.3652372568009081
-14.71	31.87	1.3236836848594358
-14.73	30.69	1.4893217511337253
-14.75	29.51	1.3231016783526321
-14.77	28.31	1.2033791871507127
-14.78	27.09	1.0846785122115836
-14.77	25.85	1.0497716844850569
-14.77	24.62	1.0548397344048501
-14.77	23.39	1.0890018245438968
-14.78	22.17	1.1390406717537722
-14.78	20.94	1.1666891303978613
-14.78	19.71	1.201946140299781
-14.79	18.48	1.161260633911331
-14.79	17.25	1.1645414379112138
-14.79	16.03	1.182101467946274
-14.79	14.79	1.1769292381209304
-14.8	13.56	1.1672577008104792
-14.8	12.33	1.1764236511996522
-14.8	11.1	1.1468083312804724
-14.8	9.87	1.1334536938327586
-14.8	8.63	1.1361641905482465
-14.8	7.4	1.1335621636188273
-14.8	6.17	1.1241760121773225
-14.8	4.93	1.1318068730586077
-14.8	3.7	1.1173085649120482
-14.8	2.47	1.1209983751466712
-14.8	1.23	1.0967738419919124
-14.8	-0.0	1.1015224903666585
-14.8	-1.23	1.0882819513401536
-14.8	-2.47	1.0895756900249847
-14.8	-3.7	1.0760726205397848
-14.8	-4.93	1.0804667229443998
-14.8	-6.17	1.071144164727384
-14.8	-7.4	1.047018633673435
-14.8	-8.63	1.0518276711144416
-14.8	-9.87	1.052478455890519
-14.8	-11.1	1.0310958692064194
-14.8	-12.33	1.06793973300244
-14.8	-13.56	1.0226248499627903
-14.79	-14.79	1.0048710351069987
-14.79	-16.03	1.0216379314517834
-14.79	-17.25	1.0152022054334342
-14.79	-18.48	1.0206584253684392
-14.78	-19.71	1.0070637455054046
-14.78	-20.94	1.016552467194555
-14.78	-22.17	1.1050323071262635
-14.77	-23.39	1.0236752081911051
-14.77	-24.62	1.0549921586438726
-14.77	-25.85	1.0657121000697138
-14.78	-27.09	1.0986303296309803
-14.77	-28.31	1.2777092799451335
-14.75	-29.51	1.3650225438417065
-14.73	-30.69	1.2361719429837912
-14.71	-31.87	1.0293297122235225
-14.67	-33.02	0.9485468034099345
-14.62	-34.1	1.048972277129895
-14.49	-35.02	2.5
-13.34	-35.17	1.590536806661773
-13.42	-34.17	0.999637291837578
-13.47	-33.06	1.0222525069716424
-13.49	-31.9	1.0909149647221836
-13.51	-30.71	1.3402759114942562
-13.53	-29.53	1.3474270318840285
-13.54	-28.32	1.1801027117373675
-13.54	-27.08	1.0568758271706136
-13.54	-25.85	1.0457711508732412
-13.54	-24.62	1.0265470329438608
-13.55	-23.4	1.0533861682245327
-13.55	-22.17	1.0391261140482015
-13.55	-20.94	1.012479268931319
-13.55	-19.71	1.0005472362202923
-13.56	-18.49	1.0111087111378634
-13.56	-17.26	1.0074308096874827
-13.56	-16.03	1.008626706143331
-13.56	-14.8	1.0356873164601303
-13.56	-13.56	1.0430801980751472
-13.56	-12.33	1.0384514317577551
-13.57	-11.1	1.0474695543926638
-13.57	-9.87	1.0427771950612623
-13.57	-8.64	1.055510668914101
-13.57	-7.4	1.0615133710041942
-13.57	-6.17	1.0528395183897663
-13.57	-4.93	1.0587568490228483
-13.57	-3.7	1.072157458889417
-13.57	-2.47	1.0821797016853276
-13.57	-1.23	1.0783021322539499
-13.57	0.0	1.0723047217700419
-13.57	1.23	1.0902653724925901
-13.57	2.47	1.0992844595032594
-13.57	3.7	1.1147641689296055
-13.57	4.93	1.1000993764876101
-13.57	6.17	1.1128105883964166
-13.57	7.4	1.1233440278589537
-13.57	8.64	1.1189903219195934
-13.57	9.87	1.1327511232214835
-13.57	11.1	1.142257115443151
-13.56	12.33	1.1680094604579931
-13.56	13.56	1.1879782158080445
-13.56	14.8	1.1756188263553646
-13.56	16.03	1.2073828668152453
-13.56	17.26	1.200255290681521
-13.56	18.49	1.1612157005264425
-13.55	19.71	1.1665245118296372
-13.55	20.94	1.2029266226808568
-13.55	22.17	1.1574610924305553
-13.55	23.4	1.1263390669335314
-13.54	24.62	1.0897647611082224
-13.54	25.85	1.0565500499773837
-13.54	27.08	1.0913347518629726
-13.54	28.32	1.095112372077983
-13.53	29.53	1.279096219635778
-13.51	30.71	1.4401076709174765
-13.49	31.9	1.5144870260571182
-13.47	33.06	1.4206825949635027
-13.42	34.17	1.1027393045538396
-13.34	35.17	1.4620339508554592
-12.02	36.05	2.265721239525785
-12.16	35.27	1.1998792305141865
-12.22	34.22	1.2431227530133206
-12.25	33.09	1.4287347107677473
-12.27	31.91	1.5531688676025643
-12.29	30.73	1.3611124759165358
-12.31	29.54	1.1973084144023733
-12.31	28.32	1.0935896583602105
-12.31	27.08	1.0693048633357876
-12.31	25.85	1.0551210216695708
-12.31	24.63	1.0843570025832072
-12.32	23.4	1.1499200868205044
-12.32	22.18	1.166248526208089
-12.32	20.94	1.1807492761701974
-12.32	19.72	1.1815608491777247
-12.33	18.49	1.1772261084948612
-12.33	17.26	1.2257118601759354
-12.33	16.03	1.198158790194558
-12.33	14.8	1.1792690400669903
-12.33	13.56	1.1729359003822957
-12.33	12.33	1.173480947662239
-12.34	11.1	1.1549862500097525
-12.34	9.87	1.1422462928350026
-12.34	8.64	1.1283866569905818
-12.34	7.4	1.1226417556413404
-12.34	6.17	1.1263212184333673
-12.34	4.93	1.1303411671864367
-12.34	3.7	1.1212335580695898
-12.34	2.47	1.1162271864557276
-12.34	1.23	1.1037439461762633
-12.34	-0.0	1.1100557595761984
-12.34	-1.23	1.1031409559521528
-12.34	-2.47	1.1106137468293218
-12.34	-3.7	1.111995574481166
-12.34	-4.93	1.0981182335697834
-12.34	-6.17	1.0901201726223313
-12.34	-7.4	1.0836235126283729
-12.34	-8.64	1.0561373593225651
-12.34	-9.87	1.053032112380512
-12.34	-11.1	1.0597231428996468
-12.33	-12.33	1.0599235306860262
-12.33	-13.56	1.04965176800785
-12.33	-14.8	1.0617423564440287
-12.33	-16.03	1.0457278761553832
-12.33	-17.26	1.0315051832108253
-12.33	-18.49	1.0190385145004477
-12.32	-19.72	1.0059012694413205
-12.32	20.94	1.10333604057839
-12.32	22.18	1.161267944942007
-12.32	23.4	1.1589608925067285
-12.31	24.63	1.0832055809817929
-12.31	25.85	1.0594292090115847
-12.31	27.08	1.0461349910687936
-12.31	28.32	1.079588523423892
-12.31	29.54	1.2063960451550528
-12.29	30.73	1.3680140253384243
-12.27	31.91	1.5637345500415893
-12.25	33.09	1.4330682226060434
-12.22	34.22	1.2593659250239302
-12.16	35.27	1.2389961449652915
-12.02	36.05	2.327863180397342
-10.88	36.26	1.9882073341908324
-10.97	35.34	1.116532217834079
-11.01	34.26	1.3779459398307843
-11.04	33.11	1.3704730537918905
-11.05	31.93	1.5154054321796586
-11.07	30.75	1.2733435758966758
-11.08	29.55	1.1351009521329836
-11.08	28.32	1.0724728332276081
-11.08	27.08	1.0484411683733983
-11.08	25.85	1.0711863163838684
-11.08	24.63	1.107416498862868
-11.09	23.41	1.164341886015455
-11.09	22.18	1.1601448941761925
-11.09	20.95	1.173566321569366
-11.09	19.72	1.190151070761317
-11.1	18.49	1.2250257839220735
-11.1	17.26	1.2172738068940259
-11.1	16.03	1.2334245870311369
-11.1	14.8	1.2014955281971655
-11.1	13.57	1.2102391169742273
-11.1	12.34	1.1593290365205622
-11.1	11.1	1.1696534720611362
-11.1	9.87	1.149632869716621
-11.1	8.64	1.1377903379517305
-11.1	7.4	1.129741792655004
-11.1	6.17	1.1241018676122918
-11.1	4.94	1.1044820782673428
-11.11	3.7	1.107363684923019
-11.11	2.47	1.0956394591306111
-11.11	1.23	1.0940119886540867
-11.11	-0.0	1.0888783874816284
-11.11	-1.23	1.0756898580976424
-11.11	-2.47	1.0798381568157893
-11.11	-3.7	1.084121191080568
-11.1	-4.94	1.0726938434025568
-11.1	-6.17	1.0713361790512463
-11.1	-7.4	1.0664579884238412
-11.1	-8.64	1.0682882752307137
-11.1	-9.87	1.058433524726273
-11.1	-11.1	1.0604460076677427
-11.1	-12.34	1.0455731444321863
-11.1	-13.57	1.0249754164063614
-11.1	-14.8	1.0386376220256395
-11.1	-16.03	1.0223588570039022
-11.1	-17.26	1.0304986559554852
-11.1	-18.49	1.0216593475797717
-11.09	-19.72	0.9974427990218384
-11.09	-20.95	0.9982205799637551
-11.09	-22.18	0.9870958319700271
-11.09	-23.41	1.0282124189473247
-11.08	-24.63	1.0600099592934864
-11.08	-25.85	1.037163179809058
-11.08	-27.08	1.0509752675105952
-11.08	-28.32	1.0576064500762739
-11.08	-29.55	1.1842581507889776
-11.07	-30.75	1.3689118431453249
-11.05	-31.93	1.305823689700759
-11.04	-33.11	1.0834168216966074
-11.01	-34.26	0.9637323767120431
-10.97	-35.34	1.0673109418693505
-10.88	-36.26	2.5
-9.7	-36.37	2.3640328588016777
-9.76	-35.39	1.000905776468973
-9.8	-34.29	1.0274335877421947
-9.82	-33.13	1.1346116703949516
-9.83	-31.95	1.3087243856845596
-9.84	-30.76	1.2983300309948929
-9.85	-29.55	1.089260658725026
-9.85	-28.31	1.0622603787047593
-9.85	-27.08	1.0260864818791209
-9.85	-25.85	1.0275378721951833
-9.85	-24.63	1.0971551436804035
-9.86	-23.41	1.0073002346761761
-9.86	-22.18	0.9948371965559737
-9.86	-20.95	1.0082363636633707
-9.86	-19.72	1.025264754608333
-9.86	-18.49	1.0262611553257939
-9.86	-17.26	1.0157165540395843
-9.86	-16.03	1.043138028596065
-9.87	-14.8	1.0378007267403708
-9.87	-13.57	1.0366926060239585
-9.87	-12.34	1.0525598918766663
-9.87	-11.1	1.0642335841461072
-9.87	-9.87	1.0483803073134625
-9.87	-8.64	1.05200204061663
-9.87	-7.4	1.0524770011585307
-9.87	-6.17	1.0636575529154086
-9.87	-4.94	1.067552479312745
-9.88	-3.7	1.0775809750080265
-9.88	-2.47	1.092783608736764
-9.88	-1.23	1.0857379012029948
-9.88	0.0	1.0756163975116095
-9.88	1.23	1.071607928295542
-9.88	2.47	1.0971105556422867
-9.88	3.7	1.114449811804679
-9.87	4.94	1.1078135401790927
-9.87	6.17	1.101644826312639
-9.87	7.4	1.1151702266837464
-9.87	8.64	1.1281687549281338
-9.87	9.87	1.1684885968655294
-9.87	11.1	1.166469363596141
-9.87	12.34	1.1774346308237584
-9.87	13.57	1.2008948515614302
-9.87	14.8	1.1909973128410298
-9.86	16.03	1.192771549285271
-9.86	17.26	1.2286055007265855
-9.86	18.49	1.2417451091412453
-9.86	19.72	1.186621606687412
-9.86	20.95	1.1904311358024264
-9.86	22.18	1.17289924100072
-9.86	23.41	1.1608351321141273
-9.85	24.63	1.1512274706795678
-9.85	25.85	1.0689602951779715
-9.85	27.08	1.0359168566391395
-9.85	28.31	1.057867199206667
-9.85	29.55	1.0568544729914597
-9.84	30.76	1.2387551201032032
-9.83	31.95	1.40718225509967
-9.82	33.13	1.5375008515935633
-9.8	34.29	1.3906364219504468
-9.76	35.39	1.0914865225079682
-9.7	36.37	1.5668385837120855
-8.51	36.45	1.3254560588581992
-8.55	35.43	1.1668082790013958
-8.58	34.31	1.4527764549463997
-8.59	33.14	1.5141013392697111
-8.6	31.96	1.3295554503077165
-8.62	30.77	1.173853069124772
-8.62	29.55	1.0503405836560784
-8.62	28.31	1.0524235948897074
-8.62	27.08	1.0436889490697352
-8.62	25.86	1.0879340629811383
-8.62	24.64	1.1803668181041154
-8.62	23.41	1.1692943656925312
-8.62	22.18	1.1755647326651628
-8.63	20.95	1.1889857098357384
-8.63	19.72	1.1998774037047921
-8.63	18.49	1.201769976305128
-8.63	17.26	1.2037610977293367
-8.63	16.03	1.201869629530277
-8.63	14.8	1.1828524892541514
-8.64	13.57	1.1833487652751051
-8.64	12.34	1.1952095525557151
-8.64	11.1	1.180880888947744
-8.64	9.87	1.149324207009652
-8.64	8.64	1.1302038677623667
-8.64	7.4	1.1225492144172993
-8.64	6.17	1.1055862691962943
-8.64	4.94	1.0971187786069736
-8.64	3.7	1.084829615619359
-8.64	2.47	1.0885296844488597
-8.64	1.23	1.058317490803704
-8.64	-0.0	1.0858081623848284
-8.64	-1.23	1.08082106024764
-8.64	-2.47	1.0879427729739497
-8.64	-3.7	1.0976014037037487
-8.64	-4.94	1.0667916417640777
-8.64	-6.17	1.0676961317525464
-8.64	-7.4	1.066492803562971
-8.64	-8.64	1.047092766464921
-8.64	-9.87	1.0632366617266378
-8.64	-11.1	1.0384898418266166
-8.64	-12.34	1.0587960183767713
-8.64	-13.57	1.0529997971943121
-8.63	-14.8	1.050840244978093
-8.63	-16.03	1.0414680539032553
-8.63	-17.26	1.0302361148575434
-8.63	-18.49	1.0143744863082569
-8.63	-19.72	1.001808810982192
-8.63	-20.95	0.9946471663795489
-8.62	-22.18	0.9935459055497713
-8.62	-23.41	1.0010954507222314
-8.62	-24.64	1.0234972319350435
-8.62	-25.86	1.0196078654116212
-8.62	-27.08	1.019967000694205
-8.62	-28.31	1.0533449130061614
-8.62	-29.55	1.0700412152166008
-8.62	-30.77	1.2545557055057621
-8.6	-31.96	1.368307343335367
-8.59	-33.14	1.233968154268366
-8.58	-34.31	1.081949662881839
-8.55	-35.43	0.9651925233802414
-8.51	-36.45	1.4211045273404235
-7.22	-37.3	2.5
-7.3	-36.51	1.220427184569398
-7.34	-35.46	0.9103724406043376
-7.36	-34.33	1.0939258102833538
-7.37	-33.15	1.2887324257824702
-7.38	-31.97	1.3412740171284483
-7.39	-30.78	1.184189550573695
-7.39	-29.55	1.0646295991475752
-7.38	-28.31	1.0400018599133398
-7.39	-27.08	0.9978193281237324
-7.39	-25.86	1.0561121660082584
-7.39	-24.64	0.9902293190787947
-7.39	-23.41	1.00449835483401
-7.39	-22.18	0.9978419591705245
-7.4	-20.95	1.0116743417009229
-7.4	-19.73	1.007818493034394
-7.4	-18.49	1.0247919799893097
-7.4	-17.26	1.0394509397719611
-7.4	-16.03	1.0322328451299239
-7.4	-14.8	1.0438529436402701
-7.4	-13.57	1.0535842779728632
-7.4	-12.34	1.0374652409234608
-7.4	-11.1	1.0562553546657147
-7.4	-9.87	1.0507286102731381
-7.4	-8.64	1.0712452803359005
-7.41	-7.41	1.0865645156979227
-7.41	-6.17	1.0641803454967578
-7.41	-4.94	1.0673293469050638
-7.41	-3.7	1.0959673385347468
-7.41	-2.47	1.0860806120131326
-7.41	-1.23	1.0800039258143768
-7.41	0.0	1.0772025078272396
-7.41	1.23	1.0811411284254815
-7.41	2.47	1.0907052056286082
-7.41	3.7	1.091233893165839
-7.41	4.94	1.0978858859188847
-7.41	6.17	1.0937376466087088
-7.41	7.41	1.1145603978883436
-7.4	8.64	1.1259532841688733
-7.4	9.87	1.1273683596072868
-7.4	11.1	1.1685316163013262
-7.4	12.34	1.1649197206369148
-7.4	13.57	1.1683393443620957
-7.4	14.8	1.1869673318427107
-7.4	16.03	1.1902133391478786
-7.4	17.26	1.1987637300104925
-7.4	18.49	1.2326822354999214
-7.4	19.73	1.2370065278775062
-7.4	20.95	1.1957554079735253
-7.39	22.18	1.204179190924206
-7.39	23.41	1.1673916543554776
-7.39	24.64	1.1519411642642288
-7.39	25.86	1.104478518661944
-7.39	27.08	1.0385477941356713
-7.38	28.31	1.0372561779595255
-7.39	29.55	1.052865486279674
-7.39	30.78	1.1529139203383174
-7.38	31.97	1.2861718701587046
-7.37	33.15	1.4201623361222628
-7.36	34.33	1.3309225341376196
-7.34	35.46	1.2667959383300982
-7.3	36.51	1.186990303325386
-7.22	37.3	2.5
-6.04	37.42	2.2895636163061024
-6.09	36.55	1.1167125227072106
-6.12	35.48	1.306215170498941
-6.13	34.34	1.3365697139415023
-6.14	33.16	1.4110951352841736
-6.15	31.98	1.2638127937708354
-6.16	30.78	1.092442713225978
-6.16	29.55	1.044269999531724
-6.15	28.31	1.0367222896809647
-6.16	27.08	1.0600044469539665
-6.16	25.87	1.127991022515955
-6.16	24.64	1.1631126054505172
-6.16	23.41	1.1738379344802397
-6.16	22.18	1.1989235415410118
-6.16	20.96	1.1952171286126312
-6.16	19.73	1.2360233731560566
-6.16	18.49	1.2154174530211526
-6.17	17.26	1.21260618197873
-6.17	16.03	1.192094323226227
-6.17	14.8	1.1892417568010671
-6.17	13.57	1.1555011065347722
-6.17	12.34	1.1823111039963923
-6.17	11.1	1.1638321169518937
-6.17	9.87	1.1238089642003581
-6.17	8.64	1.1163306357322869
-6.17	7.41	1.12375404856712
-6.17	6.17	1.1012852184298847
-6.17	4.94	1.0922278727077313
-6.17	3.7	1.087208903639464
-6.17	2.47	1.087443708959432
-6.17	1.23	1.083869494329475
-6.17	-0.0	1.0845349725653648
-6.17	-1.23	1.075485739757526
-6.17	-2.47	1.109415324364667
-6.17	-3.7	1.082721865791867
-6.17	-4.94	1.0673880693125293
-6.17	-6.17	1.0676050956081973
-6.17	-7.41	1.0712050833707156
-6.17	-8.64	1.055381506419697
-6.17	-9.87	1.054181242589042
-6.17	-11.1	1.0574422917149917
-6.17	-12.34	1.044330181560059
-6.17	-13.57	1.0566008013584511
-6.17	-14.8	1.071618289547943
-6.17	-16.03	1.0432243313969645
-6.17	-17.26	1.0378746374316776
-6.16	-18.49	1.0109820338111977
-6.16	-19.73	1.0180516831567221
-6.16	-20.96	1.0007459544586599
-6.16	-22.18	1.003757676627277
-6.16	-23.41	0.9856811752058068
-6.16	-24.64	1.0028515102890525
-6.16	-25.87	1.0409048178098192
-6.16	-27.08	1.0205997708193788
-6.15	-28.31	1.0273325652404175
-6.16	-29.55	1.050251169144425
-6.16	-30.78	1.1135154221774286
-6.15	-31.98	1.3453782936597456
-6.14	-33.16	1.2826702056932282
-6.13	-34.34	1.0881216816877837
-6.12	-35.48	0.9622621200772388
-6.09	-36.55	1.1033273018978864
-6.04	-37.42	2.5
-4.84	-37.5	2.5
-4.88	-36.58	1.0133397210567292
-4.9	-35.49	1.0224131146844204
-4.91	-34.35	1.0885765398525606
-4.91	-33.17	1.2918665567968022
-4.92	-31.99	1.2916156280918658
-4.93	-30.78	1.1009879988799787
-4.92	-29.54	1.045299905698176
-4.92	-28.31	1.0289084459546016
-4.93	-27.09	1.0205287148428468
-4.93	-25.87	1.0415187779210981
-4.93	-24.64	0.9762909632767434
-4.93	-23.41	1.0038012825803735
-4.93	-22.18	1.0034907105452948
-4.93	-20.96	0.9961033283470861
-4.93	-19.73	1.0084052860101327
-4.93	-18.5	1.021508020569632
-4.93	-17.26	1.042577409378083
-4.93	-16.04	1.0504472968859737
-4.93	-14.8	1.04881995290837
-4.93	-13.57	1.0610499090399443
-4.93	-12.34	1.055593970051346
-4.94	-11.1	1.053056495326068
-4.94	-9.87	1.0425255993456881
-4.94	-8.64	1.0604830672641636
-4.94	-7.41	1.0633344344127735
-4.94	-6.17	1.0889324906643072
-4.94	-4.94	1.0793136454049677
-4.94	-3.7	1.0994614889124676
-4.94	-2.47	1.1044247947557606
-4.94	-1.24	1.0813565070414022
-4.94	0.0	1.0907279957853326
-4.94	1.24	1.0908832853058854
-4.94	2.47	1.0674251576846299
-4.94	3.7	1.090643338919703
-4.94	4.94	1.1152366353373093
-4.94	6.17	1.1213791108447317
-4.94	7.41	1.1051879984004245
-4.94	8.64	1.113582092195907
-4.94	9.87	1.1341317112225235
-4.94	11.1	1.1670698148658012
-4.93	12.34	1.1610219301272977
-4.93	13.57	1.163600537651151
-4.93	14.8	1.190195698379176
-4.93	16.04	1.1952077933408063
-4.93	17.26	1.198653030361144
-4.93	18.5	1.2130949740205974
-4.93	19.73	1.2226783940036068
-4.93	20.96	1.2203170143674313
-4.93	22.18	1.1863093638907083
-4.93	23.41	1.1708611966208142
-4.93	24.64	1.1661506087442453
-4.93	25.87	1.1557991606831663
-4.93	27.09	1.0532765069784
-4.92	28.31	1.034228821171662
-4.92	29.54	1.066672975062744
-4.93	30.78	1.067832677146722
-4.92	31.99	1.246341048618131
-4.91	33.17	1.3705154201289824
-4.91	34.35	1.375375323759136
-4.9	35.49	1.334014769412172
-4.88	36.58	1.0718166566919276
-4.84	37.5	2.01366350019444
-3.63	37.55	1.7495000597711128
-3.66	36.6	1.0676621147620944
-3.67	35.51	1.3061361433982803
-3.68	34.35	1.4439320307702799
-3.69	33.18	1.3775159491947786
-3.69	32.0	1.2663816826761911
-3.69	30.78	1.0463883747573899
-3.69	29.54	1.0653177073518227
-3.69	28.31	1.0149435558222288
-3.69	27.09	1.0672026891141018
-3.7	25.87	1.163861804210848
-3.7	24.64	1.1734516902320014
-3.7	23.41	1.184163109590588
-3.7	22.19	1.2145269080147338
-3.7	20.96	1.2566330178131215
-3.7	19.73	1.2499110623148617
-3.7	18.5	1.2124196370191562
-3.7	17.27	1.2188184824575625
-3.7	16.04	1.1996121928516166
-3.7	14.8	1.1743328704680964
-3.7	13.57	1.1699948457574907
-3.7	12.34	1.1811732697990118
-3.7	11.11	1.159162547918097
-3.7	9.88	1.1236834319154356
-3.7	8.64	1.1324965579653279
-3.7	7.41	1.1131708188345169
-3.7	6.17	1.098215906544847
-3.7	4.94	1.1102641843665761
-3.71	3.71	1.0707034018580366
-3.7	2.47	1.0751165875060185
-3.7	1.23	1.0633873672088505
-3.7	-0.0	1.0791561570583568
-3.7	-1.23	1.0723959949039772
-3.7	-2.47	1.1004899694310746
-3.71	-3.71	1.0889794708688774
-3.7	-4.94	1.0784032926247713
-3.7	-6.17	1.0745752317314246
-3.7	-7.41	1.0767500499152725
-3.7	-8.64	1.071129955519348
-3.7	-9.88	1.06215940404938
-3.7	-11.11	1.0513236784882523
-3.7	-12.34	1.059221271190081
-3.7	-13.57	1.0587254457991193
-3.7	-14.8	1.0412509008119786
-3.7	-16.04	1.0443325527200695
-3.7	-17.27	1.0355906788231248
-3.7	-18.5	1.0107448273641992
-3.7	-19.73	1.0063414104347874
-3.7	-20.96	0.997037276879281
-3.7	-22.19	1.002020457829679
-3.7	-23.41	0.9829604001819909
-3.7	-24.64	0.9681535134830579
-3.7	-25.87	1.0106750068535124
-3.69	-27.09	1.0124799742046733
-3.69	-28.31	1.0149641533310794
-3.69	-29.54	1.0545915058591238
-3.69	-30.78	1.0800141596167592
-3.69	-32.0	1.2703286515102716
-3.69	-33.18	1.297142130661035
-3.68	-34.35	1.13083478369533
-3.67	-35.51	1.0684002494169311
-3.66	-36.6	0.971061402573099
-3.63	-37.55	2.5
-2.42	-37.58	2.5
-2.44	-36.61	0.9636772940467537
-2.45	-35.52	1.1216896668955592
-2.45	-34.36	1.1810312902379732
-2.46	-33.18	1.2868797952405062
-2.46	-32.0	1.2449118337501206
-2.46	-30.78	1.059559677404578
-2.46	-29.54	1.0401815495841031
-2.46	-28.31	1.0209754374262836
-2.46	-27.09	1.0141449559941131
-2.46	-25.87	1.019633197524592
-2.46	-24.64	0.9816647932661233
-2.46	-23.41	0.994485294660505
-2.47	-22.19	1.0025475721126877
-2.47	-20.96	0.9984288157790466
-2.47	-19.73	1.0060368159384803
-2.47	-18.5	1.0227370306185257
-2.47	-17.27	1.034565283941495
-2.47	-16.04	1.0221661058448817
-2.47	-14.8	1.0495451881583273
-2.47	-13.57	1.0534736751899212
-2.47	-12.34	1.0728726041589045
-2.47	-11.11	1.0431941075919369
-2.47	-9.88	1.055160940558034
-2.47	-8.64	1.082181799405535
-2.47	-7.41	1.0663364465657725
-2.47	-6.17	1.098399366509689
-2.47	-4.94	1.083138806895474
-2.47	-3.7	1.112268911507054
-2.47	-2.47	1.1022330780611531
-2.47	-1.24	1.0718269019189233
-2.47	0.0	1.0653712604005996
-2.47	1.24	1.065531577030395
-2.47	2.47	1.0771667441610013
-2.47	3.7	1.0798029163763783
-2.47	4.94	1.0945076205629825
-2.47	6.17	1.1020394865542373
-2.47	7.41	1.1251666926773476
-2.47	8.64	1.1322815962776103
-2.47	9.88	1.125204098089318
-2.47	11.11	1.156359445003555
-2.47	12.34	1.1788835075371331
-2.47	13.57	1.1673615473673715
-2.47	14.8	1.1805663541342977
-2.47	16.04	1.1864787579975928
-2.47	17.27	1.200655076390829
-2.47	18.5	1.2108390926387518
-2.47	19.73	1.2315751344047001
-2.47	20.96	1.2435984408869718
-2.47	22.19	1.1929442132773698
-2.46	23.41	1.179761957619771
-2.46	24.64	1.1886552341715628
-2.46	25.87	1.1643242282279207
-2.46	27.09	1.0611664023329501
-2.46	28.31	1.0117571329583628
-2.46	29.54	1.0532621176504522
-2.46	30.78	1.0535756896571522
-2.46	32.0	1.247822043940598
-2.46	33.18	1.341477420175381
-2.45	34.36	1.4293007352018519
-2.45	35.52	1.3210386757982162
-2.44	36.61	1.0534088082459592
-2.42	37.58	1.6060355779072548
-1.21	37.6	1.5664441383336616
-1.22	36.62	1.0668409802652068
-1.22	35.52	1.322743727514462
-1.23	34.36	1.4412461478852814
-1.23	33.18	1.3488728625563482
-1.23	32.0	1.2347485852935112
-1.23	30.78	1.0502342075452908
-1.23	29.54	1.0535442850471028
-1.23	28.31	1.0131096928940497
-1.23	27.09	1.0718803279688327
-1.23	25.87	1.1725420617609297
-1.23	24.64	1.1606082175510943
-1.23	23.41	1.1931920982376143
-1.23	22.19	1.2057410321452249
-1.23	20.96	1.2757812063001994
-1.23	19.73	1.2309188559390725
-1.23	18.5	1.216666319523588
-1.23	17.27	1.196975803970619
-1.23	16.04	1.2120033766641356
-1.23	14.8	1.1698925815858061
-1.23	13.57	1.1720245582360693
-1.23	12.34	1.1740948664495967
-1.23	11.11	1.1511157436409718
-1.23	9.88	1.1455028717423392
-1.23	8.64	1.1276723018799828
-1.23	7.41	1.1263810333086628
-1.23	6.17	1.1045032114464242
-1.24	4.94	1.0821878808637688
-1.23	3.7	1.0881459912898332
-1.24	2.47	1.0769637123612572
-1.24	1.24	1.077357266425249
-1.24	-0.0	1.0764627893064755
-1.24	-1.24	1.0795719044979641
-1.24	-2.47	1.092954354857615
-1.23	-3.7	1.1271397605933542
-1.24	-4.94	1.10421188972325
-1.23	-6.17	1.0846777297138797
-1.23	-7.41	1.0708452771829098
-1.23	-8.64	1.0668740279925224
-1.23	-9.88	1.0641085986545198
-1.23	-11.11	1.0577016442356966
-1.23	-12.34	1.068490126694435
-1.23	-13.57	1.054875933987427
-1.23	-14.8	1.051428627802549
-1.23	-16.04	1.0442338224762926
-1.23	-17.27	1.0374448868610546
-1.23	-18.5	1.0216496179121402
-1.23	-19.73	1.0072883099139158
-1.23	-20.96	0.9947883626526064
-1.23	-22.19	0.997877489402283
-1.23	-23.41	0.993995004447358
-1.23	-24.64	0.9942628128963911
-1.23	-25.87	1.0025827903025668
-1.23	-27.09	1.031818379919173
-1.23	-28.31	1.0179338294988387
-1.23	-29.54	1.0346202135601876
-1.23	-30.78	1.0522402649662164
-1.23	-32.0	1.2188729669418663
-1.23	-33.18	1.2879226308173273
-1.23	-34.36	1.177039912998394
-1.22	-35.52	1.1392525535231126
-1.22	-36.62	0.9431006712843883
-1.21	-37.6	2.5
0.0	-37.6	2.5
0.0	-36.62	0.9266603003247038
0.0	-35.52	1.1312772452914341
0.0	-34.36	1.1900920586663002
0.0	-33.19	1.2889378702232772
0.0	-32.0	1.2226206640256922
0.0	-30.78	1.0626491087073875
0.0	-29.54	1.028908709466128
0.0	-28.31	1.0087333654075836
0.0	-27.09	1.0127566411460798
0.0	-25.87	0.988386175330529
0.0	-24.64	0.9822662806440849
0.0	-23.41	0.9937440383513465
0.0	-22.19	0.9971306920492475
0.0	-20.96	1.0012328201756677
0.0	-19.73	1.0043115884336329
0.0	-18.5	1.0151721801975189
0.0	-17.27	1.043689205075724
0.0	-16.04	1.0403513395059623
0.0	-14.8	1.0507550397336658
0.0	-13.57	1.0460444121808123
0.0	-12.34	1.0806738584149302
0.0	-11.11	1.0596484012927618
0.0	-9.88	1.0598958385081758
0.0	-8.64	1.0769475841636469
0.0	-7.41	1.0806577081717217
0.0	-6.17	1.1013977977107032
0.0	-4.94	1.1007117916524738
0.0	-3.7	1.1442417654222483
0.0	-2.47	1.0981173180656922
0.0	-1.24	1.0785617525091542
0.0	0.0	1.0808369332217902
0.0	1.24	1.0635056934866425
0.0	2.47	1.0563587250710391
0.0	3.7	1.0791588035929767
0.0	4.94	1.1038638324842518
0.0	6.17	1.1063950955356017
0.0	7.41	1.1192109188034847
0.0	8.64	1.138877275983953
0.0	9.88	1.1364191456397226
0.0	11.11	1.1595724700416348
0.0	12.34	1.180682814106488
0.0	13.57	1.1562654055614585
0.0	14.8	1.1789579227185172
0.0	16.04	1.1893793921415963
0.0	17.27	1.2094106720675404
0.0	18.5	1.228905000510288
0.0	19.73	1.248454372779193
0.0	20.96	1.2601635478599142
0.0	22.19	1.2040446603874067
0.0	23.41	1.196360631587142
0.0	24.64	1.1634796122485618
0.0	25.87	1.1807252108880517
0.0	27.09	1.080894197134283
0.0	28.31	1.0120583112904225
0.0	29.54	1.0549076504611223
0.0	30.78	1.0686696600836623
0.0	32.0	1.1969354501614458
0.0	33.19	1.3424820809278035
0.0	34.36	1.4496502983682493
0.0	35.52	1.325826020808849
0.0	36.62	1.052883843527038
0.0	37.6	1.5564169630366154
1.21	37.6	1.5217432557266664
1.22	36.62	1.0656455902643147
1.22	35.52	1.2995599903017174
1.23	34.36	1.4383243541831963
1.23	33.18	1.3576802671115598
1.23	32.0	1.2532711106448602
1.23	30.78	1.0408411659692165
1.23	29.54	1.0695433353184622
1.23	28.31	1.0132462746493456
1.23	27.09	1.072292589141922
1.23	25.87	1.166114426756904
1.23	24.64	1.1733667452544507
1.23	23.41	1.1966589688319615
1.23	22.19	1.193616452370195
1.23	20.96	1.2548542774625986
1.23	19.73	1.2251357352508263
1.23	18.5	1.2105207957486144
1.23	17.27	1.195466412458547
1.23	16.04	1.2036835133873236
1.23	14.8	1.182374708828851
1.23	13.57	1.1758369046234494
1.23	12.34	1.174548234640179
1.23	11.11	1.1609376652645214
1.23	9.88	1.1406904415141081
1.23	8.64	1.1294375938202927
1.23	7.41	1.1102354602398554
1.23	6.17	1.1050300595375884
1.24	4.94	1.083304834459896
1.23	3.7	1.0944220335101384
1.24	2.47	1.0787635889825644
1.24	1.24	1.0716837420876688
1.24	-0.0	1.0741211395796544
1.24	-1.24	1.081113790481921
1.24	-2.47	1.098108711821304
1.23	-3.7	1.0972067378937282
1.24	-4.94	1.0941001062993214
1.23	-6.17	1.079657181601049
1.23	-7.41	1.0620314086065736
1.23	-8.64	1.0742164588252692
1.23	-9.88	1.0590017030022416
1.23	-11.11	1.0631598008380312
1.23	-12.34	1.0973632654137884
1.23	-13.57	1.0579419986258802
1.23	-14.8	1.0578392782792427
1.23	-16.04	1.0288277879929364
1.23	-17.27	1.0177301088447717
1.23	-18.5	1.0200753697768334
1.23	-19.73	1.013344782975496
1.23	-20.96	0.9965680620406134
1.23	-22.19	1.0047542402529128
1.23	-23.41	1.0008855460445831
1.23	-24.64	0.9826710501713887
1.23	-25.87	1.0026404267769253
1.23	-27.09	1.0207467879561483
1.23	-28.31	1.016317682155675
1.23	-29.54	1.0494061166702329
1.23	-30.78	1.05706809195593
1.23	-32.0	1.2183024723664708
1.23	-33.18	1.2705616154629107
1.23	-34.36	1.1827684858988068
1.22	-35.52	1.1471660628881972
1.22	-36.62	0.948161555473753
1.21	-37.6	2.492354505644226
2.42	-37.58	2.5
2.44	-36.61	0.9722958849744954
2.45	-35.52	1.112172224316165
2.45	-34.36	1.161493444859535
2.46	-33.18	1.2865767978114517
2.46	-32.0	1.247004255070813
2.46	-30.78	1.062337530517043
2.46	-29.54	1.0353325832939593
2.46	-28.31	1.0025474547952582
2.46	-27.09	1.0361528358602525
2.46	-25.87	1.0162945126016592
2.46	-24.64	0.9875598470743032
2.46	-23.41	0.9941765185412041
2.47	-22.19	1.0001435019118299
2.47	-20.96	0.9940346861650422
2.47	-19.73	1.0175465543523101
2.47	-18.5	1.0162907367161083
2.47	-17.27	1.0287350506415471
2.47	-16.04	1.0427884096895852
2.47	-14.8	1.0567453334987444
2.47	-13.57	1.0398978654931055
2.47	-12.34	1.059406193194964
2.47	-11.11	1.0513436975679271
2.47	-9.88	1.0479066526860104
2.47	-8.64	1.072041878497048
2.47	-7.41	1.0736926404617257
2.47	-6.17	1.093311770083253
2.47	-4.94	1.0820173289137855
2.47	-3.7	1.1139733834333025
2.47	-2.47	1.1000578038481574
2.47	-1.24	1.083919001974225
2.47	0.0	1.0842293006346226
2.47	1.24	1.0632959026993234
2.47	2.47	1.078766562885118
2.47	3.7	1.072400758180894
2.47	4.94	1.0922013753621673
2.47	6.17	1.108008703945389
2.47	7.41	1.1193132199996247
2.47	8.64	1.1295358028263145
2.47	9.88	1.1336912721630839
2.47	11.11	1.167790856193455
2.47	12.34	1.1683623856976038
2.47	13.57	1.1604686787093392
2.47	14.8	1.1829973438727333
2.47	16.04	1.2078498874679031
2.47	17.27	1.208933475620583
2.47	18.5	1.1979612616862
2.47	19.73	1.2348199737587864
2.47	20.96	1.2507387784238606
2.47	22.19	1.2005671715833657
2.46	23.41	1.17325068524043
2.46	24.64	1.1734806211967577
2.46	25.87	1.1629002821050545
2.46	27.09	1.063716323480934
2.46	28.31	1.0117337514925566
2.46	29.54	1.0719488912650608
2.46	30.78	1.051078638065098
2.46	32.0	1.244836295566742
2.46	33.18	1.3541856500831537
2.45	34.36	1.43773643340813
2.45	35.52	1.3283028330191815
2.44	36.61	1.0439363095399132
2.42	37.58	1.6447053109683551
3.63	37.55	1.7442531585168686
3.66	36.6	1.0489442314573827
3.67	35.51	1.307952371119284
3.68	34.35	1.436001858283876
3.69	33.18	1.3445385055670727
3.69	32.0	1.2628350994938975
3.69	30.78	1.0139697703042918
3.69	29.54	1.084231101608398
3.69	28.31	1.013518790385623
3.69	27.09	1.0506963462759362
3.7	25.87	1.1580670992916522
3.7	24.64	1.180468327284264
3.7	23.41	1.180061334754857
3.7	22.19	1.2009990237908506
3.7	20.96	1.2217487702480216
3.7	19.73	1.2368734044079055
3.7	18.5	1.2232169829815884
3.7	17.27	1.210677440724198
3.7	16.04	1.1892625394604792
3.7	14.8	1.1894525985627418
3.7	13.57	1.177741971679314
3.7	12.34	1.186419159426996
3.7	11.11	1.1671492899204647
3.7	9.88	1.1198335442429563
3.7	8.64	1.1219946230409334
3.7	7.41	1.128875995662014
3.7	6.17	1.1010376022429513
3.7	4.94	1.1020236859419548
3.71	3.71	1.0889612282674452
3.7	2.47	1.0821091251088246
3.7	1.23	1.0587389349836185
3.7	-0.0	1.0804786234137387
3.7	-1.23	1.0885936592288514
3.7	-2.47	1.1076636171974519
3.71	-3.71	1.1047441969857266
3.7	-4.94	1.0804838982100744
3.7	-6.17	1.0613158500111446
3.7	-7.41	1.0650603634394598
3.7	-8.64	1.0560117434224336
3.7	-9.88	1.0660161104219341
3.7	-11.11	1.062273153471665
3.7	-12.34	1.0648428387968112
3.7	-13.57	1.0495660723870825
3.7	-14.8	1.0478194481927599
3.7	-16.04	1.0429589123080074
3.7	-17.27	1.0219809433626654
3.7	-18.5	1.001200781942372
3.7	-19.73	1.026665335816121
3.7	-20.96	1.0099346982558526
3.7	-22.19	0.9871964400023199
3.7	-23.41	0.9895381892718467
3.7	-24.64	0.9845320407723044
3.7	-25.87	1.013070674193525
3.69	-27.09	1.0010989317942762
3.69	-28.31	1.0292980496589985
3.69	-29.54	1.0454911519786592
3.69	-30.78	1.0749739430891259
3.69	-32.0	1.2724762556442197
3.69	-33.18	1.3011250898183242
3.68	-34.35	1.1278597861362902
3.67	-35.51	1.0623394117007923
3.66	-36.6	0.9790461566109387
3.63	-37.55	2.5
4.84	-37.5	2.5
4.88	-36.58	1.007591973293743
4.9	-35.49	1.0208940771902286
4.91	-34.35	1.0935349948799677
4.91	-33.17	1.3030018756883361
4.92	-31.99	1.2988500272418522
4.93	-30.78	1.081288694302426
4.92	-29.54	1.0531819017707678
4.92	-28.31	1.023019180094174
4.93	-27.09	1.0078676903404604
4.93	-25.87	1.049116906799834
4.93	-24.64	0.9831597949767765
4.93	-23.41	0.9894235665636533
4.93	-22.18	1.0033828023807594
4.93	-20.96	0.9913421699150433
4.93	-19.73	0.9969062637768094
4.93	-18.5	1.0100056154417896
4.93	-17.26	1.0182847163983126
4.93	-16.04	1.0358795567454404
4.93	-14.8	1.0405678352472325
4.93	-13.57	1.0437672330438366
4.93	-12.34	1.0414726372041772
4.94	-11.1	1.0467791378775004
4.94	-9.87	1.04842095804635
4.94	-8.64	1.0604551304199274
4.94	-7.41	1.068564684318229
4.94	-6.17	1.0852507709090977
4.94	-4.94	1.081234389715945
4.94	-3.7	1.0954933077974038
4.94	-2.47	1.0919871393450489
4.94	-1.24	1.0866220952829746
4.94	0.0	1.076691060266378
4.94	1.24	1.0754147760569417
4.94	2.47	1.0838018833509118
4.94	3.7	1.0843431245404442
4.94	4.94	1.0838663535805733
4.94	6.17	1.1010709127211937
4.94	7.41	1.1158760345343914
4.94	8.64	1.112793654122779
4.94	9.87	1.1409598803457541
4.94	11.1	1.1743113099292168
4.93	12.34	1.1699470279141355
4.93	13.57	1.1690057351487235
4.93	14.8	1.1842765999048837
4.93	16.04	1.2095186971563399
4.93	17.26	1.209359645071184
4.93	18.5	1.2111624789970534
4.93	19.73	1.2592585229515336
4.93	20.96	1.2080480201302182
4.93	22.18	1.1842919567796608
4.93	23.41	1.16002971091757
4.93	24.64	1.152788387075323
4.93	25.87	1.1359225336695955
4.93	27.09	1.0548887235428897
4.92	28.31	0.9875282513456973
4.92	29.54	1.059244454153534
4.93	30.78	1.0328624060347522
4.92	31.99	1.2514055001644557
4.91	33.17	1.357140719198596
4.91	34.35	1.3293583563133247
4.9	35.49	1.293566282641657
4.88	36.58	1.054054465913154
4.84	37.5	1.958128309528667
6.04	37.42	2.3890705373309924
6.09	36.55	1.0973088949883287
6.12	35.48	1.241015347614784
6.13	34.34	1.2876467007822274
6.14	33.16	1.359192825001461
6.15	31.98	1.2689830538133187
6.16	30.78	1.0116479135840368
6.16	29.55	1.0400314121245167
6.15	28.31	1.0468829294951991
6.16	27.08	1.0388276773309046
6.16	25.87	1.0835471085350363
6.16	24.64	1.1658031673654712
6.16	23.41	1.1678060593886972
6.16	22.18	1.1777468286869661
6.16	20.96	1.2052138431186137
6.16	19.73	1.266897706028569
6.16	18.49	1.2338852608438247
6.17	17.26	1.2203905989940775
6.17	16.03	1.193537938977153
6.17	14.8	1.183474420902253
6.17	13.57	1.165768886090377
6.17	12.34	1.1854408459816002
6.17	11.1	1.1677992357299178
6.17	9.87	1.1290671609794192
6.17	8.64	1.1226386103300001
6.17	7.41	1.1223968760498604
6.17	6.17	1.097271144968614
6.17	4.94	1.097530917705555
6.17	3.7	1.0770509424566432
6.17	2.47	1.0706364668010977
6.17	1.23	1.0854277940933663
6.17	-0.0	1.0689032175949986
6.17	-1.23	1.0832347456909064
6.17	-2.47	1.0896948206647998
6.17	-3.7	1.0902887090000801
6.17	-4.94	1.0786522666553484
6.17	-6.17	1.062567598712322
6.17	-7.41	1.0483382084504704
6.17	-8.64	1.0448276317152239
6.17	-9.87	1.058448066784587
6.17	-11.1	1.0475132227918804
6.17	-12.34	1.0497800708010088
6.17	-13.57	1.0417843889069651
6.17	-14.8	1.040433860316897
6.17	-16.03	1.040052683007838
6.17	-17.26	1.0198330318728956
6.16	-18.49	1.0156605840105986
6.16	-19.73	0.9986979619446501
6.16	-20.96	0.9976239357784227
6.16	-22.18	0.9957324269139933
6.16	-23.41	0.9902637161484007
6.16	-24.64	1.0002758806916354
6.16	-25.87	1.084323950622375
6.16	-27.08	1.003848287001098
6.15	-28.31	1.0355746632339455
6.16	-29.55	1.053606906252707
6.16	-30.78	1.107489650978378
6.15	-31.98	1.2943528193413307
6.14	-33.16	1.2810229050317101
6.13	-34.34	1.0738272272669764
6.12	-35.48	0.9419697290973019
6.09	-36.55	1.1042212094938133
6.04	-37.42	2.5
7.22	-37.3	2.5
7.3	-36.51	1.1885249224765992
7.34	-35.46	0.9410485809907687
7.36	-34.33	1.0785061434795926
7.37	-33.15	1.2708096167729739
7.38	-31.97	1.3271474600347073
7.39	-30.78	1.170954899923343
7.39	-29.55	1.049180650782226
7.38	-28.31	1.0372700683015044
7.39	-27.08	1.0142866678431028
7.39	-25.86	1.049863638325479
7.39	-24.64	1.0022404037766801
7.39	-23.41	0.9807052926980884
7.39	-22.18	1.004285868883649
7.4	-20.95	1.0023957634785354
7.4	-19.73	0.9957950152799881
7.4	-18.49	1.0073663682937806
7.4	-17.26	1.0205057582495805
7.4	-16.03	1.0112827482492337
7.4	-14.8	1.0324159054719555
7.4	-13.57	1.0408519664649019
7.4	-12.34	1.023869964099715
7.4	-11.1	1.035439274816361
7.4	-9.87	1.0598272459471536
7.4	-8.64	1.044144926738479
7.41	-7.41	1.0319321259310517
7.41	-6.17	1.0594193498481816
7.41	-4.94	1.0668619562209
7.41	-3.7	1.097048541285023
7.41	-2.47	1.084352944568118
7.41	-1.23	1.070855907783761
7.41	0.0	1.0859339968606774
7.41	1.23	1.0824564224578168
7.41	2.47	1.0800853628796414
7.41	3.7	1.0761036064881306
7.41	4.94	1.0878556690147079
7.41	6.17	1.0948826654704726
7.41	7.41	1.1151779422886463
7.4	8.64	1.1221261624876302
7.4	9.87	1.124444867580129
7.4	11.1	1.1538374027301588
7.4	12.34	1.1543889746949372
7.4	13.57	1.1747510666398604
7.4	14.8	1.186444813163682
7.4	16.03	1.1806813591743257
7.4	17.26	1.2084548593045508
7.4	18.49	1.2180760216669464
7.4	19.73	1.2294232057637409
7.4	20.95	1.1984107827725339
7.39	22.18	1.1855721844993692
7.39	23.41	1.1836196836458583
7.39	24.64	1.1729562333876835
7.39	25.86	1.0834054844114185
7.39	27.08	1.021245333130345
7.38	28.31	1.0773250649732002
7.39	29.55	1.0187645295470755
7.39	30.78	1.0642962683227521
7.38	31.97	1.303919829685574
7.37	33.15	1.3452134105740967
7.36	34.33	1.2855150653772052
7.34	35.46	1.207312450758237
7.3	36.51	1.169804316240075
7.22	37.3	2.5
8.51	36.45	1.2915013916351459
8.55	35.43	1.1459234208780327
8.58	34.31	1.3936741964487132
8.59	33.14	1.3894607983002984
8.6	31.96	1.333649740179923
8.62	30.77	1.165228234865399
8.62	29.55	0.995901887282379
8.62	28.31	1.0636310086941947
8.62	27.08	1.0093240735382754
8.62	25.86	1.0814580314656164
8.62	24.64	1.165472779393828
8.62	23.41	1.174725125556229
8.62	22.18	1.1856348514796924
8.63	20.95	1.189313413068093
8.63	19.72	1.2002213085719307
8.63	18.49	1.2371126279178206
8.63	17.26	1.2099165890530337
8.63	16.03	1.2110092398421948
8.63	14.8	1.1782088290579047
8.64	13.57	1.172824704927006
8.64	12.34	1.1522392096723122
8.64	11.1	1.1362307866856183
8.64	9.87	1.130987029338919
8.64	8.64	1.1292357322153332
8.64	7.4	1.107457805410279
8.64	6.17	1.1095646609278926
8.64	4.94	1.0938959970271869
8.64	3.7	1.0961807735276219
8.64	2.47	1.079007611048107
8.64	1.23	1.0803199183340615
8.64	-0.0	1.0810735506019755
8.64	-1.23	1.0679519711879646
8.64	-2.47	1.0779836775405238
8.64	-3.7	1.0726682628578912
8.64	-4.94	1.0567809827500838
8.64	-6.17	1.0520751747691062
8.64	-7.4	1.0610173993734797
8.64	-8.64	1.0529899434766135
8.64	-9.87	1.0425741792064631
8.64	-11.1	1.038767336618096
8.64	-12.34	1.0371856973118154
8.64	-13.57	1.027229106714211
8.63	-14.8	1.0178270518271315
8.63	-16.03	1.025600765353131
8.63	-17.26	1.0206876406979006
8.63	-18.49	0.9978255530355442
8.63	-19.72	1.0082149969127325
8.63	-20.95	1.0019146581672098
8.62	-22.18	0.9948505756322668
8.62	-23.41	0.9813255080125778
8.62	-24.64	1.019376767270935
8.62	-25.86	1.032174132572246
8.62	-27.08	1.0257607413505436
8.62	-28.31	1.0314820397924986
8.62	-29.55	1.069637036550759
8.62	-30.77	1.219531617802863
8.6	-31.96	1.3590102648751978
8.59	-33.14	1.2428481359355503
8.58	-34.31	1.07988343595522
8.55	-35.43	0.9028187593411463
8.51	-36.45	1.3503043146880422
9.7	-36.37	1.6634822463694476
9.76	-35.39	0.977977665022105
9.8	-34.29	1.0332494415514413
9.82	-33.13	1.1439349402025032
9.83	-31.95	1.3135617532364368
9.84	-30.76	1.2819948999950554
9.85	-29.55	1.0812979020144278
9.85	-28.31	1.0569912599781386
9.85	-27.08	1.0299390388386005
9.85	-25.85	1.016988896370206
9.85	-24.63	1.0899135480531994
9.86	-23.41	0.9952978214816719
9.86	-22.18	1.0082547329166713
9.86	-20.95	1.006491025870825
9.86	-19.72	0.9971326198242805
9.86	-18.49	1.0186630126037226
9.86	-17.26	1.018101256467915
9.86	-16.03	1.0064487087089606
9.87	-14.8	1.0322101153400665
9.87	-13.57	1.0224832178457248
9.87	-12.34	1.0344994098687081
9.87	-11.1	1.0476503236526202
9.87	-9.87	1.0523255481130551
9.87	-8.64	1.0573760286932306
9.87	-7.4	1.065575926372924
9.87	-6.17	1.0630659215213303
9.87	-4.94	1.0762285328732197
9.88	-3.7	1.083454178670178
9.88	-2.47	1.086175543478336
9.88	-1.23	1.076077625061865
9.88	0.0	1.0906915497596206
9.88	1.23	1.09756061565699
9.88	2.47	1.1000301574569793
9.88	3.7	1.119495988084057
9.87	4.94	1.111475306334321
9.87	6.17	1.1058451279300838
9.87	7.4	1.1240993474373253
9.87	8.64	1.1308437221949088
9.87	9.87	1.126440717678598
9.87	11.1	1.151638722930615
9.87	12.34	1.1755853472715083
9.87	13.57	1.1830131512948885
9.87	14.8	1.1806753681404754
9.86	16.03	1.2222406924912583
9.86	17.26	1.2317966739978008
9.86	18.49	1.222322523473876
9.86	19.72	1.1792104879898702
9.86	20.95	1.1948130596610351
9.86	22.18	1.1729567952318662
9.86	23.41	1.172374809881335
9.85	24.63	1.1240337515920835
9.85	25.85	1.0464913753900031
9.85	27.08	1.0049073008804683
9.85	28.31	1.0687172006499424
9.85	29.55	0.9594276721936934
9.84	30.76	1.2372142420451118
9.83	31.95	1.3470391032528983
9.82	33.13	1.4358889730171018
9.8	34.29	1.317840362278977
9.76	35.39	1.0455071984997977
9.7	36.37	1.4841440086293627
10.88	36.26	1.9474654802203517
10.97	35.34	1.080514769565374
11.01	34.26	1.2722700928843143
11.04	33.11	1.2787363663188085
11.05	31.93	1.4047448851186424
11.07	30.75	1.2725841176735955
11.08	29.55	1.0353135991940903
11.08	28.32	1.001716108455268
11.08	27.08	1.0624238013185785
11.08	25.85	1.0432507468341345
11.08	24.63	1.1038621658441317
11.09	23.41	1.1809739168383615
11.09	22.18	1.1745258730896078
11.09	20.95	1.1964520592862673
11.09	19.72	1.1985484816781025
11.1	18.49	1.1915170763735947
11.1	17.26	1.2415964166464146
11.1	16.03	1.2090424986653003
11.1	14.8	1.2047514307984821
11.1	13.57	1.1995664455026533
11.1	12.34	1.1696751599075217
11.1	11.1	1.1652348094821754
11.1	9.87	1.1580375292052194
11.1	8.64	1.1370203864711659
11.1	7.4	1.1311212567855788
11.1	6.17	1.1109450368370624
11.1	4.94	1.117340132095915
11.11	3.7	1.118065279739886
11.11	2.47	1.1135962439315774
11.11	1.23	1.1092603163239936
11.11	-0.0	1.1162974695745937
11.11	-1.23	1.0846145997450218
11.11	-2.47	1.0948108588060022
11.11	-3.7	1.0857888672053182
11.1	-4.94	1.0854585838042974
11.1	-6.17	1.0754325835226064
11.1	-7.4	1.0472741577205529
11.1	-8.64	1.0488943806617614
11.1	-9.87	1.0190130956590773
11.1	-11.1	1.0454027198786484
11.1	-12.34	1.043924938949873
11.1	-13.57	1.0358192033045075
11.1	-14.8	1.0348489375333294
11.1	-16.03	1.0304489362477787
11.1	-17.26	1.0130059130643492
11.1	-18.49	1.00303205931763
11.09	-19.72	0.9979708216702203
11.09	-20.95	0.9970774308775958
11.09	-22.18	1.0021377182735138
11.09	-23.41	1.0184811549215222
11.08	-24.63	1.0370402810095234
11.08	-25.85	1.002686253547445
11.08	-27.08	1.0510438577523509
11.08	-28.32	1.0613363203647062
11.08	-29.55	1.1638282994597269
11.07	-30.75	1.3166524244340927
11.05	-31.93	1.2885583825051885
11.04	-33.11	1.0703764644306784
11.01	-34.26	0.9662898423947031
10.97	-35.34	1.0399479717286253
10.88	-36.26	2.5
12.02	-36.05	2.5
12.16	-35.27	1.136024815618713
12.22	-34.22	0.9124644255713186
12.25	-33.09	1.0483494147876184
12.27	-31.91	1.211767741326911
12.29	-30.73	1.3354161118198231
12.31	-29.54	1.244570311515246
12.31	-28.32	1.075129170909336
12.31	-27.08	1.057787057141458
12.31	-25.85	1.0352361828223833
12.31	-24.63	1.0261625133322871
12.32	-23.4	1.0806850958945082
12.32	-22.18	1.006704987715433
12.32	-20.94	1.0043095297371956
12.32	-19.72	1.0127828490541537
12.33	-18.49	1.0043473604139912
12.33	-17.26	1.0205118711440324
12.33	-16.03	1.0347260393529902
12.33	-14.8	1.0233008804457269
12.33	-13.56	1.0181507291953729
12.33	-12.33	1.0507853778278893
12.34	-11.1	1.050811226402967
12.34	-9.87	1.0454457686117493
12.34	-8.64	1.0330622353313066
12.34	-7.4	1.0658276325884373
12.34	-6.17	1.0479291806554691
12.34	-4.93	1.070012352318849
12.34	-3.7	1.0649719831953908
12.34	-2.47	1.0624243036442715
12.34	-1.23	1.0782197337761783
12.34	0.0	1.0864617534427143
12.34	1.23	1.1109657940580808
12.34	2.47	1.087224864445096
12.34	3.7	1.1074950571009436
12.34	4.93	1.1042620911945908
12.34	6.17	1.1065940062500248
12.34	7.4	1.1236729357019382
12.34	8.64	1.134225272747809
12.34	9.87	1.1535319993908413
12.34	11.1	1.1555686619217838
12.33	12.33	1.1818051738901678
12.33	13.56	1.1956551150446737
12.33	14.8	1.192772546435532
12.33	16.03	1.2146125374017993
12.33	17.26	1.2237418660740857
12.33	18.49	1.1873446702418997
12.32	19.72	1.19379264589619
12.32	20.94	1.2335411870165425
12.32	22.18	1.1748306402783806
12.32	23.4	1.1350935431254356
12.31	24.63	1.0708744429089734
12.31	25.85	1.033242148621623
12.31	27.08	1.089255620702282
12.31	28.32	0.9828024015057002
12.31	29.54	1.1512546296725663
12.29	30.73	1.2917065823522123
12.27	31.91	1.4416357425454311
12.25	33.09	1.382453005728113
12.22	34.22	1.223444895835664
12.16	35.27	1.1875558960707764
12.02	36.05	2.5
13.34	35.17	1.4510381084062
13.42	34.17	1.063572292761922
13.47	33.06	1.3835861653730541
13.49	31.9	1.4317114783289817
13.51	30.71	1.3579457169799847
13.53	29.53	1.2517219749067854
13.54	28.32	1.0042456108650502
13.54	27.08	1.0465860763877544
13.54	25.85	1.061916550357278
13.54	24.62	1.041521989374531
13.55	23.4	1.0951301550648198
13.55	22.17	1.1593513258411825
13.55	20.94	1.1840677951069143
13.55	19.71	1.2057079375218294
13.56	18.49	1.1837883707449492
13.56	17.26	1.192977751510572
13.56	16.03	1.224139476828202
13.56	14.8	1.2097351379283463
13.56	13.56	1.1838438013121353
13.56	12.33	1.1904914260106132
13.57	11.1	1.1632065437844563
13.57	9.87	1.1512316244039456
13.57	8.64	1.1353728665698313
13.57	7.4	1.1284277967424252
13.57	6.17	1.1021423219171789
13.57	4.93	1.1001258265002267
13.57	3.7	1.1056823288860205
13.57	2.47	1.1138659471630676
13.57	1.23	1.0958146039468613
13.57	-0.0	1.0980265244514866
13.57	-1.23	1.0876955203823186
13.57	-2.47	1.0852860504603354
13.57	-3.7	1.0738740668115714
13.57	-4.93	1.0498879178061093
13.57	-6.17	1.0578762998707534
13.57	-7.4	1.0541019731982733
13.57	-8.64	1.032605377339742
13.57	-9.87	1.0422303146178766
13.57	-11.1	1.0363334222153773
13.56	-12.33	1.0335256255434322
13.56	-13.56	1.03196775873527
13.56	-14.8	1.0019780862036853
13.56	-16.03	1.0241956494708635
13.56	-17.26	1.0155697190129196
13.56	-18.49	1.0083794044421621
13.55	-19.71	0.9956049467686885
13.55	-20.94	1.0152270373671577
13.55	-22.17	1.0298677161209868
13.55	-23.4	1.068316433004374
13.54	-24.62	1.0244297807761864
13.54	-25.85	1.0616085168770475
13.54	-27.08	1.044722788503761
13.54	-28.32	1.1420104316888295
13.53	-29.53	1.3189625596887797
13.51	-30.71	1.3453957155249805
13.49	-31.9	1.1099870940022143
13.47	-33.06	1.0172931020746372
13.42	-34.17	0.9636457688201228
13.34	-35.17	1.343035907864806
14.49	-35.02	2.3243427571739215
14.62	-34.1	1.0389155645293098
14.67	-33.02	0.9348265520196612
14.71	-31.87	1.0603749333926142
14.73	-30.69	1.2547971163083638
14.75	-29.51	1.372633109719537
14.77	-28.31	1.2515427636704608
14.78	-27.09	1.0815586354286078
14.77	-25.85	1.0518248036416544
14.77	-24.62	1.0271725246262884
14.77	-23.39	1.036688387006932
14.78	-22.17	1.0428637708922395
14.78	-20.94	1.013053875741691
14.78	-19.71	1.0029633435896068
14.79	-18.48	0.992562452097479
14.79	-17.25	1.0198169908774695
14.79	-16.03	1.0219509572200591
14.79	-14.79	1.0481860413395765
14.8	-13.56	1.0240438899427282
14.8	-12.33	1.0384177011115092
14.8	-11.1	1.0394906040267573
14.8	-9.87	1.0536266675698016
14.8	-8.63	1.0406272055934682
14.8	-7.4	1.0507713053435488
14.8	-6.17	1.0670680788610154
14.8	-4.93	1.0595083305630908
14.8	-3.7	1.0871262121280392
14.8	-2.47	1.0932227042375162
14.8	-1.23	1.1183444143301653
14.8	0.0	1.1062737171734742
14.8	1.23	1.1054830727404106
14.8	2.47	1.1173758856684017
14.8	3.7	1.1326043709606948
14.8	4.93	1.1228504400970332
14.8	6.17	1.122425561485656
14.8	7.4	1.1297495684206513
14.8	8.63	1.134257551421964
14.8	9.87	1.174547948724883
14.8	11.1	1.1529193899237704
14.8	12.33	1.1646912157330949
14.8	13.56	1.2099314088668853
14.79	14.79	1.228094908446998
14.79	16.03	1.1519176284746706
14.79	17.25	1.190751838927417
14.79	18.48	1.1972696929436015
14.78	19.71	1.182174716729893
14.78	20.94	1.1899042744620827
14.78	22.17	1.12768278696673
14.77	23.39	1.0796407437324964
14.77	24.62	1.0186134696276543
14.77	25.85	1.0704357157581157
14.78	27.09	0.9871119628341045
14.77	28.31	1.1347187820838966
14.75	29.51	1.274891230190656
14.73	30.69	1.4522026762288167
14.71	31.87	1.2862433644600575
14.67	33.02	1.3365650847905108
14.62	34.1	1.0742734846498418
14.49	35.02	1.9429035484513069
15.79	34.0	1.2762135766117089
15.87	32.97	1.0806541177477378
15.92	31.84	1.557346899055335
15.95	30.67	1.4709640914440474
15.97	29.48	1.3714283160699683
15.99	28.3	1.2493010635496846
16.01	27.09	1.029833313907199
16.01	25.85	1.0485178041914658
16.0	24.62	1.0643580743629855
16.0	23.39	1.042415805581614
16.01	22.16	1.0854964168381498
16.01	20.94	1.1660767273337713
16.02	19.71	1.1597837231619446
16.02	18.48	1.207836163368908
16.02	17.25	1.187863637811052
16.02	16.02	1.16027536233144
16.03	14.79	1.152745766187203
16.03	13.56	1.1939621275522398
16.03	12.33	1.1991106887227163
16.03	11.1	1.164233436770684
16.03	9.86	1.1652200304457985
16.03	8.63	1.141617868130811
16.03	7.4	1.1286522901321172
16.03	6.17	1.117375987545497
16.04	4.93	1.1291461524554913
16.04	3.7	1.1397019032644637
16.04	2.47	1.1325328443363265
16.04	1.23	1.1235368821071692
16.04	-0.0	1.1287985941668977
16.04	-1.23	1.1250017619164865
16.04	-2.47	1.097829133668995
16.04	-3.7	1.0712080439563643
16.04	-4.93	1.0891867378637006
16.03	-6.17	1.0700861478937842
16.03	-7.4	1.064722382216483
16.03	-8.63	1.0639851956662563
16.03	-9.86	1.0687775431900617
16.03	-11.1	1.0520449377200762
16.03	-12.33	1.0224615100651588
16.03	-13.56	1.0363048783444757
16.03	-14.79	1.0361080899789075
16.02	-16.02	1.0329170475980671
16.02	-17.25	1.0063349550324556
16.02	-18.48	1.0138426363122548
16.02	-19.71	1.0209999721805865
16.01	-20.94	1.0505209723329756
16.01	-22.16	1.020201038478871
16.0	-23.39	1.03518203730329
16.0	-24.62	1.0575954737202578
16.01	-25.85	1.0640819800044845
16.01	-27.09	1.1704683778337905
15.99	-28.3	1.3177540801760959
15.97	-29.48	1.3746248409561757
15.95	-30.67	1.1258697895219427
15.92	-31.84	1.0561141871779656
15.87	-32.97	0.95534631573571
15.79	-34.0	1.1231345514899038
16.92	-33.85	1.3467496752840082
17.06	-32.9	1.028687376820181
17.12	-31.8	0.9655835947495746
17.16	-30.65	1.0823565632475542
17.19	-29.46	1.2804008426415168
17.21	-28.27	1.3730069867799308
17.23	-27.08	1.287773607292067
17.24	-25.86	1.1220561995941392
17.23	-24.62	1.074713057153593
17.23	-23.38	1.0765034503036572
17.23	-22.16	1.0434623149512259
17.24	-20.93	1.0330836725236345
17.25	-19.71	1.0559203465842941
17.25	-18.48	1.0241542576992702
17.25	-17.25	0.9970123161365692
17.25	-16.02	1.0043755547062903
17.25	-14.79	1.0188910030454377
17.26	-13.56	1.0210646774020553
17.26	-12.33	1.0402201789238754
17.26	-11.1	1.0226923327360709
17.26	-9.86	1.031971571763406
17.26	-8.63	1.048058981201133
17.26	-7.4	1.0390660429872103
17.26	-6.17	1.0601710101567186
17.26	-4.93	1.0586288859202337
17.27	-3.7	1.0649894842125018
17.27	-2.47	1.1064413980281103
17.27	-1.23	1.0769532784982703
17.27	0.0	1.11337324734148
17.27	1.23	1.0974869413395307
17.27	2.47	1.107070254792105
17.27	3.7	1.0984009758159816
17.26	4.93	1.1174552340865613
17.26	6.17	1.1100341520913437
17.26	7.4	1.1341549339758616
17.26	8.63	1.1556902404887666
17.26	9.86	1.167217936771923
17.26	11.1	1.1775233049449945
17.26	12.33	1.1872987903703205
17.26	13.56	1.1572758647603
17.25	14.79	1.1455719387268974
17.25	16.02	1.1611923507409463
17.25	17.25	1.206356992880428
17.25	18.48	1.1625774299624059
17.25	19.71	1.1888218673985769
17.24	20.93	1.0802390128624477
17.23	22.16	1.0718624868373485
17.23	23.38	1.0574705947956087
17.23	24.62	1.0787939336150076
17.24	25.86	1.0135173175670031
17.23	27.08	1.162042826393236
17.21	28.27	1.2582229594147334
17.19	29.46	1.5066033376389507
17.16	30.65	1.2459538528836802
17.12	31.8	1.3334201445382856
17.06	32.9	1.0569977641844739
16.92	33.85	1.766724403269465
18.21	32.78	1.2589102621370385
18.31	31.74	1.076081395023479
18.37	30.61	1.3135086195036818
18.4	29.44	1.382829493147641
18.42	28.25	1.40173752912807
18.45	27.06	1.227636179172677
18.47	25.85	1.0825777196762445
18.47	24.63	1.0526824493581408
18.46	23.39	1.0733084189001731
18.46	22.15	1.0822703542264094
18.47	20.93	1.0792431806321119
18.47	19.7	1.1064106452664468
18.48	18.48	1.1571711604023207
18.48	17.25	1.1677007082216049
18.48	16.02	1.2161878806568893
18.48	14.79	1.166092526940533
18.49	13.56	1.140680108498021
18.49	12.33	1.1225214815605833
18.49	11.1	1.1473362915194842
18.49	9.86	1.183905968020592
18.49	8.63	1.1583585166515018
18.49	7.4	1.1320118551083151
18.49	6.16	1.1479574519375042
18.5	4.93	1.1078904504896254
18.5	3.7	1.1117489056981391
18.5	2.47	1.0974646915359312
18.5	1.23	1.064579642856467
18.5	-0.0	1.0903228036233248
18.5	-1.23	1.0634276743110673
18.5	-2.47	1.0715684690231075
18.5	-3.7	1.0633443318913933
18.5	-4.93	1.049512377326863
18.49	-6.16	1.0412084526440735
18.49	-7.4	1.0287065559149644
18.49	-8.63	1.0415436766554258
18.49	-9.86	1.0463071717646342
18.49	-11.1	1.0340358583472122
18.49	-12.33	1.0601391694387976
18.49	-13.56	1.0401124546409424
18.48	-14.79	1.0113169422457
18.48	-16.02	1.0042834088873125
18.48	-17.25	1.0321998271220405
18.48	-18.48	1.05303025802431
18.47	-19.7	1.0318550395787787
18.47	-20.93	1.0356567864983397
18.46	-22.15	1.0772807915754292
18.46	-23.39	1.0638533280684248
18.47	-24.63	1.10293773733353
18.47	-25.85	1.2460092911188534
18.45	-27.06	1.3583946894621333
18.42	-28.25	1.3519004168450968
18.4	-29.44	1.1043553408430036
18.37	-30.61	1.0324218452586544
18.31	-31.74	0.9805687620758841
18.21	-32.78	1.018453839506714
19.32	-32.6	1.2785493572211548
19.48	-31.66	1.0071501439468733
19.56	-30.56	0.979037936249993
19.61	-29.41	1.1032912868132305
19.63	-28.22	1.2104970940905346
19.66	-27.03	1.3640291781550715
19.68	-25.84	1.3491552229201433
19.7	-24.62	1.2008691439444332
19.7	-23.39	1.0913647351757856
19.69	-22.16	1.0614940245378843
19.69	-20.92	1.0450757951167988
19.7	-19.7	1.0466839943992383
19.7	-18.47	1.0560328321206551
19.71	-17.25	1.0903197928000177
19.71	-16.02	1.036080141645984
19.71	-14.78	1.0112953823057342
19.71	-13.55	1.0044970277891672
19.72	-12.32	1.0083978733102397
19.72	-11.09	1.0561977030497136
19.72	-9.86	1.089113614030838
19.72	-8.63	1.086679908063899
19.73	-7.4	1.0570348952060016
19.73	-6.16	1.0577446518346783
19.73	-4.93	1.0544533699570326
19.73	-3.7	1.0375998441922496
19.73	-2.47	1.0787291923842286
19.73	-1.23	1.0900336816438045
19.73	0.0	1.0689512077008576
19.73	1.23	1.0732231753029629
19.73	2.47	1.1038815230909353
19.73	3.7	1.1126509073514645
19.73	4.93	1.1329872932633522
19.73	6.16	1.1420564450067472
19.73	7.4	1.1488144813382135
19.72	8.63	1.1420468172759453
19.72	9.86	1.0993857995781875
19.72	11.09	1.1129599713727707
19.72	12.32	1.1295643477131918
19.71	13.55	1.231902578394454
19.71	14.78	1.2153351038756552
19.71	16.02	1.1473869009856799
19.71	17.25	1.1465246402530163
19.7	18.47	1.1124926323281077
19.7	19.7	1.0754498932680123
19.69	20.92	1.0581775245276077
19.69	22.16	1.0731621261341138
19.7	23.39	1.0792650435391469
19.7	24.62	1.0419259251570843
19.68	25.84	1.2378803537883165
19.66	27.03	1.3136783259067997
19.63	28.22	1.4661024760679044
19.61	29.41	1.3200353533205629
19.56	30.56	1.2539401719903616
19.48	31.66	1.0838692003919466
19.32	32.6	1.7621412268948067
20.61	31.52	1.3976352263715475
20.73	30.49	1.0268490134696204
20.8	29.36	1.3472714176476943
20.84	28.2	1.213202053750936
20.87	27.01	1.472326323305765
20.89	25.81	1.237267427436672
20.92	24.61	1.1560773670936166
20.93	23.39	1.0512169395834174
20.93	22.16	1.0822766758727287
20.92	20.92	1.066739099093871
20.92	19.69	1.0635414944247943
20.93	18.47	1.0718755480018078
20.93	17.24	1.0994970122219572
20.94	16.01	1.1489865076124985
20.94	14.78	1.158471381326005
20.94	13.55	1.1888041574765857
20.94	12.32	1.2532659110444255
20.95	11.09	1.1696323153913966
20.95	9.86	1.1153576949643416
20.95	8.63	1.084817401711251
20.95	7.4	1.0885625557879468
20.96	6.16	1.0992770464007142
20.96	4.93	1.1298834543372047
20.96	3.7	1.147618152384374
20.96	2.47	1.1193736849745353
20.96	1.23	1.0927024507499317
20.96	-0.0	1.0907070000223174
20.96	-1.23	1.0848849837775258
20.96	-2.47	1.094430320012048
20.96	-3.7	1.1120837860398192
20.96	-4.93	1.1369101366820988
20.96	-6.16	1.1237051223707883
20.95	-7.4	1.093091179536538
20.95	-8.63	1.0419267521555557
20.95	-9.86	1.0229546796703044
20.95	-11.09	1.0244323314285104
20.94	-12.32	1.020411642237912
20.94	-13.55	1.0433650150385576
20.94	-14.78	1.0273358126248304
20.94	-16.01	1.0476317706802831
20.93	-17.24	1.0499728697983706
20.93	-18.47	1.0367044671575911
20.92	-19.69	1.0663282065556672
20.92	-20.92	1.0501227662838017
20.93	-22.16	1.080992209097749
20.93	-23.39	1.203140545737135
20.92	-24.61	1.3167745509936317
20.89	-25.81	1.3625794623576448
20.87	-27.01	1.2793712791234508
20.84	-28.2	1.1117842224413188
20.8	-29.36	1.014497397569901
20.73	-30.49	0.9950404585072334
20.61	-31.52	1.012235075096708
21.63	-31.24	1.5350467710205713
21.87	-30.38	0.9813003459570613
21.97	-29.3	1.001556783828904
22.04	-28.16	1.0678397625526959
22.07	-26.98	1.1331791923127623
22.1	-25.78	1.2993375526263549
22.13	-24.59	1.3476267720368487
22.15	-23.38	1.2876606341005523
22.16	-22.16	1.196450393164186
22.16	-20.93	1.0834083655141562
22.16	-19.69	1.070174732670858
22.15	-18.46	1.0766284588880985
22.16	-17.23	1.0714153623289793
22.16	-16.01	1.0367503327164247
22.17	-14.78	1.0555769455214907
22.17	-13.55	1.0729139111583574
22.18	-12.32	1.0448819519926396
22.18	-11.09	1.0542293721810552
22.18	-9.86	1.0224922996419403
22.18	-8.62	1.0160081526391052
22.18	-7.39	1.0206610028664667
22.18	-6.16	1.0208708964594777
22.18	-4.93	1.028011929282422
22.19	-3.7	1.0305896018639338
22.19	-2.47	1.0383169754400443
22.19	-1.23	1.0336254280341253
22.19	0.0	1.0474774947739984
22.19	1.23	1.0485262422190056
22.19	2.47	1.061704945957608
22.19	3.7	1.0690982305682395
22.18	4.93	1.0606506563585416
22.18	6.16	1.0607009002642123
22.18	7.39	1.0854730310562015
22.18	8.62	1.1945242784898111
22.18	9.86	1.291207668297913
22.18	11.09	1.2472491073351408
22.18	12.32	1.1625124224824654
22.17	13.55	1.1466935003702536
22.17	14.78	1.1443494144189073
22.16	16.01	1.0933882995402122
22.16	17.23	1.0810868489073533
22.15	18.46	1.0572971861470482
22.16	19.69	1.0625011471805266
22.16	20.93	1.0871398933620071
22.16	22.16	1.0643171721600062
22.15	23.38	1.1554764635106194
22.13	24.59	1.2153725705759673
22.1	25.78	1.4447230544125214
22.07	26.98	1.26387538066537
22.04	28.16	1.3420411620643247
21.97	29.3	1.0662024562912
21.87	30.38	1.191564842831644
21.63	31.24	2.5
22.94	30.18	1.6726400342479097
23.12	29.2	1.1121938624960581
23.21	28.1	1.163075657706882
23.27	26.94	1.3652228956593166
23.31	25.76	1.3052643188051185
23.33	24.56	1.4094712127546396
23.36	23.36	1.189369743478692
23.38	22.15	1.1281534449914075
23.39	20.93	1.0811311539067878
23.39	19.7	1.0852625313762818
23.39	18.46	1.0550675901598456
23.38	17.23	1.0711749545275309
23.39	16.0	1.0918053324079828
23.39	14.77	1.085938451883857
23.4	13.55	1.1192383512247766
23.4	12.32	1.1326116112689135
23.41	11.09	1.1452020783154016
23.41	9.86	1.2013624097128108
23.41	8.62	1.3019752502137383
23.41	7.39	1.3816269662021945
23.41	6.16	1.3667025147345218
23.41	4.93	1.2363724119295743
23.41	3.7	1.1279013393077486
23.41	2.46	1.0651086125243117
23.41	1.23	1.0681336650784603
23.41	-0.0	1.0468318392873819
23.41	-1.23	1.0277713732496663
23.41	-2.46	1.0407741302159446
23.41	-3.7	1.0395673966472518
23.41	-4.93	1.016827408997142
23.41	-6.16	1.040356061973144
23.41	-7.39	1.0665468018681707
23.41	-8.62	1.0677418486222994
23.41	-9.86	1.0656923441962096
23.41	-11.09	1.0772756547996245
23.4	-12.32	1.0855220251629385
23.4	-13.55	1.0570792986306472
23.39	-14.77	1.0694661066929232
23.39	-16.0	1.0758843760477426
23.38	-17.23	1.0727224963223234
23.39	-18.46	1.082354805915834
23.39	-19.7	1.098116394257456
23.39	-20.93	1.2204947568999627
23.38	-22.15	1.297226405870024
23.36	-23.36	1.3358049579065696
23.33	-24.56	1.3097373199355191
23.31	-25.76	1.1539062087009766
23.27	-26.94	1.1050881383613653
23.21	-28.1	1.0638618232824113
23.12	-29.2	0.9875690045261827
22.94	-30.18	1.1378205037228621
24.2	-29.04	1.0662610111371453
24.36	-28.01	1.052130659666398
24.44	-26.89	1.085463581006218
24.5	-25.72	1.127145270510316
24.53	-24.53	1.1701753849055034
24.56	-23.33	1.2947646189370925
24.59	-22.13	1.3413306770091529
24.61	-20.92	1.3157256910830348
24.62	-19.7	1.240565630825385
24.63	-18.47	1.12750252982989
24.62	-17.23	1.0878930246185234
24.62	-16.0	1.0730888730280066
24.62	-14.77	1.0965579767108036
24.62	-13.54	1.099702382464156
24.63	-12.31	1.06534095926615
24.63	-11.08	1.0814002947775787
24.63	-9.85	1.0872708754553262
24.64	-8.62	1.0752504341259268
24.64	-7.39	1.1015597818188478
24.64	-6.16	1.0943241018371088
24.64	-4.93	1.104333952352155
24.64	-3.7	1.1220707587063297
24.64	-2.46	1.1374168887701641
24.64	-1.23	1.1893331813147299
24.64	0.0	1.2721803113075536
24.64	1.23	1.3275339827802846
24.64	2.46	1.4106138740225376
24.64	3.7	1.4098552012849028
24.64	4.93	1.3542388335994682
24.64	6.16	1.2671400970850346
24.64	7.39	1.1687746046872807
24.64	8.62	1.153848313208723
24.63	9.85	1.124930342126019
24.63	11.08	1.1272688568053209
24.63	12.31	1.0837311690360867
24.62	13.54	1.0708708313359718
24.62	14.77	1.0754039600197807
24.62	16.0	1.0689072334577094
24.62	17.23	1.0615354172614646
24.63	18.47	1.0501585221224659
24.62	19.7	1.0896177964383522
24.61	20.92	1.1392152349476632
24.59	22.13	1.183056822355252
24.56	23.33	1.37116551444932
24.53	24.53	1.3666524193956118
24.5	25.72	1.3204829321424505
24.44	26.89	1.1934736412026856
24.36	28.01	1.0625358210117088
24.2	29.04	1.4533837213641174
25.43	27.86	1.3378465139320035
25.59	26.8	1.036117751984202
25.67	25.67	1.1905882299946509
25.72	24.5	1.3146851021175134
25.76	23.31	1.344441257112985
25.78	22.1	1.3625301537350172
25.81	20.89	1.1840998716779794
25.84	19.68	1.1225070823896885
25.85	18.47	1.1130256445803717
25.86	17.24	1.0970370193883259
25.85	16.01	1.0607076878743147
25.85	14.77	1.05944349935156
25.85	13.54	1.0652839876276108
25.85	12.31	1.078722457258885
25.85	11.08	1.0722158984342425
25.85	9.85	1.09253412729678
25.86	8.62	1.1044613841677453
25.86	7.39	1.1188559931341144
25.87	6.16	1.1315241462888705
25.87	4.93	1.1227574710277164
25.87	3.7	1.1283266895961503
25.87	2.46	1.1274633925600632
25.87	1.23	1.1543574889292891
25.87	-0.0	1.1612231278220282
25.87	-1.23	1.1103527524542915
25.87	-2.46	1.1284866165285372
25.87	-3.7	1.0942147874813122
25.87	-4.93	1.0822099990069098
25.87	-6.16	1.0736366134031696
25.86	-7.39	1.0864806862179366
25.86	-8.62	1.09926887222802
25.85	-9.85	1.0901014333883419
25.85	-11.08	1.1221081425124924
25.85	-12.31	1.0828515182262706
25.85	-13.54	1.0886439412543725
25.85	-14.77	1.0827346585835542
25.85	-16.01	1.0960824546439234
25.86	-17.24	1.1734451092831861
25.85	-18.47	1.2603807210470128
25.84	-19.68	1.3238505086713879
25.81	-20.89	1.3393185152994942
25.78	-22.1	1.2835459739428163
25.76	-23.31	1.1624194229067228
25.72	-24.5	1.1327263993198038
25.67	-25.67	1.1018273768078757
25.59	-26.8	1.056805267173731
25.43	-27.86	1.0405523282118336
26.65	-26.65	1.0496426215127554
26.8	-25.59	1.078420119410998
26.89	-24.44	1.1107206190999666
26.94	-23.27	1.1549755524152996
26.98	-22.07	1.1763314098439022
27.01	-20.87	1.2432094218542833
27.03	-19.66	1.3493418189494966
27.06	-18.45	1.3111898434205926
27.08	-17.23	1.2472806182025975
27.09	-16.01	1.2179473997998427
27.09	-14.78	1.1503864345132273
27.08	-13.54	1.092512425833303
27.08	-12.31	1.0716941042760197
27.08	-11.08	1.0567626505938161
27.08	-9.85	1.0720978483779229
27.08	-8.62	1.086874517466243
27.08	-7.39	1.1225120826405632
27.08	-6.16	1.1200781416874763
27.09	-4.93	1.1102882971198405
27.09	-3.69	1.0805758814879498
27.09	-2.46	1.0832554617193946
27.09	-1.23	1.0913287616328766
27.09	0.0	1.0896259674234248
27.09	1.23	1.0806378576876075
27.09	2.46	1.0685661850977413
27.09	3.69	1.090711056468436
27.09	4.93	1.095749919035935
27.08	6.16	1.0808338141722018
27.08	7.39	1.0760389585497832
27.08	8.62	1.0622739907872543
27.08	9.85	1.088037020837306
27.08	11.08	1.068872237799913
27.08	12.31	1.0701108222247129
27.08	13.54	1.065953288756182
27.09	14.78	1.0710386795670903
27.09	16.01	1.1084821745796862
27.08	17.23	1.10029490331182
27.06	18.45	1.1325929468258469
27.03	19.66	1.2074427637292464
27.01	20.87	1.3711709999244288
26.98	22.07	1.293537061313545
26.94	23.27	1.3807437436625012
26.89	24.44	1.2715096726930586
26.8	25.59	1.03404823469024
26.65	26.65	1.3098547500390847
27.86	25.43	1.3110159936893968
28.01	24.36	1.0486972133211978
28.1	23.21	1.2250958153890332
28.16	22.04	1.5097287434700029
28.2	20.84	1.2471839422599507
28.22	19.63	1.3766137138181396
28.25	18.42	1.2302484896766845
28.27	17.21	1.1243208365547988
28.3	15.99	1.1020381356926539
28.31	14.77	1.1322169142212957
28.32	13.54	1.0942635696196898
28.32	12.31	1.0717023174253502
28.32	11.08	1.0755912813121675
28.31	9.85	1.0872551282435428
28.31	8.62	1.0523563022469595
28.31	7.38	1.0803705507375847
28.31	6.15	1.0729040383580362
28.31	4.92	1.0772806294046946
28.31	3.69	1.0455703167043122
28.31	2.46	1.0470568258567976
28.31	1.23	1.0494483640680317
28.31	-0.0	1.0495116897439791
28.31	-1.23	1.0476363086677605
28.31	-2.46	1.0492515537486868
28.31	-3.69	1.0558204823381292
28.31	-4.92	1.0546445115337448
28.31	-6.15	1.043622980228518
28.31	-7.38	1.0581762482890227
28.31	-8.62	1.0605141218285734
28.31	-9.85	1.0618836886407301
28.32	-11.08	1.0929903286106022
28.32	-12.31	1.1484778167798169
28.32	-13.54	1.1877284675307571
28.31	-14.77	1.2279763851811172
28.3	-15.99	1.2607948729175478
28.27	-17.21	1.2994417916343934
28.25	-18.42	1.2636457290303973
28.22	-19.63	1.2190597270985615
28.2	-20.84	1.192573965996706
28.16	-22.04	1.1464734684984101
28.1	-23.21	1.1215592907092242
28.01	-24.36	1.0830081665853175
27.86	-25.43	1.0356798635313647
29.04	-24.2	1.0884067188984181
29.2	-23.12	1.1031273908419736
29.3	-21.97	1.1376903158939697
29.36	-20.8	1.169409013198246
29.41	-19.61	1.1796694174487694
29.44	-18.4	1.1822912367785365
29.46	-17.19	1.2026058863663192
29.48	-15.97	1.2294595265648862
29.51	-14.75	1.218942013942491
29.53	-13.53	1.209461637559773
29.54	-12.31	1.1979633639697616
29.55	-11.08	1.1791656952955307
29.55	-9.85	1.1256430206041355
29.55	-8.62	1.105680706912537
29.55	-7.39	1.088338917945853
29.55	-6.16	1.0575642300376655
29.54	-4.92	1.075409680566647
29.54	-3.69	1.071230344542382
29.54	-2.46	1.0712142881094842
29.54	-1.23	1.0555924745895284
29.54	0.0	1.0712261860675767
29.54	1.23	1.0445240056566965
29.54	2.46	1.0480179809512151
29.54	3.69	1.0633062704442793
29.54	4.92	1.062385974196415
29.55	6.16	1.0823368328310643
29.55	7.39	1.0707858096841063
29.55	8.62	1.055742256712831
29.55	9.85	1.076963411354015
29.55	11.08	1.1091700855752542
29.54	12.31	1.095927370848547
29.53	13.53	1.0815734239849428
29.51	14.75	1.0693471513783113
29.48	15.97	1.1718106543685547
29.46	17.19	1.2861891587562795
29.44	18.4	1.3473591355168315
29.41	19.61	1.2992869246179435
29.36	20.8	1.5989781984220643
29.3	21.97	1.1473617785628694
29.2	23.12	1.0671294513912706
29.04	24.2	1.3519813020942024
30.18	22.94	1.4794650629289468
30.38	21.87	1.1271312758066
30.49	20.73	1.0731374370006481
30.56	19.56	1.4414688576363188
30.61	18.37	1.5219678631797873
30.65	17.16	1.2528180256846122
30.67	15.95	1.2954132939969698
30.69	14.73	1.2245965024233731
30.71	13.51	1.1389257394769325
30.73	12.29	1.0778154878087012
30.75	11.07	1.0466389521990394
30.76	9.84	1.0659092835165564
30.77	8.62	1.1126604513332294
30.78	7.39	1.1081298945441116
30.78	6.16	1.0771190900497718
30.78	4.93	1.0921397254429994
30.78	3.69	1.095590231812304
30.78	2.46	1.0918796173314345
30.78	1.23	1.0973735703524294
30.78	-0.0	1.0901484031701267
30.78	-1.23	1.0969734146368806
30.78	-2.46	1.0799235135377412
30.78	-3.69	1.0942636226709528
30.78	-4.93	1.0902734582624625
30.78	-6.16	1.1047868899576905
30.78	-7.39	1.1254183329594927
30.77	-8.62	1.158086111053203
30.76	-9.84	1.1802229419798484
30.75	-11.07	1.1659064585251242
30.73	-12.29	1.1738209996212863
30.71	-13.51	1.1873324121176836
30.69	-14.73	1.1758279272152636
30.67	-15.95	1.1726276492232879
30.65	-17.16	1.2052354702647445
30.61	-18.37	1.1814138385065052
30.56	-19.56	1.1482841967685067
30.49	-20.73	1.1681199375107552
30.38	-21.87	1.0982269931782307
30.18	-22.94	1.1034140292083379
31.24	-21.63	1.1361632888546662
31.52	-20.61	1.0858196568623493
31.66	-19.48	1.1447845478009384
31.74	-18.31	1.1695051037507165
31.8	-17.12	1.1653757721566205
31.84	-15.92	1.1986542158265294
31.87	-14.71	1.2240399579914163
31.9	-13.49	1.1932798112191145
31.91	-12.27	1.1331132471315852
31.93	-11.05	1.1419969674687094
31.95	-9.83	1.1478953486271406
31.96	-8.6	1.1428463437027911
31.97	-7.38	1.1283015869697888
31.98	-6.15	1.1398690960490931
31.99	-4.92	1.1925636778436655
32.0	-3.69	1.1692495632476358
32.0	-2.46	1.177077433330341
32.0	-1.23	1.179231491324078
32.0	0.0	1.1491058526652171
32.0	1.23	1.1192584624175286
32.0	2.46	1.0948821645248676
32.0	3.69	1.1031757168985816
31.99	4.92	1.093718099640535
31.98	6.15	1.0659574857671856
31.97	7.38	1.074379741691045
31.96	8.6	1.0451138084621325
31.95	9.83	1.0993295210487473
31.93	11.05	1.1401144729220718
31.91	12.27	1.1777291035060786
31.9	13.49	1.2706778238307095
31.87	14.71	1.2336132389708476
31.84	15.92	1.473154445674921
31.8	17.12	1.6206146563496908
31.74	18.31	1.2232502331770645
31.66	19.48	1.059054616891637
31.52	20.61	1.2039313623705628
31.24	21.63	2.0127868330587164
32.6	19.32	1.436163006969311
32.78	18.21	1.1504251398283971
32.9	17.06	1.107939872133695
32.97	15.87	1.296330741761719
33.02	14.67	1.6301594967541817
33.06	13.47	1.4841450577171598
33.09	12.25	1.2678698192490225
33.11	11.04	1.2318125994013949
33.13	9.82	1.203539064835426
33.14	8.59	1.1598664605842481
33.15	7.37	1.0990633054356378
33.16	6.14	1.0773040131052642
33.17	4.91	1.035337514689636
33.18	3.69	1.0357986271247484
33.18	2.46	1.0319267717630858
33.18	1.23	1.0412041160688679
33.19	-0.0	1.0407639058376787
33.18	-1.23	1.051341794189689
33.18	-2.46	1.0702532091162231
33.18	-3.69	1.070418507421051
33.17	-4.91	1.0786618647378932
33.16	-6.14	1.065484819259468
33.15	-7.37	1.0967807916019083
33.14	-8.59	1.1162674454177974
33.13	-9.82	1.1630555078225582
33.11	-11.04	1.2246112562577132
33.09	-12.25	1.1845324169764613
33.06	-13.47	1.1672212710112273
33.02	-14.67	1.1938071021487806
32.97	-15.87	1.2110523889457898
32.9	-17.06	1.1892523329108613
32.78	-18.21	1.1287632198790076
32.6	-19.32	1.1376411777444693
33.85	-16.92	1.1837468320485218
34.0	-15.79	1.1332319221414968
34.1	-14.62	1.1757447912701586
34.17	-13.42	1.2296987182370733
34.22	-12.22	1.1913412027367167
34.26	-11.01	1.1844517730555548
34.29	-9.8	1.1578966312112096
34.31	-8.58	1.1737870166222484
34.33	-7.36	1.1658401605299034
34.34	-6.13	1.1579328308971606
34.35	-4.91	1.1376699880611252
34.35	-3.68	1.1379518811814657
34.36	-2.45	1.1179771819571283
34.36	-1.23	1.1182574512645251
34.36	0.0	1.1012960473159712
34.36	1.23	1.1184713324171627
34.36	2.45	1.1298368650685848
34.35	3.68	1.1514135214084398
34.35	4.91	1.1694276865813382
34.34	6.13	1.183133047253751
34.33	7.36	1.192787012032797
34.31	8.58	1.2222561106714904
34.29	9.8	1.4012488571986221
34.26	11.01	1.5895598071817565
34.22	12.22	1.6274856817930017
34.17	13.42	1.2295753486240013
34.1	14.62	1.1150075960780956
34.0	15.79	1.1520776310148158
33.85	16.92	1.3543032538419677
35.02	14.49	1.4389686133085071
35.17	13.34	1.2284398140258004
35.27	12.16	1.1159903120859225
35.34	10.97	1.1628034533389728
35.39	9.76	1.3227589407176072
35.43	8.55	1.599534243478999
35.46	7.34	1.5969226230452316
35.48	6.12	1.4821580933436689
35.49	4.9	1.3726464462882664
35.51	3.67	1.2373180774945034
35.52	2.45	1.1893757874000208
35.52	1.22	1.1559191540116043
35.52	-0.0	1.135068753445239
35.52	-1.22	1.1390629154432457
35.52	-2.45	1.1349046855782339
35.51	-3.67	1.1528033361959604
35.49	-4.9	1.1646510740599076
35.48	-6.12	1.1854363028994408
35.46	-7.34	1.2106887760770206
35.43	-8.55	1.261550573896221
35.39	-9.76	1.2889563221343234
35.34	-10.97	1.2454777335137752
35.27	-12.16	1.1842116132498726
35.17	-13.34	1.208662094750439
35.02	-14.49	1.3160499842891422
36.05	-12.02	1.4824436432392964
36.26	-10.88	1.4138159540053934
36.37	-9.7	1.31665477450027
36.45	-8.51	1.2755147334265224
36.51	-7.3	1.245867318074727
36.55	-6.09	1.2725033962955905
36.58	-4.88	1.3254342628902709
36.6	-3.66	1.3733816891386263
36.61	-2.44	1.4144234044916182
36.62	-1.22	1.4525541657643686
36.62	0.0	1.4878156291112283
36.62	1.22	1.4788610783471885
36.61	2.44	1.451252436521271
36.6	3.66	1.39579275406291
36.58	4.88	1.2824548399865723
36.55	6.09	1.2086592310765223
36.51	7.3	1.1977920533776505
36.45	8.51	1.2094657891398395
36.37	9.7	1.2729667235845588
36.26	10.88	1.397495752247094
36.05	12.02	1.6755108993028038
37.3	7.22	1.5780002048871564
37.42	6.04	1.4853648670423238
37.5	4.84	1.4171167983862016
37.55	3.63	1.365790960483694
37.58	2.42	1.3628292361696275
37.6	1.21	1.3479946588315617
37.6	-0.0	1.3618180232029715
37.6	-1.21	1.3944285363585855
37.58	-2.42	1.4235936309163586
37.55	-3.63	1.4755522381147044
37.5	-4.84	1.5115337040981558
37.42	-6.04	1.5550250137632506
37.3	-7.22	1.6058413996310588
