-37.3	-7.22	1.3316935892122217
-37.42	-6.04	1.3463051832585577
-37.5	-4.84	1.3005518142837822
-37.55	-3.63	1.3037398833338765
-37.58	-2.42	1.3247887962401315
-37.6	-1.21	1.318745655282127
-37.6	0.0	1.342853683019296
-37.6	1.21	1.3443115741482305
-37.58	2.42	1.3791567338322874
-37.55	3.63	1.4042299706427608
-37.5	4.84	1.4594536369144944
-37.42	6.04	1.5156245707864144
-37.3	7.22	1.5760707336946114
-36.05	12.02	1.6671853232269367
-36.26	10.88	1.4397724892920998
-36.37	9.7	1.3114604289542466
-36.45	8.51	1.2181286511779348
-36.51	7.3	1.2120765340978688
-36.55	6.09	1.2954887996594397
-36.58	4.88	1.4142739138028917
-36.6	3.66	1.5394446248569418
-36.61	2.44	1.7367880072057567
-36.62	1.22	1.7337915000117254
-36.62	-0.0	1.6485431996103816
-36.62	-1.22	1.6166444642906894
-36.61	-2.44	1.5539162298446874
-36.6	-3.66	1.4449240057200763
-36.58	-4.88	1.35991745445728
-36.55	-6.09	1.2865297513730685
-36.51	-7.3	1.1242583195467812
-36.45	-8.51	1.104344100379194
-36.37	-9.7	1.073411739101883
-36.26	-10.88	1.1506541095054121
-36.05	-12.02	1.2032400590914563
-35.02	-14.49	0.9909056724715439
-35.17	-13.34	0.967881897161444
-35.27	-12.16	0.9809506463073863
-35.34	-10.97	1.1652204975858176
-35.39	-9.76	1.3677651367945902
-35.43	-8.55	1.4557325275477817
-35.46	-7.34	1.4707643300729059
-35.48	-6.12	1.405783241388347
-35.49	-4.9	1.3519599507816649
-35.51	-3.67	1.3051659291774822
-35.52	-2.45	1.318841648892831
-35.52	-1.22	1.3382353635952402
-35.52	0.0	1.3276236858557606
-35.52	1.22	1.376922556650869
-35.52	2.45	1.3991866789566068
-35.51	3.67	1.4938106028352882
-35.49	4.9	1.6999964019961853
-35.48	6.12	1.9535546169591145
-35.46	7.34	2.165678802253094
-35.43	8.55	1.934178937469504
-35.39	9.76	1.654540261521424
-35.34	10.97	1.2198407623527885
-35.27	12.16	1.1670625639646035
-35.17	13.34	1.2304024324491607
-35.02	14.49	1.4774483841183947
-33.85	16.92	1.3340561649327265
-34.0	15.79	1.1370394809675224
-34.1	14.62	1.1312896616151917
-34.17	13.42	1.4123569556776232
-34.22	12.22	2.119470481067779
-34.26	11.01	2.2750145432264732
-34.29	9.8	1.7672746275330642
-34.31	8.58	1.5232160248793551
-34.33	7.36	1.5499728408654834
-34.34	6.13	1.5487689409757248
-34.35	4.91	1.5202747055438328
-34.35	3.68	1.5071755758104306
-34.36	2.45	1.4644831479778926
-34.36	1.23	1.3842588533999756
-34.36	-0.0	1.3486606958359921
-34.36	-1.23	1.3534695128575933
-34.36	-2.45	1.3298461713460918
-34.35	-3.68	1.3275769758130345
-34.35	-4.91	1.3334325394765676
-34.34	-6.13	1.3071157897216787
-34.33	-7.36	1.2834478282650412
-34.31	-8.58	1.2195384132893095
-34.29	-9.8	1.181486448188914
-34.26	-11.01	1.2220309845686668
-34.22	-12.22	1.2765855884400938
-34.17	-13.42	1.212486825432527
-34.1	-14.62	1.0038124220207854
-34.0	-15.79	0.8735027582538581
-33.85	-16.92	0.9070887041343392
-32.6	-19.32	0.8571408364631958
-32.78	-18.21	0.8801233400777306
-32.9	-17.06	0.973538213125682
-32.97	-15.87	1.1868231838945853
-33.02	-14.67	1.149642879615456
-33.06	-13.47	1.067994658454701
-33.09	-12.25	1.1497500885170968
-33.11	-11.04	1.2136033864173115
-33.13	-9.82	1.1926632484487474
-33.14	-8.59	1.0735610440396623
-33.15	-7.37	1.0066955246773617
-33.16	-6.14	1.0098668178443235
-33.17	-4.91	1.026387713481915
-33.18	-3.69	1.0053629445526493
-33.18	-2.46	1.0498426237983889
-33.18	-1.23	1.0331612922256799
-33.19	0.0	1.0382879350833827
-33.18	1.23	1.0519171884493197
-33.18	2.46	1.0618631961949196
-33.18	3.69	1.0983981040986883
-33.17	4.91	1.0968908557669792
-33.16	6.14	1.1976376995395066
-33.15	7.37	1.3923136170392567
-33.14	8.59	1.568188867052557
-33.13	9.82	1.7071427115284612
-33.11	11.04	1.6850345295188358
-33.09	12.25	1.621017383712882
-33.06	13.47	2.020647882258462
-33.02	14.67	2.2320920027389004
-32.97	15.87	1.5070824561494778
-32.9	17.06	1.1145199640782613
-32.78	18.21	1.145715676652122
-32.6	19.32	1.3468527982105103
-31.24	21.63	1.7330480476631305
-31.52	20.61	1.1723014484091046
-31.66	19.48	1.0567273631614107
-31.74	18.31	1.336484745421104
-31.8	17.12	2.295544287414719
-31.84	15.92	1.8801937485819833
-31.87	14.71	1.737376539845493
-31.9	13.49	1.8174014002563013
-31.91	12.27	1.6306505448558406
-31.93	11.05	1.4042116046789204
-31.95	9.83	1.1584932092572142
-31.96	8.6	1.1253094866841096
-31.97	7.38	1.0998955497065381
-31.98	6.15	1.052032995925667
-31.99	4.92	0.9992400192617001
-32.0	3.69	0.9452674949282605
-32.0	2.46	0.9354443735639606
-32.0	1.23	0.9356828686102103
-32.0	-0.0	0.908682326147467
-32.0	-1.23	0.9164095659013958
-32.0	-2.46	0.9534718284874755
-32.0	-3.69	0.9276457512289102
-31.99	-4.92	0.9541878168975284
-31.98	-6.15	0.9631716736705798
-31.97	-7.38	0.9789939443354179
-31.96	-8.6	0.9841366347611729
-31.95	-9.83	1.0079801895462728
-31.93	-11.05	0.9877743852019734
-31.91	-12.27	0.9975089879465759
-31.9	-13.49	1.1044205034952768
-31.87	-14.71	1.1167470377263378
-31.84	-15.92	1.0192044861416587
-31.8	-17.12	1.033332724753258
-31.74	-18.31	1.044368170727454
-31.66	-19.48	0.8881981496839657
-31.52	-20.61	0.8170589759256233
-31.24	-21.63	0.9561773283479678
-30.18	-22.94	0.8616679087226577
-30.38	-21.87	0.8206467692430337
-30.49	-20.73	0.9925962152368566
-30.56	-19.56	1.0747643119270043
-30.61	-18.37	0.9653044680419995
-30.65	-17.16	1.0164690554305356
-30.67	-15.95	1.0644662630279136
-30.69	-14.73	0.983785089002791
-30.71	-13.51	1.0109064272989245
-30.73	-12.29	1.0078977967119673
-30.75	-11.07	1.006489078446969
-30.76	-9.84	0.9949093606889683
-30.77	-8.62	1.0289228781784079
-30.78	-7.39	1.0898200791618207
-30.78	-6.16	1.114022051864735
-30.78	-4.93	1.1237063236290812
-30.78	-3.69	1.1173018707345728
-30.78	-2.46	1.141182753962374
-30.78	-1.23	1.1339799932257293
-30.78	0.0	1.1177223140738368
-30.78	1.23	1.099206156012265
-30.78	2.46	1.095264991114723
-30.78	3.69	1.0437175633774363
-30.78	4.93	1.0239600531694943
-30.78	6.16	0.9911981505100265
-30.78	7.39	0.9812198771254623
-30.77	8.62	0.976484823409324
-30.76	9.84	1.0455525511684218
-30.75	11.07	1.131920889961311
-30.73	12.29	1.1984800333932384
-30.71	13.51	1.3347361357812968
-30.69	14.73	1.6549262510503224
-30.67	15.95	2.5
-30.65	17.16	1.7268408793473746
-30.61	18.37	2.200141268888652
-30.56	19.56	2.1449406908047948
-30.49	20.73	1.170101158353054
-30.38	21.87	1.0921387107218958
-30.18	22.94	1.3742403544107429
-29.04	24.2	1.2485464701095195
-29.2	23.12	1.041339017535159
-29.3	21.97	1.2781481908569479
-29.36	20.8	2.1343576119545276
-29.41	19.61	1.7134736525511514
-29.44	18.4	1.9340833112678393
-29.46	17.19	1.7274572677785551
-29.48	15.97	1.3701827050937245
-29.51	14.75	1.190386796305079
-29.53	13.53	1.1495871695705144
-29.54	12.31	1.0412955210690171
-29.55	11.08	0.9877813257946908
-29.55	9.85	1.0200650360597585
-29.55	8.62	1.042321026797401
-29.55	7.39	1.0659059567739906
-29.55	6.16	1.0365816939415033
-29.54	4.92	1.0251847837810288
-29.54	3.69	0.9790867895131905
-29.54	2.46	0.9763488249471681
-29.54	1.23	0.953409474062048
-29.54	-0.0	0.9481347998636913
-29.54	-1.23	0.9749861817209986
-29.54	-2.46	0.9771049940978447
-29.54	-3.69	0.9767123420490069
-29.54	-4.92	1.0184936331728203
-29.55	-6.16	1.0550560041922878
-29.55	-7.39	1.0674374788102554
-29.55	-8.62	1.1055095263640924
-29.55	-9.85	1.1308551405559486
-29.55	-11.08	1.108499164435801
-29.54	-12.31	1.0883156730514099
-29.53	-13.53	1.072465778322953
-29.51	-14.75	1.0517083087626178
-29.48	-15.97	1.047088688664413
-29.46	-17.19	1.0137469311750111
-29.44	-18.4	1.0105318761860849
-29.41	-19.61	0.995596568322485
-29.36	-20.8	0.9801859116308798
-29.3	-21.97	0.9932710010630199
-29.2	-23.12	0.8435980451090694
-29.04	-24.2	0.8306501857500335
-27.86	-25.43	0.8414849819177403
-28.01	-24.36	0.8628296478807052
-28.1	-23.21	0.9332684662691335
-28.16	-22.04	0.93748187015398
-28.2	-20.84	0.9409189741574497
-28.22	-19.63	0.9632326177635786
-28.25	-18.42	1.0685767513717686
-28.27	-17.21	1.105007465917451
-28.3	-15.99	1.0852901375009303
-28.31	-14.77	1.1587491838266466
-28.32	-13.54	1.160505801765293
-28.32	-12.31	1.1211052228208462
-28.32	-11.08	1.0518180628763254
-28.31	-9.85	1.0011848894484556
-28.31	-8.62	0.965043806467893
-28.31	-7.38	0.9348291107051718
-28.31	-6.15	0.9092585999893865
-28.31	-4.92	0.8972015773842967
-28.31	-3.69	0.9258442485208835
-28.31	-2.46	0.9039080667409074
-28.31	-1.23	0.9152631202156725
-28.31	0.0	0.9338505480404722
-28.31	1.23	0.9177052065926041
-28.31	2.46	0.9113454049662453
-28.31	3.69	0.9300323110863165
-28.31	4.92	0.9184671541378195
-28.31	6.15	0.9259221813088914
-28.31	7.38	0.9393471554880906
-28.31	8.62	0.9675009390007681
-28.31	9.85	1.0054497938611862
-28.32	11.08	1.0220023460330188
-28.32	12.31	1.0283826924492967
-28.32	13.54	1.0149762853749733
-28.31	14.77	1.0389495183201216
-28.3	15.99	1.2040648761565667
-28.27	17.21	1.2471516071984778
-28.25	18.42	1.5382084592351175
-28.22	19.63	1.9410085453634016
-28.2	20.84	1.5910808519107897
-28.16	22.04	1.8480877206503523
-28.1	23.21	1.2882186177421007
-28.01	24.36	1.0734624743923327
-27.86	25.43	1.2127771209200668
-26.65	26.65	1.2424672644557955
-26.8	25.59	1.058595691211127
-26.89	24.44	1.375516159728405
-26.94	23.27	1.6389382779392037
-26.98	22.07	1.8667110225029218
-27.01	20.87	1.878090914146492
-27.03	19.66	1.4065031228344749
-27.06	18.45	1.2463743996031615
-27.08	17.23	1.1206034668660134
-27.09	16.01	0.977426037919102
-27.09	14.78	1.0313971852491335
-27.08	13.54	1.018778722319647
-27.08	12.31	0.9489531452515276
-27.08	11.08	0.9592276589451831
-27.08	9.85	0.9314203031067612
-27.08	8.62	0.926809837761839
-27.08	7.39	0.9558415156498823
-27.08	6.16	0.9405777533522155
-27.09	4.93	0.9592539458960108
-27.09	3.69	0.972107464884278
-27.09	2.46	1.0389574947902354
-27.09	1.23	1.0217343712934586
-27.09	-0.0	0.9732488723096413
-27.09	-1.23	0.9508799220377995
-27.09	-2.46	0.970770750405002
-27.09	-3.69	0.9800708476396958
-27.09	-4.93	0.981566788225078
-27.08	-6.16	0.9900334575448166
-27.08	-7.39	0.9553405056458333
-27.08	-8.62	0.9134909517942678
-27.08	-9.85	0.9206228352079835
-27.08	-11.08	0.892709154108883
-27.08	-12.31	0.9277918385319133
-27.08	-13.54	1.0022277532534325
-27.09	-14.78	1.1235784510640876
-27.09	-16.01	1.2064445717217787
-27.08	-17.23	1.1724947940260684
-27.06	-18.45	1.1699016671416782
-27.03	-19.66	1.1261073463675766
-27.01	-20.87	0.9748203812769809
-26.98	-22.07	0.942174252217419
-26.94	-23.27	0.9134376643883755
-26.89	-24.44	0.9096581596515048
-26.8	-25.59	0.8488946389585799
-26.65	-26.65	0.8532734841570777
-25.43	-27.86	0.8611282619737111
-25.59	-26.8	0.8690839687258496
-25.67	-25.67	0.91802749379855
-25.72	-24.5	0.9411697417303433
-25.76	-23.31	0.9264871842874056
-25.78	-22.1	1.0688781251006043
-25.81	-20.89	1.1807308520960182
-25.84	-19.68	1.20909739969819
-25.85	-18.47	1.2274619132978115
-25.86	-17.24	1.1699318128158644
-25.85	-16.01	1.0181895418086437
-25.85	-14.77	0.9050499063191877
-25.85	-13.54	0.8753390011422821
-25.85	-12.31	0.9187178594050893
-25.85	-11.08	0.9701647474579627
-25.85	-9.85	0.9881029518862992
-25.86	-8.62	0.9620551401199586
-25.86	-7.39	1.0134579203702607
-25.87	-6.16	1.0066327002605027
-25.87	-4.93	1.0310790744593277
-25.87	-3.7	0.9849460465177788
-25.87	-2.46	1.0031731479922392
-25.87	-1.23	1.0946016106681267
-25.87	0.0	1.114914613024844
-25.87	1.23	1.0873467222673208
-25.87	2.46	1.1219794606229216
-25.87	3.7	1.0557250763021582
-25.87	4.93	0.9874329820247398
-25.87	6.16	0.9991677792680287
-25.86	7.39	1.0018078943273263
-25.86	8.62	0.9691282348612198
-25.85	9.85	0.9377592088326034
-25.85	11.08	0.9283918270566414
-25.85	12.31	0.9102795846911329
-25.85	13.54	0.9145812723630087
-25.85	14.77	0.9644336619076093
-25.85	16.01	1.0306076281293457
-25.86	17.24	1.0352956607348691
-25.85	18.47	1.0559252491816107
-25.84	19.68	1.244312039232664
-25.81	20.89	1.3808018786957375
-25.78	22.1	1.715898795139685
-25.76	23.31	1.9741323537084305
-25.72	24.5	1.595339543799339
-25.67	25.67	1.3586912341894095
-25.59	26.8	1.0598710864788874
-25.43	27.86	1.232292725690681
-24.2	29.04	1.303110971330561
-24.36	28.01	1.0374545623995566
-24.44	26.89	1.306056514546876
-24.5	25.72	1.6447239581940405
-24.53	24.53	1.9688175312368927
-24.56	23.33	1.6969912701842667
-24.59	22.13	1.3863765522437657
-24.61	20.92	1.2548616005254978
-24.62	19.7	1.0368847756880317
-24.63	18.47	1.0211137172509623
-24.62	17.23	0.9665717173428723
-24.62	16.0	0.8792842861615284
-24.62	14.77	0.8739135133432399
-24.62	13.54	0.8877016661752766
-24.63	12.31	0.9493888809041797
-24.63	11.08	0.9688827095780441
-24.63	9.85	1.0081677112831944
-24.64	8.62	0.9982845769409359
-24.64	7.39	1.1670734820906645
-24.64	6.16	1.1953810255540462
-24.64	4.93	1.0358202098916136
-24.64	3.7	0.9424133645601573
-24.64	2.46	0.892260829851395
-24.64	1.23	0.9035466213948018
-24.64	-0.0	0.8892857508419727
-24.64	-1.23	0.8509586244727281
-24.64	-2.46	0.8442375605886019
-24.64	-3.7	0.8730798037962515
-24.64	-4.93	0.9150541126127765
-24.64	-6.16	0.943007278013984
-24.64	-7.39	1.0134908607532456
-24.64	-8.62	1.081747068675524
-24.63	-9.85	0.9453712998220354
-24.63	-11.08	0.8881423506563992
-24.63	-12.31	0.8988680374516189
-24.62	-13.54	0.8999664342893112
-24.62	-14.77	0.8993403599241603
-24.62	-16.0	0.8719259864283586
-24.62	-17.23	0.9072311157735928
-24.63	-18.47	1.0839223257179817
-24.62	-19.7	1.2092217677664854
-24.61	-20.92	1.2371578348030043
-24.59	-22.13	1.2170644168200404
-24.56	-23.33	1.1120287289655026
-24.53	-24.53	0.8882193991455889
-24.5	-25.72	0.9084939366489699
-24.44	-26.89	0.8654401856298897
-24.36	-28.01	0.8091257170946768
-24.2	-29.04	0.9687672503211564
-22.94	-30.18	1.2298975942842114
-23.12	-29.2	0.8207572097294937
-23.21	-28.1	0.9125327420297129
-23.27	-26.94	0.8720573888760903
-23.31	-25.76	0.9217320134881168
-23.33	-24.56	1.1638986351358334
-23.36	-23.36	1.2631147844472839
-23.38	-22.15	1.2769002754652305
-23.39	-20.93	1.1828291602041796
-23.39	-19.7	0.9782204460115773
-23.39	-18.46	0.8864802517627615
-23.38	-17.23	0.8840349159131788
-23.39	-16.0	0.8972525422262079
-23.39	-14.77	0.8787564393846283
-23.4	-13.55	0.8934457752963398
-23.4	-12.32	0.9416385569577574
-23.41	-11.09	0.9301372364812002
-23.41	-9.86	0.8662788893983899
-23.41	-8.62	0.8486559534143847
-23.41	-7.39	0.8176192604900265
-23.41	-6.16	0.8262081315104801
-23.41	-4.93	0.8030107366199344
-23.41	-3.7	0.8183556536535219
-23.41	-2.46	0.8127268033526942
-23.41	-1.23	0.8129483230548127
-23.41	0.0	0.8267578271344691
-23.41	1.23	0.7971021724292848
-23.41	2.46	0.8167843406143751
-23.41	3.7	0.8188729307344413
-23.41	4.93	0.8457306877065243
-23.41	6.16	0.9659728971578545
-23.41	7.39	1.136149145603306
-23.41	8.62	1.289373645861871
-23.41	9.86	1.173160810452174
-23.41	11.09	1.0244720068537632
-23.4	12.32	1.0083677107360973
-23.4	13.55	0.9195418742261294
-23.39	14.77	0.8936348313671028
-23.39	16.0	0.8631953835494084
-23.38	17.23	0.8778108131995843
-23.39	18.46	0.8869703622171512
-23.39	19.7	1.0379079140392067
-23.39	20.93	1.0703670726640127
-23.38	22.15	1.248545321083654
-23.36	23.36	1.4103926994138405
-23.33	24.56	1.6947678732968487
-23.31	25.76	1.8850898260772286
-23.27	26.94	1.6860687570972264
-23.21	28.1	1.2676733343645985
-23.12	29.2	1.0464443796263314
-22.94	30.18	1.5737271364244974
-21.63	31.24	2.1240337259407083
-21.87	30.38	1.0887384040681267
-21.97	29.3	1.1157849275796936
-22.04	28.16	1.5943489237409159
-22.07	26.98	1.7756793277028393
-22.1	25.78	1.8243465472115874
-22.13	24.59	1.4865862626244368
-22.15	23.38	1.2616684353636707
-22.16	22.16	1.0541409230093244
-22.16	20.93	1.0394735631727157
-22.16	19.69	0.8745116685481449
-22.15	18.46	0.8522365335681856
-22.16	17.23	0.8668295850558003
-22.16	16.01	0.8814468827066388
-22.17	14.78	0.9141783355896802
-22.17	13.55	0.9503359859818676
-22.18	12.32	1.0877410890279755
-22.18	11.09	1.0504800541311905
-22.18	9.86	0.9344458469591554
-22.18	8.62	0.8503103140457444
-22.18	7.39	0.8330232562667703
-22.18	6.16	0.830042550335012
-22.18	4.93	0.8340517528725622
-22.19	3.7	0.8605348566964244
-22.19	2.47	0.9105982472720839
-22.19	1.23	0.9141430925387635
-22.19	-0.0	0.9151247340586002
-22.19	-1.23	0.8946236547065052
-22.19	-2.47	0.8713177448622256
-22.19	-3.7	0.8784947426454446
-22.18	-4.93	0.8671702115182516
-22.18	-6.16	0.8404420705777031
-22.18	-7.39	0.8269163323966584
-22.18	-8.62	0.804380593064046
-22.18	-9.86	0.8319355359209792
-22.18	-11.09	0.8231325753006891
-22.18	-12.32	0.8951615636830459
-22.17	-13.55	1.0484525054195775
-22.17	-14.78	0.9299284226138553
-22.16	-16.01	0.8898910149681507
-22.16	-17.23	0.8706330632651369
-22.15	-18.46	0.8496456715298306
-22.16	-19.69	0.8491202126842836
-22.16	-20.93	0.9570041501287063
-22.16	-22.16	1.1812676666777495
-22.15	-23.38	1.2624409688968168
-22.13	-24.59	1.2879664501903223
-22.1	-25.78	1.1712180386941302
-22.07	-26.98	0.8868391137921785
-22.04	-28.16	0.8922026768370923
-21.97	-29.3	0.8894214592115457
-21.87	-30.38	0.8713441211705755
-21.63	-31.24	2.100886062407092
-20.61	-31.52	1.0383204196445996
-20.73	-30.49	0.8671117896081881
-20.8	-29.36	0.8867115950427129
-20.84	-28.2	0.8816378129006663
-20.87	-27.01	1.0984479758998633
-20.89	-25.81	1.2892261499001343
-20.92	-24.61	1.2930985119510066
-20.93	-23.39	1.161892908374612
-20.93	-22.16	0.913533840505889
-20.92	-20.92	0.8486728194966258
-20.92	-19.69	0.8492519739476032
-20.93	-18.47	0.8741000271911972
-20.93	-17.24	0.9235703597493403
-20.94	-16.01	1.0104913469301904
-20.94	-14.78	0.9226086296834506
-20.94	-13.55	0.8201915509952054
-20.94	-12.32	0.8076274466326954
-20.95	-11.09	0.8058940778837922
-20.95	-9.86	0.8556321759096805
-20.95	-8.63	0.8546798596373524
-20.95	-7.4	0.8761478974622703
-20.96	-6.16	0.8560201422979947
-20.96	-4.93	0.8508393875414688
-20.96	-3.7	0.8410081234727684
-20.96	-2.47	0.8396088216436919
-20.96	-1.23	0.8464411771481037
-20.96	0.0	0.8454525595797424
-20.96	1.23	0.8497832272988877
-20.96	2.47	0.8739990726297773
-20.96	3.7	0.8597804814627423
-20.96	4.93	0.9076290924577979
-20.96	6.16	0.9136488618746155
-20.95	7.4	0.8633978074727899
-20.95	8.63	0.8416131362989869
-20.95	9.86	0.8310421074477699
-20.95	11.09	0.8500159104191827
-20.94	12.32	0.8757139798648739
-20.94	13.55	0.9599112039167776
-20.94	14.78	0.9046545851758765
-20.94	16.01	0.9381358269200373
-20.93	17.24	0.8763678013955527
-20.93	18.47	0.859445629484088
-20.92	19.69	0.8454358127630908
-20.92	20.92	0.8648248529468123
-20.93	22.16	1.0839313136818438
-20.93	23.39	1.0571020894753929
-20.92	24.61	1.322717382437908
-20.89	25.81	1.5633712694880106
-20.87	27.01	1.8464031516401302
-20.84	28.2	1.5773184714415658
-20.8	29.36	1.6870279728896955
-20.73	30.49	1.014323598970841
-20.61	31.52	1.2282029639567984
-19.32	32.6	1.5941525425376089
-19.48	31.66	1.0283279909178553
-19.56	30.56	1.2590364790023063
-19.61	29.41	1.4565288146390163
-19.63	28.22	1.8759294296100997
-19.66	27.03	1.6191050276514467
-19.68	25.84	1.3535608636295349
-19.7	24.62	1.0896567416020293
-19.7	23.39	1.1188665970785667
-19.69	22.16	0.9192672451675055
-19.69	20.92	0.8526891341705101
-19.7	19.7	0.847342364524243
-19.7	18.47	0.9320901050504249
-19.71	17.25	0.9752879182971528
-19.71	16.02	0.9131355278383619
-19.71	14.78	0.9259811551658483
-19.71	13.55	0.8502874763250299
-19.72	12.32	0.8412280059608266
-19.72	11.09	0.8429195862261167
-19.72	9.86	0.8876903543399708
-19.72	8.63	0.9150600647732325
-19.73	7.4	0.8795488568812431
-19.73	6.16	0.8840900369527604
-19.73	4.93	0.8568937328166868
-19.73	3.7	0.8319345770517987
-19.73	2.47	0.8400683621338443
-19.73	1.23	0.8504720446555787
-19.73	-0.0	0.8508602465083843
-19.73	-1.23	0.8408823189830663
-19.73	-2.47	0.8494995268183132
-19.73	-3.7	0.8210115177727593
-19.73	-4.93	0.830663439556961
-19.73	-6.16	0.8357207430323221
-19.73	-7.4	0.8487475155602988
-19.72	-8.63	0.8429968181519616
-19.72	-9.86	0.835620016268904
-19.72	-11.09	0.8439360140521206
-19.72	-12.32	0.8131112289788973
-19.71	-13.55	0.7979656452925585
-19.71	-14.78	0.8098999224956938
-19.71	-16.02	0.8285874055050364
-19.71	-17.25	1.013324606652839
-19.7	-18.47	0.8499068729516148
-19.7	-19.7	0.8491641772437486
-19.69	-20.92	0.8627619433915088
-19.69	-22.16	0.8526159573791245
-19.7	-23.39	0.936582140637797
-19.7	-24.62	1.1727858584523467
-19.68	-25.84	1.324785419689615
-19.66	-27.03	1.3023398777360304
-19.63	-28.22	1.0421119748844285
-19.61	-29.41	0.9173859628873711
-19.56	-30.56	0.8824880678353892
-19.48	-31.66	0.8840115881811172
-19.32	-32.6	1.9656187767089959
-18.21	-32.78	0.9856442847114302
-18.31	-31.74	0.9175569128374406
-18.37	-30.61	0.9726604294280108
-18.4	-29.44	0.9684903851337356
-18.42	-28.25	1.2696668860922289
-18.45	-27.06	1.3298605183915049
-18.47	-25.85	1.2195591183679886
-18.47	-24.63	0.9905634949519886
-18.46	-23.39	0.8429324581539541
-18.46	-22.15	0.8516377218817963
-18.47	-20.93	0.8619810500278984
-18.47	-19.7	0.8393234792331157
-18.48	-18.48	0.8558597694403991
-18.48	-17.25	0.8505716683746467
-18.48	-16.02	0.8021566596250418
-18.48	-14.79	0.8136748315358835
-18.49	-13.56	0.807906923179412
-18.49	-12.33	0.8410135902816087
-18.49	-11.1	0.8359454413828278
-18.49	-9.86	0.807890807872214
-18.49	-8.63	0.8055573618160397
-18.49	-7.4	0.8346251240125042
-18.49	-6.16	0.8271230661079372
-18.5	-4.93	0.8601153623573818
-18.5	-3.7	0.8763044003389879
-18.5	-2.47	0.9193227174332854
-18.5	-1.23	0.8585386448330183
-18.5	0.0	0.8564256456283825
-18.5	1.23	0.9386889084244121
-18.5	2.47	0.8891091341603508
-18.5	3.7	0.9188235457555578
-18.5	4.93	0.9182081288978408
-18.49	6.16	0.9244597986482432
-18.49	7.4	0.8708525425341129
-18.49	8.63	0.9218974528184027
-18.49	9.86	0.8764430073907921
-18.49	11.1	0.8961623471802094
-18.49	12.33	0.8634875368168782
-18.49	13.56	0.849530984491035
-18.48	14.79	0.8642065383783848
-18.48	16.02	0.9017299780219767
-18.48	17.25	0.9211175631936843
-18.48	18.48	0.9434931996249452
-18.47	19.7	0.9488670576990756
-18.47	20.93	0.8547800524534521
-18.46	22.15	0.8608769614986489
-18.46	23.39	0.9388484792234397
-18.47	24.63	1.1248242695317003
-18.47	25.85	1.161996395702614
-18.45	27.06	1.4087031116289968
-18.42	28.25	1.6083151012732344
-18.4	29.44	1.7385221208584314
-18.37	30.61	1.748922953942417
-18.31	31.74	1.0836602098342922
-18.21	32.78	1.1355236014247883
-16.92	33.85	1.567305065195768
-17.06	32.9	0.9955690774281027
-17.12	31.8	1.7110265969664802
-17.16	30.65	1.600963625140487
-17.19	29.46	1.744582173770799
-17.21	28.27	1.4890961279888941
-17.23	27.08	1.2848790633147447
-17.24	25.86	1.088928240989171
-17.23	24.62	1.0425212126655916
-17.23	23.38	0.8773596411652518
-17.23	22.16	0.8585274244653016
-17.24	20.93	0.9181163710423981
-17.25	19.71	0.9402085762818144
-17.25	18.48	0.9262008546604186
-17.25	17.25	0.9368261161467366
-17.25	16.02	0.8730895948858972
-17.25	14.79	0.8408041004574232
-17.26	13.56	0.9167608244485601
-17.26	12.33	0.9104917149621983
-17.26	11.1	0.8712334352441324
-17.26	9.86	0.918536071046347
-17.26	8.63	0.8562907132694182
-17.26	7.4	0.8874002683641082
-17.26	6.17	0.8562248226791898
-17.26	4.93	0.8870233356848489
-17.27	3.7	0.8664175501823976
-17.27	2.47	0.8931414393977475
-17.27	1.23	0.8734300848735863
-17.27	-0.0	0.8961192869824686
-17.27	-1.23	0.8887372879202609
-17.27	-2.47	0.8752304924641567
-17.27	-3.7	0.893617961286183
-17.26	-4.93	0.9089358070834708
-17.26	-6.17	0.9300882324452564
-17.26	-7.4	0.8820020624542746
-17.26	-8.63	0.8545181852724522
-17.26	-9.86	0.8175982843523961
-17.26	-11.1	0.8060172975399826
-17.26	-12.33	0.8243393265862329
-17.26	-13.56	0.826517025571416
-17.25	-14.79	0.8286377253656951
-17.25	-16.02	0.8205847876198913
-17.25	-17.25	0.8001960917478392
-17.25	-18.48	0.8058773946788298
-17.25	-19.71	0.8563443381965055
-17.24	-20.93	0.8558044185848379
-17.23	-22.16	0.8630136616662121
-17.23	-23.38	0.8519171029001864
-17.23	-24.62	0.847906638423356
-17.24	-25.86	1.014252825350976
-17.23	-27.08	1.2898761379700288
-17.21	-28.27	1.3513317769137068
-17.19	-29.46	1.2057215868786582
-17.16	-30.65	0.9630287129056816
-17.12	-31.8	0.8867241088260318
-17.06	-32.9	0.8888943782904963
-16.92	-33.85	2.082152992092264
-15.79	-34.0	1.1258691550990632
-15.87	-32.97	0.883447454739934
-15.92	-31.84	1.0054921590320722
-15.95	-30.67	1.070471910868882
-15.97	-29.48	1.3894310463161226
-15.99	-28.3	1.3430344840698716
-16.01	-27.09	1.1662327410946052
-16.01	-25.85	0.8858121673079191
-16.0	-24.62	0.8385800040851894
-16.0	-23.39	0.853354825447389
-16.01	-22.16	0.8468062577098578
-16.01	-20.94	0.854470543111514
-16.02	-19.71	0.8161733434978409
-16.02	-18.48	0.813576993524654
-16.02	-17.25	0.7732454424842228
-16.02	-16.02	0.820670213065001
-16.03	-14.79	0.8266074178350991
-16.03	-13.56	0.8101074145467866
-16.03	-12.33	0.8312716112866481
-16.03	-11.1	0.8372483734742708
-16.03	-9.86	0.8438847262082092
-16.03	-8.63	0.8581357960577201
-16.03	-7.4	0.9153866762831466
-16.03	-6.17	0.8874700237989419
-16.04	-4.93	0.8943234426440441
-16.04	-3.7	0.9010950518283121
-16.04	-2.47	0.8962671049045898
-16.04	-1.23	0.9121355456949924
-16.04	0.0	0.9061777978610994
-16.04	1.23	0.8978122188819517
-16.04	2.47	0.9258041505773704
-16.04	3.7	0.9426409104469302
-16.04	4.93	0.9243957656581747
-16.03	6.17	0.9061904645503187
-16.03	7.4	0.9664228718083132
-16.03	8.63	0.9372639499962077
-16.03	9.86	0.8555510153649513
-16.03	11.1	0.9051164528376354
-16.03	12.33	0.8602111101875582
-16.03	13.56	0.9052500822678482
-16.03	14.79	0.925542669224221
-16.02	16.02	0.8391242034028803
-16.02	17.25	0.8557219690297462
-16.02	18.48	0.9323317057543248
-16.02	19.71	0.9116385292165177
-16.01	20.94	0.9891428698788474
-16.01	22.16	0.8871929560000353
-16.0	23.39	0.8839455100065807
-16.0	24.62	0.9621014807085873
-16.01	25.85	1.096331124145351
-16.01	27.09	1.1449920973730343
-15.99	28.3	1.3285757585165676
-15.97	29.48	1.4842247818055263
-15.95	30.67	1.7754080976886888
-15.92	31.84	1.6099687935388811
-15.87	32.97	1.017982814109498
-15.79	34.0	1.117601393444959
-14.49	35.02	1.7340013765688749
-14.62	34.1	1.006264071172697
-14.67	33.02	1.5869545894402304
-14.71	31.87	1.5451640604175632
-14.73	30.69	1.6402661392526943
-14.75	29.51	1.3305454916775812
-14.77	28.31	1.2525130593881126
-14.78	27.09	1.150879995817478
-14.77	25.85	1.0204721226912508
-14.77	24.62	0.8880265031683159
-14.77	23.39	0.9062378055025411
-14.78	22.17	0.9794549396198633
-14.78	20.94	0.9390227157261481
-14.78	19.71	0.9798965275824596
-14.79	18.48	0.9135216238032076
-14.79	17.25	0.8596837019530579
-14.79	16.03	0.9084478027963687
-14.79	14.79	0.9125134016344516
-14.8	13.56	0.8803264139172375
-14.8	12.33	0.9297446809057082
-14.8	11.1	0.8760526844677674
-14.8	9.87	0.8513044212112728
-14.8	8.63	0.8824421362705603
-14.8	7.4	0.919269830779057
-14.8	6.17	0.8905227626779455
-14.8	4.93	0.88830488127671
-14.8	3.7	0.9067929908002768
-14.8	2.47	0.9278012926333821
-14.8	1.23	0.8977240093141408
-14.8	-0.0	0.8924782009553578
-14.8	-1.23	0.8663243752819936
-14.8	-2.47	0.881246238098985
-14.8	-3.7	0.8716746951115599
-14.8	-4.93	0.8461050098867515
-14.8	-6.17	0.8760917080862232
-14.8	-7.4	0.8591206427870599
-14.8	-8.63	0.8707075175154237
-14.8	-9.87	0.8582752760470722
-14.8	-11.1	0.8485782961123931
-14.8	-12.33	0.8868673975372534
-14.8	-13.56	0.8803100715780232
-14.79	-14.79	0.8216931173048447
-14.79	-16.03	0.8178479716576259
-14.79	-17.25	0.8056640127946357
-14.79	-18.48	0.8045593583021002
-14.78	-19.71	0.834110214823296
-14.78	-20.94	0.8511535424039405
-14.78	-22.17	0.9455922523650635
-14.77	-23.39	0.8700807025736479
-14.77	-24.62	0.8363346391304569
-14.77	-25.85	0.8583848910180887
-14.78	-27.09	0.9454602092521744
-14.77	-28.31	1.2534828072389992
-14.75	-29.51	1.4225748945511807
-14.73	-30.69	1.2893663210004185
-14.71	-31.87	0.983780025620062
-14.67	-33.02	0.9040344422680846
-14.62	-34.1	0.9173133471453818
-14.49	-35.02	2.5
-13.34	-35.17	1.4447973138936918
-13.42	-34.17	0.8847574115013117
-13.47	-33.06	1.0141218692396894
-13.49	-31.9	1.049486591232931
-13.51	-30.71	1.430223182152207
-13.53	-29.53	1.3904831783812623
-13.54	-28.32	1.0803039066467868
-13.54	-27.08	0.8439326251302717
-13.54	-25.85	0.8536068418811134
-13.54	-24.62	0.857155255193593
-13.55	-23.4	0.9262139946079113
-13.55	-22.17	0.8985987054995235
-13.55	-20.94	0.8135640959807589
-13.55	-19.71	0.8111568198995194
-13.56	-18.49	0.8082449123779387
-13.56	-17.26	0.8144472144781325
-13.56	-16.03	0.8410002872699431
-13.56	-14.8	0.8502301331840689
-13.56	-13.56	0.8594204104781582
-13.56	-12.33	0.8441586561743373
-13.57	-11.1	0.8672352782549151
-13.57	-9.87	0.858391245540755
-13.57	-8.64	0.8547757470487838
-13.57	-7.4	0.8424352443155421
-13.57	-6.17	0.8295612464389279
-13.57	-4.93	0.8553321574467283
-13.57	-3.7	0.8667491607502704
-13.57	-2.47	0.8582985874830769
-13.57	-1.23	0.8504638887935165
-13.57	0.0	0.850313399361414
-13.57	1.23	0.8600703802052676
-13.57	2.47	0.8908777924064974
-13.57	3.7	0.8829405076489287
-13.57	4.93	0.8813070102603904
-13.57	6.17	0.8499875923533597
-13.57	7.4	0.8462335386675477
-13.57	8.64	0.8467637636588314
-13.57	9.87	0.8726600917241196
-13.57	11.1	0.8713648863987284
-13.56	12.33	0.8709409220204396
-13.56	13.56	0.9260477850388273
-13.56	14.8	0.8845551628392041
-13.56	16.03	0.9610253793356431
-13.56	17.26	0.917400452899706
-13.56	18.49	0.9032192049381829
-13.55	19.71	0.9277429409489439
-13.55	20.94	0.9605512862653285
-13.55	22.17	0.9933484962987134
-13.55	23.4	0.9025279943441156
-13.54	24.62	0.9041080472282221
-13.54	25.85	0.97182925806377
-13.54	27.08	1.1752120528852572
-13.54	28.32	1.1885705936726847
-13.53	29.53	1.320784619457207
-13.51	30.71	1.4525024201544543
-13.49	31.9	1.6352271122378434
-13.47	33.06	1.6188400354691543
-13.42	34.17	1.011182538169157
-13.34	35.17	1.3027227152543341
-12.02	36.05	2.5
-12.16	35.27	1.0941392138853718
-12.22	34.22	1.3947785587929555
-12.25	33.09	1.3875842663876368
-12.27	31.91	1.674457202405966
-12.29	30.73	1.3608264702998767
-12.31	29.54	1.3898118373511998
-12.31	28.32	1.2145923462717647
-12.31	27.08	1.033144833231586
-12.31	25.85	0.8853096482785006
-12.31	24.63	0.8742201327383086
-12.32	23.4	0.9646988190966042
-12.32	22.18	0.9458148580323442
-12.32	20.94	0.9315830710987854
-12.32	19.72	0.9408995026411668
-12.33	18.49	0.8965332544191176
-12.33	17.26	1.0185558388787719
-12.33	16.03	0.9106064540582324
-12.33	14.8	0.9557438302552601
-12.33	13.56	0.9308287469668368
-12.33	12.33	0.9147181455734259
-12.34	11.1	0.9207705990285131
-12.34	9.87	0.8894654171423424
-12.34	8.64	0.8636064929172775
-12.34	7.4	0.8483027310549254
-12.34	6.17	0.8800035876931425
-12.34	4.93	0.8990603189080693
-12.34	3.7	0.9177516810076085
-12.34	2.47	0.9214848559749882
-12.34	1.23	0.9089038982665576
-12.34	-0.0	0.9214446021208831
-12.34	-1.23	0.9120189336428144
-12.34	-2.47	0.9271754022903984
-12.34	-3.7	0.9425758594503675
-12.34	-4.93	0.9467926676517182
-12.34	-6.17	0.8895258602666889
-12.34	-7.4	0.8732656120445164
-12.34	-8.64	0.860285257897015
-12.34	-9.87	0.856943278363258
-12.34	-11.1	0.8749103668272751
-12.33	-12.33	0.9273839972281532
-12.33	-13.56	0.9123000496975608
-12.33	-14.8	0.9078830228792478
-12.33	-16.03	0.913299308102574
-12.33	-17.26	0.844003913751731
-12.33	-18.49	0.8482526450164842
-12.32	-19.72	0.8254941799690787
-12.32	20.94	0.9245820500711988
-12.32	22.18	0.9571285938824525
-12.32	23.4	0.9639370040543627
-12.31	24.63	0.8841108492737053
-12.31	25.85	0.9431722552915218
-12.31	27.08	1.0252003479942582
-12.31	28.32	1.2176595060258872
-12.31	29.54	1.374867325967144
-12.29	30.73	1.3307557818981355
-12.27	31.91	1.6767114412281252
-12.25	33.09	1.3834722432108322
-12.22	34.22	1.0870630991618704
-12.16	35.27	1.0787758552142046
-12.02	36.05	2.5
-10.88	36.26	1.6722202040549323
-10.97	35.34	1.0278247314204814
-11.01	34.26	1.5345032002636945
-11.04	33.11	1.4881598231416362
-11.05	31.93	1.5576502214116346
-11.07	30.75	1.3124573049261574
-11.08	29.55	1.3350643144226844
-11.08	28.32	1.197078399594293
-11.08	27.08	0.9932775651178698
-11.08	25.85	0.9056028036319477
-11.08	24.63	0.9179733781687771
-11.09	23.41	1.036194583738368
-11.09	22.18	0.899808152097652
-11.09	20.95	0.9269329688856143
-11.09	19.72	0.9193349955193897
-11.1	18.49	1.0008557529813435
-11.1	17.26	0.9701504561652854
-11.1	16.03	0.9816394611179682
-11.1	14.8	0.9789559859978372
-11.1	13.57	0.970507762466065
-11.1	12.34	0.9516121203532393
-11.1	11.1	0.9251894247956329
-11.1	9.87	0.9396072430662326
-11.1	8.64	0.8820886055886321
-11.1	7.4	0.842476758580256
-11.1	6.17	0.8664988614212454
-11.1	4.94	0.8699764786553175
-11.11	3.7	0.8676233428046496
-11.11	2.47	0.8491886660569232
-11.11	1.23	0.8768886817019617
-11.11	-0.0	0.8601803983450207
-11.11	-1.23	0.8926977171195274
-11.11	-2.47	0.8629672653032205
-11.11	-3.7	0.8876892917043673
-11.1	-4.94	0.8617724797969437
-11.1	-6.17	0.8659219340325564
-11.1	-7.4	0.8684295112344476
-11.1	-8.64	0.8500543500981506
-11.1	-9.87	0.855791891860413
-11.1	-11.1	0.869448879892003
-11.1	-12.34	0.8842789224206111
-11.1	-13.57	0.8910042321486786
-11.1	-14.8	0.9113962048230331
-11.1	-16.03	0.8642943826126892
-11.1	-17.26	0.8095977873124216
-11.1	-18.49	0.8333985354275182
-11.09	-19.72	0.8285773141352824
-11.09	-20.95	0.7975455708499606
-11.09	-22.18	0.8037461509722066
-11.09	-23.41	0.8501481618390834
-11.08	-24.63	0.9610490335829267
-11.08	-25.85	0.8799159530463294
-11.08	-27.08	0.8476717089641728
-11.08	-28.32	0.8889808813137536
-11.08	-29.55	1.1462392523284448
-11.07	-30.75	1.4422630992762553
-11.05	-31.93	1.459661911184198
-11.04	-33.11	1.0469769261991138
-11.01	-34.26	1.0002628017255235
-10.97	-35.34	0.9889175826614283
-10.88	-36.26	2.5
-9.7	-36.37	2.0739669885245977
-9.76	-35.39	0.9679511762687287
-9.8	-34.29	1.049099101937955
-9.82	-33.13	1.1668890015741162
-9.83	-31.95	1.483636081570447
-9.84	-30.76	1.3944520686243322
-9.85	-29.55	0.9901475519305638
-9.85	-28.31	0.9016005306693202
-9.85	-27.08	0.8744520515335852
-9.85	-25.85	0.9144310162744329
-9.85	-24.63	1.0346600178361047
-9.86	-23.41	0.8397965367731164
-9.86	-22.18	0.8562834967983504
-9.86	-20.95	0.825930457328723
-9.86	-19.72	0.8432615846602083
-9.86	-18.49	0.8658314454947336
-9.86	-17.26	0.8267274966893261
-9.86	-16.03	0.8865974570469071
-9.87	-14.8	0.8676365897418892
-9.87	-13.57	0.8565049470809738
-9.87	-12.34	0.8661043653798517
-9.87	-11.1	0.8457913019203431
-9.87	-9.87	0.8610583284150408
-9.87	-8.64	0.8404808200844629
-9.87	-7.4	0.8508772890782623
-9.87	-6.17	0.8644051175751377
-9.87	-4.94	0.8380668768954322
-9.88	-3.7	0.8845629379379112
-9.88	-2.47	0.898936175065491
-9.88	-1.23	0.8739169071952446
-9.88	0.0	0.8503534310596432
-9.88	1.23	0.8778435103465458
-9.88	2.47	0.886697591926259
-9.88	3.7	0.8633286274272152
-9.87	4.94	0.839787457586616
-9.87	6.17	0.846230585485543
-9.87	7.4	0.8478442654506164
-9.87	8.64	0.8782652342585564
-9.87	9.87	0.8908747993563884
-9.87	11.1	0.9167729996372067
-9.87	12.34	0.8952464475543636
-9.87	13.57	0.9309480248928983
-9.87	14.8	0.9366570758423638
-9.86	16.03	0.9113324571137102
-9.86	17.26	0.9716974876478721
-9.86	18.49	1.0132441337301366
-9.86	19.72	0.9009050920990314
-9.86	20.95	0.9305050639977894
-9.86	22.18	0.9384243158129948
-9.86	23.41	0.9911493485504472
-9.85	24.63	1.0069779595330424
-9.85	25.85	0.9036623758174178
-9.85	27.08	0.9589320485489452
-9.85	28.31	1.1490454934339152
-9.85	29.55	1.227885290203055
-9.84	30.76	1.4228992595668863
-9.83	31.95	1.430103924379777
-9.82	33.13	1.559927157265383
-9.8	34.29	1.4740675522289326
-9.76	35.39	0.9783553669332825
-9.7	36.37	1.3820072649132324
-8.51	36.45	1.1860970464800449
-8.55	35.43	1.247568884008774
-8.58	34.31	1.3705680035461487
-8.59	33.14	1.6388431974260893
-8.6	31.96	1.4809588441995247
-8.62	30.77	1.4333882151458237
-8.62	29.55	1.2317086932456789
-8.62	28.31	1.069827815258888
-8.62	27.08	0.9489335826711107
-8.62	25.86	0.8732003714157655
-8.62	24.64	1.0802296819229102
-8.62	23.41	0.9629120582614323
-8.62	22.18	0.9128849769753984
-8.63	20.95	0.9187105754431943
-8.63	19.72	0.9585966705007696
-8.63	18.49	1.0126683783623758
-8.63	17.26	0.9409620989789778
-8.63	16.03	0.9375825593810374
-8.63	14.8	0.9025468873453661
-8.64	13.57	0.9133982914008651
-8.64	12.34	0.9789437806247259
-8.64	11.1	0.9375979430421832
-8.64	9.87	0.8736749376722974
-8.64	8.64	0.8721000559513579
-8.64	7.4	0.8679202564085218
-8.64	6.17	0.8641629708645411
-8.64	4.94	0.8584037222556793
-8.64	3.7	0.8339316053010162
-8.64	2.47	0.8318921200216796
-8.64	1.23	0.8434797773339655
-8.64	-0.0	0.864002413021093
-8.64	-1.23	0.8701172543942395
-8.64	-2.47	0.91787814745439
-8.64	-3.7	0.9215538792927287
-8.64	-4.94	0.874757509309914
-8.64	-6.17	0.8593106182897872
-8.64	-7.4	0.8385550693739514
-8.64	-8.64	0.8445813705242857
-8.64	-9.87	0.8421510013856413
-8.64	-11.1	0.8697806791518738
-8.64	-12.34	0.8390919250454241
-8.64	-13.57	0.9136538635909108
-8.63	-14.8	0.8823344605411947
-8.63	-16.03	0.8432132934056789
-8.63	-17.26	0.8493283417833641
-8.63	-18.49	0.8150296271514756
-8.63	-19.72	0.8186185665462418
-8.63	-20.95	0.8309898761843009
-8.62	-22.18	0.8346599869138638
-8.62	-23.41	0.8493347442981047
-8.62	-24.64	0.9067837700010184
-8.62	-25.86	0.9360027539585598
-8.62	-27.08	0.8802132950111954
-8.62	-28.31	0.8874180739141844
-8.62	-29.55	0.9183658048427779
-8.62	-30.77	1.2887640090854298
-8.6	-31.96	1.5009163207245901
-8.59	-33.14	1.3353417102419387
-8.58	-34.31	1.0793100676866523
-8.55	-35.43	0.9525618984246798
-8.51	-36.45	1.4323805268218104
-7.22	-37.3	2.5
-7.3	-36.51	1.163102500889659
-7.34	-35.46	0.9837003440592396
-7.36	-34.33	1.1119709333707046
-7.37	-33.15	1.4380315883840495
-7.38	-31.97	1.5058084268086702
-7.39	-30.78	1.1671415659518756
-7.39	-29.55	0.8986096764586202
-7.38	-28.31	0.8830272205088905
-7.39	-27.08	0.8939315140512676
-7.39	-25.86	1.005853264791094
-7.39	-24.64	0.8739910536464848
-7.39	-23.41	0.8433176970118925
-7.39	-22.18	0.8212055842550994
-7.4	-20.95	0.8287711424193791
-7.4	-19.73	0.8238392374412404
-7.4	-18.49	0.8341448109641618
-7.4	-17.26	0.8515113550691469
-7.4	-16.03	0.8917158878344154
-7.4	-14.8	0.8716578504171046
-7.4	-13.57	0.906822821786748
-7.4	-12.34	0.8412932429099387
-7.4	-11.1	0.8643296306730006
-7.4	-9.87	0.8641346771008775
-7.4	-8.64	0.8367582406276108
-7.41	-7.41	0.8471557243141339
-7.41	-6.17	0.8449590166887644
-7.41	-4.94	0.8939733273142023
-7.41	-3.7	0.9239140002579616
-7.41	-2.47	0.9205165494257797
-7.41	-1.23	0.8753848027879849
-7.41	0.0	0.8349121612542101
-7.41	1.23	0.8356964099171806
-7.41	2.47	0.8590748333849767
-7.41	3.7	0.8498440201690629
-7.41	4.94	0.8642365835014445
-7.41	6.17	0.8304000763990675
-7.41	7.41	0.8380832716639652
-7.4	8.64	0.8767532145952162
-7.4	9.87	0.8797819216118707
-7.4	11.1	0.9272248816026014
-7.4	12.34	0.9350161250585405
-7.4	13.57	0.8840297607082013
-7.4	14.8	0.8721801093116266
-7.4	16.03	0.9526754986522787
-7.4	17.26	0.9296704152358437
-7.4	18.49	0.9974495889714996
-7.4	19.73	1.0666446158229759
-7.4	20.95	0.9115628189908298
-7.39	22.18	0.9319973037115226
-7.39	23.41	0.9419910508498841
-7.39	24.64	1.0755242069977982
-7.39	25.86	0.9424968921932164
-7.39	27.08	0.8835362435631673
-7.38	28.31	1.0193857412422087
-7.39	29.55	1.2391671742149635
-7.39	30.78	1.458586383607468
-7.38	31.97	1.4883743789812094
-7.37	33.15	1.7228913058911255
-7.36	34.33	1.5523881616433695
-7.34	35.46	1.375108195577658
-7.3	36.51	1.105430563830109
-7.22	37.3	2.5
-6.04	37.42	2.0116547824153646
-6.09	36.55	1.0392283311724508
-6.12	35.48	1.5603291609955257
-6.13	34.34	1.634891793450434
-6.14	33.16	1.7030786033148138
-6.15	31.98	1.5525807102894449
-6.16	30.78	1.363515283233621
-6.16	29.55	1.2130838534862196
-6.15	28.31	0.9899792025752774
-6.16	27.08	0.9068522760645239
-6.16	25.87	1.028441063125758
-6.16	24.64	1.0160155696083528
-6.16	23.41	0.9657151267521051
-6.16	22.18	0.9388027535887051
-6.16	20.96	0.9110362028685763
-6.16	19.73	1.0007398847344193
-6.16	18.49	0.9409783576307174
-6.17	17.26	0.9445987497255315
-6.17	16.03	0.9398401482712124
-6.17	14.8	0.9027420763312746
-6.17	13.57	0.9070221671366756
-6.17	12.34	0.9754659965012991
-6.17	11.1	0.9286402033674239
-6.17	9.87	0.8594744580112579
-6.17	8.64	0.8930104131315906
-6.17	7.41	0.8800339526101597
-6.17	6.17	0.8537408294101532
-6.17	4.94	0.8611370315088358
-6.17	3.7	0.859424766789914
-6.17	2.47	0.856106618055307
-6.17	1.23	0.8523998246394093
-6.17	-0.0	0.8651232701441067
-6.17	-1.23	0.8662058204856287
-6.17	-2.47	0.8968223530974475
-6.17	-3.7	0.9117241093955464
-6.17	-4.94	0.8663421520721677
-6.17	-6.17	0.8383787849651991
-6.17	-7.41	0.8427220405902585
-6.17	-8.64	0.8577872855289055
-6.17	-9.87	0.8944398215461131
-6.17	-11.1	0.8511504454688978
-6.17	-12.34	0.8533789890097037
-6.17	-13.57	0.8848693701148225
-6.17	-14.8	0.8807090978587642
-6.17	-16.03	0.8552245152391302
-6.17	-17.26	0.823742015977075
-6.16	-18.49	0.8568188168319137
-6.16	-19.73	0.8661560734572502
-6.16	-20.96	0.820238249164797
-6.16	-22.18	0.8359789968884161
-6.16	-23.41	0.8221724896118365
-6.16	-24.64	0.874093490094003
-6.16	-25.87	1.0408736151259195
-6.16	-27.08	0.8913928748985045
-6.15	-28.31	0.9080419436737017
-6.16	-29.55	0.8929264521973188
-6.16	-30.78	1.0794944510810236
-6.15	-31.98	1.4448703195529644
-6.14	-33.16	1.4610033608287676
-6.13	-34.34	1.144716152630492
-6.12	-35.48	1.0013124288605013
-6.09	-36.55	1.0933790314704677
-6.04	-37.42	2.5
-4.84	-37.5	2.5
-4.88	-36.58	1.043562645260824
-4.9	-35.49	1.0803074599820652
-4.91	-34.35	1.1839270798198864
-4.91	-33.17	1.5332753545490867
-4.92	-31.99	1.4396128835237203
-4.93	-30.78	1.0052410490246197
-4.92	-29.54	0.8910348917378652
-4.92	-28.31	0.8649176807539147
-4.93	-27.09	0.9479346221230482
-4.93	-25.87	0.9908490800512411
-4.93	-24.64	0.8701305793347824
-4.93	-23.41	0.8514139963851104
-4.93	-22.18	0.8297910729326148
-4.93	-20.96	0.841665248482057
-4.93	-19.73	0.83814029628103
-4.93	-18.5	0.8536218633750794
-4.93	-17.26	0.8246971096631972
-4.93	-16.04	0.875465472603759
-4.93	-14.8	0.9234387125383865
-4.93	-13.57	0.8984208444664485
-4.93	-12.34	0.8897648525142081
-4.94	-11.1	0.8653151383376123
-4.94	-9.87	0.8854971435150416
-4.94	-8.64	0.8542989774485621
-4.94	-7.41	0.823786794307706
-4.94	-6.17	0.8525314054698949
-4.94	-4.94	0.8632146280172979
-4.94	-3.7	0.8889471302095622
-4.94	-2.47	0.8884531298016016
-4.94	-1.24	0.8710814301116798
-4.94	0.0	0.854315135184657
-4.94	1.24	0.8320798065136863
-4.94	2.47	0.8322248521061937
-4.94	3.7	0.8402911782167877
-4.94	4.94	0.8602629372618775
-4.94	6.17	0.8356057673067152
-4.94	7.41	0.8863064469321733
-4.94	8.64	0.8686764476682063
-4.94	9.87	0.8687126344234688
-4.94	11.1	0.9598960095391815
-4.93	12.34	0.9587954171495898
-4.93	13.57	0.8697649638153848
-4.93	14.8	0.900604600031266
-4.93	16.04	0.9199486884120329
-4.93	17.26	0.9402441951189306
-4.93	18.5	0.9476690548813842
-4.93	19.73	1.0009671711559012
-4.93	20.96	0.9744455322931351
-4.93	22.18	0.9326945816849239
-4.93	23.41	0.9511096784005524
-4.93	24.64	1.0158359244073711
-4.93	25.87	1.1286387291507216
-4.93	27.09	0.9221325692541793
-4.92	28.31	0.998602664410841
-4.92	29.54	1.1634277877905417
-4.93	30.78	1.2561361094253032
-4.92	31.99	1.5917724599434209
-4.91	33.17	1.6622229786326148
-4.91	34.35	1.8561490321289682
-4.9	35.49	1.6152189307434668
-4.88	36.58	1.0304098494866354
-4.84	37.5	1.6786894819733442
-3.63	37.55	1.5162299963262829
-3.66	36.6	1.0583245676667445
-3.67	35.51	1.731029057164676
-3.68	34.35	1.9364660137245675
-3.69	33.18	1.6415296436761206
-3.69	32.0	1.5874493545662673
-3.69	30.78	1.2111379610543143
-3.69	29.54	1.1661519636225428
-3.69	28.31	0.9375472379456102
-3.69	27.09	0.9151055930108978
-3.7	25.87	1.0790513679747162
-3.7	24.64	0.9905340689523134
-3.7	23.41	0.9309053613053528
-3.7	22.19	0.9429582597735635
-3.7	20.96	1.0458510701412802
-3.7	19.73	0.9697242394281771
-3.7	18.5	0.9297778228129374
-3.7	17.27	0.9557703799729156
-3.7	16.04	0.929606101065886
-3.7	14.8	0.8859624114299445
-3.7	13.57	0.8854701414185273
-3.7	12.34	0.9403671645877072
-3.7	11.11	0.9013386728511872
-3.7	9.88	0.8581856541849202
-3.7	8.64	0.8635921449377015
-3.7	7.41	0.8414587176883037
-3.7	6.17	0.8541770311566843
-3.7	4.94	0.8619556925366147
-3.71	3.71	0.859433369714858
-3.7	2.47	0.8371179197172518
-3.7	1.23	0.864615839253684
-3.7	-0.0	0.8686069556066878
-3.7	-1.23	0.8399675421232375
-3.7	-2.47	0.8982944758493963
-3.71	-3.71	0.882525865461484
-3.7	-4.94	0.8723738092418865
-3.7	-6.17	0.8542607174869357
-3.7	-7.41	0.8474847259741312
-3.7	-8.64	0.8410866936410475
-3.7	-9.88	0.8673251154149355
-3.7	-11.11	0.8731924515618497
-3.7	-12.34	0.8712984435216606
-3.7	-13.57	0.8887478432215179
-3.7	-14.8	0.8950196222404072
-3.7	-16.04	0.8664521872386297
-3.7	-17.27	0.8273069706573901
-3.7	-18.5	0.8457186032157882
-3.7	-19.73	0.8458224270145287
-3.7	-20.96	0.8336052836608054
-3.7	-22.19	0.8363676770034445
-3.7	-23.41	0.8534536763903962
-3.7	-24.64	0.8394145964903696
-3.7	-25.87	0.9128189377221751
-3.69	-27.09	0.9318743595714665
-3.69	-28.31	0.9068181029470432
-3.69	-29.54	0.8905318068061474
-3.69	-30.78	0.9599036052207852
-3.69	-32.0	1.4065169083718319
-3.69	-33.18	1.5134942690713915
-3.68	-34.35	1.224714107126946
-3.67	-35.51	1.1186919999248417
-3.66	-36.6	0.9918436855508448
-3.63	-37.55	2.5
-2.42	-37.58	2.5
-2.44	-36.61	0.995270828846115
-2.45	-35.52	1.152892837928733
-2.45	-34.36	1.3194979299589953
-2.46	-33.18	1.563732769963483
-2.46	-32.0	1.3454954872802212
-2.46	-30.78	0.9099668500895488
-2.46	-29.54	0.8887633524558547
-2.46	-28.31	0.8869056156059161
-2.46	-27.09	0.9439197356803799
-2.46	-25.87	0.8614748147895117
-2.46	-24.64	0.821764192867013
-2.46	-23.41	0.8399347537465669
-2.47	-22.19	0.8232357448517469
-2.47	-20.96	0.8161476015358211
-2.47	-19.73	0.844281057736616
-2.47	-18.5	0.8529305134203149
-2.47	-17.27	0.8364053508026528
-2.47	-16.04	0.8573990748819078
-2.47	-14.8	0.9278238933917056
-2.47	-13.57	0.8975494946219262
-2.47	-12.34	0.9079809226905633
-2.47	-11.11	0.8426203433960433
-2.47	-9.88	0.8660974851686021
-2.47	-8.64	0.8436974032197897
-2.47	-7.41	0.8386024939927692
-2.47	-6.17	0.8591673888256821
-2.47	-4.94	0.8724632114238045
-2.47	-3.7	0.8702834553104024
-2.47	-2.47	0.9315273196614839
-2.47	-1.24	0.8591231633764904
-2.47	0.0	0.8216158439660965
-2.47	1.24	0.8656456243069286
-2.47	2.47	0.8676113014998759
-2.47	3.7	0.847185664178312
-2.47	4.94	0.8588463679499423
-2.47	6.17	0.8918488610381203
-2.47	7.41	0.8449967411263515
-2.47	8.64	0.8700552029009456
-2.47	9.88	0.8528488687203639
-2.47	11.11	0.9254801177295153
-2.47	12.34	0.9395797362413605
-2.47	13.57	0.8883916554473306
-2.47	14.8	0.8914932552144847
-2.47	16.04	0.9314505197058285
-2.47	17.27	0.956207492705067
-2.47	18.5	0.957174489358108
-2.47	19.73	0.999905532004437
-2.47	20.96	1.0317818944988026
-2.47	22.19	0.947457511851403
-2.46	23.41	0.9594665379962937
-2.46	24.64	1.0010355323319367
-2.46	25.87	1.0834539274436183
-2.46	27.09	0.9123915439802062
-2.46	28.31	0.9450253771460133
-2.46	29.54	1.134891798226639
-2.46	30.78	1.2229002454816165
-2.46	32.0	1.5978650067140237
-2.46	33.18	1.6416879666228068
-2.45	34.36	1.9570521099753506
-2.45	35.52	1.7724006326114061
-2.44	36.61	1.0902914854693169
-2.42	37.58	1.415052311016706
-1.21	37.6	1.3790529607184654
-1.22	36.62	1.1104410309649113
-1.22	35.52	1.7536110902454594
-1.23	34.36	1.9956625044116647
-1.23	33.18	1.620039951119984
-1.23	32.0	1.5195227196070773
-1.23	30.78	1.228782689863218
-1.23	29.54	1.1131824270209032
-1.23	28.31	0.9240112135128751
-1.23	27.09	0.9054763554696716
-1.23	25.87	1.1026732109472484
-1.23	24.64	0.9740228007888341
-1.23	23.41	0.9915569615704234
-1.23	22.19	0.9132676837245102
-1.23	20.96	1.0539301123222868
-1.23	19.73	1.0026563843308196
-1.23	18.5	0.9554286203150921
-1.23	17.27	0.9401927512858954
-1.23	16.04	0.9344876429714581
-1.23	14.8	0.890970851304381
-1.23	13.57	0.8713400236876705
-1.23	12.34	0.9073279295862777
-1.23	11.11	0.9147444418408739
-1.23	9.88	0.8481294294446524
-1.23	8.64	0.8853855761438556
-1.23	7.41	0.8567656235331702
-1.23	6.17	0.8490109881474392
-1.24	4.94	0.8473665446815195
-1.23	3.7	0.8546522071408305
-1.24	2.47	0.8713794573438172
-1.24	1.24	0.8470038849111265
-1.24	-0.0	0.8891823654647162
-1.24	-1.24	0.8622539203577944
-1.24	-2.47	0.9012895074841119
-1.23	-3.7	0.902809815316238
-1.24	-4.94	0.892007151381784
-1.23	-6.17	0.8841135067825414
-1.23	-7.41	0.8621798705423327
-1.23	-8.64	0.8526188078375005
-1.23	-9.88	0.8740883491025508
-1.23	-11.11	0.867003336000125
-1.23	-12.34	0.9073578454452509
-1.23	-13.57	0.8949909932428
-1.23	-14.8	0.9097095799749386
-1.23	-16.04	0.8839848156733829
-1.23	-17.27	0.8634360037450151
-1.23	-18.5	0.8495249157631468
-1.23	-19.73	0.8347121346714257
-1.23	-20.96	0.8372224305567002
-1.23	-22.19	0.8644542730321225
-1.23	-23.41	0.836252993532657
-1.23	-24.64	0.8216082823032504
-1.23	-25.87	0.8466570901892361
-1.23	-27.09	0.9850738428110137
-1.23	-28.31	0.8984711007780444
-1.23	-29.54	0.9135243873970742
-1.23	-30.78	0.9249899896802862
-1.23	-32.0	1.3137531203344777
-1.23	-33.18	1.5596457421510257
-1.23	-34.36	1.3138745645406926
-1.22	-35.52	1.202481350081058
-1.22	-36.62	0.9915524340546087
-1.21	-37.6	2.0002477160817023
0.0	-37.6	1.9710585462506316
0.0	-36.62	1.010788939872965
0.0	-35.52	1.1855441343547701
0.0	-34.36	1.3389488626496737
0.0	-33.19	1.5452367891526162
0.0	-32.0	1.293149164593233
0.0	-30.78	0.9281024257657844
0.0	-29.54	0.9052678392144156
0.0	-28.31	0.8955325382825885
0.0	-27.09	1.0012916286133855
0.0	-25.87	0.8495940328347338
0.0	-24.64	0.8254254374860182
0.0	-23.41	0.8537399930679257
0.0	-22.19	0.8416739231854624
0.0	-20.96	0.8253818243902442
0.0	-19.73	0.8344719446504456
0.0	-18.5	0.8446753295858471
0.0	-17.27	0.8477808304697998
0.0	-16.04	0.8681519925265473
0.0	-14.8	0.9143720936373381
0.0	-13.57	0.8956941978481359
0.0	-12.34	0.9107369628574364
0.0	-11.11	0.8573461556346915
0.0	-9.88	0.8626406844779613
0.0	-8.64	0.865774265880531
0.0	-7.41	0.8850650124014141
0.0	-6.17	0.8558627390825908
0.0	-4.94	0.8396703908939118
0.0	-3.7	0.9104781954337762
0.0	-2.47	0.8688044331482665
0.0	-1.24	0.8418242507453355
0.0	0.0	0.8710086370305756
0.0	1.24	0.876318479101772
0.0	2.47	0.8474706635204656
0.0	3.7	0.8532069654296457
0.0	4.94	0.8308123797677913
0.0	6.17	0.8614174871716642
0.0	7.41	0.8858363852164928
0.0	8.64	0.8532571465308356
0.0	9.88	0.846000487787137
0.0	11.11	0.9349146550100498
0.0	12.34	0.8992663150081084
0.0	13.57	0.899750495647778
0.0	14.8	0.9037005995526375
0.0	16.04	0.9399206053123121
0.0	17.27	0.9371902450848681
0.0	18.5	0.9403936707398692
0.0	19.73	0.9945695956275449
0.0	20.96	1.0648720206590392
0.0	22.19	0.9410449630333284
0.0	23.41	0.9858462266736332
0.0	24.64	1.014498553507095
0.0	25.87	1.0830327283289094
0.0	27.09	0.9333039660083386
0.0	28.31	0.9312201894485304
0.0	29.54	1.1404540787522262
0.0	30.78	1.208284340471124
0.0	32.0	1.5384555518782204
0.0	33.19	1.6562600003077481
0.0	34.36	1.9558204091237439
0.0	35.52	1.7572611523022532
0.0	36.62	1.0122037091199152
0.0	37.6	1.3705286924612121
1.21	37.6	1.3830091863198426
1.22	36.62	1.1212293742614783
1.22	35.52	1.7213531927894445
1.23	34.36	1.9717952197458741
1.23	33.18	1.6106840512390086
1.23	32.0	1.53988105943907
1.23	30.78	1.1668742322671468
1.23	29.54	1.1439852683112015
1.23	28.31	0.9554804723648003
1.23	27.09	0.9112083202889387
1.23	25.87	1.147897671452366
1.23	24.64	0.9833341431439244
1.23	23.41	0.9834293631380078
1.23	22.19	0.920380123416531
1.23	20.96	1.0760720432677733
1.23	19.73	0.9890057148812206
1.23	18.5	0.95132719225544
1.23	17.27	0.975425984135283
1.23	16.04	0.9560174448278609
1.23	14.8	0.8771402349903941
1.23	13.57	0.8896888559039855
1.23	12.34	0.9362331038902729
1.23	11.11	0.9431203743833407
1.23	9.88	0.8477067853406117
1.23	8.64	0.8785951695845977
1.23	7.41	0.8606803964075249
1.23	6.17	0.8687771947963352
1.24	4.94	0.8489511716578271
1.23	3.7	0.8518196550028065
1.24	2.47	0.8480887573572771
1.24	1.24	0.8529926084106778
1.24	-0.0	0.8839623298456374
1.24	-1.24	0.9146680196053758
1.24	-2.47	0.8828089571629629
1.23	-3.7	0.899230015699441
1.24	-4.94	0.8543225843956126
1.23	-6.17	0.8629627293980446
1.23	-7.41	0.8542030537623448
1.23	-8.64	0.845058750213477
1.23	-9.88	0.8458122430803785
1.23	-11.11	0.8563595541774944
1.23	-12.34	0.9091560068462083
1.23	-13.57	0.8584435800070587
1.23	-14.8	0.9307256129269277
1.23	-16.04	0.8966879714127272
1.23	-17.27	0.8629297368451461
1.23	-18.5	0.8308020399232339
1.23	-19.73	0.8630929756563077
1.23	-20.96	0.7927483437918879
1.23	-22.19	0.8622992529025728
1.23	-23.41	0.8463401264522918
1.23	-24.64	0.8210791619862778
1.23	-25.87	0.8986291016265744
1.23	-27.09	0.9999475575838286
1.23	-28.31	0.8867765777578827
1.23	-29.54	0.8937706512039938
1.23	-30.78	0.9455434159890714
1.23	-32.0	1.3233433492473772
1.23	-33.18	1.5859470880353177
1.23	-34.36	1.3333602992409768
1.22	-35.52	1.1957148654966208
1.22	-36.62	0.9545072033096256
1.21	-37.6	2.0651736418094764
2.42	-37.58	2.5
2.44	-36.61	0.9720235457832915
2.45	-35.52	1.1586869005366873
2.45	-34.36	1.2911637123022732
2.46	-33.18	1.5458481400035478
2.46	-32.0	1.3639904944825503
2.46	-30.78	0.955548464915327
2.46	-29.54	0.9017907632983748
2.46	-28.31	0.8782149860333224
2.46	-27.09	0.9509376472381268
2.46	-25.87	0.8824426216405614
2.46	-24.64	0.8441888745494275
2.46	-23.41	0.8489064630029484
2.47	-22.19	0.8532569622645081
2.47	-20.96	0.8221981610016202
2.47	-19.73	0.8480640388666796
2.47	-18.5	0.8467430848829736
2.47	-17.27	0.8661112548991365
2.47	-16.04	0.8935403894253202
2.47	-14.8	0.9467223575374053
2.47	-13.57	0.8818986414030183
2.47	-12.34	0.9347301683759168
2.47	-11.11	0.8522263827782215
2.47	-9.88	0.8655370099733881
2.47	-8.64	0.8316497146066473
2.47	-7.41	0.8254941560217848
2.47	-6.17	0.8617130623556228
2.47	-4.94	0.8898715849773389
2.47	-3.7	0.8988148368175946
2.47	-2.47	0.8803288709914678
2.47	-1.24	0.8840680192213002
2.47	0.0	0.8753517725260878
2.47	1.24	0.886916949133127
2.47	2.47	0.8342973256607813
2.47	3.7	0.8729422881267901
2.47	4.94	0.8565597163669398
2.47	6.17	0.8794396644837486
2.47	7.41	0.8654849705291401
2.47	8.64	0.8635623030963249
2.47	9.88	0.8784415586836101
2.47	11.11	0.9147431499002492
2.47	12.34	0.9331533899571953
2.47	13.57	0.891767070051972
2.47	14.8	0.8865885164347524
2.47	16.04	0.9599319637009014
2.47	17.27	0.944756628869273
2.47	18.5	0.9636774295630968
2.47	19.73	1.0133837523132891
2.47	20.96	1.078354222374605
2.47	22.19	0.9587328652854819
2.46	23.41	0.9859815538936552
2.46	24.64	1.037107423501701
2.46	25.87	1.0641036722576978
2.46	27.09	0.928113875554887
2.46	28.31	0.9074684524735659
2.46	29.54	1.152657906866935
2.46	30.78	1.159968297807671
2.46	32.0	1.5765126872430502
2.46	33.18	1.6560244589656525
2.45	34.36	1.9840762786115391
2.45	35.52	1.7391285935687755
2.44	36.61	1.0862830796854706
2.42	37.58	1.4340889872691873
3.63	37.55	1.5533354228779563
3.66	36.6	1.037746524925451
3.67	35.51	1.7199713054944654
3.68	34.35	1.8902292425709888
3.69	33.18	1.6477674419872343
3.69	32.0	1.5702996569809233
3.69	30.78	1.14410556047173
3.69	29.54	1.1519402697794465
3.69	28.31	0.9378312080468358
3.69	27.09	0.9084585422046008
3.7	25.87	1.0936760793835543
3.7	24.64	1.0322370214613752
3.7	23.41	0.9936317982528573
3.7	22.19	0.9503315408492767
3.7	20.96	1.0083044727484625
3.7	19.73	1.0097162827639714
3.7	18.5	0.9515475048629964
3.7	17.27	0.9184114225492701
3.7	16.04	0.9153336558898655
3.7	14.8	0.9038628392516745
3.7	13.57	0.9063488465521257
3.7	12.34	0.934669864482065
3.7	11.11	0.9429805133575018
3.7	9.88	0.8533894172861869
3.7	8.64	0.886303005017913
3.7	7.41	0.8602054789399514
3.7	6.17	0.8854743506732232
3.7	4.94	0.8560897929714928
3.71	3.71	0.8432146758915451
3.7	2.47	0.8607114476145883
3.7	1.23	0.8451635661798518
3.7	-0.0	0.88659659458731
3.7	-1.23	0.8896710819637441
3.7	-2.47	0.8596452732343227
3.71	-3.71	0.8857602855192281
3.7	-4.94	0.8690416439999975
3.7	-6.17	0.8380256546786526
3.7	-7.41	0.8561664672518363
3.7	-8.64	0.8412379041884632
3.7	-9.88	0.8593639603054735
3.7	-11.11	0.8485384998506129
3.7	-12.34	0.8780562159293313
3.7	-13.57	0.907797798588998
3.7	-14.8	0.928599353096276
3.7	-16.04	0.8999985718959636
3.7	-17.27	0.9041620053091641
3.7	-18.5	0.8844119742280654
3.7	-19.73	0.8376223344901268
3.7	-20.96	0.8325801654324394
3.7	-22.19	0.8246761505745006
3.7	-23.41	0.8479309727203219
3.7	-24.64	0.8717665152824319
3.7	-25.87	0.9226153596437552
3.69	-27.09	0.9459905560978914
3.69	-28.31	0.8765779621425294
3.69	-29.54	0.8824456189430627
3.69	-30.78	0.9231644722072643
3.69	-32.0	1.3625088847832068
3.69	-33.18	1.5466738405531881
3.68	-34.35	1.2254017808832174
3.67	-35.51	1.138194451993435
3.66	-36.6	1.0014829043425362
3.63	-37.55	2.5
4.84	-37.5	2.5
4.88	-36.58	1.0257093059951936
4.9	-35.49	1.0844617386870539
4.91	-34.35	1.1862779846976368
4.91	-33.17	1.5475191616918451
4.92	-31.99	1.4576177651150877
4.93	-30.78	0.9990323422422538
4.92	-29.54	0.9018981503751977
4.92	-28.31	0.8997946812921569
4.93	-27.09	0.9309655817949309
4.93	-25.87	1.0179295811028766
4.93	-24.64	0.8461714679019323
4.93	-23.41	0.8604547396185946
4.93	-22.18	0.8274305256216543
4.93	-20.96	0.8068213958953061
4.93	-19.73	0.8426467879391639
4.93	-18.5	0.8295307708366062
4.93	-17.26	0.8916885136556658
4.93	-16.04	0.8879943998895099
4.93	-14.8	0.9244022988478324
4.93	-13.57	0.9039582170800564
4.93	-12.34	0.8543866298082321
4.94	-11.1	0.8864727816323503
4.94	-9.87	0.8661724900616639
4.94	-8.64	0.8346224388951127
4.94	-7.41	0.8416900354402559
4.94	-6.17	0.8228498149101853
4.94	-4.94	0.8638870595203771
4.94	-3.7	0.882040031623605
4.94	-2.47	0.8786823625554092
4.94	-1.24	0.864156309453441
4.94	0.0	0.8602047794624461
4.94	1.24	0.8362341517021274
4.94	2.47	0.8381289971167689
4.94	3.7	0.8553394898925459
4.94	4.94	0.8431382660469522
4.94	6.17	0.8397893342930862
4.94	7.41	0.8553668973170714
4.94	8.64	0.8861690891671099
4.94	9.87	0.8614339523741172
4.94	11.1	0.9107782197178071
4.93	12.34	0.9569150918053655
4.93	13.57	0.9047310179537789
4.93	14.8	0.9058578141684483
4.93	16.04	0.9319409859877847
4.93	17.26	0.9851846639362787
4.93	18.5	0.9717762989807675
4.93	19.73	1.0277637796562322
4.93	20.96	0.9527351788065372
4.93	22.18	0.9414276052523327
4.93	23.41	0.9671881796563593
4.93	24.64	1.0248080809904963
4.93	25.87	1.0200043886807215
4.93	27.09	0.8876624264146376
4.92	28.31	0.9483218989632647
4.92	29.54	1.160082001930654
4.93	30.78	1.1064960032680995
4.92	31.99	1.5939975785577065
4.91	33.17	1.6954437488202494
4.91	34.35	1.8832076600615721
4.9	35.49	1.717211740616527
4.88	36.58	1.0455386590317666
4.84	37.5	1.7310188527100028
6.04	37.42	2.090888942854038
6.09	36.55	1.0523697744325977
6.12	35.48	1.6833557123871392
6.13	34.34	1.8465765182884635
6.14	33.16	1.7320490101240926
6.15	31.98	1.5804150784961477
6.16	30.78	1.1466240925732665
6.16	29.55	1.141213412411398
6.15	28.31	0.963811503877567
6.16	27.08	0.8930785008108924
6.16	25.87	0.9876331881934082
6.16	24.64	1.060781950908587
6.16	23.41	0.9388841488558644
6.16	22.18	0.955716243545714
6.16	20.96	0.9640452143934315
6.16	19.73	1.0493894750755697
6.16	18.49	0.9801767616731212
6.17	17.26	0.9461647204024874
6.17	16.03	0.9443235249654203
6.17	14.8	0.9060411513902169
6.17	13.57	0.8747303938317996
6.17	12.34	0.9593544321168928
6.17	11.1	0.9164298051903144
6.17	9.87	0.8659661222043056
6.17	8.64	0.8586085151141205
6.17	7.41	0.8393625938637772
6.17	6.17	0.8367076316075224
6.17	4.94	0.8496924899988736
6.17	3.7	0.8589583409209487
6.17	2.47	0.8448695064760852
6.17	1.23	0.8375404685108965
6.17	-0.0	0.8513643681148286
6.17	-1.23	0.8462446594719513
6.17	-2.47	0.8947914228940128
6.17	-3.7	0.8745823574283769
6.17	-4.94	0.8629564316416891
6.17	-6.17	0.8341401441369145
6.17	-7.41	0.8386319614843742
6.17	-8.64	0.8659605434673434
6.17	-9.87	0.8685688382045553
6.17	-11.1	0.8708882816537677
6.17	-12.34	0.881959044635007
6.17	-13.57	0.8782074064675811
6.17	-14.8	0.9030817342534174
6.17	-16.03	0.8900793213034675
6.17	-17.26	0.9098655130362934
6.16	-18.49	0.87218854493665
6.16	-19.73	0.8466515269503834
6.16	-20.96	0.8593298792303568
6.16	-22.18	0.8407752742808672
6.16	-23.41	0.8515934719669191
6.16	-24.64	0.8632600787730311
6.16	-25.87	1.117278632245017
6.16	-27.08	0.9018568170016543
6.15	-28.31	0.8702524795735309
6.16	-29.55	0.8873491624259415
6.16	-30.78	1.0501672940343756
6.15	-31.98	1.443131539720131
6.14	-33.16	1.4963473305077724
6.13	-34.34	1.1991500074576393
6.12	-35.48	1.0415755869593557
6.09	-36.55	1.0717675243045317
6.04	-37.42	2.5
7.22	-37.3	2.5
7.3	-36.51	1.1174036967998768
7.34	-35.46	0.9830519108947575
7.36	-34.33	1.1537637390128976
7.37	-33.15	1.4393164895277213
7.38	-31.97	1.4728288120347122
7.39	-30.78	1.1502293658285536
7.39	-29.55	0.9139873888179615
7.38	-28.31	0.8759366044565553
7.39	-27.08	0.8687487761106594
7.39	-25.86	1.0681033400161555
7.39	-24.64	0.8767681908788836
7.39	-23.41	0.8173288684666176
7.39	-22.18	0.8470318300533446
7.4	-20.95	0.8494552722556108
7.4	-19.73	0.8456176266101556
7.4	-18.49	0.8100537018815785
7.4	-17.26	0.8534434282954972
7.4	-16.03	0.8807913300390924
7.4	-14.8	0.8734467888952153
7.4	-13.57	0.8697299314643221
7.4	-12.34	0.8647241907242194
7.4	-11.1	0.8614666098071062
7.4	-9.87	0.8799182662387919
7.4	-8.64	0.8479852157392678
7.41	-7.41	0.8304201478097406
7.41	-6.17	0.8563663796027408
7.41	-4.94	0.8557362433247508
7.41	-3.7	0.8631336985819793
7.41	-2.47	0.864088051983499
7.41	-1.23	0.8666072802812508
7.41	0.0	0.8357495735768508
7.41	1.23	0.8644951774854883
7.41	2.47	0.848217628927209
7.41	3.7	0.8643060064511898
7.41	4.94	0.8488220999580465
7.41	6.17	0.8667431598387161
7.41	7.41	0.8587788272670434
7.4	8.64	0.8912856322927745
7.4	9.87	0.8659631765992231
7.4	11.1	0.8866397101471009
7.4	12.34	0.8910774158579615
7.4	13.57	0.8979477187278748
7.4	14.8	0.9303652738876984
7.4	16.03	0.9526281863111974
7.4	17.26	0.9133408844095969
7.4	18.49	1.0391195391124644
7.4	19.73	0.9951398929303945
7.4	20.95	0.9100641683990665
7.39	22.18	0.9841799537353824
7.39	23.41	0.9455105723342072
7.39	24.64	1.1084932877764295
7.39	25.86	0.9382568755601719
7.39	27.08	0.8962448528872891
7.38	28.31	1.071222651652965
7.39	29.55	1.0795504659549504
7.39	30.78	1.2189284257465545
7.38	31.97	1.5515073172805325
7.37	33.15	1.844234346750845
7.36	34.33	1.8465854495630953
7.34	35.46	1.5090042248291855
7.3	36.51	1.0997969885154308
7.22	37.3	2.5
8.51	36.45	1.2011691202507615
8.55	35.43	1.0574223699063374
8.58	34.31	1.6470474745590202
8.59	33.14	1.929132483946388
8.6	31.96	1.6039467068502216
8.62	30.77	1.3381116495302345
8.62	29.55	1.0195305170626447
8.62	28.31	1.1092142530140814
8.62	27.08	0.9070502623116887
8.62	25.86	0.9061591152090678
8.62	24.64	1.0857969522954818
8.62	23.41	0.9786865561636908
8.62	22.18	0.9398235390196668
8.63	20.95	0.9323746774063926
8.63	19.72	0.9148929975085851
8.63	18.49	1.0697783584216323
8.63	17.26	0.9633343237075138
8.63	16.03	0.9606094852861986
8.63	14.8	0.9328726973092412
8.64	13.57	0.9246161745978281
8.64	12.34	0.8997455090617805
8.64	11.1	0.874679367138322
8.64	9.87	0.8811853299036008
8.64	8.64	0.8644592908446658
8.64	7.4	0.8649376883260427
8.64	6.17	0.8566219425322963
8.64	4.94	0.8479973749189149
8.64	3.7	0.8382019917176677
8.64	2.47	0.8786459405707028
8.64	1.23	0.8650115847939261
8.64	-0.0	0.8411974340015105
8.64	-1.23	0.8617482862048895
8.64	-2.47	0.8851514482049865
8.64	-3.7	0.8705218651638127
8.64	-4.94	0.8178815342624146
8.64	-6.17	0.8465063762111917
8.64	-7.4	0.8156338169685498
8.64	-8.64	0.8764385137271269
8.64	-9.87	0.8577911927329671
8.64	-11.1	0.8576271187443165
8.64	-12.34	0.8844940066306783
8.64	-13.57	0.8853629692637899
8.63	-14.8	0.923253537103637
8.63	-16.03	0.8837841751694997
8.63	-17.26	0.8791878261139221
8.63	-18.49	0.8126318696638766
8.63	-19.72	0.8211327117053049
8.63	-20.95	0.8294845466304501
8.62	-22.18	0.8329189312645235
8.62	-23.41	0.8689059077296877
8.62	-24.64	0.9424393999141909
8.62	-25.86	0.9917766611475463
8.62	-27.08	0.8712263631739079
8.62	-28.31	0.8674396458256712
8.62	-29.55	0.9151796882768624
8.62	-30.77	1.2926651125793054
8.6	-31.96	1.6340002224508607
8.59	-33.14	1.3556952351362916
8.58	-34.31	1.129050919037061
8.55	-35.43	0.9750439574058136
8.51	-36.45	1.285247504082676
9.7	-36.37	1.773383382477256
9.76	-35.39	0.9607257744941045
9.8	-34.29	1.055346749936855
9.82	-33.13	1.2359947396394801
9.83	-31.95	1.642860829141675
9.84	-30.76	1.5566501003168458
9.85	-29.55	0.9634078111106135
9.85	-28.31	0.867175147383012
9.85	-27.08	0.8707267434833561
9.85	-25.85	0.8692990059696175
9.85	-24.63	1.0862225555558167
9.86	-23.41	0.8430395005564186
9.86	-22.18	0.8257383096589779
9.86	-20.95	0.820105490721784
9.86	-19.72	0.8189636370647264
9.86	-18.49	0.8805077512964798
9.86	-17.26	0.8288379632510683
9.86	-16.03	0.8766905465096366
9.87	-14.8	0.8748342669410505
9.87	-13.57	0.842682592451065
9.87	-12.34	0.8522775408933736
9.87	-11.1	0.8891199354701982
9.87	-9.87	0.8876580349994381
9.87	-8.64	0.8507027038843056
9.87	-7.4	0.8937853386137178
9.87	-6.17	0.8897793380846108
9.87	-4.94	0.9187318293979079
9.88	-3.7	0.8875550888650716
9.88	-2.47	0.8911044329508222
9.88	-1.23	0.8797518438479681
9.88	0.0	0.879728089508081
9.88	1.23	0.8995049115081111
9.88	2.47	0.8979413026760819
9.88	3.7	0.881630850499036
9.87	4.94	0.8941261115278278
9.87	6.17	0.8673011402402206
9.87	7.4	0.8749858297455804
9.87	8.64	0.8857304579719099
9.87	9.87	0.8947921098153593
9.87	11.1	0.8704855428484981
9.87	12.34	0.9137802447897254
9.87	13.57	0.9244414564282399
9.87	14.8	0.947523305704828
9.86	16.03	1.0706377669334755
9.86	17.26	1.0638285320243135
9.86	18.49	1.0272229724822708
9.86	19.72	0.933322742362872
9.86	20.95	0.9648612333973814
9.86	22.18	0.9308449665050489
9.86	23.41	1.0465789976426372
9.85	24.63	0.9767668500900504
9.85	25.85	0.8963025708403549
9.85	27.08	0.9337053890325864
9.85	28.31	1.1481299721548641
9.85	29.55	1.0162574237504893
9.84	30.76	1.5223830034718544
9.83	31.95	1.6034818421420631
9.82	33.13	1.920694957116691
9.8	34.29	1.8222911697672428
9.76	35.39	1.0242901157136055
9.7	36.37	1.3630479241612736
10.88	36.26	1.730806501414044
10.97	35.34	0.9941871582740731
11.01	34.26	1.8129925091167873
11.04	33.11	1.7993978423251775
11.05	31.93	1.711835545656303
11.07	30.75	1.5373836416715436
11.08	29.55	1.108290705285933
11.08	28.32	1.0325038821668189
11.08	27.08	1.0333956639312047
11.08	25.85	0.8928981832989624
11.08	24.63	0.923950514111568
11.09	23.41	1.065783959764265
11.09	22.18	0.9854923311538784
11.09	20.95	0.972353992198868
11.09	19.72	0.9373279268806076
11.1	18.49	0.9084351598465812
11.1	17.26	1.0576725165959893
11.1	16.03	1.0465182015187313
11.1	14.8	1.047344087761692
11.1	13.57	1.0213298368588273
11.1	12.34	1.0093929416947187
11.1	11.1	0.9847402878927216
11.1	9.87	0.9714393592521278
11.1	8.64	0.8697300753796711
11.1	7.4	0.8781091987104954
11.1	6.17	0.8567949847842646
11.1	4.94	0.8788678441684628
11.11	3.7	0.9004172051994406
11.11	2.47	0.9012048652898859
11.11	1.23	0.9113422511871718
11.11	-0.0	0.8966574010407404
11.11	-1.23	0.9020451941595606
11.11	-2.47	0.883865854373119
11.11	-3.7	0.8822939802256435
11.1	-4.94	0.8554755286860853
11.1	-6.17	0.8388231658914389
11.1	-7.4	0.840563314103882
11.1	-8.64	0.8275752297957784
11.1	-9.87	0.8348845273285921
11.1	-11.1	0.8385661801815587
11.1	-12.34	0.9384633052172289
11.1	-13.57	0.9499420549859412
11.1	-14.8	0.8926648800823278
11.1	-16.03	0.909755407556192
11.1	-17.26	0.8965331776588235
11.1	-18.49	0.8300447049316482
11.09	-19.72	0.82844827609558
11.09	-20.95	0.812346071678065
11.09	-22.18	0.811930748940437
11.09	-23.41	0.8772408829603044
11.08	-24.63	0.9583272632500917
11.08	-25.85	0.8543970826576501
11.08	-27.08	0.8483283918205631
11.08	-28.32	0.873367421283783
11.08	-29.55	1.1730989637524658
11.07	-30.75	1.7025901439184814
11.05	-31.93	1.614300954244177
11.04	-33.11	1.0825429992128033
11.01	-34.26	0.996636086965279
10.97	-35.34	1.010354626789205
10.88	-36.26	2.5
12.02	-36.05	2.5
12.16	-35.27	1.1097521902467724
12.22	-34.22	0.9518250208487551
12.25	-33.09	1.070755514716181
12.27	-31.91	1.431866311436881
12.29	-30.73	1.7147337921235062
12.31	-29.54	1.4431279917184936
12.31	-28.32	0.9390925585215557
12.31	-27.08	0.8875469299491172
12.31	-25.85	0.8612093709513937
12.31	-24.63	0.8690015665925603
12.32	-23.4	1.0797213669438772
12.32	-22.18	0.8553688599077542
12.32	-20.94	0.7973246229638233
12.32	-19.72	0.8337122674238762
12.33	-18.49	0.8332188030438932
12.33	-17.26	0.8906090846522439
12.33	-16.03	0.8706370435245834
12.33	-14.8	0.8990981963162827
12.33	-13.56	0.895732195305512
12.33	-12.33	0.8537991564390035
12.34	-11.1	0.861571991637188
12.34	-9.87	0.8788183087888513
12.34	-8.64	0.872225424511023
12.34	-7.4	0.8408222112189891
12.34	-6.17	0.8437844589650654
12.34	-4.93	0.8637387833388201
12.34	-3.7	0.8452767682663422
12.34	-2.47	0.8773582024427125
12.34	-1.23	0.8706882481966254
12.34	0.0	0.878808342081645
12.34	1.23	0.9052118765979174
12.34	2.47	0.8887291029241418
12.34	3.7	0.867025785266966
12.34	4.93	0.8762984459562446
12.34	6.17	0.8521408656762794
12.34	7.4	0.879926543495567
12.34	8.64	0.8924529244618213
12.34	9.87	0.9085818648886352
12.34	11.1	0.9412440172596614
12.33	12.33	0.9499168193773757
12.33	13.56	0.9497345403000246
12.33	14.8	0.9728736313153181
12.33	16.03	1.009007607596378
12.33	17.26	1.0178891557760616
12.33	18.49	0.9152616997074583
12.32	19.72	0.9672200375081488
12.32	20.94	1.04431274844994
12.32	22.18	0.9946102433622634
12.32	23.4	0.9799756618138904
12.31	24.63	0.9114057720148825
12.31	25.85	0.896951428306366
12.31	27.08	1.082559239236792
12.31	28.32	0.9662431852585609
12.31	29.54	1.3152647008850522
12.29	30.73	1.5158505438725864
12.27	31.91	1.9111538903110166
12.25	33.09	1.6814265715263055
12.22	34.22	1.1092278459428195
12.16	35.27	1.1083381269194241
12.02	36.05	2.5
13.34	35.17	1.2674551155510914
13.42	34.17	1.0100967772984593
13.47	33.06	1.9437648456568635
13.49	31.9	1.8442728139440865
13.51	30.71	1.612151012919849
13.53	29.53	1.4977300887709752
13.54	28.32	1.0390996120890392
13.54	27.08	1.0709093215312198
13.54	25.85	1.002308446224994
13.54	24.62	0.8816739273699632
13.55	23.4	0.9214500519376454
13.55	22.17	1.0216206989007413
13.55	20.94	0.9780524844513607
13.55	19.71	0.9771588998818892
13.56	18.49	0.9541916131433181
13.56	17.26	0.9037309890534919
13.56	16.03	1.0268506865578981
13.56	14.8	1.0021366293820853
13.56	13.56	0.9429877148154784
13.56	12.33	0.9766685869433278
13.57	11.1	0.9633111944468862
13.57	9.87	0.9148464751092593
13.57	8.64	0.8742933230398666
13.57	7.4	0.9037682423394546
13.57	6.17	0.8906209115451471
13.57	4.93	0.9075789620957275
13.57	3.7	0.8910913095204123
13.57	2.47	0.8782705739306449
13.57	1.23	0.8682930146065075
13.57	-0.0	0.873698613046181
13.57	-1.23	0.8451282880181505
13.57	-2.47	0.8469372708251788
13.57	-3.7	0.8514832906105845
13.57	-4.93	0.855949461363231
13.57	-6.17	0.8784886701253303
13.57	-7.4	0.8604454036372893
13.57	-8.64	0.8355835010579806
13.57	-9.87	0.8280018776504523
13.57	-11.1	0.8411378186157243
13.56	-12.33	0.8676554514294903
13.56	-13.56	0.8509810116937153
13.56	-14.8	0.8468436409741038
13.56	-16.03	0.8936799589175752
13.56	-17.26	0.8370813878991656
13.56	-18.49	0.8472865593579648
13.55	-19.71	0.839109834113021
13.55	-20.94	0.8373732396671576
13.55	-22.17	0.8953093819845463
13.55	-23.4	1.01197553367723
13.54	-24.62	0.8781979026126816
13.54	-25.85	0.8824279974212086
13.54	-27.08	0.8747297325334227
13.54	-28.32	1.1284210582632141
13.53	-29.53	1.681281559701151
13.51	-30.71	1.694679906726301
13.49	-31.9	1.1409421844046141
13.47	-33.06	1.0119644831067687
13.42	-34.17	0.9398297669990914
13.34	-35.17	1.3755848314310848
14.49	-35.02	2.49112233450251
14.62	-34.1	0.9451761891959887
14.67	-33.02	0.9473725318747981
14.71	-31.87	1.02808161828308
14.73	-30.69	1.5021664974881945
14.75	-29.51	1.679262253760232
14.77	-28.31	1.4053755691161491
14.78	-27.09	0.9194840390422829
14.77	-25.85	0.8588096641723109
14.77	-24.62	0.911344647758562
14.77	-23.39	0.8297300157060032
14.78	-22.17	0.91045123740445
14.78	-20.94	0.9054261651967295
14.78	-19.71	0.8410402393142968
14.79	-18.48	0.8219989181456091
14.79	-17.25	0.8375532046005336
14.79	-16.03	0.8463189239239002
14.79	-14.79	0.8645958420412896
14.8	-13.56	0.8350686150543805
14.8	-12.33	0.8700212962217169
14.8	-11.1	0.8785144603421102
14.8	-9.87	0.8934853706189338
14.8	-8.63	0.9163889457091638
14.8	-7.4	0.889497351965419
14.8	-6.17	0.912214355880173
14.8	-4.93	0.8916626704987527
14.8	-3.7	0.9369339229851281
14.8	-2.47	0.9063429727979821
14.8	-1.23	0.9435528791952565
14.8	0.0	0.9245844194151873
14.8	1.23	0.9480857527575459
14.8	2.47	0.9412347095219076
14.8	3.7	0.9275450625412107
14.8	4.93	0.8966195096066549
14.8	6.17	0.9018562775908823
14.8	7.4	0.9087994986242798
14.8	8.63	0.9411905259045472
14.8	9.87	0.9621754166613616
14.8	11.1	0.9296081842824915
14.8	12.33	0.9586787382376549
14.8	13.56	0.9652872719744217
14.79	14.79	1.0407645387001931
14.79	16.03	0.9108745260480235
14.79	17.25	0.9423842799101969
14.79	18.48	1.0364705811453216
14.78	19.71	0.9727126181717649
14.78	20.94	1.0651195674023173
14.78	22.17	0.9329436953762116
14.77	23.39	0.8780634565303922
14.77	24.62	0.8733396585475548
14.77	25.85	1.0490873346096699
14.78	27.09	0.982024524751087
14.77	28.31	1.236023173559646
14.75	29.51	1.4561902040956998
14.73	30.69	1.8543211318148831
14.71	31.87	1.7764530130429232
14.67	33.02	1.7597959674968795
14.62	34.1	0.9861671588516057
14.49	35.02	1.692986223723839
15.79	34.0	1.158272122076184
15.87	32.97	1.0624078474282488
15.92	31.84	1.9019245436060883
15.95	30.67	1.8916768332498135
15.97	29.48	1.564236138519953
15.99	28.3	1.4149288487508453
16.01	27.09	1.0477001974173863
16.01	25.85	1.0318458926965466
16.0	24.62	0.9836183653542765
16.0	23.39	0.8514647982567434
16.01	22.16	0.8823795145833548
16.01	20.94	1.0031290934586519
16.02	19.71	1.006345896830835
16.02	18.48	1.039691468350597
16.02	17.25	0.9557080868934689
16.02	16.02	0.885796289142994
16.03	14.79	0.8933394332238951
16.03	13.56	0.9916575046108047
16.03	12.33	0.9604083632819105
16.03	11.1	0.9421519110330223
16.03	9.86	0.8966071641112938
16.03	8.63	0.8817709680913302
16.03	7.4	0.9068747102464156
16.03	6.17	0.871300891370236
16.04	4.93	0.9035438666044682
16.04	3.7	0.9834449115304338
16.04	2.47	0.9795038507146057
16.04	1.23	0.9865299321214804
16.04	-0.0	0.9510278522809141
16.04	-1.23	0.9605964364735726
16.04	-2.47	0.9900648816699693
16.04	-3.7	0.909626426510445
16.04	-4.93	0.9488147756089234
16.03	-6.17	0.9262725555974516
16.03	-7.4	0.9273064875813333
16.03	-8.63	0.9076474560953853
16.03	-9.86	0.9185794043010054
16.03	-11.1	0.8592339175812569
16.03	-12.33	0.8725521032630157
16.03	-13.56	0.8782869451172886
16.03	-14.79	0.8401458478869213
16.02	-16.02	0.8558302330562251
16.02	-17.25	0.8316203061430896
16.02	-18.48	0.8152157682940429
16.02	-19.71	0.8699835680977666
16.01	-20.94	0.907763685880953
16.01	-22.16	0.8822783973509392
16.0	-23.39	0.9645048288643139
16.0	-24.62	0.8566305343306677
16.01	-25.85	0.8939140133674419
16.01	-27.09	1.1484286707203983
15.99	-28.3	1.573104722667984
15.97	-29.48	1.6245397732963434
15.95	-30.67	1.133116847536276
15.92	-31.84	0.9456157275692059
15.87	-32.97	0.9167225752428738
15.79	-34.0	1.073836064199777
16.92	-33.85	1.737428658953986
17.06	-32.9	0.9458727502630477
17.12	-31.8	0.8941317571347884
17.16	-30.65	0.9912743077502117
17.19	-29.46	1.3845190054726366
17.21	-28.27	1.5735484098810009
17.23	-27.08	1.4297191310185013
17.24	-25.86	0.9848707961601919
17.23	-24.62	0.8574395606391594
17.23	-23.38	0.8808552537705854
17.23	-22.16	0.9057834163718317
17.24	-20.93	0.8959478191244452
17.25	-19.71	0.8824730348334597
17.25	-18.48	0.8127856600752148
17.25	-17.25	0.8400060119642818
17.25	-16.02	0.7975125059213788
17.25	-14.79	0.8525692394688473
17.26	-13.56	0.8536340596770007
17.26	-12.33	0.8915547522818512
17.26	-11.1	0.8559363552117158
17.26	-9.86	0.8592302348049294
17.26	-8.63	0.8929766100014422
17.26	-7.4	0.8727824091443317
17.26	-6.17	0.8802082606780122
17.26	-4.93	0.8735680915508262
17.27	-3.7	0.9088699187721136
17.27	-2.47	0.91511935651718
17.27	-1.23	0.8936174628066906
17.27	0.0	0.9519366746824955
17.27	1.23	0.9115275794118647
17.27	2.47	0.9049251049118858
17.27	3.7	0.8793689966775098
17.26	4.93	0.8738571172189022
17.26	6.17	0.8841002372170408
17.26	7.4	0.8932087204484151
17.26	8.63	0.9372225053059271
17.26	9.86	0.9637905607430923
17.26	11.1	1.0066130396951598
17.26	12.33	0.984490820199281
17.26	13.56	0.8536012589519659
17.25	14.79	0.8760261259873872
17.25	16.02	0.9491848835638041
17.25	17.25	1.0302827860230837
17.25	18.48	0.9829851919863541
17.25	19.71	1.0527057450389723
17.24	20.93	0.9090133457908038
17.23	22.16	0.8847562212232489
17.23	23.38	0.9469608550152877
17.23	24.62	1.0550906442371302
17.24	25.86	1.0038796057196695
17.23	27.08	1.2675776823246494
17.21	28.27	1.4066071965607563
17.19	29.46	1.8460897382984909
17.16	30.65	1.6928325319233117
17.12	31.8	1.822897374897817
17.06	32.9	0.9797346037488728
16.92	33.85	1.5486615110324964
18.21	32.78	1.1633509612458255
18.31	31.74	1.0358741223240076
18.37	30.61	1.8225044543585778
18.4	29.44	1.7336405704364566
18.42	28.25	1.6099427935180977
18.45	27.06	1.3635734173240524
18.47	25.85	1.1310307626236344
18.47	24.63	1.0076245233594427
18.46	23.39	1.0014972705246752
18.46	22.15	0.9342994707046239
18.47	20.93	0.8834994680135217
18.47	19.7	0.8958800120661294
18.48	18.48	0.9851877651743779
18.48	17.25	0.950580400546178
18.48	16.02	1.0023856936834052
18.48	14.79	0.9310025266646749
18.49	13.56	0.8833458271500056
18.49	12.33	0.880488158795723
18.49	11.1	0.9279521639769905
18.49	9.86	1.0191797175519302
18.49	8.63	0.9491828034726604
18.49	7.4	0.9298498737873873
18.49	6.16	0.9440818339653774
18.5	4.93	0.8973891985321503
18.5	3.7	0.8515731649547789
18.5	2.47	0.8449002546398168
18.5	1.23	0.8722495796781429
18.5	-0.0	0.9097230693835243
18.5	-1.23	0.8528993866295149
18.5	-2.47	0.9092908713419696
18.5	-3.7	0.9062488055998195
18.5	-4.93	0.8702396589419923
18.49	-6.16	0.8553677787974046
18.49	-7.4	0.8528802236072437
18.49	-8.63	0.8778391618818713
18.49	-9.86	0.8812460323312408
18.49	-11.1	0.8716538662520321
18.49	-12.33	0.8793069296725857
18.49	-13.56	0.8536806280395126
18.48	-14.79	0.8134695481493974
18.48	-16.02	0.8177924624776765
18.48	-17.25	0.8618873011216301
18.48	-18.48	0.9208844280068842
18.47	-19.7	0.8729546701488022
18.47	-20.93	0.875937808074009
18.46	-22.15	0.8608456748626612
18.46	-23.39	0.8327765269458833
18.47	-24.63	0.9376864401266687
18.47	-25.85	1.2903212297281037
18.45	-27.06	1.5014588680804133
18.42	-28.25	1.4696616018837556
18.4	-29.44	1.039351716373325
18.37	-30.61	0.9697253215621959
18.31	-31.74	0.9830249696544371
18.21	-32.78	0.9527520622514851
19.32	-32.6	1.5149857317126436
19.48	-31.66	0.9294293754097795
19.56	-30.56	0.91658047091674
19.61	-29.41	0.9504182400408512
19.63	-28.22	1.1612908607083838
19.66	-27.03	1.479129481848953
19.68	-25.84	1.4316173329931638
19.7	-24.62	1.189063139338967
19.7	-23.39	0.8810355063291446
19.69	-22.16	0.8635791682715146
19.69	-20.92	0.8503436711291261
19.7	-19.7	0.8629308894135956
19.7	-18.47	0.8764497485689375
19.71	-17.25	0.9455774992920585
19.71	-16.02	0.8572729014502967
19.71	-14.78	0.8302532483720393
19.71	-13.55	0.805540058434941
19.72	-12.32	0.8081676256277586
19.72	-11.09	0.8837751246807821
19.72	-9.86	0.9196573553852403
19.72	-8.63	0.9281185904721934
19.73	-7.4	0.8974426823135744
19.73	-6.16	0.8795251779746236
19.73	-4.93	0.8933283012663606
19.73	-3.7	0.861851528290396
19.73	-2.47	0.8936209925681275
19.73	-1.23	0.9069402804116304
19.73	0.0	0.8499269044253399
19.73	1.23	0.8740918398764101
19.73	2.47	0.9036380512798718
19.73	3.7	0.9283760576321392
19.73	4.93	0.9141907112556691
19.73	6.16	0.9741272391343561
19.73	7.4	0.9818472106482314
19.72	8.63	0.9449876990493689
19.72	9.86	0.835179210781857
19.72	11.09	0.8291765366732831
19.72	12.32	0.8797207394028224
19.71	13.55	0.9600437434655316
19.71	14.78	1.0073693653669675
19.71	16.02	0.9528682993403015
19.71	17.25	1.0025252138482523
19.7	18.47	0.9009288132717597
19.7	19.7	0.8835919824032823
19.69	20.92	0.8906597430256848
19.69	22.16	0.9266206293809827
19.7	23.39	1.0571906658331631
19.7	24.62	1.0724338971170546
19.68	25.84	1.3485231255170955
19.66	27.03	1.4548447582000712
19.63	28.22	1.8719642125803322
19.61	29.41	1.8552829078606798
19.56	30.56	1.1744947686188905
19.48	31.66	0.9827313697412112
19.32	32.6	1.6922750062214265
20.61	31.52	1.21375942471614
20.73	30.49	0.9983056415843894
20.8	29.36	1.8657060309701299
20.84	28.2	1.6052175957097248
20.87	27.01	1.7851291823375792
20.89	25.81	1.3483619994688194
20.92	24.61	1.1859925669153162
20.93	23.39	1.0317784308978357
20.93	22.16	1.032297601775917
20.92	20.92	0.9289419499050124
20.92	19.69	0.8508031536083029
20.93	18.47	0.8687294856152121
20.93	17.24	0.8795020452089739
20.94	16.01	0.9887008004344189
20.94	14.78	0.9675436041707117
20.94	13.55	1.008226992174544
20.94	12.32	1.03336800856394
20.95	11.09	0.9442104629846524
20.95	9.86	0.8430541509300857
20.95	8.63	0.818084749879576
20.95	7.4	0.8445656517818376
20.96	6.16	0.8653722344437185
20.96	4.93	0.958762105456846
20.96	3.7	0.9899537877192168
20.96	2.47	0.9714351111550741
20.96	1.23	0.9525133458660129
20.96	-0.0	0.944230750090318
20.96	-1.23	0.9485070734429657
20.96	-2.47	0.947328450799092
20.96	-3.7	0.9183256892677107
20.96	-4.93	0.9750669819135727
20.96	-6.16	0.9821053437500096
20.95	-7.4	0.9605967203539612
20.95	-8.63	0.8698798917315989
20.95	-9.86	0.8031400962033857
20.95	-11.09	0.7714447744480761
20.94	-12.32	0.8201241700619839
20.94	-13.55	0.8642149160167136
20.94	-14.78	0.8879212765251232
20.94	-16.01	0.8858093695506675
20.93	-17.24	0.8810991433999371
20.93	-18.47	0.859659735864879
20.92	-19.69	0.849613317752195
20.92	-20.92	0.8358017581369523
20.93	-22.16	0.920696564511867
20.93	-23.39	1.1351973727698494
20.92	-24.61	1.3744891561988934
20.89	-25.81	1.4333255876853146
20.87	-27.01	1.2296300757617464
20.84	-28.2	0.9361476708455179
20.8	-29.36	0.8814162877141847
20.73	-30.49	0.9505127700961191
20.61	-31.52	0.9643461474734245
21.63	-31.24	1.70464409087554
21.87	-30.38	0.8457450095649941
21.97	-29.3	0.886449376248958
22.04	-28.16	0.903467840281218
22.07	-26.98	0.9203194365525169
22.1	-25.78	1.2641988822691914
22.13	-24.59	1.3970061646495218
22.15	-23.38	1.3484865896109834
22.16	-22.16	1.1506513097870252
22.16	-20.93	0.9186659692385106
22.16	-19.69	0.8454015258034762
22.15	-18.46	0.8543446920285271
22.16	-17.23	0.8689273218901796
22.16	-16.01	0.8601511154945074
22.17	-14.78	0.8612896054303887
22.17	-13.55	0.9707502615778907
22.18	-12.32	0.9414875634189315
22.18	-11.09	0.8874037982451943
22.18	-9.86	0.8221693308871778
22.18	-8.62	0.8087809459213791
22.18	-7.39	0.8033860370355326
22.18	-6.16	0.788262729199376
22.18	-4.93	0.8272433811035027
22.19	-3.7	0.8382321176832619
22.19	-2.47	0.8574077873475874
22.19	-1.23	0.8506798201727399
22.19	0.0	0.844013040995371
22.19	1.23	0.8516405497897237
22.19	2.47	0.8297606640700916
22.19	3.7	0.8038783268704819
22.18	4.93	0.8204877239313202
22.18	6.16	0.8291663692298279
22.18	7.39	0.8495180204473964
22.18	8.62	0.9214775109982227
22.18	9.86	1.0622755849730243
22.18	11.09	1.0740875138553827
22.18	12.32	0.9775755618857005
22.17	13.55	0.9975783318047711
22.17	14.78	0.9188494296374294
22.16	16.01	0.868382684592568
22.16	17.23	0.865513221951363
22.15	18.46	0.8625055778686299
22.16	19.69	0.885274697595122
22.16	20.93	0.9936532450658744
22.16	22.16	1.0281441036436334
22.15	23.38	1.1579713593495526
22.13	24.59	1.296136522975222
22.1	25.78	1.6792674261088223
22.07	26.98	1.5636603372352473
22.04	28.16	1.8633537945555858
21.97	29.3	1.0123942750617063
21.87	30.38	1.0535120581174384
21.63	31.24	2.23918455295464
22.94	30.18	1.517063876036751
23.12	29.2	0.984297643674461
23.21	28.1	1.1093236180574468
23.27	26.94	1.653111275880697
23.31	25.76	1.6683157359103662
23.33	24.56	1.5748813265626609
23.36	23.36	1.231489264230932
23.38	22.15	1.1176291602177768
23.39	20.93	1.041334061667274
23.39	19.7	1.019846452986397
23.39	18.46	0.8957398338479301
23.38	17.23	0.8900030912398895
23.39	16.0	0.9031754464543598
23.39	14.77	0.8833705610232432
23.4	13.55	0.9117716349509672
23.4	12.32	0.9730297022750811
23.41	11.09	0.9706567673678599
23.41	9.86	1.0166620801179693
23.41	8.62	1.15869845591011
23.41	7.39	1.1937267362645372
23.41	6.16	1.079537840064658
23.41	4.93	0.9692806097544535
23.41	3.7	0.9074429435420086
23.41	2.46	0.8422288547025651
23.41	1.23	0.8689793037929583
23.41	-0.0	0.8473573750063279
23.41	-1.23	0.8136290665440074
23.41	-2.46	0.8341024833971691
23.41	-3.7	0.838602843979829
23.41	-4.93	0.8200841718616907
23.41	-6.16	0.8492708334733141
23.41	-7.39	0.871947938778205
23.41	-8.62	0.928789499473119
23.41	-9.86	0.9384908731735484
23.41	-11.09	0.9845144251970428
23.4	-12.32	0.914518262092928
23.4	-13.55	0.8754357272400188
23.39	-14.77	0.9035826254995483
23.39	-16.0	0.8848191083101788
23.38	-17.23	0.8712485118920554
23.39	-18.46	0.869576204907708
23.39	-19.7	0.9316581654298695
23.39	-20.93	1.1594932072878041
23.38	-22.15	1.322160144193914
23.36	-23.36	1.3406438265741762
23.33	-24.56	1.245276710363128
23.31	-25.76	0.9301742546447667
23.27	-26.94	0.9100090152220099
23.21	-28.1	0.8941024405270266
23.12	-29.2	0.85681700894113
22.94	-30.18	1.0624176627730737
24.2	-29.04	0.893996200536594
24.36	-28.01	0.8420884268497577
24.44	-26.89	0.8620041574465551
24.5	-25.72	0.897504427213283
24.53	-24.53	0.9389241400254615
24.56	-23.33	1.2064008616285804
24.59	-22.13	1.3063336794322193
24.61	-20.92	1.3181444725251668
24.62	-19.7	1.2324563483064255
24.63	-18.47	1.0361306579816665
24.62	-17.23	0.885424555734283
24.62	-16.0	0.8767204971426326
24.62	-14.77	0.9129424183672255
24.62	-13.54	0.9276929445244795
24.63	-12.31	0.9063859099575389
24.63	-11.08	0.9361990673632086
24.63	-9.85	0.9700486976095082
24.64	-8.62	0.9841367242553911
24.64	-7.39	1.0114735025260053
24.64	-6.16	0.9919087326205887
24.64	-4.93	0.9882204101994496
24.64	-3.7	0.9535898271082486
24.64	-2.46	0.9075157530399727
24.64	-1.23	0.9750818298399118
24.64	0.0	1.0124665244492714
24.64	1.23	1.1002306222648928
24.64	2.46	1.1664570841403519
24.64	3.7	1.2068031372117662
24.64	4.93	1.2279171553604984
24.64	6.16	1.1252996956778016
24.64	7.39	1.0181852484614398
24.64	8.62	0.9832570813168147
24.63	9.85	0.9749343171319182
24.63	11.08	0.9347195210496331
24.63	12.31	0.9121746161371993
24.62	13.54	0.8990266621879153
24.62	14.77	0.9090224353504492
24.62	16.0	0.9008962138129473
24.62	17.23	0.9004940802720407
24.63	18.47	1.067872850621522
24.62	19.7	1.0415268341121928
24.61	20.92	1.0989769478092573
24.59	22.13	1.1825221188646386
24.56	23.33	1.550456065512753
24.53	24.53	1.7154713777574564
24.5	25.72	1.7456359785030848
24.44	26.89	1.1279479228409652
24.36	28.01	0.9497079920346501
24.2	29.04	1.2591159716239613
25.43	27.86	1.236160882189469
25.59	26.8	0.9459089563586556
25.67	25.67	1.1888315023726514
25.72	24.5	1.7046065847840053
25.76	23.31	1.7071661958532083
25.78	22.1	1.5583124220738171
25.81	20.89	1.1753934176272764
25.84	19.68	1.1607286470992015
25.85	18.47	1.0530027007163065
25.86	17.24	1.0620440693348474
25.85	16.01	0.9422387289945542
25.85	14.77	0.9355117999033977
25.85	13.54	0.8932029797526742
25.85	12.31	0.9205531214177114
25.85	11.08	0.889169038470162
25.85	9.85	0.8908480703814785
25.86	8.62	0.9185551124150972
25.86	7.39	0.9583891725327316
25.87	6.16	0.9892780446535809
25.87	4.93	0.9959336841918232
25.87	3.7	0.9501876814145991
25.87	2.46	1.021025555412609
25.87	1.23	1.0195872310436442
25.87	-0.0	1.025978960801317
25.87	-1.23	1.0551890348399233
25.87	-2.46	1.056497565889102
25.87	-3.7	0.9904540472880523
25.87	-4.93	0.9669406919471655
25.87	-6.16	0.983937165054936
25.86	-7.39	0.962216831490819
25.86	-8.62	0.9920591627750754
25.85	-9.85	1.001285028204581
25.85	-11.08	1.0373148324260626
25.85	-12.31	0.9460040604742073
25.85	-13.54	0.9225197272940893
25.85	-14.77	0.9065600971270467
25.85	-16.01	0.9637942172021319
25.86	-17.24	1.1225992826557283
25.85	-18.47	1.2411020784659685
25.84	-19.68	1.2820452126817896
25.81	-20.89	1.285440447952304
25.78	-22.1	1.147832906223205
25.76	-23.31	0.9100028011249641
25.72	-24.5	0.8985646642012011
25.67	-25.67	0.8683524811561538
25.59	-26.8	0.8672076106361901
25.43	-27.86	0.810554071962879
26.65	-26.65	0.8074911089079979
26.8	-25.59	0.9069841898282451
26.89	-24.44	0.893047644964077
26.94	-23.27	0.8877127923913664
26.98	-22.07	0.9054103814595136
27.01	-20.87	1.0243943071036234
27.03	-19.66	1.2264908600882478
27.06	-18.45	1.2447574582076673
27.08	-17.23	1.270841438900348
27.09	-16.01	1.201656187455109
27.09	-14.78	1.1148202444977127
27.08	-13.54	0.9858594763440998
27.08	-12.31	0.9565050778381909
27.08	-11.08	0.9095209000527458
27.08	-9.85	0.9275695358868248
27.08	-8.62	0.9643843236300453
27.08	-7.39	1.0399821591011769
27.08	-6.16	1.0461900491132141
27.09	-4.93	1.012902207599689
27.09	-3.69	0.9861756922924192
27.09	-2.46	0.9924735952058574
27.09	-1.23	0.9902812310580797
27.09	0.0	0.9971368243456187
27.09	1.23	0.978983930242264
27.09	2.46	0.9618531037827953
27.09	3.69	0.9558789101483054
27.09	4.93	0.9383894711127629
27.08	6.16	0.9242157426161146
27.08	7.39	0.9253793766236562
27.08	8.62	0.9310454962665071
27.08	9.85	0.9588440981921966
27.08	11.08	0.958895768719791
27.08	12.31	0.9561940962037223
27.08	13.54	0.9152384441138768
27.09	14.78	1.095797583764674
27.09	16.01	1.0706911847348124
27.08	17.23	1.0448323801591277
27.06	18.45	1.0736341850017883
27.03	19.66	1.2348427931992356
27.01	20.87	1.5889909555721733
26.98	22.07	1.5814684415039437
26.94	23.27	1.8169723965157942
26.89	24.44	1.2134254868945993
26.8	25.59	0.9978915724541988
26.65	26.65	1.1709943204727793
27.86	25.43	1.1675388379719518
28.01	24.36	0.9542971921740273
28.1	23.21	1.1449709287043195
28.16	22.04	1.748474308720347
28.2	20.84	1.454004288099088
28.22	19.63	1.6560937312099955
28.25	18.42	1.3420419579259226
28.27	17.21	1.0911932926437338
28.3	15.99	0.9932426023447141
28.31	14.77	1.0699066557378138
28.32	13.54	1.0841119217432222
28.32	12.31	1.1231343873372035
28.32	11.08	0.9639587743640092
28.31	9.85	0.9802233974162045
28.31	8.62	1.0163553114910275
28.31	7.38	0.9910830253497238
28.31	6.15	0.9949395341774103
28.31	4.92	0.9218800615737166
28.31	3.69	0.9294751142386577
28.31	2.46	0.9333672840959375
28.31	1.23	0.912415208903151
28.31	-0.0	0.9103752685597524
28.31	-1.23	0.9315073677352288
28.31	-2.46	0.9108694320484059
28.31	-3.69	0.8961573238100575
28.31	-4.92	0.9306700658382514
28.31	-6.15	0.9285522271688578
28.31	-7.38	0.9705314486269243
28.31	-8.62	0.9921595714267557
28.31	-9.85	1.0183661878807264
28.32	-11.08	1.05741783438347
28.32	-12.31	1.150413311191901
28.32	-13.54	1.2227961448466047
28.31	-14.77	1.2194830088904984
28.3	-15.99	1.234683030240288
28.27	-17.21	1.1947426593723272
28.25	-18.42	1.1096138232688642
28.22	-19.63	0.9350152169384529
28.2	-20.84	0.9099420930974924
28.16	-22.04	0.8904446976213123
28.1	-23.21	0.8766719963775742
28.01	-24.36	0.8456369735866565
27.86	-25.43	0.825742936533822
29.04	-24.2	0.790343594776207
29.2	-23.12	0.8400546854916024
29.3	-21.97	0.9041257465692585
29.36	-20.8	0.9002324304734133
29.41	-19.61	0.9251092418600031
29.44	-18.4	0.9313564789063484
29.46	-17.19	0.9679784069312616
29.48	-15.97	1.1150556256052297
29.51	-14.75	1.1754042575695625
29.53	-13.53	1.1944090476406641
29.54	-12.31	1.216164425386653
29.55	-11.08	1.2131376212028675
29.55	-9.85	1.2033904122859065
29.55	-8.62	1.1828058031003819
29.55	-7.39	1.134753096758593
29.55	-6.16	1.0987443066267142
29.54	-4.92	1.0640157610743728
29.54	-3.69	1.0958419799586219
29.54	-2.46	1.0813477695217752
29.54	-1.23	1.058896573969058
29.54	0.0	1.0665185154269397
29.54	1.23	1.045837285763353
29.54	2.46	1.0694790897762774
29.54	3.69	1.0345557175195008
29.54	4.92	1.0715570868774975
29.55	6.16	1.0321302834080912
29.55	7.39	1.0184663837451282
29.55	8.62	1.1117474321273715
29.55	9.85	1.1199149445085297
29.55	11.08	1.1166444847215695
29.54	12.31	1.073075938983151
29.53	13.53	0.9671214159359973
29.51	14.75	1.0300382503562826
29.48	15.97	1.2001746391935306
29.46	17.19	1.4851433866644514
29.44	18.4	1.5700809099300468
29.41	19.61	1.5785140742782788
29.36	20.8	1.8592883448430575
29.3	21.97	1.110381139901131
29.2	23.12	0.9984640017799506
29.04	24.2	1.1879050482071483
30.18	22.94	1.3889668620384175
30.38	21.87	1.009895301164942
30.49	20.73	1.002361755058745
30.56	19.56	1.749477572618451
30.61	18.37	1.9533706370896802
30.65	17.16	1.426627070014983
30.67	15.95	1.5754873494895651
30.69	14.73	1.4408725462656573
30.71	13.51	1.1590556525599371
30.73	12.29	1.0007586058436626
30.75	11.07	1.0346647940306264
30.76	9.84	1.040469754177872
30.77	8.62	1.1144954189333909
30.78	7.39	1.1597924990450936
30.78	6.16	1.1434045195886728
30.78	4.93	1.1140358799945762
30.78	3.69	1.0506815298631258
30.78	2.46	1.0943610593806232
30.78	1.23	1.1299611405052161
30.78	-0.0	1.156869713955782
30.78	-1.23	1.1572196390250378
30.78	-2.46	1.1655042659739738
30.78	-3.69	1.2001693251113643
30.78	-4.93	1.1930163068585564
30.78	-6.16	1.2089321855954571
30.78	-7.39	1.2338435824854574
30.77	-8.62	1.2107414896682966
30.76	-9.84	1.2193708568603974
30.75	-11.07	1.183194765514477
30.73	-12.29	1.116792559471257
30.71	-13.51	1.0664825770278785
30.69	-14.73	0.9702376539683533
30.67	-15.95	0.9558289543370844
30.65	-17.16	0.9689975268024575
30.61	-18.37	0.9471316800575291
30.56	-19.56	0.9440956951182375
30.49	-20.73	0.9323950006045125
30.38	-21.87	0.8156221753551236
30.18	-22.94	0.8205976132798902
31.24	-21.63	0.856784865889491
31.52	-20.61	0.8314137403788804
31.66	-19.48	0.8730209382398009
31.74	-18.31	0.967122486216879
31.8	-17.12	0.9627152439119318
31.84	-15.92	0.9758795134302449
31.87	-14.71	1.0703161681925133
31.9	-13.49	1.0048733805404684
31.91	-12.27	0.9655018110275897
31.93	-11.05	0.9700277810408009
31.95	-9.83	1.0504858685480247
31.96	-8.6	1.1004647558480638
31.97	-7.38	1.136066662492702
31.98	-6.15	1.1850646265970255
31.99	-4.92	1.212043471816627
32.0	-3.69	1.2443832204295466
32.0	-2.46	1.1856049669234414
32.0	-1.23	1.2080230594679175
32.0	0.0	1.1731924915797016
32.0	1.23	1.109849937832843
32.0	2.46	1.1207146240394659
32.0	3.69	1.098565727048876
31.99	4.92	1.0766024414271875
31.98	6.15	0.9731879859937029
31.97	7.38	1.0012134393306056
31.96	8.6	1.013753294717981
31.95	9.83	1.0932520449159
31.93	11.05	1.2605687290912098
31.91	12.27	1.462176657505677
31.9	13.49	1.5457820024357165
31.87	14.71	1.4567375340570337
31.84	15.92	1.838820227611616
31.8	17.12	1.8633062406520517
31.74	18.31	1.1343002623015286
31.66	19.48	0.9860562026878146
31.52	20.61	1.102390905198364
31.24	21.63	1.8592791817852037
32.6	19.32	1.3206850541227748
32.78	18.21	1.0463569376052586
32.9	17.06	1.0100656412026972
32.97	15.87	1.3848650646618088
33.02	14.67	1.9800868771359648
33.06	13.47	1.850520845991399
33.09	12.25	1.4790457119689364
33.11	11.04	1.476963273223845
33.13	9.82	1.4647092921905376
33.14	8.59	1.407921006079289
33.15	7.37	1.2767144653235345
33.16	6.14	1.1375058013171522
33.17	4.91	1.05305275180201
33.18	3.69	1.0045850520004382
33.18	2.46	1.001271354343741
33.18	1.23	0.9999265574370195
33.19	-0.0	0.9969569882377183
33.18	-1.23	1.0054911398888748
33.18	-2.46	0.9791095705547299
33.18	-3.69	0.9967273747015764
33.17	-4.91	0.9873755421875554
33.16	-6.14	0.9748868609352943
33.15	-7.37	0.9920501522789973
33.14	-8.59	1.0293588515970589
33.13	-9.82	1.0813868464019265
33.11	-11.04	1.1035900814796404
33.09	-12.25	1.0489170028634582
33.06	-13.47	1.019863011190603
33.02	-14.67	1.0772343471672468
32.97	-15.87	1.0742661087926635
32.9	-17.06	0.9737417113163085
32.78	-18.21	0.8376883750550057
32.6	-19.32	0.8565475043795772
33.85	-16.92	0.890753047656375
34.0	-15.79	0.866736030866802
34.1	-14.62	0.9646240781241282
34.17	-13.42	1.0850611235648024
34.22	-12.22	1.1241244217516577
34.26	-11.01	1.07646470457329
34.29	-9.8	1.073513327844604
34.31	-8.58	1.1224134681469389
34.33	-7.36	1.1538105155026823
34.34	-6.13	1.1962544957957988
34.35	-4.91	1.2162887218429566
34.35	-3.68	1.2101847832402957
34.36	-2.45	1.2220524336421317
34.36	-1.23	1.2498258061592704
34.36	0.0	1.237062332394851
34.36	1.23	1.303800438790108
34.36	2.45	1.3496585986818923
34.35	3.68	1.3719382307106187
34.35	4.91	1.4157672645088777
34.34	6.13	1.3931558066943026
34.33	7.36	1.348932352376063
34.31	8.58	1.431372487822716
34.29	9.8	1.709912592044395
34.26	11.01	2.00808018729791
34.22	12.22	1.8382686975732865
34.17	13.42	1.238726511438605
34.1	14.62	1.0456383957326265
34.0	15.79	1.0626117876626493
33.85	16.92	1.2255717909261694
35.02	14.49	1.2753416375635087
35.17	13.34	1.0987837209838212
35.27	12.16	1.05902625545097
35.34	10.97	1.0795396294488153
35.39	9.76	1.320775424119402
35.43	8.55	1.6942121459298454
35.46	7.34	1.8811218102276488
35.48	6.12	1.8129650761078233
35.49	4.9	1.631284254092468
35.51	3.67	1.4897260647668764
35.52	2.45	1.323973637058124
35.52	1.22	1.2703816119012448
35.52	-0.0	1.216890770484885
35.52	-1.22	1.190080424433856
35.52	-2.45	1.1711012686411024
35.51	-3.67	1.1755604594746867
35.49	-4.9	1.2084191001686397
35.48	-6.12	1.2343168882037485
35.46	-7.34	1.2618945628967566
35.43	-8.55	1.2950919697935
35.39	-9.76	1.2320063082677066
35.34	-10.97	1.08364958194323
35.27	-12.16	0.9669140119181776
35.17	-13.34	0.9183754925898624
35.02	-14.49	0.9627730282839506
36.05	-12.02	1.152024793833565
36.26	-10.88	1.1001011997836585
36.37	-9.7	1.0247682329729448
36.45	-8.51	1.0173842880097972
36.51	-7.3	1.0601962876554722
36.55	-6.09	1.1328700878683247
36.58	-4.88	1.2329781452563005
36.6	-3.66	1.3096982693455503
36.61	-2.44	1.3692867193878406
36.62	-1.22	1.413605577822274
36.62	0.0	1.4596254697963058
36.62	1.22	1.4741765473917479
36.61	2.44	1.4728100023259572
36.6	3.66	1.3591633923742839
36.58	4.88	1.2384039607314339
36.55	6.09	1.1223821022336455
36.51	7.3	1.103883940124728
36.45	8.51	1.098438738766891
36.37	9.7	1.1828688654172712
36.26	10.88	1.298975736987435
36.05	12.02	1.4932149406912938
37.3	7.22	1.5024715019384853
37.42	6.04	1.3923098289811886
37.5	4.84	1.3289764904360606
37.55	3.63	1.2896221816929776
37.58	2.42	1.2800449101396172
37.6	1.21	1.2643808106949024
37.6	-0.0	1.2387414437339759
37.6	-1.21	1.258870869695297
37.58	-2.42	1.2716315371141196
37.55	-3.63	1.2750529396247483
37.5	-4.84	1.2933517274595232
37.42	-6.04	1.3162458856371417
37.3	-7.22	1.3063914885182264
