-40.0	6.25	0.8683995885841894
-40.0	5.0	0.8354238955469124
-40.0	3.75	0.8131289344037297
-40.0	2.5	0.7350803189386754
-40.0	1.25	0.657021113336822
-40.0	-0.0	0.6706398170881167
-40.0	-1.25	0.6738423770993741
-40.0	-2.5	0.6611534494603948
-40.0	-3.75	0.6540816895430691
-40.0	-5.0	0.7337130955545126
-40.0	-6.25	0.8217505162330653
-38.75	-11.25	0.6367541355084977
-38.75	-10.0	0.4854471721993204
-38.75	-8.75	0.5258109061018185
-38.75	-7.5	0.5750166683112079
-38.75	-6.25	0.6251755241528469
-38.75	-5.0	0.660913944873333
-38.75	-3.75	0.6772261114127641
-38.75	-2.5	0.693078727067526
-38.75	-1.25	0.6996175855402851
-38.75	0.0	0.6989228423137201
-38.75	1.25	0.697509325871321
-38.75	2.5	0.7098990014139296
-38.75	3.75	0.6920652769649053
-38.75	5.0	0.681525647815846
-38.75	6.25	0.6822503806894774
-38.75	7.5	0.6479980823558966
-38.75	8.75	0.6562467229931638
-38.75	10.0	0.778743817498197
-38.75	11.25	0.9120957211399441
-37.5	15.0	0.9822520775777671
-37.5	13.75	0.8127326187092724
-37.5	12.5	0.5080035004621044
-37.5	11.25	0.5734504586424986
-37.5	10.0	0.6344490287963361
-37.5	8.75	0.6827738901491164
-37.5	7.5	0.6940069738498547
-37.5	6.25	0.701977684357033
-37.5	5.0	0.7088525229915607
-37.5	3.75	0.7065671292556424
-37.5	2.5	0.7185281660697821
-37.5	1.25	0.7251742587104867
-37.5	-0.0	0.7456923344703505
-37.5	-1.25	0.7447315531286285
-37.5	-2.5	0.7530999677153832
-37.5	-3.75	0.7522151413889915
-37.5	-5.0	0.754827744058444
-37.5	-6.25	0.7767949278424935
-37.5	-7.5	0.7608557855006756
-37.5	-8.75	0.7456539875465754
-37.5	-10.0	0.6821163325381443
-37.5	-11.25	0.5979895140840903
-37.5	-12.5	0.46285223182684454
-37.5	-13.75	0.38408153102578374
-37.5	-15.0	1.1230648279644013
-36.25	-17.5	1.1452131789281914
-36.25	-16.25	0.35895601611583994
-36.25	-15.0	0.5710329166308042
-36.25	-13.75	0.771077145159007
-36.25	-12.5	0.8522760422040018
-36.25	-11.25	0.8678513314619677
-36.25	-10.0	0.9125455673163353
-36.25	-8.75	0.934327965936297
-36.25	-7.5	0.9478247396494383
-36.25	-6.25	0.9438300114872201
-36.25	-5.0	0.9427259653596578
-36.25	-3.75	0.9422141827326325
-36.25	-2.5	0.9256683914384085
-36.25	-1.25	0.8982616913629655
-36.25	0.0	0.884111875273709
-36.25	1.25	0.8628443909504884
-36.25	2.5	0.8312516436735129
-36.25	3.75	0.8045074118664212
-36.25	5.0	0.7731320020179103
-36.25	6.25	0.7384990490445991
-36.25	7.5	0.6944349366677103
-36.25	8.75	0.6967580981984101
-36.25	10.0	0.6969736587662616
-36.25	11.25	0.6834254894658612
-36.25	12.5	0.6618786644442791
-36.25	13.75	0.5899941132321201
-36.25	15.0	0.49143268501902626
-36.25	16.25	0.4656162242941586
-36.25	17.5	0.9764697778594302
-35.0	20.0	0.927766492390411
-35.0	18.75	0.6033183197161597
-35.0	17.5	0.44456936842620287
-35.0	16.25	0.5839858135525813
-35.0	15.0	0.6645054453365961
-35.0	13.75	0.6733085300539334
-35.0	12.5	0.6764491290008123
-35.0	11.25	0.6955453979645481
-35.0	10.0	0.7379981042044167
-35.0	8.75	0.7700099478766816
-35.0	7.5	0.8132787328224869
-35.0	6.25	0.8695683297434605
-35.0	5.0	0.8972660358828236
-35.0	3.75	0.9213640492990016
-35.0	2.5	0.9453736283802879
-35.0	1.25	0.9608716270197181
-35.0	-0.0	0.9925084527974268
-35.0	-1.25	0.9993219471214071
-35.0	-2.5	1.0151265843098716
-35.0	-3.75	1.025841629470524
-35.0	-5.0	1.0398335035638384
-35.0	-6.25	1.0409884885239176
-35.0	-7.5	1.033810589145364
-35.0	-8.75	1.0394813841428832
-35.0	-10.0	1.0417657026740055
-35.0	-11.25	1.0330364304943829
-35.0	-12.5	1.0337941776018968
-35.0	-13.75	1.0048698962919334
-35.0	-15.0	0.9766543597800473
-35.0	-16.25	0.9048794868303851
-35.0	-17.5	0.7039663594355798
-35.0	-18.75	0.32952456463517277
-35.0	-20.0	1.0982765239308134
-33.75	-21.25	0.33963460119763234
-33.75	-20.0	0.7293854591524839
-33.75	-18.75	0.9662090665226908
-33.75	-17.5	1.0242425831177575
-33.75	-16.25	1.052558483852595
-33.75	-15.0	1.0545530643518983
-33.75	-13.75	1.064139679601927
-33.75	-12.5	1.0533386647777225
-33.75	-11.25	1.0585756263545951
-33.75	-10.0	1.0549187777406475
-33.75	-8.75	1.0503061744521753
-33.75	-7.5	1.0459155852399369
-33.75	-6.25	1.034235037823593
-33.75	-5.0	1.0379718096535713
-33.75	-3.75	1.020569726671061
-33.75	-2.5	1.027455160942477
-33.75	-1.25	1.0283648018121438
-33.75	0.0	1.001728363757965
-33.75	1.25	1.0004336241851037
-33.75	2.5	0.9889447629788162
-33.75	3.75	0.9686701309315833
-33.75	5.0	0.9632722990858669
-33.75	6.25	0.9481492462099481
-33.75	7.5	0.9286835959388166
-33.75	8.75	0.8797319084223554
-33.75	10.0	0.8563423506123647
-33.75	11.25	0.8068789691924838
-33.75	12.5	0.7520429445583202
-33.75	13.75	0.7238580195956272
-33.75	15.0	0.6873542814512746
-33.75	16.25	0.6654448303579485
-33.75	17.5	0.6445347844080942
-33.75	18.75	0.5681745863576614
-33.75	20.0	0.41297457023640477
-33.75	21.25	0.9387322498985078
-32.5	23.75	1.0109841298214448
-32.5	22.5	0.44429078827197127
-32.5	21.25	0.49427969275053046
-32.5	20.0	0.6294935086529448
-32.5	18.75	0.6544745839889928
-32.5	17.5	0.6825389112201709
-32.5	16.25	0.7039394321749942
-32.5	15.0	0.7554657948924619
-32.5	13.75	0.7976300691181248
-32.5	12.5	0.8577756949448576
-32.5	11.25	0.9012076897177311
-32.5	10.0	0.9402986876088425
-32.5	8.75	0.9557812054618975
-32.5	7.5	0.9674469335213193
-32.5	6.25	0.9779468626582036
-32.5	5.0	1.001865401452707
-32.5	3.75	1.0135728380182263
-32.5	2.5	1.0226434474725696
-32.5	1.25	1.0370574041142588
-32.5	-0.0	1.0500935924963466
-32.5	-1.25	1.0519227312565582
-32.5	-2.5	1.0385799824499151
-32.5	-3.75	1.053273863092328
-32.5	-5.0	1.057795380465128
-32.5	-6.25	1.0568035215738307
-32.5	-7.5	1.0440041120329662
-32.5	-8.75	1.0429763156141314
-32.5	-10.0	1.0462284243507955
-32.5	-11.25	1.054671664250187
-32.5	-12.5	1.0642221229894782
-32.5	-13.75	1.0748141983502102
-32.5	-15.0	1.0647366938215226
-32.5	-16.25	1.0674294391604378
-32.5	-17.5	1.0723654232270057
-32.5	-18.75	1.0678667937832527
-32.5	-20.0	1.0328896414043267
-32.5	-21.25	0.9310396043171295
-32.5	-22.5	0.6628111145696979
-32.5	-23.75	0.7339074823009344
-31.25	-25.0	1.0384943377285376
-31.25	-23.75	0.7894039866910741
-31.25	-22.5	1.0064094002219306
-31.25	-21.25	1.0446036088773896
-31.25	-20.0	1.0626308349676818
-31.25	-18.75	1.0567046667244826
-31.25	-17.5	1.0620788959805871
-31.25	-16.25	1.068052194469245
-31.25	-15.0	1.056531113611924
-31.25	-13.75	1.0518208306554715
-31.25	-12.5	1.0442256918731012
-31.25	-11.25	1.0504626660027865
-31.25	-10.0	1.0573851719987262
-31.25	-8.75	1.044583046659761
-31.25	-7.5	1.047090427614629
-31.25	-6.25	1.0338525083977004
-31.25	-5.0	1.0290125545756836
-31.25	-3.75	1.0332549654646486
-31.25	-2.5	1.0351552582417929
-31.25	-1.25	1.0313213759811253
-31.25	0.0	1.0376697759127422
-31.25	1.25	1.0168905629816127
-31.25	2.5	1.023065163838366
-31.25	3.75	1.0154685127744536
-31.25	5.0	1.0160232588529365
-31.25	6.25	1.0174238432929872
-31.25	7.5	1.0081031082879253
-31.25	8.75	0.9939567709047189
-31.25	10.0	0.9787929786906184
-31.25	11.25	0.9439461027401085
-31.25	12.5	0.923501176241035
-31.25	13.75	0.8919545536491718
-31.25	15.0	0.8397324795411745
-31.25	16.25	0.7934962129905995
-31.25	17.5	0.7334592718245836
-31.25	18.75	0.7158207920842344
-31.25	20.0	0.6868106761754509
-31.25	21.25	0.6565560959136902
-31.25	22.5	0.5644314014319106
-31.25	23.75	0.3913711136865534
-31.25	25.0	0.9957368546338072
-30.0	26.25	1.0138945957247
-30.0	25.0	0.43080032368413734
-30.0	23.75	0.6108122219611538
-30.0	22.5	0.6511366603858991
-30.0	21.25	0.72257765637723
-30.0	20.0	0.719802684977856
-30.0	18.75	0.7713069232483175
-30.0	17.5	0.8303868522473463
-30.0	16.25	0.8810038270798005
-30.0	15.0	0.9219912889801095
-30.0	13.75	0.9601471585671112
-30.0	12.5	0.9809543371337797
-30.0	11.25	0.9883981810109342
-30.0	10.0	1.0163667190843797
-30.0	8.75	1.0074487503124454
-30.0	7.5	1.036792022192905
-30.0	6.25	1.0382895550204974
-30.0	5.0	1.0204152926021162
-30.0	3.75	1.0503613670205294
-30.0	2.5	1.0427393868812043
-30.0	1.25	1.0479640963087415
-30.0	-0.0	1.0455495947658489
-30.0	-1.25	1.0487882476385324
-30.0	-2.5	1.0504955856616331
-30.0	-3.75	1.0563209557470685
-30.0	-5.0	1.0572124361284616
-30.0	-6.25	1.0576198419758995
-30.0	-7.5	1.0534420879563093
-30.0	-8.75	1.0403243606820018
-30.0	-10.0	1.0382673583344204
-30.0	-11.25	1.0421033708613112
-30.0	-12.5	1.0368424877376012
-30.0	-13.75	1.04885779289177
-30.0	-15.0	1.0464942944891829
-30.0	-16.25	1.0440627299878245
-30.0	-17.5	1.0505922510896828
-30.0	-18.75	1.050678177379523
-30.0	-20.0	1.058010945822134
-30.0	-21.25	1.0524831316057366
-30.0	-22.5	1.0473769010640883
-30.0	-23.75	1.0159814411513064
-30.0	-25.0	0.8386832690257481
-30.0	-26.25	0.8265724745072668
-28.75	-27.5	0.914116560197601
-28.75	-26.25	0.8548303265773961
-28.75	-25.0	1.0150893280108833
-28.75	-23.75	1.026356828494028
-28.75	-22.5	1.0281984934590185
-28.75	-21.25	1.0451988861760984
-28.75	-20.0	1.0498232590565233
-28.75	-18.75	1.0315102109041
-28.75	-17.5	1.0387658750172768
-28.75	-16.25	1.0274583499974945
-28.75	-15.0	1.0378715073809746
-28.75	-13.75	1.0434933041418009
-28.75	-12.5	1.0424320412348114
-28.75	-11.25	1.0620366534013497
-28.75	-10.0	1.0612672607425386
-28.75	-8.75	1.0631096857336901
-28.75	-7.5	1.0569097808552903
-28.75	-6.25	1.0589425084181447
-28.75	-5.0	1.063800748148892
-28.75	-3.75	1.0549507304789125
-28.75	-2.5	1.054300815718181
-28.75	-1.25	1.0578885407619008
-28.75	0.0	1.0590674047923179
-28.75	1.25	1.0541305637645044
-28.75	2.5	1.0544495357006425
-28.75	3.75	1.0529823021703133
-28.75	5.0	1.0453024016544399
-28.75	6.25	1.0481514467639015
-28.75	7.5	1.0329886271797482
-28.75	8.75	1.0370452082346713
-28.75	10.0	1.0307699538009214
-28.75	11.25	1.0180666078935316
-28.75	12.5	0.9948482090570822
-28.75	13.75	0.9998556169984486
-28.75	15.0	0.9711840531537353
-28.75	16.25	0.9435109508303673
-28.75	17.5	0.9040336552914554
-28.75	18.75	0.858219987367205
-28.75	20.0	0.7907382328016922
-28.75	21.25	0.7197581302534904
-28.75	22.5	0.7068001667503909
-28.75	23.75	0.6767976907363652
-28.75	25.0	0.6513737121730734
-28.75	26.25	0.4566914525825959
-28.75	27.5	0.9679193278344846
-27.5	28.75	0.9414298925307365
-27.5	27.5	0.45484585325055404
-27.5	26.25	0.6301159622425222
-27.5	25.0	0.6988917489045647
-27.5	23.75	0.705753858604505
-27.5	22.5	0.7419256030702663
-27.5	21.25	0.8056857864747516
-27.5	20.0	0.8741936212404492
-27.5	18.75	0.922180163758659
-27.5	17.5	0.9585610904289779
-27.5	16.25	0.986746427663476
-27.5	15.0	0.9898048294165228
-27.5	13.75	1.015954418253611
-27.5	12.5	1.0268501716366567
-27.5	11.25	1.0348857287702289
-27.5	10.0	1.0444128378461681
-27.5	8.75	1.0496482805433398
-27.5	7.5	1.054404340462712
-27.5	6.25	1.0514166078793947
-27.5	5.0	1.0672647885279827
-27.5	3.75	1.0728318763996798
-27.5	2.5	1.0636167798816656
-27.5	1.25	1.053087957185032
-27.5	-0.0	1.0545307888158961
-27.5	-1.25	1.0567337704233686
-27.5	-2.5	1.0682710489383977
-27.5	-3.75	1.0630940033402234
-27.5	-5.0	1.0605956596189272
-27.5	-6.25	1.0671695710908196
-27.5	-7.5	1.0689407690570165
-27.5	-8.75	1.0713493903331772
-27.5	-10.0	1.0716135455389175
-27.5	-11.25	1.0751982358109753
-27.5	-12.5	1.0696035268717037
-27.5	-13.75	1.0705650197250527
-27.5	-15.0	1.0586071020989034
-27.5	-16.25	1.0476549062837912
-27.5	-17.5	1.0469860318893083
-27.5	-18.75	1.0278784478367644
-27.5	-20.0	1.0366987341930742
-27.5	-21.25	1.0383367257356562
-27.5	-22.5	1.0303249476972407
-27.5	-23.75	1.0168625801309188
-27.5	-25.0	1.0165207871055713
-27.5	-26.25	1.0036621357679938
-27.5	-27.5	0.8732431587060032
-27.5	-28.75	0.8707652714988539
-26.25	-30.0	0.9770715860111895
-26.25	-28.75	0.8161239272292943
-26.25	-27.5	0.9803247858795291
-26.25	-26.25	0.988913521805721
-26.25	-25.0	0.9810794890619242
-26.25	-23.75	1.018217541393792
-26.25	-22.5	1.0214655012384883
-26.25	-21.25	1.028154707702094
-26.25	-20.0	1.0369790488692725
-26.25	-18.75	1.0487778081180688
-26.25	-17.5	1.0532915080975387
-26.25	-16.25	1.058648446410255
-26.25	-15.0	1.0737590016129084
-26.25	-13.75	1.0820824135925269
-26.25	-12.5	1.0751492955104236
-26.25	-11.25	1.0744996739828205
-26.25	-10.0	1.0732559821309846
-26.25	-8.75	1.0664923225153322
-26.25	-7.5	1.069970204653635
-26.25	-6.25	1.0630363078391385
-26.25	-5.0	1.0662316142898811
-26.25	-3.75	1.067647929141323
-26.25	-2.5	1.0662728930823913
-26.25	-1.25	1.077440581839442
-26.25	0.0	1.071907385848337
-26.25	1.25	1.0557388270205756
-26.25	2.5	1.0683128502930337
-26.25	3.75	1.053708503047065
-26.25	5.0	1.0562389364726252
-26.25	6.25	1.0470438832246785
-26.25	7.5	1.0520596672784193
-26.25	8.75	1.060910595831299
-26.25	10.0	1.0617326434035883
-26.25	11.25	1.0460983222039337
-26.25	12.5	1.0450154051305738
-26.25	13.75	1.0388669205620096
-26.25	15.0	1.0333029263299318
-26.25	16.25	1.008527225377288
-26.25	17.5	0.9980971871341028
-26.25	18.75	0.9767306709405518
-26.25	20.0	0.9058630509826127
-26.25	21.25	0.8841063540296477
-26.25	22.5	0.8176093210758115
-26.25	23.75	0.7522406969639094
-26.25	25.0	0.7135912337575506
-26.25	26.25	0.6789294567000475
-26.25	27.5	0.6500725576010066
-26.25	28.75	0.4517885084138247
-26.25	30.0	0.9800375524451402
-25.0	31.25	1.0457131447972576
-25.0	30.0	0.43839218565309357
-25.0	28.75	0.6300313810173881
-25.0	27.5	0.7049857229104534
-25.0	26.25	0.7182895708279163
-25.0	25.0	0.7537972637597059
-25.0	23.75	0.8220339424990847
-25.0	22.5	0.8881747210539185
-25.0	21.25	0.9317496089318987
-25.0	20.0	0.9819680350924948
-25.0	18.75	1.0020027357516073
-25.0	17.5	1.0301834254489064
-25.0	16.25	1.0509731239736284
-25.0	15.0	1.038972355813382
-25.0	13.75	1.0489721979975484
-25.0	12.5	1.0455494080086167
-25.0	11.25	1.057286697202227
-25.0	10.0	1.0430300936022725
-25.0	8.75	1.0576563168886326
-25.0	7.5	1.0487822288806028
-25.0	6.25	1.0514663101839985
-25.0	5.0	1.0435109344630498
-25.0	3.75	1.061196517756397
-25.0	2.5	1.0638948040138418
-25.0	1.25	1.0791734858759103
-25.0	-0.0	1.0752871245350013
-25.0	-1.25	1.061367134178704
-25.0	-2.5	1.0790129119940868
-25.0	-3.75	1.090530218250685
-25.0	-5.0	1.0870089674219745
-25.0	-6.25	1.0672018485342076
-25.0	-7.5	1.0687844179252415
-25.0	-8.75	1.0587450588816933
-25.0	-10.0	1.0619307254701875
-25.0	-11.25	1.0669489243420294
-25.0	-12.5	1.0735299893378396
-25.0	-13.75	1.0712593426008685
-25.0	-15.0	1.0803473934477588
-25.0	-16.25	1.0870610418098061
-25.0	-17.5	1.0848466751199608
-25.0	-18.75	1.068374944933881
-25.0	-20.0	1.0523232910207523
-25.0	-21.25	1.0454925755730908
-25.0	-22.5	1.03646589037716
-25.0	-23.75	1.0203653909586394
-25.0	-25.0	1.0062401585459853
-25.0	-26.25	0.977018084655524
-25.0	-27.5	0.9687531246614784
-25.0	-28.75	0.9638085252903278
-25.0	-30.0	0.7967401278373857
-25.0	-31.25	1.0182858980727987
-23.75	-32.5	0.8929807372364701
-23.75	-31.25	0.8449586869659592
-23.75	-30.0	0.9176211946271102
-23.75	-28.75	0.9369555750249696
-23.75	-27.5	0.9405925751226005
-23.75	-26.25	0.9945196653537675
-23.75	-25.0	1.0107650351048665
-23.75	-23.75	1.0198335491442512
-23.75	-22.5	1.0415183764042988
-23.75	-21.25	1.0520717314740804
-23.75	-20.0	1.0688402717166912
-23.75	-18.75	1.0755996835910637
-23.75	-17.5	1.0840535716538529
-23.75	-16.25	1.0688196231990073
-23.75	-15.0	1.0829634765959513
-23.75	-13.75	1.0654653458581447
-23.75	-12.5	1.06029851614881
-23.75	-11.25	1.0662034585753786
-23.75	-10.0	1.0646430035346077
-23.75	-8.75	1.0588817964430945
-23.75	-7.5	1.0615919154180524
-23.75	-6.25	1.0534829647527315
-23.75	-5.0	1.0555599022747693
-23.75	-3.75	1.0583662819445785
-23.75	-2.5	1.070138584990744
-23.75	-1.25	1.0553382856943008
-23.75	0.0	1.058866601187853
-23.75	1.25	1.0612314115504027
-23.75	2.5	1.0706383929496286
-23.75	3.75	1.0712962860797577
-23.75	5.0	1.0563145455211496
-23.75	6.25	1.0564965555161938
-23.75	7.5	1.036955226725518
-23.75	8.75	1.0079587523462943
-23.75	10.0	1.0440124535073148
-23.75	11.25	1.0510293511557094
-23.75	12.5	1.063961788627039
-23.75	13.75	1.0620354819495688
-23.75	15.0	1.0604335415047499
-23.75	16.25	1.062577651863902
-23.75	17.5	1.0490831360305437
-23.75	18.75	1.0452277896348767
-23.75	20.0	1.0185383987941115
-23.75	21.25	0.9891180974584604
-23.75	22.5	0.9371530665769607
-23.75	23.75	0.8903614178213424
-23.75	25.0	0.8370843049154455
-23.75	26.25	0.7406771740625542
-23.75	27.5	0.7182539236786714
-23.75	28.75	0.6979151109298087
-23.75	30.0	0.604611725507474
-23.75	31.25	0.5449210131852045
-23.75	32.5	1.0132927662082092
-22.5	32.5	0.9610254534634687
-22.5	31.25	0.5518670950638123
-22.5	30.0	0.6666765666913563
-22.5	28.75	0.721206160513189
-22.5	27.5	0.7401736153058057
-22.5	26.25	0.8190766874446724
-22.5	25.0	0.8786284267090689
-22.5	23.75	0.9349279931244165
-22.5	22.5	0.989519188455131
-22.5	21.25	1.0063916831295556
-22.5	20.0	1.0381679202742142
-22.5	18.75	1.0465894483323677
-22.5	17.5	1.068299542288757
-22.5	16.25	1.0528423022462874
-22.5	15.0	1.0613529448290828
-22.5	13.75	1.0687909026471907
-22.5	12.5	1.0586582723072027
-22.5	11.25	1.053712615291856
-22.5	10.0	1.061006245848477
-22.5	8.75	1.0739596927751756
-22.5	7.5	1.0580604536270009
-22.5	6.25	1.0691074825531715
-22.5	5.0	1.0614307079884953
-22.5	3.75	1.058863422511897
-22.5	2.5	1.055762716949604
-22.5	1.25	1.0627377531251945
-22.5	-0.0	1.0606525940411649
-22.5	-1.25	1.0524388892693395
-22.5	-2.5	1.0564044557469239
-22.5	-3.75	1.0612587930166562
-22.5	-5.0	1.0705588506851886
-22.5	-6.25	1.0596772125653693
-22.5	-7.5	1.067926879912581
-22.5	-8.75	1.0615691729640382
-22.5	-10.0	1.062251216724131
-22.5	-11.25	1.0692299503816383
-22.5	-12.5	1.0641108322463475
-22.5	-13.75	1.0614686954209573
-22.5	-15.0	1.0705726505172382
-22.5	-16.25	1.0697263138421331
-22.5	-17.5	1.0835497193128667
-22.5	-18.75	1.0830780092845236
-22.5	-20.0	1.0869734853153379
-22.5	-21.25	1.0882741077615976
-22.5	-22.5	1.062886659460035
-22.5	-23.75	1.0393364262167006
-22.5	-25.0	1.0218695804285591
-22.5	-26.25	0.9954538525264007
-22.5	-27.5	0.9618176220548995
-22.5	-28.75	0.9055743569933102
-22.5	-30.0	0.9369166712620218
-22.5	-31.25	0.8328522821548102
-22.5	-32.5	0.8756977848515185
-21.25	-33.75	0.9272234568647554
-21.25	-32.5	0.7326595060114683
-21.25	-31.25	0.9291767028084646
-21.25	-30.0	0.8823756577615854
-21.25	-28.75	0.9431211176445586
-21.25	-27.5	0.971931150271622
-21.25	-26.25	1.0046936902439136
-21.25	-25.0	1.0331961983356202
-21.25	-23.75	1.0612411282877146
-21.25	-22.5	1.0798857781870714
-21.25	-21.25	1.0870627690325427
-21.25	-20.0	1.0856542268949643
-21.25	-18.75	1.0788007203279144
-21.25	-17.5	1.0794098070402816
-21.25	-16.25	1.0686321218384287
-21.25	-15.0	1.050139459612013
-21.25	-13.75	1.0587243275087665
-21.25	-12.5	1.0587248329756103
-21.25	-11.25	1.0560427215730244
-21.25	-10.0	1.0586676892695983
-21.25	-8.75	1.0620184217736015
-21.25	-7.5	1.0517904484333145
-21.25	-6.25	1.0623392426186158
-21.25	-5.0	1.0503904471247278
-21.25	-3.75	1.0654914557844188
-21.25	-2.5	1.0599212764561918
-21.25	-1.25	1.0598123106056216
-21.25	0.0	1.0614884460668768
-21.25	1.25	1.0694578374990125
-21.25	2.5	1.0688194528877315
-21.25	3.75	1.0626989879922257
-21.25	5.0	1.054720159647464
-21.25	6.25	1.0585764635470114
-21.25	7.5	1.0701211837298403
-21.25	8.75	1.068396071504495
-21.25	10.0	1.060798467473961
-21.25	11.25	1.0690045498435103
-21.25	12.5	1.0697107139559303
-21.25	13.75	1.076207041031701
-21.25	15.0	1.0854514387363743
-21.25	16.25	1.066004710705562
-21.25	17.5	1.0656495719137307
-21.25	18.75	1.05990281746345
-21.25	20.0	1.0614287725005134
-21.25	21.25	1.0335379780653962
-21.25	22.5	1.0213038010045161
-21.25	23.75	0.9883583085640592
-21.25	25.0	0.9343596344087969
-21.25	26.25	0.8689303843383032
-21.25	27.5	0.7898309719766529
-21.25	28.75	0.7145563561714834
-21.25	30.0	0.7265099603578629
-21.25	31.25	0.6639379075789553
-21.25	32.5	0.4333355933851024
-21.25	33.75	1.0133997041936076
-20.0	35.0	0.9795301250984036
-20.0	33.75	0.5709412520132696
-20.0	32.5	0.6228614223027474
-20.0	31.25	0.7324564807625203
-20.0	30.0	0.7202007257873937
-20.0	28.75	0.7700627407922603
-20.0	27.5	0.8479220238720154
-20.0	26.25	0.9101436560125887
-20.0	25.0	0.9763157700517483
-20.0	23.75	0.9996590422418419
-20.0	22.5	1.0280491136100824
-20.0	21.25	1.0651796593728724
-20.0	20.0	1.0593733829550263
-20.0	18.75	1.0547382854048015
-20.0	17.5	1.0714091581667762
-20.0	16.25	1.0682688332518573
-20.0	15.0	1.0697740459157539
-20.0	13.75	1.077426587372637
-20.0	12.5	1.0773529473573016
-20.0	11.25	1.0720706975869523
-20.0	10.0	1.0655417521613335
-20.0	8.75	1.0645265828089177
-20.0	7.5	1.0630184432037533
-20.0	6.25	1.0619189314441764
-20.0	5.0	1.0612767940641645
-20.0	3.75	1.0587650813624498
-20.0	2.5	1.051342271107182
-20.0	1.25	1.0595255376438926
-20.0	-0.0	1.0701586311906448
-20.0	-1.25	1.0537666127144127
-20.0	-2.5	1.058799801227903
-20.0	-3.75	1.0512023391019174
-20.0	-5.0	1.0506519490158863
-20.0	-6.25	1.0578888951507088
-20.0	-7.5	1.065419626565453
-20.0	-8.75	1.0498558602709775
-20.0	-10.0	1.0476801682991725
-20.0	-11.25	1.04580460206376
-20.0	-12.5	1.047506765995695
-20.0	-13.75	1.0535721930489121
-20.0	-15.0	1.055098632840025
-20.0	-16.25	1.0541329605919103
-20.0	-17.5	1.0528033327888762
-20.0	-18.75	1.0642858584905661
-20.0	-20.0	1.0799648339384267
-20.0	-21.25	1.0822527096614218
-20.0	-22.5	1.0910403462220322
-20.0	-23.75	1.078992963366407
-20.0	-25.0	1.0584156813920977
-20.0	-26.25	1.0328191128298285
-20.0	-27.5	0.9932515851010308
-20.0	-28.75	0.9409398670045855
-20.0	-30.0	0.8890550224752083
-20.0	-31.25	0.8647404091515082
-20.0	-32.5	0.870481764148811
-20.0	-33.75	0.8294253187646301
-20.0	-35.0	0.8805217391074839
-18.75	-35.0	0.8834705872584102
-18.75	-33.75	0.7625724450430453
-18.75	-32.5	0.8807209689426393
-18.75	-31.25	0.846827786054083
-18.75	-30.0	0.9106877473953842
-18.75	-28.75	0.9664238061080275
-18.75	-27.5	1.0176453028216275
-18.75	-26.25	1.0577209032120616
-18.75	-25.0	1.0761604610217175
-18.75	-23.75	1.08733506307887
-18.75	-22.5	1.0732784908546826
-18.75	-21.25	1.0785621856158958
-18.75	-20.0	1.0634894515736335
-18.75	-18.75	1.0542052667670285
-18.75	-17.5	1.0566291373707755
-18.75	-16.25	1.0540851296494442
-18.75	-15.0	1.0497105274118232
-18.75	-13.75	1.057585356511389
-18.75	-12.5	1.0566095661559012
-18.75	-11.25	1.0488681462097391
-18.75	-10.0	1.0406841173573667
-18.75	-8.75	1.0556835756689236
-18.75	-7.5	1.045826465883506
-18.75	-6.25	1.0505174813006375
-18.75	-5.0	1.042688697983491
-18.75	-3.75	1.0501187265287137
-18.75	-2.5	1.0521156806395047
-18.75	-1.25	1.0620487789064461
-18.75	0.0	1.0437659120803944
-18.75	1.25	1.0630612319292705
-18.75	2.5	1.0577330053067227
-18.75	3.75	1.0543178167205312
-18.75	5.0	1.0647996739965662
-18.75	6.25	1.0573410710364415
-18.75	7.5	1.0571545909876245
-18.75	8.75	1.0587588453291648
-18.75	10.0	1.0704310529268186
-18.75	11.25	1.0626136632521375
-18.75	12.5	1.079118654616537
-18.75	13.75	1.073850192488321
-18.75	15.0	1.0611399135193404
-18.75	16.25	1.0596156614956773
-18.75	17.5	1.0531782129069658
-18.75	18.75	1.078758274700374
-18.75	20.0	1.0545144330068768
-18.75	21.25	1.0700578258741755
-18.75	22.5	1.0451286558955608
-18.75	23.75	1.0180550284195515
-18.75	25.0	0.997318542385278
-18.75	26.25	0.9551166015940844
-18.75	27.5	0.8982471449009819
-18.75	28.75	0.8291378922464623
-18.75	30.0	0.7401212019250438
-18.75	31.25	0.7319278587531656
-18.75	32.5	0.6834290577304623
-18.75	33.75	0.44246260407665344
-18.75	35.0	0.9578109217711204
-17.5	36.25	0.9489134256409367
-17.5	35.0	0.3862584971908442
-17.5	33.75	0.6287593764724131
-17.5	32.5	0.7128768726458182
-17.5	31.25	0.7113874952673291
-17.5	30.0	0.777168520387223
-17.5	28.75	0.8695815163607006
-17.5	27.5	0.9413925868968478
-17.5	26.25	1.0023616788965948
-17.5	25.0	1.0224756871951683
-17.5	23.75	1.0382909184540052
-17.5	22.5	1.0600631184783698
-17.5	21.25	1.0646663060278092
-17.5	20.0	1.0732708673363305
-17.5	18.75	1.063537217850222
-17.5	17.5	1.0672058541372362
-17.5	16.25	1.0704031950457196
-17.5	15.0	1.0684892891526325
-17.5	13.75	1.0767432882378511
-17.5	12.5	1.06767163679518
-17.5	11.25	1.0725010754591324
-17.5	10.0	1.069255792312671
-17.5	8.75	1.060003915680505
-17.5	7.5	1.071750786153054
-17.5	6.25	1.0704662569026009
-17.5	5.0	1.0627010260602252
-17.5	3.75	1.0555555226915803
-17.5	2.5	1.0634188398078885
-17.5	1.25	1.0620335084717143
-17.5	-0.0	1.0660766457104693
-17.5	-1.25	1.0445421746669659
-17.5	-2.5	1.0528908172766795
-17.5	-3.75	1.0433711618662698
-17.5	-5.0	1.046107918522454
-17.5	-6.25	1.0471346306819704
-17.5	-7.5	1.0496616365181974
-17.5	-8.75	1.0472422655688025
-17.5	-10.0	1.053060135745045
-17.5	-11.25	1.039136472546744
-17.5	-12.5	1.0422970487608885
-17.5	-13.75	1.037654674296545
-17.5	-15.0	1.0430942153417957
-17.5	-16.25	1.0427616542632008
-17.5	-17.5	1.0467992952663887
-17.5	-18.75	1.0439965955481425
-17.5	-20.0	1.0473742045350074
-17.5	-21.25	1.0654363119701593
-17.5	-22.5	1.0715866013137019
-17.5	-23.75	1.069492774268308
-17.5	-25.0	1.0933890795069119
-17.5	-26.25	1.0771278086063723
-17.5	-27.5	1.0452927113579908
-17.5	-28.75	0.999763825111618
-17.5	-30.0	0.9245793040458964
-17.5	-31.25	0.8589155315703658
-17.5	-32.5	0.8181263336602195
-17.5	-33.75	0.8655832820566158
-17.5	-35.0	0.7753903754709397
-17.5	-36.25	1.0194487148039066
-16.25	-36.25	0.7780860946076563
-16.25	-35.0	0.8024853664089138
-16.25	-33.75	0.8614184659427215
-16.25	-32.5	0.8035967636748801
-16.25	-31.25	0.8760055350785567
-16.25	-30.0	0.9520455623982804
-16.25	-28.75	1.0118920223395207
-16.25	-27.5	1.0741429370126
-16.25	-26.25	1.0926312047574422
-16.25	-25.0	1.1031075317700991
-16.25	-23.75	1.086029943877197
-16.25	-22.5	1.0686793440133717
-16.25	-21.25	1.0586591728842747
-16.25	-20.0	1.0578279742453103
-16.25	-18.75	1.0421861405291672
-16.25	-17.5	1.0295415473247689
-16.25	-16.25	1.0472248491009266
-16.25	-15.0	1.0352386066633124
-16.25	-13.75	1.0444834383079016
-16.25	-12.5	1.0528245998645223
-16.25	-11.25	1.0441182617764018
-16.25	-10.0	1.0560347935284633
-16.25	-8.75	1.06176902533097
-16.25	-7.5	1.048781763090187
-16.25	-6.25	1.0525501366000733
-16.25	-5.0	1.0592384229522587
-16.25	-3.75	1.0590270320854431
-16.25	-2.5	1.0568546904365075
-16.25	-1.25	1.0597332296017177
-16.25	0.0	1.0603540693616837
-16.25	1.25	1.0491941799096771
-16.25	2.5	1.0626235350610234
-16.25	3.75	1.052624736077687
-16.25	5.0	1.055229224652199
-16.25	6.25	1.07117074494615
-16.25	7.5	1.055673467853165
-16.25	8.75	1.0673433708180624
-16.25	10.0	1.0648918371101668
-16.25	11.25	1.0601552580957423
-16.25	12.5	1.077772021512832
-16.25	13.75	1.0853996978613338
-16.25	15.0	1.0734253045143718
-16.25	16.25	1.0772654595777065
-16.25	17.5	1.0801517071818045
-16.25	18.75	1.0748422474815673
-16.25	20.0	1.076849593576464
-16.25	21.25	1.0706358653886243
-16.25	22.5	1.0701285564662355
-16.25	23.75	1.0581767301571579
-16.25	25.0	1.0371901901919414
-16.25	26.25	1.0126575220592218
-16.25	27.5	0.9877264810166653
-16.25	28.75	0.907692333726778
-16.25	30.0	0.8221703862764094
-16.25	31.25	0.7518437476600021
-16.25	32.5	0.7415174732944878
-16.25	33.75	0.6941611825398158
-16.25	35.0	0.46516440060322717
-16.25	36.25	0.9517863618168931
-15.0	37.5	1.0389082156799212
-15.0	36.25	1.034698238393314
-15.0	35.0	0.6095534098288433
-15.0	33.75	0.7294906907104092
-15.0	32.5	0.7237142940771581
-15.0	31.25	0.7771596197855212
-15.0	30.0	0.8692065686389429
-15.0	28.75	0.9465502803285434
-15.0	27.5	1.015830408334573
-15.0	26.25	1.013004337387329
-15.0	25.0	1.0572731673499807
-15.0	23.75	1.0750741869676177
-15.0	22.5	1.074458660822649
-15.0	21.25	1.07759084795452
-15.0	20.0	1.0865651205965023
-15.0	18.75	1.0861412492703117
-15.0	17.5	1.08613775735826
-15.0	16.25	1.0912530067612598
-15.0	15.0	1.077105456580118
-15.0	13.75	1.0750251707054825
-15.0	12.5	1.0680151717814412
-15.0	11.25	1.070934616706951
-15.0	10.0	1.0628601404250615
-15.0	8.75	1.0533761606910381
-15.0	7.5	1.0639187736602058
-15.0	6.25	1.0576860153693106
-15.0	5.0	1.0619867818353352
-15.0	3.75	1.0560514903603673
-15.0	2.5	1.0574415253945437
-15.0	1.25	1.0568599585697256
-15.0	-0.0	1.0493537924528578
-15.0	-1.25	1.0513816591495038
-15.0	-2.5	1.0539491741313947
-15.0	-3.75	1.0653373090280354
-15.0	-5.0	1.0522433817198475
-15.0	-6.25	1.0601360358044334
-15.0	-7.5	1.054954348739797
-15.0	-8.75	1.0518378048152606
-15.0	-10.0	1.0420756323426368
-15.0	-11.25	1.056062960930749
-15.0	-12.5	1.0437010940104876
-15.0	-13.75	1.039732240322321
-15.0	-15.0	1.0418558050732376
-15.0	-16.25	1.039060693585656
-15.0	-17.5	1.028211677286216
-15.0	-18.75	1.0378600209985909
-15.0	-20.0	1.053225480899088
-15.0	-21.25	1.0565375901200296
-15.0	-22.5	1.0578321927187164
-15.0	-23.75	1.067085471314591
-15.0	-25.0	1.07545749530093
-15.0	-26.25	1.0807098377717799
-15.0	-27.5	1.0889367945425394
-15.0	-28.75	1.0479070364771703
-15.0	-30.0	0.9857758651401697
-15.0	-31.25	0.8962545608559283
-15.0	-32.5	0.8218002312842709
-15.0	-33.75	0.7960416303514453
-15.0	-35.0	0.8344796616935403
-15.0	-36.25	0.9345035788906056
-15.0	-37.5	0.9488439700308126
-13.75	-37.5	0.9303905136920536
-13.75	-36.25	0.8710255893215807
-13.75	-35.0	0.8664857482929397
-13.75	-33.75	0.7710354199055935
-13.75	-32.5	0.8378525892690448
-13.75	-31.25	0.932899865249916
-13.75	-30.0	1.0142354341324946
-13.75	-28.75	1.0818424157477702
-13.75	-27.5	1.100456687908614
-13.75	-26.25	1.0889826353815248
-13.75	-25.0	1.063074143646614
-13.75	-23.75	1.0843975741756067
-13.75	-22.5	1.0536429673783687
-13.75	-21.25	1.040357149417568
-13.75	-20.0	1.0345885506727908
-13.75	-18.75	1.016043643852441
-13.75	-17.5	1.0335469849398544
-13.75	-16.25	1.0404986526598923
-13.75	-15.0	1.0386528097866887
-13.75	-13.75	1.0384773284765325
-13.75	-12.5	1.0406585270475663
-13.75	-11.25	1.0402685645666796
-13.75	-10.0	1.039519367586692
-13.75	-8.75	1.0419002289894204
-13.75	-7.5	1.0603330766942716
-13.75	-6.25	1.0489080228180303
-13.75	-5.0	1.050779147185479
-13.75	-3.75	1.0577047563929918
-13.75	-2.5	1.0518668504462552
-13.75	-1.25	1.0547654920099265
-13.75	0.0	1.0546056420536971
-13.75	1.25	1.0655540464037396
-13.75	2.5	1.0430951451534383
-13.75	3.75	1.0483470540154458
-13.75	5.0	1.0500318215519535
-13.75	6.25	1.0588674047047457
-13.75	7.5	1.0562931676378462
-13.75	8.75	1.0608764459509992
-13.75	10.0	1.065132359582016
-13.75	11.25	1.0686716477851606
-13.75	12.5	1.0667210151092914
-13.75	13.75	1.0708618353127939
-13.75	15.0	1.0683063584798007
-13.75	16.25	1.0784991869721938
-13.75	17.5	1.0832003449057912
-13.75	18.75	1.0898355007469311
-13.75	20.0	1.0782955637308584
-13.75	21.25	1.0677712969736233
-13.75	22.5	1.0892100808598824
-13.75	23.75	1.0767358302246022
-13.75	25.0	1.0741917343870104
-13.75	26.25	1.0251269178589493
-13.75	27.5	1.0055222795767087
-13.75	28.75	0.982582370211186
-13.75	30.0	0.8969895102435711
-13.75	31.25	0.813988633859951
-13.75	32.5	0.7322367579790497
-13.75	33.75	0.735478403783575
-13.75	35.0	0.6977002622143457
-13.75	36.25	0.38181512740830326
-13.75	37.5	0.9445887792396767
-12.5	37.5	1.0472683729812742
-12.5	36.25	0.4925229777524745
-12.5	35.0	0.7176065631325904
-12.5	33.75	0.7195216988070953
-12.5	32.5	0.7689797408268371
-12.5	31.25	0.8615644814637032
-12.5	30.0	0.9504836910497514
-12.5	28.75	1.001617056581277
-12.5	27.5	1.0214541296917994
-12.5	26.25	1.049876803727855
-12.5	25.0	1.0824785525365304
-12.5	23.75	1.0752747220955083
-12.5	22.5	1.0800475122638435
-12.5	21.25	1.0837888340058743
-12.5	20.0	1.0821644797508188
-12.5	18.75	1.0898456262717413
-12.5	17.5	1.0742316831903216
-12.5	16.25	1.083963013869719
-12.5	15.0	1.0730012652426346
-12.5	13.75	1.0777140115676538
-12.5	12.5	1.0704005851784557
-12.5	11.25	1.066763538753318
-12.5	10.0	1.0584582116002335
-12.5	8.75	1.0638699735156176
-12.5	7.5	1.0645925516357622
-12.5	6.25	1.0691871138205686
-12.5	5.0	1.0510632164042277
-12.5	3.75	1.0613302878248543
-12.5	2.5	1.058724043306975
-12.5	1.25	1.0495288970123076
-12.5	-0.0	1.0602935451685385
-12.5	-1.25	1.0582276881388522
-12.5	-2.5	1.055006364740246
-12.5	-3.75	1.0535821764075137
-12.5	-5.0	1.0395736281466272
-12.5	-6.25	1.0586059602781825
-12.5	-7.5	1.0553663020608033
-12.5	-8.75	1.0557256912798239
-12.5	-10.0	1.0483585532921682
-12.5	-11.25	1.0569356405682953
-12.5	-12.5	1.0494148169562836
-12.5	-13.75	1.039722940570844
-12.5	-15.0	1.0371974662863355
-12.5	-16.25	1.0312347735580143
-12.5	-17.5	1.0228072909887729
-12.5	-18.75	1.0215154687528665
-12.5	-20.0	1.0321442373708858
-12.5	21.25	1.0659240891196176
-12.5	22.5	1.0740757743417857
-12.5	23.75	1.063284254625316
-12.5	25.0	1.0719834161616875
-12.5	26.25	1.04262148374825
-12.5	27.5	1.0088926055112637
-12.5	28.75	0.9975610595366453
-12.5	30.0	0.9446248948561856
-12.5	31.25	0.8360181362923074
-12.5	32.5	0.7636178730627359
-12.5	33.75	0.7157363307835665
-12.5	35.0	0.699603864439568
-12.5	36.25	0.5017817243647793
-12.5	37.5	1.0097996066742523
-11.25	38.75	1.0126788617593827
-11.25	37.5	0.012169066312738947
-11.25	36.25	0.6062433395602487
-11.25	35.0	0.7087912070557455
-11.25	33.75	0.7246696319366295
-11.25	32.5	0.7851026097063212
-11.25	31.25	0.8756506691184719
-11.25	30.0	0.9606305958993402
-11.25	28.75	1.008105135483534
-11.25	27.5	1.0006664645387433
-11.25	26.25	1.0638067926247166
-11.25	25.0	1.069112733186594
-11.25	23.75	1.0734669964740287
-11.25	22.5	1.0676386770824968
-11.25	21.25	1.0749464619638531
-11.25	20.0	1.0721086459482028
-11.25	18.75	1.07448092174393
-11.25	17.5	1.0721681913520462
-11.25	16.25	1.065617587013519
-11.25	15.0	1.0699267788278528
-11.25	13.75	1.0671749048301746
-11.25	12.5	1.0564963592274232
-11.25	11.25	1.0616362690151218
-11.25	10.0	1.0482174749063904
-11.25	8.75	1.0446490534498114
-11.25	7.5	1.047535696869414
-11.25	6.25	1.0561554618115463
-11.25	5.0	1.0545933703681876
-11.25	3.75	1.044955891426443
-11.25	2.5	1.048687175659849
-11.25	1.25	1.0492750827532393
-11.25	-0.0	1.0391527119739992
-11.25	-1.25	1.0464013844251752
-11.25	-2.5	1.0469080876644516
-11.25	-3.75	1.0463999214836688
-11.25	-5.0	1.0571810610900318
-11.25	-6.25	1.0481126737255069
-11.25	-7.5	1.0512851787842807
-11.25	-8.75	1.0465739039377178
-11.25	-10.0	1.032693567413714
-11.25	-11.25	1.0446620134804865
-11.25	-12.5	1.0484656164624373
-11.25	-13.75	1.0436005665956947
-11.25	-15.0	1.024015960472572
-11.25	-16.25	1.0232633992394529
-11.25	-17.5	1.0165135044857374
-11.25	-18.75	1.0085899150602744
-11.25	-20.0	1.018116177772593
-11.25	-21.25	1.0255993438333773
-11.25	-22.5	1.0346496873199937
-11.25	-23.75	1.0457077061422113
-11.25	-25.0	1.0564864825548517
-11.25	-26.25	1.0560009251732858
-11.25	-27.5	1.0834392523004095
-11.25	-28.75	1.0907220146807304
-11.25	-30.0	1.0605697721944387
-11.25	-31.25	0.9844948908478234
-11.25	-32.5	0.8906860156067575
-11.25	-33.75	0.7821165822778526
-11.25	-35.0	0.7524258445047108
-11.25	-36.25	0.814862700586153
-11.25	-37.5	0.8031147708569868
-11.25	-38.75	0.8738455648596093
-10.0	-38.75	0.7463884983823473
-10.0	-37.5	0.9710223762033584
-10.0	-36.25	0.8292359143443765
-10.0	-35.0	0.7189584501252445
-10.0	-33.75	0.8053315772747689
-10.0	-32.5	0.9103457144762886
-10.0	-31.25	1.002164340488992
-10.0	-30.0	1.0774365079246206
-10.0	-28.75	1.0910232739425385
-10.0	-27.5	1.0907479448978967
-10.0	-26.25	1.0732910981548411
-10.0	-25.0	1.0326022456084132
-10.0	-23.75	1.0302090082717787
-10.0	-22.5	1.0374019172286488
-10.0	-21.25	1.007240258356234
-10.0	-20.0	1.0185270242344173
-10.0	-18.75	1.0193451821318569
-10.0	-17.5	1.013146155056951
-10.0	-16.25	1.023362943976148
-10.0	-15.0	1.0345491850629909
-10.0	-13.75	1.0321080187158538
-10.0	-12.5	1.0362843035208424
-10.0	-11.25	1.0441588695455408
-10.0	-10.0	1.0471073433471054
-10.0	-8.75	1.0539585779991327
-10.0	-7.5	1.0434677036486182
-10.0	-6.25	1.0523364550238417
-10.0	-5.0	1.0425055289809735
-10.0	-3.75	1.0510536609977834
-10.0	-2.5	1.0519078157938717
-10.0	-1.25	1.061835915322291
-10.0	0.0	1.0553453832581468
-10.0	1.25	1.047801673774822
-10.0	2.5	1.0488860499758808
-10.0	3.75	1.061211419149212
-10.0	5.0	1.0455062287373507
-10.0	6.25	1.0493870176983304
-10.0	7.5	1.0544684369517057
-10.0	8.75	1.0516195605510514
-10.0	10.0	1.0545340765928695
-10.0	11.25	1.04923756561527
-10.0	12.5	1.0548327611619064
-10.0	13.75	1.0684873888675355
-10.0	15.0	1.0572314115568908
-10.0	16.25	1.0748112929042446
-10.0	17.5	1.0689926634902835
-10.0	18.75	1.082249507688162
-10.0	20.0	1.087325116908955
-10.0	21.25	1.082953327529714
-10.0	22.5	1.0690934822455265
-10.0	23.75	1.0651602472601833
-10.0	25.0	1.0788441581061046
-10.0	26.25	1.0691289625976155
-10.0	27.5	1.0292440687620832
-10.0	28.75	0.9983892896610311
-10.0	30.0	0.9963193706380196
-10.0	31.25	0.9040624657994588
-10.0	32.5	0.8185003552932755
-10.0	33.75	0.7141584990188974
-10.0	35.0	0.7190123360042728
-10.0	36.25	0.6427978826010482
-10.0	37.5	0.35554932411283136
-10.0	38.75	0.9155316468408553
-8.75	38.75	0.9812713983653826
-8.75	37.5	0.37433288335120185
-8.75	36.25	0.7084368186024775
-8.75	35.0	0.7108765271830705
-8.75	33.75	0.7340816377603839
-8.75	32.5	0.8411599125394705
-8.75	31.25	0.9259114589925534
-8.75	30.0	0.9999757460043509
-8.75	28.75	1.0077601592271739
-8.75	27.5	1.0524230164667667
-8.75	26.25	1.0795600301790824
-8.75	25.0	1.064739778879026
-8.75	23.75	1.070089854965764
-8.75	22.5	1.0634437876866873
-8.75	21.25	1.0875640734951395
-8.75	20.0	1.0849047424418825
-8.75	18.75	1.0828939535090791
-8.75	17.5	1.0716512868453927
-8.75	16.25	1.0821703423855815
-8.75	15.0	1.07143533824825
-8.75	13.75	1.064391777406167
-8.75	12.5	1.0708400492051837
-8.75	11.25	1.055526796056678
-8.75	10.0	1.0647827796485902
-8.75	8.75	1.0486701009369523
-8.75	7.5	1.051492101465625
-8.75	6.25	1.0515679379080516
-8.75	5.0	1.0350580672724452
-8.75	3.75	1.0527777981147761
-8.75	2.5	1.0521273233636161
-8.75	1.25	1.0536788592582027
-8.75	-0.0	1.0654421417920938
-8.75	-1.25	1.049583937799599
-8.75	-2.5	1.0542756286722466
-8.75	-3.75	1.0648230668275935
-8.75	-5.0	1.0576912013022972
-8.75	-6.25	1.0649035002163232
-8.75	-7.5	1.0584198929703716
-8.75	-8.75	1.0454193411274744
-8.75	-10.0	1.043797010141943
-8.75	-11.25	1.04747476055005
-8.75	-12.5	1.0518259786212452
-8.75	-13.75	1.0482837107190568
-8.75	-15.0	1.0387385770709707
-8.75	-16.25	1.0237774521980825
-8.75	-17.5	1.0088818047922044
-8.75	-18.75	1.0165035914079747
-8.75	-20.0	1.0157887551922877
-8.75	-21.25	1.0201119512941101
-8.75	-22.5	1.0259302536347095
-8.75	-23.75	1.0284417614122505
-8.75	-25.0	1.0436470082927454
-8.75	-26.25	1.0715729691675946
-8.75	-27.5	1.0713409950282369
-8.75	-28.75	1.0887005527157516
-8.75	-30.0	1.0990445201650827
-8.75	-31.25	1.0404415427081937
-8.75	-32.5	0.9518233929640464
-8.75	-33.75	0.8240965631101019
-8.75	-35.0	0.7377899567204478
-8.75	-36.25	0.8167348931486503
-8.75	-37.5	0.8223087832575078
-8.75	-38.75	0.6829794552428198
-7.5	-38.75	0.6603364239240941
-7.5	-37.5	0.7980403008620545
-7.5	-36.25	0.7587538450856292
-7.5	-35.0	0.7380038536956487
-7.5	-33.75	0.8642987288133916
-7.5	-32.5	0.9828027959665367
-7.5	-31.25	1.0604783955532397
-7.5	-30.0	1.0848416748676688
-7.5	-28.75	1.087752225391325
-7.5	-27.5	1.077491635651974
-7.5	-26.25	1.0492813440049493
-7.5	-25.0	1.0409068716242862
-7.5	-23.75	1.0272078454688902
-7.5	-22.5	1.019219670743393
-7.5	-21.25	1.0135123520423694
-7.5	-20.0	1.0220067620900508
-7.5	-18.75	1.015143594511943
-7.5	-17.5	1.0234423338863936
-7.5	-16.25	1.0213863368834093
-7.5	-15.0	1.039448864107042
-7.5	-13.75	1.052012684718075
-7.5	-12.5	1.0507415285645063
-7.5	-11.25	1.0466122412133785
-7.5	-10.0	1.0565689640432403
-7.5	-8.75	1.0637557544891716
-7.5	-7.5	1.0579784680432942
-7.5	-6.25	1.064441959155494
-7.5	-5.0	1.0577195543853215
-7.5	-3.75	1.053683350283332
-7.5	-2.5	1.0495412402798205
-7.5	-1.25	1.0611516225707716
-7.5	0.0	1.0509037516745199
-7.5	1.25	1.0457055846588974
-7.5	2.5	1.0621871332956108
-7.5	3.75	1.0373161560569772
-7.5	5.0	1.0400893255898658
-7.5	6.25	1.041474478044194
-7.5	7.5	1.0359519305613611
-7.5	8.75	1.0447307269812154
-7.5	10.0	1.0431415231977963
-7.5	11.25	1.0524656404860138
-7.5	12.5	1.053999951965751
-7.5	13.75	1.0621995246568339
-7.5	15.0	1.0642356976766731
-7.5	16.25	1.071372358399737
-7.5	17.5	1.0806522285939382
-7.5	18.75	1.0781833707160355
-7.5	20.0	1.0822222592846769
-7.5	21.25	1.0943151796184798
-7.5	22.5	1.081771889608344
-7.5	23.75	1.0730243129562622
-7.5	25.0	1.077138642507913
-7.5	26.25	1.0739508086914777
-7.5	27.5	1.0676452285546216
-7.5	28.75	1.0066980248400237
-7.5	30.0	1.0092633950103058
-7.5	31.25	0.9458896095244022
-7.5	32.5	0.8574581123490168
-7.5	33.75	0.7527939857933759
-7.5	35.0	0.7125638712076755
-7.5	36.25	0.7254229386052018
-7.5	37.5	0.48977883383784326
-7.5	38.75	0.9643692092062321
-6.25	40.0	0.9021761187390723
-6.25	38.75	1.0365143122939176
-6.25	37.5	0.5700500664445843
-6.25	36.25	0.7304706002040027
-6.25	35.0	0.707491748208143
-6.25	33.75	0.7799764300551051
-6.25	32.5	0.8693386761722061
-6.25	31.25	0.958817701203743
-6.25	30.0	0.9896288971390764
-6.25	28.75	1.0153781804597695
-6.25	27.5	1.082354740238112
-6.25	26.25	1.0723913401295215
-6.25	25.0	1.0823705165642508
-6.25	23.75	1.0826726126708708
-6.25	22.5	1.0844236116385373
-6.25	21.25	1.0895616614564358
-6.25	20.0	1.0803662197127646
-6.25	18.75	1.0852813464425575
-6.25	17.5	1.0797260582029826
-6.25	16.25	1.0776220130693328
-6.25	15.0	1.0547108263724925
-6.25	13.75	1.063207885788465
-6.25	12.5	1.0565860009437396
-6.25	11.25	1.055807898957678
-6.25	10.0	1.0462055816573501
-6.25	8.75	1.0561120534613935
-6.25	7.5	1.0495389584874468
-6.25	6.25	1.0430850987104965
-6.25	5.0	1.0387050539937945
-6.25	3.75	1.0461350648403622
-6.25	2.5	1.0403426425596336
-6.25	1.25	1.0473744864350083
-6.25	-0.0	1.052447094997296
-6.25	-1.25	1.0659307181953994
-6.25	-2.5	1.0620269239093594
-6.25	-3.75	1.054333168000339
-6.25	-5.0	1.0701781207804644
-6.25	-6.25	1.065892321305616
-6.25	-7.5	1.0579100377399404
-6.25	-8.75	1.056360681889809
-6.25	-10.0	1.0432435034937202
-6.25	-11.25	1.057008442525718
-6.25	-12.5	1.0515486204137066
-6.25	-13.75	1.052777723489091
-6.25	-15.0	1.0316490227063795
-6.25	-16.25	1.0379480745342187
-6.25	-17.5	1.0240172350208392
-6.25	-18.75	1.0096953849853838
-6.25	-20.0	1.0129558336359967
-6.25	-21.25	1.0044550303037711
-6.25	-22.5	1.0080413283491387
-6.25	-23.75	1.0212443201360561
-6.25	-25.0	1.0337771392533794
-6.25	-26.25	1.0458422359465414
-6.25	-27.5	1.0723105490457232
-6.25	-28.75	1.0752693708073706
-6.25	-30.0	1.1024850792514365
-6.25	-31.25	1.0744308110423615
-6.25	-32.5	0.9808469965492984
-6.25	-33.75	0.8760191801585138
-6.25	-35.0	0.7325534974126034
-6.25	-36.25	0.7302333957858385
-6.25	-37.5	0.7978384436325009
-6.25	-38.75	0.8429480312552353
-6.25	-40.0	0.9142203592507042
-5.0	-40.0	0.7968939874904503
-5.0	-38.75	0.7780281718627513
-5.0	-37.5	0.7881374907220761
-5.0	-36.25	0.7215849119361127
-5.0	-35.0	0.7699097355846632
-5.0	-33.75	0.8959538080986033
-5.0	-32.5	1.0119042124930315
-5.0	-31.25	1.0970999666699301
-5.0	-30.0	1.0890992945059184
-5.0	-28.75	1.0850388565981732
-5.0	-27.5	1.0577384729206116
-5.0	-26.25	1.0425810965667843
-5.0	-25.0	1.0326321992070189
-5.0	-23.75	1.0117615038610959
-5.0	-22.5	1.0031444571041364
-5.0	-21.25	1.0056835915681868
-5.0	-20.0	1.0142135725008492
-5.0	-18.75	1.0208004631762095
-5.0	-17.5	1.02529603440045
-5.0	-16.25	1.0205108940927248
-5.0	-15.0	1.0409256410252372
-5.0	-13.75	1.0431926248090975
-5.0	-12.5	1.045717778825529
-5.0	-11.25	1.0414005656405851
-5.0	-10.0	1.0517719060037412
-5.0	-8.75	1.0604752477984436
-5.0	-7.5	1.057424040255844
-5.0	-6.25	1.0621750026017394
-5.0	-5.0	1.0764700876525968
-5.0	-3.75	1.071466322478015
-5.0	-2.5	1.0721351896460165
-5.0	-1.25	1.0728913321248574
-5.0	0.0	1.0582901667542357
-5.0	1.25	1.0376667463917009
-5.0	2.5	1.0409754642619025
-5.0	3.75	1.0380330463623713
-5.0	5.0	1.04100069219174
-5.0	6.25	1.0442674935880136
-5.0	7.5	1.0551462118112755
-5.0	8.75	1.0585940978159754
-5.0	10.0	1.0542684240515925
-5.0	11.25	1.056520913917062
-5.0	12.5	1.0444283749415857
-5.0	13.75	1.065790149618922
-5.0	15.0	1.0675734520214555
-5.0	16.25	1.0642894364315532
-5.0	17.5	1.0695737712811981
-5.0	18.75	1.0819723652109872
-5.0	20.0	1.0799261770837383
-5.0	21.25	1.078670722618321
-5.0	22.5	1.0891445683499361
-5.0	23.75	1.0922412777930977
-5.0	25.0	1.0695831224518495
-5.0	26.25	1.069801772993708
-5.0	27.5	1.079476403038978
-5.0	28.75	1.0130767360727277
-5.0	30.0	0.9931321890118171
-5.0	31.25	0.9757642506120311
-5.0	32.5	0.8915754585387953
-5.0	33.75	0.7798278505928021
-5.0	35.0	0.7218586344462413
-5.0	36.25	0.7395521128817186
-5.0	37.5	0.6187569005203536
-5.0	38.75	0.1280397660185071
-5.0	40.0	1.0132530388075558
-3.75	40.0	0.9665093900905918
-3.75	38.75	0.20337630927070144
-3.75	37.5	0.6462523526022891
-3.75	36.25	0.7296805102297969
-3.75	35.0	0.7336801625260988
-3.75	33.75	0.8114363244034144
-3.75	32.5	0.8986664605875284
-3.75	31.25	0.9789171216092128
-3.75	30.0	0.9920813101568765
-3.75	28.75	1.0315230651685514
-3.75	27.5	1.0836117420826075
-3.75	26.25	1.0765690785516422
-3.75	25.0	1.0746349639880204
-3.75	23.75	1.0817981091396112
-3.75	22.5	1.1015742060788944
-3.75	21.25	1.0830783839465945
-3.75	20.0	1.0901918201161673
-3.75	18.75	1.0840576864159497
-3.75	17.5	1.0663231584112167
-3.75	16.25	1.0729982484816953
-3.75	15.0	1.071232072474046
-3.75	13.75	1.0671723699095323
-3.75	12.5	1.042999188789543
-3.75	11.25	1.0471128417475797
-3.75	10.0	1.0533873760626746
-3.75	8.75	1.0475872860993054
-3.75	7.5	1.0421725314279982
-3.75	6.25	1.0289917669461055
-3.75	5.0	1.0280772112968186
-3.75	3.75	1.021912283390263
-3.75	2.5	1.0322948327996022
-3.75	1.25	1.0470459200525644
-3.75	-0.0	1.0427360288468948
-3.75	-1.25	1.0662955938656888
-3.75	-2.5	1.0724376669681324
-3.75	-3.75	1.0643138655500932
-3.75	-5.0	1.072084308863439
-3.75	-6.25	1.068668566084309
-3.75	-7.5	1.0594674845179675
-3.75	-8.75	1.0547786984328427
-3.75	-10.0	1.054062121392481
-3.75	-11.25	1.051459112859463
-3.75	-12.5	1.0449054648491367
-3.75	-13.75	1.05384144606015
-3.75	-15.0	1.0401198079548233
-3.75	-16.25	1.038982646324237
-3.75	-17.5	1.0288878142067384
-3.75	-18.75	1.0201005569881734
-3.75	-20.0	1.0102327112465854
-3.75	-21.25	1.002868422369031
-3.75	-22.5	1.0147184253477357
-3.75	-23.75	1.019377372537979
-3.75	-25.0	1.0234492135017321
-3.75	-26.25	1.034118290885993
-3.75	-27.5	1.0560638317485092
-3.75	-28.75	1.09092596481146
-3.75	-30.0	1.0958059617182
-3.75	-31.25	1.0895804607588042
-3.75	-32.5	1.0287812442852642
-3.75	-33.75	0.9029703130747226
-3.75	-35.0	0.7755921134888033
-3.75	-36.25	0.7248004764719091
-3.75	-37.5	0.8157797928506324
-3.75	-38.75	0.9026033117034645
-3.75	-40.0	0.7448766030260612
-2.5	-40.0	0.8737585040321209
-2.5	-38.75	0.9048227730907722
-2.5	-37.5	0.8081864931525011
-2.5	-36.25	0.7200480769872193
-2.5	-35.0	0.7883829246091308
-2.5	-33.75	0.9155119905423262
-2.5	-32.5	1.0278806201524955
-2.5	-31.25	1.0882209060515196
-2.5	-30.0	1.087762969662165
-2.5	-28.75	1.0832225525618222
-2.5	-27.5	1.0565743808132617
-2.5	-26.25	1.0362105852923593
-2.5	-25.0	1.0208115046505843
-2.5	-23.75	1.0181864836032468
-2.5	-22.5	1.0002631106715456
-2.5	-21.25	1.0103860050573892
-2.5	-20.0	1.0142513724071063
-2.5	-18.75	1.0158831050634654
-2.5	-17.5	1.0218269595054434
-2.5	-16.25	1.0259016328725652
-2.5	-15.0	1.0524531660421075
-2.5	-13.75	1.0428941561099425
-2.5	-12.5	1.0366113534287968
-2.5	-11.25	1.05681577369065
-2.5	-10.0	1.059371503768653
-2.5	-8.75	1.0661036455042647
-2.5	-7.5	1.064579496391468
-2.5	-6.25	1.0811526804219438
-2.5	-5.0	1.081141011516182
-2.5	-3.75	1.0817764043984823
-2.5	-2.5	1.0669246484465635
-2.5	-1.25	1.076141574435955
-2.5	0.0	1.0491876334531667
-2.5	1.25	1.0319740347389248
-2.5	2.5	1.027398509801684
-2.5	3.75	1.0309811007457252
-2.5	5.0	1.0149449516398934
-2.5	6.25	1.0316044547492773
-2.5	7.5	1.0426485349791734
-2.5	8.75	1.0476029254804642
-2.5	10.0	1.0393861909259985
-2.5	11.25	1.057423045156118
-2.5	12.5	1.0468975476887885
-2.5	13.75	1.059680579183969
-2.5	15.0	1.06529359834885
-2.5	16.25	1.0708615217090758
-2.5	17.5	1.0794237808467224
-2.5	18.75	1.077153097376984
-2.5	20.0	1.0821256863547286
-2.5	21.25	1.0811026425684849
-2.5	22.5	1.096367409957231
-2.5	23.75	1.0868799791620836
-2.5	25.0	1.0835574458236663
-2.5	26.25	1.0778361600072743
-2.5	27.5	1.0762926413755176
-2.5	28.75	1.0237249372442814
-2.5	30.0	0.9839288184666933
-2.5	31.25	0.9821365619620942
-2.5	32.5	0.8971261907594628
-2.5	33.75	0.8125886465551236
-2.5	35.0	0.7352705067021803
-2.5	36.25	0.7270166638661781
-2.5	37.5	0.6722202767256421
-2.5	38.75	0.22903465312463095
-2.5	40.0	0.900889303418335
-1.25	40.0	0.9136125961042229
-1.25	38.75	0.2520769664507936
-1.25	37.5	0.6755463820757672
-1.25	36.25	0.7455300389079917
-1.25	35.0	0.7405127052497803
-1.25	33.75	0.8124258677632791
-1.25	32.5	0.9097236717904116
-1.25	31.25	0.9909116871372531
-1.25	30.0	0.9853741976280417
-1.25	28.75	1.0292728102476694
-1.25	27.5	1.0815633545876742
-1.25	26.25	1.0807230238361445
-1.25	25.0	1.088080147500358
-1.25	23.75	1.0802338514677123
-1.25	22.5	1.0930069322980112
-1.25	21.25	1.0795995302671573
-1.25	20.0	1.0932409820847886
-1.25	18.75	1.0760090574286119
-1.25	17.5	1.0692259013341434
-1.25	16.25	1.0700689185949093
-1.25	15.0	1.0615004198156774
-1.25	13.75	1.0570110010561193
-1.25	12.5	1.0506080697085072
-1.25	11.25	1.03343007334789
-1.25	10.0	1.0545835285055805
-1.25	8.75	1.0542849398354308
-1.25	7.5	1.0393946604055466
-1.25	6.25	1.0322063720825627
-1.25	5.0	1.0197019212869705
-1.25	3.75	1.0134389323815434
-1.25	2.5	1.038606746685212
-1.25	1.25	1.0378341579564594
-1.25	-0.0	1.0486985521759236
-1.25	-1.25	1.068340484759148
-1.25	-2.5	1.0809353891151863
-1.25	-3.75	1.0718098943302423
-1.25	-5.0	1.078306272501328
-1.25	-6.25	1.0867302068989093
-1.25	-7.5	1.07472461407395
-1.25	-8.75	1.0596692249736883
-1.25	-10.0	1.0625953003830515
-1.25	-11.25	1.0598543485065963
-1.25	-12.5	1.0513923161678227
-1.25	-13.75	1.048090677524734
-1.25	-15.0	1.039671958250471
-1.25	-16.25	1.033483977485675
-1.25	-17.5	1.0285089770856475
-1.25	-18.75	1.0287282907319615
-1.25	-20.0	1.0200645210443253
-1.25	-21.25	1.0233238927855843
-1.25	-22.5	1.0036001802254388
-1.25	-23.75	0.9998654876076779
-1.25	-25.0	1.014291360636332
-1.25	-26.25	1.0463364532327508
-1.25	-27.5	1.0558150152379562
-1.25	-28.75	1.0878289627419575
-1.25	-30.0	1.0925439351211124
-1.25	-31.25	1.096584326030925
-1.25	-32.5	1.0369288371010617
-1.25	-33.75	0.9300060696101541
-1.25	-35.0	0.7833941860687651
-1.25	-36.25	0.7057409087837728
-1.25	-37.5	0.8238446252223184
-1.25	-38.75	0.8432985294186705
-1.25	-40.0	0.7639089723734661
0.0	-40.0	0.7510286348628811
0.0	-38.75	0.9493269180861124
0.0	-37.5	0.8233719013222714
0.0	-36.25	0.7121343063740847
0.0	-35.0	0.8170620252808631
0.0	-33.75	0.9281895289412145
0.0	-32.5	1.0475739675184013
0.0	-31.25	1.0951622055614239
0.0	-30.0	1.0926767035183953
0.0	-28.75	1.0757977080591008
0.0	-27.5	1.053309843008589
0.0	-26.25	1.0422228974787568
0.0	-25.0	1.0278134725120018
0.0	-23.75	1.013266026304015
0.0	-22.5	1.0209345360927378
0.0	-21.25	1.013382065660385
0.0	-20.0	1.0127398312245004
0.0	-18.75	1.029019949051808
0.0	-17.5	1.0369957262608733
0.0	-16.25	1.0506330520056844
0.0	-15.0	1.0436265598287857
0.0	-13.75	1.051034891631743
0.0	-12.5	1.0544131963691672
0.0	-11.25	1.0650957526438825
0.0	-10.0	1.0699494952979067
0.0	-8.75	1.0566508652123803
0.0	-7.5	1.0695489153642863
0.0	-6.25	1.0858088202105458
0.0	-5.0	1.0886646999334821
0.0	-3.75	1.0730541897886492
0.0	-2.5	1.090013316444033
0.0	-1.25	1.0619266063570219
0.0	0.0	1.0548897538154
0.0	1.25	1.028641832431561
0.0	2.5	1.0291297810768323
0.0	3.75	1.013988245777039
0.0	5.0	1.0247282619911433
0.0	6.25	1.0254824982894613
0.0	7.5	1.0261153357970856
0.0	8.75	1.047585515840746
0.0	10.0	1.0503914078297887
0.0	11.25	1.0465368801220511
0.0	12.5	1.06172686316688
0.0	13.75	1.0641721604042773
0.0	15.0	1.0687654340388513
0.0	16.25	1.0670660104111414
0.0	17.5	1.0879893670347438
0.0	18.75	1.0775910978176728
0.0	20.0	1.0937559467421762
0.0	21.25	1.085482065240981
0.0	22.5	1.095923201245692
0.0	23.75	1.0993550869008228
0.0	25.0	1.080307142673139
0.0	26.25	1.074661842610618
0.0	27.5	1.0938018806491363
0.0	28.75	1.0420530613200858
0.0	30.0	1.0007071339964904
0.0	31.25	0.9968706335733951
0.0	32.5	0.8988201631105041
0.0	33.75	0.8094587684553973
0.0	35.0	0.7432075201636156
0.0	36.25	0.7356872276581378
0.0	37.5	0.6865473822132423
0.0	38.75	0.33136964467375474
0.0	40.0	0.9750924578390036
1.25	40.0	0.8639577997786174
1.25	38.75	0.269440825127263
1.25	37.5	0.6593992685569193
1.25	36.25	0.7268713404771484
1.25	35.0	0.7425500964074184
1.25	33.75	0.8085427306850811
1.25	32.5	0.9135198007665134
1.25	31.25	1.0049903403655134
1.25	30.0	0.9936868938073489
1.25	28.75	1.0287879838798757
1.25	27.5	1.0868081531128178
1.25	26.25	1.0716134374952837
1.25	25.0	1.0984060049432762
1.25	23.75	1.0892802955233056
1.25	22.5	1.1026866945894591
1.25	21.25	1.078556475761152
1.25	20.0	1.0753609084715854
1.25	18.75	1.075590851192501
1.25	17.5	1.0706285952248389
1.25	16.25	1.0783214431850905
1.25	15.0	1.0699028965818302
1.25	13.75	1.0622803713634383
1.25	12.5	1.0617849288169676
1.25	11.25	1.0428729360681375
1.25	10.0	1.050350418996395
1.25	8.75	1.0489666474620762
1.25	7.5	1.0411174343308411
1.25	6.25	1.0217792910857983
1.25	5.0	1.0093842876843426
1.25	3.75	1.0096489685515457
1.25	2.5	1.020267650974251
1.25	1.25	1.0404456327610885
1.25	-0.0	1.0470796750381661
1.25	-1.25	1.083600108657492
1.25	-2.5	1.0812683944291992
1.25	-3.75	1.0712773428436024
1.25	-5.0	1.088906103299428
1.25	-6.25	1.0639049887603915
1.25	-7.5	1.0764432553273016
1.25	-8.75	1.058920428537935
1.25	-10.0	1.0646924079385744
1.25	-11.25	1.0500833692121387
1.25	-12.5	1.0521214233609908
1.25	-13.75	1.0482064585956814
1.25	-15.0	1.045564391707788
1.25	-16.25	1.0432193167967414
1.25	-17.5	1.0284293824750625
1.25	-18.75	1.0122287247433286
1.25	-20.0	1.016809597587875
1.25	-21.25	1.0096296133287896
1.25	-22.5	0.9995286962228654
1.25	-23.75	1.0179054919394845
1.25	-25.0	1.0268086031486
1.25	-26.25	1.0534700128141294
1.25	-27.5	1.0557869551182668
1.25	-28.75	1.0894020012855927
1.25	-30.0	1.0739222969430315
1.25	-31.25	1.0970903395009328
1.25	-32.5	1.0251802372174004
1.25	-33.75	0.940324213507029
1.25	-35.0	0.8100917678689952
1.25	-36.25	0.7126574076400708
1.25	-37.5	0.8153916100879189
1.25	-38.75	0.9837778038735934
1.25	-40.0	0.8245875390928654
2.5	-40.0	0.9709217178124663
2.5	-38.75	0.9608370517054887
2.5	-37.5	0.8380227441330722
2.5	-36.25	0.7120876583126325
2.5	-35.0	0.8013887998868152
2.5	-33.75	0.9392562673845859
2.5	-32.5	1.0388910468862547
2.5	-31.25	1.0985131450887664
2.5	-30.0	1.0821137136821721
2.5	-28.75	1.0790609847794301
2.5	-27.5	1.0479418038050983
2.5	-26.25	1.0538309823491407
2.5	-25.0	1.025759236197457
2.5	-23.75	1.0107554260232443
2.5	-22.5	1.0038650197231738
2.5	-21.25	1.0273824959672506
2.5	-20.0	1.0061981323684313
2.5	-18.75	1.0146905787597025
2.5	-17.5	1.0098785949196212
2.5	-16.25	1.0364050025659308
2.5	-15.0	1.037237802455364
2.5	-13.75	1.0487462047455063
2.5	-12.5	1.0535198840375648
2.5	-11.25	1.0534959140419484
2.5	-10.0	1.062190188655348
2.5	-8.75	1.0629043186875173
2.5	-7.5	1.065356892220644
2.5	-6.25	1.0881847696090226
2.5	-5.0	1.0778520195284211
2.5	-3.75	1.0721903119230078
2.5	-2.5	1.0697140896208757
2.5	-1.25	1.0686040049737917
2.5	0.0	1.0660013737167227
2.5	1.25	1.0301905178131314
2.5	2.5	1.0258690983840233
2.5	3.75	1.0158671249062445
2.5	5.0	1.0223145193858947
2.5	6.25	1.0305428786749458
2.5	7.5	1.039632127384923
2.5	8.75	1.0351667063644896
2.5	10.0	1.050425440211158
2.5	11.25	1.0504021240012056
2.5	12.5	1.047698544007715
2.5	13.75	1.0569919088251953
2.5	15.0	1.0756081004519855
2.5	16.25	1.0627465271655518
2.5	17.5	1.073077695153544
2.5	18.75	1.090212894798723
2.5	20.0	1.0852107699831874
2.5	21.25	1.0926343724379877
2.5	22.5	1.0803801815364888
2.5	23.75	1.0977508048548064
2.5	25.0	1.0692729527731502
2.5	26.25	1.0743902981284075
2.5	27.5	1.0803116575989935
2.5	28.75	1.0261919278469784
2.5	30.0	1.0032282464749318
2.5	31.25	1.0006659346294617
2.5	32.5	0.9123661561504165
2.5	33.75	0.800208147702252
2.5	35.0	0.7443440538813394
2.5	36.25	0.7343074785263575
2.5	37.5	0.663289348684048
2.5	38.75	0.23813771667754047
2.5	40.0	0.9058811858029934
3.75	40.0	0.9816462047382947
3.75	38.75	0.159847873758563
3.75	37.5	0.6407166445529952
3.75	36.25	0.7242099813037616
3.75	35.0	0.731546554999355
3.75	33.75	0.7929076669787726
3.75	32.5	0.8894601448057297
3.75	31.25	0.996642490778126
3.75	30.0	1.0100418859210873
3.75	28.75	1.0219056380563505
3.75	27.5	1.089851067579432
3.75	26.25	1.0658168028875137
3.75	25.0	1.081552910388985
3.75	23.75	1.0759728182375807
3.75	22.5	1.0936914580001682
3.75	21.25	1.093635451220574
3.75	20.0	1.0853589878998968
3.75	18.75	1.0869806802257462
3.75	17.5	1.0856470795368978
3.75	16.25	1.0725680722961193
3.75	15.0	1.06753142140355
3.75	13.75	1.0592402147788917
3.75	12.5	1.0575705548745562
3.75	11.25	1.044251626295875
3.75	10.0	1.043646317366715
3.75	8.75	1.045170051237488
3.75	7.5	1.0514732373087134
3.75	6.25	1.041983504297734
3.75	5.0	1.0310024771164827
3.75	3.75	1.042160355781237
3.75	2.5	1.025939838287556
3.75	1.25	1.0406750221579213
3.75	-0.0	1.0636233284107566
3.75	-1.25	1.0619972983822592
3.75	-2.5	1.064607618869652
3.75	-3.75	1.0636587266170714
3.75	-5.0	1.076624676490282
3.75	-6.25	1.0715541775293838
3.75	-7.5	1.0660172575473135
3.75	-8.75	1.0564072306675607
3.75	-10.0	1.0531243566227295
3.75	-11.25	1.046972179593726
3.75	-12.5	1.0623695439518068
3.75	-13.75	1.0595841252705422
3.75	-15.0	1.0437073422824776
3.75	-16.25	1.0442542704995625
3.75	-17.5	1.0205963911102383
3.75	-18.75	1.0274849519908895
3.75	-20.0	1.0182004245547975
3.75	-21.25	1.0017412576436067
3.75	-22.5	1.0046049377839834
3.75	-23.75	1.0202921392301552
3.75	-25.0	1.0326050104883109
3.75	-26.25	1.0449628902106007
3.75	-27.5	1.053250248512754
3.75	-28.75	1.0774707314012038
3.75	-30.0	1.0952900203665015
3.75	-31.25	1.0862021731862102
3.75	-32.5	1.036370594309853
3.75	-33.75	0.9272787881372987
3.75	-35.0	0.7934522215088133
3.75	-36.25	0.732086360123334
3.75	-37.5	0.8206039145910198
3.75	-38.75	0.8268119509332695
3.75	-40.0	0.876740834263071
5.0	-40.0	0.9068195164300291
5.0	-38.75	0.9139259281310482
5.0	-37.5	0.8217371712720092
5.0	-36.25	0.7265538725144595
5.0	-35.0	0.7857793823344479
5.0	-33.75	0.9175060706314544
5.0	-32.5	1.0214297253431721
5.0	-31.25	1.0975654626662896
5.0	-30.0	1.0964377963952574
5.0	-28.75	1.0973987570041164
5.0	-27.5	1.0729732091862514
5.0	-26.25	1.0443372872965233
5.0	-25.0	1.034227250580108
5.0	-23.75	1.0288600329519786
5.0	-22.5	1.0135385872433371
5.0	-21.25	1.0200329957890784
5.0	-20.0	1.0201046203646364
5.0	-18.75	1.0182630010658964
5.0	-17.5	1.035213562667621
5.0	-16.25	1.0236196514931675
5.0	-15.0	1.0324769595294656
5.0	-13.75	1.0493632083876074
5.0	-12.5	1.0490794011756135
5.0	-11.25	1.0545063523146343
5.0	-10.0	1.0593047137233977
5.0	-8.75	1.0633457951857117
5.0	-7.5	1.069847935808839
5.0	-6.25	1.0615387894626098
5.0	-5.0	1.0723425933258743
5.0	-3.75	1.060207214791608
5.0	-2.5	1.0606389835264345
5.0	-1.25	1.0604232252339798
5.0	0.0	1.0514044615253817
5.0	1.25	1.0438560739158393
5.0	2.5	1.0345672709791263
5.0	3.75	1.048118460651906
5.0	5.0	1.0326692815657434
5.0	6.25	1.041883614266382
5.0	7.5	1.055024912779646
5.0	8.75	1.053240085203288
5.0	10.0	1.046444670338548
5.0	11.25	1.0361773552197255
5.0	12.5	1.0560356787354541
5.0	13.75	1.0580764332879018
5.0	15.0	1.0654501710107658
5.0	16.25	1.0728361732597471
5.0	17.5	1.0808205657049825
5.0	18.75	1.0888849496398734
5.0	20.0	1.0875324440954366
5.0	21.25	1.0961808084209754
5.0	22.5	1.0972451387716813
5.0	23.75	1.0976146122739947
5.0	25.0	1.0880490763275066
5.0	26.25	1.0811471206126222
5.0	27.5	1.0871237901941273
5.0	28.75	1.0123372963984596
5.0	30.0	1.0012218647530453
5.0	31.25	0.9913888428412265
5.0	32.5	0.8739539232291117
5.0	33.75	0.801802459576919
5.0	35.0	0.7297471677623074
5.0	36.25	0.7307489620059645
5.0	37.5	0.6293042512037482
5.0	38.75	0.1041272854607748
5.0	40.0	0.9152692462279847
6.25	40.0	0.8923959158418888
6.25	38.75	1.0482455323481124
6.25	37.5	0.5688453679354823
6.25	36.25	0.7371666668768259
6.25	35.0	0.7257041985656709
6.25	33.75	0.784021332436708
6.25	32.5	0.8641730849206292
6.25	31.25	0.9799724910211588
6.25	30.0	1.0063642825153136
6.25	28.75	1.0118794539635108
6.25	27.5	1.072300057591459
6.25	26.25	1.0765968584116963
6.25	25.0	1.074528941875678
6.25	23.75	1.073142339029325
6.25	22.5	1.0965352669977466
6.25	21.25	1.099988417889438
6.25	20.0	1.0879724122539525
6.25	18.75	1.0908308539660954
6.25	17.5	1.079024216283166
6.25	16.25	1.0797917929797862
6.25	15.0	1.0793873533969092
6.25	13.75	1.0620163856235725
6.25	12.5	1.060468270651953
6.25	11.25	1.0643778132639814
6.25	10.0	1.053615177817419
6.25	8.75	1.0577441928898275
6.25	7.5	1.056820257653229
6.25	6.25	1.0449928016934216
6.25	5.0	1.0492740529624567
6.25	3.75	1.0448220897170073
6.25	2.5	1.051653227730506
6.25	1.25	1.055619425738493
6.25	-0.0	1.0610463706456488
6.25	-1.25	1.0604571417850148
6.25	-2.5	1.0667960825278946
6.25	-3.75	1.0619925646297224
6.25	-5.0	1.072057885035428
6.25	-6.25	1.0490539621604202
6.25	-7.5	1.052464687088869
6.25	-8.75	1.062255013217243
6.25	-10.0	1.061938915308485
6.25	-11.25	1.051248860219136
6.25	-12.5	1.054416267817328
6.25	-13.75	1.0374027774934158
6.25	-15.0	1.035391939842093
6.25	-16.25	1.0360302862342041
6.25	-17.5	1.0236123521135105
6.25	-18.75	1.021762646138522
6.25	-20.0	1.0149110562631065
6.25	-21.25	1.006384892227172
6.25	-22.5	1.0149752731654242
6.25	-23.75	1.0306532897914589
6.25	-25.0	1.033786082977235
6.25	-26.25	1.0363554404194593
6.25	-27.5	1.080891289301359
6.25	-28.75	1.0865058391322833
6.25	-30.0	1.0891723451084288
6.25	-31.25	1.0809433806207231
6.25	-32.5	1.0082434019950954
6.25	-33.75	0.8941985576242647
6.25	-35.0	0.7757794461475657
6.25	-36.25	0.7550683100382239
6.25	-37.5	0.8063826564510768
6.25	-38.75	0.8289322996362708
6.25	-40.0	0.9729138330720996
7.5	-38.75	0.6977838987290323
7.5	-37.5	0.8290876238370192
7.5	-36.25	0.7902163993288883
7.5	-35.0	0.7781156310865792
7.5	-33.75	0.8858717825264404
7.5	-32.5	0.997947026420461
7.5	-31.25	1.0771535784407809
7.5	-30.0	1.0934931177162994
7.5	-28.75	1.090065149259824
7.5	-27.5	1.0890851953134462
7.5	-26.25	1.0544341578550525
7.5	-25.0	1.0520384300762562
7.5	-23.75	1.0466252432098129
7.5	-22.5	1.0112886136315946
7.5	-21.25	1.0068710258998972
7.5	-20.0	1.0175301290928815
7.5	-18.75	1.0176381223468178
7.5	-17.5	1.0163340016955484
7.5	-16.25	1.0377386028925129
7.5	-15.0	1.0433125804103307
7.5	-13.75	1.0442338023942344
7.5	-12.5	1.0413454603377015
7.5	-11.25	1.0598669401252634
7.5	-10.0	1.05830588320282
7.5	-8.75	1.0618371259316475
7.5	-7.5	1.0662184967306383
7.5	-6.25	1.062831169306131
7.5	-5.0	1.0613741315935141
7.5	-3.75	1.0617488871041256
7.5	-2.5	1.062369771500721
7.5	-1.25	1.0516461672727773
7.5	0.0	1.064941705207143
7.5	1.25	1.0589070898495827
7.5	2.5	1.0480501405846123
7.5	3.75	1.0432511886585778
7.5	5.0	1.0493401053159852
7.5	6.25	1.0470744098440108
7.5	7.5	1.0510277281171025
7.5	8.75	1.0512270675431827
7.5	10.0	1.057339257872745
7.5	11.25	1.068834095976514
7.5	12.5	1.067681631003005
7.5	13.75	1.0749416612315215
7.5	15.0	1.0706783227069643
7.5	16.25	1.083225260780851
7.5	17.5	1.088267736586012
7.5	18.75	1.0833964597778036
7.5	20.0	1.0923192116447191
7.5	21.25	1.098651406733082
7.5	22.5	1.094180843584788
7.5	23.75	1.089172034020126
7.5	25.0	1.091155520713366
7.5	26.25	1.085673397370295
7.5	27.5	1.0527973380606874
7.5	28.75	1.0173632434887439
7.5	30.0	1.0261429115984175
7.5	31.25	0.960433827196259
7.5	32.5	0.8455478758727314
7.5	33.75	0.7513293707516533
7.5	35.0	0.7230603635281447
7.5	36.25	0.7294630843132286
7.5	37.5	0.5088608525544525
7.5	38.75	0.984601460226816
8.75	38.75	0.884772157244823
8.75	37.5	0.4122106572615672
8.75	36.25	0.7167728794700698
8.75	35.0	0.7265596468060227
8.75	33.75	0.755812647235108
8.75	32.5	0.8395461371309157
8.75	31.25	0.9270697401587145
8.75	30.0	1.026339531585607
8.75	28.75	0.9979155683984596
8.75	27.5	1.025269842748346
8.75	26.25	1.079072750715461
8.75	25.0	1.07547926796695
8.75	23.75	1.0837503698486983
8.75	22.5	1.0906380395992943
8.75	21.25	1.096724663527956
8.75	20.0	1.091995814614924
8.75	18.75	1.0821024278075049
8.75	17.5	1.0788910245863381
8.75	16.25	1.0844863431673906
8.75	15.0	1.0766648750943824
8.75	13.75	1.0779240203609004
8.75	12.5	1.0577341872396848
8.75	11.25	1.0442751656937395
8.75	10.0	1.0605944957241722
8.75	8.75	1.0534799693032642
8.75	7.5	1.04890206168183
8.75	6.25	1.0546897516704599
8.75	5.0	1.0406437997152937
8.75	3.75	1.0440118119350221
8.75	2.5	1.0542009857886223
8.75	1.25	1.0588262546434393
8.75	-0.0	1.0628249078623397
8.75	-1.25	1.0728017749672754
8.75	-2.5	1.0669751894014448
8.75	-3.75	1.060306404098105
8.75	-5.0	1.0688533696330915
8.75	-6.25	1.0746924339579023
8.75	-7.5	1.0605880883423993
8.75	-8.75	1.056208918533274
8.75	-10.0	1.0629353609992682
8.75	-11.25	1.046923853003782
8.75	-12.5	1.0416108315266595
8.75	-13.75	1.042059430627968
8.75	-15.0	1.0408867591634714
8.75	-16.25	1.0329368903584526
8.75	-17.5	1.019901167392812
8.75	-18.75	1.0124561031551327
8.75	-20.0	1.0048648591080152
8.75	-21.25	1.0209291723640574
8.75	-22.5	1.0230288474843
8.75	-23.75	1.03352554171481
8.75	-25.0	1.049659228738369
8.75	-26.25	1.0546524325108673
8.75	-27.5	1.067281128766247
8.75	-28.75	1.0894564676436949
8.75	-30.0	1.0986099994381673
8.75	-31.25	1.0593962034460056
8.75	-32.5	0.9847347248012023
8.75	-33.75	0.8677099343138751
8.75	-35.0	0.7792852567698191
8.75	-36.25	0.8317435049235588
8.75	-37.5	0.7803712064157512
8.75	-38.75	0.899852180808603
10.0	-38.75	0.911079611862901
10.0	-37.5	0.8927520352956942
10.0	-36.25	0.8654672793898329
10.0	-35.0	0.7618452070671853
10.0	-33.75	0.8598088535275841
10.0	-32.5	0.9457758854042672
10.0	-31.25	1.0315591202871335
10.0	-30.0	1.0775981750800951
10.0	-28.75	1.1061788279377727
10.0	-27.5	1.0711920483507142
10.0	-26.25	1.0746873878863703
10.0	-25.0	1.0513382451599844
10.0	-23.75	1.0400990254610891
10.0	-22.5	1.0373993334333351
10.0	-21.25	1.0218195573602995
10.0	-20.0	1.0212543917679304
10.0	-18.75	1.0228456662647396
10.0	-17.5	1.0185439396142848
10.0	-16.25	1.0345413270089439
10.0	-15.0	1.048427187199519
10.0	-13.75	1.0498671381940738
10.0	-12.5	1.044042135715271
10.0	-11.25	1.0588873956382134
10.0	-10.0	1.051176828046975
10.0	-8.75	1.0528091598499407
10.0	-7.5	1.0535846290174962
10.0	-6.25	1.0686427977536779
10.0	-5.0	1.0622229637676652
10.0	-3.75	1.0582374180233978
10.0	-2.5	1.054911356773467
10.0	-1.25	1.0573350745599195
10.0	0.0	1.0480489017507284
10.0	1.25	1.054056256685894
10.0	2.5	1.0481815782948838
10.0	3.75	1.060405502716191
10.0	5.0	1.0467449265296633
10.0	6.25	1.065803876418823
10.0	7.5	1.0531967698031246
10.0	8.75	1.0510161029489322
10.0	10.0	1.0712636896431489
10.0	11.25	1.0650857377464331
10.0	12.5	1.0802014763692547
10.0	13.75	1.0751721578846432
10.0	15.0	1.0812493152931508
10.0	16.25	1.0680245661113235
10.0	17.5	1.087200557897928
10.0	18.75	1.0849301905514745
10.0	20.0	1.097175845499608
10.0	21.25	1.0836230512126515
10.0	22.5	1.0808289272093539
10.0	23.75	1.0872481761536246
10.0	25.0	1.0898997375573827
10.0	26.25	1.064334051441724
10.0	27.5	1.0265256180173368
10.0	28.75	1.0215364570226453
10.0	30.0	1.0165232000570577
10.0	31.25	0.9036860419111454
10.0	32.5	0.8092374487985302
10.0	33.75	0.7319955018591199
10.0	35.0	0.747350263739164
10.0	36.25	0.6724738264730009
10.0	37.5	0.30146807544125476
10.0	38.75	0.8803376870044727
11.25	38.75	1.035821002071441
11.25	37.5	0.4996648029783435
11.25	36.25	0.6108545821557192
11.25	35.0	0.7420590142280764
11.25	33.75	0.7221784622472344
11.25	32.5	0.7990083533736272
11.25	31.25	0.8732581523485369
11.25	30.0	0.9738980159414361
11.25	28.75	1.0231168314547876
11.25	27.5	1.019596384872812
11.25	26.25	1.0364455172431466
11.25	25.0	1.081225162717464
11.25	23.75	1.0845994025769072
11.25	22.5	1.0789180399920772
11.25	21.25	1.0806105721302295
11.25	20.0	1.0928421171074012
11.25	18.75	1.0966559204530342
11.25	17.5	1.0756264263721045
11.25	16.25	1.0759071212290303
11.25	15.0	1.0838433902854796
11.25	13.75	1.0790372520199096
11.25	12.5	1.0709793118924875
11.25	11.25	1.0805898156098566
11.25	10.0	1.0621919557918427
11.25	8.75	1.0644269260289854
11.25	7.5	1.0588667917452528
11.25	6.25	1.0527013994761432
11.25	5.0	1.0488935671624118
11.25	3.75	1.0525457982057458
11.25	2.5	1.0542285423358144
11.25	1.25	1.0633286670502782
11.25	-0.0	1.0560855708337173
11.25	-1.25	1.0448812974539035
11.25	-2.5	1.0553206543431546
11.25	-3.75	1.0498667988377381
11.25	-5.0	1.0494544174686324
11.25	-6.25	1.037873491634359
11.25	-7.5	1.0518250515873884
11.25	-8.75	1.053228296650293
11.25	-10.0	1.0525467362443746
11.25	-11.25	1.0488384962503015
11.25	-12.5	1.0413434180560324
11.25	-13.75	1.0388160935257111
11.25	-15.0	1.0426064421828032
11.25	-16.25	1.0437163170644876
11.25	-17.5	1.0259863145615589
11.25	-18.75	1.0238638459285903
11.25	-20.0	1.0152173723947333
11.25	-21.25	1.0352696062661542
11.25	-22.5	1.039131001790514
11.25	-23.75	1.0457732909450277
11.25	-25.0	1.074843443329913
11.25	-26.25	1.078307068570838
11.25	-27.5	1.083949633193881
11.25	-28.75	1.0905677156461182
11.25	-30.0	1.0834790812149726
11.25	-31.25	1.0214507856412578
11.25	-32.5	0.9276692282507273
11.25	-33.75	0.8331888845438198
11.25	-35.0	0.7912874039373248
11.25	-36.25	0.855085831017807
11.25	-37.5	0.8302145061602296
11.25	-38.75	0.9157617622969696
12.5	-37.5	0.8175719791766439
12.5	-36.25	0.8121110373433564
12.5	-35.0	0.8311209266838696
12.5	-33.75	0.8134229111883944
12.5	-32.5	0.9042419824050165
12.5	-31.25	0.9735463625574303
12.5	-30.0	1.0472154838355592
12.5	-28.75	1.1008892939659005
12.5	-27.5	1.1023053142557462
12.5	-26.25	1.0851050530241109
12.5	-25.0	1.0795896235220757
12.5	-23.75	1.0471162377059886
12.5	-22.5	1.0474516890605208
12.5	-21.25	1.042628227713689
12.5	-20.0	1.0188575309919874
12.5	-18.75	1.0260996821430064
12.5	-17.5	1.0271055343523303
12.5	-16.25	1.0335022898241308
12.5	-15.0	1.029570962458469
12.5	-13.75	1.0398639033248456
12.5	-12.5	1.0425741588759183
12.5	-11.25	1.040965059813095
12.5	-10.0	1.0589897691546204
12.5	-8.75	1.0536124350027571
12.5	-7.5	1.050964897693116
12.5	-6.25	1.053768207969195
12.5	-5.0	1.0511837548288026
12.5	-3.75	1.0570436607315312
12.5	-2.5	1.0549316677645124
12.5	-1.25	1.0540362759704978
12.5	0.0	1.0531283363967494
12.5	1.25	1.0517728423885124
12.5	2.5	1.0581530734017062
12.5	3.75	1.0522777468787328
12.5	5.0	1.052944625147336
12.5	6.25	1.0504733674795073
12.5	7.5	1.0529994025425864
12.5	8.75	1.0626763044422434
12.5	10.0	1.0555415910197452
12.5	11.25	1.053487562578796
12.5	12.5	1.0721404946466895
12.5	13.75	1.080859500144604
12.5	15.0	1.0779328043856597
12.5	16.25	1.0860393149504264
12.5	17.5	1.066473518360698
12.5	18.75	1.0889572581833005
12.5	20.0	1.0822716128992818
12.5	21.25	1.0879998978322978
12.5	22.5	1.0888608143592153
12.5	23.75	1.068454295768642
12.5	25.0	1.0732579481324935
12.5	26.25	1.0316963809985356
12.5	27.5	1.0094684196462893
12.5	28.75	1.0317323820890216
12.5	30.0	0.9303684971248104
12.5	31.25	0.8348529016348303
12.5	32.5	0.7670003732742214
12.5	33.75	0.7250246733862954
12.5	35.0	0.718063123806103
12.5	36.25	0.5119401183544012
12.5	37.5	0.9364225067951691
13.75	37.5	0.8996694907450123
13.75	36.25	0.3786197745039598
13.75	35.0	0.6948303494566652
13.75	33.75	0.725183239305238
13.75	32.5	0.7205582708220336
13.75	31.25	0.8081897813378229
13.75	30.0	0.885295859606526
13.75	28.75	0.9936239318706742
13.75	27.5	1.0129993398766217
13.75	26.25	1.0185596094897036
13.75	25.0	1.0413410809334092
13.75	23.75	1.0711035290685893
13.75	22.5	1.0781936536382006
13.75	21.25	1.0819969071360565
13.75	20.0	1.0810441245635969
13.75	18.75	1.082633595146253
13.75	17.5	1.0973855784785778
13.75	16.25	1.0774478020354041
13.75	15.0	1.0790091348082163
13.75	13.75	1.0764651231410287
13.75	12.5	1.0690199278568817
13.75	11.25	1.0717723642336114
13.75	10.0	1.0596582859133674
13.75	8.75	1.0676081778699151
13.75	7.5	1.059653600084293
13.75	6.25	1.050687065412621
13.75	5.0	1.0660877952744652
13.75	3.75	1.060044017687128
13.75	2.5	1.057442726812839
13.75	1.25	1.0533517242492194
13.75	-0.0	1.0456444713472441
13.75	-1.25	1.0496445240376893
13.75	-2.5	1.0508670385972496
13.75	-3.75	1.0536035510022432
13.75	-5.0	1.0615779841441229
13.75	-6.25	1.0532280488799086
13.75	-7.5	1.0517195666243733
13.75	-8.75	1.0489581040585696
13.75	-10.0	1.0456301760392053
13.75	-11.25	1.050525055677787
13.75	-12.5	1.0403483610940627
13.75	-13.75	1.035773804793777
13.75	-15.0	1.0282589331788012
13.75	-16.25	1.0318603914576423
13.75	-17.5	1.0290452181713934
13.75	-18.75	1.0176570967139014
13.75	-20.0	1.0356325801006117
13.75	-21.25	1.0425483904339776
13.75	-22.5	1.0566878569139897
13.75	-23.75	1.0648090045928291
13.75	-25.0	1.0771217521247725
13.75	-26.25	1.0809974489171226
13.75	-27.5	1.1029182184055835
13.75	-28.75	1.0849423482530107
13.75	-30.0	1.030653138755082
13.75	-31.25	0.9628405916663435
13.75	-32.5	0.8854884369376951
13.75	-33.75	0.8139343591135634
13.75	-35.0	0.8894988801236791
13.75	-36.25	0.7632344127508202
13.75	-37.5	0.7157719730578479
15.0	-37.5	0.8256421829940885
15.0	-36.25	0.7844195655291089
15.0	-35.0	0.8598879164217464
15.0	-33.75	0.8230731262515203
15.0	-32.5	0.8526482020076266
15.0	-31.25	0.9410817871962673
15.0	-30.0	1.0019755941995112
15.0	-28.75	1.0510969613065173
15.0	-27.5	1.1089552800663935
15.0	-26.25	1.0877514021293873
15.0	-25.0	1.0744246292200417
15.0	-23.75	1.071605127139798
15.0	-22.5	1.065931041024105
15.0	-21.25	1.0541257041325782
15.0	-20.0	1.0487357673238014
15.0	-18.75	1.0319445174771673
15.0	-17.5	1.0343339516894616
15.0	-16.25	1.0329554103586247
15.0	-15.0	1.0368955741192676
15.0	-13.75	1.0347043045145632
15.0	-12.5	1.0354501985300448
15.0	-11.25	1.0433111105512
15.0	-10.0	1.048640577106224
15.0	-8.75	1.0558170614017017
15.0	-7.5	1.048080198889133
15.0	-6.25	1.061511900682975
15.0	-5.0	1.0610228932442964
15.0	-3.75	1.0511571560293722
15.0	-2.5	1.0657767790105865
15.0	-1.25	1.0577920175438758
15.0	0.0	1.061617842317637
15.0	1.25	1.0510466636857547
15.0	2.5	1.068167801586484
15.0	3.75	1.0520487624649113
15.0	5.0	1.0609501152514578
15.0	6.25	1.0612541905692254
15.0	7.5	1.0510573402774726
15.0	8.75	1.070365762064339
15.0	10.0	1.0567335542455927
15.0	11.25	1.06837196545459
15.0	12.5	1.0744154232133503
15.0	13.75	1.0750294764894137
15.0	15.0	1.0731573629998885
15.0	16.25	1.0913415984306853
15.0	17.5	1.0793769173127854
15.0	18.75	1.0916510974787013
15.0	20.0	1.0776506369034766
15.0	21.25	1.0890479219368363
15.0	22.5	1.0799860850375527
15.0	23.75	1.0691860749644777
15.0	25.0	1.0381888482430863
15.0	26.25	1.0004877934652092
15.0	27.5	1.0363952976351376
15.0	28.75	0.9466565694063522
15.0	30.0	0.8618433373263267
15.0	31.25	0.7795701800963598
15.0	32.5	0.7305037957945045
15.0	33.75	0.7314912993663488
15.0	35.0	0.5990531481274508
15.0	36.25	1.1900631600749718
15.0	37.5	0.9663282782002487
16.25	36.25	0.893859412839429
16.25	35.0	0.39320518290186024
16.25	33.75	0.7049683576516019
16.25	32.5	0.7314718949911948
16.25	31.25	0.7609541085719743
16.25	30.0	0.8376992157487462
16.25	28.75	0.9060702565841665
16.25	27.5	0.993857574617029
16.25	26.25	1.0251515602733765
16.25	25.0	1.0386565538703565
16.25	23.75	1.05026006285583
16.25	22.5	1.0742406524715804
16.25	21.25	1.0672383149181508
16.25	20.0	1.0829412689595639
16.25	18.75	1.085064289621228
16.25	17.5	1.074626950462585
16.25	16.25	1.0836922401124813
16.25	15.0	1.0928665492835088
16.25	13.75	1.0696412365573158
16.25	12.5	1.0722901704616499
16.25	11.25	1.0770076864949016
16.25	10.0	1.0736632432142854
16.25	8.75	1.0624509096400214
16.25	7.5	1.065264497266634
16.25	6.25	1.0613503882808495
16.25	5.0	1.0549794840003475
16.25	3.75	1.0499391480248852
16.25	2.5	1.0549785223558308
16.25	1.25	1.063142721786516
16.25	-0.0	1.0472400730359992
16.25	-1.25	1.0525340436800172
16.25	-2.5	1.0437182440332324
16.25	-3.75	1.0551372159729304
16.25	-5.0	1.0483917180407192
16.25	-6.25	1.0539340538265183
16.25	-7.5	1.047303445693769
16.25	-8.75	1.054748992291279
16.25	-10.0	1.0428359005471048
16.25	-11.25	1.0493050921387244
16.25	-12.5	1.039081296604843
16.25	-13.75	1.038140867969447
16.25	-15.0	1.0264398524664904
16.25	-16.25	1.0295117452748965
16.25	-17.5	1.0411387624183375
16.25	-18.75	1.0433088193985722
16.25	-20.0	1.0560221799626803
16.25	-21.25	1.0593296650589719
16.25	-22.5	1.07012969123002
16.25	-23.75	1.0760099274505261
16.25	-25.0	1.0828412204377356
16.25	-26.25	1.0970687562493007
16.25	-27.5	1.0768346385570469
16.25	-28.75	1.034122782096365
16.25	-30.0	0.9776927365350079
16.25	-31.25	0.9256156951833213
16.25	-32.5	0.8468503027879054
16.25	-33.75	0.8924873331988081
16.25	-35.0	0.7964615150639159
16.25	-36.25	0.8727962448787117
17.5	-36.25	0.8286925964994923
17.5	-35.0	0.8935023724443176
17.5	-33.75	0.907971309515941
17.5	-32.5	0.8530542230783441
17.5	-31.25	0.8956083315271652
17.5	-30.0	0.9512360743816556
17.5	-28.75	1.0211378983733097
17.5	-27.5	1.0437462773247357
17.5	-26.25	1.0925875668700746
17.5	-25.0	1.0878376893960193
17.5	-23.75	1.0772135925893602
17.5	-22.5	1.0718448629873774
17.5	-21.25	1.067769247684314
17.5	-20.0	1.056784109329011
17.5	-18.75	1.0468482972009627
17.5	-17.5	1.0484240966867895
17.5	-16.25	1.0403643866859298
17.5	-15.0	1.0380228728272645
17.5	-13.75	1.033572251709949
17.5	-12.5	1.0344624353784395
17.5	-11.25	1.0300386143887765
17.5	-10.0	1.0403314159659258
17.5	-8.75	1.0432329235458586
17.5	-7.5	1.0456460416733324
17.5	-6.25	1.049326175430241
17.5	-5.0	1.0450538688769055
17.5	-3.75	1.0469720884690474
17.5	-2.5	1.043597661677393
17.5	-1.25	1.054908054077052
17.5	0.0	1.0527760365011298
17.5	1.25	1.0604868005190486
17.5	2.5	1.0488859831914557
17.5	3.75	1.0614988263140164
17.5	5.0	1.0623596614912152
17.5	6.25	1.067780612283618
17.5	7.5	1.057588076651189
17.5	8.75	1.0540034782428176
17.5	10.0	1.072017549782635
17.5	11.25	1.0573161844760266
17.5	12.5	1.0667029303547488
17.5	13.75	1.0692326868688085
17.5	15.0	1.0740250743152573
17.5	16.25	1.082355732429867
17.5	17.5	1.0859453688815988
17.5	18.75	1.0743891395279372
17.5	20.0	1.0691354857605349
17.5	21.25	1.0660346920682962
17.5	22.5	1.0667200863724011
17.5	23.75	1.036563106809073
17.5	25.0	1.009978692564572
17.5	26.25	1.0087747832668972
17.5	27.5	0.9312963672282563
17.5	28.75	0.8715558638561759
17.5	30.0	0.7840770994523264
17.5	31.25	0.732623059792033
17.5	32.5	0.7225554449626695
17.5	33.75	0.6158966883114045
17.5	35.0	0.26598430910277027
17.5	36.25	0.9545653643797742
18.75	35.0	0.869575662323579
18.75	33.75	0.424671491132909
18.75	32.5	0.6863171891425803
18.75	31.25	0.7515146676373996
18.75	30.0	0.7335794994996601
18.75	28.75	0.8276783017708385
18.75	27.5	0.8979523650812269
18.75	26.25	0.9658022975238398
18.75	25.0	1.0164737662401566
18.75	23.75	1.0227989213955662
18.75	22.5	1.0355367354928906
18.75	21.25	1.0760885179461497
18.75	20.0	1.0726453232846291
18.75	18.75	1.0704229996517605
18.75	17.5	1.0770761273825962
18.75	16.25	1.0821958092922275
18.75	15.0	1.0810008541114582
18.75	13.75	1.0688804162615742
18.75	12.5	1.0874968250978343
18.75	11.25	1.0639368788334098
18.75	10.0	1.0640778347093038
18.75	8.75	1.0756575058939326
18.75	7.5	1.072344577776857
18.75	6.25	1.0623636648278263
18.75	5.0	1.0583636782852923
18.75	3.75	1.0608506640546944
18.75	2.5	1.0585393140774746
18.75	1.25	1.0549074258496973
18.75	-0.0	1.0651920846137155
18.75	-1.25	1.0540323365404947
18.75	-2.5	1.052540095949122
18.75	-3.75	1.055463252495946
18.75	-5.0	1.0452683490124135
18.75	-6.25	1.0516058396094967
18.75	-7.5	1.0443830729689771
18.75	-8.75	1.047166939444883
18.75	-10.0	1.0458915736684002
18.75	-11.25	1.0448558114591604
18.75	-12.5	1.039034279700626
18.75	-13.75	1.0491249022042548
18.75	-15.0	1.0460249515232167
18.75	-16.25	1.0529998860153968
18.75	-17.5	1.0469102846089855
18.75	-18.75	1.045194544726979
18.75	-20.0	1.0756516645288243
18.75	-21.25	1.0639512069619421
18.75	-22.5	1.0831503629779695
18.75	-23.75	1.0894955762181342
18.75	-25.0	1.0995317469519206
18.75	-26.25	1.0640447183047224
18.75	-27.5	1.008899259281942
18.75	-28.75	0.9910996421407129
18.75	-30.0	0.9414651998060877
18.75	-31.25	0.8822440945806367
18.75	-32.5	0.9180016775689643
18.75	-33.75	0.801546089136781
18.75	-35.0	0.9873049681375781
20.0	-35.0	0.8445233355792703
20.0	-33.75	0.7461575704635771
20.0	-32.5	0.8885253255018213
20.0	-31.25	0.8970467730330779
20.0	-30.0	0.9170271567643473
20.0	-28.75	0.9794603284521011
20.0	-27.5	1.00652296323784
20.0	-26.25	1.0383343063675472
20.0	-25.0	1.0692087852497996
20.0	-23.75	1.0832509029991035
20.0	-22.5	1.0787376283565957
20.0	-21.25	1.075231564772296
20.0	-20.0	1.0741982564870243
20.0	-18.75	1.063243251509026
20.0	-17.5	1.0454923085859962
20.0	-16.25	1.0524491211272475
20.0	-15.0	1.040878759847179
20.0	-13.75	1.05176767795833
20.0	-12.5	1.0544511632287548
20.0	-11.25	1.0406989795577941
20.0	-10.0	1.0413836091136148
20.0	-8.75	1.0449739738011206
20.0	-7.5	1.0404618016036697
20.0	-6.25	1.0464555490795926
20.0	-5.0	1.0590843973555166
20.0	-3.75	1.0489804606198732
20.0	-2.5	1.0489265229815468
20.0	-1.25	1.0469089997411425
20.0	0.0	1.0605416440878155
20.0	1.25	1.0514086211212677
20.0	2.5	1.0667728604952962
20.0	3.75	1.0633984134363277
20.0	5.0	1.058162680413968
20.0	6.25	1.0581724883159045
20.0	7.5	1.0558912222701249
20.0	8.75	1.0556862143948278
20.0	10.0	1.076363448589481
20.0	11.25	1.069293503212363
20.0	12.5	1.0752725380521797
20.0	13.75	1.074548574664974
20.0	15.0	1.079348938495789
20.0	16.25	1.0683789056632047
20.0	17.5	1.0657758894760165
20.0	18.75	1.071076333307408
20.0	20.0	1.0683009989490742
20.0	21.25	1.0554964633109993
20.0	22.5	1.0268016413109275
20.0	23.75	1.0160089299064552
20.0	25.0	0.9793367583625096
20.0	26.25	0.906728240881226
20.0	27.5	0.8373968653080621
20.0	28.75	0.7618975136630002
20.0	30.0	0.7374530769175626
20.0	31.25	0.7208243076625092
20.0	32.5	0.6024651425067906
20.0	33.75	0.5508082550229202
20.0	35.0	0.9225752154081687
21.25	33.75	0.9554503049596135
21.25	32.5	0.41304682873740756
21.25	31.25	0.6719383220198514
21.25	30.0	0.7371036617371887
21.25	28.75	0.7199787720532212
21.25	27.5	0.7915686590001686
21.25	26.25	0.8673480483522816
21.25	25.0	0.9263378114084669
21.25	23.75	0.9837333011994767
21.25	22.5	0.9980310954597299
21.25	21.25	1.041458914601636
21.25	20.0	1.0412019960188437
21.25	18.75	1.0737470295885057
21.25	17.5	1.071641909084918
21.25	16.25	1.0594218868829761
21.25	15.0	1.074728800854034
21.25	13.75	1.073449536290722
21.25	12.5	1.0651609832131015
21.25	11.25	1.0614472095666505
21.25	10.0	1.072231421840641
21.25	8.75	1.061867677440562
21.25	7.5	1.0690199743616342
21.25	6.25	1.065714519935132
21.25	5.0	1.0658243343980969
21.25	3.75	1.0599914893934803
21.25	2.5	1.0570224244428914
21.25	1.25	1.064937171832392
21.25	-0.0	1.0640518439262503
21.25	-1.25	1.05920231618273
21.25	-2.5	1.0543204177337075
21.25	-3.75	1.0593596999371353
21.25	-5.0	1.0477534068033267
21.25	-6.25	1.0461138213327896
21.25	-7.5	1.045728028550521
21.25	-8.75	1.0503403048560631
21.25	-10.0	1.0501059031758715
21.25	-11.25	1.0447376542288613
21.25	-12.5	1.0433433423514344
21.25	-13.75	1.0499534742301857
21.25	-15.0	1.0500102880053817
21.25	-16.25	1.0594580167087075
21.25	-17.5	1.074945125415802
21.25	-18.75	1.0673171320459258
21.25	-20.0	1.079218800047216
21.25	-21.25	1.0809023056031484
21.25	-22.5	1.0926774127572676
21.25	-23.75	1.0728313537530294
21.25	-25.0	1.0450016199759795
21.25	-26.25	1.013161651561147
21.25	-27.5	1.0005153601675911
21.25	-28.75	0.9658498498593614
21.25	-30.0	0.9217154976174732
21.25	-31.25	0.9506770232717142
21.25	-32.5	0.791555458597736
21.25	-33.75	0.8245346301914067
22.5	-32.5	0.734887029763851
22.5	-31.25	0.8978455045367212
22.5	-30.0	0.9585323634843634
22.5	-28.75	0.9359192561744947
22.5	-27.5	0.9847780574705752
22.5	-26.25	1.0075839384777396
22.5	-25.0	1.021024958387422
22.5	-23.75	1.0497767228813533
22.5	-22.5	1.0657954915716181
22.5	-21.25	1.0830523865622754
22.5	-20.0	1.0814669179855776
22.5	-18.75	1.0823540363395574
22.5	-17.5	1.063928720543914
22.5	-16.25	1.0683041689225985
22.5	-15.0	1.070243152471467
22.5	-13.75	1.0473297426386359
22.5	-12.5	1.0602330525677388
22.5	-11.25	1.0511257749050797
22.5	-10.0	1.0430829947753406
22.5	-8.75	1.053868473873597
22.5	-7.5	1.0543947378458602
22.5	-6.25	1.0467009339933426
22.5	-5.0	1.053646157515825
22.5	-3.75	1.0543602560714342
22.5	-2.5	1.0564550870219498
22.5	-1.25	1.0667357977836087
22.5	0.0	1.0580487002816483
22.5	1.25	1.060862820569742
22.5	2.5	1.0604483529851985
22.5	3.75	1.067542957614634
22.5	5.0	1.0732199752956026
22.5	6.25	1.0563820311404566
22.5	7.5	1.067141884791921
22.5	8.75	1.0578582125445124
22.5	10.0	1.063702681939279
22.5	11.25	1.075644533281004
22.5	12.5	1.0619171908811715
22.5	13.75	1.0662060228562413
22.5	15.0	1.0599681728604409
22.5	16.25	1.0755750358208658
22.5	17.5	1.069976640817843
22.5	18.75	1.049152443867142
22.5	20.0	1.0229206167941862
22.5	21.25	1.0194117085851295
22.5	22.5	0.977568050721347
22.5	23.75	0.9411135415761189
22.5	25.0	0.8783602692206238
22.5	26.25	0.8144589546459496
22.5	27.5	0.7251953694179536
22.5	28.75	0.7542874851080958
22.5	30.0	0.6893908637356667
22.5	31.25	0.5432736450483372
22.5	32.5	1.0724460369459206
23.75	32.5	1.00969777341419
23.75	31.25	0.42624499798330084
23.75	30.0	0.585260165310209
23.75	28.75	0.7150827356223604
23.75	27.5	0.7149827512273509
23.75	26.25	0.7406031701026777
23.75	25.0	0.8176978340474997
23.75	23.75	0.8745405666117416
23.75	22.5	0.9292246620244298
23.75	21.25	0.9963947772917806
23.75	20.0	1.018441145104897
23.75	18.75	1.0410624239063528
23.75	17.5	1.0496394930789474
23.75	16.25	1.0759793620054134
23.75	15.0	1.0794003780023655
23.75	13.75	1.071975111100315
23.75	12.5	1.065992331884612
23.75	11.25	1.0654971239818523
23.75	10.0	1.0715197724663101
23.75	8.75	1.0558098121650743
23.75	7.5	1.0500084910598506
23.75	6.25	1.048821765671059
23.75	5.0	1.0449058497341728
23.75	3.75	1.0603117306225591
23.75	2.5	1.056181675135806
23.75	1.25	1.0622113835749698
23.75	-0.0	1.0651478242568329
23.75	-1.25	1.0581969822201203
23.75	-2.5	1.0622507828274927
23.75	-3.75	1.059265258670409
23.75	-5.0	1.061126100264959
23.75	-6.25	1.0554020564097601
23.75	-7.5	1.076474334497757
23.75	-8.75	1.0864249664344425
23.75	-10.0	1.0730321146193915
23.75	-11.25	1.0627871756713545
23.75	-12.5	1.055757916026165
23.75	-13.75	1.0718307605617203
23.75	-15.0	1.0639162755774927
23.75	-16.25	1.07301238946672
23.75	-17.5	1.085373773383288
23.75	-18.75	1.0886241606533478
23.75	-20.0	1.0805998817974585
23.75	-21.25	1.0599227938340567
23.75	-22.5	1.0579387969158305
23.75	-23.75	1.0274967922692329
23.75	-25.0	1.0140925618604655
23.75	-26.25	1.0091105013173283
23.75	-27.5	0.9774388519332791
23.75	-28.75	0.9622858964215323
23.75	-30.0	0.9539204631998143
23.75	-31.25	0.7683263370322371
23.75	-32.5	0.9034584915328373
25.0	-31.25	0.9985133884035751
25.0	-30.0	0.8127826077422335
25.0	-28.75	0.9804468893819
25.0	-27.5	0.9813778035332886
25.0	-26.25	0.9860245357443985
25.0	-25.0	1.0225757769000021
25.0	-23.75	1.0322051355510489
25.0	-22.5	1.0267540054955646
25.0	-21.25	1.0496442888223334
25.0	-20.0	1.0635334330872643
25.0	-18.75	1.080014504904286
25.0	-17.5	1.0916055495060948
25.0	-16.25	1.0843404782185286
25.0	-15.0	1.0858766179771548
25.0	-13.75	1.0623150452808854
25.0	-12.5	1.072712599994283
25.0	-11.25	1.066489993250954
25.0	-10.0	1.0582168055695387
25.0	-8.75	1.0592433382547755
25.0	-7.5	1.0744006208718477
25.0	-6.25	1.0943140750506646
25.0	-5.0	1.0965922069600123
25.0	-3.75	1.1040658083917436
25.0	-2.5	1.0834138513807048
25.0	-1.25	1.0834537303403216
25.0	0.0	1.075596074177517
25.0	1.25	1.0631940449428647
25.0	2.5	1.06072306574084
25.0	3.75	1.0413749581919776
25.0	5.0	1.0526800790735242
25.0	6.25	1.0596146964923805
25.0	7.5	1.0494591318327036
25.0	8.75	1.0506012511304867
25.0	10.0	1.054389544587929
25.0	11.25	1.0653640914112064
25.0	12.5	1.0633238857587977
25.0	13.75	1.070622381231757
25.0	15.0	1.0563983335369909
25.0	16.25	1.0490000167537015
25.0	17.5	1.0345873711622682
25.0	18.75	1.0025244750266429
25.0	20.0	0.9751619991997481
25.0	21.25	0.932354805561554
25.0	22.5	0.8920198876877387
25.0	23.75	0.821174406614446
25.0	25.0	0.7383070290929963
25.0	26.25	0.7260614975672255
25.0	27.5	0.6980628652910295
25.0	28.75	0.6416429322853978
25.0	30.0	0.3277062091403134
25.0	31.25	0.8680730719918327
26.25	30.0	0.776866025653125
26.25	28.75	0.3915203452571572
26.25	27.5	0.646743934524323
26.25	26.25	0.704758944342489
26.25	25.0	0.7406541594991821
26.25	23.75	0.7469099930415158
26.25	22.5	0.8263966598918588
26.25	21.25	0.8848979798329151
26.25	20.0	0.9374740572352483
26.25	18.75	0.9623153580635398
26.25	17.5	1.005028949154561
26.25	16.25	1.0357952654458487
26.25	15.0	1.0446382830123049
26.25	13.75	1.0515912282907303
26.25	12.5	1.0520831316363493
26.25	11.25	1.0555127335677248
26.25	10.0	1.0591758942629594
26.25	8.75	1.0634168097964198
26.25	7.5	1.061718957000874
26.25	6.25	1.061014629137487
26.25	5.0	1.069115273426297
26.25	3.75	1.0608950911586699
26.25	2.5	1.0721515275303195
26.25	1.25	1.0737650747169383
26.25	-0.0	1.06563496776241
26.25	-1.25	1.07071306576258
26.25	-2.5	1.0561328248792916
26.25	-3.75	1.0754247591815131
26.25	-5.0	1.0595386964711633
26.25	-6.25	1.0600253227822594
26.25	-7.5	1.065412607015069
26.25	-8.75	1.064664857882564
26.25	-10.0	1.065643249461598
26.25	-11.25	1.0761979945444171
26.25	-12.5	1.0830652457252452
26.25	-13.75	1.0881097189022297
26.25	-15.0	1.076601990446524
26.25	-16.25	1.0861134297725688
26.25	-17.5	1.079490727434129
26.25	-18.75	1.0687550968827573
26.25	-20.0	1.060595288908834
26.25	-21.25	1.0467243723314952
26.25	-22.5	1.0387420514290153
26.25	-23.75	1.0431450346684903
26.25	-25.0	1.012039278743902
26.25	-26.25	1.0016860690315683
26.25	-27.5	1.0298926095960497
26.25	-28.75	0.8845733230788493
26.25	-30.0	0.9401588140184233
27.5	-28.75	0.8551191230522083
27.5	-27.5	0.9260617209742256
27.5	-26.25	1.0389482279512314
27.5	-25.0	1.0214284903477615
27.5	-23.75	1.0313247100929464
27.5	-22.5	1.0516276023826803
27.5	-21.25	1.0485878172108662
27.5	-20.0	1.0562898322808247
27.5	-18.75	1.0590241178867204
27.5	-17.5	1.0613432716564226
27.5	-16.25	1.068585900772792
27.5	-15.0	1.068389590585811
27.5	-13.75	1.0817516867823447
27.5	-12.5	1.0713514202838683
27.5	-11.25	1.0904617840797612
27.5	-10.0	1.0749108144177597
27.5	-8.75	1.0714269246407877
27.5	-7.5	1.0599294843123708
27.5	-6.25	1.0688675133500665
27.5	-5.0	1.0794808029059662
27.5	-3.75	1.0764886817038004
27.5	-2.5	1.084004207649076
27.5	-1.25	1.0710247807053657
27.5	0.0	1.0767868653277948
27.5	1.25	1.0658185222198868
27.5	2.5	1.0682881128452122
27.5	3.75	1.0628202004838465
27.5	5.0	1.0660568187568273
27.5	6.25	1.0534227597892087
27.5	7.5	1.051243010721131
27.5	8.75	1.0591468684716057
27.5	10.0	1.049580189739312
27.5	11.25	1.0524342128913486
27.5	12.5	1.045374204440824
27.5	13.75	1.0310536764544194
27.5	15.0	1.0196067657502783
27.5	16.25	1.0037068387128238
27.5	17.5	0.9519243550367081
27.5	18.75	0.9230804275510412
27.5	20.0	0.872777298102474
27.5	21.25	0.8055690251687693
27.5	22.5	0.7507116155229283
27.5	23.75	0.7321492749985857
27.5	25.0	0.7208879541780508
27.5	26.25	0.6603170608610008
27.5	27.5	0.45043384050636226
27.5	28.75	0.8562437683086531
28.75	27.5	0.810752863301804
28.75	26.25	0.45287732379121964
28.75	25.0	0.6463031253434625
28.75	23.75	0.7125176070876353
28.75	22.5	0.7456298219960628
28.75	21.25	0.7436736759972026
28.75	20.0	0.8001514008805948
28.75	18.75	0.8662185536458794
28.75	17.5	0.9159455342056307
28.75	16.25	0.949893356138895
28.75	15.0	0.9770537591143403
28.75	13.75	0.9987459109062422
28.75	12.5	1.0150365524824319
28.75	11.25	1.0320402120134153
28.75	10.0	1.0494958756267414
28.75	8.75	1.048211584592574
28.75	7.5	1.050108445232857
28.75	6.25	1.0547795111005602
28.75	5.0	1.0540567890146981
28.75	3.75	1.0566342319196638
28.75	2.5	1.0581910742633431
28.75	1.25	1.0606073533600848
28.75	-0.0	1.066585944461292
28.75	-1.25	1.049592592025835
28.75	-2.5	1.0725205792107193
28.75	-3.75	1.0637243122479538
28.75	-5.0	1.0736236321450885
28.75	-6.25	1.0778390610355038
28.75	-7.5	1.0758075131842244
28.75	-8.75	1.0664173662338434
28.75	-10.0	1.0682073060283204
28.75	-11.25	1.0718086258640693
28.75	-12.5	1.0712155486920698
28.75	-13.75	1.0525783345424575
28.75	-15.0	1.064296589957389
28.75	-16.25	1.0562478350805906
28.75	-17.5	1.0669661098486471
28.75	-18.75	1.0622908907901842
28.75	-20.0	1.0769602612165938
28.75	-21.25	1.0579773193683497
28.75	-22.5	1.0475294984343368
28.75	-23.75	1.0593037527942555
28.75	-25.0	1.0379072258585342
28.75	-26.25	0.9262686676036128
28.75	-27.5	0.7234901580236988
30.0	-26.25	0.6652351331682755
30.0	-25.0	0.9504788972459312
30.0	-23.75	1.0548955388642371
30.0	-22.5	1.0525899664533107
30.0	-21.25	1.0595134229972558
30.0	-20.0	1.0680770619742024
30.0	-18.75	1.0688832365469314
30.0	-17.5	1.0728519795115798
30.0	-16.25	1.0633833149936922
30.0	-15.0	1.0602979155430856
30.0	-13.75	1.0632586181255446
30.0	-12.5	1.052175454028612
30.0	-11.25	1.053294179970515
30.0	-10.0	1.0650318637831973
30.0	-8.75	1.0567423488914685
30.0	-7.5	1.0644318352382087
30.0	-6.25	1.0696057132738597
30.0	-5.0	1.0629763350048316
30.0	-3.75	1.064740272378028
30.0	-2.5	1.0577347472790477
30.0	-1.25	1.0559198086492745
30.0	0.0	1.0510613245385654
30.0	1.25	1.0529180118704535
30.0	2.5	1.0585457940491245
30.0	3.75	1.0515091312541336
30.0	5.0	1.0351390763299144
30.0	6.25	1.0379885106535964
30.0	7.5	1.0387799538919842
30.0	8.75	1.0196420271455644
30.0	10.0	1.012692625239108
30.0	11.25	0.9933021445826443
30.0	12.5	0.985127860715557
30.0	13.75	0.9764106852340315
30.0	15.0	0.9395948666522445
30.0	16.25	0.9050890914039083
30.0	17.5	0.8507286994833001
30.0	18.75	0.768026670962191
30.0	20.0	0.7250956315976291
30.0	21.25	0.7309343458324282
30.0	22.5	0.7047912643518702
30.0	23.75	0.6246665765584497
30.0	25.0	0.4299337612486991
30.0	26.25	0.9860667621340176
31.25	25.0	0.9503563721112754
31.25	23.75	0.4060641395565958
31.25	22.5	0.573836102339199
31.25	21.25	0.6915124554232075
31.25	20.0	0.7036876464089981
31.25	18.75	0.7531207505520985
31.25	17.5	0.753565193977781
31.25	16.25	0.8036316139637972
31.25	15.0	0.85793700482214
31.25	13.75	0.9152614527354976
31.25	12.5	0.9397151480823038
31.25	11.25	0.9750465283789016
31.25	10.0	0.9778343362855852
31.25	8.75	0.9938990341502782
31.25	7.5	1.0083092728208518
31.25	6.25	1.0111443938560047
31.25	5.0	1.023856408789238
31.25	3.75	1.03759825866766
31.25	2.5	1.0429320613355555
31.25	1.25	1.043990740743866
31.25	-0.0	1.042294243905717
31.25	-1.25	1.0522126505030356
31.25	-2.5	1.0455344147883519
31.25	-3.75	1.0487728742607705
31.25	-5.0	1.0432660592775846
31.25	-6.25	1.0322929139117067
31.25	-7.5	1.0451682317686137
31.25	-8.75	1.0499248466093676
31.25	-10.0	1.0550969605385219
31.25	-11.25	1.0587254242251014
31.25	-12.5	1.0556820749787437
31.25	-13.75	1.0694241383117031
31.25	-15.0	1.0767024396139422
31.25	-16.25	1.0927962091983399
31.25	-17.5	1.0785964080276778
31.25	-18.75	1.0799408914883653
31.25	-20.0	1.0810752228165241
31.25	-21.25	1.069698074512462
31.25	-22.5	1.0500733285431036
31.25	-23.75	0.9046408084972761
31.25	-25.0	0.45632115938208945
32.5	-23.75	0.7097620616910963
32.5	-22.5	0.7654618841252027
32.5	-21.25	1.0069584750459541
32.5	-20.0	1.0685082829638988
32.5	-18.75	1.0816268941007934
32.5	-17.5	1.0865423002731334
32.5	-16.25	1.0851574393189858
32.5	-15.0	1.0858796930181818
32.5	-13.75	1.0929047600847401
32.5	-12.5	1.0726547169363232
32.5	-11.25	1.0797282412752554
32.5	-10.0	1.0673148483786845
32.5	-8.75	1.0568143785984814
32.5	-7.5	1.0555430004354143
32.5	-6.25	1.0404664838528555
32.5	-5.0	1.023805806119266
32.5	-3.75	1.0180915873981224
32.5	-2.5	1.028375744868247
32.5	-1.25	1.0246669785071318
32.5	0.0	1.0202256922995407
32.5	1.25	1.0250850499600588
32.5	2.5	1.0338010969949327
32.5	3.75	1.007889393219839
32.5	5.0	0.9930311680142998
32.5	6.25	0.9971473993832907
32.5	7.5	0.9947802315016447
32.5	8.75	0.9625389880726342
32.5	10.0	0.9351124398273143
32.5	11.25	0.9157963057001283
32.5	12.5	0.8702269584284865
32.5	13.75	0.8051031868595642
32.5	15.0	0.7695622018709993
32.5	16.25	0.7567481905234893
32.5	17.5	0.7226043743241126
32.5	18.75	0.6998889348806804
32.5	20.0	0.6312283183209093
32.5	21.25	0.4852386918848634
32.5	22.5	0.5211835896152264
32.5	23.75	1.0108472250813088
33.75	21.25	0.9786841889516922
33.75	20.0	0.45049624911286074
33.75	18.75	0.5513019356450154
33.75	17.5	0.6726138144466379
33.75	16.25	0.7072301537212073
33.75	15.0	0.691460767357166
33.75	13.75	0.7261481837590361
33.75	12.5	0.7510402293053896
33.75	11.25	0.8061969005147291
33.75	10.0	0.8547928760931588
33.75	8.75	0.889178011385442
33.75	7.5	0.9249987838812425
33.75	6.25	0.9483115270346092
33.75	5.0	0.9798289814756312
33.75	3.75	0.9898150808791595
33.75	2.5	1.0066629078736034
33.75	1.25	1.010422192216605
33.75	-0.0	1.0159060559412028
33.75	-1.25	1.0202246431569466
33.75	-2.5	1.0416027150872158
33.75	-3.75	1.0427780962150532
33.75	-5.0	1.0483903556956267
33.75	-6.25	1.0458842976999545
33.75	-7.5	1.0491218748539768
33.75	-8.75	1.0738048977507808
33.75	-10.0	1.0740283367054007
33.75	-11.25	1.0767174282635494
33.75	-12.5	1.0783485477672574
33.75	-13.75	1.0870511422673246
33.75	-15.0	1.0715523572859642
33.75	-16.25	1.0717995354301295
33.75	-17.5	1.0472488675826583
33.75	-18.75	1.0249147076265044
33.75	-20.0	0.8808122591641554
33.75	-21.25	0.4460949500279924
35.0	-20.0	0.6023196731974345
35.0	-18.75	0.6059564047500315
35.0	-17.5	0.8365521660460771
35.0	-16.25	0.9623038259447264
35.0	-15.0	1.0042725313862582
35.0	-13.75	1.013736142057602
35.0	-12.5	1.0492110324609654
35.0	-11.25	1.0534763217413252
35.0	-10.0	1.0656550964083786
35.0	-8.75	1.0525955382683037
35.0	-7.5	1.0491159619269437
35.0	-6.25	1.0473394815561996
35.0	-5.0	1.0366582316390727
35.0	-3.75	1.0284081349915686
35.0	-2.5	1.0230448296664119
35.0	-1.25	1.009813027067123
35.0	0.0	1.0074166475279014
35.0	1.25	0.9860029286370634
35.0	2.5	0.9667693042255339
35.0	3.75	0.9338649882853507
35.0	5.0	0.8976118139880431
35.0	6.25	0.8595581728714418
35.0	7.5	0.8304267207116559
35.0	8.75	0.7924031565295956
35.0	10.0	0.7575304824114045
35.0	11.25	0.7052470669421895
35.0	12.5	0.6868648155503958
35.0	13.75	0.7233212171357498
35.0	15.0	0.6947168113172927
35.0	16.25	0.5922597068221963
35.0	17.5	0.47901477917036694
35.0	18.75	0.5634763097284111
35.0	20.0	0.8140926898157408
36.25	17.5	0.9162743447065477
36.25	16.25	0.5687813201020878
36.25	15.0	0.4902404039960634
36.25	13.75	0.5946244890934911
36.25	12.5	0.6779300368468223
36.25	11.25	0.7235799247978165
36.25	10.0	0.7137513796120999
36.25	8.75	0.7127176705846898
36.25	7.5	0.7384027188178555
36.25	6.25	0.7559842726336284
36.25	5.0	0.7850446546312334
36.25	3.75	0.8202631774754426
36.25	2.5	0.8419917461981777
36.25	1.25	0.8705691839924595
36.25	-0.0	0.8970778632626921
36.25	-1.25	0.9217080959547025
36.25	-2.5	0.9363997760500773
36.25	-3.75	0.9589342711093035
36.25	-5.0	0.9537238905984856
36.25	-6.25	0.9625549114942341
36.25	-7.5	0.9829234058646349
36.25	-8.75	0.9602925951394423
36.25	-10.0	0.9132859925157157
36.25	-11.25	0.9065320369654224
36.25	-12.5	0.9117642053096386
36.25	-13.75	0.8545488946588031
36.25	-15.0	0.7311410798378559
36.25	-16.25	0.5487111446476491
36.25	-17.5	0.47921873488993577
37.5	-15.0	0.7566461291643236
37.5	-13.75	0.5248416249183446
37.5	-12.5	0.6146525598243423
37.5	-11.25	0.7007254649512913
37.5	-10.0	0.7582848406405388
37.5	-8.75	0.78815814890237
37.5	-7.5	0.8138727093955954
37.5	-6.25	0.7923627836621275
37.5	-5.0	0.7877275627102113
37.5	-3.75	0.7844493064438032
37.5	-2.5	0.7867970631683504
37.5	-1.25	0.7763323065902913
37.5	0.0	0.7722684561062424
37.5	1.25	0.7598884281348781
37.5	2.5	0.7435755535653954
37.5	3.75	0.7448150841779418
37.5	5.0	0.7396413389351354
37.5	6.25	0.7360792250007278
37.5	7.5	0.7331239893783044
37.5	8.75	0.7137553241191168
37.5	10.0	0.651207364505601
37.5	11.25	0.5661997185707927
37.5	12.5	0.5045366657308885
37.5	13.75	0.8319907204653691
37.5	15.0	0.8533561007166104
38.75	11.25	0.876408810370673
38.75	10.0	0.8335135195357077
38.75	8.75	0.5441784964327233
38.75	7.5	0.6322875636169497
38.75	6.25	0.6751393485539375
38.75	5.0	0.7061884725880042
38.75	3.75	0.7219569944742489
38.75	2.5	0.7368859273239304
38.75	1.25	0.7381891775323723
38.75	-0.0	0.7379074331694011
38.75	-1.25	0.7467866119827636
38.75	-2.5	0.749185392535861
38.75	-3.75	0.7324428423848826
38.75	-5.0	0.731269352719776
38.75	-6.25	0.6968181562754665
38.75	-7.5	0.6755337292633862
38.75	-8.75	0.6318720790281167
38.75	-10.0	0.5782142008551517
38.75	-11.25	0.776983930361316
40.0	-6.25	0.8751210356602466
40.0	-5.0	0.8384662324949527
40.0	-3.75	0.8152229051106546
40.0	-2.5	0.7175282230140025
40.0	-1.25	0.7728337251153212
40.0	0.0	0.7491889750462867
40.0	1.25	0.8038372002918031
40.0	2.5	0.8127314633362301
40.0	3.75	0.8602164190079766
40.0	5.0	0.8562744234338289
40.0	6.25	0.9032251321845791
