-40.0	6.25	0.8594334921715199
-40.0	5.0	0.8432748107858116
-40.0	3.75	0.7757570491536131
-40.0	2.5	0.722902689711031
-40.0	1.25	0.716576062267344
-40.0	-0.0	0.6702115567191882
-40.0	-1.25	0.6506729026069584
-40.0	-2.5	0.6338720975300899
-40.0	-3.75	0.6142995547218287
-40.0	-5.0	0.7330657795232307
-40.0	-6.25	0.7406424795385829
-38.75	-11.25	0.7846316337138295
-38.75	-10.0	0.46845473944905414
-38.75	-8.75	0.5213459916817273
-38.75	-7.5	0.5737326186662554
-38.75	-6.25	0.6107615993538379
-38.75	-5.0	0.6415251166165392
-38.75	-3.75	0.6711867359386225
-38.75	-2.5	0.6877479708455638
-38.75	-1.25	0.6884149667551539
-38.75	0.0	0.6926369087190275
-38.75	1.25	0.6969323108746409
-38.75	2.5	0.6956403721196578
-38.75	3.75	0.6845113078130668
-38.75	5.0	0.6711792862394176
-38.75	6.25	0.6595364068241432
-38.75	7.5	0.641258800874256
-38.75	8.75	0.6069425419151462
-38.75	10.0	0.7978190270668066
-38.75	11.25	0.9147466935050352
-37.5	15.0	0.973718064151861
-37.5	13.75	0.7721420064754991
-37.5	12.5	0.5298566114863797
-37.5	11.25	0.5623172476008745
-37.5	10.0	0.633827736050362
-37.5	8.75	0.6759266435534617
-37.5	7.5	0.7011186038947076
-37.5	6.25	0.7101871228806833
-37.5	5.0	0.7104334919411737
-37.5	3.75	0.7223770902468366
-37.5	2.5	0.7165713015757448
-37.5	1.25	0.7299784532288208
-37.5	-0.0	0.7241888512750577
-37.5	-1.25	0.7390949822578771
-37.5	-2.5	0.7504888055326722
-37.5	-3.75	0.7415395175936821
-37.5	-5.0	0.753641426022273
-37.5	-6.25	0.7771331182267023
-37.5	-7.5	0.7721633893263029
-37.5	-8.75	0.7426229478750438
-37.5	-10.0	0.6860522568607255
-37.5	-11.25	0.580978805146595
-37.5	-12.5	0.46250082954700744
-37.5	-13.75	0.3675306901379231
-37.5	-15.0	0.987892175775871
-36.25	-17.5	1.1142726654964248
-36.25	-16.25	0.3067763776579267
-36.25	-15.0	0.5702289300505405
-36.25	-13.75	0.7618555034385593
-36.25	-12.5	0.84826052990366
-36.25	-11.25	0.856706146533652
-36.25	-10.0	0.8863436666237686
-36.25	-8.75	0.8998619335603705
-36.25	-7.5	0.9260689010496433
-36.25	-6.25	0.9302068801932337
-36.25	-5.0	0.9230126895657053
-36.25	-3.75	0.9221115453875052
-36.25	-2.5	0.9027372847489987
-36.25	-1.25	0.8838817213122949
-36.25	0.0	0.8609107791416611
-36.25	1.25	0.8413140460203644
-36.25	2.5	0.8176411485617486
-36.25	3.75	0.8041164488484125
-36.25	5.0	0.7673869585647325
-36.25	6.25	0.740962979271103
-36.25	7.5	0.7022958041463232
-36.25	8.75	0.6856709161643721
-36.25	10.0	0.6953453749571119
-36.25	11.25	0.6796079343680678
-36.25	12.5	0.644959156227297
-36.25	13.75	0.5751059809971315
-36.25	15.0	0.48462877646985386
-36.25	16.25	0.4463464849908376
-36.25	17.5	0.9585823408437633
-35.0	20.0	0.9748142512619222
-35.0	18.75	14.918108467717357
-35.0	17.5	0.44684300882605266
-35.0	16.25	0.5644242023735894
-35.0	15.0	0.6561940705097469
-35.0	13.75	0.6703085359425852
-35.0	12.5	0.669457863058538
-35.0	11.25	0.706923310822171
-35.0	10.0	0.7391491486931883
-35.0	8.75	0.7766201380410147
-35.0	7.5	0.8075340866186285
-35.0	6.25	0.8469819281981935
-35.0	5.0	0.8635251218294699
-35.0	3.75	0.8941837382899284
-35.0	2.5	0.9125999205975117
-35.0	1.25	0.9335262716279289
-35.0	-0.0	0.960669258012327
-35.0	-1.25	0.967702490140797
-35.0	-2.5	0.9890921835803925
-35.0	-3.75	0.9961707991862931
-35.0	-5.0	1.0021480007046337
-35.0	-6.25	1.0099189623798248
-35.0	-7.5	1.0187404078974232
-35.0	-8.75	1.0264513076423758
-35.0	-10.0	1.010226061443767
-35.0	-11.25	1.0060991161102335
-35.0	-12.5	1.001308743563361
-35.0	-13.75	0.986347098093755
-35.0	-15.0	0.9497034868044731
-35.0	-16.25	0.8829882861597448
-35.0	-17.5	0.6599275398828855
-35.0	-18.75	0.32042199338190697
-35.0	-20.0	1.0558715022456902
-33.75	-21.25	0.331830003713904
-33.75	-20.0	0.6820278373230554
-33.75	-18.75	0.9341450612423301
-33.75	-17.5	0.9981615356788067
-33.75	-16.25	1.0365654604249794
-33.75	-15.0	1.0354991695452849
-33.75	-13.75	1.0408659571519263
-33.75	-12.5	1.0323246071732075
-33.75	-11.25	1.047622745569895
-33.75	-10.0	1.0451990245374312
-33.75	-8.75	1.0412034928946596
-33.75	-7.5	1.0274873856210611
-33.75	-6.25	1.0143912570209586
-33.75	-5.0	1.0140327281660806
-33.75	-3.75	1.0107549665954476
-33.75	-2.5	1.002520390236358
-33.75	-1.25	1.0079672464123355
-33.75	0.0	0.9863802015912236
-33.75	1.25	0.9811650709273487
-33.75	2.5	0.9782310948320608
-33.75	3.75	0.9577299339516177
-33.75	5.0	0.9414986901185765
-33.75	6.25	0.9240156471946775
-33.75	7.5	0.8824916501435143
-33.75	8.75	0.8718101657131351
-33.75	10.0	0.8186603823945727
-33.75	11.25	0.7816150987462047
-33.75	12.5	0.7550334615021405
-33.75	13.75	0.719168273045503
-33.75	15.0	0.6750452898219436
-33.75	16.25	0.6490785902045065
-33.75	17.5	0.6502421491762145
-33.75	18.75	0.551800155274966
-33.75	20.0	0.4125531488283749
-33.75	21.25	0.9819036567112418
-32.5	23.75	0.9527136126039502
-32.5	22.5	0.4165569496731005
-32.5	21.25	0.48242940245703075
-32.5	20.0	0.6333757500790372
-32.5	18.75	0.6610102857711211
-32.5	17.5	0.6646442121566671
-32.5	16.25	0.7116524365465269
-32.5	15.0	0.7344233204508733
-32.5	13.75	0.7810554873305442
-32.5	12.5	0.8272624784758658
-32.5	11.25	0.8701150109564796
-32.5	10.0	0.9002077332106457
-32.5	8.75	0.9217892618601358
-32.5	7.5	0.9437770791629568
-32.5	6.25	0.9611209569072819
-32.5	5.0	0.9809050386047696
-32.5	3.75	0.9895263470802591
-32.5	2.5	1.001201741856524
-32.5	1.25	1.0039038437974126
-32.5	-0.0	1.0090465530409363
-32.5	-1.25	1.0180323668331612
-32.5	-2.5	1.0313079058113044
-32.5	-3.75	1.0264907797467004
-32.5	-5.0	1.0251843730234083
-32.5	-6.25	1.0375285178732396
-32.5	-7.5	1.0447469989351026
-32.5	-8.75	1.0349087047128553
-32.5	-10.0	1.044907466467329
-32.5	-11.25	1.0400128942798053
-32.5	-12.5	1.054227864895086
-32.5	-13.75	1.0536783283169613
-32.5	-15.0	1.0550984578962554
-32.5	-16.25	1.0502548715578868
-32.5	-17.5	1.049348604174784
-32.5	-18.75	1.0359802251793846
-32.5	-20.0	1.0043654379396327
-32.5	-21.25	0.9196512310548424
-32.5	-22.5	0.609501723930828
-32.5	-23.75	0.9653919902674973
-31.25	-25.0	28.03169588764199
-31.25	-23.75	0.7458850028349988
-31.25	-22.5	0.9852311090715898
-31.25	-21.25	1.0343869672069994
-31.25	-20.0	1.0308099033255964
-31.25	-18.75	1.0593236629934664
-31.25	-17.5	1.0560003528404915
-31.25	-16.25	1.045903857455879
-31.25	-15.0	1.0393427283021892
-31.25	-13.75	1.037721084810108
-31.25	-12.5	1.0385195722217895
-31.25	-11.25	1.0352417964241503
-31.25	-10.0	1.0406988226385987
-31.25	-8.75	1.0356460168375452
-31.25	-7.5	1.0385624656901142
-31.25	-6.25	1.0268973451908816
-31.25	-5.0	1.0357934068245584
-31.25	-3.75	1.0154102620018859
-31.25	-2.5	1.014011727106723
-31.25	-1.25	1.018455225545326
-31.25	0.0	1.005157078563192
-31.25	1.25	1.0085297406226446
-31.25	2.5	1.0188524808586212
-31.25	3.75	0.9918967580019629
-31.25	5.0	0.9957826344993551
-31.25	6.25	0.9793596162739487
-31.25	7.5	0.9737570617227383
-31.25	8.75	0.9512687168101605
-31.25	10.0	0.9513838221478379
-31.25	11.25	0.9167631419091872
-31.25	12.5	0.8933217577432799
-31.25	13.75	0.8490897444190726
-31.25	15.0	0.8011134695928592
-31.25	16.25	0.7705868944047489
-31.25	17.5	0.7318600123840998
-31.25	18.75	0.7185310981151568
-31.25	20.0	0.6830636481306495
-31.25	21.25	0.6588996958446972
-31.25	22.5	0.5604457378446944
-31.25	23.75	0.3804007583925682
-31.25	25.0	0.9362003679233353
-30.0	26.25	0.9558265502335691
-30.0	25.0	0.41009188073024716
-30.0	23.75	0.61186147982162
-30.0	22.5	0.6692310167428094
-30.0	21.25	0.7060190650830074
-30.0	20.0	0.7159780682123137
-30.0	18.75	0.7506181585012074
-30.0	17.5	0.806561607299412
-30.0	16.25	0.861523069797553
-30.0	15.0	0.8902425033463105
-30.0	13.75	0.9216323302794457
-30.0	12.5	0.9414057309269759
-30.0	11.25	0.9573217091340133
-30.0	10.0	0.9754693516951695
-30.0	8.75	0.9887809511332695
-30.0	7.5	0.9964338329134579
-30.0	6.25	0.9973184906889875
-30.0	5.0	1.0069459860850398
-30.0	3.75	1.0148327517676459
-30.0	2.5	1.0196748868172696
-30.0	1.25	1.0145582230635832
-30.0	-0.0	1.0133652197773353
-30.0	-1.25	1.0310778072789084
-30.0	-2.5	1.0158190416090338
-30.0	-3.75	1.0350963056334068
-30.0	-5.0	1.0289842087035175
-30.0	-6.25	1.0352608608953524
-30.0	-7.5	1.021424839425457
-30.0	-8.75	1.034234497093068
-30.0	-10.0	1.0507152255808856
-30.0	-11.25	1.0370765823557815
-30.0	-12.5	1.0382951205433144
-30.0	-13.75	1.035862693528172
-30.0	-15.0	1.0398590004297108
-30.0	-16.25	1.0468725222258304
-30.0	-17.5	1.044986152761592
-30.0	-18.75	1.0341080827288305
-30.0	-20.0	1.0298308693180493
-30.0	-21.25	1.0238549414954157
-30.0	-22.5	1.039299423562289
-30.0	-23.75	1.0074946373292604
-30.0	-25.0	0.8621381996267793
-30.0	-26.25	0.48551624521177345
-28.75	-27.5	17.390031812797158
-28.75	-26.25	0.8581560879835337
-28.75	-25.0	1.0067313654110337
-28.75	-23.75	1.0224353608302867
-28.75	-22.5	1.0174450847738814
-28.75	-21.25	1.028180551387034
-28.75	-20.0	1.0285665761854352
-28.75	-18.75	1.0310364133086567
-28.75	-17.5	1.0388440273057686
-28.75	-16.25	1.0331274325986288
-28.75	-15.0	1.0287175383866825
-28.75	-13.75	1.0344904026333956
-28.75	-12.5	1.0483030515851628
-28.75	-11.25	1.0377403319979677
-28.75	-10.0	1.0554179320675776
-28.75	-8.75	1.031107482275649
-28.75	-7.5	1.0365622025597987
-28.75	-6.25	1.036879649454325
-28.75	-5.0	1.0331932275786333
-28.75	-3.75	1.0263055565084063
-28.75	-2.5	1.02505693293288
-28.75	-1.25	1.027797461975313
-28.75	0.0	1.0387990132520137
-28.75	1.25	1.0254708599057765
-28.75	2.5	1.0199064627892687
-28.75	3.75	1.020157105554806
-28.75	5.0	1.015708475145379
-28.75	6.25	1.0153258610994333
-28.75	7.5	1.0111923234984346
-28.75	8.75	1.0048968810517247
-28.75	10.0	0.9939961685712794
-28.75	11.25	0.9939240057504641
-28.75	12.5	0.977372264421962
-28.75	13.75	0.961867582460651
-28.75	15.0	0.9369884094353667
-28.75	16.25	0.9100764409036652
-28.75	17.5	0.8640693297262882
-28.75	18.75	0.8331283112661937
-28.75	20.0	0.7555162915816429
-28.75	21.25	0.721629534533617
-28.75	22.5	0.7035598422301504
-28.75	23.75	0.6680907656495911
-28.75	25.0	0.6329220048814705
-28.75	26.25	0.42439302307227145
-28.75	27.5	0.8229410194354078
-27.5	28.75	0.9856866333169698
-27.5	27.5	0.42141718100166803
-27.5	26.25	0.6389915664705363
-27.5	25.0	0.6880964833115257
-27.5	23.75	0.7032229442235038
-27.5	22.5	0.7287947668085769
-27.5	21.25	0.7850739145567448
-27.5	20.0	0.8387921050091289
-27.5	18.75	0.8813193751889018
-27.5	17.5	0.9253463942477906
-27.5	16.25	0.9497071763807886
-27.5	15.0	0.9735425347632533
-27.5	13.75	0.9796058475607693
-27.5	12.5	0.9871793390509154
-27.5	11.25	1.0032496339170582
-27.5	10.0	0.9993304341410433
-27.5	8.75	1.0109459733752575
-27.5	7.5	1.0074045489542172
-27.5	6.25	1.0145838422578572
-27.5	5.0	1.0213250927702924
-27.5	3.75	1.0208369731757574
-27.5	2.5	1.0334044884896385
-27.5	1.25	1.0255649374253084
-27.5	-0.0	1.0254412248664009
-27.5	-1.25	1.0223203210661764
-27.5	-2.5	1.0338167529213347
-27.5	-3.75	1.0130752434212418
-27.5	-5.0	1.0195267212124737
-27.5	-6.25	1.029625750237069
-27.5	-7.5	1.0468610933686595
-27.5	-8.75	1.0363825362068897
-27.5	-10.0	1.036363703997179
-27.5	-11.25	1.042322530919316
-27.5	-12.5	1.0426018193092343
-27.5	-13.75	1.0401222819780824
-27.5	-15.0	1.051348047916166
-27.5	-16.25	1.0415401271288194
-27.5	-17.5	1.0413946778703638
-27.5	-18.75	1.026727933752408
-27.5	-20.0	1.0282803661121591
-27.5	-21.25	1.0210317231810044
-27.5	-22.5	1.0124166134747676
-27.5	-23.75	0.9824289509064196
-27.5	-25.0	1.0048611428860172
-27.5	-26.25	0.9933031692692624
-27.5	-27.5	0.8852992282669174
-27.5	-28.75	1.0107124112009127
-26.25	-30.0	0.8561427267049314
-26.25	-28.75	0.8202559055707195
-26.25	-27.5	0.9733895524488158
-26.25	-26.25	0.9757144218114556
-26.25	-25.0	0.9786572697473537
-26.25	-23.75	0.9934326150349171
-26.25	-22.5	1.0055734477357359
-26.25	-21.25	1.027325559983255
-26.25	-20.0	1.0239258112110874
-26.25	-18.75	1.04300746326875
-26.25	-17.5	1.0496651369842576
-26.25	-16.25	1.0385195913050391
-26.25	-15.0	1.0548479546561416
-26.25	-13.75	1.0507539924137306
-26.25	-12.5	1.0433957036844352
-26.25	-11.25	1.0423585356248424
-26.25	-10.0	1.0301078596350994
-26.25	-8.75	1.031555107460582
-26.25	-7.5	1.0368743518404655
-26.25	-6.25	1.0248865795480013
-26.25	-5.0	1.0344966344553859
-26.25	-3.75	1.0381750528258884
-26.25	-2.5	1.022855158068368
-26.25	-1.25	1.0391393983483983
-26.25	0.0	1.0336948924573068
-26.25	1.25	1.0281626146060463
-26.25	2.5	1.0412757263729384
-26.25	3.75	1.029880036848187
-26.25	5.0	1.0316974490534594
-26.25	6.25	1.0170850136882035
-26.25	7.5	1.017693197339836
-26.25	8.75	1.0279079691413693
-26.25	10.0	1.0341290659891473
-26.25	11.25	1.019094582203822
-26.25	12.5	1.0103951374986588
-26.25	13.75	1.0043265135041675
-26.25	15.0	1.001935237575066
-26.25	16.25	0.9857396586091933
-26.25	17.5	0.9618441076326489
-26.25	18.75	0.9418824064751214
-26.25	20.0	0.8900470968741133
-26.25	21.25	0.8457167042923301
-26.25	22.5	0.776482754964838
-26.25	23.75	0.7308584042851741
-26.25	25.0	0.714980475167818
-26.25	26.25	0.6701972345334493
-26.25	27.5	0.6401349270539758
-26.25	28.75	0.4119107542691614
-26.25	30.0	0.9922113377904535
-25.0	31.25	1.023141157250009
-25.0	30.0	0.36548683946205945
-25.0	28.75	0.6290557585037223
-25.0	27.5	0.6968575112801303
-25.0	26.25	0.7166569603737328
-25.0	25.0	0.7385937258500185
-25.0	23.75	0.7930397954183414
-25.0	22.5	0.8394302486200639
-25.0	21.25	0.9021970281066438
-25.0	20.0	0.9521443955374442
-25.0	18.75	0.9706106585726746
-25.0	17.5	0.9890960354116508
-25.0	16.25	1.0118159560949969
-25.0	15.0	1.0075803444663995
-25.0	13.75	1.0207272354117436
-25.0	12.5	1.022063228953555
-25.0	11.25	1.036777026692437
-25.0	10.0	1.023058616342674
-25.0	8.75	1.025903459607392
-25.0	7.5	1.0132753770042493
-25.0	6.25	1.0168017747204001
-25.0	5.0	1.0134349883103697
-25.0	3.75	1.0182996957543338
-25.0	2.5	1.0307209278849507
-25.0	1.25	1.0260218485474086
-25.0	-0.0	1.0459316869981776
-25.0	-1.25	0.954097379072754
-25.0	-2.5	1.0432561436396897
-25.0	-3.75	1.0451526554180988
-25.0	-5.0	1.0500684471405193
-25.0	-6.25	1.0360865593518436
-25.0	-7.5	1.0313663499295518
-25.0	-8.75	1.0319296818646357
-25.0	-10.0	1.0296918038814233
-25.0	-11.25	1.0338898880680123
-25.0	-12.5	1.0479496766376082
-25.0	-13.75	1.0543361172260386
-25.0	-15.0	1.0474717899641308
-25.0	-16.25	1.0577396489812392
-25.0	-17.5	1.0625513130997093
-25.0	-18.75	1.0427949191213832
-25.0	-20.0	1.0454135491964107
-25.0	-21.25	1.0338436324263585
-25.0	-22.5	1.0189478157307612
-25.0	-23.75	1.012964543713011
-25.0	-25.0	0.9811085226181873
-25.0	-26.25	0.9541954730981296
-25.0	-27.5	0.9663477970410678
-25.0	-28.75	0.9655458386444591
-25.0	-30.0	0.7746183215116842
-25.0	-31.25	0.940664335227788
-23.75	-32.5	0.9127642902919608
-23.75	-31.25	0.725154189788089
-23.75	-30.0	0.922325644621164
-23.75	-28.75	0.9451081688562827
-23.75	-27.5	0.9283520432252315
-23.75	-26.25	0.9443330038376886
-23.75	-25.0	0.9919147027206008
-23.75	-23.75	1.0105969842311875
-23.75	-22.5	1.0346650566217128
-23.75	-21.25	1.0346351955968243
-23.75	-20.0	1.0495018223211143
-23.75	-18.75	1.0530117253925555
-23.75	-17.5	1.0559985276854167
-23.75	-16.25	1.050946125131916
-23.75	-15.0	1.0339088414017323
-23.75	-13.75	1.0325260941260153
-23.75	-12.5	1.035025048061874
-23.75	-11.25	1.0264119768599054
-23.75	-10.0	1.0290156002198192
-23.75	-8.75	1.0323264448541303
-23.75	-7.5	1.024377095599645
-23.75	-6.25	1.0244155519479672
-23.75	-5.0	1.0227325526178255
-23.75	-3.75	1.0146665442860203
-23.75	-2.5	1.0121017200944562
-23.75	-1.25	1.0216369894135477
-23.75	0.0	1.0165496133293142
-23.75	1.25	1.0378723261609095
-23.75	2.5	1.0313230711613632
-23.75	3.75	1.026425400628457
-23.75	5.0	1.027316318221528
-23.75	6.25	1.0121694037655764
-23.75	7.5	1.0104940595758272
-23.75	8.75	0.9840318882430839
-23.75	10.0	1.0178594146456406
-23.75	11.25	1.0208701937373983
-23.75	12.5	1.0214016999770579
-23.75	13.75	1.0335246433814205
-23.75	15.0	1.010212418016996
-23.75	16.25	1.0206276627307738
-23.75	17.5	1.0155019050001493
-23.75	18.75	1.012908609428563
-23.75	20.0	0.9841015931658499
-23.75	21.25	0.9541622766511219
-23.75	22.5	0.9071831175584629
-23.75	23.75	0.861237272910214
-23.75	25.0	0.7915032404999033
-23.75	26.25	0.7388570608711498
-23.75	27.5	0.7122218299423609
-23.75	28.75	0.6899725946062388
-23.75	30.0	0.5921411336327946
-23.75	31.25	0.3691300450763676
-23.75	32.5	0.9762552426543089
-22.5	32.5	0.9701799299252564
-22.5	31.25	0.5294538495317836
-22.5	30.0	0.6798040838296958
-22.5	28.75	0.707495328475474
-22.5	27.5	0.7191291675053866
-22.5	26.25	0.7845753701103031
-22.5	25.0	0.8430394821373788
-22.5	23.75	0.8992016630132897
-22.5	22.5	0.9657296534129766
-22.5	21.25	0.9810013714679541
-22.5	20.0	1.0100445474351407
-22.5	18.75	1.0219419812378019
-22.5	17.5	1.0261544918916345
-22.5	16.25	1.0298409568498323
-22.5	15.0	1.036512528040349
-22.5	13.75	1.0247104563975649
-22.5	12.5	1.0258905356712942
-22.5	11.25	1.0238237724119286
-22.5	10.0	1.0381813321478068
-22.5	8.75	1.031476094443912
-22.5	7.5	1.0314021289952702
-22.5	6.25	1.028137554570049
-22.5	5.0	1.0320762979007965
-22.5	3.75	1.031440035343091
-22.5	2.5	1.0364326248867144
-22.5	1.25	1.0241702613186874
-22.5	-0.0	1.028996518853646
-22.5	-1.25	1.0322833244946241
-22.5	-2.5	1.0292497690948013
-22.5	-3.75	1.027480080417266
-22.5	-5.0	1.0336852780149959
-22.5	-6.25	1.0191047647440732
-22.5	-7.5	1.035178627233605
-22.5	-8.75	1.0192633866473488
-22.5	-10.0	1.0341629821167777
-22.5	-11.25	1.0203588615858648
-22.5	-12.5	1.0423329205122995
-22.5	-13.75	1.0266776178849772
-22.5	-15.0	1.0291581445796605
-22.5	-16.25	1.032063229895944
-22.5	-17.5	1.0391255030994833
-22.5	-18.75	1.0684789038020481
-22.5	-20.0	1.0672014741462639
-22.5	-21.25	1.059446122506089
-22.5	-22.5	1.0589094076058267
-22.5	-23.75	1.0389515317576634
-22.5	-25.0	1.0208902449995538
-22.5	-26.25	0.9702853213764128
-22.5	-27.5	0.9462174429516077
-22.5	-28.75	0.9078854651575409
-22.5	-30.0	0.9325464881619744
-22.5	-31.25	0.8800386093599933
-22.5	-32.5	0.9431462774164644
-21.25	-33.75	0.7488160604260508
-21.25	-32.5	0.7881349537847353
-21.25	-31.25	0.9069424742219865
-21.25	-30.0	0.8777204048981855
-21.25	-28.75	0.9112047225035244
-21.25	-27.5	0.9536564784226578
-21.25	-26.25	0.9946268634360913
-21.25	-25.0	1.0250985117223232
-21.25	-23.75	1.0563662438923946
-21.25	-22.5	1.0600320227704685
-21.25	-21.25	1.0531091349339192
-21.25	-20.0	1.0437444482297669
-21.25	-18.75	1.0488675775229945
-21.25	-17.5	1.0358009346720414
-21.25	-16.25	1.0291071257305948
-21.25	-15.0	1.0355938743936202
-21.25	-13.75	1.0348126929390122
-21.25	-12.5	1.016809380519688
-21.25	-11.25	1.0246187321501714
-21.25	-10.0	1.0283400502429794
-21.25	-8.75	1.0202454969758372
-21.25	-7.5	1.0254894252634947
-21.25	-6.25	1.0158780642892442
-21.25	-5.0	1.0207867993714974
-21.25	-3.75	1.022635389188816
-21.25	-2.5	1.0269380378833441
-21.25	-1.25	1.0268729773678187
-21.25	0.0	1.028602550188457
-21.25	1.25	1.0174660106982703
-21.25	2.5	1.0306620218317546
-21.25	3.75	1.0335383453484257
-21.25	5.0	1.0261263782921508
-21.25	6.25	1.0232203333226646
-21.25	7.5	1.0318350394741331
-21.25	8.75	1.0206658509811166
-21.25	10.0	1.0317293379641341
-21.25	11.25	1.0336743555052597
-21.25	12.5	1.0432450886944948
-21.25	13.75	1.0314147795410429
-21.25	15.0	1.0386947081607936
-21.25	16.25	1.036039369933139
-21.25	17.5	1.0366475747871704
-21.25	18.75	1.0388132387610685
-21.25	20.0	1.0309849153415618
-21.25	21.25	1.0186103235668877
-21.25	22.5	0.9824451596491497
-21.25	23.75	0.9680075241730717
-21.25	25.0	0.9109264058429862
-21.25	26.25	0.8483857533230087
-21.25	27.5	0.7731308588045284
-21.25	28.75	0.7185656003578197
-21.25	30.0	0.7106689890770869
-21.25	31.25	0.6643261893813172
-21.25	32.5	0.38081557888706574
-21.25	33.75	0.9783120167566308
-20.0	35.0	0.9889721120822855
-20.0	33.75	0.5411975735132264
-20.0	32.5	0.6028891420576735
-20.0	31.25	0.7207921010403904
-20.0	30.0	0.7098643839475802
-20.0	28.75	0.7550179820707579
-20.0	27.5	0.823558509133419
-20.0	26.25	0.8971297299981977
-20.0	25.0	0.9576136271493723
-20.0	23.75	0.981415315371657
-20.0	22.5	1.0240582694136793
-20.0	21.25	1.024982537555099
-20.0	20.0	1.0289833965164992
-20.0	18.75	1.0299696435165686
-20.0	17.5	1.0344305491795789
-20.0	16.25	1.0370402599719504
-20.0	15.0	1.0453384465912912
-20.0	13.75	1.038788498647296
-20.0	12.5	1.0409750203735388
-20.0	11.25	1.039330442426429
-20.0	10.0	1.019328928815396
-20.0	8.75	1.0277710116996273
-20.0	7.5	1.020563971286102
-20.0	6.25	1.0190203962198072
-20.0	5.0	1.029597742163656
-20.0	3.75	1.0103248305402979
-20.0	2.5	1.0198900614280466
-20.0	1.25	1.0295934572959662
-20.0	-0.0	1.014047476808788
-20.0	-1.25	1.0234713640437492
-20.0	-2.5	1.0193559588055356
-20.0	-3.75	1.020121820899654
-20.0	-5.0	1.0179802621042806
-20.0	-6.25	1.0215813652183894
-20.0	-7.5	1.0195950981005921
-20.0	-8.75	1.021257485418124
-20.0	-10.0	1.0043153875572264
-20.0	-11.25	1.0177757189316745
-20.0	-12.5	1.016284040884022
-20.0	-13.75	1.016830819537714
-20.0	-15.0	1.0167594495204308
-20.0	-16.25	1.0254774802580455
-20.0	-17.5	1.0184047362632134
-20.0	-18.75	1.0248684634732201
-20.0	-20.0	1.037733501162666
-20.0	-21.25	1.048450788557775
-20.0	-22.5	1.0534144925361066
-20.0	-23.75	1.0594704643796893
-20.0	-25.0	1.0452278725584219
-20.0	-26.25	1.0138364184445474
-20.0	-27.5	0.9837451757598625
-20.0	-28.75	0.927356006245819
-20.0	-30.0	0.8645712538033447
-20.0	-31.25	0.8694342682776979
-20.0	-32.5	0.8841611707810288
-20.0	-33.75	0.7050766162033536
-20.0	-35.0	0.8654346554202033
-18.75	-35.0	0.7675438376460316
-18.75	-33.75	0.8141233647522431
-18.75	-32.5	0.8794445422946375
-18.75	-31.25	0.8331110938367152
-18.75	-30.0	0.8771072798792313
-18.75	-28.75	0.9542210515398513
-18.75	-27.5	1.0144783480175228
-18.75	-26.25	1.0369750466143424
-18.75	-25.0	1.0629436648522812
-18.75	-23.75	1.066335892091718
-18.75	-22.5	1.0538790646638623
-18.75	-21.25	1.0385371310753226
-18.75	-20.0	1.0290822749254402
-18.75	-18.75	1.034923556991798
-18.75	-17.5	1.0202936419125148
-18.75	-16.25	1.024924120727074
-18.75	-15.0	1.0055628389059008
-18.75	-13.75	1.018254951244178
-18.75	-12.5	1.0124210614351183
-18.75	-11.25	1.0196760177491195
-18.75	-10.0	1.0219381656984057
-18.75	-8.75	1.0155019814777961
-18.75	-7.5	1.0092673888907904
-18.75	-6.25	1.0151690647159188
-18.75	-5.0	1.0220770111403399
-18.75	-3.75	1.0206358308082466
-18.75	-2.5	1.025894122755362
-18.75	-1.25	1.0148038329746958
-18.75	0.0	1.0191829799422285
-18.75	1.25	1.0302668617035597
-18.75	2.5	1.0167437281311762
-18.75	3.75	1.0248780543046403
-18.75	5.0	1.0235824405526182
-18.75	6.25	1.0241189209272843
-18.75	7.5	1.0255137497475157
-18.75	8.75	1.0297028326663542
-18.75	10.0	1.0324196879275724
-18.75	11.25	1.0273191584686348
-18.75	12.5	1.0328399548976102
-18.75	13.75	1.0337300470713475
-18.75	15.0	1.0365074569579278
-18.75	16.25	1.0315367102914315
-18.75	17.5	1.030176996344056
-18.75	18.75	1.0419635215459728
-18.75	20.0	1.0311617358031246
-18.75	21.25	1.0440453581710385
-18.75	22.5	1.0107239639414571
-18.75	23.75	1.0114013696354887
-18.75	25.0	0.9790810717377368
-18.75	26.25	0.931134008053634
-18.75	27.5	0.8752680796136842
-18.75	28.75	0.7991202433181668
-18.75	30.0	0.7231559526114921
-18.75	31.25	0.7275813954039988
-18.75	32.5	0.6935550197622693
-18.75	33.75	0.44435833443019046
-18.75	35.0	0.9678053118352071
-17.5	36.25	0.9450400716615431
-17.5	35.0	0.5429216896255383
-17.5	33.75	0.6090138670941995
-17.5	32.5	0.7138989564261327
-17.5	31.25	0.7041258925759959
-17.5	30.0	0.7503317230572182
-17.5	28.75	0.8304414724444088
-17.5	27.5	0.9099610584309152
-17.5	26.25	0.9786460045127805
-17.5	25.0	0.9980472137608318
-17.5	23.75	1.0213159607116395
-17.5	22.5	1.020696559954459
-17.5	21.25	1.0251333411327677
-17.5	20.0	1.0297950909795581
-17.5	18.75	1.0255589063843373
-17.5	17.5	1.034593571664949
-17.5	16.25	1.0394906930466747
-17.5	15.0	1.0405674425123965
-17.5	13.75	1.0413816734265258
-17.5	12.5	1.0335342701322463
-17.5	11.25	1.0314166915250556
-17.5	10.0	1.0394057368288443
-17.5	8.75	1.0254504344947897
-17.5	7.5	1.0195205182671365
-17.5	6.25	1.0313849289984987
-17.5	5.0	1.033044862053744
-17.5	3.75	1.0216471604001616
-17.5	2.5	1.0267366539282248
-17.5	1.25	1.0268244888981977
-17.5	-0.0	1.0275706646957692
-17.5	-1.25	1.0185828269031252
-17.5	-2.5	1.00828722638168
-17.5	-3.75	1.0251098454182819
-17.5	-5.0	1.0210596283122237
-17.5	-6.25	1.012231738667312
-17.5	-7.5	1.013836276294994
-17.5	-8.75	1.0220465483945023
-17.5	-10.0	1.0074982839200257
-17.5	-11.25	1.001819969856503
-17.5	-12.5	1.0185190067563554
-17.5	-13.75	1.0066726256786898
-17.5	-15.0	1.0127085203582147
-17.5	-16.25	1.0111708441112741
-17.5	-17.5	1.0144411707573135
-17.5	-18.75	1.017117016359561
-17.5	-20.0	1.0303248503255416
-17.5	-21.25	1.0419928031438477
-17.5	-22.5	1.047532302689219
-17.5	-23.75	1.0535472124728114
-17.5	-25.0	1.0539215859411437
-17.5	-26.25	1.065773987845967
-17.5	-27.5	1.0318298438789983
-17.5	-28.75	0.9811769074112072
-17.5	-30.0	0.9151915746072566
-17.5	-31.25	0.8342049315816547
-17.5	-32.5	0.825005300352497
-17.5	-33.75	0.8631691948870409
-17.5	-35.0	0.889100703677936
-17.5	-36.25	0.974970431362302
-16.25	-36.25	0.8983616841952361
-16.25	-35.0	0.7921810163256426
-16.25	-33.75	0.8565867386423357
-16.25	-32.5	0.8089728011563565
-16.25	-31.25	0.871384633009362
-16.25	-30.0	0.96153518179002
-16.25	-28.75	1.0106862425420753
-16.25	-27.5	1.055854954523938
-16.25	-26.25	1.0561026414130492
-16.25	-25.0	1.0639820660236226
-16.25	-23.75	1.0476573109314822
-16.25	-22.5	1.0392468669059762
-16.25	-21.25	1.0259198341002145
-16.25	-20.0	1.0105352636547889
-16.25	-18.75	1.0197194105694543
-16.25	-17.5	1.002987752018924
-16.25	-16.25	1.006563171703753
-16.25	-15.0	1.0205916775222628
-16.25	-13.75	1.0047302353323666
-16.25	-12.5	1.009662261343606
-16.25	-11.25	1.0058608033504246
-16.25	-10.0	1.009983743585233
-16.25	-8.75	1.0273239219433132
-16.25	-7.5	1.0201606465867974
-16.25	-6.25	1.0129331005547046
-16.25	-5.0	1.0187296380618631
-16.25	-3.75	1.0234855160415965
-16.25	-2.5	1.0224608847962076
-16.25	-1.25	1.0160573120129828
-16.25	0.0	1.0185833024384494
-16.25	1.25	1.0239862906689412
-16.25	2.5	1.031512709142094
-16.25	3.75	1.0324541652337877
-16.25	5.0	1.0274565064319865
-16.25	6.25	1.0289945976086767
-16.25	7.5	1.0285006321366905
-16.25	8.75	1.0300460171577865
-16.25	10.0	1.0326060315105021
-16.25	11.25	1.0388224067910636
-16.25	12.5	1.037486455414086
-16.25	13.75	1.035767535582392
-16.25	15.0	1.0453849719079462
-16.25	16.25	1.0415935918783095
-16.25	17.5	1.0491073279397787
-16.25	18.75	1.0390868444170482
-16.25	20.0	1.0342592457164965
-16.25	21.25	1.0445920706734975
-16.25	22.5	1.0402678498212075
-16.25	23.75	1.042571801113262
-16.25	25.0	1.0182201594247506
-16.25	26.25	0.9895079246323332
-16.25	27.5	0.9573530524059236
-16.25	28.75	0.896883106029056
-16.25	30.0	0.8132469300052887
-16.25	31.25	0.7280677828706426
-16.25	32.5	0.7223002082601995
-16.25	33.75	0.6827310125465892
-16.25	35.0	0.36869252057585067
-16.25	36.25	0.9445478401757472
-15.0	37.5	0.9710672818947504
-15.0	36.25	1.1375459469902638
-15.0	35.0	0.578438790886887
-15.0	33.75	0.7240646310823963
-15.0	32.5	0.7210217431131865
-15.0	31.25	0.7679760960295516
-15.0	30.0	0.8658046505288454
-15.0	28.75	0.935117787090512
-15.0	27.5	0.9824563301938728
-15.0	26.25	1.0161396083233176
-15.0	25.0	1.0288025456943475
-15.0	23.75	1.0391760731356718
-15.0	22.5	1.041706987321318
-15.0	21.25	1.044893064097271
-15.0	20.0	1.046514017331511
-15.0	18.75	1.038954260456926
-15.0	17.5	1.0342199994864452
-15.0	16.25	1.042671836700528
-15.0	15.0	1.031709214928983
-15.0	13.75	1.0313812542122878
-15.0	12.5	1.0324548646444704
-15.0	11.25	1.0340965929720671
-15.0	10.0	1.027737344692057
-15.0	8.75	1.028982704900976
-15.0	7.5	1.0326095933463633
-15.0	6.25	1.025571032154372
-15.0	5.0	1.0366454597817492
-15.0	3.75	1.0205030563358997
-15.0	2.5	1.0229544049584003
-15.0	1.25	1.0152683057434226
-15.0	-0.0	1.033329275551082
-15.0	-1.25	1.0252171350411412
-15.0	-2.5	1.0114743173798955
-15.0	-3.75	1.0263148175803751
-15.0	-5.0	1.0252212480064553
-15.0	-6.25	1.019710837085892
-15.0	-7.5	1.0198619925054935
-15.0	-8.75	1.0108912052486858
-15.0	-10.0	1.01257657886354
-15.0	-11.25	1.0071442847288428
-15.0	-12.5	1.007938525276261
-15.0	-13.75	1.0028295066856316
-15.0	-15.0	1.008091995186172
-15.0	-16.25	0.9959777210044385
-15.0	-17.5	0.9837188672969344
-15.0	-18.75	1.0227310759856616
-15.0	-20.0	1.0115372796723998
-15.0	-21.25	1.0092376297595893
-15.0	-22.5	1.0247813163976334
-15.0	-23.75	1.040801373284655
-15.0	-25.0	1.0568573440480034
-15.0	-26.25	1.0648650580863102
-15.0	-27.5	1.0597014859460343
-15.0	-28.75	1.0256755607448829
-15.0	-30.0	0.9694215714940504
-15.0	-31.25	0.8796333190777045
-15.0	-32.5	0.8014074896483258
-15.0	-33.75	0.7897568828605621
-15.0	-35.0	0.8232997206727865
-15.0	-36.25	0.9379916210187856
-15.0	-37.5	0.8464045586239514
-13.75	-37.5	0.7182949780634582
-13.75	-36.25	0.8173978392366853
-13.75	-35.0	0.8392123883111419
-13.75	-33.75	0.7707699607240563
-13.75	-32.5	0.8325302543030861
-13.75	-31.25	0.9323725292033248
-13.75	-30.0	1.0093138795603622
-13.75	-28.75	1.0572405596915255
-13.75	-27.5	1.0682793923448564
-13.75	-26.25	1.060155202337296
-13.75	-25.0	1.0527453044404065
-13.75	-23.75	1.0295383631748338
-13.75	-22.5	1.0187662176774348
-13.75	-21.25	1.014496721411327
-13.75	-20.0	0.9948279501646761
-13.75	-18.75	0.9946493482693197
-13.75	-17.5	0.9948536324108866
-13.75	-16.25	0.9943270217495674
-13.75	-15.0	1.0007391409232678
-13.75	-13.75	0.9954206400253923
-13.75	-12.5	1.0074222206983194
-13.75	-11.25	1.0070969934851255
-13.75	-10.0	1.0149733506425587
-13.75	-8.75	1.0071899336371823
-13.75	-7.5	1.019416683794736
-13.75	-6.25	1.0184680322378483
-13.75	-5.0	1.0155784981766343
-13.75	-3.75	1.0332058478439325
-13.75	-2.5	1.0164123669941632
-13.75	-1.25	1.0184596784804034
-13.75	0.0	1.012603938734116
-13.75	1.25	1.0192468470332698
-13.75	2.5	1.0123955858294178
-13.75	3.75	1.0159162398192187
-13.75	5.0	1.0274979152403438
-13.75	6.25	1.030319930991021
-13.75	7.5	1.0272932995489346
-13.75	8.75	1.0229407906651102
-13.75	10.0	1.0213701982613155
-13.75	11.25	1.0282187761939925
-13.75	12.5	1.0356638644441996
-13.75	13.75	1.0311751509937583
-13.75	15.0	1.03506155290803
-13.75	16.25	1.0326642327990558
-13.75	17.5	1.040755310721437
-13.75	18.75	1.0451875324973103
-13.75	20.0	1.044195945169453
-13.75	21.25	1.0467508781217099
-13.75	22.5	1.04267123991454
-13.75	23.75	1.043455738450372
-13.75	25.0	1.0541904825998818
-13.75	26.25	1.0218536581867623
-13.75	27.5	1.0001921869827382
-13.75	28.75	0.9616367678387021
-13.75	30.0	0.8820775229724004
-13.75	31.25	0.7972981659290106
-13.75	32.5	0.7338501589263011
-13.75	33.75	0.7223179010316303
-13.75	35.0	0.6634464600768629
-13.75	36.25	0.283638691588338
-13.75	37.5	0.9205332232453021
-12.5	37.5	0.9165905280247961
-12.5	36.25	0.47105993485091807
-12.5	35.0	0.7100921259121201
-12.5	33.75	0.7173361476676184
-12.5	32.5	0.7561719290963189
-12.5	31.25	0.8412595165744455
-12.5	30.0	0.9223788783582285
-12.5	28.75	0.988710584706262
-12.5	27.5	1.0156236396264575
-12.5	26.25	1.0340738546401713
-12.5	25.0	1.046066963447056
-12.5	23.75	1.047110911900955
-12.5	22.5	1.0521360026360378
-12.5	21.25	1.0548223201253608
-12.5	20.0	1.0508661035512459
-12.5	18.75	1.042666344254326
-12.5	17.5	1.0508113990019257
-12.5	16.25	1.0350946124301312
-12.5	15.0	1.0396757093157056
-12.5	13.75	1.0367670788705008
-12.5	12.5	1.0432176902558086
-12.5	11.25	1.0216170552426875
-12.5	10.0	1.0267496393274893
-12.5	8.75	1.0215660320807651
-12.5	7.5	1.0201460276117145
-12.5	6.25	1.0105101282467264
-12.5	5.0	1.0138327026740777
-12.5	3.75	1.0125515423921316
-12.5	2.5	1.02619376169341
-12.5	1.25	1.0277445767788405
-12.5	-0.0	1.0248119741833979
-12.5	-1.25	1.0290920331022015
-12.5	-2.5	1.0257069868916915
-12.5	-3.75	1.0246166962489112
-12.5	-5.0	1.0207380185205472
-12.5	-6.25	1.0108195102049369
-12.5	-7.5	1.0133827555871928
-12.5	-8.75	1.0139623910133801
-12.5	-10.0	1.0065727770060406
-12.5	-11.25	1.0100669042369135
-12.5	-12.5	1.0070459844918234
-12.5	-13.75	0.9981763908755169
-12.5	-15.0	1.0023481264960172
-12.5	-16.25	0.9977853386551052
-12.5	-17.5	0.9993106468498553
-12.5	-18.75	0.9983626418079048
-12.5	-20.0	0.9978675585807267
-12.5	21.25	1.0264556479058364
-12.5	22.5	1.041898682621762
-12.5	23.75	1.0389861747862756
-12.5	25.0	1.0391844469091083
-12.5	26.25	1.021529411180828
-12.5	27.5	1.01203012398478
-12.5	28.75	0.974627553198282
-12.5	30.0	0.91924977830737
-12.5	31.25	0.8389075570289956
-12.5	32.5	0.7460206526402406
-12.5	33.75	0.7226900261107497
-12.5	35.0	0.6941410880726882
-12.5	36.25	0.4687371377774896
-12.5	37.5	0.7933565961877314
-11.25	38.75	0.8399202845119482
-11.25	37.5	1.1422930434106024
-11.25	36.25	0.5900330084190162
-11.25	35.0	0.7208023297705138
-11.25	33.75	0.7064847247977473
-11.25	32.5	0.7608082657841119
-11.25	31.25	0.8711755331953581
-11.25	30.0	0.949633046873501
-11.25	28.75	0.9901534585961196
-11.25	27.5	1.0073033643602531
-11.25	26.25	1.0441114198339345
-11.25	25.0	1.050259322774023
-11.25	23.75	1.0344384136203395
-11.25	22.5	1.0389794001102104
-11.25	21.25	1.0443783011030399
-11.25	20.0	1.048659097435813
-11.25	18.75	1.033664356715458
-11.25	17.5	1.0327795301547766
-11.25	16.25	1.0291440722453855
-11.25	15.0	1.0261483635733002
-11.25	13.75	1.0194923212720537
-11.25	12.5	1.0108550493432207
-11.25	11.25	1.0164339092916206
-11.25	10.0	1.0122808772654843
-11.25	8.75	1.011962120155213
-11.25	7.5	1.0020064109665379
-11.25	6.25	1.0068605310338117
-11.25	5.0	1.003548085512456
-11.25	3.75	1.0161057920529488
-11.25	2.5	1.0168834458243732
-11.25	1.25	1.0184713993693872
-11.25	-0.0	1.0067357002669919
-11.25	-1.25	1.012037975531458
-11.25	-2.5	1.0122450188480436
-11.25	-3.75	1.0170046105247863
-11.25	-5.0	1.0123263911915121
-11.25	-6.25	1.0129648770311497
-11.25	-7.5	1.0016419920077344
-11.25	-8.75	1.0093198688549858
-11.25	-10.0	1.0140068699513207
-11.25	-11.25	1.0041371262919634
-11.25	-12.5	1.0001808882199101
-11.25	-13.75	1.0071206736041416
-11.25	-15.0	0.9944648686636828
-11.25	-16.25	0.9796275758414102
-11.25	-17.5	0.9911546615654151
-11.25	-18.75	0.9848090337603917
-11.25	-20.0	0.9858933334083028
-11.25	-21.25	0.9884341444491832
-11.25	-22.5	1.0024920982439016
-11.25	-23.75	1.0100208002164581
-11.25	-25.0	1.022932353079168
-11.25	-26.25	1.0387553780291454
-11.25	-27.5	1.0625099496351023
-11.25	-28.75	1.0738613273887427
-11.25	-30.0	1.0417131020124029
-11.25	-31.25	0.9782302103033019
-11.25	-32.5	0.8722355941888147
-11.25	-33.75	0.7672061432419726
-11.25	-35.0	0.7477868151988303
-11.25	-36.25	0.818619565332649
-11.25	-37.5	0.8024677249628078
-11.25	-38.75	0.8149372615162297
-10.0	-38.75	0.7633581378762613
-10.0	-37.5	0.8896695402732576
-10.0	-36.25	0.810982824897648
-10.0	-35.0	0.7297873666219092
-10.0	-33.75	0.7800841566866701
-10.0	-32.5	0.9068765331380015
-10.0	-31.25	1.0078936082327448
-10.0	-30.0	1.0776066621219176
-10.0	-28.75	1.068496862239973
-10.0	-27.5	1.063378052555289
-10.0	-26.25	1.0361967654050717
-10.0	-25.0	1.0116524718728641
-10.0	-23.75	1.0017451113859617
-10.0	-22.5	0.9920565676178945
-10.0	-21.25	0.9806776175852636
-10.0	-20.0	0.977323140610476
-10.0	-18.75	0.9808540980822317
-10.0	-17.5	0.9829366617976123
-10.0	-16.25	0.9862436906119881
-10.0	-15.0	0.981918458935239
-10.0	-13.75	1.009990627712229
-10.0	-12.5	0.9980205873905466
-10.0	-11.25	1.0144215854327143
-10.0	-10.0	1.0042770969214128
-10.0	-8.75	1.0082819069584745
-10.0	-7.5	1.010784317735646
-10.0	-6.25	1.0186409127860574
-10.0	-5.0	1.0215790557848816
-10.0	-3.75	1.019579016209613
-10.0	-2.5	1.0126604910394819
-10.0	-1.25	1.0232311945271764
-10.0	0.0	1.0195165167700653
-10.0	1.25	1.0115441656097794
-10.0	2.5	1.0013281619574885
-10.0	3.75	1.0110116095080468
-10.0	5.0	1.0065332992350016
-10.0	6.25	1.002117611408982
-10.0	7.5	1.0168892609709885
-10.0	8.75	1.0137067333440812
-10.0	10.0	1.0172520741896514
-10.0	11.25	1.0092062188337145
-10.0	12.5	1.0222204747187507
-10.0	13.75	1.013738550880789
-10.0	15.0	1.007407743732998
-10.0	16.25	1.031748336843792
-10.0	17.5	1.0325675691386376
-10.0	18.75	1.0396534934928867
-10.0	20.0	1.0355374671231452
-10.0	21.25	1.0462107977390445
-10.0	22.5	1.037122656661148
-10.0	23.75	1.033695135630811
-10.0	25.0	1.0388756231597307
-10.0	26.25	1.0438267739771703
-10.0	27.5	1.0191625452423638
-10.0	28.75	0.994631838147909
-10.0	30.0	0.9682619935015971
-10.0	31.25	0.882208968546073
-10.0	32.5	0.7943819533732901
-10.0	33.75	0.7175334746594308
-10.0	35.0	0.7079042951618246
-10.0	36.25	0.6561745711767236
-10.0	37.5	0.23919353934517473
-10.0	38.75	0.8725098079583391
-8.75	38.75	0.8698946774591447
-8.75	37.5	0.305418164197167
-8.75	36.25	0.6884680820979164
-8.75	35.0	0.7118467586905912
-8.75	33.75	0.728367706404235
-8.75	32.5	0.8143498257910755
-8.75	31.25	0.9087673437228444
-8.75	30.0	0.9707474036836928
-8.75	28.75	1.001957479660996
-8.75	27.5	1.0281749995406
-8.75	26.25	1.0395160851432812
-8.75	25.0	1.033520227905908
-8.75	23.75	1.046044934121157
-8.75	22.5	1.0444161458088055
-8.75	21.25	1.0543332361269238
-8.75	20.0	1.0433236204355343
-8.75	18.75	1.0481769863562107
-8.75	17.5	1.0264845026815945
-8.75	16.25	1.0423227967363768
-8.75	15.0	1.0286389439238461
-8.75	13.75	1.0221845962343703
-8.75	12.5	1.0252902852081818
-8.75	11.25	1.0169123658649992
-8.75	10.0	1.0141179180128286
-8.75	8.75	1.0194198421868248
-8.75	7.5	1.0244087254446106
-8.75	6.25	1.0120377950003443
-8.75	5.0	1.014155814198262
-8.75	3.75	1.0243550544105646
-8.75	2.5	1.0162352866757727
-8.75	1.25	1.0133047787862235
-8.75	-0.0	1.022194652298234
-8.75	-1.25	1.0177141582322178
-8.75	-2.5	1.0236788933407868
-8.75	-3.75	1.024101371829059
-8.75	-5.0	1.015736245191275
-8.75	-6.25	1.0163687836575492
-8.75	-7.5	1.0135386991184636
-8.75	-8.75	1.0122549190232162
-8.75	-10.0	1.0152151197409223
-8.75	-11.25	1.0224160831799793
-8.75	-12.5	1.0147396268186757
-8.75	-13.75	0.9983801057776377
-8.75	-15.0	1.0027081160180091
-8.75	-16.25	0.9837279537249415
-8.75	-17.5	0.9826179153137174
-8.75	-18.75	0.9887656232176837
-8.75	-20.0	0.9879902861750217
-8.75	-21.25	0.9875116256944152
-8.75	-22.5	0.9812202092959039
-8.75	-23.75	0.9921992573956226
-8.75	-25.0	1.0012827321448339
-8.75	-26.25	1.0388691028985155
-8.75	-27.5	1.039681923947078
-8.75	-28.75	1.066568122287526
-8.75	-30.0	1.0699323536271543
-8.75	-31.25	1.0380995865683993
-8.75	-32.5	0.928123395567602
-8.75	-33.75	0.8217546917284491
-8.75	-35.0	0.7179076674090658
-8.75	-36.25	0.798948914962458
-8.75	-37.5	0.7542422756994189
-8.75	-38.75	0.719675900370073
-7.5	-38.75	0.6955839832203052
-7.5	-37.5	0.7366627615365621
-7.5	-36.25	0.7714677429336672
-7.5	-35.0	0.7264343427090881
-7.5	-33.75	0.8403944964290209
-7.5	-32.5	0.9743896801564053
-7.5	-31.25	1.0521278826635914
-7.5	-30.0	1.075287798209749
-7.5	-28.75	1.0739868532827495
-7.5	-27.5	1.0460989380524859
-7.5	-26.25	1.0124956374755973
-7.5	-25.0	1.0079098782934108
-7.5	-23.75	0.9880095409655238
-7.5	-22.5	0.9745618800594711
-7.5	-21.25	0.9669486523297638
-7.5	-20.0	0.9766633711393201
-7.5	-18.75	0.9811139515861684
-7.5	-17.5	0.9868650614856561
-7.5	-16.25	0.9892924273633122
-7.5	-15.0	0.9945334773498264
-7.5	-13.75	0.9975349855492577
-7.5	-12.5	1.0209768825796548
-7.5	-11.25	1.0164500923786994
-7.5	-10.0	1.0325288817105343
-7.5	-8.75	1.0122467706833307
-7.5	-7.5	1.0079556861933594
-7.5	-6.25	1.0289903548822341
-7.5	-5.0	1.015356383532947
-7.5	-3.75	1.0213476055132304
-7.5	-2.5	1.0219975981850158
-7.5	-1.25	1.0225175372872197
-7.5	0.0	1.0074483273453851
-7.5	1.25	1.0091636634206131
-7.5	2.5	1.0166478634525298
-7.5	3.75	1.0022880041942985
-7.5	5.0	1.0018914116758473
-7.5	6.25	1.013721782409858
-7.5	7.5	1.0064295043438356
-7.5	8.75	1.01058755914983
-7.5	10.0	1.0160492271814883
-7.5	11.25	1.0110618946419618
-7.5	12.5	1.0192070502630943
-7.5	13.75	1.0246331734231953
-7.5	15.0	1.0300268160691404
-7.5	16.25	1.0302395455280784
-7.5	17.5	1.0375018662926576
-7.5	18.75	1.037656937115544
-7.5	20.0	1.0527148928631689
-7.5	21.25	1.0460447019625831
-7.5	22.5	1.0469121928125928
-7.5	23.75	1.051845798331995
-7.5	25.0	1.04800576935492
-7.5	26.25	1.0476052776921208
-7.5	27.5	1.042884699803192
-7.5	28.75	1.0011584273974665
-7.5	30.0	0.9760952337191933
-7.5	31.25	0.9274920038180959
-7.5	32.5	0.8303153398375448
-7.5	33.75	0.7396792435138152
-7.5	35.0	0.7115512243758798
-7.5	36.25	0.7097246746024763
-7.5	37.5	0.45327590093420633
-7.5	38.75	0.8787648644491456
-6.25	40.0	0.8837220447045088
-6.25	38.75	0.7710012912415275
-6.25	37.5	0.5584530540763734
-6.25	36.25	0.728901551054531
-6.25	35.0	0.7110183731232982
-6.25	33.75	0.7576354899521833
-6.25	32.5	0.8596736551928972
-6.25	31.25	0.9499385178328105
-6.25	30.0	0.9879879426754649
-6.25	28.75	1.0138852435449888
-6.25	27.5	1.0549771477088432
-6.25	26.25	1.0564598457157162
-6.25	25.0	1.0606525165580978
-6.25	23.75	1.055034964203543
-6.25	22.5	1.0598925486469015
-6.25	21.25	1.0547989272754872
-6.25	20.0	1.0507869846224567
-6.25	18.75	1.0399221478886627
-6.25	17.5	1.046324379346122
-6.25	16.25	1.0299644528479353
-6.25	15.0	1.0175165371221508
-6.25	13.75	1.0257013135230542
-6.25	12.5	1.0207748311691984
-6.25	11.25	1.0214437232711269
-6.25	10.0	1.0172116723633438
-6.25	8.75	1.0105604267358503
-6.25	7.5	1.0161106230456067
-6.25	6.25	1.0014355360233518
-6.25	5.0	1.0048732129063687
-6.25	3.75	1.0140966412944679
-6.25	2.5	1.0338340888870141
-6.25	1.25	1.0070786580672306
-6.25	-0.0	1.0228738045551005
-6.25	-1.25	1.0272274353387918
-6.25	-2.5	1.0194166049175188
-6.25	-3.75	1.03137359523978
-6.25	-5.0	1.0237899154303824
-6.25	-6.25	1.0263842114070092
-6.25	-7.5	1.0108878933878522
-6.25	-8.75	1.0184124481183803
-6.25	-10.0	1.0146175485689668
-6.25	-11.25	1.0113762514536777
-6.25	-12.5	1.0082253845388396
-6.25	-13.75	1.0035028809752393
-6.25	-15.0	0.9974529584315094
-6.25	-16.25	0.993302961579671
-6.25	-17.5	0.9937955170407949
-6.25	-18.75	0.9836015602485428
-6.25	-20.0	0.9839873381565434
-6.25	-21.25	0.9739186016312438
-6.25	-22.5	0.9804955919084213
-6.25	-23.75	0.985587197798866
-6.25	-25.0	1.0009503865178697
-6.25	-26.25	1.0195767104314624
-6.25	-27.5	1.0408084917476548
-6.25	-28.75	1.0580890258371538
-6.25	-30.0	1.0804307152659318
-6.25	-31.25	1.0655288416243933
-6.25	-32.5	0.9942788365460209
-6.25	-33.75	0.859339863391636
-6.25	-35.0	0.7320794363513724
-6.25	-36.25	0.7341888474169717
-6.25	-37.5	0.7686736390864561
-6.25	-38.75	0.6726280575774825
-6.25	-40.0	0.8075592300438095
-5.0	-40.0	0.7287635653829546
-5.0	-38.75	0.7331626330959458
-5.0	-37.5	0.7688528837563281
-5.0	-36.25	0.7245163636084302
-5.0	-35.0	0.7410076970323362
-5.0	-33.75	0.8994185057121187
-5.0	-32.5	1.008681233538043
-5.0	-31.25	1.067460569841479
-5.0	-30.0	1.069891800732543
-5.0	-28.75	1.0586682466218136
-5.0	-27.5	1.0331241713772756
-5.0	-26.25	1.0170692644290413
-5.0	-25.0	1.007906762173416
-5.0	-23.75	0.9820518693168416
-5.0	-22.5	0.9798543157145464
-5.0	-21.25	0.9779150617720587
-5.0	-20.0	0.9743675164284927
-5.0	-18.75	0.9774286942803526
-5.0	-17.5	0.9885383186462128
-5.0	-16.25	0.9973014225820479
-5.0	-15.0	1.0094277254682684
-5.0	-13.75	1.0118208365001045
-5.0	-12.5	1.0021921215935399
-5.0	-11.25	1.0133122969685833
-5.0	-10.0	1.0197958202348745
-5.0	-8.75	1.019956738986584
-5.0	-7.5	1.021624662349771
-5.0	-6.25	1.0247303977981044
-5.0	-5.0	1.033047443592523
-5.0	-3.75	1.0276146499077885
-5.0	-2.5	1.0271900848088484
-5.0	-1.25	1.0292527228114359
-5.0	0.0	1.0209709788336703
-5.0	1.25	0.9970541461636279
-5.0	2.5	0.9972630920977392
-5.0	3.75	1.0040890900116823
-5.0	5.0	1.0004571199398264
-5.0	6.25	1.0044981138019848
-5.0	7.5	1.009520241020891
-5.0	8.75	1.0072760289648746
-5.0	10.0	0.9995124651800475
-5.0	11.25	1.0166959647150848
-5.0	12.5	1.017359194096474
-5.0	13.75	1.0130729476981513
-5.0	15.0	1.0193093405196005
-5.0	16.25	1.0280120055427
-5.0	17.5	1.0293486330750572
-5.0	18.75	1.0428890754439282
-5.0	20.0	1.043278242758405
-5.0	21.25	1.0537375208265567
-5.0	22.5	1.0496206987234369
-5.0	23.75	1.0572254828006193
-5.0	25.0	1.0506704297434413
-5.0	26.25	1.0503582260344255
-5.0	27.5	1.0460502214418625
-5.0	28.75	1.0172220691197937
-5.0	30.0	0.9953942184260784
-5.0	31.25	0.9603140129918926
-5.0	32.5	0.854451410854448
-5.0	33.75	0.7620130939815972
-5.0	35.0	0.7153693236474974
-5.0	36.25	0.7330671926818039
-5.0	37.5	0.6086211732215284
-5.0	38.75	0.4932619844142836
-5.0	40.0	0.9421839963098256
-3.75	40.0	0.8725690394789228
-3.75	38.75	0.18265190228055941
-3.75	37.5	0.643466485606164
-3.75	36.25	0.7306552229490492
-3.75	35.0	0.7268925474939312
-3.75	33.75	0.7700904986732731
-3.75	32.5	0.8757004676027685
-3.75	31.25	0.9653430606156744
-3.75	30.0	1.0053515938972168
-3.75	28.75	1.0055737246981407
-3.75	27.5	1.061038688043164
-3.75	26.25	1.0417602500225
-3.75	25.0	1.0587635323518154
-3.75	23.75	1.0477121048265419
-3.75	22.5	1.0467827677665202
-3.75	21.25	1.0451850648123273
-3.75	20.0	1.0442643412556936
-3.75	18.75	1.0464871883403006
-3.75	17.5	1.0406446737192254
-3.75	16.25	1.0269824998069184
-3.75	15.0	1.02877017399096
-3.75	13.75	1.0309303860427277
-3.75	12.5	1.008829574039219
-3.75	11.25	1.0079845439051967
-3.75	10.0	1.0068745704966395
-3.75	8.75	1.0183814614735727
-3.75	7.5	1.001959643559416
-3.75	6.25	0.9942924215249719
-3.75	5.0	1.0006320139128062
-3.75	3.75	0.9962808521056978
-3.75	2.5	0.9862837647104697
-3.75	1.25	1.0063483137977332
-3.75	-0.0	1.023240298480379
-3.75	-1.25	1.0361533637447666
-3.75	-2.5	1.0307368969212023
-3.75	-3.75	1.0263212217336901
-3.75	-5.0	1.0375665029914
-3.75	-6.25	1.0363269723283177
-3.75	-7.5	1.0227113759795774
-3.75	-8.75	1.01439165802298
-3.75	-10.0	1.0213144263861331
-3.75	-11.25	1.0125000875462056
-3.75	-12.5	1.0230308542336648
-3.75	-13.75	1.0123192415287243
-3.75	-15.0	0.9933620994154508
-3.75	-16.25	1.0062289844847605
-3.75	-17.5	0.9798375619040869
-3.75	-18.75	0.9890329814279447
-3.75	-20.0	0.9743639709930957
-3.75	-21.25	0.9703479810702699
-3.75	-22.5	0.9818207520355693
-3.75	-23.75	0.9862364888684233
-3.75	-25.0	0.9906593289065478
-3.75	-26.25	1.0083385707871275
-3.75	-27.5	1.0337462875949388
-3.75	-28.75	1.0614878157528682
-3.75	-30.0	1.0697445509025894
-3.75	-31.25	1.0673290757779692
-3.75	-32.5	1.0178090217434548
-3.75	-33.75	0.9057410178396851
-3.75	-35.0	0.76973110169336
-3.75	-36.25	0.7023840653402769
-3.75	-37.5	0.8144984010409126
-3.75	-38.75	1.0014752762298735
-3.75	-40.0	0.7541718711654921
-2.5	-40.0	0.6861375502322469
-2.5	-38.75	0.9054003224571674
-2.5	-37.5	0.8171224029606257
-2.5	-36.25	0.7151029188628828
-2.5	-35.0	0.778235421466714
-2.5	-33.75	0.92466044671893
-2.5	-32.5	1.028011635137228
-2.5	-31.25	1.0660432945749898
-2.5	-30.0	1.0675707683087234
-2.5	-28.75	1.0623107635637599
-2.5	-27.5	1.023910786496239
-2.5	-26.25	1.0082457670728948
-2.5	-25.0	0.9913194883659175
-2.5	-23.75	0.9774353264877601
-2.5	-22.5	0.9821698322481661
-2.5	-21.25	0.9703200904671673
-2.5	-20.0	0.9732177461905906
-2.5	-18.75	0.9800918477259801
-2.5	-17.5	0.9945380855674222
-2.5	-16.25	1.0015147479838464
-2.5	-15.0	1.001888775448901
-2.5	-13.75	1.0029016163775932
-2.5	-12.5	1.0114163105969995
-2.5	-11.25	1.0101623879772197
-2.5	-10.0	1.0141686635004095
-2.5	-8.75	1.0156018108000724
-2.5	-7.5	1.0336596611755646
-2.5	-6.25	1.043403350592262
-2.5	-5.0	1.0475906963411394
-2.5	-3.75	1.0246621361596573
-2.5	-2.5	1.0436388264658583
-2.5	-1.25	1.0257497357426233
-2.5	0.0	1.0160410793450825
-2.5	1.25	1.0071374245521052
-2.5	2.5	0.9883193481179248
-2.5	3.75	0.9886923091720059
-2.5	5.0	0.9773806702063553
-2.5	6.25	0.9817065322752142
-2.5	7.5	0.9993527140208162
-2.5	8.75	1.0065360714471756
-2.5	10.0	1.0098127669379262
-2.5	11.25	1.0275922387251437
-2.5	12.5	1.0159657583826465
-2.5	13.75	1.0144144527417491
-2.5	15.0	1.0175750496645242
-2.5	16.25	1.0279922971399664
-2.5	17.5	1.0320523628325573
-2.5	18.75	1.0527153698805145
-2.5	20.0	1.0437731054853705
-2.5	21.25	1.0433751073796067
-2.5	22.5	1.0545561154865883
-2.5	23.75	1.0607347179008404
-2.5	25.0	1.0499571348583847
-2.5	26.25	1.0440133590310463
-2.5	27.5	1.061407957517009
-2.5	28.75	1.0369185645533554
-2.5	30.0	1.0086558561542247
-2.5	31.25	0.9724314475233847
-2.5	32.5	0.8766515022761987
-2.5	33.75	0.7913666840176514
-2.5	35.0	0.7182673941194334
-2.5	36.25	0.7100115543908742
-2.5	37.5	0.6555514098303076
-2.5	38.75	0.178015252401845
-2.5	40.0	0.9001837274367611
-1.25	40.0	0.8837675352148492
-1.25	38.75	0.23147325656522216
-1.25	37.5	0.6666619565335586
-1.25	36.25	0.7161423972352623
-1.25	35.0	0.7196632034647332
-1.25	33.75	0.785423348543165
-1.25	32.5	0.8892383860237042
-1.25	31.25	0.9764797888971878
-1.25	30.0	1.0251153546116896
-1.25	28.75	1.0267074661525382
-1.25	27.5	1.053633973078429
-1.25	26.25	1.0522077612824676
-1.25	25.0	1.0481771465312868
-1.25	23.75	1.0457137546824746
-1.25	22.5	1.04510513283483
-1.25	21.25	1.0377633077283688
-1.25	20.0	1.0411232554956322
-1.25	18.75	1.0356696252955702
-1.25	17.5	1.0262318537416888
-1.25	16.25	1.0255573869128074
-1.25	15.0	1.0312106870679456
-1.25	13.75	1.029020054694175
-1.25	12.5	1.0146872270486902
-1.25	11.25	1.0149597402564203
-1.25	10.0	1.0012404985129342
-1.25	8.75	1.0053984335225477
-1.25	7.5	1.003778453341242
-1.25	6.25	0.9851258180275321
-1.25	5.0	0.9788749881041174
-1.25	3.75	0.9805376084338469
-1.25	2.5	0.9996270001674231
-1.25	1.25	0.9993976931153141
-1.25	-0.0	1.0123339731279346
-1.25	-1.25	1.0362248786752346
-1.25	-2.5	1.0457632703756976
-1.25	-3.75	1.029870656034362
-1.25	-5.0	1.0403941461163435
-1.25	-6.25	1.045245354069825
-1.25	-7.5	1.0321823020874858
-1.25	-8.75	1.0334309099235544
-1.25	-10.0	1.0119305506417369
-1.25	-11.25	1.0083698279161661
-1.25	-12.5	1.011641015387432
-1.25	-13.75	1.0197743834708972
-1.25	-15.0	1.0055436167204173
-1.25	-16.25	1.0004903790179989
-1.25	-17.5	0.994782483081549
-1.25	-18.75	0.9790200695701319
-1.25	-20.0	0.9921079819729446
-1.25	-21.25	0.9641997029479411
-1.25	-22.5	0.9746881459417331
-1.25	-23.75	0.9690627500071441
-1.25	-25.0	0.9854350607496979
-1.25	-26.25	1.0038744649383795
-1.25	-27.5	1.0254043967226125
-1.25	-28.75	1.0618667404868134
-1.25	-30.0	1.0662447233797139
-1.25	-31.25	1.073149297514897
-1.25	-32.5	1.038739618557595
-1.25	-33.75	0.9269605631613458
-1.25	-35.0	0.7827033158404308
-1.25	-36.25	0.6976322295183339
-1.25	-37.5	0.8125079147092106
-1.25	-38.75	0.7566503010717845
-1.25	-40.0	0.7795300341868869
0.0	-40.0	0.7066546775902847
0.0	-38.75	0.9770552531337092
0.0	-37.5	0.8110417512920876
0.0	-36.25	0.7104140037747977
0.0	-35.0	0.7935485461861251
0.0	-33.75	0.9358339097926366
0.0	-32.5	1.0351485400459606
0.0	-31.25	1.0838812696846996
0.0	-30.0	1.071390365388053
0.0	-28.75	1.0472124733155417
0.0	-27.5	1.0325739544189951
0.0	-26.25	1.007733622111983
0.0	-25.0	0.9928065419402593
0.0	-23.75	0.972374644763477
0.0	-22.5	0.9769098434578548
0.0	-21.25	0.9816341041897485
0.0	-20.0	0.9807278561578826
0.0	-18.75	0.9922006334501219
0.0	-17.5	0.9822444423095424
0.0	-16.25	1.003354382155707
0.0	-15.0	1.0139511931061431
0.0	-13.75	1.0121001759312702
0.0	-12.5	1.0146909370196833
0.0	-11.25	1.0156873341791552
0.0	-10.0	1.0122251934704392
0.0	-8.75	1.0304685824913373
0.0	-7.5	1.024994791889633
0.0	-6.25	1.0535577662218474
0.0	-5.0	1.0388478881206502
0.0	-3.75	1.0383257504160186
0.0	-2.5	1.0403235122116008
0.0	-1.25	1.043012331937517
0.0	0.0	1.0167824137680646
0.0	1.25	1.0015222075423222
0.0	2.5	0.9826300883850848
0.0	3.75	0.9768270415703669
0.0	5.0	0.9810981770365851
0.0	6.25	0.9842721347390939
0.0	7.5	1.00246565416748
0.0	8.75	1.007406419260201
0.0	10.0	1.0114908054476703
0.0	11.25	1.015130410945345
0.0	12.5	1.0125843613597478
0.0	13.75	1.02697995983113
0.0	15.0	1.0274706886130542
0.0	16.25	1.039347920170782
0.0	17.5	1.0351260608050918
0.0	18.75	1.041176741960941
0.0	20.0	1.044713531505378
0.0	21.25	1.041506040961874
0.0	22.5	1.0648062275308916
0.0	23.75	1.0449029165836334
0.0	25.0	1.0441977469877195
0.0	26.25	1.0531276725816758
0.0	27.5	1.0495518246190723
0.0	28.75	1.0322063186913126
0.0	30.0	1.0082304138220028
0.0	31.25	0.9662019802603871
0.0	32.5	0.8885729177311652
0.0	33.75	0.7994539981957656
0.0	35.0	0.7174140284284629
0.0	36.25	0.7164494998206524
0.0	37.5	0.6588422618298495
0.0	38.75	0.23529152976296683
0.0	40.0	0.92996941133277
1.25	40.0	0.8672375378442878
1.25	38.75	0.2322921358771289
1.25	37.5	0.6614863756931586
1.25	36.25	0.724327924389121
1.25	35.0	0.7138184126770396
1.25	33.75	0.7888645271175956
1.25	32.5	0.8936997491662106
1.25	31.25	0.9780088198132394
1.25	30.0	0.9986042014604822
1.25	28.75	1.03137624649746
1.25	27.5	1.0523408787900508
1.25	26.25	1.05638187916207
1.25	25.0	1.0582702810654596
1.25	23.75	1.0534472163331126
1.25	22.5	1.056424641751489
1.25	21.25	1.0495793673229148
1.25	20.0	1.0337742726133063
1.25	18.75	1.040979836582591
1.25	17.5	1.0369947426724904
1.25	16.25	1.0222573597050968
1.25	15.0	1.0291039371108763
1.25	13.75	1.0248119724845106
1.25	12.5	1.0117120729402045
1.25	11.25	1.009666086254491
1.25	10.0	1.021503290298642
1.25	8.75	1.0088575983019368
1.25	7.5	0.998786368831246
1.25	6.25	0.9890156871091691
1.25	5.0	0.9818101602805939
1.25	3.75	0.9769144872051105
1.25	2.5	0.9777128912478604
1.25	1.25	0.99788496922155
1.25	-0.0	1.0249173671073237
1.25	-1.25	1.0387836252325076
1.25	-2.5	1.044573234746098
1.25	-3.75	1.0502708733545072
1.25	-5.0	1.0470052544736699
1.25	-6.25	1.0389095321535087
1.25	-7.5	1.0320810126229414
1.25	-8.75	1.0257006824718453
1.25	-10.0	1.0128735181574378
1.25	-11.25	1.018225597938765
1.25	-12.5	1.0149499343579027
1.25	-13.75	1.0159950104563518
1.25	-15.0	1.0046596824120015
1.25	-16.25	0.9994584342489471
1.25	-17.5	0.9919588734815133
1.25	-18.75	0.9778542791529283
1.25	-20.0	0.972386078993923
1.25	-21.25	0.9958317124377625
1.25	-22.5	0.9759533812828931
1.25	-23.75	0.983273460810933
1.25	-25.0	0.9943810161709626
1.25	-26.25	0.9982657187626757
1.25	-27.5	1.0225657447499348
1.25	-28.75	1.0556007676542012
1.25	-30.0	1.0669764448140933
1.25	-31.25	1.0773651091095044
1.25	-32.5	1.0411914431755227
1.25	-33.75	0.9419775676966056
1.25	-35.0	0.7867726827607956
1.25	-36.25	0.718083698320448
1.25	-37.5	0.8156484951082623
1.25	-38.75	0.7942552984027467
1.25	-40.0	0.7459449467921467
2.5	-40.0	0.6728597000726017
2.5	-38.75	0.9005369671268273
2.5	-37.5	0.8257837551410809
2.5	-36.25	0.7125129499260304
2.5	-35.0	0.7907067069752699
2.5	-33.75	0.9188604764684151
2.5	-32.5	1.031372393643855
2.5	-31.25	1.0749056579128025
2.5	-30.0	1.0669800850018936
2.5	-28.75	1.0597938953645762
2.5	-27.5	1.0220067911055866
2.5	-26.25	1.0016570931502795
2.5	-25.0	0.9834022018914478
2.5	-23.75	0.9753745945018398
2.5	-22.5	0.9782335854707275
2.5	-21.25	0.9666262393926599
2.5	-20.0	0.9807957583809829
2.5	-18.75	0.9909279989652926
2.5	-17.5	0.9880571151227849
2.5	-16.25	1.004827230222886
2.5	-15.0	1.0072241011650434
2.5	-13.75	1.011103746828949
2.5	-12.5	1.0241011601317733
2.5	-11.25	1.0203081155023388
2.5	-10.0	1.0193204445938142
2.5	-8.75	1.0207687387360311
2.5	-7.5	1.0294433976250266
2.5	-6.25	1.040117078759258
2.5	-5.0	1.0453373563481108
2.5	-3.75	1.0360329228121101
2.5	-2.5	1.03896529537472
2.5	-1.25	1.047422371014632
2.5	0.0	1.0216874559906173
2.5	1.25	0.9927864215444426
2.5	2.5	0.9919221429713121
2.5	3.75	0.9848803804412709
2.5	5.0	0.9747625588058906
2.5	6.25	0.994217521070246
2.5	7.5	1.0088586710300198
2.5	8.75	1.0048757699431854
2.5	10.0	1.0096130943780874
2.5	11.25	1.0107575366068269
2.5	12.5	1.0122153305999368
2.5	13.75	1.026245393496723
2.5	15.0	1.02691163565554
2.5	16.25	1.029907038740822
2.5	17.5	1.0419749214975675
2.5	18.75	1.05503640262933
2.5	20.0	1.0425298510013097
2.5	21.25	1.0431999580996125
2.5	22.5	1.0497742577785352
2.5	23.75	1.0519859121763901
2.5	25.0	1.0544359401446686
2.5	26.25	1.0545156344073858
2.5	27.5	1.0572015134245263
2.5	28.75	1.0374628086004136
2.5	30.0	0.9962709390148451
2.5	31.25	0.9791787886918933
2.5	32.5	0.8806513725214341
2.5	33.75	0.7919007600299103
2.5	35.0	0.7201511372141819
2.5	36.25	0.7365155860607522
2.5	37.5	0.6512224303821817
2.5	38.75	0.17809993387861134
2.5	40.0	0.959918113895122
3.75	40.0	0.9191402626817143
3.75	38.75	0.3504085168731544
3.75	37.5	0.637609680351285
3.75	36.25	0.7342944344115455
3.75	35.0	0.7254366818542712
3.75	33.75	0.776014585333104
3.75	32.5	0.8802238341590272
3.75	31.25	0.9766323614619945
3.75	30.0	0.9984699771283442
3.75	28.75	1.0288508828335428
3.75	27.5	1.0543928435131702
3.75	26.25	1.0576171015460947
3.75	25.0	1.054129074633602
3.75	23.75	1.0537771486997713
3.75	22.5	1.057412520146473
3.75	21.25	1.0421253573582512
3.75	20.0	1.0533917627452847
3.75	18.75	1.038857588589404
3.75	17.5	1.0362426975245058
3.75	16.25	1.0249530804478146
3.75	15.0	1.034759423828923
3.75	13.75	1.021344003812495
3.75	12.5	1.0300906902789926
3.75	11.25	1.0197091558134126
3.75	10.0	1.0081276587204737
3.75	8.75	0.9967617660049611
3.75	7.5	1.0113900284324981
3.75	6.25	0.995077954054451
3.75	5.0	0.9864998598138419
3.75	3.75	0.9902708454737095
3.75	2.5	0.9962935122552002
3.75	1.25	1.0005816989619714
3.75	-0.0	1.029747210548319
3.75	-1.25	1.025217143455749
3.75	-2.5	1.0336940369166097
3.75	-3.75	1.0290431796214377
3.75	-5.0	1.0434449121473275
3.75	-6.25	1.0340228788724115
3.75	-7.5	1.0365880861168986
3.75	-8.75	1.0186689329117904
3.75	-10.0	1.0179095851857143
3.75	-11.25	1.0237266902335183
3.75	-12.5	1.0089787260789769
3.75	-13.75	1.0066889161446153
3.75	-15.0	0.9987667228155769
3.75	-16.25	0.9972738455153787
3.75	-17.5	0.9983910153920724
3.75	-18.75	0.9803088468627116
3.75	-20.0	0.9862454938957098
3.75	-21.25	0.9658888638738398
3.75	-22.5	0.9758279624224099
3.75	-23.75	0.9874468057857734
3.75	-25.0	1.0053887229664658
3.75	-26.25	1.0024699810406394
3.75	-27.5	1.028546530348069
3.75	-28.75	1.0560693719035594
3.75	-30.0	1.0760740518273746
3.75	-31.25	1.0747178003351254
3.75	-32.5	1.0374959247814834
3.75	-33.75	0.9218460652076275
3.75	-35.0	0.7800078513310731
3.75	-36.25	0.7151176612374283
3.75	-37.5	0.8080932884138033
3.75	-38.75	0.9782789661651834
3.75	-40.0	0.7913276540011228
5.0	-40.0	0.9384276868316415
5.0	-38.75	0.7446681870414469
5.0	-37.5	0.8014166794133052
5.0	-36.25	0.7191341491137571
5.0	-35.0	0.7701815209508377
5.0	-33.75	0.9127692844194434
5.0	-32.5	1.0261672727219424
5.0	-31.25	1.0754540992399995
5.0	-30.0	1.0696404307167815
5.0	-28.75	1.061492556915253
5.0	-27.5	1.0417259114179132
5.0	-26.25	1.007716565219985
5.0	-25.0	1.0114738387605258
5.0	-23.75	1.001615969005101
5.0	-22.5	0.9786614922126401
5.0	-21.25	0.9841176848651748
5.0	-20.0	0.9779483654617395
5.0	-18.75	0.9837565545246136
5.0	-17.5	0.9931276922213147
5.0	-16.25	0.9991807378601918
5.0	-15.0	1.0119750504871832
5.0	-13.75	1.015911980646949
5.0	-12.5	1.012943491775307
5.0	-11.25	1.0222326996623774
5.0	-10.0	1.0227009663334259
5.0	-8.75	1.0242841464960528
5.0	-7.5	1.0274488061334328
5.0	-6.25	1.0333623962235
5.0	-5.0	1.0334714954660236
5.0	-3.75	1.032277546156205
5.0	-2.5	1.0331359075999156
5.0	-1.25	1.0273635395536376
5.0	0.0	1.0272735848083614
5.0	1.25	1.0167119717648223
5.0	2.5	1.0082060343948331
5.0	3.75	0.9912974234241133
5.0	5.0	0.9948655807601494
5.0	6.25	1.0006937802686633
5.0	7.5	1.0137762642885237
5.0	8.75	1.0137779844691668
5.0	10.0	1.0162857881159586
5.0	11.25	1.0102303094706284
5.0	12.5	1.0283252500873223
5.0	13.75	1.014578952046826
5.0	15.0	1.0256997158805308
5.0	16.25	1.044682836339012
5.0	17.5	1.03277445876747
5.0	18.75	1.0474875422580836
5.0	20.0	1.053948427901389
5.0	21.25	1.05262810355581
5.0	22.5	1.0615890979007012
5.0	23.75	1.065187491954874
5.0	25.0	1.0475793401916438
5.0	26.25	1.0547173916543053
5.0	27.5	1.049373487289487
5.0	28.75	1.0178454392593252
5.0	30.0	1.0013505080173695
5.0	31.25	0.965345709355863
5.0	32.5	0.8689524037312097
5.0	33.75	0.7682645723753075
5.0	35.0	0.7220101408732152
5.0	36.25	0.7380055149280785
5.0	37.5	0.6015483529091896
5.0	38.75	0.18960910051035781
5.0	40.0	0.9841265782488418
6.25	40.0	0.9527725112781149
6.25	38.75	0.7421780594201034
6.25	37.5	0.5559552694908613
6.25	36.25	0.7248468472262988
6.25	35.0	0.711891973817273
6.25	33.75	0.7557714942142373
6.25	32.5	0.8616003258619118
6.25	31.25	0.9592135265474351
6.25	30.0	0.9989347134378022
6.25	28.75	1.0090017387670518
6.25	27.5	1.0544476685692714
6.25	26.25	1.0516422817779032
6.25	25.0	1.0413446487775029
6.25	23.75	1.0526266300150873
6.25	22.5	1.0594694066825727
6.25	21.25	1.0536062476288954
6.25	20.0	1.0444133574356234
6.25	18.75	1.0326175504590958
6.25	17.5	1.0472589598305477
6.25	16.25	1.045129551200464
6.25	15.0	1.031906751158864
6.25	13.75	1.039192888800432
6.25	12.5	1.0239808690787793
6.25	11.25	1.0217818788266764
6.25	10.0	1.0145081434749839
6.25	8.75	1.0225047568382393
6.25	7.5	1.010295129625501
6.25	6.25	1.0236410744359372
6.25	5.0	1.0180033157368633
6.25	3.75	1.0031801364221589
6.25	2.5	1.0197809239046849
6.25	1.25	1.0161447468347204
6.25	-0.0	1.023430249526965
6.25	-1.25	1.0321786654083076
6.25	-2.5	1.0376505746912186
6.25	-3.75	1.0260949372028447
6.25	-5.0	1.0237130265306766
6.25	-6.25	1.0208441802089618
6.25	-7.5	1.0201141847785018
6.25	-8.75	1.0293173072309425
6.25	-10.0	1.0078118616613798
6.25	-11.25	1.0253480118883673
6.25	-12.5	1.0115935608755355
6.25	-13.75	1.0137069753140926
6.25	-15.0	0.9963008802088118
6.25	-16.25	1.0000630881984123
6.25	-17.5	0.97824744150701
6.25	-18.75	0.9803474720352848
6.25	-20.0	0.9914077797299967
6.25	-21.25	0.9863956079949081
6.25	-22.5	0.9836151408362583
6.25	-23.75	0.9803849486779157
6.25	-25.0	0.9883456134063677
6.25	-26.25	1.0223526981167659
6.25	-27.5	1.0474579896918887
6.25	-28.75	1.0660100918203543
6.25	-30.0	1.0806069191632999
6.25	-31.25	1.0766401582984222
6.25	-32.5	1.0042155405477304
6.25	-33.75	0.888328640431946
6.25	-35.0	0.776752792455442
6.25	-36.25	0.749409562210729
6.25	-37.5	0.7892425396294563
6.25	-38.75	0.8088689215673868
6.25	-40.0	0.8621918374661539
7.5	-38.75	0.6999423883211464
7.5	-37.5	0.7710686265556682
7.5	-36.25	0.7766656882347955
7.5	-35.0	0.7650591076082391
7.5	-33.75	0.8729807715713718
7.5	-32.5	0.9807889519448353
7.5	-31.25	1.071587860389014
7.5	-30.0	1.0745560788766295
7.5	-28.75	1.0664909160801583
7.5	-27.5	1.0500345356750347
7.5	-26.25	1.0168778047499687
7.5	-25.0	1.0147886012059135
7.5	-23.75	0.9984119313646932
7.5	-22.5	0.9964001892886313
7.5	-21.25	0.9915534760122856
7.5	-20.0	0.9772044672390726
7.5	-18.75	0.9722540773074607
7.5	-17.5	0.9959074409693078
7.5	-16.25	1.214672791662494
7.5	-15.0	0.9993891940025177
7.5	-13.75	1.0100437883356328
7.5	-12.5	1.0106939531543797
7.5	-11.25	1.0056834447517076
7.5	-10.0	1.017155268651292
7.5	-8.75	1.0225507814959236
7.5	-7.5	1.014079727683281
7.5	-6.25	1.0192484454077684
7.5	-5.0	1.0383135536468313
7.5	-3.75	1.0367704991673414
7.5	-2.5	1.0284057278423233
7.5	-1.25	1.0155565152313148
7.5	0.0	1.021094011244641
7.5	1.25	1.0235639485993564
7.5	2.5	1.0165379798106897
7.5	3.75	1.0111467115223476
7.5	5.0	1.009844841185256
7.5	6.25	1.0158308488217689
7.5	7.5	1.0109226889118432
7.5	8.75	1.0071300476820342
7.5	10.0	1.0135239751707577
7.5	11.25	1.0315761322088641
7.5	12.5	1.020819381803793
7.5	13.75	1.025730598801701
7.5	15.0	1.0405492043982443
7.5	16.25	1.0402557708899784
7.5	17.5	1.0414890360882463
7.5	18.75	1.0441895114257476
7.5	20.0	1.0504190556481763
7.5	21.25	1.05143829954571
7.5	22.5	1.054419259021361
7.5	23.75	1.0638004933208227
7.5	25.0	1.0600022075550528
7.5	26.25	1.0580851242950353
7.5	27.5	1.032955674249239
7.5	28.75	1.0304561311727336
7.5	30.0	0.9984464607537864
7.5	31.25	0.9427096055089205
7.5	32.5	0.8375149178169434
7.5	33.75	0.7522876700683093
7.5	35.0	0.7192453311154288
7.5	36.25	0.7366196232844846
7.5	37.5	0.4999287428688861
7.5	38.75	0.9126782528071
8.75	38.75	0.8851572531951303
8.75	37.5	0.3643110715286716
8.75	36.25	0.696578274557819
8.75	35.0	0.7297285290879714
8.75	33.75	0.7289011433078663
8.75	32.5	0.8127431976756155
8.75	31.25	0.9112534644629463
8.75	30.0	0.9952793486773737
8.75	28.75	1.0045504354064225
8.75	27.5	1.0315194571368262
8.75	26.25	1.0566884876692235
8.75	25.0	1.0485253808112045
8.75	23.75	1.059275646448351
8.75	22.5	1.0567778986738177
8.75	21.25	1.0620335498476212
8.75	20.0	1.0520379271637188
8.75	18.75	1.0482046866206625
8.75	17.5	1.0438434383180442
8.75	16.25	1.0379978562959626
8.75	15.0	1.043495060717451
8.75	13.75	1.0314090066572328
8.75	12.5	1.0259985484089262
8.75	11.25	1.0233957923531587
8.75	10.0	1.0227021586689824
8.75	8.75	1.0155029401982913
8.75	7.5	1.0192833468835196
8.75	6.25	1.0144915448886809
8.75	5.0	1.0125432719440401
8.75	3.75	1.0138725764898455
8.75	2.5	1.0185817150169252
8.75	1.25	1.0179398245898452
8.75	-0.0	1.017808381050804
8.75	-1.25	1.030160790448195
8.75	-2.5	1.0264693383820203
8.75	-3.75	1.0311380091082658
8.75	-5.0	1.0267225790981118
8.75	-6.25	1.0271688830505243
8.75	-7.5	1.0143804920248656
8.75	-8.75	1.0250781162250735
8.75	-10.0	1.0257100231267307
8.75	-11.25	1.0199053282584951
8.75	-12.5	1.0111600509113146
8.75	-13.75	1.0288201093413092
8.75	-15.0	1.0120533903693045
8.75	-16.25	0.9910421984709945
8.75	-17.5	0.9894886934091497
8.75	-18.75	0.9733876529349504
8.75	-20.0	0.9822281741624662
8.75	-21.25	0.9855603097792807
8.75	-22.5	0.9931715923585797
8.75	-23.75	1.0028576966145952
8.75	-25.0	1.0143218890395855
8.75	-26.25	1.0398362270513577
8.75	-27.5	1.053800026846406
8.75	-28.75	1.0778291106366549
8.75	-30.0	1.0770116688409364
8.75	-31.25	1.0436921366430254
8.75	-32.5	0.985119192615202
8.75	-33.75	0.8598687801042295
8.75	-35.0	0.7551943462816851
8.75	-36.25	0.8269840408265624
8.75	-37.5	0.7162436081048814
8.75	-38.75	0.7641590202775191
10.0	-38.75	0.7784740956330137
10.0	-37.5	0.8730940044693394
10.0	-36.25	0.8592877336547333
10.0	-35.0	0.753206727198149
10.0	-33.75	0.8380436084149797
10.0	-32.5	0.9366892185147343
10.0	-31.25	1.0440945291485324
10.0	-30.0	1.0761465092251736
10.0	-28.75	1.065726299590078
10.0	-27.5	1.050165979264956
10.0	-26.25	1.0336003099383821
10.0	-25.0	1.019727260367676
10.0	-23.75	1.0047839177331417
10.0	-22.5	0.9949298194987217
10.0	-21.25	0.9929732672124905
10.0	-20.0	0.9812495312704143
10.0	-18.75	0.9838239177082585
10.0	-17.5	0.9877894883751923
10.0	-16.25	1.004118967416081
10.0	-15.0	1.0035581008557328
10.0	-13.75	1.0074348145298595
10.0	-12.5	1.0185232812396672
10.0	-11.25	1.0181468690609834
10.0	-10.0	1.0197046837550767
10.0	-8.75	1.0243811600830148
10.0	-7.5	1.014894846926444
10.0	-6.25	1.0291026923621296
10.0	-5.0	1.0194034556404064
10.0	-3.75	1.0211314846325978
10.0	-2.5	1.0286735009453074
10.0	-1.25	1.0240676254878163
10.0	0.0	1.0167715291009312
10.0	1.25	1.0059923420103578
10.0	2.5	1.0138216728472786
10.0	3.75	1.0237291878503958
10.0	5.0	1.0191581622023156
10.0	6.25	1.0250519714774604
10.0	7.5	1.0176432106904993
10.0	8.75	1.02878101029928
10.0	10.0	1.030808541847069
10.0	11.25	1.0288308836840658
10.0	12.5	1.0277221501868214
10.0	13.75	1.039786139748132
10.0	15.0	1.0423380251705971
10.0	16.25	1.0321747868168418
10.0	17.5	1.0429567460106284
10.0	18.75	1.051532651266802
10.0	20.0	1.051344059604419
10.0	21.25	1.0514861356511975
10.0	22.5	1.0597318751312548
10.0	23.75	1.056116648321854
10.0	25.0	1.0592214466374954
10.0	26.25	1.060351333229421
10.0	27.5	1.0225997299381686
10.0	28.75	1.0053315177002438
10.0	30.0	0.9888822417887124
10.0	31.25	0.8852383720181992
10.0	32.5	0.7948928802734737
10.0	33.75	0.7221827954356814
10.0	35.0	0.7194888484883318
10.0	36.25	0.6685061987254999
10.0	37.5	0.203590703584321
10.0	38.75	0.8672832921954297
11.25	38.75	0.8919039103144478
11.25	37.5	11.94550819542757
11.25	36.25	0.595898064709933
11.25	35.0	0.7191335953031677
11.25	33.75	0.7308682025837951
11.25	32.5	0.7598213947459312
11.25	31.25	0.8605799735714207
11.25	30.0	0.9520791678036616
11.25	28.75	1.0187292529937362
11.25	27.5	1.013516339110107
11.25	26.25	1.0425182255924332
11.25	25.0	1.051684830497001
11.25	23.75	1.0481115110600885
11.25	22.5	1.0513798945063457
11.25	21.25	1.0612044316771434
11.25	20.0	1.0585862661001753
11.25	18.75	1.0470357835517232
11.25	17.5	1.0521138513017698
11.25	16.25	1.0492647462945601
11.25	15.0	1.039747820896402
11.25	13.75	1.0300848958659998
11.25	12.5	1.0306973526535677
11.25	11.25	1.0331104399325417
11.25	10.0	1.0291324827935169
11.25	8.75	1.0241444122085945
11.25	7.5	1.0276111021456282
11.25	6.25	1.0264912041947474
11.25	5.0	1.0120432073052459
11.25	3.75	1.026656721397673
11.25	2.5	1.026085798417829
11.25	1.25	1.0125291534646148
11.25	-0.0	1.0128211368112274
11.25	-1.25	1.0161245785208501
11.25	-2.5	1.023966682766824
11.25	-3.75	1.0118462775154404
11.25	-5.0	1.0202765424002378
11.25	-6.25	1.015261484879692
11.25	-7.5	1.0169518209118846
11.25	-8.75	1.0150907708667956
11.25	-10.0	1.0198621399708063
11.25	-11.25	1.0042433025415252
11.25	-12.5	1.0037722389300048
11.25	-13.75	1.008945466979553
11.25	-15.0	1.0073834484007218
11.25	-16.25	0.9987224776610931
11.25	-17.5	0.9925550500829736
11.25	-18.75	0.988190456848603
11.25	-20.0	0.9943756627738083
11.25	-21.25	0.9907220203156327
11.25	-22.5	0.9942330150740036
11.25	-23.75	1.007960010779086
11.25	-25.0	1.0337969758256889
11.25	-26.25	1.0396148123175135
11.25	-27.5	1.0647678901104702
11.25	-28.75	1.0785890514974288
11.25	-30.0	1.0670880239264602
11.25	-31.25	1.00509715181056
11.25	-32.5	0.9251157379715208
11.25	-33.75	0.8101964409584433
11.25	-35.0	0.7839012474442802
11.25	-36.25	0.8277422539056961
11.25	-37.5	0.9491740732219693
11.25	-38.75	0.8483099061381059
12.5	-37.5	0.7766121340153724
12.5	-36.25	0.7826814951215814
12.5	-35.0	0.8078298838345471
12.5	-33.75	0.7963785452118907
12.5	-32.5	0.888171463693936
12.5	-31.25	0.997103698842484
12.5	-30.0	1.0530632090315526
12.5	-28.75	1.0738088401848007
12.5	-27.5	1.082185231661728
12.5	-26.25	1.0522808469171807
12.5	-25.0	1.030583622833826
12.5	-23.75	1.0177485996970632
12.5	-22.5	1.0045304078111406
12.5	-21.25	0.9911829650866942
12.5	-20.0	1.0017321530948957
12.5	-18.75	0.9928967263554155
12.5	-17.5	0.9804209212946918
12.5	-16.25	0.997804515686152
12.5	-15.0	1.0095394070947274
12.5	-13.75	1.0077100439539985
12.5	-12.5	1.0074485579636903
12.5	-11.25	1.0077719056766685
12.5	-10.0	1.0053222635532442
12.5	-8.75	1.0087120176248667
12.5	-7.5	1.0106731947397591
12.5	-6.25	1.0221829303519958
12.5	-5.0	1.0268351260959725
12.5	-3.75	1.013875814319119
12.5	-2.5	1.0227857627599282
12.5	-1.25	1.0175235452610232
12.5	0.0	1.0201424631257165
12.5	1.25	1.0175445308812279
12.5	2.5	1.0139620079500025
12.5	3.75	1.0198083956917297
12.5	5.0	1.0207646992654587
12.5	6.25	1.0098595599832156
12.5	7.5	1.0283153325492727
12.5	8.75	1.0304741671048776
12.5	10.0	1.036552553909635
12.5	11.25	1.0313935057265131
12.5	12.5	1.0276997144808586
12.5	13.75	1.0446895593749443
12.5	15.0	1.0448442072265307
12.5	16.25	1.045449267109024
12.5	17.5	1.049951774337206
12.5	18.75	1.0515231344493912
12.5	20.0	1.0512396053324011
12.5	21.25	1.0474733326322425
12.5	22.5	1.0566017784110209
12.5	23.75	1.041203540001017
12.5	25.0	1.0518575722331687
12.5	26.25	1.0299383777884035
12.5	27.5	1.0144575879602862
12.5	28.75	0.9916067398766205
12.5	30.0	0.9046377280392718
12.5	31.25	0.8402339519472932
12.5	32.5	0.7418760664045357
12.5	33.75	0.7252478584423964
12.5	35.0	0.7225070903656879
12.5	36.25	0.5039490870150569
12.5	37.5	0.877581147738201
13.75	37.5	0.8928426075627774
13.75	36.25	0.29031729595918415
13.75	35.0	0.6654362806298133
13.75	33.75	0.7295210460829231
13.75	32.5	0.7293700008560503
13.75	31.25	0.7915247737396552
13.75	30.0	0.8869799401208389
13.75	28.75	0.9712153739367602
13.75	27.5	0.9990628052955122
13.75	26.25	1.0144014836499036
13.75	25.0	1.0415708407184063
13.75	23.75	1.0395095319910006
13.75	22.5	1.0635484671731066
13.75	21.25	1.0550911613990324
13.75	20.0	1.0557799604850582
13.75	18.75	1.0470980565273587
13.75	17.5	1.0538991508632487
13.75	16.25	1.0439483654677637
13.75	15.0	1.0414048846754413
13.75	13.75	1.0342731363274458
13.75	12.5	1.035016061264401
13.75	11.25	1.0232338976696447
13.75	10.0	1.0352860566792983
13.75	8.75	1.0300913231902593
13.75	7.5	1.0195754103041932
13.75	6.25	1.023506186928763
13.75	5.0	1.0202339409934678
13.75	3.75	1.025689589000727
13.75	2.5	1.0229006997388475
13.75	1.25	1.0252917248343856
13.75	-0.0	1.021365826782859
13.75	-1.25	1.0239276916486333
13.75	-2.5	1.0210637396640074
13.75	-3.75	1.0205718258815486
13.75	-5.0	1.0151685881647539
13.75	-6.25	1.017140126162236
13.75	-7.5	1.014655885707396
13.75	-8.75	1.0094954329495534
13.75	-10.0	1.0195706415576196
13.75	-11.25	1.0151022466079922
13.75	-12.5	0.9960772700918802
13.75	-13.75	0.9968719441850278
13.75	-15.0	0.9951924741719665
13.75	-16.25	0.9912561931648672
13.75	-17.5	0.9998682042003855
13.75	-18.75	0.989345319928201
13.75	-20.0	0.9950048768574881
13.75	-21.25	0.9958119304120159
13.75	-22.5	1.0196870390914232
13.75	-23.75	1.0222838908258391
13.75	-25.0	1.0441450051244041
13.75	-26.25	1.0625034097808945
13.75	-27.5	1.080198994163532
13.75	-28.75	1.0762544835356205
13.75	-30.0	1.0308799489819107
13.75	-31.25	0.9598027732456548
13.75	-32.5	0.8748367290101445
13.75	-33.75	0.8025733969412996
13.75	-35.0	0.8757408758368661
13.75	-36.25	0.7609147439940233
13.75	-37.5	0.7151485813480666
15.0	-37.5	0.8143683299703475
15.0	-36.25	0.7966595081374875
15.0	-35.0	0.8621117502858473
15.0	-33.75	0.8228377170761321
15.0	-32.5	0.8420621149646754
15.0	-31.25	0.9265831626022505
15.0	-30.0	1.0029423608444994
15.0	-28.75	1.0570722961824668
15.0	-27.5	1.077458501104197
15.0	-26.25	1.0635367249189442
15.0	-25.0	1.0425834689493647
15.0	-23.75	1.0412080474571623
15.0	-22.5	1.0198045684390409
15.0	-21.25	1.006382482245454
15.0	-20.0	1.002101354906531
15.0	-18.75	1.0019654118926635
15.0	-17.5	0.9909309390145485
15.0	-16.25	0.9909938376132046
15.0	-15.0	1.0028154791689414
15.0	-13.75	1.005505819484044
15.0	-12.5	1.0015175846301363
15.0	-11.25	1.0088754896371035
15.0	-10.0	1.011777523622164
15.0	-8.75	1.0046315713142986
15.0	-7.5	1.0207554504628797
15.0	-6.25	1.0126602860354421
15.0	-5.0	1.0254076590029386
15.0	-3.75	1.0274587281518242
15.0	-2.5	1.0258821159211402
15.0	-1.25	1.0112585700745103
15.0	0.0	1.014698778958935
15.0	1.25	1.0260244221436934
15.0	2.5	1.0243244956417255
15.0	3.75	1.0145112610492064
15.0	5.0	1.0235574371081801
15.0	6.25	1.0228901155230345
15.0	7.5	1.0254245648622953
15.0	8.75	1.0377870529666557
15.0	10.0	1.0285656645079404
15.0	11.25	1.029644586706078
15.0	12.5	1.0356384817794169
15.0	13.75	1.044731867316626
15.0	15.0	1.0375320543724833
15.0	16.25	1.05356857184819
15.0	17.5	1.0484953446785894
15.0	18.75	1.0541888656538476
15.0	20.0	1.0578550641985498
15.0	21.25	1.038543562389143
15.0	22.5	1.0537955336151574
15.0	23.75	1.0537916927429256
15.0	25.0	1.0216746162175518
15.0	26.25	1.0171200508641582
15.0	27.5	0.9994433849899307
15.0	28.75	0.9317334698034502
15.0	30.0	0.8491540133019451
15.0	31.25	0.7597236382257809
15.0	32.5	0.7277582605915266
15.0	33.75	0.7120463314179658
15.0	35.0	0.5775252972797311
15.0	36.25	1.216307522301467
15.0	37.5	0.910363623598374
16.25	36.25	0.838225211664349
16.25	35.0	0.39105840848199275
16.25	33.75	0.7021627590230057
16.25	32.5	0.7239711904617563
16.25	31.25	0.7305260420032508
16.25	30.0	0.8050511117977468
16.25	28.75	0.8721962664885498
16.25	27.5	0.9660793441198186
16.25	26.25	1.0166280528437088
16.25	25.0	1.020119826725926
16.25	23.75	1.0388448721642363
16.25	22.5	1.0392488470737415
16.25	21.25	1.0588189303682485
16.25	20.0	1.0547071269214185
16.25	18.75	1.0383828259695234
16.25	17.5	1.0376421969373293
16.25	16.25	1.0479360931611381
16.25	15.0	1.0484854475275172
16.25	13.75	1.0327580280317132
16.25	12.5	1.039927505064037
16.25	11.25	1.0337668932496438
16.25	10.0	1.0412721777497043
16.25	8.75	1.0348403972275297
16.25	7.5	1.0278364544199912
16.25	6.25	1.0287014066136042
16.25	5.0	1.028487565010204
16.25	3.75	1.0281310848506025
16.25	2.5	1.0139013869235356
16.25	1.25	1.0193687629225212
16.25	-0.0	1.0206892599366548
16.25	-1.25	1.0145289868138916
16.25	-2.5	1.007580251702648
16.25	-3.75	1.0146491803222915
16.25	-5.0	1.0162589730124993
16.25	-6.25	1.0185492350041603
16.25	-7.5	1.0121573676005404
16.25	-8.75	1.0239503651392692
16.25	-10.0	1.012087797178334
16.25	-11.25	1.0157681132963585
16.25	-12.5	1.0093776974374589
16.25	-13.75	0.9992154738982792
16.25	-15.0	0.9950194363475331
16.25	-16.25	1.0074168475730532
16.25	-17.5	1.0090869155519473
16.25	-18.75	1.0065449557537967
16.25	-20.0	1.0151522452996915
16.25	-21.25	1.0284938340523582
16.25	-22.5	1.0364562981949066
16.25	-23.75	1.0458063189335962
16.25	-25.0	1.0667097726558834
16.25	-26.25	1.0640074666245674
16.25	-27.5	1.0688888402850747
16.25	-28.75	1.0315334207413405
16.25	-30.0	0.9822424990668489
16.25	-31.25	0.894986689425591
16.25	-32.5	0.8356757660694483
16.25	-33.75	0.8754493841194227
16.25	-35.0	0.7742978845740848
16.25	-36.25	0.8184224818856354
17.5	-36.25	0.8326996488853043
17.5	-35.0	0.5900733314983874
17.5	-33.75	0.9028238120417029
17.5	-32.5	0.8668157478991398
17.5	-31.25	0.8794575969252362
17.5	-30.0	0.9526929368162889
17.5	-28.75	1.0108042026784718
17.5	-27.5	1.052128303299135
17.5	-26.25	1.0707751075995848
17.5	-25.0	1.059278319592743
17.5	-23.75	1.036701341887072
17.5	-22.5	1.0437762994831359
17.5	-21.25	1.0273685058076847
17.5	-20.0	1.031377446207359
17.5	-18.75	1.0153193135310428
17.5	-17.5	0.9939354558199041
17.5	-16.25	1.0139639606493587
17.5	-15.0	0.9995354256190396
17.5	-13.75	0.9970290298787137
17.5	-12.5	1.004547752859247
17.5	-11.25	1.0134379569674234
17.5	-10.0	1.0185898258491235
17.5	-8.75	1.0108886395855616
17.5	-7.5	1.0157389918834525
17.5	-6.25	1.0062785067950561
17.5	-5.0	1.0202827470780664
17.5	-3.75	1.0215876542939455
17.5	-2.5	1.0193210168570594
17.5	-1.25	1.0215699559178317
17.5	0.0	1.0201336630573288
17.5	1.25	1.0235998676239693
17.5	2.5	1.0195618325691689
17.5	3.75	1.0205873249881863
17.5	5.0	1.0138656805997242
17.5	6.25	1.0347520435104574
17.5	7.5	1.0315241660889838
17.5	8.75	1.0284296293319968
17.5	10.0	1.039393200794181
17.5	11.25	1.0342879264959253
17.5	12.5	1.0262670319746412
17.5	13.75	1.0511027779094704
17.5	15.0	1.0476650663274787
17.5	16.25	1.0561737946417276
17.5	17.5	1.0411081476722108
17.5	18.75	1.0502534674706736
17.5	20.0	1.0443970294756193
17.5	21.25	1.0436625425573132
17.5	22.5	1.0463152374221623
17.5	23.75	1.0166542020680611
17.5	25.0	1.004627151186234
17.5	26.25	0.9862999184390536
17.5	27.5	0.9131663955430801
17.5	28.75	0.8446446085511623
17.5	30.0	0.7624416064328166
17.5	31.25	0.7145623242559204
17.5	32.5	0.7299318818661831
17.5	33.75	0.5958304739479273
17.5	35.0	0.031968406269788446
17.5	36.25	0.9237658722824811
18.75	35.0	0.9565752958600228
18.75	33.75	0.34118661246320736
18.75	32.5	0.6880208483972191
18.75	31.25	0.7181966539443573
18.75	30.0	0.736730339558667
18.75	28.75	0.7970962901955737
18.75	27.5	0.8557054998165226
18.75	26.25	0.9429953787787088
18.75	25.0	0.9973353756505746
18.75	23.75	1.006748085875672
18.75	22.5	1.022637713718383
18.75	21.25	1.0437175474558622
18.75	20.0	1.0393340249753944
18.75	18.75	1.0326456512073006
18.75	17.5	1.051859565420794
18.75	16.25	1.0412229786817382
18.75	15.0	1.0376115533633836
18.75	13.75	1.0456524382942938
18.75	12.5	1.0403762346593493
18.75	11.25	1.0413152346337762
18.75	10.0	1.0291717624090782
18.75	8.75	1.0318014301450356
18.75	7.5	1.0365834197555974
18.75	6.25	1.010205685730002
18.75	5.0	1.0235036405406446
18.75	3.75	1.0287782176606637
18.75	2.5	1.0259749325107548
18.75	1.25	1.0266295533312724
18.75	-0.0	1.020560342715551
18.75	-1.25	1.0239171965773504
18.75	-2.5	1.0214640204300576
18.75	-3.75	1.0271049043165394
18.75	-5.0	1.021566008927787
18.75	-6.25	1.0181471805390585
18.75	-7.5	1.0085262945277262
18.75	-8.75	1.0147278276320786
18.75	-10.0	1.0164208118201168
18.75	-11.25	1.0093639589971637
18.75	-12.5	1.0013729708901113
18.75	-13.75	1.0114670269951866
18.75	-15.0	1.0121586101368747
18.75	-16.25	1.007003059139055
18.75	-17.5	1.0150534062873746
18.75	-18.75	1.0186245126743263
18.75	-20.0	1.0337443551089114
18.75	-21.25	1.0459794604630075
18.75	-22.5	1.064209474255846
18.75	-23.75	1.06055928383952
18.75	-25.0	1.0875036848146193
18.75	-26.25	1.0568916308289673
18.75	-27.5	1.0252076177720557
18.75	-28.75	0.9728607234330924
18.75	-30.0	0.9183797505900141
18.75	-31.25	0.876048904302684
18.75	-32.5	0.9036314310217628
18.75	-33.75	0.8264891705116337
18.75	-35.0	0.8485860014944515
20.0	-35.0	0.7611821527064895
20.0	-33.75	0.7633201563861758
20.0	-32.5	0.9191556736061014
20.0	-31.25	0.9045899826403679
20.0	-30.0	0.901337544868822
20.0	-28.75	0.9572122715001286
20.0	-27.5	0.9984939218999201
20.0	-26.25	1.0314211674690767
20.0	-25.0	1.0614481624332612
20.0	-23.75	1.0628969000660942
20.0	-22.5	1.065401228021814
20.0	-21.25	1.0580527304836604
20.0	-20.0	1.046047024855205
20.0	-18.75	1.0136659542046074
20.0	-17.5	1.0183429904467265
20.0	-16.25	1.0149490481435004
20.0	-15.0	1.020269640030989
20.0	-13.75	1.0054549391401826
20.0	-12.5	1.0049079764022695
20.0	-11.25	1.0173599462610374
20.0	-10.0	1.0047942701632435
20.0	-8.75	0.9937814457152099
20.0	-7.5	1.0166303777024739
20.0	-6.25	1.0120035637060902
20.0	-5.0	1.024892803250613
20.0	-3.75	1.011589727901749
20.0	-2.5	1.0157383566262606
20.0	-1.25	1.0123905896503176
20.0	0.0	1.018015389118704
20.0	1.25	1.0217849321198138
20.0	2.5	1.0249572747824673
20.0	3.75	1.0153882228765903
20.0	5.0	1.0244889810002413
20.0	6.25	1.0307110791075278
20.0	7.5	1.0310600200986237
20.0	8.75	1.0323304142741383
20.0	10.0	1.034440269341713
20.0	11.25	1.0306366547955959
20.0	12.5	1.0417574055731618
20.0	13.75	1.0306626178582305
20.0	15.0	1.0449506034975569
20.0	16.25	1.049372754107259
20.0	17.5	1.0375460733057933
20.0	18.75	1.0499895222980697
20.0	20.0	1.031743630046356
20.0	21.25	1.025868899504881
20.0	22.5	1.0082266515102898
20.0	23.75	0.9837907491752663
20.0	25.0	0.969171729054387
20.0	26.25	0.8962514610485607
20.0	27.5	0.8157161878815925
20.0	28.75	0.7540295451602151
20.0	30.0	0.7252161568902902
20.0	31.25	0.7109940100349935
20.0	32.5	0.5818316956430355
20.0	33.75	0.1885690743486221
20.0	35.0	0.8281897174028432
21.25	33.75	0.9763980945547567
21.25	32.5	0.3232043874395446
21.25	31.25	0.65916911715057
21.25	30.0	0.7266560838977751
21.25	28.75	0.729396356606355
21.25	27.5	0.7702800780354445
21.25	26.25	0.832822129737044
21.25	25.0	0.8910774609413789
21.25	23.75	0.9702080110547132
21.25	22.5	0.9940789826355105
21.25	21.25	1.0150837940857917
21.25	20.0	1.0281981936871294
21.25	18.75	1.029556762649772
21.25	17.5	1.0373904620703904
21.25	16.25	1.0521674666512038
21.25	15.0	1.0389446797653337
21.25	13.75	1.0379006911712108
21.25	12.5	1.0332992866472932
21.25	11.25	1.028907996639559
21.25	10.0	1.0391070577410488
21.25	8.75	1.0510650940622026
21.25	7.5	1.0271259046775083
21.25	6.25	1.0186600218020692
21.25	5.0	1.0265188112879773
21.25	3.75	1.0295419876019447
21.25	2.5	1.0339053876867321
21.25	1.25	1.0333118546357418
21.25	-0.0	1.0258643442080269
21.25	-1.25	1.028547983266063
21.25	-2.5	1.0184532999635305
21.25	-3.75	1.0209564745238147
21.25	-5.0	1.0241159008459348
21.25	-6.25	1.0107946266528445
21.25	-7.5	1.0168402101268037
21.25	-8.75	1.0234165443496168
21.25	-10.0	1.0143472961517463
21.25	-11.25	1.024641384111765
21.25	-12.5	1.0247176307751038
21.25	-13.75	1.0232186214481476
21.25	-15.0	1.0288372965587587
21.25	-16.25	1.0366702019248188
21.25	-17.5	1.0276934119464258
21.25	-18.75	1.0449301731482206
21.25	-20.0	1.0597851383820722
21.25	-21.25	1.0641869531532562
21.25	-22.5	1.0664287731280389
21.25	-23.75	1.0570535808370787
21.25	-25.0	1.029916577719297
21.25	-26.25	1.0006580915682635
21.25	-27.5	0.9782159361285809
21.25	-28.75	0.9360149024295814
21.25	-30.0	0.9222180193610587
21.25	-31.25	0.9484554004015175
21.25	-32.5	0.8329290162404639
21.25	-33.75	1.0061856956585034
22.5	-32.5	0.69417722189696
22.5	-31.25	0.9003060347730889
22.5	-30.0	0.9774725365765207
22.5	-28.75	0.9439553589533213
22.5	-27.5	0.9717964702530988
22.5	-26.25	0.9830260884229427
22.5	-25.0	1.0184092570551604
22.5	-23.75	1.049994041753679
22.5	-22.5	1.0592143877212472
22.5	-21.25	1.058169921380858
22.5	-20.0	1.0634703987189478
22.5	-18.75	1.0431156557602943
22.5	-17.5	1.0410553406738061
22.5	-16.25	1.0397408578825362
22.5	-15.0	1.0261103010185608
22.5	-13.75	1.0223407669335927
22.5	-12.5	1.0253960011591978
22.5	-11.25	1.0219239365582333
22.5	-10.0	1.0284887954681547
22.5	-8.75	1.0136067959496153
22.5	-7.5	1.0041816289493655
22.5	-6.25	1.0203227246723319
22.5	-5.0	1.0142687618088302
22.5	-3.75	1.0298519938241557
22.5	-2.5	1.0222241432791574
22.5	-1.25	1.0218085959474208
22.5	0.0	1.0256555815739687
22.5	1.25	1.032184841743369
22.5	2.5	1.0232494664130918
22.5	3.75	1.0289911083462702
22.5	5.0	1.0403018580914352
22.5	6.25	1.0408648417016695
22.5	7.5	1.0383280552540126
22.5	8.75	1.0268898055253344
22.5	10.0	1.0283346988302196
22.5	11.25	1.03358053517934
22.5	12.5	1.0419453484728858
22.5	13.75	1.0368857200330426
22.5	15.0	1.043613303882636
22.5	16.25	1.0260138479093144
22.5	17.5	1.0251325509804758
22.5	18.75	1.028549350398808
22.5	20.0	1.0156607906712625
22.5	21.25	0.9850044858684892
22.5	22.5	0.9692494828886951
22.5	23.75	0.9112735279099018
22.5	25.0	0.8567270675227177
22.5	26.25	0.7845409420833125
22.5	27.5	0.728085092470327
22.5	28.75	0.7235315505317862
22.5	30.0	0.6869138034647156
22.5	31.25	0.4878224868033844
22.5	32.5	0.8674674617305657
23.75	32.5	0.840671233063574
23.75	31.25	0.33520128943804395
23.75	30.0	0.562428012711503
23.75	28.75	0.6860579720898821
23.75	27.5	0.7272720676877186
23.75	26.25	0.7295991342265162
23.75	25.0	0.7963929205702459
23.75	23.75	0.8655340139483245
23.75	22.5	0.9195367445786836
23.75	21.25	0.9498572031254758
23.75	20.0	0.9886965214784681
23.75	18.75	1.012559703582647
23.75	17.5	1.0266493356773025
23.75	16.25	1.0309599708328103
23.75	15.0	1.040054252863561
23.75	13.75	1.0402881129819639
23.75	12.5	1.0292055414738122
23.75	11.25	1.041069995839533
23.75	10.0	1.040473823903014
23.75	8.75	1.0211164298683117
23.75	7.5	1.000862523465413
23.75	6.25	1.0048889418129754
23.75	5.0	1.0101773034486738
23.75	3.75	1.0263733115996843
23.75	2.5	1.023397725704032
23.75	1.25	1.018036106274616
23.75	-0.0	1.020129529082045
23.75	-1.25	1.0270631826761365
23.75	-2.5	1.0275218590214856
23.75	-3.75	1.0191632239586108
23.75	-5.0	1.0175447155327715
23.75	-6.25	1.0186187805780127
23.75	-7.5	1.0314205248715402
23.75	-8.75	1.034835258898161
23.75	-10.0	1.0413280068222983
23.75	-11.25	1.0375176044176515
23.75	-12.5	1.0329552830976154
23.75	-13.75	1.035376898258999
23.75	-15.0	1.0383392399907811
23.75	-16.25	1.0492202945613323
23.75	-17.5	1.0478270120870974
23.75	-18.75	1.0728526130565963
23.75	-20.0	1.076355202764746
23.75	-21.25	1.0604422295328673
23.75	-22.5	1.0462178697890843
23.75	-23.75	1.041381663442759
23.75	-25.0	1.0064622123707734
23.75	-26.25	0.9733421383967127
23.75	-27.5	0.9571304038021237
23.75	-28.75	0.9616079829661521
23.75	-30.0	0.9495274863307667
23.75	-31.25	0.7917175452432421
23.75	-32.5	0.8305903538893569
25.0	-31.25	0.7614956793378161
25.0	-30.0	0.8662500790310098
25.0	-28.75	0.9779094983716828
25.0	-27.5	0.9885327263055254
25.0	-26.25	0.9813456192675382
25.0	-25.0	1.003559209922443
25.0	-23.75	1.016186071587988
25.0	-22.5	1.0352036679813752
25.0	-21.25	1.0540273298609577
25.0	-20.0	1.0589944555601873
25.0	-18.75	1.0682256247873652
25.0	-17.5	1.0643582923824904
25.0	-16.25	1.0533931654956532
25.0	-15.0	1.0510429968168136
25.0	-13.75	1.0410443278833819
25.0	-12.5	1.031327684479738
25.0	-11.25	1.0240644008768287
25.0	-10.0	1.0370408250933827
25.0	-8.75	1.0288391379458068
25.0	-7.5	1.026744306844198
25.0	-6.25	1.0314988165220447
25.0	-5.0	1.0475495783571973
25.0	-3.75	1.040456527545965
25.0	-2.5	1.0594036763902248
25.0	-1.25	1.0462891292916259
25.0	0.0	1.0347279066920836
25.0	1.25	1.0116327482897378
25.0	2.5	1.021271265535075
25.0	3.75	1.0195307083395588
25.0	5.0	1.017303702704691
25.0	6.25	1.0313089845262302
25.0	7.5	1.02661893162011
25.0	8.75	1.0211239466286033
25.0	10.0	1.037930368598719
25.0	11.25	1.041317086814307
25.0	12.5	1.03449415781867
25.0	13.75	1.0275553941094158
25.0	15.0	1.0319398488603464
25.0	16.25	1.0269712927596262
25.0	17.5	1.0181163098555739
25.0	18.75	0.9696736075532768
25.0	20.0	0.946893323103468
25.0	21.25	0.912301707997506
25.0	22.5	0.8642751533774664
25.0	23.75	0.8041588014247537
25.0	25.0	0.7435145058250329
25.0	26.25	0.7232495237789115
25.0	27.5	0.697505214183879
25.0	28.75	0.6245031733967928
25.0	30.0	0.29560440692171386
25.0	31.25	0.8029602687337655
26.25	30.0	0.7822849453337992
26.25	28.75	0.39141397921212073
26.25	27.5	0.6343652887868498
26.25	26.25	0.7017876258187099
26.25	25.0	0.7303924535995806
26.25	23.75	0.746159540486293
26.25	22.5	0.7992012528358601
26.25	21.25	0.8579449885085585
26.25	20.0	0.912887809183429
26.25	18.75	0.9588052422985218
26.25	17.5	0.9696212877762603
26.25	16.25	0.9975521208690347
26.25	15.0	1.0049564924566134
26.25	13.75	1.0137248933531786
26.25	12.5	1.0237857624918147
26.25	11.25	1.0287161412652372
26.25	10.0	1.030084021797432
26.25	8.75	1.035575706255987
26.25	7.5	1.0271840548614546
26.25	6.25	1.0248131292074905
26.25	5.0	1.028843459256939
26.25	3.75	1.0328998194148498
26.25	2.5	1.036286119209929
26.25	1.25	1.0247203219310732
26.25	-0.0	1.0367389948031216
26.25	-1.25	1.017258143553307
26.25	-2.5	1.0269241177770942
26.25	-3.75	1.0339867992479512
26.25	-5.0	1.0297150428320692
26.25	-6.25	1.0472370816598007
26.25	-7.5	1.0267670159128375
26.25	-8.75	1.031090013622501
26.25	-10.0	1.036913654296607
26.25	-11.25	1.0399488363172416
26.25	-12.5	1.044477210608345
26.25	-13.75	1.0524462037085471
26.25	-15.0	1.0518786513587879
26.25	-16.25	1.0597226384693759
26.25	-17.5	1.0738939003548509
26.25	-18.75	1.069671548317606
26.25	-20.0	1.056565915858613
26.25	-21.25	1.0434673662472274
26.25	-22.5	1.0219953038526095
26.25	-23.75	1.0115882847393838
26.25	-25.0	1.0065875568257456
26.25	-26.25	1.0031404865536602
26.25	-27.5	0.9985341082974564
26.25	-28.75	0.9199023231995846
26.25	-30.0	0.5578529625102974
27.5	-28.75	0.6243716802203851
27.5	-27.5	0.9552624493078706
27.5	-26.25	1.016849296666637
27.5	-25.0	1.0264206893389405
27.5	-23.75	1.0081916952995802
27.5	-22.5	1.0188292129492476
27.5	-21.25	1.0320330546706198
27.5	-20.0	1.0488513636346237
27.5	-18.75	1.0551327758300948
27.5	-17.5	1.0561825585873568
27.5	-16.25	1.0522072141284162
27.5	-15.0	1.0547242706492919
27.5	-13.75	1.0633402842119863
27.5	-12.5	1.0505933283852877
27.5	-11.25	1.0467492359552653
27.5	-10.0	1.038259045983336
27.5	-8.75	1.0506802713726464
27.5	-7.5	1.036582097655496
27.5	-6.25	1.0333147498902033
27.5	-5.0	1.0206373510261713
27.5	-3.75	1.0267695398089365
27.5	-2.5	1.0379492112706479
27.5	-1.25	1.030259487955409
27.5	0.0	1.0324943772541233
27.5	1.25	1.0398172104459977
27.5	2.5	1.0282511091806694
27.5	3.75	1.0303712869471948
27.5	5.0	1.0347210964535203
27.5	6.25	1.0209016315236026
27.5	7.5	1.0183236481722702
27.5	8.75	1.018362772701959
27.5	10.0	1.0196064466068013
27.5	11.25	1.025899798557462
27.5	12.5	1.0154532788901967
27.5	13.75	0.9940634202946736
27.5	15.0	0.9831113365426007
27.5	16.25	0.9672762213171494
27.5	17.5	0.914018127152237
27.5	18.75	0.8977246050305668
27.5	20.0	0.8621759534384679
27.5	21.25	0.8006459171981389
27.5	22.5	0.7526872198175598
27.5	23.75	0.7381705615229028
27.5	25.0	0.7115718555919123
27.5	26.25	0.6535941269985391
27.5	27.5	0.40737007886664095
27.5	28.75	0.986427983149127
28.75	27.5	0.817596908271339
28.75	26.25	0.4223962657712679
28.75	25.0	0.63554279012537
28.75	23.75	0.6878434653051059
28.75	22.5	0.736777914477785
28.75	21.25	0.7503569697121069
28.75	20.0	0.785132472369814
28.75	18.75	0.8454173739687005
28.75	17.5	0.8745958600057963
28.75	16.25	0.9135092380747999
28.75	15.0	0.9559778538612755
28.75	13.75	0.9627121687174754
28.75	12.5	0.9989559803691646
28.75	11.25	1.0026506467335172
28.75	10.0	1.0234760249730552
28.75	8.75	1.01036194019343
28.75	7.5	1.0137140511689546
28.75	6.25	1.0212020615166144
28.75	5.0	1.0193659242779551
28.75	3.75	1.0244580818095095
28.75	2.5	1.0253867041487512
28.75	1.25	1.031648825835208
28.75	-0.0	1.0234781959522183
28.75	-1.25	1.032572029346114
28.75	-2.5	1.037725915460509
28.75	-3.75	1.0332643650403883
28.75	-5.0	1.0383614330714397
28.75	-6.25	1.043892378391166
28.75	-7.5	1.043064583138036
28.75	-8.75	1.0507322291943069
28.75	-10.0	1.0384705390333036
28.75	-11.25	1.0549499339033892
28.75	-12.5	1.0516088142508075
28.75	-13.75	1.0581054011620117
28.75	-15.0	1.066403188625015
28.75	-16.25	1.0549477967041154
28.75	-17.5	1.0683341242273703
28.75	-18.75	1.0534564850223063
28.75	-20.0	1.04401107583486
28.75	-21.25	1.041372285987837
28.75	-22.5	1.0462541834575272
28.75	-23.75	1.0366554008548166
28.75	-25.0	1.0399237866193836
28.75	-26.25	0.95209927189034
28.75	-27.5	0.679804209446561
30.0	-26.25	0.6383781902011144
30.0	-25.0	0.9405981271602625
30.0	-23.75	1.0490882830418764
30.0	-22.5	1.0603124340242536
30.0	-21.25	1.0500880815154443
30.0	-20.0	1.0437515455082278
30.0	-18.75	1.0648675843347521
30.0	-17.5	1.0662456410397185
30.0	-16.25	1.0585076976772942
30.0	-15.0	1.061802667478414
30.0	-13.75	1.0547879861887304
30.0	-12.5	1.0575161193864648
30.0	-11.25	1.0462485156664263
30.0	-10.0	1.054842619940441
30.0	-8.75	1.0479921192096617
30.0	-7.5	1.0527050801949975
30.0	-6.25	1.0509434433086953
30.0	-5.0	1.037765321228522
30.0	-3.75	1.0355650143786077
30.0	-2.5	1.0316217213148167
30.0	-1.25	1.0281208471857728
30.0	0.0	1.02515184055956
30.0	1.25	1.0250129969908819
30.0	2.5	1.0199629610829615
30.0	3.75	1.019320077563173
30.0	5.0	1.0203549738864173
30.0	6.25	1.0053254076285623
30.0	7.5	1.0105282927879613
30.0	8.75	0.9986461735928325
30.0	10.0	0.986708426437748
30.0	11.25	0.9690147838946134
30.0	12.5	0.9570441224262536
30.0	13.75	0.9396472997175978
30.0	15.0	0.913962764926901
30.0	16.25	0.8707499380306878
30.0	17.5	0.8186256127448711
30.0	18.75	0.7702916390581587
30.0	20.0	0.7313414261179918
30.0	21.25	0.7266517793399426
30.0	22.5	0.7050497196714155
30.0	23.75	0.6190041212627915
30.0	25.0	0.4068039174827182
30.0	26.25	0.7731302739024766
31.25	25.0	0.8369518266958053
31.25	23.75	0.41973880089222393
31.25	22.5	0.5699075065418234
31.25	21.25	0.701952630673397
31.25	20.0	0.7033964947275534
31.25	18.75	0.7245331196032114
31.25	17.5	0.7554229576723133
31.25	16.25	0.7988694500490389
31.25	15.0	0.8403349599595386
31.25	13.75	0.8757096621216034
31.25	12.5	0.9218366504084113
31.25	11.25	0.9426614747304972
31.25	10.0	0.9605065220674559
31.25	8.75	0.9760821638100097
31.25	7.5	0.992485381060814
31.25	6.25	0.9994304875392312
31.25	5.0	0.9985280058560042
31.25	3.75	1.0166548947741587
31.25	2.5	1.0146376559339885
31.25	1.25	1.0151903417271924
31.25	-0.0	1.0298715142558137
31.25	-1.25	1.041583957278351
31.25	-2.5	1.0353784505247763
31.25	-3.75	1.0309335621238673
31.25	-5.0	1.0323178303717249
31.25	-6.25	1.028261368496179
31.25	-7.5	1.0501970178224291
31.25	-8.75	1.0384391769946462
31.25	-10.0	1.0433005063386833
31.25	-11.25	1.0578579964835066
31.25	-12.5	1.0533914512836022
31.25	-13.75	1.0678441409192783
31.25	-15.0	1.077703867029622
31.25	-16.25	1.07425724061415
31.25	-17.5	1.0628633974999078
31.25	-18.75	1.057874764013652
31.25	-20.0	1.0620563111767836
31.25	-21.25	1.0647637762424862
31.25	-22.5	1.0347445083159106
31.25	-23.75	0.8889203946317779
31.25	-25.0	8.54780515384919
32.5	-23.75	0.5511566766132844
32.5	-22.5	0.704193139455384
32.5	-21.25	0.9813446123559783
32.5	-20.0	1.0565613452081428
32.5	-18.75	1.07123790718523
32.5	-17.5	1.0631095653202944
32.5	-16.25	1.0666938827748473
32.5	-15.0	1.06786735024369
32.5	-13.75	1.072856078116914
32.5	-12.5	1.0689568684131432
32.5	-11.25	1.0595191598573641
32.5	-10.0	1.0614153497642846
32.5	-8.75	1.042885487660321
32.5	-7.5	1.0404082421356806
32.5	-6.25	1.0361978547457835
32.5	-5.0	1.0213155381313337
32.5	-3.75	1.0239744169093812
32.5	-2.5	1.0277295272512312
32.5	-1.25	1.0143275426089258
32.5	0.0	1.0066606842273758
32.5	1.25	1.0087452546811957
32.5	2.5	1.001807835339124
32.5	3.75	0.9940724985527435
32.5	5.0	0.9722567554212288
32.5	6.25	0.9679239303423113
32.5	7.5	0.9622624065639136
32.5	8.75	0.9397202078877458
32.5	10.0	0.9113775332824807
32.5	11.25	0.8745629393750772
32.5	12.5	0.8453835678510968
32.5	13.75	0.7954390261960816
32.5	15.0	0.7587607227196579
32.5	16.25	0.745101349258483
32.5	17.5	0.7025205060379904
32.5	18.75	0.6897566218613186
32.5	20.0	0.6393070451505654
32.5	21.25	0.4735413451615484
32.5	22.5	0.40181889273651294
32.5	23.75	48.11103527169069
33.75	21.25	0.9221164000871193
33.75	20.0	0.4137244244153153
33.75	18.75	0.5408351133938701
33.75	17.5	0.6744262092249242
33.75	16.25	0.7034056317002777
33.75	15.0	0.7017274750987933
33.75	13.75	0.7406188196233412
33.75	12.5	0.7621760719249101
33.75	11.25	0.7889183034905413
33.75	10.0	0.8337028579543061
33.75	8.75	0.8659260144634914
33.75	7.5	0.8944262774512758
33.75	6.25	0.9256653764997725
33.75	5.0	0.9497208958958332
33.75	3.75	0.9623061679080293
33.75	2.5	0.9009847103107289
33.75	1.25	0.9874470824472287
33.75	-0.0	1.0042149932242852
33.75	-1.25	1.0011997084490476
33.75	-2.5	1.0166564155186215
33.75	-3.75	1.0210879935401844
33.75	-5.0	1.0343188443190918
33.75	-6.25	1.0343711062946597
33.75	-7.5	1.039794048936463
33.75	-8.75	1.0422775425942574
33.75	-10.0	1.0641468185641962
33.75	-11.25	1.0560688138269323
33.75	-12.5	1.0709148714047838
33.75	-13.75	1.0630140865530884
33.75	-15.0	1.067232047809184
33.75	-16.25	1.060202316495569
33.75	-17.5	1.0251869585250433
33.75	-18.75	1.0070263269765938
33.75	-20.0	0.8184671063438589
33.75	-21.25	0.5627466023969058
35.0	-20.0	0.5622571514071122
35.0	-18.75	0.5602111485010999
35.0	-17.5	0.7960692413118952
35.0	-16.25	0.948622311498804
35.0	-15.0	0.9846959739652932
35.0	-13.75	1.0207975407926086
35.0	-12.5	1.0216518323482453
35.0	-11.25	1.0249485460710508
35.0	-10.0	1.0299834079163286
35.0	-8.75	1.0288021201480537
35.0	-7.5	1.022562862711566
35.0	-6.25	1.0094185527992092
35.0	-5.0	1.0071338009813429
35.0	-3.75	1.0024805900487315
35.0	-2.5	0.9939418735753482
35.0	-1.25	0.9906911642465482
35.0	0.0	0.9764699117598626
35.0	1.25	0.954797734424106
35.0	2.5	0.9325074203308217
35.0	3.75	0.9171644123633235
35.0	5.0	0.8808533690472099
35.0	6.25	0.8470529865172574
35.0	7.5	0.8224574125421856
35.0	8.75	0.7860423488415276
35.0	10.0	0.7687020412620139
35.0	11.25	0.7297519249336553
35.0	12.5	0.6929200442643072
35.0	13.75	0.7203792468136552
35.0	15.0	0.6766884952431113
35.0	16.25	0.5880475422514687
35.0	17.5	0.4405973488349802
35.0	18.75	0.5389893665072731
35.0	20.0	0.7931691355421085
36.25	17.5	0.8107448869327677
36.25	16.25	0.6471485232424372
36.25	15.0	0.5201270603310804
36.25	13.75	0.589182759416449
36.25	12.5	0.6781684089793089
36.25	11.25	0.7169914099134942
36.25	10.0	0.7272601869765873
36.25	8.75	0.706218756467531
36.25	7.5	0.7231629265428507
36.25	6.25	0.7584044516628704
36.25	5.0	0.782124747888266
36.25	3.75	0.8205666873197772
36.25	2.5	0.838578218570245
36.25	1.25	0.8561258709906518
36.25	-0.0	0.8738968180596093
36.25	-1.25	0.8961657779047665
36.25	-2.5	0.9206279184017927
36.25	-3.75	0.9297467666018984
36.25	-5.0	0.9497207479253948
36.25	-6.25	0.9607166409774203
36.25	-7.5	0.9677304552728903
36.25	-8.75	0.9415511802840478
36.25	-10.0	0.9029277078198248
36.25	-11.25	0.8804559250499702
36.25	-12.5	0.8805949313627335
36.25	-13.75	0.8459198868206125
36.25	-15.0	0.7201977827677304
36.25	-16.25	0.5379426257729178
36.25	-17.5	0.5414941132606903
37.5	-15.0	0.9068690495795046
37.5	-13.75	0.5296570573774034
37.5	-12.5	0.5988257788785797
37.5	-11.25	0.7070283102535762
37.5	-10.0	0.7644443732286101
37.5	-8.75	0.8064907025658578
37.5	-7.5	0.8163732588146276
37.5	-6.25	0.7983317568434557
37.5	-5.0	0.7938659245750782
37.5	-3.75	0.7909476269968945
37.5	-2.5	0.7848284888283921
37.5	-1.25	0.7721546767657489
37.5	0.0	0.7620777604266409
37.5	1.25	0.7560676100247976
37.5	2.5	0.7510867501336517
37.5	3.75	0.7433706797105715
37.5	5.0	0.7477197903628121
37.5	6.25	0.7314346537080809
37.5	7.5	0.7263118470366136
37.5	8.75	0.7093439057088424
37.5	10.0	0.6471513061713207
37.5	11.25	0.563457507068303
37.5	12.5	0.5019982389912055
37.5	13.75	0.7555265755045224
37.5	15.0	0.998286595279441
38.75	11.25	0.7996047473174952
38.75	10.0	0.7733109817284567
38.75	8.75	0.5962877727757644
38.75	7.5	0.6141680597862776
38.75	6.25	0.6376259021169308
38.75	5.0	0.6853394283330666
38.75	3.75	0.7208762081040364
38.75	2.5	0.7197125256056832
38.75	1.25	0.7326275869099426
38.75	-0.0	0.7383442947727553
38.75	-1.25	0.7433046103051334
38.75	-2.5	0.7440184932767645
38.75	-3.75	0.72875451097564
38.75	-5.0	0.7045827830042443
38.75	-6.25	0.6912045186893443
38.75	-7.5	0.6634745203234574
38.75	-8.75	0.6104871792292899
38.75	-10.0	0.6055820398312668
38.75	-11.25	0.7054038440316504
40.0	-6.25	0.8459493191511679
40.0	-5.0	0.8346428512195541
40.0	-3.75	0.7970498056482508
40.0	-2.5	0.7676168833391619
40.0	-1.25	0.7182321902221981
40.0	0.0	0.7673328252775843
40.0	1.25	0.7683144798974519
40.0	2.5	0.8034544477979014
40.0	3.75	0.8031561222041377
40.0	5.0	0.8011697817151474
40.0	6.25	0.8562899861908431
