-40.0	6.25	0.8245052139522169
-40.0	5.0	0.8917936937793423
-40.0	3.75	0.7343222360743756
-40.0	2.5	0.7281556582100437
-40.0	1.25	0.6414150482161599
-40.0	-0.0	0.6594767460878721
-40.0	-1.25	0.6634598556160741
-40.0	-2.5	0.602136127392582
-40.0	-3.75	0.668232051433153
-40.0	-5.0	0.7361637301288214
-40.0	-6.25	0.8476849199091292
-38.75	-11.25	0.6939608370239095
-38.75	-10.0	0.4743538170145827
-38.75	-8.75	0.5116194372099342
-38.75	-7.5	0.5620932423768118
-38.75	-6.25	0.608228746146324
-38.75	-5.0	0.6451238164921311
-38.75	-3.75	0.6633738808792397
-38.75	-2.5	0.6849088798704065
-38.75	-1.25	0.6899167068005841
-38.75	0.0	0.6944118513844636
-38.75	1.25	0.6936395300026936
-38.75	2.5	0.6863810198867502
-38.75	3.75	0.6841539684966866
-38.75	5.0	0.6668685292501948
-38.75	6.25	0.6515346558894946
-38.75	7.5	0.6414512264252337
-38.75	8.75	0.5995214393164966
-38.75	10.0	0.7776526439239553
-38.75	11.25	0.8886960796950915
-37.5	15.0	0.8703630425102091
-37.5	13.75	0.7057498446675547
-37.5	12.5	0.5237902376820149
-37.5	11.25	0.5552386667615631
-37.5	10.0	0.6314873192385493
-37.5	8.75	0.6652766586715597
-37.5	7.5	0.6906370157322086
-37.5	6.25	0.7104254731595847
-37.5	5.0	0.7109598697093232
-37.5	3.75	0.7114775721423523
-37.5	2.5	0.7177398712882428
-37.5	1.25	0.7282634321159334
-37.5	-0.0	0.7333736256634539
-37.5	-1.25	0.7350645178513483
-37.5	-2.5	0.7425408832724817
-37.5	-3.75	0.7563044083775551
-37.5	-5.0	0.7629301029876635
-37.5	-6.25	0.764135165196966
-37.5	-7.5	0.7689366541333548
-37.5	-8.75	0.7416960681820344
-37.5	-10.0	0.691109709777571
-37.5	-11.25	0.5928481822836132
-37.5	-12.5	0.4813831261961779
-37.5	-13.75	0.36644973526162816
-37.5	-15.0	1.0020683443683094
-36.25	-17.5	1.2046543554049765
-36.25	-16.25	0.30886257018563584
-36.25	-15.0	0.5535174899968719
-36.25	-13.75	0.7572696883678193
-36.25	-12.5	0.8358060298986394
-36.25	-11.25	0.8567451951370868
-36.25	-10.0	0.8840412019704607
-36.25	-8.75	0.9132193494040018
-36.25	-7.5	0.9378938794913224
-36.25	-6.25	0.9245108183997044
-36.25	-5.0	0.9121308022771706
-36.25	-3.75	0.9179611563095741
-36.25	-2.5	0.8972891758092164
-36.25	-1.25	0.8858109555220175
-36.25	0.0	0.8798692365668208
-36.25	1.25	0.8413609457772631
-36.25	2.5	0.8229103680320227
-36.25	3.75	0.8076279165582902
-36.25	5.0	0.7855916964849361
-36.25	6.25	0.748991072384171
-36.25	7.5	0.7045135473617817
-36.25	8.75	0.6835990478778723
-36.25	10.0	0.6894358838937222
-36.25	11.25	0.6892428352452161
-36.25	12.5	0.6549189919092356
-36.25	13.75	0.5788121402401464
-36.25	15.0	0.48767843526141447
-36.25	16.25	0.4974282088670161
-36.25	17.5	0.9508910287770292
-35.0	20.0	0.8799445614305073
-35.0	18.75	0.5248090186049917
-35.0	17.5	0.4285042035914209
-35.0	16.25	0.5844370863093696
-35.0	15.0	0.6557935183518437
-35.0	13.75	0.6767477852592633
-35.0	12.5	0.6723226860333157
-35.0	11.25	0.7016316814348174
-35.0	10.0	0.7417982070841584
-35.0	8.75	0.7662054115253241
-35.0	7.5	0.7944905196720187
-35.0	6.25	0.84343862153602
-35.0	5.0	0.8717192854840231
-35.0	3.75	0.8903773864025532
-35.0	2.5	0.9181651553099882
-35.0	1.25	0.9247785588473494
-35.0	-0.0	0.9620496514747157
-35.0	-1.25	0.974127565987736
-35.0	-2.5	0.9810955152713046
-35.0	-3.75	0.9876840540715613
-35.0	-5.0	1.0013314360887193
-35.0	-6.25	0.998316656240221
-35.0	-7.5	1.0073191076107622
-35.0	-8.75	1.007651688038386
-35.0	-10.0	1.003301367117826
-35.0	-11.25	1.0059743491673938
-35.0	-12.5	1.0077651875938887
-35.0	-13.75	0.9808737247774757
-35.0	-15.0	0.9496997749764295
-35.0	-16.25	0.871264139310302
-35.0	-17.5	0.6638685158311936
-35.0	-18.75	0.3412316929511646
-35.0	-20.0	0.7713568868028515
-33.75	-21.25	0.17449515259538456
-33.75	-20.0	0.6785787078710103
-33.75	-18.75	0.9186291747364606
-33.75	-17.5	0.9998633232434763
-33.75	-16.25	1.0275272710225172
-33.75	-15.0	1.0407786173789135
-33.75	-13.75	1.052949006194071
-33.75	-12.5	1.028142049042086
-33.75	-11.25	1.0221176786763964
-33.75	-10.0	1.0217688751507101
-33.75	-8.75	1.0271764676987711
-33.75	-7.5	1.0239228028068925
-33.75	-6.25	1.0115610840913045
-33.75	-5.0	1.0078406202349135
-33.75	-3.75	1.0010439217017428
-33.75	-2.5	0.9942393350661493
-33.75	-1.25	0.9955382365851213
-33.75	0.0	0.9884011175387464
-33.75	1.25	0.9791104018668645
-33.75	2.5	0.9646204771248462
-33.75	3.75	0.9646351670955889
-33.75	5.0	0.928895388097146
-33.75	6.25	0.9088303728915827
-33.75	7.5	0.8785300959977209
-33.75	8.75	0.863079085346914
-33.75	10.0	0.8266825729427482
-33.75	11.25	0.7917703696180454
-33.75	12.5	0.7516206721531061
-33.75	13.75	0.7324863133792497
-33.75	15.0	0.69187885197146
-33.75	16.25	0.6524106888653769
-33.75	17.5	0.6493431240256662
-33.75	18.75	0.5656558591536652
-33.75	20.0	0.3867061855616959
-33.75	21.25	0.874711448816631
-32.5	23.75	0.9263069890035414
-32.5	22.5	0.5071975282888639
-32.5	21.25	0.471502086928616
-32.5	20.0	0.6314232026582608
-32.5	18.75	0.6432433595525473
-32.5	17.5	0.6666992816488616
-32.5	16.25	0.7161851188081737
-32.5	15.0	0.7446459033692631
-32.5	13.75	0.787160548586136
-32.5	12.5	0.8235276626726037
-32.5	11.25	0.8501313499587353
-32.5	10.0	0.8950426003585022
-32.5	8.75	0.9143567058873217
-32.5	7.5	0.9519977361723863
-32.5	6.25	0.9557238006355645
-32.5	5.0	0.965021584203441
-32.5	3.75	0.9924178327726789
-32.5	2.5	0.9905843703515642
-32.5	1.25	0.9980198705515831
-32.5	-0.0	1.002671886119388
-32.5	-1.25	1.0146467631937808
-32.5	-2.5	1.0225459191623816
-32.5	-3.75	1.017838683586421
-32.5	-5.0	1.0168887808788825
-32.5	-6.25	1.0258690818504705
-32.5	-7.5	1.0363191192783066
-32.5	-8.75	1.022981202825528
-32.5	-10.0	1.0360127414907252
-32.5	-11.25	1.0347683169240276
-32.5	-12.5	1.035048012306107
-32.5	-13.75	1.0471074989542275
-32.5	-15.0	1.05591828125708
-32.5	-16.25	1.0408621035044294
-32.5	-17.5	1.040679753136758
-32.5	-18.75	1.0555112922976502
-32.5	-20.0	1.0150584642831437
-32.5	-21.25	0.9027880064386061
-32.5	-22.5	0.6002520882198061
-32.5	-23.75	1.0216251144457735
-31.25	-25.0	0.5451591518715676
-31.25	-23.75	0.7716922854789531
-31.25	-22.5	0.9871971132658307
-31.25	-21.25	1.032919058459616
-31.25	-20.0	1.0477323229691275
-31.25	-18.75	1.0360582308524204
-31.25	-17.5	1.0514527321159866
-31.25	-16.25	1.0448398816141446
-31.25	-15.0	1.044575334407967
-31.25	-13.75	1.0252529196215272
-31.25	-12.5	1.042823032721994
-31.25	-11.25	1.0326485210640142
-31.25	-10.0	1.036092249264772
-31.25	-8.75	1.0266345939985482
-31.25	-7.5	1.0215342452989749
-31.25	-6.25	1.013211645410599
-31.25	-5.0	1.0293725087864019
-31.25	-3.75	1.011839171353258
-31.25	-2.5	1.009450602319753
-31.25	-1.25	1.0162331840075847
-31.25	0.0	1.0104912194543385
-31.25	1.25	1.000024407091273
-31.25	2.5	1.0067978408218683
-31.25	3.75	0.9983462875285893
-31.25	5.0	0.996160405302993
-31.25	6.25	0.9764184256098841
-31.25	7.5	0.9659454555083004
-31.25	8.75	0.9612478916801215
-31.25	10.0	0.9496907719829913
-31.25	11.25	0.9092382073742947
-31.25	12.5	0.8909878591559215
-31.25	13.75	0.8518112117160326
-31.25	15.0	0.8097273187265597
-31.25	16.25	0.7644538428687485
-31.25	17.5	0.7372168119266773
-31.25	18.75	0.7105510478951297
-31.25	20.0	0.6825949772008678
-31.25	21.25	0.6560048618562646
-31.25	22.5	0.563819062745575
-31.25	23.75	0.37796193737844075
-31.25	25.0	0.9106399142318613
-30.0	26.25	0.7895689174851698
-30.0	25.0	0.3960622674394933
-30.0	23.75	0.6039979482957264
-30.0	22.5	0.6772012323196575
-30.0	21.25	0.7126681380901974
-30.0	20.0	0.7123269125859627
-30.0	18.75	0.7483752380914879
-30.0	17.5	0.7982550304251015
-30.0	16.25	0.8434328871644257
-30.0	15.0	0.8886249844422884
-30.0	13.75	0.9152582713043056
-30.0	12.5	0.9315700430925803
-30.0	11.25	0.9635282523767874
-30.0	10.0	0.9707718217851797
-30.0	8.75	0.9707178656234372
-30.0	7.5	0.9867643571899347
-30.0	6.25	0.9876508268276787
-30.0	5.0	1.0015721588910433
-30.0	3.75	1.0141179104654228
-30.0	2.5	1.0217858643700768
-30.0	1.25	1.0192169869867553
-30.0	-0.0	1.0142969036318752
-30.0	-1.25	1.0234771298090446
-30.0	-2.5	1.0069759649838022
-30.0	-3.75	1.0175624215820704
-30.0	-5.0	1.0253957799584728
-30.0	-6.25	1.025477165844724
-30.0	-7.5	1.019770141900764
-30.0	-8.75	1.0094597389245066
-30.0	-10.0	1.017894286830331
-30.0	-11.25	1.0158891049923784
-30.0	-12.5	1.029698848346212
-30.0	-13.75	1.0306766414551425
-30.0	-15.0	1.029751766057308
-30.0	-16.25	1.0318767422183361
-30.0	-17.5	1.0403190820323702
-30.0	-18.75	1.0278464140957537
-30.0	-20.0	1.0268942558463954
-30.0	-21.25	1.0282257144284204
-30.0	-22.5	1.0296473051968709
-30.0	-23.75	1.0017890178959563
-30.0	-25.0	0.8619123733679566
-30.0	-26.25	0.8813453428785308
-28.75	-27.5	0.7089512609795077
-28.75	-26.25	0.8841690695645605
-28.75	-25.0	0.9992813615896279
-28.75	-23.75	1.005718268157551
-28.75	-22.5	1.0186611185440237
-28.75	-21.25	1.0095476708619824
-28.75	-20.0	1.0304624136274947
-28.75	-18.75	1.0294286741796939
-28.75	-17.5	1.024395715563853
-28.75	-16.25	1.0387998286025588
-28.75	-15.0	1.0310664829422158
-28.75	-13.75	1.037482986743192
-28.75	-12.5	1.0333728434060707
-28.75	-11.25	1.0447964407874661
-28.75	-10.0	1.030646115323003
-28.75	-8.75	1.032769136540805
-28.75	-7.5	1.0183081241477865
-28.75	-6.25	1.036441697696492
-28.75	-5.0	1.0172082520035353
-28.75	-3.75	1.0306041560777375
-28.75	-2.5	1.024933849090105
-28.75	-1.25	1.0231360474541795
-28.75	0.0	1.0333171746355811
-28.75	1.25	1.0195006838762104
-28.75	2.5	1.0218596041964945
-28.75	3.75	1.0137890647185628
-28.75	5.0	1.0041207156605787
-28.75	6.25	1.0065746028002938
-28.75	7.5	1.0033056331766874
-28.75	8.75	0.9945071198579474
-28.75	10.0	0.9922661520150285
-28.75	11.25	0.9839378971951116
-28.75	12.5	0.9612616745199045
-28.75	13.75	0.950733389641655
-28.75	15.0	0.9344952567587926
-28.75	16.25	0.9044525537635487
-28.75	17.5	0.8550154136738076
-28.75	18.75	0.8257714958048543
-28.75	20.0	0.7678817866705042
-28.75	21.25	0.7257217334878323
-28.75	22.5	0.7094492670653373
-28.75	23.75	0.6610489883239214
-28.75	25.0	0.6262352828901145
-28.75	26.25	0.4102738777645032
-28.75	27.5	0.9507112548125117
-27.5	28.75	0.8522516375785255
-27.5	27.5	0.4420779241548348
-27.5	26.25	0.6292568194362146
-27.5	25.0	0.6713896262459198
-27.5	23.75	0.7065878373704642
-27.5	22.5	0.733159863237824
-27.5	21.25	0.7794530476052742
-27.5	20.0	0.8233649145623798
-27.5	18.75	0.8748952077886817
-27.5	17.5	0.9042812629397821
-27.5	16.25	0.9412173249758528
-27.5	15.0	0.9676078877220229
-27.5	13.75	0.9748752760822667
-27.5	12.5	0.9957631387709691
-27.5	11.25	0.9831088856137856
-27.5	10.0	0.9983706324141267
-27.5	8.75	0.9908644850443035
-27.5	7.5	1.0045972594591606
-27.5	6.25	1.0139869642745616
-27.5	5.0	1.0095886156002016
-27.5	3.75	1.0124692002781293
-27.5	2.5	1.022577389270447
-27.5	1.25	1.0113439352842553
-27.5	-0.0	1.014449490373827
-27.5	-1.25	1.014211333720232
-27.5	-2.5	1.0056508504257036
-27.5	-3.75	1.0121348561157657
-27.5	-5.0	1.0261074466282496
-27.5	-6.25	1.0178035056774701
-27.5	-7.5	1.0143112661374638
-27.5	-8.75	1.0266062706337153
-27.5	-10.0	1.0394541160102353
-27.5	-11.25	1.0353496938765578
-27.5	-12.5	1.0398756627402748
-27.5	-13.75	1.0425172148792419
-27.5	-15.0	1.0285394246743456
-27.5	-16.25	1.0304470933747771
-27.5	-17.5	1.0358223292367217
-27.5	-18.75	1.022204260124499
-27.5	-20.0	1.0173614180303914
-27.5	-21.25	1.0175956994478095
-27.5	-22.5	1.0001004597250855
-27.5	-23.75	0.9991238410685578
-27.5	-25.0	1.008802528335158
-27.5	-26.25	0.976092087570769
-27.5	-27.5	0.8909010561231189
-27.5	-28.75	0.8349328708384086
-26.25	-30.0	0.8051026925156899
-26.25	-28.75	0.8349150823085674
-26.25	-27.5	0.9665227359535422
-26.25	-26.25	0.9845251632975065
-26.25	-25.0	0.9714349455102275
-26.25	-23.75	0.9933951190829076
-26.25	-22.5	1.0041750117992168
-26.25	-21.25	1.0100974096120185
-26.25	-20.0	1.0193291655622383
-26.25	-18.75	1.0379617327158828
-26.25	-17.5	1.0366118333401206
-26.25	-16.25	1.0448358578373027
-26.25	-15.0	1.0476665250684158
-26.25	-13.75	1.0415724108537776
-26.25	-12.5	1.043049702295896
-26.25	-11.25	1.0268810067698753
-26.25	-10.0	1.0262245253182731
-26.25	-8.75	1.0272807565558135
-26.25	-7.5	1.0261247751166844
-26.25	-6.25	1.0257845101283316
-26.25	-5.0	1.0113143076323685
-26.25	-3.75	1.022998054615286
-26.25	-2.5	1.0303292636941135
-26.25	-1.25	1.0076793142851828
-26.25	0.0	1.015792165990372
-26.25	1.25	1.0235133376615357
-26.25	2.5	1.0359635836437713
-26.25	3.75	1.0180588592658615
-26.25	5.0	1.0275334240650276
-26.25	6.25	1.0147097060507932
-26.25	7.5	1.0178815968184776
-26.25	8.75	1.0098591337111835
-26.25	10.0	1.011683333645034
-26.25	11.25	1.007492086938045
-26.25	12.5	1.0075757553058724
-26.25	13.75	1.0072032688491757
-26.25	15.0	1.0037483210524873
-26.25	16.25	0.976993179550715
-26.25	17.5	0.9565933407959376
-26.25	18.75	0.9171886167959751
-26.25	20.0	0.881488025993406
-26.25	21.25	0.8408917721999878
-26.25	22.5	0.7806773772545947
-26.25	23.75	0.7416140943451227
-26.25	25.0	0.7149619374916711
-26.25	26.25	0.683500862682449
-26.25	27.5	0.6373082964628413
-26.25	28.75	0.3959946014768167
-26.25	30.0	0.9246760288792436
-25.0	31.25	0.9144724535514503
-25.0	30.0	0.3335778417824515
-25.0	28.75	0.6124362127652534
-25.0	27.5	0.6987229972716961
-25.0	26.25	0.7002351386153098
-25.0	25.0	0.7360699257753107
-25.0	23.75	0.7978054939746666
-25.0	22.5	0.8546255736893725
-25.0	21.25	0.8960591728773836
-25.0	20.0	0.9432576491519244
-25.0	18.75	0.9635266462973938
-25.0	17.5	0.9815009759500739
-25.0	16.25	1.0060534058379074
-25.0	15.0	1.0014669218878856
-25.0	13.75	1.0069136227001254
-25.0	12.5	1.0245848347243853
-25.0	11.25	1.0200849826778147
-25.0	10.0	1.0105694971912456
-25.0	8.75	1.0153765031984419
-25.0	7.5	1.0159782804955864
-25.0	6.25	1.011295219660054
-25.0	5.0	1.001425478957837
-25.0	3.75	0.9984257259939089
-25.0	2.5	0.9895627479018547
-25.0	1.25	1.0240390319099624
-25.0	-0.0	1.0203348391591618
-25.0	-1.25	1.0239206652777166
-25.0	-2.5	1.039809994049592
-25.0	-3.75	1.0388670843551406
-25.0	-5.0	1.0326823758652113
-25.0	-6.25	1.040414915702526
-25.0	-7.5	1.0112665051874175
-25.0	-8.75	1.0193389902376069
-25.0	-10.0	1.0305481919234247
-25.0	-11.25	1.032484816438103
-25.0	-12.5	1.040777505038449
-25.0	-13.75	1.0388868800462296
-25.0	-15.0	1.0373587236276192
-25.0	-16.25	1.0411869207859379
-25.0	-17.5	1.0406774176992895
-25.0	-18.75	1.041941228031482
-25.0	-20.0	1.036404450411285
-25.0	-21.25	1.0300951476864124
-25.0	-22.5	1.0224006080788577
-25.0	-23.75	1.0057343267541998
-25.0	-25.0	0.9933864146545879
-25.0	-26.25	0.9528892502186642
-25.0	-27.5	0.959340331900822
-25.0	-28.75	0.9641030225735389
-25.0	-30.0	0.8003977409043859
-25.0	-31.25	0.8807163206380371
-23.75	-32.5	0.9812529991394996
-23.75	-31.25	0.7422801071997184
-23.75	-30.0	0.9270641174720168
-23.75	-28.75	0.9367258961531119
-23.75	-27.5	0.9279474465667389
-23.75	-26.25	0.9657190857619895
-23.75	-25.0	0.9868758462331287
-23.75	-23.75	1.0097747566469517
-23.75	-22.5	1.018278420791222
-23.75	-21.25	1.0382368241685438
-23.75	-20.0	1.0454918100306037
-23.75	-18.75	1.0443997365678395
-23.75	-17.5	1.0408697601509966
-23.75	-16.25	1.0375765465103988
-23.75	-15.0	1.0314297989589205
-23.75	-13.75	1.0302287853437264
-23.75	-12.5	1.025472288215269
-23.75	-11.25	1.0319437814935206
-23.75	-10.0	1.0274388978737552
-23.75	-8.75	1.0231185887715686
-23.75	-7.5	1.0226372752381534
-23.75	-6.25	1.0133525932015321
-23.75	-5.0	1.0242201152977872
-23.75	-3.75	1.0237809267148086
-23.75	-2.5	1.0273933072894768
-23.75	-1.25	1.01296466112434
-23.75	0.0	1.020608883436515
-23.75	1.25	1.0177639672492476
-23.75	2.5	1.0257538354776408
-23.75	3.75	1.0249521729214817
-23.75	5.0	1.0201743466914046
-23.75	6.25	1.012706409925919
-23.75	7.5	0.9798339746516209
-23.75	8.75	0.9736361022756729
-23.75	10.0	1.010031346221134
-23.75	11.25	1.0216259234521061
-23.75	12.5	1.0214689116504343
-23.75	13.75	1.0220134083951964
-23.75	15.0	1.0078502696156033
-23.75	16.25	1.0146708715546282
-23.75	17.5	1.0064726379626694
-23.75	18.75	0.9998662046825634
-23.75	20.0	0.9696112508220092
-23.75	21.25	0.9527620427530427
-23.75	22.5	0.9051027319598941
-23.75	23.75	0.8566052143700109
-23.75	25.0	0.7829891685993234
-23.75	26.25	0.7418840343926393
-23.75	27.5	0.715246735691682
-23.75	28.75	0.6878696002816489
-23.75	30.0	0.5923268131775031
-23.75	31.25	0.37436587075700445
-23.75	32.5	0.9834207087008748
-22.5	32.5	0.8380272698110822
-22.5	31.25	0.5043762457467782
-22.5	30.0	0.6796347824973191
-22.5	28.75	0.7095918989899418
-22.5	27.5	0.7352557836779978
-22.5	26.25	0.782470429008205
-22.5	25.0	0.843578403492347
-22.5	23.75	0.8987774577734959
-22.5	22.5	0.9534062386888181
-22.5	21.25	0.9743450262380603
-22.5	20.0	1.0005267162096987
-22.5	18.75	1.0173090064993318
-22.5	17.5	1.027547219826167
-22.5	16.25	1.0116370880707422
-22.5	15.0	1.0283289708699503
-22.5	13.75	1.0342531875447505
-22.5	12.5	1.025782364843992
-22.5	11.25	1.0045682619769685
-22.5	10.0	1.0149508916021683
-22.5	8.75	1.026625937677402
-22.5	7.5	1.0298165258858085
-22.5	6.25	1.0274377716688499
-22.5	5.0	1.0257638464407925
-22.5	3.75	1.0269724264064077
-22.5	2.5	1.0278509610674342
-22.5	1.25	1.006303957711033
-22.5	-0.0	1.0300935321851012
-22.5	-1.25	1.023640803142784
-22.5	-2.5	1.027265999109514
-22.5	-3.75	1.0092282733984066
-22.5	-5.0	1.0129044033023036
-22.5	-6.25	1.0193428938335762
-22.5	-7.5	1.019184744089683
-22.5	-8.75	1.0242051885436885
-22.5	-10.0	1.0229281355275297
-22.5	-11.25	1.0208062904597526
-22.5	-12.5	1.0338332572980438
-22.5	-13.75	1.0101256587214371
-22.5	-15.0	1.032175294346956
-22.5	-16.25	1.022779342327921
-22.5	-17.5	1.0326439483301664
-22.5	-18.75	1.043343602939297
-22.5	-20.0	1.0597283057437543
-22.5	-21.25	1.0602334951746528
-22.5	-22.5	1.0565099530401236
-22.5	-23.75	1.0316504996503584
-22.5	-25.0	1.0038896470813878
-22.5	-26.25	0.9768849629426561
-22.5	-27.5	0.9468739948078627
-22.5	-28.75	0.9049389666508008
-22.5	-30.0	0.9296944011775174
-22.5	-31.25	0.8537347478951902
-22.5	-32.5	0.8664980793181362
-21.25	-33.75	0.8455323701234819
-21.25	-32.5	0.8040631818257371
-21.25	-31.25	0.9150777409163622
-21.25	-30.0	0.8862975364922934
-21.25	-28.75	0.9063225575089486
-21.25	-27.5	0.9496905044078474
-21.25	-26.25	0.9998500026462428
-21.25	-25.0	1.0268309669199185
-21.25	-23.75	1.0366210493113175
-21.25	-22.5	1.0526778033694209
-21.25	-21.25	1.0495326922921375
-21.25	-20.0	1.0396234373673972
-21.25	-18.75	1.0339794356603935
-21.25	-17.5	1.0346482532184478
-21.25	-16.25	1.0292449113074102
-21.25	-15.0	1.0323960714958105
-21.25	-13.75	1.027578916607844
-21.25	-12.5	1.0251037771752292
-21.25	-11.25	1.0178899528011345
-21.25	-10.0	1.0218611807621782
-21.25	-8.75	1.0161429025210418
-21.25	-7.5	1.0126651612408692
-21.25	-6.25	1.0128810005408795
-21.25	-5.0	1.0059180546513413
-21.25	-3.75	1.0164511033741752
-21.25	-2.5	1.0132417251151622
-21.25	-1.25	1.0119353651374572
-21.25	0.0	1.0292311480298277
-21.25	1.25	1.0303254628686966
-21.25	2.5	1.0270665176286697
-21.25	3.75	1.0273957607879922
-21.25	5.0	1.0202163939914726
-21.25	6.25	1.0221648290673133
-21.25	7.5	1.0219607396161132
-21.25	8.75	1.034782046312424
-21.25	10.0	1.0217445685708149
-21.25	11.25	1.026555989650703
-21.25	12.5	1.0318768814849868
-21.25	13.75	1.0264952674874037
-21.25	15.0	1.0322299298317072
-21.25	16.25	1.0263092539649568
-21.25	17.5	1.0307229417212487
-21.25	18.75	1.0199782679827547
-21.25	20.0	1.0149283112529506
-21.25	21.25	0.9992999116355057
-21.25	22.5	0.9818973366780781
-21.25	23.75	0.9656962749736697
-21.25	25.0	0.9063561533467017
-21.25	26.25	0.8426584215631218
-21.25	27.5	0.7701989943669406
-21.25	28.75	0.7278893462780474
-21.25	30.0	0.7030905290071637
-21.25	31.25	0.6756740201617435
-21.25	32.5	0.39016149711783227
-21.25	33.75	0.9688207454971615
-20.0	35.0	0.9178745292514511
-20.0	33.75	0.5143674459335266
-20.0	32.5	0.5943463169043179
-20.0	31.25	0.7166124862581952
-20.0	30.0	0.7245853034985643
-20.0	28.75	0.7487927602782924
-20.0	27.5	0.8175993902463239
-20.0	26.25	0.8885306667499052
-20.0	25.0	0.9535663115468163
-20.0	23.75	0.9899290111307546
-20.0	22.5	0.9957493259613085
-20.0	21.25	1.017494020415719
-20.0	20.0	1.0200224392553976
-20.0	18.75	1.0206870118053555
-20.0	17.5	1.0107480339560297
-20.0	16.25	1.0231736807263727
-20.0	15.0	1.0274564260578207
-20.0	13.75	1.025484172909803
-20.0	12.5	1.015152651634385
-20.0	11.25	1.0298354278452628
-20.0	10.0	1.0213273423549973
-20.0	8.75	1.0131169157105757
-20.0	7.5	1.0193755932507402
-20.0	6.25	1.0121896779991064
-20.0	5.0	1.0180163348951554
-20.0	3.75	1.0092534896819398
-20.0	2.5	1.0067337075295182
-20.0	1.25	1.027097598747358
-20.0	-0.0	1.0146911804057617
-20.0	-1.25	1.0033959719952663
-20.0	-2.5	1.012160279148282
-20.0	-3.75	0.9999035852145028
-20.0	-5.0	1.0099134251959256
-20.0	-6.25	1.011118112226656
-20.0	-7.5	1.0092749899832114
-20.0	-8.75	1.0085694385634705
-20.0	-10.0	1.011158528011725
-20.0	-11.25	1.008239663764187
-20.0	-12.5	1.0014215700467137
-20.0	-13.75	1.001625370802128
-20.0	-15.0	1.014508964875899
-20.0	-16.25	1.0143828784436002
-20.0	-17.5	1.012042494972217
-20.0	-18.75	1.0220287882347705
-20.0	-20.0	1.0308795385528378
-20.0	-21.25	1.0403555399053306
-20.0	-22.5	1.0472602613226782
-20.0	-23.75	1.049883188778077
-20.0	-25.0	1.0398863973350978
-20.0	-26.25	1.0292392325184743
-20.0	-27.5	0.9662042896574706
-20.0	-28.75	0.9249612062211321
-20.0	-30.0	0.8739249954766763
-20.0	-31.25	0.8746434534380014
-20.0	-32.5	0.8704799901456606
-20.0	-33.75	0.7403270680544034
-20.0	-35.0	0.883846872091959
-18.75	-35.0	0.924935251498775
-18.75	-33.75	0.7877185807007423
-18.75	-32.5	0.8896496946284018
-18.75	-31.25	0.8371206277471279
-18.75	-30.0	0.885015717871263
-18.75	-28.75	0.9481640474218316
-18.75	-27.5	1.0075100330410394
-18.75	-26.25	1.0341270637752786
-18.75	-25.0	1.052110192966805
-18.75	-23.75	1.046833709640694
-18.75	-22.5	1.0403238908793961
-18.75	-21.25	1.0304606016805444
-18.75	-20.0	1.0107955834960032
-18.75	-18.75	1.014745942279841
-18.75	-17.5	1.0230263235363213
-18.75	-16.25	0.9968593472402453
-18.75	-15.0	1.0015658842511261
-18.75	-13.75	1.0170278682995364
-18.75	-12.5	1.0039839566937074
-18.75	-11.25	0.9967785226855949
-18.75	-10.0	1.0053466960057391
-18.75	-8.75	1.0147656411958204
-18.75	-7.5	1.015947489957336
-18.75	-6.25	1.008583872675137
-18.75	-5.0	1.0037587473241354
-18.75	-3.75	1.0049083972675998
-18.75	-2.5	1.016631271452497
-18.75	-1.25	1.0044365843513097
-18.75	0.0	1.016344600141637
-18.75	1.25	1.0126131572836574
-18.75	2.5	1.0188783431191115
-18.75	3.75	1.0191894998836324
-18.75	5.0	1.011581238734864
-18.75	6.25	1.0179487342439058
-18.75	7.5	1.0266113029513815
-18.75	8.75	1.0143295507352017
-18.75	10.0	1.0368647796550774
-18.75	11.25	1.0113194180107246
-18.75	12.5	1.0279411879652733
-18.75	13.75	1.0211985421956438
-18.75	15.0	1.0198889259051651
-18.75	16.25	1.0206350237712472
-18.75	17.5	1.0185008286347181
-18.75	18.75	1.0205743582342282
-18.75	20.0	1.0254406758413583
-18.75	21.25	1.0287716471658952
-18.75	22.5	1.011381852201878
-18.75	23.75	0.9955745872235376
-18.75	25.0	0.9751087283771718
-18.75	26.25	0.9351588695832007
-18.75	27.5	0.8740518661588716
-18.75	28.75	0.7993196618457001
-18.75	30.0	0.7169239620261313
-18.75	31.25	0.7222905104102341
-18.75	32.5	0.6747038234910041
-18.75	33.75	0.4448950529456903
-18.75	35.0	0.9127267467587877
-17.5	36.25	0.9508204410959522
-17.5	35.0	0.23308663026639662
-17.5	33.75	0.6119003606042263
-17.5	32.5	0.7062248859147384
-17.5	31.25	0.7151731049466489
-17.5	30.0	0.7523317624765888
-17.5	28.75	0.8369760149676004
-17.5	27.5	0.9034648166520945
-17.5	26.25	0.9666957139656962
-17.5	25.0	0.9991552543472253
-17.5	23.75	1.0107359128325395
-17.5	22.5	1.0324919404148378
-17.5	21.25	1.0167357896644644
-17.5	20.0	1.0166092675113503
-17.5	18.75	1.026571395690566
-17.5	17.5	1.0292411551948482
-17.5	16.25	1.0276054961867398
-17.5	15.0	1.0310930887469603
-17.5	13.75	1.0220694557366525
-17.5	12.5	1.0316015475664875
-17.5	11.25	1.0288490976674867
-17.5	10.0	1.0151919524953812
-17.5	8.75	1.0197899802703243
-17.5	7.5	1.0158438279134647
-17.5	6.25	1.012868803692
-17.5	5.0	1.0124186489601523
-17.5	3.75	1.0137378485977722
-17.5	2.5	1.0126053705464055
-17.5	1.25	1.0219805484792566
-17.5	-0.0	1.0181997046114821
-17.5	-1.25	1.0134254311581734
-17.5	-2.5	1.0047237516957037
-17.5	-3.75	0.9965081906948171
-17.5	-5.0	1.0099075545776786
-17.5	-6.25	1.0105498758267015
-17.5	-7.5	1.008393386877628
-17.5	-8.75	0.9984158747425538
-17.5	-10.0	1.0050693357112221
-17.5	-11.25	0.9999474744259298
-17.5	-12.5	1.00131240211087
-17.5	-13.75	1.0082573737344682
-17.5	-15.0	1.0038964910305848
-17.5	-16.25	1.0005035255402195
-17.5	-17.5	1.0067193191822064
-17.5	-18.75	1.0015933765947431
-17.5	-20.0	1.0267176230124548
-17.5	-21.25	1.0349712116830179
-17.5	-22.5	1.0359773198556916
-17.5	-23.75	1.035050790407905
-17.5	-25.0	1.0512220007616633
-17.5	-26.25	1.0456372865266477
-17.5	-27.5	1.0315913645024706
-17.5	-28.75	0.9946915489728073
-17.5	-30.0	0.9052796093812764
-17.5	-31.25	0.8331074442634551
-17.5	-32.5	0.8273947348546349
-17.5	-33.75	0.8648089907413495
-17.5	-35.0	0.7683269422254729
-17.5	-36.25	0.8461271459132005
-16.25	-36.25	0.7036519027393019
-16.25	-35.0	0.6999644184113676
-16.25	-33.75	0.8503830958526044
-16.25	-32.5	0.7909487658133049
-16.25	-31.25	0.8573408377066201
-16.25	-30.0	0.9444535722846226
-16.25	-28.75	1.030989627148198
-16.25	-27.5	1.0496566857661074
-16.25	-26.25	1.0631783758150668
-16.25	-25.0	1.0498810647436414
-16.25	-23.75	1.0398277829834934
-16.25	-22.5	1.0310489619632839
-16.25	-21.25	1.0089882417717435
-16.25	-20.0	1.0095764956427131
-16.25	-18.75	1.0041240167807834
-16.25	-17.5	0.9924802114689103
-16.25	-16.25	0.9952078899640936
-16.25	-15.0	0.9984387464846012
-16.25	-13.75	0.9908644753092731
-16.25	-12.5	0.9974481440856022
-16.25	-11.25	1.00188747655153
-16.25	-10.0	1.0116788292562602
-16.25	-8.75	1.014243151178668
-16.25	-7.5	1.015371763098388
-16.25	-6.25	1.0180687629558691
-16.25	-5.0	1.0141877308846328
-16.25	-3.75	1.0152616099939937
-16.25	-2.5	1.01183276796545
-16.25	-1.25	1.0053206094838694
-16.25	0.0	1.0118723033046535
-16.25	1.25	1.0127966357412552
-16.25	2.5	1.018450033124753
-16.25	3.75	1.0137712632975047
-16.25	5.0	1.017884805003015
-16.25	6.25	1.0193450601403078
-16.25	7.5	1.0216827325051279
-16.25	8.75	1.023076609402506
-16.25	10.0	1.0242943964680626
-16.25	11.25	1.0270695070322255
-16.25	12.5	1.0105620456453428
-16.25	13.75	1.0367017251865749
-16.25	15.0	1.0323931268682818
-16.25	16.25	1.0412540220076507
-16.25	17.5	1.044403869728175
-16.25	18.75	1.0357238934908297
-16.25	20.0	1.0423647607205295
-16.25	21.25	1.0374177473622865
-16.25	22.5	1.0341137502108186
-16.25	23.75	1.0198071422853938
-16.25	25.0	1.0016429362225197
-16.25	26.25	0.9926437376118222
-16.25	27.5	0.9591082018594123
-16.25	28.75	0.8873809445366391
-16.25	30.0	0.8090137452698914
-16.25	31.25	0.734687174880654
-16.25	32.5	0.7196321437642033
-16.25	33.75	0.6901281658227897
-16.25	35.0	0.4591616039909979
-16.25	36.25	0.9407093799028413
-15.0	37.5	0.9263997893453043
-15.0	36.25	0.8010295715483189
-15.0	35.0	0.570797180736394
-15.0	33.75	0.719736227461348
-15.0	32.5	0.7220798707869882
-15.0	31.25	0.7614319066734917
-15.0	30.0	0.8407086913586922
-15.0	28.75	0.9346860406327842
-15.0	27.5	0.9825131904235987
-15.0	26.25	1.0075806357753787
-15.0	25.0	1.0178253976835672
-15.0	23.75	1.037227007672275
-15.0	22.5	1.0310882148801492
-15.0	21.25	1.0321758764745474
-15.0	20.0	1.0303388098915731
-15.0	18.75	1.0368523216429182
-15.0	17.5	1.036684955327423
-15.0	16.25	1.0368932928922887
-15.0	15.0	1.0265570071447294
-15.0	13.75	1.0250671924944939
-15.0	12.5	1.0318859254093915
-15.0	11.25	1.0299789917753552
-15.0	10.0	1.0155023263317489
-15.0	8.75	1.0188181203138276
-15.0	7.5	1.014320166250407
-15.0	6.25	1.0252090772316174
-15.0	5.0	1.0252644948276257
-15.0	3.75	1.0134474215083022
-15.0	2.5	1.016855047736314
-15.0	1.25	1.0043620976545236
-15.0	-0.0	1.0089100549713863
-15.0	-1.25	1.0184974704759953
-15.0	-2.5	1.0059467292405804
-15.0	-3.75	1.0320730914741696
-15.0	-5.0	1.0142996784644507
-15.0	-6.25	1.0132546254398074
-15.0	-7.5	1.0062158457528287
-15.0	-8.75	1.0117834155116014
-15.0	-10.0	1.0129662976115246
-15.0	-11.25	1.016886267046023
-15.0	-12.5	0.9949848224717222
-15.0	-13.75	1.0006538377628422
-15.0	-15.0	0.9956374972231609
-15.0	-16.25	0.9804820525673807
-15.0	-17.5	0.9895466911878822
-15.0	-18.75	1.0039028128841925
-15.0	-20.0	0.9958100730240802
-15.0	-21.25	1.0089504744077706
-15.0	-22.5	1.012076162044321
-15.0	-23.75	1.0340082529349814
-15.0	-25.0	1.0464828100422885
-15.0	-26.25	1.054350508991873
-15.0	-27.5	1.0681709386671039
-15.0	-28.75	1.038504169259543
-15.0	-30.0	0.9731035647227373
-15.0	-31.25	0.8851893125302378
-15.0	-32.5	0.8103674453224105
-15.0	-33.75	0.8100668269070384
-15.0	-35.0	0.8209721757052838
-15.0	-36.25	0.8552263401867767
-15.0	-37.5	0.8987739001870575
-13.75	-37.5	0.7441761087816211
-13.75	-36.25	0.7071583903614337
-13.75	-35.0	0.8294482598105509
-13.75	-33.75	0.7809956223050036
-13.75	-32.5	0.8216820781730485
-13.75	-31.25	0.9344886568502128
-13.75	-30.0	1.0094453759819226
-13.75	-28.75	1.042036105523854
-13.75	-27.5	1.0550222265356595
-13.75	-26.25	1.05297540927401
-13.75	-25.0	1.039315834619442
-13.75	-23.75	1.025543040369824
-13.75	-22.5	1.0155928040234905
-13.75	-21.25	1.0044833063918452
-13.75	-20.0	0.9856860842700604
-13.75	-18.75	0.9841743513530329
-13.75	-17.5	0.9897400666676207
-13.75	-16.25	0.985879829752356
-13.75	-15.0	0.9934953174452313
-13.75	-13.75	0.9969773794770782
-13.75	-12.5	0.998869880749566
-13.75	-11.25	1.0036374027653048
-13.75	-10.0	0.9885978377228477
-13.75	-8.75	1.0013678885274278
-13.75	-7.5	1.010305327308921
-13.75	-6.25	1.006445977099724
-13.75	-5.0	1.0086478517933424
-13.75	-3.75	1.0200604697234603
-13.75	-2.5	1.0145113589514776
-13.75	-1.25	1.010324263530248
-13.75	0.0	1.0029116946276189
-13.75	1.25	1.0065928662350232
-13.75	2.5	1.0116857539653967
-13.75	3.75	1.015588987166262
-13.75	5.0	1.0031106015066316
-13.75	6.25	1.023551712011183
-13.75	7.5	1.0140619016278214
-13.75	8.75	1.0127804670828768
-13.75	10.0	1.0084087620378457
-13.75	11.25	1.0247960794850088
-13.75	12.5	1.0273284698292802
-13.75	13.75	1.0149787228542122
-13.75	15.0	1.0198155821692496
-13.75	16.25	1.02701762708818
-13.75	17.5	1.0363567233814106
-13.75	18.75	1.0381114847059822
-13.75	20.0	1.0322342616024518
-13.75	21.25	1.0425915662946919
-13.75	22.5	1.0384141427748748
-13.75	23.75	1.0323345096053813
-13.75	25.0	1.03681187366945
-13.75	26.25	1.020554677678852
-13.75	27.5	0.9946398430804936
-13.75	28.75	0.9508629203624773
-13.75	30.0	0.8855730914590476
-13.75	31.25	0.8117416912562931
-13.75	32.5	0.729622986732081
-13.75	33.75	0.7237325001188303
-13.75	35.0	0.6602441726264557
-13.75	36.25	0.2644903622446109
-13.75	37.5	0.894225531223627
-12.5	37.5	0.8163363208517055
-12.5	36.25	0.36060363355867675
-12.5	35.0	0.6889156730616003
-12.5	33.75	0.705622128697789
-12.5	32.5	0.7461434157879171
-12.5	31.25	0.8406100114992002
-12.5	30.0	0.9067902908399301
-12.5	28.75	0.9980859510154931
-12.5	27.5	0.9999406014830271
-12.5	26.25	1.0337167153260012
-12.5	25.0	1.0378024422313594
-12.5	23.75	1.035097500804624
-12.5	22.5	1.0212578954744658
-12.5	21.25	1.0279948136337678
-12.5	20.0	1.0334696587708223
-12.5	18.75	1.043690878767761
-12.5	17.5	1.0215452438285617
-12.5	16.25	1.033140917365426
-12.5	15.0	1.0267781797819633
-12.5	13.75	1.0312533860250888
-12.5	12.5	1.0110642306801276
-12.5	11.25	1.015388323237021
-12.5	10.0	1.0118783241179612
-12.5	8.75	1.0222516261431396
-12.5	7.5	1.0139206616864567
-12.5	6.25	1.0180983023049024
-12.5	5.0	1.0114812683261998
-12.5	3.75	1.008964872087226
-12.5	2.5	1.0156174163490708
-12.5	1.25	1.0066804484114837
-12.5	-0.0	1.0151725754443301
-12.5	-1.25	1.0057586261332276
-12.5	-2.5	0.9991784883500245
-12.5	-3.75	1.007933749654667
-12.5	-5.0	1.0213639116965418
-12.5	-6.25	1.012083537771841
-12.5	-7.5	1.0090575869877392
-12.5	-8.75	1.002199055383661
-12.5	-10.0	0.9993479851986042
-12.5	-11.25	0.9923366587651645
-12.5	-12.5	1.0089031524798837
-12.5	-13.75	0.9878535879606231
-12.5	-15.0	0.9839475880834934
-12.5	-16.25	0.9917409425235286
-12.5	-17.5	0.981669474141894
-12.5	-18.75	0.9763000966630143
-12.5	-20.0	0.9940833170911338
-12.5	21.25	1.0248938271410608
-12.5	22.5	1.023306947086096
-12.5	23.75	1.0295662481649455
-12.5	25.0	1.0378983677122136
-12.5	26.25	1.0161069273450076
-12.5	27.5	0.9968542861649222
-12.5	28.75	0.9656206514344835
-12.5	30.0	0.9118252993481096
-12.5	31.25	0.8148606237214183
-12.5	32.5	0.7377622760429928
-12.5	33.75	0.7045450550077098
-12.5	35.0	0.6959850250466715
-12.5	36.25	0.4197812283816984
-12.5	37.5	0.8301269278904592
-11.25	38.75	0.8891367044742005
-11.25	37.5	0.43547149862280593
-11.25	36.25	0.5827930408301302
-11.25	35.0	0.71923226500942
-11.25	33.75	0.7148995862988073
-11.25	32.5	0.775938534812415
-11.25	31.25	0.8592225106132207
-11.25	30.0	0.9290500837452078
-11.25	28.75	0.9845435920162583
-11.25	27.5	1.003310640510725
-11.25	26.25	1.0347550656692057
-11.25	25.0	1.0359991958840165
-11.25	23.75	1.03022210226826
-11.25	22.5	1.0320943927329105
-11.25	21.25	1.0387935374676154
-11.25	20.0	1.0231143698795095
-11.25	18.75	1.029358936148522
-11.25	17.5	1.0283904334772136
-11.25	16.25	1.0178659338430804
-11.25	15.0	1.0219685277326207
-11.25	13.75	1.003826468724371
-11.25	12.5	1.014756120475845
-11.25	11.25	1.0145532439247127
-11.25	10.0	1.0102281348536328
-11.25	8.75	1.0120585465369567
-11.25	7.5	1.0012972281277461
-11.25	6.25	0.9982965512399116
-11.25	5.0	1.004608177250052
-11.25	3.75	0.9950192770687811
-11.25	2.5	1.0073320203835328
-11.25	1.25	1.011480806369958
-11.25	-0.0	1.0018535220497806
-11.25	-1.25	1.0080118321659473
-11.25	-2.5	1.0120696473005575
-11.25	-3.75	1.0056906800026857
-11.25	-5.0	0.996746871699091
-11.25	-6.25	1.0006240159941613
-11.25	-7.5	0.9954223856121387
-11.25	-8.75	1.000528497278114
-11.25	-10.0	1.0043173570547606
-11.25	-11.25	0.9889342502180157
-11.25	-12.5	0.9932065742314904
-11.25	-13.75	1.009582496408061
-11.25	-15.0	0.9831685049081951
-11.25	-16.25	0.9885575583822602
-11.25	-17.5	0.959602035233799
-11.25	-18.75	0.9782900096825432
-11.25	-20.0	0.9754975820447167
-11.25	-21.25	0.9757453856015551
-11.25	-22.5	0.9848692410449655
-11.25	-23.75	0.9913096382310885
-11.25	-25.0	1.0148855955904996
-11.25	-26.25	1.0267172223670904
-11.25	-27.5	1.051828238178535
-11.25	-28.75	1.0570175828514958
-11.25	-30.0	1.0497880057424755
-11.25	-31.25	0.9721517011276551
-11.25	-32.5	0.8800539282969946
-11.25	-33.75	0.7591677454253308
-11.25	-35.0	0.74603492506497
-11.25	-36.25	0.81807273806765
-11.25	-37.5	0.8417155425527308
-11.25	-38.75	0.8795050568363748
-10.0	-38.75	0.7265524655991894
-10.0	-37.5	1.0107699335201192
-10.0	-36.25	0.8046804302392787
-10.0	-35.0	0.7279774739067937
-10.0	-33.75	0.7787172363322437
-10.0	-32.5	0.9021780123475441
-10.0	-31.25	1.0151546728566752
-10.0	-30.0	1.0715861140674035
-10.0	-28.75	1.047367814468656
-10.0	-27.5	1.0405308400217932
-10.0	-26.25	1.019349881564264
-10.0	-25.0	0.9965115775144805
-10.0	-23.75	0.9910990310172187
-10.0	-22.5	0.9840078607462832
-10.0	-21.25	0.9899380902204168
-10.0	-20.0	0.964029576817484
-10.0	-18.75	0.9605142949691845
-10.0	-17.5	0.9780159047454969
-10.0	-16.25	0.9870494904005297
-10.0	-15.0	0.9829712639143499
-10.0	-13.75	1.0005365452848447
-10.0	-12.5	0.9924135143252383
-10.0	-11.25	0.9987957501254042
-10.0	-10.0	1.0128143995357028
-10.0	-8.75	1.008498413616338
-10.0	-7.5	1.0144874149759933
-10.0	-6.25	1.011845719562191
-10.0	-5.0	1.0091097396338917
-10.0	-3.75	1.008328084337403
-10.0	-2.5	1.010743864891078
-10.0	-1.25	1.0162481899592726
-10.0	0.0	1.0148531565953323
-10.0	1.25	1.012584088649055
-10.0	2.5	1.0008460974878592
-10.0	3.75	0.9896683038652417
-10.0	5.0	0.9991368336629883
-10.0	6.25	1.0074793290023005
-10.0	7.5	1.0006001405216864
-10.0	8.75	1.0053957141039562
-10.0	10.0	1.0104251423551092
-10.0	11.25	1.0023001843304358
-10.0	12.5	1.0140801238302644
-10.0	13.75	1.0066745689637688
-10.0	15.0	1.014316068797045
-10.0	16.25	1.0224327489281533
-10.0	17.5	1.020413185032411
-10.0	18.75	1.0315013472070256
-10.0	20.0	1.0299838175864016
-10.0	21.25	1.0410884319621276
-10.0	22.5	1.0424454599661166
-10.0	23.75	1.0403190896224808
-10.0	25.0	1.0368139451407128
-10.0	26.25	1.0316063368624147
-10.0	27.5	1.0149022208843927
-10.0	28.75	0.99532853328267
-10.0	30.0	0.9565572664022253
-10.0	31.25	0.8840623327102056
-10.0	32.5	0.785753733701708
-10.0	33.75	0.7226087219376529
-10.0	35.0	0.7106527364121822
-10.0	36.25	0.6435065407088667
-10.0	37.5	0.23333090376265928
-10.0	38.75	0.9031785941734883
-8.75	38.75	0.8930644488093588
-8.75	37.5	0.35139542053445466
-8.75	36.25	0.6905081427989758
-8.75	35.0	0.7001146724782541
-8.75	33.75	0.7299987838638515
-8.75	32.5	0.823661213839908
-8.75	31.25	0.9024812023347918
-8.75	30.0	0.9707834044665322
-8.75	28.75	1.0099302057033466
-8.75	27.5	1.027216789609882
-8.75	26.25	1.0391105344145035
-8.75	25.0	1.0354647515466706
-8.75	23.75	1.0309400483004796
-8.75	22.5	1.030775679294445
-8.75	21.25	1.0231548342929995
-8.75	20.0	1.034837296803604
-8.75	18.75	1.0226736407382726
-8.75	17.5	1.03101895013679
-8.75	16.25	1.0294424146985808
-8.75	15.0	1.017943842398574
-8.75	13.75	1.0154346170059674
-8.75	12.5	1.0135356480537223
-8.75	11.25	1.000941531156969
-8.75	10.0	0.9987139599713363
-8.75	8.75	1.0050792038142053
-8.75	7.5	0.9989089931787156
-8.75	6.25	1.0033303234319753
-8.75	5.0	1.002488824554221
-8.75	3.75	1.0029520921688913
-8.75	2.5	1.010277207674071
-8.75	1.25	1.007801093996576
-8.75	-0.0	1.0139415680205355
-8.75	-1.25	1.019290891521234
-8.75	-2.5	0.9991162392060433
-8.75	-3.75	1.0172586311978662
-8.75	-5.0	1.0175096806288506
-8.75	-6.25	1.0089851781924144
-8.75	-7.5	1.0000338597985272
-8.75	-8.75	1.0078966774678453
-8.75	-10.0	1.0077423205630718
-8.75	-11.25	1.0039670305282724
-8.75	-12.5	0.9879273622317383
-8.75	-13.75	0.9968560258161501
-8.75	-15.0	0.9796014425061261
-8.75	-16.25	0.9858089581624713
-8.75	-17.5	0.9888458791058352
-8.75	-18.75	0.9790201490527579
-8.75	-20.0	0.9659097637352133
-8.75	-21.25	0.9788647091600249
-8.75	-22.5	0.9841935921107582
-8.75	-23.75	0.9945748079710348
-8.75	-25.0	1.0081816276317157
-8.75	-26.25	1.015332854759725
-8.75	-27.5	1.0409185226922935
-8.75	-28.75	1.0563399573621841
-8.75	-30.0	1.0620721619492024
-8.75	-31.25	1.01764162523569
-8.75	-32.5	0.9411065362858013
-8.75	-33.75	0.808049559465177
-8.75	-35.0	0.7309508743998033
-8.75	-36.25	0.7832442842749732
-8.75	-37.5	0.7374953392958663
-8.75	-38.75	0.7878174276355435
-7.5	-38.75	0.717197884194225
-7.5	-37.5	0.7368174997009201
-7.5	-36.25	0.769937776251697
-7.5	-35.0	0.733379167318201
-7.5	-33.75	0.8449258666021513
-7.5	-32.5	0.9570547279191167
-7.5	-31.25	1.0508977336361796
-7.5	-30.0	1.0684263646254626
-7.5	-28.75	1.0603544184657527
-7.5	-27.5	1.0418108007077806
-7.5	-26.25	0.9985197194560828
-7.5	-25.0	0.9939420192125851
-7.5	-23.75	0.9779139169699962
-7.5	-22.5	0.9691244374638944
-7.5	-21.25	0.9646383839328321
-7.5	-20.0	0.9781227483668806
-7.5	-18.75	0.97240074866844
-7.5	-17.5	0.9848606505173396
-7.5	-16.25	0.9720791587182983
-7.5	-15.0	0.9922488092208621
-7.5	-13.75	1.0005787816183638
-7.5	-12.5	1.0098038455785159
-7.5	-11.25	0.9962043236718657
-7.5	-10.0	1.0228513951919158
-7.5	-8.75	1.004897630583849
-7.5	-7.5	1.0171823788722478
-7.5	-6.25	1.0090464563011075
-7.5	-5.0	1.019259442478237
-7.5	-3.75	1.0292721969195677
-7.5	-2.5	1.011952693352038
-7.5	-1.25	1.0230864341496606
-7.5	0.0	1.015266319377362
-7.5	1.25	1.0114289750536631
-7.5	2.5	1.0020373515417624
-7.5	3.75	1.0079883320372043
-7.5	5.0	0.9947967295653034
-7.5	6.25	1.004154209089964
-7.5	7.5	1.0087169222524515
-7.5	8.75	0.9911665627505778
-7.5	10.0	1.0019679468078713
-7.5	11.25	0.9998076457905569
-7.5	12.5	1.0069084372677468
-7.5	13.75	1.0187291993423413
-7.5	15.0	1.015489490622706
-7.5	16.25	1.021911544311108
-7.5	17.5	1.0272902080478639
-7.5	18.75	1.0363250080765258
-7.5	20.0	1.0205204368453882
-7.5	21.25	1.0365268109232848
-7.5	22.5	1.0339997039154514
-7.5	23.75	1.0411636192566194
-7.5	25.0	1.0383289154994375
-7.5	26.25	1.038064067459303
-7.5	27.5	1.0288901800533692
-7.5	28.75	1.0062218924361837
-7.5	30.0	0.9731855464940148
-7.5	31.25	0.9134980543212694
-7.5	32.5	0.833195394803535
-7.5	33.75	0.7466264784394573
-7.5	35.0	0.7124737557170662
-7.5	36.25	0.7043652075154875
-7.5	37.5	0.39585085765470757
-7.5	38.75	0.8562474208427006
-6.25	40.0	0.8906124762871261
-6.25	38.75	1.0815381437414056
-6.25	37.5	0.5572254984629025
-6.25	36.25	0.7121008559882314
-6.25	35.0	0.7064166157773357
-6.25	33.75	0.7488949702094059
-6.25	32.5	0.8596811381482107
-6.25	31.25	0.9434296594098739
-6.25	30.0	0.9858170627648701
-6.25	28.75	1.0112877802576925
-6.25	27.5	1.0467211476056533
-6.25	26.25	1.0363288494142244
-6.25	25.0	1.0502604820476698
-6.25	23.75	1.0515956277437961
-6.25	22.5	1.0437073833663844
-6.25	21.25	1.0403922978690479
-6.25	20.0	1.029568883636656
-6.25	18.75	1.0355721454249203
-6.25	17.5	1.0288520466824573
-6.25	16.25	1.01744209757146
-6.25	15.0	1.0093194118334714
-6.25	13.75	1.0157867468203206
-6.25	12.5	1.0019163618571285
-6.25	11.25	0.9993116308209857
-6.25	10.0	1.0043470271990778
-6.25	8.75	1.0034200543130254
-6.25	7.5	1.0007838374189997
-6.25	6.25	1.0016017641630244
-6.25	5.0	1.007834473261459
-6.25	3.75	0.9863100580524029
-6.25	2.5	0.9955626616698378
-6.25	1.25	0.9962977570608901
-6.25	-0.0	1.011213534508613
-6.25	-1.25	1.0150038242226067
-6.25	-2.5	1.0068522465770806
-6.25	-3.75	1.0114218655042384
-6.25	-5.0	1.018192649778023
-6.25	-6.25	1.0112145901489764
-6.25	-7.5	1.0192667544016814
-6.25	-8.75	1.0116356749387239
-6.25	-10.0	1.0030351894110041
-6.25	-11.25	0.9922498699806237
-6.25	-12.5	0.9877454286184109
-6.25	-13.75	1.0057373510551373
-6.25	-15.0	0.9930496383708743
-6.25	-16.25	0.9761760347581486
-6.25	-17.5	0.9857400397062854
-6.25	-18.75	0.9738308954630168
-6.25	-20.0	0.9668257139091664
-6.25	-21.25	0.9698781164593188
-6.25	-22.5	0.9629342640928258
-6.25	-23.75	0.97412901381897
-6.25	-25.0	0.9779793242417124
-6.25	-26.25	1.0088945942878054
-6.25	-27.5	1.032780781560674
-6.25	-28.75	1.0460983898559806
-6.25	-30.0	1.0816077344457808
-6.25	-31.25	1.067810135689671
-6.25	-32.5	0.9987187656283876
-6.25	-33.75	0.8557904826377037
-6.25	-35.0	0.7470717704336418
-6.25	-36.25	0.7442625025082611
-6.25	-37.5	0.7980797613088962
-6.25	-38.75	0.7356958328216219
-6.25	-40.0	0.8674347834880616
-5.0	-40.0	0.8710992208039494
-5.0	-38.75	0.7844516392007378
-5.0	-37.5	0.7804980903886705
-5.0	-36.25	0.7212422664505289
-5.0	-35.0	0.7490485249777876
-5.0	-33.75	0.8936086653824462
-5.0	-32.5	1.0142879519257495
-5.0	-31.25	1.0698806403267351
-5.0	-30.0	1.0635709071931674
-5.0	-28.75	1.0461059592197943
-5.0	-27.5	1.0185917886648181
-5.0	-26.25	0.988347641990591
-5.0	-25.0	0.9920119588285307
-5.0	-23.75	0.9714363528311414
-5.0	-22.5	0.973030172881548
-5.0	-21.25	0.9644979531424386
-5.0	-20.0	0.951136603709359
-5.0	-18.75	0.9833288878468304
-5.0	-17.5	0.9727114890952283
-5.0	-16.25	0.9792126532205434
-5.0	-15.0	0.9952424206024031
-5.0	-13.75	1.0013609802026
-5.0	-12.5	1.006201676904575
-5.0	-11.25	1.0031280648132126
-5.0	-10.0	1.0053451443287242
-5.0	-8.75	1.004808335088608
-5.0	-7.5	1.0092317339591594
-5.0	-6.25	1.0066197621040003
-5.0	-5.0	1.0165531118853472
-5.0	-3.75	1.0198716798785872
-5.0	-2.5	1.0254128857307787
-5.0	-1.25	1.0257478206256454
-5.0	0.0	1.0054729147005566
-5.0	1.25	0.9812360931796306
-5.0	2.5	1.0057823104454855
-5.0	3.75	0.9845712195193327
-5.0	5.0	0.9847833646551793
-5.0	6.25	0.9890806690447115
-5.0	7.5	1.0014023017040692
-5.0	8.75	1.0051749756316057
-5.0	10.0	1.002817938708399
-5.0	11.25	1.00644583903968
-5.0	12.5	1.0021111656967536
-5.0	13.75	1.0010181448211821
-5.0	15.0	1.0026990084963838
-5.0	16.25	1.0167255470278695
-5.0	17.5	1.0269850786253425
-5.0	18.75	1.0316371719694089
-5.0	20.0	1.032817737199282
-5.0	21.25	1.0361557741825127
-5.0	22.5	1.0267301497501036
-5.0	23.75	1.04640291964591
-5.0	25.0	1.0465761214318192
-5.0	26.25	1.0378431185901675
-5.0	27.5	1.0486271404056005
-5.0	28.75	1.0100049970418656
-5.0	30.0	1.0008856063263791
-5.0	31.25	0.9612302938014426
-5.0	32.5	0.861602781907086
-5.0	33.75	0.7665406451225258
-5.0	35.0	0.7178059297609454
-5.0	36.25	0.7231568506574364
-5.0	37.5	0.6137652820637762
-5.0	38.75	0.5658513904979146
-5.0	40.0	0.9206945370154668
-3.75	40.0	0.9272826500494918
-3.75	38.75	0.08920597197007031
-3.75	37.5	0.6393476004405996
-3.75	36.25	0.7316916326583162
-3.75	35.0	0.7090557475890754
-3.75	33.75	0.779697190931323
-3.75	32.5	0.8732075189997384
-3.75	31.25	0.9719262488466166
-3.75	30.0	0.9988467013208675
-3.75	28.75	1.021070561784441
-3.75	27.5	1.039339827031457
-3.75	26.25	1.0384496682548454
-3.75	25.0	1.0479168183717704
-3.75	23.75	1.04235483578945
-3.75	22.5	1.0351172793719374
-3.75	21.25	1.0377996507641918
-3.75	20.0	1.0305346596959448
-3.75	18.75	1.0334501904815354
-3.75	17.5	1.03442749671226
-3.75	16.25	1.0168745099931482
-3.75	15.0	1.0259752698792441
-3.75	13.75	1.0126937676541479
-3.75	12.5	1.0055080492222623
-3.75	11.25	0.9985997987693587
-3.75	10.0	1.0109788293952244
-3.75	8.75	0.9995017908620005
-3.75	7.5	0.9913429627054643
-3.75	6.25	0.9909633795760707
-3.75	5.0	0.9806884781863343
-3.75	3.75	0.9682417396952696
-3.75	2.5	0.9901360939583027
-3.75	1.25	0.9981582582929961
-3.75	-0.0	1.011416884412256
-3.75	-1.25	1.0197255697006502
-3.75	-2.5	1.0205494482263506
-3.75	-3.75	1.0245667988395404
-3.75	-5.0	1.0308191850248463
-3.75	-6.25	1.02034739712165
-3.75	-7.5	1.0150466539348133
-3.75	-8.75	1.0064618248256048
-3.75	-10.0	1.0026224628314706
-3.75	-11.25	1.011808066705318
-3.75	-12.5	1.009017377806899
-3.75	-13.75	0.9998557107532827
-3.75	-15.0	0.9818455986840448
-3.75	-16.25	0.9804873132926096
-3.75	-17.5	0.992285154583723
-3.75	-18.75	0.9796626994507226
-3.75	-20.0	0.9739123059984679
-3.75	-21.25	0.9721248160632872
-3.75	-22.5	0.9617953898221686
-3.75	-23.75	0.9710611517194947
-3.75	-25.0	0.9812470334307186
-3.75	-26.25	0.9825395449120655
-3.75	-27.5	1.0232371035932584
-3.75	-28.75	1.0565828994281312
-3.75	-30.0	1.0683774418649972
-3.75	-31.25	1.0598755962051045
-3.75	-32.5	1.0190379617412841
-3.75	-33.75	0.9118998798489492
-3.75	-35.0	0.7664585777342475
-3.75	-36.25	0.7191366601060287
-3.75	-37.5	0.7867591164685952
-3.75	-38.75	0.8936749228513934
-3.75	-40.0	0.7571760426541824
-2.5	-40.0	0.8286770080952915
-2.5	-38.75	0.8687989444888052
-2.5	-37.5	0.8010961597523747
-2.5	-36.25	0.7018822558335925
-2.5	-35.0	0.7722058264404476
-2.5	-33.75	0.9160750161141552
-2.5	-32.5	1.0321417704946279
-2.5	-31.25	1.0627004912365747
-2.5	-30.0	1.0602772351222436
-2.5	-28.75	1.0498275215293216
-2.5	-27.5	1.0140438318066463
-2.5	-26.25	0.9835212422926328
-2.5	-25.0	0.9751646467989937
-2.5	-23.75	0.9806641747621145
-2.5	-22.5	0.9608428179903028
-2.5	-21.25	0.9694979863951785
-2.5	-20.0	0.9668206983828974
-2.5	-18.75	0.9798083786418462
-2.5	-17.5	0.9856240440637729
-2.5	-16.25	0.9828696046566764
-2.5	-15.0	1.00384832908115
-2.5	-13.75	1.0008838166338656
-2.5	-12.5	0.9948088435530066
-2.5	-11.25	1.0028928027288417
-2.5	-10.0	1.0210993935211732
-2.5	-8.75	1.0182143723865333
-2.5	-7.5	1.0113592837058087
-2.5	-6.25	1.0324874266582034
-2.5	-5.0	1.0317171008550023
-2.5	-3.75	1.0321787539797598
-2.5	-2.5	1.0362008831889131
-2.5	-1.25	1.0365289254746772
-2.5	0.0	1.0064979921402057
-2.5	1.25	1.0040005495108135
-2.5	2.5	0.9904262757733947
-2.5	3.75	0.9788750904299351
-2.5	5.0	0.9619839992563155
-2.5	6.25	0.9800519526812119
-2.5	7.5	0.9936627903283876
-2.5	8.75	0.9944518249558825
-2.5	10.0	0.9968894463288369
-2.5	11.25	1.0023269272650799
-2.5	12.5	1.0143115786472148
-2.5	13.75	1.0086215296042789
-2.5	15.0	1.014814144158927
-2.5	16.25	1.0194993938166723
-2.5	17.5	1.0247848924694114
-2.5	18.75	1.0281960712084377
-2.5	20.0	1.0356511537249165
-2.5	21.25	1.0370543145723632
-2.5	22.5	1.0407613865519352
-2.5	23.75	1.044356151061545
-2.5	25.0	1.0348596239282426
-2.5	26.25	1.0332740519523556
-2.5	27.5	1.0447121244320883
-2.5	28.75	1.0270426915432482
-2.5	30.0	1.0138734162938954
-2.5	31.25	0.9623592150571532
-2.5	32.5	0.8867561435556308
-2.5	33.75	0.8001682296225591
-2.5	35.0	0.7134311088467389
-2.5	36.25	0.7196791787753938
-2.5	37.5	0.6485119698120287
-2.5	38.75	0.16802040756369763
-2.5	40.0	0.8910538037363493
-1.25	40.0	0.8765906705129286
-1.25	38.75	0.18798239283639478
-1.25	37.5	0.6564070133706711
-1.25	36.25	0.7075789843066472
-1.25	35.0	0.7192283946786863
-1.25	33.75	0.7819714103438403
-1.25	32.5	0.8811106779329254
-1.25	31.25	0.9714809258821069
-1.25	30.0	1.0102665753067632
-1.25	28.75	1.0326706723398968
-1.25	27.5	1.0494721446383308
-1.25	26.25	1.0331188045065287
-1.25	25.0	1.0391362935614814
-1.25	23.75	1.0403789347255474
-1.25	22.5	1.041038947103544
-1.25	21.25	1.0337453215804466
-1.25	20.0	1.0337668623173235
-1.25	18.75	1.0247397671391005
-1.25	17.5	1.020785188938485
-1.25	16.25	1.0231139301043413
-1.25	15.0	1.0178374023634011
-1.25	13.75	1.0086658630218357
-1.25	12.5	1.0056175678885764
-1.25	11.25	1.0112827374569988
-1.25	10.0	0.9979917350768144
-1.25	8.75	0.9960053406345728
-1.25	7.5	0.9945231052052174
-1.25	6.25	0.9885252093959471
-1.25	5.0	0.9699041328696257
-1.25	3.75	0.9651850524463151
-1.25	2.5	0.9867682591152479
-1.25	1.25	0.986023026001262
-1.25	-0.0	1.013698858663113
-1.25	-1.25	1.022811054521756
-1.25	-2.5	1.0247014500864882
-1.25	-3.75	1.0209367928683664
-1.25	-5.0	1.0371404704750247
-1.25	-6.25	1.031309732065312
-1.25	-7.5	1.0084870945880846
-1.25	-8.75	1.0176342734077877
-1.25	-10.0	1.0084269595955295
-1.25	-11.25	1.0063869209703664
-1.25	-12.5	0.9938582933897434
-1.25	-13.75	1.0050168071794143
-1.25	-15.0	1.0046880371035383
-1.25	-16.25	0.9889574081980435
-1.25	-17.5	0.985632076051599
-1.25	-18.75	0.9821141405640392
-1.25	-20.0	0.9692340631067996
-1.25	-21.25	0.9598212147461966
-1.25	-22.5	0.9681784755365571
-1.25	-23.75	0.9841084903406667
-1.25	-25.0	0.9808307927034206
-1.25	-26.25	0.998850278730232
-1.25	-27.5	1.0089984719478433
-1.25	-28.75	1.0486625964583836
-1.25	-30.0	1.0698153066432923
-1.25	-31.25	1.0643405426830295
-1.25	-32.5	1.0302133157386413
-1.25	-33.75	0.9453747595100752
-1.25	-35.0	0.7825525910772535
-1.25	-36.25	0.7001711774994622
-1.25	-37.5	0.8033744918827005
-1.25	-38.75	0.7896539703992158
-1.25	-40.0	0.7376222756220776
0.0	-40.0	0.7699523027466778
0.0	-38.75	0.7356094150442093
0.0	-37.5	0.823515194663032
0.0	-36.25	0.7153012074067601
0.0	-35.0	0.7916549716640842
0.0	-33.75	0.9301290107983478
0.0	-32.5	1.0309184419701796
0.0	-31.25	1.0705633555572844
0.0	-30.0	1.06283565276235
0.0	-28.75	1.053813424349371
0.0	-27.5	1.0210027781999098
0.0	-26.25	0.9966126388856152
0.0	-25.0	0.9818443627356206
0.0	-23.75	0.9746987472027021
0.0	-22.5	0.967231538395513
0.0	-21.25	0.9729624381637287
0.0	-20.0	0.9673735532353436
0.0	-18.75	0.9827820192256751
0.0	-17.5	0.9807932087532286
0.0	-16.25	0.9902861957839231
0.0	-15.0	0.9979151467472912
0.0	-13.75	1.013870460911133
0.0	-12.5	1.0024114979699623
0.0	-11.25	1.0079699411199614
0.0	-10.0	1.009919389086216
0.0	-8.75	1.0132057367439093
0.0	-7.5	1.03396429755785
0.0	-6.25	1.0261011361877392
0.0	-5.0	1.037551664898357
0.0	-3.75	1.0300644040435045
0.0	-2.5	1.031374675990661
0.0	-1.25	1.031633121817162
0.0	0.0	1.0024323713093761
0.0	1.25	0.9851397604188099
0.0	2.5	0.9806859629093858
0.0	3.75	0.9655485775334441
0.0	5.0	0.9731619816520385
0.0	6.25	0.9810420166728147
0.0	7.5	0.9795792926242383
0.0	8.75	0.9981424204175252
0.0	10.0	1.003143689084111
0.0	11.25	0.9944145552901978
0.0	12.5	1.0133854395829591
0.0	13.75	1.023124708061396
0.0	15.0	1.021607869253309
0.0	16.25	1.0252061325392787
0.0	17.5	1.034268187794474
0.0	18.75	1.0100417365566103
0.0	20.0	1.0354244432380761
0.0	21.25	1.0468136455869503
0.0	22.5	1.0395100303920364
0.0	23.75	1.0429951241103708
0.0	25.0	1.0530704090297032
0.0	26.25	1.0430202247619351
0.0	27.5	1.0461436550953032
0.0	28.75	1.0259102698274327
0.0	30.0	1.005363355600306
0.0	31.25	0.9646046670210565
0.0	32.5	0.8983265547302072
0.0	33.75	0.7914412635149191
0.0	35.0	0.7278999352609309
0.0	36.25	0.7222107117064293
0.0	37.5	0.6697780305470794
0.0	38.75	0.21449851287074342
0.0	40.0	0.9443441262431407
1.25	40.0	0.904676578173366
1.25	38.75	0.2506376146937207
1.25	37.5	0.6538727967961445
1.25	36.25	0.7244629923923964
1.25	35.0	0.7178868401379908
1.25	33.75	0.790506497076681
1.25	32.5	0.886532960701156
1.25	31.25	0.970211851483971
1.25	30.0	1.0115041292899578
1.25	28.75	1.0269312062697822
1.25	27.5	1.047524770303456
1.25	26.25	1.0460922635652605
1.25	25.0	1.0471312538184685
1.25	23.75	1.0370271933872797
1.25	22.5	1.0307209515947415
1.25	21.25	1.038547648697317
1.25	20.0	1.0235798444727773
1.25	18.75	1.02760988600942
1.25	17.5	1.0203808764867133
1.25	16.25	1.0201520293349158
1.25	15.0	1.0178299735725884
1.25	13.75	1.0020153829874066
1.25	12.5	1.0114350461256534
1.25	11.25	0.9984246760490406
1.25	10.0	0.9996944317267299
1.25	8.75	0.9942829237730124
1.25	7.5	0.9967408113320951
1.25	6.25	0.9627687189467311
1.25	5.0	0.964353025439799
1.25	3.75	0.9649970393846055
1.25	2.5	0.9845036692077086
1.25	1.25	0.995311435627627
1.25	-0.0	1.009914253632665
1.25	-1.25	1.0293569129798206
1.25	-2.5	1.0326777083244678
1.25	-3.75	1.0380530488230937
1.25	-5.0	1.02542543108493
1.25	-6.25	1.02083732179954
1.25	-7.5	1.0233693319830417
1.25	-8.75	1.0104348585963911
1.25	-10.0	1.0110222724269968
1.25	-11.25	1.005531865046231
1.25	-12.5	1.001492532008557
1.25	-13.75	1.0024900351356785
1.25	-15.0	0.996458634885567
1.25	-16.25	0.9959052455884714
1.25	-17.5	0.9895740275003796
1.25	-18.75	0.971713517942106
1.25	-20.0	0.9684046225213644
1.25	-21.25	0.9645452724584569
1.25	-22.5	0.97209648735413
1.25	-23.75	0.9664633914600431
1.25	-25.0	0.9814183273366683
1.25	-26.25	0.9931564534230914
1.25	-27.5	1.0087054054921767
1.25	-28.75	1.0490470904694995
1.25	-30.0	1.0569485968315169
1.25	-31.25	1.0663579755724149
1.25	-32.5	1.0284711339557167
1.25	-33.75	0.9330723213835518
1.25	-35.0	0.7866414435890383
1.25	-36.25	0.7209282675023402
1.25	-37.5	0.8086260521864748
1.25	-38.75	0.7612038079358059
1.25	-40.0	0.7463841839518026
2.5	-40.0	0.7287881383477225
2.5	-38.75	0.9066056681373572
2.5	-37.5	0.8172815997132152
2.5	-36.25	0.7196518680161093
2.5	-35.0	0.7797135844021096
2.5	-33.75	0.9382372212094021
2.5	-32.5	1.0245928978143195
2.5	-31.25	1.073168477543477
2.5	-30.0	1.0625905369136512
2.5	-28.75	1.0527477551585036
2.5	-27.5	1.0140943478166307
2.5	-26.25	1.0040037851043329
2.5	-25.0	0.9831444493639502
2.5	-23.75	0.9747110595549754
2.5	-22.5	0.9716462268366766
2.5	-21.25	0.970856825512648
2.5	-20.0	0.9792539302258092
2.5	-18.75	0.968451782330642
2.5	-17.5	0.9790819536681454
2.5	-16.25	0.9888299394278299
2.5	-15.0	0.983475875264059
2.5	-13.75	1.0012017625457426
2.5	-12.5	0.9988879622489614
2.5	-11.25	1.0072612086979051
2.5	-10.0	1.0014872233788097
2.5	-8.75	1.0126958854112311
2.5	-7.5	1.0108532906735366
2.5	-6.25	1.0343797406913928
2.5	-5.0	1.028585972079424
2.5	-3.75	1.0272882152210565
2.5	-2.5	1.0222856388517567
2.5	-1.25	1.027322426885741
2.5	0.0	1.0115277818462993
2.5	1.25	1.0019657911572164
2.5	2.5	0.974426247072945
2.5	3.75	0.9657035301887084
2.5	5.0	0.9790644599328576
2.5	6.25	0.9855054022980316
2.5	7.5	0.9932050614469492
2.5	8.75	0.9998068520458903
2.5	10.0	1.0029400433875526
2.5	11.25	0.9993591307537196
2.5	12.5	1.0062466809041135
2.5	13.75	1.0010762323581026
2.5	15.0	1.016440736565108
2.5	16.25	1.0167645252205526
2.5	17.5	1.0268877603477806
2.5	18.75	1.0306166649277688
2.5	20.0	1.0443676751812525
2.5	21.25	1.03547260220705
2.5	22.5	1.0532567922820157
2.5	23.75	1.0435972617022318
2.5	25.0	1.043864907577613
2.5	26.25	1.0397119242636204
2.5	27.5	1.049792985947855
2.5	28.75	1.0340800575110718
2.5	30.0	1.0034207211311774
2.5	31.25	0.9698454295850761
2.5	32.5	0.8933748602236992
2.5	33.75	0.7763139477779376
2.5	35.0	0.7282067591999029
2.5	36.25	0.7188299936910252
2.5	37.5	0.6570803459968313
2.5	38.75	0.24174655904242354
2.5	40.0	0.8654545094909475
3.75	40.0	0.8838596654557206
3.75	38.75	0.20646595182088942
3.75	37.5	0.6390930519293331
3.75	36.25	0.7286580180338833
3.75	35.0	0.7241855684952707
3.75	33.75	0.7686719716798546
3.75	32.5	0.8803815564244294
3.75	31.25	0.9610241114371368
3.75	30.0	0.9948472637239338
3.75	28.75	1.0215830503083916
3.75	27.5	1.0451220641528478
3.75	26.25	1.044005873364786
3.75	25.0	1.050170751903269
3.75	23.75	1.0496563230147231
3.75	22.5	1.0443274572437864
3.75	21.25	1.0356677946875574
3.75	20.0	1.036049220725642
3.75	18.75	1.0257984307260823
3.75	17.5	1.0329370299723137
3.75	16.25	1.0249646353698991
3.75	15.0	1.0217725459412896
3.75	13.75	1.0105697085297314
3.75	12.5	0.9955114723126736
3.75	11.25	1.0058298773752632
3.75	10.0	0.9933743792664171
3.75	8.75	1.0082938839160103
3.75	7.5	1.0011683318621765
3.75	6.25	0.9906485043796892
3.75	5.0	0.9929121357938503
3.75	3.75	0.994027902437215
3.75	2.5	0.9807856813129265
3.75	1.25	1.0027081985119632
3.75	-0.0	1.012704429655857
3.75	-1.25	1.0145617090725982
3.75	-2.5	1.0121010476103518
3.75	-3.75	1.0237984374655187
3.75	-5.0	1.031510997305139
3.75	-6.25	1.0327442141433896
3.75	-7.5	1.0153410438240802
3.75	-8.75	1.0202405957342446
3.75	-10.0	1.0130598382256877
3.75	-11.25	1.0059219081833126
3.75	-12.5	1.0004849978100767
3.75	-13.75	1.007333838320232
3.75	-15.0	1.006230408291865
3.75	-16.25	0.9989387714661404
3.75	-17.5	0.9920419068998483
3.75	-18.75	0.9746564186581858
3.75	-20.0	0.9678614504740682
3.75	-21.25	0.9651804992827554
3.75	-22.5	0.9744351086299822
3.75	-23.75	0.9763206752154472
3.75	-25.0	0.9738491830068606
3.75	-26.25	0.9938787732044652
3.75	-27.5	1.0214963013505842
3.75	-28.75	1.051880865011927
3.75	-30.0	1.0665419798661864
3.75	-31.25	1.0614116738205361
3.75	-32.5	1.0380882813679075
3.75	-33.75	0.9251242776673679
3.75	-35.0	0.7804050108642411
3.75	-36.25	0.7352397497343082
3.75	-37.5	0.8270294330040961
3.75	-38.75	0.9572801812518975
3.75	-40.0	0.8202686023385267
5.0	-40.0	0.7793475817703694
5.0	-38.75	0.8043402780221252
5.0	-37.5	0.8009353046411852
5.0	-36.25	0.7272454528744989
5.0	-35.0	0.7759066359385581
5.0	-33.75	0.9130059302041409
5.0	-32.5	1.019493510430025
5.0	-31.25	1.0640052958207395
5.0	-30.0	1.0647047208845544
5.0	-28.75	1.062016420264678
5.0	-27.5	1.043806111900815
5.0	-26.25	1.0031788644773985
5.0	-25.0	0.9973237697562009
5.0	-23.75	0.9925650455881405
5.0	-22.5	0.9663332848088043
5.0	-21.25	0.9708765916031521
5.0	-20.0	0.9754309727703303
5.0	-18.75	0.9774477778738601
5.0	-17.5	0.978968899039109
5.0	-16.25	0.9955525774664081
5.0	-15.0	0.9931584787169752
5.0	-13.75	0.998561059385151
5.0	-12.5	1.0080424955183105
5.0	-11.25	1.0046367961227531
5.0	-10.0	0.9484155508059692
5.0	-8.75	1.0095272835963134
5.0	-7.5	1.0166100721952533
5.0	-6.25	1.0097117664454522
5.0	-5.0	1.0220702652126257
5.0	-3.75	1.0196075745736541
5.0	-2.5	1.0205922647887926
5.0	-1.25	1.0226481442673616
5.0	0.0	1.0037677417403537
5.0	1.25	0.9947084524490138
5.0	2.5	0.9856892538773175
5.0	3.75	0.989475176427479
5.0	5.0	0.9941158180463114
5.0	6.25	1.0012250832997627
5.0	7.5	0.993678618077995
5.0	8.75	1.0085268434759882
5.0	10.0	1.0115758088991997
5.0	11.25	1.0037891675787434
5.0	12.5	1.0089755354204484
5.0	13.75	1.0245471090188392
5.0	15.0	1.0220925822702938
5.0	16.25	1.0243799107792764
5.0	17.5	1.0342246935842234
5.0	18.75	1.0293732788179513
5.0	20.0	1.0352738294512513
5.0	21.25	1.0495427442804028
5.0	22.5	1.0451674881157365
5.0	23.75	1.0434848050130132
5.0	25.0	1.0434287279192422
5.0	26.25	1.066733440817624
5.0	27.5	1.0544463688559629
5.0	28.75	1.0352905627705138
5.0	30.0	1.005934123265497
5.0	31.25	0.9689765125022674
5.0	32.5	0.8738408569038691
5.0	33.75	0.7664538155315767
5.0	35.0	0.7244263940800926
5.0	36.25	0.728224417865716
5.0	37.5	0.621193901084126
5.0	38.75	0.5275297765806
5.0	40.0	0.8564755780580872
6.25	40.0	0.8842040124977599
6.25	38.75	0.8245713850471937
6.25	37.5	0.5341425346830299
6.25	36.25	0.7241521384009637
6.25	35.0	0.7157517478058841
6.25	33.75	0.7520732967712136
6.25	32.5	0.8338616471270687
6.25	31.25	0.953173295659341
6.25	30.0	1.0013793271914868
6.25	28.75	1.0288944972321044
6.25	27.5	1.0427164801285536
6.25	26.25	1.0586652105755263
6.25	25.0	1.0448209098560717
6.25	23.75	1.0441570798488715
6.25	22.5	1.0571025957780624
6.25	21.25	1.0506709740451687
6.25	20.0	1.0386000895858452
6.25	18.75	1.042223938129012
6.25	17.5	1.0333591426009887
6.25	16.25	1.0232121040847355
6.25	15.0	1.0174517236633276
6.25	13.75	1.0219546786262168
6.25	12.5	1.0192659612664856
6.25	11.25	1.0033695234689577
6.25	10.0	1.004687371759577
6.25	8.75	1.003370103431119
6.25	7.5	1.0037939854397646
6.25	6.25	1.0054466854607862
6.25	5.0	1.0001508695864985
6.25	3.75	1.002457146957616
6.25	2.5	0.9983279200723852
6.25	1.25	1.0161309332193595
6.25	-0.0	1.0203147029438484
6.25	-1.25	1.0301847337909542
6.25	-2.5	1.028631634341638
6.25	-3.75	1.0265558300187108
6.25	-5.0	1.0252455269501242
6.25	-6.25	1.0140061459481258
6.25	-7.5	1.016232587398788
6.25	-8.75	1.022787265922257
6.25	-10.0	1.007631897368499
6.25	-11.25	1.0154815242133173
6.25	-12.5	1.0014288526707764
6.25	-13.75	1.0043127709295425
6.25	-15.0	0.9982709415709433
6.25	-16.25	0.9848857379900581
6.25	-17.5	0.9781048572102079
6.25	-18.75	0.9677598551778753
6.25	-20.0	0.9828353209501492
6.25	-21.25	0.9739859427109028
6.25	-22.5	0.9768017732280728
6.25	-23.75	0.979224118201913
6.25	-25.0	0.996679896078928
6.25	-26.25	0.997510086788745
6.25	-27.5	1.0371334713046507
6.25	-28.75	1.055885376792933
6.25	-30.0	1.061231904324164
6.25	-31.25	1.06093803185267
6.25	-32.5	1.0060404775703125
6.25	-33.75	0.8897418041213989
6.25	-35.0	0.763139839268518
6.25	-36.25	0.7550360424377559
6.25	-37.5	0.7926766528157029
6.25	-38.75	0.6938962907900023
6.25	-40.0	0.8490258749054986
7.5	-38.75	0.7382037626863569
7.5	-37.5	0.7748651483021128
7.5	-36.25	0.791153274745785
7.5	-35.0	0.7602733020188114
7.5	-33.75	0.8786613570081286
7.5	-32.5	1.0042744673000432
7.5	-31.25	1.0503977865143135
7.5	-30.0	1.0773728908709252
7.5	-28.75	1.0586209386547718
7.5	-27.5	1.047109948402707
7.5	-26.25	1.0111609114123867
7.5	-25.0	0.9930546290344002
7.5	-23.75	0.9955562203910382
7.5	-22.5	0.9686721249965056
7.5	-21.25	0.9746152260123094
7.5	-20.0	0.9738595293867433
7.5	-18.75	0.9719583058627854
7.5	-17.5	0.9857126265203251
7.5	-16.25	0.9890707459744353
7.5	-15.0	0.9968315944980805
7.5	-13.75	1.0034602415508107
7.5	-12.5	1.0022915400957488
7.5	-11.25	1.0068192703323595
7.5	-10.0	1.0069017601085526
7.5	-8.75	1.0057725109891875
7.5	-7.5	1.01350057975967
7.5	-6.25	1.005637021566331
7.5	-5.0	1.0240122539706413
7.5	-3.75	1.0243482530386014
7.5	-2.5	1.022909419393996
7.5	-1.25	1.0181381055805703
7.5	0.0	0.9993011490773698
7.5	1.25	1.0142536149604258
7.5	2.5	1.0028179030307636
7.5	3.75	1.0031143529610178
7.5	5.0	1.0167115877092525
7.5	6.25	1.0050451776410803
7.5	7.5	1.0025933230093405
7.5	8.75	1.0111577877821627
7.5	10.0	0.999192949014709
7.5	11.25	1.011129765347116
7.5	12.5	1.0111170258223734
7.5	13.75	1.0143367211742174
7.5	15.0	1.0232434148433078
7.5	16.25	1.02388014206629
7.5	17.5	1.0379439681920772
7.5	18.75	1.0383473603971425
7.5	20.0	1.0378814479129446
7.5	21.25	1.0519079114613863
7.5	22.5	1.0429151235777157
7.5	23.75	1.0483090599431615
7.5	25.0	1.0427704337662966
7.5	26.25	1.0492873215128067
7.5	27.5	1.0479527833217186
7.5	28.75	1.018727262626566
7.5	30.0	1.0000312154847701
7.5	31.25	0.9371603355952852
7.5	32.5	0.8350491067308828
7.5	33.75	0.7487997529725143
7.5	35.0	0.7246546367751171
7.5	36.25	0.728783803484798
7.5	37.5	0.47404693372488127
7.5	38.75	1.0057015838256298
8.75	38.75	0.9620552516913756
8.75	37.5	0.3095191441868873
8.75	36.25	0.6947674820983335
8.75	35.0	0.72913743312615
8.75	33.75	0.736431875750345
8.75	32.5	0.8218401949574945
8.75	31.25	0.9102125413870393
8.75	30.0	0.9882627964113638
8.75	28.75	1.0008242208380953
8.75	27.5	1.0265795527454762
8.75	26.25	1.0547597236408492
8.75	25.0	1.040363349209125
8.75	23.75	1.0523780035709227
8.75	22.5	1.0503916829789641
8.75	21.25	1.0406335950294618
8.75	20.0	1.0389705114359586
8.75	18.75	1.0348184711357795
8.75	17.5	1.0346093494860014
8.75	16.25	1.0381393008499307
8.75	15.0	1.0215529892703088
8.75	13.75	1.030275548687415
8.75	12.5	1.0188110987031018
8.75	11.25	1.0138392655937303
8.75	10.0	1.022314583220989
8.75	8.75	1.0100361764575658
8.75	7.5	1.0050353106270784
8.75	6.25	1.0132488985752988
8.75	5.0	1.0051474958055584
8.75	3.75	0.9903190478593923
8.75	2.5	1.0185344894251989
8.75	1.25	1.0173781745725161
8.75	-0.0	1.0196021089780352
8.75	-1.25	1.0152923443717594
8.75	-2.5	1.0206975138632717
8.75	-3.75	1.0228710929924532
8.75	-5.0	1.0211416658540897
8.75	-6.25	1.0155448237742648
8.75	-7.5	1.0123387392539855
8.75	-8.75	1.0146679191310826
8.75	-10.0	1.0088555983270753
8.75	-11.25	1.0014028507379664
8.75	-12.5	1.0232667611891029
8.75	-13.75	0.9999092132694217
8.75	-15.0	0.9930037280923634
8.75	-16.25	0.9817775087179307
8.75	-17.5	0.9764100537709671
8.75	-18.75	0.9817335084328673
8.75	-20.0	0.9779815133474995
8.75	-21.25	0.9785957809109471
8.75	-22.5	0.9728250224787841
8.75	-23.75	0.990123897268219
8.75	-25.0	1.0050636418313297
8.75	-26.25	1.0253231422258957
8.75	-27.5	1.0431011712570235
8.75	-28.75	1.0545913840043597
8.75	-30.0	1.0723182637891482
8.75	-31.25	1.0559804589211903
8.75	-32.5	0.9719262433734059
8.75	-33.75	0.8469546466155639
8.75	-35.0	0.7570296750560602
8.75	-36.25	0.8226356891545891
8.75	-37.5	0.7964268850326913
8.75	-38.75	0.7471933395126659
10.0	-38.75	0.7422601111945837
10.0	-37.5	0.7330489470135737
10.0	-36.25	0.8520982578609689
10.0	-35.0	0.7626674842627169
10.0	-33.75	0.8228202289760035
10.0	-32.5	0.9421269128467334
10.0	-31.25	1.0285855217111304
10.0	-30.0	1.0704789807500725
10.0	-28.75	1.0655662004622395
10.0	-27.5	1.0394146185572513
10.0	-26.25	1.0376921831691868
10.0	-25.0	1.006171599348344
10.0	-23.75	1.002328365183126
10.0	-22.5	0.9929810485454027
10.0	-21.25	0.9849429552127825
10.0	-20.0	0.9812087934730175
10.0	-18.75	0.973677013579921
10.0	-17.5	0.984356341938385
10.0	-16.25	0.9823191372044207
10.0	-15.0	0.9867508327796533
10.0	-13.75	0.9985613641771449
10.0	-12.5	0.9931977193119442
10.0	-11.25	1.0103207417510582
10.0	-10.0	1.0044131856435963
10.0	-8.75	1.0044692179853194
10.0	-7.5	1.0283237642848388
10.0	-6.25	1.0140626543926028
10.0	-5.0	1.0139796900652656
10.0	-3.75	1.0103333951420437
10.0	-2.5	1.0146808611585532
10.0	-1.25	1.0125103314838733
10.0	0.0	1.0118105947847482
10.0	1.25	1.0078149030328714
10.0	2.5	0.9966054670315584
10.0	3.75	1.0122475390130115
10.0	5.0	1.0079363210735015
10.0	6.25	1.0091707403596395
10.0	7.5	1.0131007115223771
10.0	8.75	1.0206871636946082
10.0	10.0	1.0188777923755554
10.0	11.25	1.0137799049805216
10.0	12.5	1.0217922504011059
10.0	13.75	1.0297939084725944
10.0	15.0	1.0370275975652774
10.0	16.25	1.0386789141617894
10.0	17.5	1.0387480697984184
10.0	18.75	1.0435573454488822
10.0	20.0	1.0441180086446207
10.0	21.25	1.0437029764956272
10.0	22.5	1.0540439177024448
10.0	23.75	1.053392589516914
10.0	25.0	1.047491203697263
10.0	26.25	1.0492483785635582
10.0	27.5	1.0308033161094132
10.0	28.75	0.9990986471736424
10.0	30.0	0.9676550632121822
10.0	31.25	0.8825651281264321
10.0	32.5	0.7982378558151735
10.0	33.75	0.7274185144637276
10.0	35.0	0.7175748352600937
10.0	36.25	0.6770843810526361
10.0	37.5	0.2705734770552029
10.0	38.75	0.8927291100407598
11.25	38.75	1.043902073817598
11.25	37.5	0.8080184336055621
11.25	36.25	0.5907190319190971
11.25	35.0	0.7294817989365213
11.25	33.75	0.7211163584023392
11.25	32.5	0.7643156784380383
11.25	31.25	0.8607191096268799
11.25	30.0	0.9581846228131164
11.25	28.75	1.0016169428160187
11.25	27.5	1.0272567132950918
11.25	26.25	1.0349454580225594
11.25	25.0	1.0427386865699524
11.25	23.75	1.0451481137679102
11.25	22.5	1.0443124167958655
11.25	21.25	1.0477687797459276
11.25	20.0	1.051830004780871
11.25	18.75	1.0420230888808235
11.25	17.5	1.0383739527893607
11.25	16.25	1.0317967160646806
11.25	15.0	1.0246117401869543
11.25	13.75	1.0319841499921765
11.25	12.5	1.0227041447981806
11.25	11.25	1.0163094848818686
11.25	10.0	1.024029911918858
11.25	8.75	1.0123509899678083
11.25	7.5	1.018420496734561
11.25	6.25	1.0116116020730024
11.25	5.0	1.0045371149412685
11.25	3.75	1.009599116193664
11.25	2.5	1.0013191172386264
11.25	1.25	1.0004704115384735
11.25	-0.0	1.0043197542091478
11.25	-1.25	1.0147435473334434
11.25	-2.5	1.00789354507611
11.25	-3.75	1.0128930938442853
11.25	-5.0	1.0102114180348796
11.25	-6.25	1.013007949581069
11.25	-7.5	1.0082104162659091
11.25	-8.75	1.0089977246494275
11.25	-10.0	1.0158081445182943
11.25	-11.25	0.9954786892437267
11.25	-12.5	1.009833484567274
11.25	-13.75	1.0020997414484019
11.25	-15.0	1.0045213843373368
11.25	-16.25	0.9813036845677231
11.25	-17.5	0.9815669643794426
11.25	-18.75	0.9841684189646075
11.25	-20.0	0.9784598937695183
11.25	-21.25	0.9878288257763613
11.25	-22.5	0.9878876631597688
11.25	-23.75	1.0038576630298535
11.25	-25.0	0.9992116852369144
11.25	-26.25	1.0415649991897016
11.25	-27.5	1.0662607420756938
11.25	-28.75	1.076940373552774
11.25	-30.0	1.0640535990508595
11.25	-31.25	1.0039252176231488
11.25	-32.5	0.9192347417858604
11.25	-33.75	0.8217716863567069
11.25	-35.0	0.7897638792319249
11.25	-36.25	0.8434467126216599
11.25	-37.5	0.7752203239484795
11.25	-38.75	0.7512812897521005
12.5	-37.5	0.7196007397563841
12.5	-36.25	0.7833652637017653
12.5	-35.0	0.836130703765409
12.5	-33.75	0.7870781938897752
12.5	-32.5	0.8911125681578328
12.5	-31.25	0.974299895153145
12.5	-30.0	1.050297899385689
12.5	-28.75	1.0724581963401616
12.5	-27.5	1.0720088382585016
12.5	-26.25	1.044272830908587
12.5	-25.0	1.0342477100944278
12.5	-23.75	1.00144211581056
12.5	-22.5	0.994234440473582
12.5	-21.25	0.9887352023005068
12.5	-20.0	0.9881652862872309
12.5	-18.75	0.9871233007049882
12.5	-17.5	0.9931294136846348
12.5	-16.25	0.9787906481925376
12.5	-15.0	0.992913183914943
12.5	-13.75	0.9812611874120865
12.5	-12.5	0.9939182662679937
12.5	-11.25	0.999855237633714
12.5	-10.0	1.0057686625661444
12.5	-8.75	1.0083153965991691
12.5	-7.5	1.0072278006729363
12.5	-6.25	1.000214049854658
12.5	-5.0	1.0217240113213875
12.5	-3.75	1.0104642736728584
12.5	-2.5	1.0044767733237803
12.5	-1.25	1.011262239488032
12.5	0.0	0.9981661235176486
12.5	1.25	1.0069281507453847
12.5	2.5	1.0164352294822636
12.5	3.75	1.0100483975214962
12.5	5.0	1.011914421045804
12.5	6.25	1.0072560884771036
12.5	7.5	1.0193892056355842
12.5	8.75	1.0196176111786701
12.5	10.0	1.0082853770158304
12.5	11.25	1.0024794005608686
12.5	12.5	1.0076708688410858
12.5	13.75	1.0404997319606841
12.5	15.0	1.03432525066009
12.5	16.25	1.0278871212921765
12.5	17.5	1.0377668605308514
12.5	18.75	1.0536559134958114
12.5	20.0	1.0390664319577025
12.5	21.25	1.0387046685045567
12.5	22.5	1.0518711216079437
12.5	23.75	1.0461081918118749
12.5	25.0	1.0418534644065214
12.5	26.25	1.0071237263197348
12.5	27.5	1.00871436940735
12.5	28.75	1.001678809585439
12.5	30.0	0.9125062630395954
12.5	31.25	0.8256130643097371
12.5	32.5	0.7401715167792805
12.5	33.75	0.7170913086926509
12.5	35.0	0.7029674685249896
12.5	36.25	0.42318475972305936
12.5	37.5	0.9704108178942936
13.75	37.5	0.8806446324970421
13.75	36.25	0.25342315920429803
13.75	35.0	0.6639293397970518
13.75	33.75	0.7340458308716777
13.75	32.5	0.7253725300956053
13.75	31.25	0.7872670392244616
13.75	30.0	0.8771221232328708
13.75	28.75	0.9574939466662497
13.75	27.5	0.9947010403419119
13.75	26.25	1.0167458252649
13.75	25.0	1.0222932552263195
13.75	23.75	1.0467374733075454
13.75	22.5	1.0503703557674549
13.75	21.25	1.0414517035075874
13.75	20.0	1.0374358338130911
13.75	18.75	1.0244449411997198
13.75	17.5	1.0392215560224798
13.75	16.25	1.0280608897455874
13.75	15.0	1.0235446738765508
13.75	13.75	1.028803788659781
13.75	12.5	1.0262812302274866
13.75	11.25	1.0157739579289642
13.75	10.0	1.0230361169676037
13.75	8.75	1.0187565753216696
13.75	7.5	1.0139400734693973
13.75	6.25	1.0103570879599815
13.75	5.0	1.0132006118155987
13.75	3.75	0.9986833627702875
13.75	2.5	1.0115089294052428
13.75	1.25	1.010148617296806
13.75	-0.0	1.0156468904273037
13.75	-1.25	1.0133298161081967
13.75	-2.5	1.0127898533620936
13.75	-3.75	1.0180766923312203
13.75	-5.0	1.0071941065082513
13.75	-6.25	1.0162885864981388
13.75	-7.5	1.0046673615325235
13.75	-8.75	0.9922274292763186
13.75	-10.0	1.0042277980622742
13.75	-11.25	0.9933179195846369
13.75	-12.5	0.9988932962263907
13.75	-13.75	0.9975443617529454
13.75	-15.0	0.9891060496662845
13.75	-16.25	0.9910640609559292
13.75	-17.5	0.9715123266147693
13.75	-18.75	0.9866928264940167
13.75	-20.0	0.9953020056480796
13.75	-21.25	1.0010527572532897
13.75	-22.5	1.0024585974713482
13.75	-23.75	1.0236602181511443
13.75	-25.0	1.0250409854991522
13.75	-26.25	1.045548862588375
13.75	-27.5	1.0659026193848888
13.75	-28.75	1.0624748760002167
13.75	-30.0	1.0361440936704482
13.75	-31.25	0.9547839032692657
13.75	-32.5	0.8750252785020743
13.75	-33.75	0.7949089662504253
13.75	-35.0	0.8717553505744461
13.75	-36.25	0.6781438649109485
13.75	-37.5	0.8209031205457117
15.0	-37.5	0.8068450582994007
15.0	-36.25	0.9916513622139538
15.0	-35.0	0.8740108911130376
15.0	-33.75	0.8332348788228152
15.0	-32.5	0.8408599963639087
15.0	-31.25	0.9282732916106083
15.0	-30.0	0.9965921216311446
15.0	-28.75	1.055380225992857
15.0	-27.5	1.0776235538466459
15.0	-26.25	1.0586104319694887
15.0	-25.0	1.051530447921508
15.0	-23.75	1.029848284214081
15.0	-22.5	1.0152446278505156
15.0	-21.25	1.0075655429296384
15.0	-20.0	0.9914836986508131
15.0	-18.75	1.0040207539395662
15.0	-17.5	0.9874891285450836
15.0	-16.25	0.9980128129948329
15.0	-15.0	0.988933713473417
15.0	-13.75	1.0061728846218214
15.0	-12.5	0.9998584641692714
15.0	-11.25	1.0036788253710593
15.0	-10.0	1.0012348242621572
15.0	-8.75	1.003774371809307
15.0	-7.5	1.0044830419334088
15.0	-6.25	1.0060877148919725
15.0	-5.0	0.995235699429494
15.0	-3.75	1.0044214987808673
15.0	-2.5	1.005936570358368
15.0	-1.25	1.0139948435766446
15.0	0.0	1.014077546657812
15.0	1.25	1.0081711292064044
15.0	2.5	1.0161165723042707
15.0	3.75	1.0191870157664749
15.0	5.0	1.0163686069117834
15.0	6.25	1.0118801872266419
15.0	7.5	1.0231707089327402
15.0	8.75	1.0167445906588457
15.0	10.0	1.0214052214346543
15.0	11.25	1.0287806715964307
15.0	12.5	1.0314979553999966
15.0	13.75	1.0351511239898137
15.0	15.0	1.0370338736489437
15.0	16.25	1.03584813840254
15.0	17.5	1.035423398941918
15.0	18.75	1.0471229017170034
15.0	20.0	1.039604718054179
15.0	21.25	1.0452622921846095
15.0	22.5	1.042132694801505
15.0	23.75	1.0446761769036577
15.0	25.0	1.0287564175259398
15.0	26.25	1.0234982151179224
15.0	27.5	0.9960140073770408
15.0	28.75	0.9243891059339018
15.0	30.0	0.8452718916812452
15.0	31.25	0.7639411483550496
15.0	32.5	0.7200388177115444
15.0	33.75	0.7264828933149623
15.0	35.0	0.567315672356434
15.0	36.25	0.6038426143820974
15.0	37.5	0.9356213587062824
16.25	36.25	1.083034801383555
16.25	35.0	0.3823027359845396
16.25	33.75	0.6941579939631392
16.25	32.5	0.7321219664743602
16.25	31.25	0.7368032613857622
16.25	30.0	0.8021927656813489
16.25	28.75	0.881752822192399
16.25	27.5	0.9594565577098061
16.25	26.25	1.003993764331856
16.25	25.0	1.0135697285396894
16.25	23.75	1.0229570800699992
16.25	22.5	1.0326653680048292
16.25	21.25	1.0394260691756239
16.25	20.0	1.0428028250696486
16.25	18.75	1.0498466174397714
16.25	17.5	1.0417024162260542
16.25	16.25	1.0365301083294145
16.25	15.0	1.0275421824822855
16.25	13.75	1.0329942582262077
16.25	12.5	1.0140074486339399
16.25	11.25	1.0248212669141772
16.25	10.0	1.0185154582116411
16.25	8.75	1.0131873889557825
16.25	7.5	1.0153382238215762
16.25	6.25	1.0232292388312714
16.25	5.0	1.0156677393175437
16.25	3.75	1.017065369735273
16.25	2.5	1.0164601942943365
16.25	1.25	1.008012997065742
16.25	-0.0	1.0171430409433029
16.25	-1.25	1.0112897687648912
16.25	-2.5	0.9974284142846731
16.25	-3.75	1.007138296586959
16.25	-5.0	1.0055251316727087
16.25	-6.25	1.0124896385581956
16.25	-7.5	1.0006545848643997
16.25	-8.75	1.0197844683912132
16.25	-10.0	0.996471966348656
16.25	-11.25	1.005618730164818
16.25	-12.5	0.9934731877775461
16.25	-13.75	1.0030223781336862
16.25	-15.0	0.9913420761626616
16.25	-16.25	0.9869550942492911
16.25	-17.5	0.9929190923458387
16.25	-18.75	0.9844306451923599
16.25	-20.0	1.004391612659449
16.25	-21.25	1.0215875986396283
16.25	-22.5	1.0252287613155615
16.25	-23.75	1.039966866014517
16.25	-25.0	1.042370698094922
16.25	-26.25	1.070272615234867
16.25	-27.5	1.0576240186510708
16.25	-28.75	1.027157664378973
16.25	-30.0	0.9729775248340975
16.25	-31.25	0.90390591494348
16.25	-32.5	0.8358803459630387
16.25	-33.75	0.8776464074205627
16.25	-35.0	0.8244800336070739
16.25	-36.25	0.8648767492386978
17.5	-36.25	0.6725438103731358
17.5	-35.0	0.6635691654003085
17.5	-33.75	0.9015644832039881
17.5	-32.5	0.8568347704196975
17.5	-31.25	0.8594082544421014
17.5	-30.0	0.9421336943163062
17.5	-28.75	1.0064120007421178
17.5	-27.5	1.04647823739089
17.5	-26.25	1.0650013009961976
17.5	-25.0	1.0495667966400248
17.5	-23.75	1.0475511962955404
17.5	-22.5	1.0372836165243473
17.5	-21.25	1.0241907186978745
17.5	-20.0	1.0133573348629967
17.5	-18.75	1.000847216833092
17.5	-17.5	0.9976277916374346
17.5	-16.25	0.986066062800846
17.5	-15.0	0.9984770305377537
17.5	-13.75	0.9989447869160701
17.5	-12.5	0.9971850571737506
17.5	-11.25	0.996457367223244
17.5	-10.0	1.0074424414252567
17.5	-8.75	1.0023648587770537
17.5	-7.5	0.9980760404286416
17.5	-6.25	1.0012167636420417
17.5	-5.0	0.9948034045938179
17.5	-3.75	1.0029339115275138
17.5	-2.5	1.0201497645912168
17.5	-1.25	1.015495066840942
17.5	0.0	1.010977225133569
17.5	1.25	1.014702861546958
17.5	2.5	1.0144711037938268
17.5	3.75	1.0149288166950967
17.5	5.0	1.017955614430381
17.5	6.25	1.0279513222389534
17.5	7.5	1.0154911799347415
17.5	8.75	1.0290464351660873
17.5	10.0	1.0112344072606196
17.5	11.25	1.024975565034024
17.5	12.5	1.0231210689587447
17.5	13.75	1.0422507252592204
17.5	15.0	1.028410770965828
17.5	16.25	1.0356236457345633
17.5	17.5	1.028483941466095
17.5	18.75	1.034978001708798
17.5	20.0	1.026766597019574
17.5	21.25	1.0302597541139917
17.5	22.5	1.03154809031844
17.5	23.75	1.0176775015171164
17.5	25.0	1.0053850858877307
17.5	26.25	0.98477018486503
17.5	27.5	0.9157783666617845
17.5	28.75	0.8389089448185753
17.5	30.0	0.7689477053798636
17.5	31.25	0.7183445417903733
17.5	32.5	0.7282161601784422
17.5	33.75	0.5898030111258732
17.5	35.0	0.20067836615018914
17.5	36.25	0.8595172142992782
18.75	35.0	0.8937222618054326
18.75	33.75	0.4066821584294099
18.75	32.5	0.6894904727250988
18.75	31.25	0.7285025034193411
18.75	30.0	0.7303236899115015
18.75	28.75	0.8013245681220246
18.75	27.5	0.8700191228738112
18.75	26.25	0.9338095290483963
18.75	25.0	0.9892772401710385
18.75	23.75	0.9979256335885089
18.75	22.5	1.0245564877677198
18.75	21.25	1.0259630914156272
18.75	20.0	1.0317632953061584
18.75	18.75	1.026744044653785
18.75	17.5	1.045801329034342
18.75	16.25	1.031764458988768
18.75	15.0	1.0328476337962724
18.75	13.75	1.0302700455332932
18.75	12.5	1.021310741934243
18.75	11.25	1.0168822592970912
18.75	10.0	1.0241023074704279
18.75	8.75	1.0166899950355714
18.75	7.5	1.020712800954887
18.75	6.25	1.0142106544317495
18.75	5.0	1.0253322193508796
18.75	3.75	1.0157652908072612
18.75	2.5	1.0157344637584502
18.75	1.25	1.0278860329787864
18.75	-0.0	1.0066293159935191
18.75	-1.25	1.0141423826462097
18.75	-2.5	1.0273392211642678
18.75	-3.75	1.0054325311594698
18.75	-5.0	1.0134094185234386
18.75	-6.25	0.9984729531951285
18.75	-7.5	1.014092842423701
18.75	-8.75	0.9402896117168225
18.75	-10.0	0.9999477681002104
18.75	-11.25	1.003721664456703
18.75	-12.5	0.9907086786123857
18.75	-13.75	0.9961329687804442
18.75	-15.0	1.0041763341752976
18.75	-16.25	0.9955482671491307
18.75	-17.5	1.007362566831773
18.75	-18.75	1.008781210588115
18.75	-20.0	1.026316807315483
18.75	-21.25	1.031659355680413
18.75	-22.5	1.0427214802792075
18.75	-23.75	1.062098643426563
18.75	-25.0	1.0575294663884212
18.75	-26.25	1.0504360181303796
18.75	-27.5	1.0193313613400827
18.75	-28.75	0.980255383294907
18.75	-30.0	0.9209996451151761
18.75	-31.25	0.8754826902716463
18.75	-32.5	0.9019544870511312
18.75	-33.75	0.831737492854995
18.75	-35.0	0.6879262684750668
20.0	-35.0	0.8873700394752809
20.0	-33.75	0.7338329752713744
20.0	-32.5	0.9197063814207502
20.0	-31.25	0.8941352152799422
20.0	-30.0	0.9041707236199623
20.0	-28.75	0.943829548473126
20.0	-27.5	0.997386113490557
20.0	-26.25	1.0236782648580338
20.0	-25.0	1.05064380688209
20.0	-23.75	1.0557196183831052
20.0	-22.5	1.0552187625817473
20.0	-21.25	1.0480888482140311
20.0	-20.0	1.0308338958049836
20.0	-18.75	1.0212808494094576
20.0	-17.5	1.0147270188907116
20.0	-16.25	1.0155159281898583
20.0	-15.0	1.001584408622136
20.0	-13.75	0.9943910463120335
20.0	-12.5	1.0046018648724684
20.0	-11.25	1.0030114442769176
20.0	-10.0	0.9990746251654937
20.0	-8.75	1.0017188221671594
20.0	-7.5	1.0056153817455895
20.0	-6.25	1.0054649377379572
20.0	-5.0	1.002031719858288
20.0	-3.75	1.003765310761135
20.0	-2.5	1.0076234616854851
20.0	-1.25	1.0005893221340598
20.0	0.0	1.0201513794987107
20.0	1.25	1.0065334224520666
20.0	2.5	1.0092139906385864
20.0	3.75	1.0253247970521422
20.0	5.0	1.0245289971785272
20.0	6.25	1.0248307642674668
20.0	7.5	1.020843368692014
20.0	8.75	1.020630621165352
20.0	10.0	1.013477556543449
20.0	11.25	1.0259685009133914
20.0	12.5	1.0239737805999747
20.0	13.75	1.0204631293692559
20.0	15.0	1.0275734405420445
20.0	16.25	1.0319899854098946
20.0	17.5	1.03222415392
20.0	18.75	1.0270013581989335
20.0	20.0	1.0245329686511326
20.0	21.25	1.028270720076914
20.0	22.5	0.9976971470776165
20.0	23.75	0.9770434112534854
20.0	25.0	0.9520430389581142
20.0	26.25	0.8835418837553904
20.0	27.5	0.8188780746796243
20.0	28.75	0.751305232059409
20.0	30.0	0.7367445089573611
20.0	31.25	0.7230609337599795
20.0	32.5	0.5701152705371976
20.0	33.75	0.37653614399862484
20.0	35.0	0.9641531200707929
21.25	33.75	0.8603728049641299
21.25	32.5	0.294065906946158
21.25	31.25	0.6488539414753269
21.25	30.0	0.7243927964101885
21.25	28.75	0.7187676868108185
21.25	27.5	0.7723788673956424
21.25	26.25	0.848870013401326
21.25	25.0	0.8985113304297602
21.25	23.75	0.9653544248326996
21.25	22.5	0.9926293059788023
21.25	21.25	1.0091219214291758
21.25	20.0	1.025105208973994
21.25	18.75	1.032712300203418
21.25	17.5	1.0295485868038539
21.25	16.25	1.0339737790357963
21.25	15.0	1.032774983367216
21.25	13.75	1.0425764653586582
21.25	12.5	1.0280035628363542
21.25	11.25	1.0313910191830797
21.25	10.0	1.028620466225149
21.25	8.75	1.0190380583355125
21.25	7.5	1.0178176797075034
21.25	6.25	1.0196770628525118
21.25	5.0	1.023060021906044
21.25	3.75	1.010826993820515
21.25	2.5	1.020159427686913
21.25	1.25	1.0239636945833157
21.25	-0.0	1.0174448623435761
21.25	-1.25	1.0284818904608524
21.25	-2.5	1.0103512832499377
21.25	-3.75	1.0119861672352206
21.25	-5.0	1.014351981317847
21.25	-6.25	1.01260920098361
21.25	-7.5	1.0027983160298193
21.25	-8.75	1.0113504357877747
21.25	-10.0	1.000545099701669
21.25	-11.25	1.0101583786516934
21.25	-12.5	1.0107562816795275
21.25	-13.75	1.007316787660053
21.25	-15.0	1.0117932432813477
21.25	-16.25	1.019364716625278
21.25	-17.5	1.0192185729015169
21.25	-18.75	1.0407337173308489
21.25	-20.0	1.0480894629870072
21.25	-21.25	1.0468656027329453
21.25	-22.5	1.0519649481597821
21.25	-23.75	1.045835693038883
21.25	-25.0	1.0377830814971007
21.25	-26.25	1.0064086760197086
21.25	-27.5	0.9730467174207257
21.25	-28.75	0.9240190204008734
21.25	-30.0	0.9162409066630653
21.25	-31.25	0.9451355034178904
21.25	-32.5	0.8244780509042824
21.25	-33.75	0.7792930128980377
22.5	-32.5	0.8559550141759071
22.5	-31.25	0.9152689812125235
22.5	-30.0	0.9504945717894229
22.5	-28.75	0.9431275446472375
22.5	-27.5	0.9450003341598339
22.5	-26.25	0.9912826885089948
22.5	-25.0	1.0191722654208561
22.5	-23.75	1.0390447612928995
22.5	-22.5	1.0449371435936656
22.5	-21.25	1.0496292224164836
22.5	-20.0	1.0428057188889626
22.5	-18.75	1.0487660802035703
22.5	-17.5	1.03638170554695
22.5	-16.25	1.0323792951070796
22.5	-15.0	1.0081447020421916
22.5	-13.75	1.0122762638708045
22.5	-12.5	1.0157999599643086
22.5	-11.25	1.0152270660132394
22.5	-10.0	1.0152675330951753
22.5	-8.75	1.0071531254329136
22.5	-7.5	1.0073581083190248
22.5	-6.25	1.0072310935830375
22.5	-5.0	1.0095651615589618
22.5	-3.75	1.0134582924754938
22.5	-2.5	1.019670606412868
22.5	-1.25	1.0130458031092817
22.5	0.0	1.0184457226879609
22.5	1.25	1.0174318288206932
22.5	2.5	1.0170319261376877
22.5	3.75	1.024391384232903
22.5	5.0	1.0136344950328202
22.5	6.25	1.0208622240032688
22.5	7.5	1.0327191957097273
22.5	8.75	1.0178034507047724
22.5	10.0	1.0096321823494177
22.5	11.25	1.041820052772912
22.5	12.5	1.042553904759278
22.5	13.75	1.032239405788676
22.5	15.0	1.0238476151837042
22.5	16.25	1.025897458121275
22.5	17.5	1.031278009345104
22.5	18.75	1.0147334981094747
22.5	20.0	1.0057832537033766
22.5	21.25	0.9718291484115521
22.5	22.5	0.9507267876272311
22.5	23.75	0.905944592832071
22.5	25.0	0.8435433364450983
22.5	26.25	0.7799915508099272
22.5	27.5	0.7347921368135096
22.5	28.75	0.7180080203862981
22.5	30.0	0.6988441427871537
22.5	31.25	0.48759007600394144
22.5	32.5	0.9028579755599352
23.75	32.5	0.8150984285070535
23.75	31.25	0.37660972678736604
23.75	30.0	0.5777812553539943
23.75	28.75	0.6899742477285755
23.75	27.5	0.7281158712250811
23.75	26.25	0.7326622504279605
23.75	25.0	0.7944008592717626
23.75	23.75	0.8613824488042232
23.75	22.5	0.9190753107584234
23.75	21.25	0.9401792945396109
23.75	20.0	0.9822809032525147
23.75	18.75	0.9976264987942001
23.75	17.5	1.0060426168922982
23.75	16.25	1.0120209641399065
23.75	15.0	1.0349820392209346
23.75	13.75	1.0297039636450263
23.75	12.5	1.0295133053567513
23.75	11.25	1.0221931421953034
23.75	10.0	1.0266686234360272
23.75	8.75	1.0252805474837576
23.75	7.5	0.9871411421679444
23.75	6.25	0.9893999330131688
23.75	5.0	1.014090526039434
23.75	3.75	1.0090753233059222
23.75	2.5	1.0152111805273651
23.75	1.25	1.0180150715512446
23.75	-0.0	1.0205254429657176
23.75	-1.25	1.0032208376253293
23.75	-2.5	1.0150281547844096
23.75	-3.75	1.0196390737905807
23.75	-5.0	1.0059830781920436
23.75	-6.25	1.016806692628055
23.75	-7.5	1.0150999616534753
23.75	-8.75	1.0352682124722727
23.75	-10.0	1.0229205528129055
23.75	-11.25	1.0205063942485848
23.75	-12.5	1.011695253530896
23.75	-13.75	1.009749857757238
23.75	-15.0	1.0354200870729358
23.75	-16.25	1.0437381219506543
23.75	-17.5	1.047307091996659
23.75	-18.75	1.0518570547954853
23.75	-20.0	1.0474520331902006
23.75	-21.25	1.0567199158371767
23.75	-22.5	1.0447312687256667
23.75	-23.75	1.0200494153496886
23.75	-25.0	0.9951327672022849
23.75	-26.25	0.9745889255567274
23.75	-27.5	0.9603200964538982
23.75	-28.75	0.9663126759436382
23.75	-30.0	0.9561849370466351
23.75	-31.25	0.7614236244277515
23.75	-32.5	0.7359905024129453
25.0	-31.25	0.704661366605435
25.0	-30.0	0.8615865533651987
25.0	-28.75	0.9878667147409016
25.0	-27.5	0.9748878151521245
25.0	-26.25	0.9727201018487035
25.0	-25.0	1.00103040670639
25.0	-23.75	1.0182442136923109
25.0	-22.5	1.024158898443967
25.0	-21.25	1.0361670847712787
25.0	-20.0	1.0479949486773499
25.0	-18.75	1.0536072278043385
25.0	-17.5	1.0347003108292303
25.0	-16.25	1.048346410953201
25.0	-15.0	1.0475083608369484
25.0	-13.75	1.040036703208426
25.0	-12.5	1.0125349405467723
25.0	-11.25	1.0213042832386787
25.0	-10.0	1.0203949133918424
25.0	-8.75	1.0192696360121352
25.0	-7.5	1.0160125848031731
25.0	-6.25	1.0273241189220446
25.0	-5.0	1.0362721671559145
25.0	-3.75	1.0350903085722947
25.0	-2.5	1.043683819422273
25.0	-1.25	1.0153083867119332
25.0	0.0	1.0209659505133442
25.0	1.25	1.0043034400566255
25.0	2.5	1.0032274332728763
25.0	3.75	1.0056807508169172
25.0	5.0	1.0138147136685425
25.0	6.25	1.017553720002739
25.0	7.5	1.017959096888371
25.0	8.75	1.0197579724049541
25.0	10.0	1.0293310587694446
25.0	11.25	1.0264757529360005
25.0	12.5	1.0238900521790222
25.0	13.75	1.0269611254785067
25.0	15.0	1.0157327425846419
25.0	16.25	1.0142787313712316
25.0	17.5	1.0055270965441563
25.0	18.75	0.9900142364224302
25.0	20.0	0.9545889070844443
25.0	21.25	0.9118139106449911
25.0	22.5	0.8668673308434762
25.0	23.75	0.8129668627505419
25.0	25.0	0.7470088424146933
25.0	26.25	0.7302426975242348
25.0	27.5	0.7010060978712022
25.0	28.75	0.6278943334683339
25.0	30.0	0.31669398238248764
25.0	31.25	0.7384063294981639
26.25	30.0	0.8609340529972517
26.25	28.75	0.39493989633476423
26.25	27.5	0.6470792962942263
26.25	26.25	0.7023560088075952
26.25	25.0	0.7316727232544712
26.25	23.75	0.7577581348857937
26.25	22.5	0.8078999617062954
26.25	21.25	0.8573880639593903
26.25	20.0	0.9195587562856312
26.25	18.75	0.9525465547171127
26.25	17.5	0.9665976130185768
26.25	16.25	0.9976274241819277
26.25	15.0	1.0139384557897215
26.25	13.75	1.0141326822577954
26.25	12.5	1.0245265635144867
26.25	11.25	1.0275780417684761
26.25	10.0	1.0202141549086523
26.25	8.75	1.022494340768762
26.25	7.5	1.026768003779786
26.25	6.25	1.0338126717621015
26.25	5.0	1.0118008052421932
26.25	3.75	1.0256389055434483
26.25	2.5	1.0293951151667262
26.25	1.25	1.0352007231662903
26.25	-0.0	1.033286472299626
26.25	-1.25	1.0318033942746432
26.25	-2.5	1.0149101542401395
26.25	-3.75	1.0183958986503612
26.25	-5.0	1.0095019639706546
26.25	-6.25	1.018923529599223
26.25	-7.5	1.0266349579297604
26.25	-8.75	1.030399374014955
26.25	-10.0	1.020000379978754
26.25	-11.25	1.0341060484418754
26.25	-12.5	1.0367272396360814
26.25	-13.75	1.046625236393946
26.25	-15.0	1.056413783638392
26.25	-16.25	1.0568196010516333
26.25	-17.5	1.0684895500489395
26.25	-18.75	1.047785430144987
26.25	-20.0	1.0433795412720557
26.25	-21.25	1.0428473032193464
26.25	-22.5	1.0283346082305531
26.25	-23.75	1.0148198253884262
26.25	-25.0	0.9945502874297533
26.25	-26.25	0.999374962963393
26.25	-27.5	0.998606728399979
26.25	-28.75	0.9141070214831173
26.25	-30.0	0.814420499609163
27.5	-28.75	0.056889698491069916
27.5	-27.5	0.950156512602879
27.5	-26.25	1.0130054229930883
27.5	-25.0	1.0236819547943776
27.5	-23.75	1.0165879242364353
27.5	-22.5	1.016596824331664
27.5	-21.25	1.031114550537569
27.5	-20.0	1.0321390418141645
27.5	-18.75	1.038235771626533
27.5	-17.5	1.057778371612287
27.5	-16.25	1.0524274851713586
27.5	-15.0	1.0362835819869562
27.5	-13.75	1.0456334311955462
27.5	-12.5	1.0531919959590392
27.5	-11.25	1.0384838653862827
27.5	-10.0	1.0282171531446875
27.5	-8.75	1.0343941093703253
27.5	-7.5	1.0192233308630951
27.5	-6.25	1.0269496051124458
27.5	-5.0	1.0195367716502517
27.5	-3.75	1.022712416493175
27.5	-2.5	1.0319779244846097
27.5	-1.25	1.0092401265180166
27.5	0.0	1.0146383228043214
27.5	1.25	1.0222654181571267
27.5	2.5	1.030518646509463
27.5	3.75	1.0238135755962559
27.5	5.0	1.0271252230860106
27.5	6.25	1.0145662634411223
27.5	7.5	1.0266785945753216
27.5	8.75	1.0161084771581026
27.5	10.0	1.0135082755650853
27.5	11.25	1.022334744663058
27.5	12.5	1.0058917392540054
27.5	13.75	0.9901736551391807
27.5	15.0	0.9863279068917226
27.5	16.25	0.9672865674189027
27.5	17.5	0.9279849809969393
27.5	18.75	0.9002538370125199
27.5	20.0	0.8464384669598687
27.5	21.25	0.8128963478787846
27.5	22.5	0.7487745707185756
27.5	23.75	0.7299702853123436
27.5	25.0	0.6915604780533564
27.5	26.25	0.6654923055545005
27.5	27.5	0.41236332300191736
27.5	28.75	0.7697887905474492
28.75	27.5	0.9394400793209187
28.75	26.25	0.4172646425097928
28.75	25.0	0.634099771727081
28.75	23.75	0.7009663505171981
28.75	22.5	0.7165666678344146
28.75	21.25	0.7531059358197821
28.75	20.0	0.7822962472946513
28.75	18.75	0.833437814253392
28.75	17.5	0.8875315034541897
28.75	16.25	0.9211717273398946
28.75	15.0	0.9502232100981846
28.75	13.75	0.9730117169517664
28.75	12.5	0.9799254102262966
28.75	11.25	0.9980608045434913
28.75	10.0	1.0024927905515673
28.75	8.75	0.9992037318273412
28.75	7.5	1.0111775243148147
28.75	6.25	1.0170352002026501
28.75	5.0	1.0224650554829051
28.75	3.75	1.0294515470448997
28.75	2.5	1.0253858303610206
28.75	1.25	1.021584870423128
28.75	-0.0	1.0259264346196508
28.75	-1.25	1.0241492857526502
28.75	-2.5	1.0252383613254712
28.75	-3.75	1.0219781440559623
28.75	-5.0	1.0344916423532944
28.75	-6.25	1.0371882299174526
28.75	-7.5	1.0395809414338972
28.75	-8.75	1.0429042637564487
28.75	-10.0	1.041513605031315
28.75	-11.25	1.0426823549082118
28.75	-12.5	1.0477625575289806
28.75	-13.75	1.0429395476627785
28.75	-15.0	1.06242414838723
28.75	-16.25	1.053504463734014
28.75	-17.5	1.0521483918995362
28.75	-18.75	1.047864790276865
28.75	-20.0	1.044802986359625
28.75	-21.25	1.034496699118676
28.75	-22.5	1.0427960665638083
28.75	-23.75	1.0271712987036572
28.75	-25.0	1.027545138294844
28.75	-26.25	0.9563010433072686
28.75	-27.5	0.5846221326525567
30.0	-26.25	0.6298608259383468
30.0	-25.0	0.9368502069123288
30.0	-23.75	1.0369540053949238
30.0	-22.5	1.053717495014841
30.0	-21.25	1.0527724309875082
30.0	-20.0	1.0452653090121815
30.0	-18.75	1.0549308844858023
30.0	-17.5	1.0550683667885326
30.0	-16.25	1.054893105377458
30.0	-15.0	1.0626567259603579
30.0	-13.75	1.0594614658522636
30.0	-12.5	1.0525973761444587
30.0	-11.25	1.043232068872929
30.0	-10.0	1.0460717825933505
30.0	-8.75	1.0470273172233289
30.0	-7.5	1.0378816585610886
30.0	-6.25	1.0454429617099865
30.0	-5.0	1.043393321712766
30.0	-3.75	1.0303047370234586
30.0	-2.5	1.0166221250177045
30.0	-1.25	1.0199219177574719
30.0	0.0	1.021575476114985
30.0	1.25	1.0250234127527875
30.0	2.5	1.01807335960834
30.0	3.75	1.0157946590050555
30.0	5.0	1.01578714283297
30.0	6.25	1.0032226565999391
30.0	7.5	0.9899658629127736
30.0	8.75	0.9924144823401726
30.0	10.0	0.9816367705310576
30.0	11.25	0.9643869260155814
30.0	12.5	0.9511660562973187
30.0	13.75	0.9361391792200764
30.0	15.0	0.9087691651903608
30.0	16.25	0.8635909346704836
30.0	17.5	0.8212005249594911
30.0	18.75	0.7764983469511284
30.0	20.0	0.7473458245201136
30.0	21.25	0.719993065132136
30.0	22.5	0.6959223731198928
30.0	23.75	0.5993146204413448
30.0	25.0	0.378681178579535
30.0	26.25	0.8210163457267076
31.25	25.0	0.8061089327938238
31.25	23.75	0.3691330984386056
31.25	22.5	0.5680719138894826
31.25	21.25	0.6893345418175043
31.25	20.0	0.6963846195877356
31.25	18.75	0.7325656330033313
31.25	17.5	0.7512043436499432
31.25	16.25	0.7989351484991488
31.25	15.0	0.8385890816751175
31.25	13.75	0.8837093578997758
31.25	12.5	0.9175877160983403
31.25	11.25	0.9373572535357235
31.25	10.0	0.9580238251367087
31.25	8.75	0.9603381357629054
31.25	7.5	0.9756368599176294
31.25	6.25	0.9872500175534016
31.25	5.0	0.9988821417505191
31.25	3.75	1.0081635145827907
31.25	2.5	1.0187402423825946
31.25	1.25	1.010615303145054
31.25	-0.0	1.0249177274354826
31.25	-1.25	1.0290445648027118
31.25	-2.5	1.0208624038786762
31.25	-3.75	1.0224145661168922
31.25	-5.0	1.0388813551357952
31.25	-6.25	1.036615456195283
31.25	-7.5	1.0295353537050773
31.25	-8.75	1.042759969062877
31.25	-10.0	1.0567087425955604
31.25	-11.25	1.050359500456619
31.25	-12.5	1.0554807667476078
31.25	-13.75	1.0577439438565879
31.25	-15.0	1.0635526117492657
31.25	-16.25	1.0660467486122045
31.25	-17.5	1.0682804904382777
31.25	-18.75	1.053738873470091
31.25	-20.0	1.0692915160410696
31.25	-21.25	1.057960963779527
31.25	-22.5	1.021082406742033
31.25	-23.75	0.8852991796803366
31.25	-25.0	11.874850362953433
32.5	-23.75	0.6099401176331768
32.5	-22.5	0.7499562023023991
32.5	-21.25	0.9885567660989701
32.5	-20.0	1.0479978547270208
32.5	-18.75	1.0592792890040814
32.5	-17.5	1.068882289361877
32.5	-16.25	1.0696878696342056
32.5	-15.0	1.0698065889133068
32.5	-13.75	1.0690685036792087
32.5	-12.5	1.0624721272374282
32.5	-11.25	1.0604786728473594
32.5	-10.0	1.0496267481303176
32.5	-8.75	1.0336038310737194
32.5	-7.5	1.039071960402961
32.5	-6.25	1.0346814214332818
32.5	-5.0	1.022398775285298
32.5	-3.75	1.014337996262913
32.5	-2.5	1.013358842627936
32.5	-1.25	1.0128691403315884
32.5	0.0	0.9992154520832053
32.5	1.25	1.0023577672678814
32.5	2.5	0.9921539321047305
32.5	3.75	0.9970746235026542
32.5	5.0	0.9846553829950021
32.5	6.25	0.9563499224594403
32.5	7.5	0.9486082139314199
32.5	8.75	0.9283877412055639
32.5	10.0	0.9135172620195784
32.5	11.25	0.8785211529947725
32.5	12.5	0.8411690263927725
32.5	13.75	0.797846011865823
32.5	15.0	0.7700496424820074
32.5	16.25	0.7332063568237943
32.5	17.5	0.7081792308128861
32.5	18.75	0.7024734848075095
32.5	20.0	0.6333110173229317
32.5	21.25	0.4631390673310899
32.5	22.5	0.37036199299675077
32.5	23.75	0.8139917520949752
33.75	21.25	0.6674144468373667
33.75	20.0	0.44063284475568354
33.75	18.75	0.5672788819928987
33.75	17.5	0.6729316122147717
33.75	16.25	0.6835393471555071
33.75	15.0	0.6863089670063307
33.75	13.75	0.7454192120568331
33.75	12.5	0.7691922921658405
33.75	11.25	0.8014733932744669
33.75	10.0	0.8483892270187379
33.75	8.75	0.8674591966883756
33.75	7.5	0.9002065153484703
33.75	6.25	0.9281383877515906
33.75	5.0	0.9409801017787
33.75	3.75	0.9546468370989156
33.75	2.5	0.9735981874119534
33.75	1.25	0.9870068466708949
33.75	-0.0	0.9882145302185056
33.75	-1.25	0.9937383421882641
33.75	-2.5	1.0092548619780934
33.75	-3.75	1.0139556547249835
33.75	-5.0	1.0200454917092878
33.75	-6.25	1.0276929708394988
33.75	-7.5	1.0399219289599395
33.75	-8.75	1.0426882659111882
33.75	-10.0	1.0554923498683815
33.75	-11.25	1.0600817167010352
33.75	-12.5	1.0673528178990477
33.75	-13.75	1.0649486437167102
33.75	-15.0	1.066122230811142
33.75	-16.25	1.0530973585715424
33.75	-17.5	1.028012055484485
33.75	-18.75	0.9874712480736594
33.75	-20.0	0.8149714262145096
33.75	-21.25	0.5032122880542099
35.0	-20.0	0.6473816688586976
35.0	-18.75	0.5340847398381854
35.0	-17.5	0.8018089958601816
35.0	-16.25	0.9449514676326802
35.0	-15.0	0.9721215847130956
35.0	-13.75	0.9938902897889673
35.0	-12.5	1.0247864852050752
35.0	-11.25	1.0266292014911325
35.0	-10.0	1.0267922000503504
35.0	-8.75	1.036744924062391
35.0	-7.5	1.0247912557491405
35.0	-6.25	1.0216839365077308
35.0	-5.0	1.005740919472293
35.0	-3.75	1.004167707230233
35.0	-2.5	0.9825962197515877
35.0	-1.25	0.9741122061560424
35.0	0.0	0.9574439907476058
35.0	1.25	0.9574224046997766
35.0	2.5	0.9327853856609513
35.0	3.75	0.8933377899237753
35.0	5.0	0.8686722070446498
35.0	6.25	0.8570766134677572
35.0	7.5	0.820107368030722
35.0	8.75	0.7878404409145029
35.0	10.0	0.7627682480488065
35.0	11.25	0.7180195067015293
35.0	12.5	0.6886768893884252
35.0	13.75	0.7101847490722689
35.0	15.0	0.6950452065240584
35.0	16.25	0.5855517522339246
35.0	17.5	0.4403642124815467
35.0	18.75	0.5963137616239862
35.0	20.0	0.8475625527991097
36.25	17.5	0.9037762414191104
36.25	16.25	0.015428969708033962
36.25	15.0	0.48699377967334795
36.25	13.75	0.5741831668515922
36.25	12.5	0.675729698686812
36.25	11.25	0.7175008816029638
36.25	10.0	0.726938983333471
36.25	8.75	0.7117885682928006
36.25	7.5	0.7387849728245488
36.25	6.25	0.7601039390077136
36.25	5.0	0.7911992623520114
36.25	3.75	0.8142509000861007
36.25	2.5	0.8297588828933181
36.25	1.25	0.8663335828577714
36.25	-0.0	0.8766275020250874
36.25	-1.25	0.9010067105611493
36.25	-2.5	0.9229099282606638
36.25	-3.75	0.9285835384644832
36.25	-5.0	0.9500760316003274
36.25	-6.25	0.9388357446293436
36.25	-7.5	0.9671362802303964
36.25	-8.75	0.9147040772954907
36.25	-10.0	0.902414435125462
36.25	-11.25	0.8749984920582815
36.25	-12.5	0.9003151912586315
36.25	-13.75	0.8424868394037779
36.25	-15.0	0.7180035726909669
36.25	-16.25	0.5473626194803818
36.25	-17.5	0.7107408743194238
37.5	-15.0	0.799782123049916
37.5	-13.75	0.49956201481673235
37.5	-12.5	0.6123165296550898
37.5	-11.25	0.703881230655705
37.5	-10.0	0.7705001853054179
37.5	-8.75	0.8031198211879629
37.5	-7.5	0.8131436176606951
37.5	-6.25	0.8060823149187687
37.5	-5.0	0.8022726614768698
37.5	-3.75	0.7912555759793374
37.5	-2.5	0.7834948687357534
37.5	-1.25	0.7612967098032745
37.5	0.0	0.764870936205472
37.5	1.25	0.760540094222947
37.5	2.5	0.7470431348259151
37.5	3.75	0.743264633668141
37.5	5.0	0.7446416447051293
37.5	6.25	0.7397502472043588
37.5	7.5	0.7194729361201949
37.5	8.75	0.692914922204879
37.5	10.0	0.636148156115386
37.5	11.25	0.5728509707485531
37.5	12.5	0.49103468335293343
37.5	13.75	0.7399337752299449
37.5	15.0	0.7400711145423751
38.75	11.25	0.8386024412354146
38.75	10.0	0.7665596245630609
38.75	8.75	0.6209298411722511
38.75	7.5	0.6086042473317392
38.75	6.25	0.6524188357293037
38.75	5.0	0.6821090454045206
38.75	3.75	0.7085760173841524
38.75	2.5	0.7207982608504973
38.75	1.25	0.733571410232488
38.75	-0.0	0.7379492561740412
38.75	-1.25	0.7352690358937374
38.75	-2.5	0.7370186948838716
38.75	-3.75	0.7235481850973908
38.75	-5.0	0.7151324394815286
38.75	-6.25	0.6878082741498275
38.75	-7.5	0.6577977140800394
38.75	-8.75	0.6151392216793856
38.75	-10.0	0.5788971647308443
38.75	-11.25	0.7368874741259718
40.0	-6.25	0.7932738227848277
40.0	-5.0	0.8515383838908989
40.0	-3.75	0.7795336948922384
40.0	-2.5	0.7774067105024676
40.0	-1.25	0.971738233329995
40.0	0.0	0.8806339474742407
40.0	1.25	0.7103348752104502
40.0	2.5	0.9014182240707431
40.0	3.75	0.8741093469169608
40.0	5.0	0.8330524834360497
40.0	6.25	0.8491184163134219
