-40.0	6.25	0.7006974506481948
-40.0	5.0	0.8502482506769742
-40.0	3.75	0.7919550129034505
-40.0	2.5	0.6733897291875216
-40.0	1.25	0.7333553551957351
-40.0	-0.0	0.6826746365146059
-40.0	-1.25	0.6807171486439155
-40.0	-2.5	0.6614345588635456
-40.0	-3.75	0.5520494028751844
-40.0	-5.0	0.7080282250475312
-40.0	-6.25	0.8219353359145286
-38.75	-11.25	0.5449842416898323
-38.75	-10.0	0.46358733468982277
-38.75	-8.75	0.5195057175074118
-38.75	-7.5	0.5649596301204121
-38.75	-6.25	0.5987421451857786
-38.75	-5.0	0.6479350472206985
-38.75	-3.75	0.6686318558423275
-38.75	-2.5	0.6830821282333848
-38.75	-1.25	0.6866961783060155
-38.75	0.0	0.6935808274356415
-38.75	1.25	0.6876067820554668
-38.75	2.5	0.6880921190359851
-38.75	3.75	0.6802779316173186
-38.75	5.0	0.6680122506380026
-38.75	6.25	0.6538485171224692
-38.75	7.5	0.6275962935097257
-38.75	8.75	0.6106614356642696
-38.75	10.0	0.6746253035302096
-38.75	11.25	0.8290301104957514
-37.5	15.0	0.8466388864290819
-37.5	13.75	0.7958143092706663
-37.5	12.5	0.5280861683345758
-37.5	11.25	0.563119949637269
-37.5	10.0	0.6221666384274889
-37.5	8.75	0.6603111151371209
-37.5	7.5	0.6953493453420203
-37.5	6.25	0.6996611061949142
-37.5	5.0	0.7087689228197837
-37.5	3.75	0.7085004025791821
-37.5	2.5	0.7210957366988344
-37.5	1.25	0.7264354760713039
-37.5	-0.0	0.7278722715278906
-37.5	-1.25	0.7433562795069341
-37.5	-2.5	0.7580324770726853
-37.5	-3.75	0.7449448433672595
-37.5	-5.0	0.7609268966586302
-37.5	-6.25	0.7748569893072397
-37.5	-7.5	0.7617099447889555
-37.5	-8.75	0.7496542453484327
-37.5	-10.0	0.6870724047852709
-37.5	-11.25	0.5803627474257438
-37.5	-12.5	0.45178739427910297
-37.5	-13.75	0.3662314569093747
-37.5	-15.0	0.91323108553504
-36.25	-17.5	1.082274727103442
-36.25	-16.25	0.3614865162185889
-36.25	-15.0	0.5533526686173238
-36.25	-13.75	0.7516187075692751
-36.25	-12.5	0.8344345879945209
-36.25	-11.25	0.8609663181113912
-36.25	-10.0	0.8809031371342352
-36.25	-8.75	0.909905412920421
-36.25	-7.5	0.9297940464700036
-36.25	-6.25	0.923014919200143
-36.25	-5.0	0.9180085207222144
-36.25	-3.75	0.9157016514274621
-36.25	-2.5	0.9019814698019686
-36.25	-1.25	0.8917100965843562
-36.25	0.0	0.866502727425711
-36.25	1.25	0.8495404222412168
-36.25	2.5	0.8153053448135986
-36.25	3.75	0.7983904622570329
-36.25	5.0	0.7682091226793348
-36.25	6.25	0.7448761149457851
-36.25	7.5	0.6993593504654145
-36.25	8.75	0.686019191202712
-36.25	10.0	0.6919874022837034
-36.25	11.25	0.6763977401975725
-36.25	12.5	0.6603828190530515
-36.25	13.75	0.5724699784850343
-36.25	15.0	0.46377780640997873
-36.25	16.25	0.5140385775227071
-36.25	17.5	0.8548497961843362
-35.0	20.0	0.8990914338498555
-35.0	18.75	0.4952485823914949
-35.0	17.5	0.4225648285727472
-35.0	16.25	0.5679248745377474
-35.0	15.0	0.6595822820658604
-35.0	13.75	0.6729017131162911
-35.0	12.5	0.6726404755966207
-35.0	11.25	0.7181084797181179
-35.0	10.0	0.7435865935731333
-35.0	8.75	0.7695983359177159
-35.0	7.5	0.7881090107458201
-35.0	6.25	0.8371716542095902
-35.0	5.0	0.864689361972103
-35.0	3.75	0.8917186448104435
-35.0	2.5	0.9080318492427609
-35.0	1.25	0.9180657877969909
-35.0	-0.0	0.949846800551844
-35.0	-1.25	0.9657465485557761
-35.0	-2.5	0.9698090156677419
-35.0	-3.75	0.9752641094949067
-35.0	-5.0	0.9923424201182705
-35.0	-6.25	0.9978913178150748
-35.0	-7.5	0.992423114597656
-35.0	-8.75	1.0029494805425425
-35.0	-10.0	0.9955726634396773
-35.0	-11.25	0.9942646900475054
-35.0	-12.5	0.9949954840565078
-35.0	-13.75	0.966309728989957
-35.0	-15.0	0.9431464882326952
-35.0	-16.25	0.8761350712207908
-35.0	-17.5	0.6535980200143614
-35.0	-18.75	0.3489480614255098
-35.0	-20.0	0.8708871570021689
-33.75	-21.25	0.24649457912062725
-33.75	-20.0	0.6425866141327043
-33.75	-18.75	0.9201583533819012
-33.75	-17.5	0.9970990288512975
-33.75	-16.25	1.0347402708281717
-33.75	-15.0	1.0417891127369128
-33.75	-13.75	1.0398665727923473
-33.75	-12.5	1.0382784001163656
-33.75	-11.25	1.0236120500041153
-33.75	-10.0	1.019152566599877
-33.75	-8.75	1.0102250996474844
-33.75	-7.5	1.024551326379087
-33.75	-6.25	1.0269564758983816
-33.75	-5.0	1.0079373944419283
-33.75	-3.75	0.9970890904445495
-33.75	-2.5	1.0005554844311078
-33.75	-1.25	0.9988068533089676
-33.75	0.0	0.9816653609356891
-33.75	1.25	0.9770560388897275
-33.75	2.5	0.9648713524065362
-33.75	3.75	0.9514421436814736
-33.75	5.0	0.9378061386282571
-33.75	6.25	0.907408055045678
-33.75	7.5	0.8919420007825932
-33.75	8.75	0.8491537336652883
-33.75	10.0	0.822224479627587
-33.75	11.25	0.7740980321236495
-33.75	12.5	0.7574659528598047
-33.75	13.75	0.7104340908882757
-33.75	15.0	0.6628814329104656
-33.75	16.25	0.6629638228205074
-33.75	17.5	0.6511362789162615
-33.75	18.75	0.5621163445917337
-33.75	20.0	0.3927799443029079
-33.75	21.25	0.90740315865231
-32.5	23.75	0.9009397097267642
-32.5	22.5	0.31625619191835835
-32.5	21.25	0.4669058156900632
-32.5	20.0	0.6346109927373028
-32.5	18.75	0.671014710898172
-32.5	17.5	0.6676783455314336
-32.5	16.25	0.7309929675067373
-32.5	15.0	0.7483555753338526
-32.5	13.75	0.7958696117829149
-32.5	12.5	0.816772009654838
-32.5	11.25	0.8589502242164508
-32.5	10.0	0.8872723845902578
-32.5	8.75	0.896289968384974
-32.5	7.5	0.9328096331668907
-32.5	6.25	0.9430868551313387
-32.5	5.0	0.9624127910592267
-32.5	3.75	0.9775470078947313
-32.5	2.5	0.9911977809214831
-32.5	1.25	0.9912015332757285
-32.5	-0.0	0.9961384576139618
-32.5	-1.25	1.0103821650475961
-32.5	-2.5	1.0102229782575616
-32.5	-3.75	1.008285986978635
-32.5	-5.0	1.023064883362562
-32.5	-6.25	1.0171636990618267
-32.5	-7.5	1.0436833371740202
-32.5	-8.75	1.0255569777562203
-32.5	-10.0	1.020049866741465
-32.5	-11.25	1.0321632316732825
-32.5	-12.5	1.0419278429162464
-32.5	-13.75	1.0388694399149858
-32.5	-15.0	1.0403009767025926
-32.5	-16.25	1.0399072310264876
-32.5	-17.5	1.0411327721693415
-32.5	-18.75	1.0482107192993206
-32.5	-20.0	1.019415697405325
-32.5	-21.25	0.896160855515879
-32.5	-22.5	0.6206428343672027
-32.5	-23.75	1.2010572797541728
-31.25	-25.0	0.3899069422431775
-31.25	-23.75	0.7578235697513469
-31.25	-22.5	0.989777137751628
-31.25	-21.25	1.030542703970697
-31.25	-20.0	1.0273729917592689
-31.25	-18.75	1.0440763343365045
-31.25	-17.5	1.0372872181656925
-31.25	-16.25	1.0384532576939347
-31.25	-15.0	1.029194599757754
-31.25	-13.75	1.0266409559206624
-31.25	-12.5	1.0206763838364925
-31.25	-11.25	1.023054434741734
-31.25	-10.0	1.021873630152146
-31.25	-8.75	1.0254242408150398
-31.25	-7.5	1.0141332440720385
-31.25	-6.25	1.0096411872889355
-31.25	-5.0	1.0126649973029511
-31.25	-3.75	1.0178630771039372
-31.25	-2.5	1.0276240784322368
-31.25	-1.25	1.0009620450744585
-31.25	0.0	0.994178596114491
-31.25	1.25	1.0078229122082791
-31.25	2.5	0.9913031798651382
-31.25	3.75	0.9952270841336943
-31.25	5.0	0.982121148846829
-31.25	6.25	0.969244953096438
-31.25	7.5	0.952256517549556
-31.25	8.75	0.9504389857376614
-31.25	10.0	0.9332264435537767
-31.25	11.25	0.9139612147922356
-31.25	12.5	0.8821823427518086
-31.25	13.75	0.850109142586904
-31.25	15.0	0.804245262741162
-31.25	16.25	0.7798958864723655
-31.25	17.5	0.7311552299615358
-31.25	18.75	0.7141364176748063
-31.25	20.0	0.6639392627841201
-31.25	21.25	0.6507197767474251
-31.25	22.5	0.5622753349798912
-31.25	23.75	0.33286322876614793
-31.25	25.0	0.8630794921079954
-30.0	26.25	0.9066685595802851
-30.0	25.0	0.40775941978502217
-30.0	23.75	0.6066414173980448
-30.0	22.5	0.6567358644178632
-30.0	21.25	0.6962378566691788
-30.0	20.0	0.7160928105363931
-30.0	18.75	0.7546015254459144
-30.0	17.5	0.7935593192779702
-30.0	16.25	0.8403020214896968
-30.0	15.0	0.8804522087746112
-30.0	13.75	0.9297744060144147
-30.0	12.5	0.9361882274336031
-30.0	11.25	0.9563233642330278
-30.0	10.0	0.9576492835525259
-30.0	8.75	0.9628574271047948
-30.0	7.5	0.9761103738677414
-30.0	6.25	0.9894685043962231
-30.0	5.0	0.9843278727835479
-30.0	3.75	1.0503613662502598
-30.0	2.5	1.0016486985838076
-30.0	1.25	1.0071288444907134
-30.0	-0.0	1.0091035166750604
-30.0	-1.25	1.0119224031929834
-30.0	-2.5	1.0040176232802298
-30.0	-3.75	1.0080138466093531
-30.0	-5.0	1.0210262260231933
-30.0	-6.25	1.0172184689767592
-30.0	-7.5	1.0320171344429427
-30.0	-8.75	1.018574082517828
-30.0	-10.0	1.0245528852571835
-30.0	-11.25	1.0072985904775218
-30.0	-12.5	1.0351080354865467
-30.0	-13.75	1.0358891728658928
-30.0	-15.0	1.0388280234180647
-30.0	-16.25	1.041751754157924
-30.0	-17.5	1.0305130143750383
-30.0	-18.75	1.0287605899114673
-30.0	-20.0	1.0263418266622109
-30.0	-21.25	1.0307023159060904
-30.0	-22.5	1.0355781846742824
-30.0	-23.75	1.012336694049041
-30.0	-25.0	0.8589569744795489
-30.0	-26.25	0.8514327337427762
-28.75	-27.5	11.33933679921583
-28.75	-26.25	0.882684246988779
-28.75	-25.0	1.002610186438621
-28.75	-23.75	1.0171394281788098
-28.75	-22.5	1.0095406450052853
-28.75	-21.25	1.0088127682350243
-28.75	-20.0	1.0166843733301563
-28.75	-18.75	1.008377617406091
-28.75	-17.5	1.030733375394154
-28.75	-16.25	1.0244023101319246
-28.75	-15.0	1.0136746440987587
-28.75	-13.75	1.0402841241101157
-28.75	-12.5	1.0291114499098555
-28.75	-11.25	1.0352825419859595
-28.75	-10.0	1.0254144312246585
-28.75	-8.75	1.0226883503507507
-28.75	-7.5	1.0209468150245598
-28.75	-6.25	1.0283673261489763
-28.75	-5.0	1.008871095557972
-28.75	-3.75	1.007693038177713
-28.75	-2.5	1.0271815728887663
-28.75	-1.25	1.0156738933898528
-28.75	0.0	1.0014984673575087
-28.75	1.25	1.0128173767549826
-28.75	2.5	0.9996171272124903
-28.75	3.75	1.0141474010777582
-28.75	5.0	1.0075574812061123
-28.75	6.25	1.00151978945759
-28.75	7.5	1.0000249429364545
-28.75	8.75	0.9980741609724422
-28.75	10.0	0.9830904631356057
-28.75	11.25	0.9750719424239251
-28.75	12.5	0.9498101858832413
-28.75	13.75	0.9460801091836014
-28.75	15.0	0.9291581264084908
-28.75	16.25	0.8950951956338091
-28.75	17.5	0.8718002995930375
-28.75	18.75	0.8191133081633073
-28.75	20.0	0.7595285897971877
-28.75	21.25	0.7319684765049654
-28.75	22.5	0.7093555260951393
-28.75	23.75	0.6722506247017316
-28.75	25.0	0.6279105088595386
-28.75	26.25	0.40265224881643424
-28.75	27.5	0.9512771401885404
-27.5	28.75	0.8406656939003363
-27.5	27.5	0.40983475025491056
-27.5	26.25	0.6175436826479113
-27.5	25.0	0.6872036794261128
-27.5	23.75	0.7075072397781474
-27.5	22.5	0.7269739576221533
-27.5	21.25	0.7711149570842156
-27.5	20.0	0.8214030281919896
-27.5	18.75	0.8653445435351879
-27.5	17.5	0.9028711458818314
-27.5	16.25	0.9416287374884266
-27.5	15.0	0.9521354882286426
-27.5	13.75	0.9772100241265127
-27.5	12.5	0.9744056971783579
-27.5	11.25	0.9984120763441446
-27.5	10.0	0.9976428254839808
-27.5	8.75	1.0040222565831751
-27.5	7.5	0.9927494640634941
-27.5	6.25	1.0080360791914327
-27.5	5.0	1.0040878552957753
-27.5	3.75	1.0066940769616937
-27.5	2.5	1.0188581516664867
-27.5	1.25	1.0087240343908734
-27.5	-0.0	1.0169327152275471
-27.5	-1.25	1.0013754743765417
-27.5	-2.5	1.0120093074835694
-27.5	-3.75	1.00340396298615
-27.5	-5.0	1.0166486102408512
-27.5	-6.25	1.0505809465517668
-27.5	-7.5	1.0257947399767358
-27.5	-8.75	1.0124303435381605
-27.5	-10.0	1.0156003665624558
-27.5	-11.25	1.0122244178530788
-27.5	-12.5	1.0269740202935995
-27.5	-13.75	1.0319602047350147
-27.5	-15.0	1.0351644466814505
-27.5	-16.25	1.0370290401888764
-27.5	-17.5	1.0142520699209194
-27.5	-18.75	1.0203260775183987
-27.5	-20.0	1.0210092676038751
-27.5	-21.25	1.0223346476142636
-27.5	-22.5	0.9969432062327708
-27.5	-23.75	0.989271049003823
-27.5	-25.0	0.9927740469407794
-27.5	-26.25	0.9819105154595363
-27.5	-27.5	0.8981973229072733
-27.5	-28.75	0.6632209902109059
-26.25	-30.0	0.9524638572620445
-26.25	-28.75	0.8384366325270589
-26.25	-27.5	0.9772609006370958
-26.25	-26.25	0.9858704585799821
-26.25	-25.0	0.9850259958885443
-26.25	-23.75	0.9984512520129899
-26.25	-22.5	1.0161755872283729
-26.25	-21.25	0.9990190587963882
-26.25	-20.0	1.0266478312819467
-26.25	-18.75	1.0311155278426383
-26.25	-17.5	1.0264091787575778
-26.25	-16.25	1.0372374599391743
-26.25	-15.0	1.026085096072049
-26.25	-13.75	1.0368303891222774
-26.25	-12.5	1.0296079475565276
-26.25	-11.25	1.0257548468019067
-26.25	-10.0	1.0177590705015942
-26.25	-8.75	1.0248750009909808
-26.25	-7.5	1.018804672828401
-26.25	-6.25	1.0134290925416092
-26.25	-5.0	1.0074497702719638
-26.25	-3.75	1.0180374320238164
-26.25	-2.5	1.0056910622778796
-26.25	-1.25	1.0136743999742188
-26.25	0.0	1.0112039071565093
-26.25	1.25	1.0061105511846162
-26.25	2.5	1.0138996512023533
-26.25	3.75	1.0128962370094574
-26.25	5.0	1.0038203357600681
-26.25	6.25	1.0161296320007922
-26.25	7.5	1.008251023014327
-26.25	8.75	1.004901810378962
-26.25	10.0	1.0085560638771178
-26.25	11.25	0.9912601339608565
-26.25	12.5	1.0074474435823093
-26.25	13.75	0.9922813297505116
-26.25	15.0	0.9837115473365508
-26.25	16.25	0.9867086535234907
-26.25	17.5	0.956606943734738
-26.25	18.75	0.935059089766083
-26.25	20.0	0.8728410839108863
-26.25	21.25	0.8313731196002536
-26.25	22.5	0.7833809498763619
-26.25	23.75	0.7422463767021129
-26.25	25.0	0.7074028289682691
-26.25	26.25	0.6840360054444121
-26.25	27.5	0.6355373635270216
-26.25	28.75	0.4067878939644921
-26.25	30.0	0.8563555303327635
-25.0	31.25	0.9641186770048658
-25.0	30.0	0.3785248740925608
-25.0	28.75	0.6137459571961346
-25.0	27.5	0.6949215362619293
-25.0	26.25	0.6978016730231463
-25.0	25.0	0.736839995440628
-25.0	23.75	0.7838519785213607
-25.0	22.5	0.8430981286641754
-25.0	21.25	0.8920500468429579
-25.0	20.0	0.9308663790328408
-25.0	18.75	0.9557912378463407
-25.0	17.5	0.9790982568707444
-25.0	16.25	0.992436068757931
-25.0	15.0	0.9935309973558372
-25.0	13.75	0.9760783219135101
-25.0	12.5	1.0009596437656447
-25.0	11.25	1.0106638245092239
-25.0	10.0	0.9978785321011578
-25.0	8.75	1.0226565755812917
-25.0	7.5	0.9990381693714955
-25.0	6.25	0.9971604388262438
-25.0	5.0	0.9914204348448119
-25.0	3.75	1.004248789196765
-25.0	2.5	1.0084187282279788
-25.0	1.25	1.025085699076032
-25.0	-0.0	1.0123164677685694
-25.0	-1.25	1.0040372606782264
-25.0	-2.5	1.027184886716474
-25.0	-3.75	1.0053892468123085
-25.0	-5.0	1.0194857669820865
-25.0	-6.25	1.0323910261040095
-25.0	-7.5	1.0247229087150942
-25.0	-8.75	1.0129821538632409
-25.0	-10.0	1.0202661618581776
-25.0	-11.25	1.0181240951419417
-25.0	-12.5	1.0286222517451475
-25.0	-13.75	1.0277337899177394
-25.0	-15.0	1.0336001970131126
-25.0	-16.25	1.0302041391175383
-25.0	-17.5	1.032089442682376
-25.0	-18.75	1.0375251047524774
-25.0	-20.0	1.0299434158966634
-25.0	-21.25	1.0298928947714463
-25.0	-22.5	1.0168765689680646
-25.0	-23.75	0.9949326941885178
-25.0	-25.0	0.9906711574694237
-25.0	-26.25	0.9686387248869578
-25.0	-27.5	0.9683137762311664
-25.0	-28.75	0.9713141710867353
-25.0	-30.0	0.8526939771597228
-25.0	-31.25	0.9595511638517609
-23.75	-32.5	0.8967737544755496
-23.75	-31.25	0.7228662999438956
-23.75	-30.0	0.9466582630901067
-23.75	-28.75	0.9404423973957386
-23.75	-27.5	0.9345169634221486
-23.75	-26.25	0.9648594483211378
-23.75	-25.0	0.9868656988208527
-23.75	-23.75	1.0210277092314153
-23.75	-22.5	1.0273601140978552
-23.75	-21.25	1.0190593666631687
-23.75	-20.0	1.0370619427104986
-23.75	-18.75	1.0399124648210873
-23.75	-17.5	1.0363649369662011
-23.75	-16.25	1.0282247583632564
-23.75	-15.0	1.0197772841369677
-23.75	-13.75	1.0302287175132068
-23.75	-12.5	1.0178835859771578
-23.75	-11.25	1.01222179237144
-23.75	-10.0	1.0171633251575634
-23.75	-8.75	1.0067457775460709
-23.75	-7.5	0.9944950070547912
-23.75	-6.25	1.0074553490915772
-23.75	-5.0	1.0012383378054066
-23.75	-3.75	1.0071140831811058
-23.75	-2.5	1.0145460775654869
-23.75	-1.25	1.0139906010420596
-23.75	0.0	1.0177952773594297
-23.75	1.25	1.023748472770693
-23.75	2.5	1.0197551754375758
-23.75	3.75	1.015922285087265
-23.75	5.0	1.0176385521949614
-23.75	6.25	1.0039089799268157
-23.75	7.5	0.9959811991020691
-23.75	8.75	0.985984053181767
-23.75	10.0	0.9986316626451169
-23.75	11.25	1.0100678777683403
-23.75	12.5	1.012946819777369
-23.75	13.75	1.007208041673239
-23.75	15.0	1.0124256053920062
-23.75	16.25	1.0144782341777776
-23.75	17.5	0.9898938949020827
-23.75	18.75	0.9990439696150004
-23.75	20.0	0.9633928656457003
-23.75	21.25	0.9446643068245802
-23.75	22.5	0.9074682399056677
-23.75	23.75	0.8408142551245494
-23.75	25.0	0.7856400351974058
-23.75	26.25	0.7355178958618965
-23.75	27.5	0.7179878440481481
-23.75	28.75	0.6803955188164323
-23.75	30.0	0.5881581260749468
-23.75	31.25	0.5279383723780534
-23.75	32.5	1.0192902065244343
-22.5	32.5	1.0358811086040112
-22.5	31.25	0.5044917995066805
-22.5	30.0	0.6812012128959746
-22.5	28.75	0.7125891233467484
-22.5	27.5	0.7204904588366304
-22.5	26.25	0.773760161741989
-22.5	25.0	0.8538090877102141
-22.5	23.75	0.9035942301327734
-22.5	22.5	0.9977598848865219
-22.5	21.25	0.9638534233970963
-22.5	20.0	1.009270597245347
-22.5	18.75	0.9999199347103922
-22.5	17.5	1.0114532134309375
-22.5	16.25	1.00894543270913
-22.5	15.0	1.01758250697307
-22.5	13.75	1.020537843816037
-22.5	12.5	1.0242688913315223
-22.5	11.25	0.9897555736222413
-22.5	10.0	1.0029518057348392
-22.5	8.75	1.0337575541818615
-22.5	7.5	1.0138245624910505
-22.5	6.25	1.0200390743916488
-22.5	5.0	1.0131749300571946
-22.5	3.75	1.0211156072067273
-22.5	2.5	1.0182737718568726
-22.5	1.25	1.0163121794552588
-22.5	-0.0	1.0103192342691762
-22.5	-1.25	1.0225428261981948
-22.5	-2.5	0.999523089805737
-22.5	-3.75	1.0052374452983717
-22.5	-5.0	1.0181805041278087
-22.5	-6.25	1.02687645780526
-22.5	-7.5	0.9960533918522906
-22.5	-8.75	1.0161424043621856
-22.5	-10.0	1.016820599838446
-22.5	-11.25	1.0162638678816507
-22.5	-12.5	1.0142904668714912
-22.5	-13.75	1.0123285057932547
-22.5	-15.0	1.0128161563593678
-22.5	-16.25	1.030489179057711
-22.5	-17.5	1.025661399316685
-22.5	-18.75	1.0442468044637558
-22.5	-20.0	1.045084054544956
-22.5	-21.25	1.041190172344349
-22.5	-22.5	1.038130166110972
-22.5	-23.75	1.035902369493223
-22.5	-25.0	1.0020555378045646
-22.5	-26.25	0.9750381594376627
-22.5	-27.5	0.932121958972286
-22.5	-28.75	0.9037082944137297
-22.5	-30.0	0.9248881157236967
-22.5	-31.25	0.8892573181831327
-22.5	-32.5	0.6373427094228094
-21.25	-33.75	1.0098647460613634
-21.25	-32.5	0.7496128550486068
-21.25	-31.25	0.9259714640384282
-21.25	-30.0	0.8953750855963969
-21.25	-28.75	0.9083795176095605
-21.25	-27.5	0.9423824825065571
-21.25	-26.25	0.9874966080106783
-21.25	-25.0	1.029219948500587
-21.25	-23.75	1.0474944360208582
-21.25	-22.5	1.0416757767158327
-21.25	-21.25	1.048666007288739
-21.25	-20.0	1.0409743737957344
-21.25	-18.75	1.0262402281003116
-21.25	-17.5	1.0232030604903566
-21.25	-16.25	1.0255704930436618
-21.25	-15.0	1.015870498972464
-21.25	-13.75	1.0189527679232022
-21.25	-12.5	1.0136134393201406
-21.25	-11.25	1.0110399704663873
-21.25	-10.0	1.0104178594093733
-21.25	-8.75	1.0758361140761459
-21.25	-7.5	1.0109384539429533
-21.25	-6.25	1.0036842441681317
-21.25	-5.0	0.9996774450129096
-21.25	-3.75	0.9961830960158804
-21.25	-2.5	1.0090788250393334
-21.25	-1.25	1.0178674226227165
-21.25	0.0	1.0162782501033907
-21.25	1.25	1.0120105901287582
-21.25	2.5	1.0169336312516195
-21.25	3.75	1.0154405449940185
-21.25	5.0	1.019251697200269
-21.25	6.25	1.0097571508379448
-21.25	7.5	1.0154329142370566
-21.25	8.75	1.027397026436569
-21.25	10.0	1.0105877371780054
-21.25	11.25	1.0116559113053656
-21.25	12.5	1.00988153131062
-21.25	13.75	1.017909906366105
-21.25	15.0	1.0308819506847962
-21.25	16.25	1.0030461917268618
-21.25	17.5	1.0199343840847237
-21.25	18.75	1.0166189982328162
-21.25	20.0	1.0124248614563298
-21.25	21.25	1.0106546809328574
-21.25	22.5	0.9734251161093873
-21.25	23.75	0.9533754946203777
-21.25	25.0	0.8877471207277264
-21.25	26.25	0.832078131349361
-21.25	27.5	0.7633287228771667
-21.25	28.75	0.7300443420057873
-21.25	30.0	0.7149716207908537
-21.25	31.25	0.650757925812581
-21.25	32.5	0.30719461382350877
-21.25	33.75	0.9945874893511119
-20.0	35.0	0.9016982142630426
-20.0	33.75	0.5813294596746958
-20.0	32.5	0.6063990056651946
-20.0	31.25	0.7138396215102284
-20.0	30.0	0.7208859705626497
-20.0	28.75	0.7437243398061744
-20.0	27.5	0.8232646816179975
-20.0	26.25	0.8812477109338869
-20.0	25.0	0.9491432931260647
-20.0	23.75	0.9808165599436265
-20.0	22.5	0.9932247578776223
-20.0	21.25	1.0171235620991361
-20.0	20.0	1.0149398997598176
-20.0	18.75	1.0201461912631973
-20.0	17.5	1.0218148890484842
-20.0	16.25	1.0145564915703327
-20.0	15.0	1.019776655330761
-20.0	13.75	1.0136180384460438
-20.0	12.5	1.017339760375045
-20.0	11.25	1.02133781200376
-20.0	10.0	1.0157067764677634
-20.0	8.75	0.9981098920636587
-20.0	7.5	1.0094145691514702
-20.0	6.25	1.004404181815053
-20.0	5.0	1.010297368116124
-20.0	3.75	1.016592299603596
-20.0	2.5	1.00457076105776
-20.0	1.25	1.003194843794301
-20.0	-0.0	1.0068920829302916
-20.0	-1.25	0.9942259729993606
-20.0	-2.5	0.9987057711506797
-20.0	-3.75	1.005519987517465
-20.0	-5.0	0.9998805515299494
-20.0	-6.25	1.0023609649127951
-20.0	-7.5	1.0120120960383212
-20.0	-8.75	1.0015939680822583
-20.0	-10.0	1.0074782019028077
-20.0	-11.25	0.9688774825526029
-20.0	-12.5	1.005483823928338
-20.0	-13.75	1.0091191146513008
-20.0	-15.0	1.007814195432361
-20.0	-16.25	1.011251071022276
-20.0	-17.5	1.0054106418534683
-20.0	-18.75	1.0314701191707984
-20.0	-20.0	1.0349456125850904
-20.0	-21.25	1.043879718614808
-20.0	-22.5	1.0392050104229642
-20.0	-23.75	1.0469866881111833
-20.0	-25.0	1.0354021269953844
-20.0	-26.25	1.021563551328089
-20.0	-27.5	0.9742134845600688
-20.0	-28.75	0.917158431987777
-20.0	-30.0	0.8553429635283543
-20.0	-31.25	0.8708293227197378
-20.0	-32.5	0.8652265611853238
-20.0	-33.75	0.762268618412215
-20.0	-35.0	0.8663044996433812
-18.75	-35.0	0.7277740451934663
-18.75	-33.75	0.7760824880709909
-18.75	-32.5	0.8711227300565836
-18.75	-31.25	0.836386906560493
-18.75	-30.0	0.886377276598531
-18.75	-28.75	0.9438199112691826
-18.75	-27.5	1.011146165565814
-18.75	-26.25	1.0312684762161262
-18.75	-25.0	1.0491929655116137
-18.75	-23.75	1.0424450960281422
-18.75	-22.5	1.0403326123017318
-18.75	-21.25	1.0550735387918644
-18.75	-20.0	1.0094226675269553
-18.75	-18.75	1.026805691746699
-18.75	-17.5	1.0071203511248146
-18.75	-16.25	0.9953440498823933
-18.75	-15.0	0.9953091817739579
-18.75	-13.75	0.9949270202057577
-18.75	-12.5	1.005215470281745
-18.75	-11.25	1.0092069300530788
-18.75	-10.0	0.992568296108846
-18.75	-8.75	1.007612530317035
-18.75	-7.5	1.005428956166993
-18.75	-6.25	1.01138398695918
-18.75	-5.0	1.015713124801484
-18.75	-3.75	1.014924841024764
-18.75	-2.5	1.0166030397045844
-18.75	-1.25	1.012693628403779
-18.75	0.0	1.0032836831967056
-18.75	1.25	1.0112079139641623
-18.75	2.5	1.002765230957607
-18.75	3.75	1.0109960748917919
-18.75	5.0	1.002677109882713
-18.75	6.25	0.9984041278990484
-18.75	7.5	1.0127064070405791
-18.75	8.75	1.0161281921455831
-18.75	10.0	1.01893315761682
-18.75	11.25	1.0016523570885627
-18.75	12.5	1.01536013813645
-18.75	13.75	1.0210582619270356
-18.75	15.0	1.010280219917524
-18.75	16.25	1.006920664234724
-18.75	17.5	1.0240701449420337
-18.75	18.75	1.0091412284592662
-18.75	20.0	1.0165194852634971
-18.75	21.25	1.029487137229614
-18.75	22.5	1.0079525720917308
-18.75	23.75	0.9927774484177723
-18.75	25.0	0.9840975005650866
-18.75	26.25	0.9421154820498195
-18.75	27.5	0.8511792708706347
-18.75	28.75	0.7812458278460147
-18.75	30.0	0.7273152720514026
-18.75	31.25	0.7138976714787468
-18.75	32.5	0.6818415222970814
-18.75	33.75	0.4472020495220804
-18.75	35.0	0.9118983057219048
-17.5	36.25	0.9290218585977329
-17.5	35.0	0.19070192149890036
-17.5	33.75	0.5985097960957496
-17.5	32.5	0.7175534461614103
-17.5	31.25	0.6940207867865977
-17.5	30.0	0.7514518757401785
-17.5	28.75	0.8406213504575105
-17.5	27.5	0.9089333221853237
-17.5	26.25	0.9595484887371297
-17.5	25.0	0.9881052796170208
-17.5	23.75	1.0130801675740648
-17.5	22.5	1.0255689173093834
-17.5	21.25	1.0251063577782031
-17.5	20.0	1.0153850840651462
-17.5	18.75	1.0204785211575138
-17.5	17.5	1.0259780238143335
-17.5	16.25	1.0162399699906597
-17.5	15.0	1.0195035850407337
-17.5	13.75	1.0208561461205805
-17.5	12.5	1.0242094238488115
-17.5	11.25	1.0155714083275533
-17.5	10.0	1.0099512284180758
-17.5	8.75	1.038822232614753
-17.5	7.5	1.015719687468563
-17.5	6.25	1.0069301668998965
-17.5	5.0	1.0086830172501537
-17.5	3.75	1.012237768774042
-17.5	2.5	1.0306001724794829
-17.5	1.25	1.0112865447101274
-17.5	-0.0	1.0155946391770512
-17.5	-1.25	1.0066576330452714
-17.5	-2.5	1.0001052450226215
-17.5	-3.75	1.0056628819961988
-17.5	-5.0	0.9952076681248644
-17.5	-6.25	0.9987721482932629
-17.5	-7.5	0.9905573712922011
-17.5	-8.75	1.0061699657278362
-17.5	-10.0	0.9905553630179322
-17.5	-11.25	0.9896143867877336
-17.5	-12.5	0.9958924866273398
-17.5	-13.75	0.9944351150190305
-17.5	-15.0	0.9910498070723911
-17.5	-16.25	0.9830748624179434
-17.5	-17.5	0.9949290314325449
-17.5	-18.75	1.0037174831898443
-17.5	-20.0	1.0069488546759706
-17.5	-21.25	1.0142439613345355
-17.5	-22.5	1.013738583366774
-17.5	-23.75	1.0485485020457006
-17.5	-25.0	1.0464148272773994
-17.5	-26.25	1.0523698128929875
-17.5	-27.5	1.0331026439715916
-17.5	-28.75	0.9827920206389236
-17.5	-30.0	0.9068549423950076
-17.5	-31.25	0.8435083326516152
-17.5	-32.5	0.8257425121845793
-17.5	-33.75	0.8667384856196936
-17.5	-35.0	0.8711371407419447
-17.5	-36.25	0.9997682117997019
-16.25	-36.25	0.7347237681587951
-16.25	-35.0	0.762860410514195
-16.25	-33.75	0.848356903093288
-16.25	-32.5	0.8064625518956418
-16.25	-31.25	0.8684268768500706
-16.25	-30.0	0.9487802637850336
-16.25	-28.75	1.0158159925537826
-16.25	-27.5	1.0493893963432952
-16.25	-26.25	1.0551455450598708
-16.25	-25.0	1.0478966352890742
-16.25	-23.75	1.0275331365503033
-16.25	-22.5	1.0174760507121698
-16.25	-21.25	1.020165623565644
-16.25	-20.0	1.005807899968765
-16.25	-18.75	0.996981362148439
-16.25	-17.5	0.9962083622683081
-16.25	-16.25	0.9925367120649171
-16.25	-15.0	1.0032682319470239
-16.25	-13.75	0.993720106910784
-16.25	-12.5	0.9968544133762252
-16.25	-11.25	1.024671946780794
-16.25	-10.0	1.0042020682500954
-16.25	-8.75	0.997503971689917
-16.25	-7.5	1.00620044294938
-16.25	-6.25	1.00687330411559
-16.25	-5.0	0.9980810381909684
-16.25	-3.75	0.9986446539189945
-16.25	-2.5	0.9980551309767832
-16.25	-1.25	1.0077854055496893
-16.25	0.0	1.005619294639801
-16.25	1.25	1.0018749824543558
-16.25	2.5	1.010861714876637
-16.25	3.75	1.01387937462936
-16.25	5.0	1.0136367799672639
-16.25	6.25	1.0094769292744072
-16.25	7.5	1.0136370142561733
-16.25	8.75	1.00913054312835
-16.25	10.0	1.0180758000498698
-16.25	11.25	1.010499790410213
-16.25	12.5	1.0125348360519286
-16.25	13.75	1.0296050761008377
-16.25	15.0	1.0186492618811238
-16.25	16.25	1.0417456373078653
-16.25	17.5	1.033292142296194
-16.25	18.75	1.026941516751664
-16.25	20.0	1.0367060810618336
-16.25	21.25	1.030125614542856
-16.25	22.5	1.0250628149059313
-16.25	23.75	1.0303602120683355
-16.25	25.0	1.0208736965664837
-16.25	26.25	0.9863039151619378
-16.25	27.5	0.9507897160861928
-16.25	28.75	0.8883128752226072
-16.25	30.0	0.8073768884804221
-16.25	31.25	0.7214893183212414
-16.25	32.5	0.7229131266156437
-16.25	33.75	0.675539492204507
-16.25	35.0	0.3518023469090558
-16.25	36.25	0.912692497519091
-15.0	37.5	0.9769975095310345
-15.0	36.25	0.5644653505108422
-15.0	35.0	0.5743838113345184
-15.0	33.75	0.702375172143878
-15.0	32.5	0.726781967981255
-15.0	31.25	0.7707063238967936
-15.0	30.0	0.8587408098446341
-15.0	28.75	0.9294258966746523
-15.0	27.5	1.029164079095081
-15.0	26.25	0.9958242912792881
-15.0	25.0	1.0205832307472225
-15.0	23.75	1.0323575341541495
-15.0	22.5	1.027928764548988
-15.0	21.25	1.0420538489115434
-15.0	20.0	1.0192301839680338
-15.0	18.75	1.0320714659851555
-15.0	17.5	1.0287167215820683
-15.0	16.25	1.020752367938088
-15.0	15.0	1.0229017408178822
-15.0	13.75	1.022187814622604
-15.0	12.5	1.0133649196738987
-15.0	11.25	1.0086554845646467
-15.0	10.0	1.0178218688042824
-15.0	8.75	1.0160466604818317
-15.0	7.5	1.0120742215297545
-15.0	6.25	1.0175068463681087
-15.0	5.0	1.0286011508124793
-15.0	3.75	1.0048941134628864
-15.0	2.5	1.0019464726107514
-15.0	1.25	0.997202280063426
-15.0	-0.0	1.005243493431462
-15.0	-1.25	0.9984326603579415
-15.0	-2.5	1.0120351156677816
-15.0	-3.75	1.008609962643568
-15.0	-5.0	1.0036003772784863
-15.0	-6.25	1.010437243943669
-15.0	-7.5	1.0055602884254002
-15.0	-8.75	1.0003243093790704
-15.0	-10.0	1.0045438156145876
-15.0	-11.25	0.9975932107903729
-15.0	-12.5	0.9954281797206606
-15.0	-13.75	0.9917662095463774
-15.0	-15.0	0.9919877402772068
-15.0	-16.25	0.9956508445521687
-15.0	-17.5	0.9827696739931736
-15.0	-18.75	0.9864015048221204
-15.0	-20.0	0.990176305747557
-15.0	-21.25	1.0032918331801104
-15.0	-22.5	1.0023609356087255
-15.0	-23.75	1.031316139930161
-15.0	-25.0	1.0363785113979933
-15.0	-26.25	1.0807815950382715
-15.0	-27.5	1.0631865013948454
-15.0	-28.75	1.027801003893952
-15.0	-30.0	0.9722923837770486
-15.0	-31.25	0.8756270456017691
-15.0	-32.5	0.804624239510144
-15.0	-33.75	0.793562215879106
-15.0	-35.0	0.8176999716931634
-15.0	-36.25	0.9227433971845341
-15.0	-37.5	0.8195030595036026
-13.75	-37.5	0.828545354289158
-13.75	-36.25	0.8992959260417618
-13.75	-35.0	0.8254435284712517
-13.75	-33.75	0.7671466912135686
-13.75	-32.5	0.8335106581911108
-13.75	-31.25	0.9333527485760811
-13.75	-30.0	1.0111908251114579
-13.75	-28.75	1.0458645403807152
-13.75	-27.5	1.0575077174366616
-13.75	-26.25	1.051261108388896
-13.75	-25.0	1.0344858874243947
-13.75	-23.75	1.0232610838539138
-13.75	-22.5	1.0078888857820698
-13.75	-21.25	1.0007510734354412
-13.75	-20.0	0.9799014678062912
-13.75	-18.75	0.9825618604127656
-13.75	-17.5	0.9869151442295147
-13.75	-16.25	0.9755628696574927
-13.75	-15.0	0.9774296601856092
-13.75	-13.75	1.026213874842775
-13.75	-12.5	0.9899399626424257
-13.75	-11.25	1.0077176074972072
-13.75	-10.0	0.991011532259733
-13.75	-8.75	0.9916360498435012
-13.75	-7.5	0.9998958826852014
-13.75	-6.25	1.0194199093853265
-13.75	-5.0	1.0066885247459043
-13.75	-3.75	0.9957816472217865
-13.75	-2.5	1.0121336572611208
-13.75	-1.25	0.9904277070943093
-13.75	0.0	1.0203662610673487
-13.75	1.25	1.0058549384785813
-13.75	2.5	1.0135514303593582
-13.75	3.75	0.9896456821795448
-13.75	5.0	1.0035085075759902
-13.75	6.25	1.0024880825550737
-13.75	7.5	1.05477042309955
-13.75	8.75	1.0059623390281474
-13.75	10.0	1.0156583912780222
-13.75	11.25	1.0118487231257614
-13.75	12.5	1.010899946055626
-13.75	13.75	1.0270436099244629
-13.75	15.0	1.0093107238226076
-13.75	16.25	1.0135765225035391
-13.75	17.5	1.0236728490475409
-13.75	18.75	1.0356676953899797
-13.75	20.0	1.019182697164126
-13.75	21.25	1.032567759685878
-13.75	22.5	1.0318218417412135
-13.75	23.75	1.0340972532245025
-13.75	25.0	1.03901623843807
-13.75	26.25	1.0059040963038126
-13.75	27.5	0.9948485828744943
-13.75	28.75	0.9534735084276038
-13.75	30.0	0.8651037668967527
-13.75	31.25	0.7930223927702685
-13.75	32.5	0.7111863602864887
-13.75	33.75	0.7144727774709078
-13.75	35.0	0.6560506578924308
-13.75	36.25	0.2453774028157527
-13.75	37.5	0.8590576418462319
-12.5	37.5	0.9893935638333624
-12.5	36.25	0.3827714303402208
-12.5	35.0	0.6978860111635493
-12.5	33.75	0.713371450251862
-12.5	32.5	0.7576748938098294
-12.5	31.25	0.8282004950210652
-12.5	30.0	0.9249689093129565
-12.5	28.75	0.9860470224464916
-12.5	27.5	1.0085232539529834
-12.5	26.25	1.0224625102191152
-12.5	25.0	1.0359159596513017
-12.5	23.75	1.0330867261260526
-12.5	22.5	1.0300174985494204
-12.5	21.25	1.0253704943940865
-12.5	20.0	1.031392075832491
-12.5	18.75	1.0305675427158156
-12.5	17.5	1.0221713686467495
-12.5	16.25	1.0242181818718805
-12.5	15.0	1.0219575605539843
-12.5	13.75	1.0295977131738818
-12.5	12.5	1.0133359962601933
-12.5	11.25	1.0128106387783273
-12.5	10.0	1.0208327939086437
-12.5	8.75	1.0070066043866088
-12.5	7.5	1.0007175660378989
-12.5	6.25	0.9870511164553173
-12.5	5.0	1.0034826270310075
-12.5	3.75	0.9969855622257827
-12.5	2.5	0.9974716420382392
-12.5	1.25	0.9990408412304976
-12.5	-0.0	1.0064173817868716
-12.5	-1.25	0.9993048198805894
-12.5	-2.5	1.0088598548746195
-12.5	-3.75	1.0079337308094896
-12.5	-5.0	0.9901460281448324
-12.5	-6.25	0.9965274702902185
-12.5	-7.5	0.9953956559152226
-12.5	-8.75	1.0008968234607452
-12.5	-10.0	0.9962410809308592
-12.5	-11.25	1.0029065900694256
-12.5	-12.5	0.9938755052188526
-12.5	-13.75	0.9874127760720394
-12.5	-15.0	0.9922685851105164
-12.5	-16.25	0.9705603952907017
-12.5	-17.5	0.9911717325330722
-12.5	-18.75	0.9648290734745666
-12.5	-20.0	0.9870326076468382
-12.5	21.25	1.0042532083357811
-12.5	22.5	1.0176036679983131
-12.5	23.75	1.0144930727394526
-12.5	25.0	1.020772558936138
-12.5	26.25	1.0079832580989654
-12.5	27.5	1.0075887329651765
-12.5	28.75	0.9598974564050592
-12.5	30.0	0.9056628370678919
-12.5	31.25	0.8193548467708591
-12.5	32.5	0.7410865777508108
-12.5	33.75	0.6960203505047018
-12.5	35.0	0.7106505751736587
-12.5	36.25	0.4455595897907446
-12.5	37.5	0.9460319862994286
-11.25	38.75	0.9964931900240037
-11.25	37.5	0.10477296098628722
-11.25	36.25	0.5840835926152
-11.25	35.0	0.7143608447931241
-11.25	33.75	0.6987396771054128
-11.25	32.5	0.7556591096919201
-11.25	31.25	0.8633739287348409
-11.25	30.0	0.9354894312755005
-11.25	28.75	0.9741455277845068
-11.25	27.5	1.0054381948175586
-11.25	26.25	1.0198013013371956
-11.25	25.0	1.0310939688676222
-11.25	23.75	1.0170545350392899
-11.25	22.5	1.0339714528734263
-11.25	21.25	1.0252171344354182
-11.25	20.0	1.0178468420812279
-11.25	18.75	1.0120395721224957
-11.25	17.5	1.012263214539813
-11.25	16.25	1.0059020341671463
-11.25	15.0	0.9963813832080677
-11.25	13.75	1.0100657794334562
-11.25	12.5	0.990278263852992
-11.25	11.25	1.0008896657006379
-11.25	10.0	0.9989421555828155
-11.25	8.75	0.9931052814363853
-11.25	7.5	0.9868717986458785
-11.25	6.25	0.9847925429872791
-11.25	5.0	0.9992032666752547
-11.25	3.75	0.9865635200896525
-11.25	2.5	0.9900687220033075
-11.25	1.25	0.9985221836138701
-11.25	-0.0	0.9898091743065834
-11.25	-1.25	0.9845906463726949
-11.25	-2.5	0.9875355860431347
-11.25	-3.75	0.9946419945751089
-11.25	-5.0	0.9808155154820762
-11.25	-6.25	1.0008376114036284
-11.25	-7.5	0.9981330864611719
-11.25	-8.75	0.9861906931633125
-11.25	-10.0	0.9789516800633788
-11.25	-11.25	0.9862681569292469
-11.25	-12.5	0.9826383060594176
-11.25	-13.75	0.9814344439652969
-11.25	-15.0	0.9737947569619736
-11.25	-16.25	0.9653387314551946
-11.25	-17.5	0.9691648237853238
-11.25	-18.75	0.9682063490461764
-11.25	-20.0	0.9684602121025413
-11.25	-21.25	0.9840055527182978
-11.25	-22.5	0.985656436745188
-11.25	-23.75	0.9903624983970744
-11.25	-25.0	1.0197540172080806
-11.25	-26.25	1.0156737560562488
-11.25	-27.5	1.029899762086518
-11.25	-28.75	1.0492591025772775
-11.25	-30.0	1.0471851920626287
-11.25	-31.25	0.9702381729316455
-11.25	-32.5	0.8724525148165625
-11.25	-33.75	0.7651466601174003
-11.25	-35.0	0.7524040203916862
-11.25	-36.25	0.7957511928145905
-11.25	-37.5	0.6597840404245522
-11.25	-38.75	0.9780282556612221
-10.0	-38.75	0.5982926525203135
-10.0	-37.5	0.9364204887624397
-10.0	-36.25	0.8253319209177907
-10.0	-35.0	0.7392675194706816
-10.0	-33.75	0.7988690902163315
-10.0	-32.5	0.9190900258417515
-10.0	-31.25	1.0026399070832912
-10.0	-30.0	1.0535493467936987
-10.0	-28.75	1.0473678360740042
-10.0	-27.5	1.0314101105970208
-10.0	-26.25	1.0166827035415988
-10.0	-25.0	0.9853482751528116
-10.0	-23.75	0.9814042630305451
-10.0	-22.5	0.9604028170923403
-10.0	-21.25	0.9610442582389565
-10.0	-20.0	0.9585999244268392
-10.0	-18.75	0.9729838684234293
-10.0	-17.5	0.9492975405497799
-10.0	-16.25	0.9742790008772706
-10.0	-15.0	0.9785890804374353
-10.0	-13.75	0.9757444938607331
-10.0	-12.5	0.9782378987314068
-10.0	-11.25	0.9935978514450485
-10.0	-10.0	0.9913338874958574
-10.0	-8.75	0.999640494957551
-10.0	-7.5	0.9992455845683738
-10.0	-6.25	0.9954584798168387
-10.0	-5.0	1.005260791934649
-10.0	-3.75	0.9848133824413869
-10.0	-2.5	0.9909013812896229
-10.0	-1.25	1.0011712817758862
-10.0	0.0	1.005005938083414
-10.0	1.25	0.9978739554440431
-10.0	2.5	0.9995666054657393
-10.0	3.75	0.9811946066402015
-10.0	5.0	0.9899778761190295
-10.0	6.25	0.9995141140077857
-10.0	7.5	0.9890143034459384
-10.0	8.75	0.987128246122323
-10.0	10.0	0.9933083753527985
-10.0	11.25	0.9865280474579042
-10.0	12.5	1.0097187413266466
-10.0	13.75	1.0006339082024647
-10.0	15.0	1.0572267400586175
-10.0	16.25	1.0047045242895114
-10.0	17.5	1.0190483987606715
-10.0	18.75	1.0201697898357294
-10.0	20.0	1.0230592432918704
-10.0	21.25	1.0241841459594727
-10.0	22.5	1.0323961129410864
-10.0	23.75	1.0357238009111207
-10.0	25.0	1.0186294814281174
-10.0	26.25	1.0272020777917648
-10.0	27.5	1.0216261530797461
-10.0	28.75	0.9907553198479936
-10.0	30.0	0.9557868896742566
-10.0	31.25	0.8819471282124633
-10.0	32.5	0.7845335723143959
-10.0	33.75	0.6977330112965783
-10.0	35.0	0.7156650999807136
-10.0	36.25	0.648185370170033
-10.0	37.5	0.22837513772297452
-10.0	38.75	0.9064462672971999
-8.75	38.75	0.9180688625898333
-8.75	37.5	0.31964313830545504
-8.75	36.25	0.6810066178676153
-8.75	35.0	0.7043582028480515
-8.75	33.75	0.7199930401459276
-8.75	32.5	0.8184918536834931
-8.75	31.25	0.8806152610893755
-8.75	30.0	0.972740631400504
-8.75	28.75	1.0036939510446101
-8.75	27.5	1.0063027954067585
-8.75	26.25	1.034116065150022
-8.75	25.0	1.0308725134231893
-8.75	23.75	1.023695719620828
-8.75	22.5	1.0335243600537398
-8.75	21.25	1.03326437772654
-8.75	20.0	1.024822409556321
-8.75	18.75	1.0140900798679189
-8.75	17.5	1.0123964865665136
-8.75	16.25	1.0039796549870375
-8.75	15.0	1.0083590557194513
-8.75	13.75	1.0002386881487377
-8.75	12.5	0.9965376760162453
-8.75	11.25	0.9949876141692091
-8.75	10.0	0.980732371251124
-8.75	8.75	0.9866528125727974
-8.75	7.5	0.9940965460139488
-8.75	6.25	0.9858199201081732
-8.75	5.0	0.9899726378992258
-8.75	3.75	0.9914208988631966
-8.75	2.5	0.9945582270776726
-8.75	1.25	0.9954452495052463
-8.75	-0.0	0.9986514788606813
-8.75	-1.25	0.9986929748304136
-8.75	-2.5	0.9978511225080855
-8.75	-3.75	0.9946264414584352
-8.75	-5.0	1.0061165513627546
-8.75	-6.25	1.0004690244899896
-8.75	-7.5	0.9959882328704712
-8.75	-8.75	0.991228824933072
-8.75	-10.0	0.9999475604678565
-8.75	-11.25	0.9957215908567258
-8.75	-12.5	0.9933392701738575
-8.75	-13.75	0.9836054647449326
-8.75	-15.0	0.9908570689562785
-8.75	-16.25	0.9668723565623414
-8.75	-17.5	0.9550652151255795
-8.75	-18.75	0.9666735186963356
-8.75	-20.0	0.9562238693788886
-8.75	-21.25	0.9758522922287769
-8.75	-22.5	0.9754940035120551
-8.75	-23.75	0.9880105902564985
-8.75	-25.0	0.9932545488442256
-8.75	-26.25	1.0142041334762435
-8.75	-27.5	1.0283774307463158
-8.75	-28.75	1.0486789551123838
-8.75	-30.0	1.058598685981118
-8.75	-31.25	1.039364198582754
-8.75	-32.5	0.9559351208024353
-8.75	-33.75	0.8048315094657169
-8.75	-35.0	0.7361523763302477
-8.75	-36.25	0.803668184091039
-8.75	-37.5	0.7811731222936545
-8.75	-38.75	0.6798803862700447
-7.5	-38.75	0.71837539560161
-7.5	-37.5	0.7338559306459718
-7.5	-36.25	0.7652643199557942
-7.5	-35.0	0.7304003770061344
-7.5	-33.75	0.8448305514618729
-7.5	-32.5	0.979622889289773
-7.5	-31.25	1.0476219342998978
-7.5	-30.0	1.0483674597105104
-7.5	-28.75	1.0397624019380396
-7.5	-27.5	1.0343076523438308
-7.5	-26.25	0.998136947486607
-7.5	-25.0	0.9880044570778291
-7.5	-23.75	0.9803647058834998
-7.5	-22.5	0.9716267947114033
-7.5	-21.25	0.9571433036486342
-7.5	-20.0	0.9577487459125279
-7.5	-18.75	0.972297511498817
-7.5	-17.5	0.9685286445209778
-7.5	-16.25	0.9679107140280725
-7.5	-15.0	0.9835330581772513
-7.5	-13.75	0.9863482277662361
-7.5	-12.5	0.9934853971847305
-7.5	-11.25	0.9980983624732533
-7.5	-10.0	0.9887927253687185
-7.5	-8.75	1.0001481029453094
-7.5	-7.5	1.0010565561619253
-7.5	-6.25	0.9942982117053513
-7.5	-5.0	0.9935585837613218
-7.5	-3.75	0.9996121389369909
-7.5	-2.5	1.015708556817812
-7.5	-1.25	0.9922775770124005
-7.5	0.0	1.0047452410104654
-7.5	1.25	0.9887743252221597
-7.5	2.5	0.9836611846258747
-7.5	3.75	0.9898133130135771
-7.5	5.0	0.9928887855013817
-7.5	6.25	0.9942024198906553
-7.5	7.5	0.9936959467002238
-7.5	8.75	0.9916054670482154
-7.5	10.0	0.9778950768309183
-7.5	11.25	1.0014259424393992
-7.5	12.5	0.9947222514987715
-7.5	13.75	1.0097961064569814
-7.5	15.0	1.010647796365856
-7.5	16.25	1.013067514969794
-7.5	17.5	1.0227688369165937
-7.5	18.75	1.0152778411915597
-7.5	20.0	1.0261623647090927
-7.5	21.25	1.0229079154411553
-7.5	22.5	1.0254362419234062
-7.5	23.75	1.0287100304561398
-7.5	25.0	1.0344421085959048
-7.5	26.25	1.0393322875024849
-7.5	27.5	1.026820124727891
-7.5	28.75	1.008669967602799
-7.5	30.0	0.9830186327145681
-7.5	31.25	0.9305389456587265
-7.5	32.5	0.8307420474611873
-7.5	33.75	0.7376906289455875
-7.5	35.0	0.7079754746265275
-7.5	36.25	0.7111657950055562
-7.5	37.5	0.464855842661772
-7.5	38.75	1.0302366514416579
-6.25	40.0	0.8846210095551434
-6.25	38.75	1.0168025955907194
-6.25	37.5	0.5582013692300859
-6.25	36.25	0.7158403767596158
-6.25	35.0	0.7106722089228006
-6.25	33.75	0.7488084980307741
-6.25	32.5	0.8416673774159853
-6.25	31.25	0.9168559280321684
-6.25	30.0	0.9763489939270238
-6.25	28.75	1.0187951287121793
-6.25	27.5	1.032751992963489
-6.25	26.25	1.0250180600792902
-6.25	25.0	1.0412370885735895
-6.25	23.75	1.0268293378707753
-6.25	22.5	1.0303238303475253
-6.25	21.25	1.0262597676718763
-6.25	20.0	1.0946366868956996
-6.25	18.75	1.0181765025219396
-6.25	17.5	1.014353690443397
-6.25	16.25	1.014753287824652
-6.25	15.0	1.000310752194522
-6.25	13.75	1.001818487869225
-6.25	12.5	0.9937396510397662
-6.25	11.25	0.9912411125377559
-6.25	10.0	1.0058613887024541
-6.25	8.75	0.9857416320855994
-6.25	7.5	0.9902732527476974
-6.25	6.25	0.9820719034074303
-6.25	5.0	0.9795192237788393
-6.25	3.75	0.9814804447351051
-6.25	2.5	0.9889261876162849
-6.25	1.25	0.999494842104799
-6.25	-0.0	1.0000449739447999
-6.25	-1.25	0.9978661803448539
-6.25	-2.5	0.9956355076802571
-6.25	-3.75	1.0067271448573707
-6.25	-5.0	1.0021697911939662
-6.25	-6.25	0.9927182723114261
-6.25	-7.5	0.9893373941460828
-6.25	-8.75	1.0074190464176307
-6.25	-10.0	0.994622088460132
-6.25	-11.25	0.9898381131305591
-6.25	-12.5	0.9934875730506748
-6.25	-13.75	0.98247101609149
-6.25	-15.0	0.990180716063363
-6.25	-16.25	0.9717592001686466
-6.25	-17.5	0.9717670423968987
-6.25	-18.75	0.9563660789379298
-6.25	-20.0	0.9690800824284391
-6.25	-21.25	0.9441379126470052
-6.25	-22.5	0.9585747307800623
-6.25	-23.75	0.9733564615020364
-6.25	-25.0	0.9836642686378211
-6.25	-26.25	0.9989146797456894
-6.25	-27.5	1.0194895711521266
-6.25	-28.75	1.0360893497993469
-6.25	-30.0	1.057695269650853
-6.25	-31.25	1.0654136211674008
-6.25	-32.5	0.9980498635642442
-6.25	-33.75	0.8560860197248671
-6.25	-35.0	0.7383567903406482
-6.25	-36.25	0.7426211839366802
-6.25	-37.5	0.7553559852270594
-6.25	-38.75	0.7806129929936336
-6.25	-40.0	0.8220400271211831
-5.0	-40.0	0.7752108434196062
-5.0	-38.75	0.6386693296071899
-5.0	-37.5	0.7974786348019322
-5.0	-36.25	0.7201401376171881
-5.0	-35.0	0.7487415175320866
-5.0	-33.75	0.8894115339132718
-5.0	-32.5	1.0119822591069805
-5.0	-31.25	1.068541505579444
-5.0	-30.0	1.0507767757409754
-5.0	-28.75	1.0415738841877051
-5.0	-27.5	1.0300178731470988
-5.0	-26.25	0.9998973888739415
-5.0	-25.0	0.9915081862371766
-5.0	-23.75	0.9632554640540711
-5.0	-22.5	0.9628061813749332
-5.0	-21.25	0.9539521842070995
-5.0	-20.0	0.9646178013075344
-5.0	-18.75	0.9715601068472358
-5.0	-17.5	0.9659034169125721
-5.0	-16.25	0.9733834594883293
-5.0	-15.0	0.9894767464103614
-5.0	-13.75	0.9872108354286278
-5.0	-12.5	0.9858442448192228
-5.0	-11.25	0.9904956036431103
-5.0	-10.0	1.0039707440601346
-5.0	-8.75	0.9937439000120307
-5.0	-7.5	1.0018323882906706
-5.0	-6.25	1.0110405740540487
-5.0	-5.0	1.0107301842537932
-5.0	-3.75	1.0505683000100703
-5.0	-2.5	1.0099599514337585
-5.0	-1.25	1.0051317502813246
-5.0	0.0	1.0061791345142503
-5.0	1.25	1.0019159640641224
-5.0	2.5	0.9743609528171531
-5.0	3.75	0.9782607662712813
-5.0	5.0	0.9678385424276253
-5.0	6.25	0.9818535016547445
-5.0	7.5	0.9940369818185262
-5.0	8.75	0.9947222789062924
-5.0	10.0	0.9944979727244632
-5.0	11.25	0.9905136570119862
-5.0	12.5	0.9954480884821196
-5.0	13.75	0.9965613335055048
-5.0	15.0	1.0170219937286842
-5.0	16.25	1.0552630111590853
-5.0	17.5	1.0166247852580312
-5.0	18.75	1.0247103273426217
-5.0	20.0	1.0339068448769764
-5.0	21.25	1.0326667210370946
-5.0	22.5	1.0257335494281943
-5.0	23.75	1.0284519911671148
-5.0	25.0	1.0315674100177166
-5.0	26.25	1.0255297490777184
-5.0	27.5	1.0338604366528859
-5.0	28.75	1.01346157121931
-5.0	30.0	0.9983827212516067
-5.0	31.25	0.9493493172981142
-5.0	32.5	0.8586128549282526
-5.0	33.75	0.7656544744554694
-5.0	35.0	0.7085428498940473
-5.0	36.25	0.7194839372915756
-5.0	37.5	0.5873826908924741
-5.0	38.75	0.11091577491196722
-5.0	40.0	0.8883959910915202
-3.75	40.0	0.9946160606169702
-3.75	38.75	0.11642800346803107
-3.75	37.5	0.6326503488108138
-3.75	36.25	0.7250310240021016
-3.75	35.0	0.7091575369840334
-3.75	33.75	0.7801368357709499
-3.75	32.5	0.8681880072702199
-3.75	31.25	0.9580974964987512
-3.75	30.0	0.9981554000673214
-3.75	28.75	1.0144903901037594
-3.75	27.5	1.042070743734398
-3.75	26.25	1.027476762326573
-3.75	25.0	1.0246446954537682
-3.75	23.75	1.0295006656482368
-3.75	22.5	1.0245446251225532
-3.75	21.25	1.020200133323952
-3.75	20.0	1.022777179095739
-3.75	18.75	1.0147791604345737
-3.75	17.5	1.0181556484762297
-3.75	16.25	1.010113230033879
-3.75	15.0	1.0149065462722562
-3.75	13.75	1.005656649216552
-3.75	12.5	1.0033347546417208
-3.75	11.25	1.0018112207617067
-3.75	10.0	1.002854516708299
-3.75	8.75	0.9808947237760419
-3.75	7.5	0.9878696468755223
-3.75	6.25	0.9922766481886004
-3.75	5.0	0.9724368598770361
-3.75	3.75	0.9748541533446724
-3.75	2.5	0.9933995022074164
-3.75	1.25	0.9857410566527314
-3.75	-0.0	0.9951860427391859
-3.75	-1.25	1.0180763457517583
-3.75	-2.5	1.0285615687042888
-3.75	-3.75	1.0090744164834886
-3.75	-5.0	1.0119914852502163
-3.75	-6.25	1.0122443747324832
-3.75	-7.5	1.007431317778301
-3.75	-8.75	1.0123316669828686
-3.75	-10.0	1.0001735041436952
-3.75	-11.25	1.0015243840246058
-3.75	-12.5	0.9910662201870416
-3.75	-13.75	0.989152458050843
-3.75	-15.0	0.9845336812683331
-3.75	-16.25	0.977958676859948
-3.75	-17.5	0.986507828362824
-3.75	-18.75	0.974958588202618
-3.75	-20.0	0.9938431352467658
-3.75	-21.25	0.9606807460194269
-3.75	-22.5	0.960125790887513
-3.75	-23.75	0.9742880339677115
-3.75	-25.0	0.9780164650042327
-3.75	-26.25	0.9925995400927364
-3.75	-27.5	1.0203599646740333
-3.75	-28.75	1.036294400534391
-3.75	-30.0	1.058037457454812
-3.75	-31.25	1.0708576586378358
-3.75	-32.5	1.018534980348422
-3.75	-33.75	0.9105020228244315
-3.75	-35.0	0.7546380899089651
-3.75	-36.25	0.7202306749394374
-3.75	-37.5	0.7926085518874963
-3.75	-38.75	0.7648216790471156
-3.75	-40.0	0.7751219492989161
-2.5	-40.0	0.6957570521345582
-2.5	-38.75	0.7927314590223834
-2.5	-37.5	0.8208019621927192
-2.5	-36.25	0.6924576267126729
-2.5	-35.0	0.771065828102427
-2.5	-33.75	0.9267173019979374
-2.5	-32.5	1.0302571110365235
-2.5	-31.25	1.0537027599147812
-2.5	-30.0	1.0455108405765972
-2.5	-28.75	1.0505019864041396
-2.5	-27.5	1.0167021974532104
-2.5	-26.25	0.9885052240725444
-2.5	-25.0	0.9813939994701663
-2.5	-23.75	0.9910248722433876
-2.5	-22.5	0.9654265798630116
-2.5	-21.25	0.9554345711687497
-2.5	-20.0	0.9481815240120856
-2.5	-18.75	0.9662665944264446
-2.5	-17.5	0.9593920865026192
-2.5	-16.25	0.9829538376095439
-2.5	-15.0	0.9968178420209634
-2.5	-13.75	0.9959030952544451
-2.5	-12.5	0.989626834415738
-2.5	-11.25	0.9986833470338035
-2.5	-10.0	0.9985620563690325
-2.5	-8.75	1.0661036187422124
-2.5	-7.5	1.0082928370986755
-2.5	-6.25	1.013826419996806
-2.5	-5.0	1.0231662510102397
-2.5	-3.75	1.0179594453699128
-2.5	-2.5	1.013763063934985
-2.5	-1.25	1.0124485321036418
-2.5	0.0	1.0001765763291803
-2.5	1.25	0.9818265024249594
-2.5	2.5	0.964757415997922
-2.5	3.75	0.9825477438593111
-2.5	5.0	0.9736906676811622
-2.5	6.25	0.9801148513592421
-2.5	7.5	0.992133265219571
-2.5	8.75	0.9853209922021283
-2.5	10.0	0.9902697942937739
-2.5	11.25	0.9881585172982562
-2.5	12.5	0.9916053530212104
-2.5	13.75	0.9927590125007306
-2.5	15.0	1.006148609549809
-2.5	16.25	1.0204033602302576
-2.5	17.5	1.0187891680236858
-2.5	18.75	1.02396046216306
-2.5	20.0	1.0260912297117386
-2.5	21.25	1.0214586568231592
-2.5	22.5	1.040310695275896
-2.5	23.75	1.0301931719717419
-2.5	25.0	1.0385966488228529
-2.5	26.25	1.0333505930304812
-2.5	27.5	1.041482540886654
-2.5	28.75	1.0295094828800673
-2.5	30.0	1.0094265197955803
-2.5	31.25	0.9794450278306838
-2.5	32.5	0.8901399742365623
-2.5	33.75	0.7803226999766719
-2.5	35.0	0.7115301287731567
-2.5	36.25	0.7195911882518865
-2.5	37.5	0.6421135295904504
-2.5	38.75	0.19867112919330712
-2.5	40.0	0.8823077380555345
-1.25	40.0	0.95136316217948
-1.25	38.75	0.19940090913816996
-1.25	37.5	0.6627968495776305
-1.25	36.25	0.7116878841656201
-1.25	35.0	0.721276874686779
-1.25	33.75	0.7832436223645465
-1.25	32.5	0.8891493288258104
-1.25	31.25	0.9736104562936585
-1.25	30.0	1.012267195306019
-1.25	28.75	1.038032023117282
-1.25	27.5	1.0450243640078334
-1.25	26.25	1.0324996894509837
-1.25	25.0	1.0385870315289798
-1.25	23.75	1.0387667976723411
-1.25	22.5	1.0440104428878323
-1.25	21.25	1.024780584136178
-1.25	20.0	1.022134844156343
-1.25	18.75	1.021857022294212
-1.25	17.5	1.0189140902799956
-1.25	16.25	1.002098868775714
-1.25	15.0	1.0596283305975127
-1.25	13.75	1.01062153352875
-1.25	12.5	1.0098524797713297
-1.25	11.25	1.0045816928664326
-1.25	10.0	0.9927124393513344
-1.25	8.75	0.9853398713479067
-1.25	7.5	0.9822224357932172
-1.25	6.25	0.9785986262533082
-1.25	5.0	0.9681539300158384
-1.25	3.75	0.9643561154150427
-1.25	2.5	0.9680937357139925
-1.25	1.25	0.9769999184834964
-1.25	-0.0	0.9976346867975824
-1.25	-1.25	1.0098149382428827
-1.25	-2.5	1.0269297592890998
-1.25	-3.75	1.0250588290898721
-1.25	-5.0	1.0252929559930068
-1.25	-6.25	1.0279524908054611
-1.25	-7.5	1.0151348331646803
-1.25	-8.75	0.9960144699244655
-1.25	-10.0	1.012089670240864
-1.25	-11.25	0.9955360852602979
-1.25	-12.5	0.995190100165106
-1.25	-13.75	0.989847984591904
-1.25	-15.0	0.9855957524438572
-1.25	-16.25	0.9807033493213868
-1.25	-17.5	0.9746428900970395
-1.25	-18.75	0.964659142347278
-1.25	-20.0	0.957673104400621
-1.25	-21.25	0.9571642156281697
-1.25	-22.5	0.9554915951080593
-1.25	-23.75	0.9577886911579152
-1.25	-25.0	0.961052107722924
-1.25	-26.25	0.9955690688107449
-1.25	-27.5	0.9924605556126934
-1.25	-28.75	1.0370819505193136
-1.25	-30.0	1.054851443072362
-1.25	-31.25	1.0796222852884811
-1.25	-32.5	1.0299944582325675
-1.25	-33.75	0.9308809626694348
-1.25	-35.0	0.7740777945543169
-1.25	-36.25	0.6925738220603345
-1.25	-37.5	0.7963157902051339
-1.25	-38.75	0.8565359226466105
-1.25	-40.0	0.6908517247563011
0.0	-40.0	0.7567716477452648
0.0	-38.75	0.7486487937082826
0.0	-37.5	0.8225010412990303
0.0	-36.25	0.7183907742796166
0.0	-35.0	0.7984729601030405
0.0	-33.75	0.9321912340839239
0.0	-32.5	1.042978783749794
0.0	-31.25	1.0638522128620138
0.0	-30.0	1.062711812372143
0.0	-28.75	1.037349053020623
0.0	-27.5	0.99933121773897
0.0	-26.25	0.9803069970272322
0.0	-25.0	0.9689151002155337
0.0	-23.75	0.9512400138166778
0.0	-22.5	0.9617714752517789
0.0	-21.25	0.9537162850421131
0.0	-20.0	0.9601162255441662
0.0	-18.75	0.9731342854683904
0.0	-17.5	0.9643107324804885
0.0	-16.25	0.979096548441617
0.0	-15.0	0.9875304095142547
0.0	-13.75	0.9955996119012925
0.0	-12.5	0.9995947946744886
0.0	-11.25	1.0041082567293222
0.0	-10.0	0.9886800629442554
0.0	-8.75	1.0764069554866338
0.0	-7.5	1.0098397797138436
0.0	-6.25	1.0189719948162508
0.0	-5.0	1.0132998715863097
0.0	-3.75	1.0124323061438139
0.0	-2.5	1.0163874226751626
0.0	-1.25	1.0121466686115912
0.0	0.0	1.0028585717258223
0.0	1.25	0.977928461413646
0.0	2.5	0.964410853369656
0.0	3.75	0.9627240819163307
0.0	5.0	0.9621454645778543
0.0	6.25	0.9744828568366504
0.0	7.5	0.9717995699878972
0.0	8.75	0.9807238322629686
0.0	10.0	0.9907206841441863
0.0	11.25	0.9931633578279091
0.0	12.5	0.9929455250826056
0.0	13.75	0.9808029985927585
0.0	15.0	0.9928711119405085
0.0	16.25	1.0375503731415816
0.0	17.5	1.0291302285947332
0.0	18.75	1.0256123822788863
0.0	20.0	1.0269611010563178
0.0	21.25	1.028184648493694
0.0	22.5	1.0357335742660758
0.0	23.75	1.0375457311993719
0.0	25.0	1.0259481333546576
0.0	26.25	1.041455904117524
0.0	27.5	1.0511311822656462
0.0	28.75	1.0225928558654875
0.0	30.0	0.9965613170978803
0.0	31.25	0.966999425210854
0.0	32.5	0.8863223760256015
0.0	33.75	0.7908925215111668
0.0	35.0	0.7098129432615718
0.0	36.25	0.7182716275401322
0.0	37.5	0.6680266321210064
0.0	38.75	0.2171054278976177
0.0	40.0	0.8061006778466472
1.25	40.0	0.9645452148637543
1.25	38.75	0.16832710513212223
1.25	37.5	0.6669750358512664
1.25	36.25	0.7181546726197151
1.25	35.0	0.709618232537767
1.25	33.75	0.7862090980940865
1.25	32.5	0.8966772345039313
1.25	31.25	0.9613470880631474
1.25	30.0	1.008186629747619
1.25	28.75	1.0199210644393095
1.25	27.5	1.0481336038676357
1.25	26.25	1.032091573497391
1.25	25.0	1.0510745763258074
1.25	23.75	1.0433283514410399
1.25	22.5	1.0297251834806216
1.25	21.25	1.0353311178169813
1.25	20.0	1.0268657881262913
1.25	18.75	1.0192952670506552
1.25	17.5	1.0271527965710503
1.25	16.25	1.0059542875034233
1.25	15.0	0.9977076354758504
1.25	13.75	0.9943705288032836
1.25	12.5	0.9893860813831373
1.25	11.25	0.9772305911515277
1.25	10.0	0.9956026589582379
1.25	8.75	0.993211819495451
1.25	7.5	0.9937663299127868
1.25	6.25	0.9671656942684166
1.25	5.0	0.9698304697291883
1.25	3.75	0.96091137566425
1.25	2.5	0.9716126942645549
1.25	1.25	0.9878705218740366
1.25	-0.0	0.9991330260939525
1.25	-1.25	1.0293569000003537
1.25	-2.5	1.0117262534328137
1.25	-3.75	1.0172053711960796
1.25	-5.0	1.022565079615885
1.25	-6.25	1.0128320897350473
1.25	-7.5	0.9975977758642541
1.25	-8.75	1.0075854709685599
1.25	-10.0	0.996309679203093
1.25	-11.25	0.9831137117012674
1.25	-12.5	1.0070747873462755
1.25	-13.75	0.9931523732756857
1.25	-15.0	0.9795367254212811
1.25	-16.25	0.9754923735297096
1.25	-17.5	0.9675021209889235
1.25	-18.75	0.967397899729082
1.25	-20.0	0.9675239895843443
1.25	-21.25	0.9540112070638441
1.25	-22.5	0.9636758926799496
1.25	-23.75	0.9601503321208551
1.25	-25.0	0.970362872636404
1.25	-26.25	0.9952416656151731
1.25	-27.5	1.0176954558117164
1.25	-28.75	1.0342122370874598
1.25	-30.0	1.0410291087859305
1.25	-31.25	1.0648900158613535
1.25	-32.5	1.0326914312610525
1.25	-33.75	0.925065621521198
1.25	-35.0	0.7926054352587761
1.25	-36.25	0.7244304001589883
1.25	-37.5	0.8091686802067897
1.25	-38.75	0.9714983471863811
1.25	-40.0	0.6495783618436733
2.5	-40.0	0.7004255587111322
2.5	-38.75	0.8680527704158141
2.5	-37.5	0.8116836196507509
2.5	-36.25	0.7144037721311581
2.5	-35.0	0.7845972087904804
2.5	-33.75	0.9328563789439576
2.5	-32.5	1.0258629955057947
2.5	-31.25	1.068307839951581
2.5	-30.0	1.0549796130102778
2.5	-28.75	1.043714488409799
2.5	-27.5	1.006895178442285
2.5	-26.25	0.9895634232693215
2.5	-25.0	0.9888007990019496
2.5	-23.75	0.9556763627318821
2.5	-22.5	0.9442096454215332
2.5	-21.25	0.9583752939713328
2.5	-20.0	0.9659674606336938
2.5	-18.75	0.9627111308902461
2.5	-17.5	0.9700345002752884
2.5	-16.25	0.9741174330500851
2.5	-15.0	0.988048481330998
2.5	-13.75	0.9961643406279643
2.5	-12.5	0.9967427076310432
2.5	-11.25	0.9926084782694274
2.5	-10.0	0.9964067100125545
2.5	-8.75	1.008410110922883
2.5	-7.5	1.0076788970859365
2.5	-6.25	1.01284419754957
2.5	-5.0	1.0068105845218436
2.5	-3.75	1.0158569974893137
2.5	-2.5	1.0141786729430777
2.5	-1.25	1.0174241288232742
2.5	0.0	0.9869822228357071
2.5	1.25	1.004166568644353
2.5	2.5	0.9623735865540889
2.5	3.75	0.9685047821062331
2.5	5.0	0.981357686086135
2.5	6.25	0.9751909386907384
2.5	7.5	0.984344225138513
2.5	8.75	0.995063345383185
2.5	10.0	0.9913210594764192
2.5	11.25	0.9881003098874352
2.5	12.5	0.9929391068069313
2.5	13.75	1.0113561539244185
2.5	15.0	1.002033247058912
2.5	16.25	1.0054104056514357
2.5	17.5	1.0137276962616926
2.5	18.75	1.0323111817123538
2.5	20.0	1.019635791088567
2.5	21.25	1.0315011167025627
2.5	22.5	1.0294540593899573
2.5	23.75	1.0422483003341652
2.5	25.0	1.0297953421877437
2.5	26.25	1.0418177875778265
2.5	27.5	1.0477075655302166
2.5	28.75	1.0323107387220154
2.5	30.0	0.9910994721254187
2.5	31.25	0.9695393009930069
2.5	32.5	0.8824601624100683
2.5	33.75	0.7867100014490749
2.5	35.0	0.7115309661565582
2.5	36.25	0.7276403079008527
2.5	37.5	0.6511012113236863
2.5	38.75	0.15413760525999504
2.5	40.0	1.011252282598402
3.75	40.0	0.8319572591949441
3.75	38.75	0.12035736452195046
3.75	37.5	0.6180626124251606
3.75	36.25	0.7180741522101247
3.75	35.0	0.7203148613763701
3.75	33.75	0.7765174177863542
3.75	32.5	0.8736046962066497
3.75	31.25	0.9764667196217252
3.75	30.0	1.0025804162257217
3.75	28.75	1.0232718574725093
3.75	27.5	1.0419511108868957
3.75	26.25	1.0455182723305994
3.75	25.0	1.0541527190859072
3.75	23.75	1.0332857353496017
3.75	22.5	1.0364653553797571
3.75	21.25	1.0292040412795127
3.75	20.0	1.0320729278159826
3.75	18.75	1.0260702947787719
3.75	17.5	1.0165069113046081
3.75	16.25	1.0118792184284602
3.75	15.0	1.0088137545168945
3.75	13.75	1.0166240795501942
3.75	12.5	0.990994739603657
3.75	11.25	0.9877921192274045
3.75	10.0	0.9976214116394314
3.75	8.75	0.993536667654244
3.75	7.5	0.9924795932970628
3.75	6.25	0.9941181769881752
3.75	5.0	0.9808222983434751
3.75	3.75	0.9779624509393359
3.75	2.5	0.9804511811953457
3.75	1.25	0.9857060929536157
3.75	-0.0	1.0079351432153525
3.75	-1.25	1.008517724412423
3.75	-2.5	1.0163481547428888
3.75	-3.75	1.010818197451495
3.75	-5.0	1.011050690223503
3.75	-6.25	1.0164136332388103
3.75	-7.5	1.0186598879876703
3.75	-8.75	1.0000316741748942
3.75	-10.0	0.9973911920471075
3.75	-11.25	0.9996931490329164
3.75	-12.5	1.0055930194933695
3.75	-13.75	0.9860307824643587
3.75	-15.0	0.9897656960072602
3.75	-16.25	0.981678616555389
3.75	-17.5	0.9728039293767534
3.75	-18.75	0.960229169702336
3.75	-20.0	0.9743092077181078
3.75	-21.25	0.9482960215880428
3.75	-22.5	0.9617344237295092
3.75	-23.75	0.965236155666149
3.75	-25.0	0.9684697486964461
3.75	-26.25	0.98765294140974
3.75	-27.5	1.0211291118313486
3.75	-28.75	1.0364681117312442
3.75	-30.0	1.0578389134688715
3.75	-31.25	1.06403032519085
3.75	-32.5	1.0337634938902422
3.75	-33.75	0.9304072321289599
3.75	-35.0	0.7761850049683201
3.75	-36.25	0.730814515015878
3.75	-37.5	0.8262154575223807
3.75	-38.75	0.8235158710486521
3.75	-40.0	0.7833193473075424
5.0	-40.0	0.7601558592232529
5.0	-38.75	0.7126857226961064
5.0	-37.5	0.8081323209683452
5.0	-36.25	0.739977486111022
5.0	-35.0	0.7780934388170642
5.0	-33.75	0.912644267991018
5.0	-32.5	1.0129030468071196
5.0	-31.25	1.0611481149516424
5.0	-30.0	1.1006302011860585
5.0	-28.75	1.045271749669527
5.0	-27.5	1.0257656086674152
5.0	-26.25	0.9985962586500983
5.0	-25.0	0.9761054849556038
5.0	-23.75	0.9646700170093035
5.0	-22.5	0.9544562164027178
5.0	-21.25	0.9665554551198497
5.0	-20.0	0.9684483099178235
5.0	-18.75	0.9723612181347167
5.0	-17.5	0.9850462008391789
5.0	-16.25	0.9821772657041888
5.0	-15.0	0.9778720661334229
5.0	-13.75	0.9907837628198369
5.0	-12.5	0.998780516825751
5.0	-11.25	0.9980919279138772
5.0	-10.0	1.0015618508319382
5.0	-8.75	1.0111440822230584
5.0	-7.5	1.0006487221732803
5.0	-6.25	1.0104722536716348
5.0	-5.0	1.0099588170242844
5.0	-3.75	1.0158214059540498
5.0	-2.5	1.0061649999110809
5.0	-1.25	1.0130085152073647
5.0	0.0	0.989143924107337
5.0	1.25	0.9889229469784112
5.0	2.5	0.9877358562395627
5.0	3.75	0.983034476825829
5.0	5.0	0.990920978956847
5.0	6.25	1.000439925052743
5.0	7.5	0.9971272408132846
5.0	8.75	0.9952227808048016
5.0	10.0	1.0000971309882145
5.0	11.25	0.9980321262698615
5.0	12.5	1.0107900089311586
5.0	13.75	0.9985713143049539
5.0	15.0	1.020833447857796
5.0	16.25	1.0095339956098783
5.0	17.5	1.02918986482338
5.0	18.75	1.0309060056536405
5.0	20.0	1.0255441050815377
5.0	21.25	1.0394304975152633
5.0	22.5	1.0343849251188588
5.0	23.75	1.0332015692709788
5.0	25.0	1.0536491559164791
5.0	26.25	1.0436969495263808
5.0	27.5	1.054407400928409
5.0	28.75	1.028400553102176
5.0	30.0	1.0161872618834256
5.0	31.25	0.9666315897064245
5.0	32.5	0.872250975416193
5.0	33.75	0.7568540299057598
5.0	35.0	0.7319376309917107
5.0	36.25	0.7253613780310123
5.0	37.5	0.5965766043009725
5.0	38.75	0.16543497935494417
5.0	40.0	0.90766276392563
6.25	40.0	0.9397179215269849
6.25	38.75	0.6326642693358948
6.25	37.5	0.5450027249994629
6.25	36.25	0.7238377834637643
6.25	35.0	0.7139660996162194
6.25	33.75	0.7520717954177893
6.25	32.5	0.847336856615228
6.25	31.25	0.9430807029840943
6.25	30.0	1.0100260507457088
6.25	28.75	1.0117813275798606
6.25	27.5	1.041146742998514
6.25	26.25	1.041047020902122
6.25	25.0	1.0332890412920923
6.25	23.75	1.0319797522044076
6.25	22.5	1.0367293918330238
6.25	21.25	1.0380923112594136
6.25	20.0	1.017154906023595
6.25	18.75	1.0257110534304514
6.25	17.5	1.0318016646638257
6.25	16.25	1.0235576606480574
6.25	15.0	1.0128563959513655
6.25	13.75	1.0098898512538472
6.25	12.5	1.0039205035326948
6.25	11.25	0.9942179993148073
6.25	10.0	1.0051213035613122
6.25	8.75	0.9969350939209153
6.25	7.5	0.9991436567080045
6.25	6.25	0.9993539888617231
6.25	5.0	0.9845239096625558
6.25	3.75	0.9886669076618962
6.25	2.5	0.9889091237373322
6.25	1.25	0.9975891429233243
6.25	-0.0	1.0042869124985858
6.25	-1.25	1.006353463713623
6.25	-2.5	1.0219043055330785
6.25	-3.75	1.016881659354779
6.25	-5.0	1.0181288929891423
6.25	-6.25	1.002533118274049
6.25	-7.5	1.0080019718522015
6.25	-8.75	1.0082350888828022
6.25	-10.0	1.033412053581869
6.25	-11.25	1.0033559220933015
6.25	-12.5	0.9929619908415124
6.25	-13.75	0.9940640393185027
6.25	-15.0	0.9916145105526435
6.25	-16.25	0.9681038710554369
6.25	-17.5	0.9883782332915985
6.25	-18.75	0.965299110856109
6.25	-20.0	0.9734502809552811
6.25	-21.25	0.961291526941187
6.25	-22.5	0.9820794592507537
6.25	-23.75	1.008692650551253
6.25	-25.0	0.9892889795119821
6.25	-26.25	0.9825004288887763
6.25	-27.5	1.0257184060938653
6.25	-28.75	1.0452343047070733
6.25	-30.0	1.0729721392302185
6.25	-31.25	1.0653887990813182
6.25	-32.5	1.0038436396999966
6.25	-33.75	0.8997393946170222
6.25	-35.0	0.759283072676342
6.25	-36.25	0.7594222689242685
6.25	-37.5	0.7717057518079964
6.25	-38.75	0.7459982634888073
6.25	-40.0	0.8035409983571067
7.5	-38.75	0.7723973954415092
7.5	-37.5	0.7840615074283006
7.5	-36.25	0.7982227833960206
7.5	-35.0	0.7601072364447584
7.5	-33.75	0.8883258242674982
7.5	-32.5	0.9946081125829372
7.5	-31.25	1.0591696220355484
7.5	-30.0	1.066529991091452
7.5	-28.75	1.0515417546677293
7.5	-27.5	1.0293760230897298
7.5	-26.25	0.99816270679148
7.5	-25.0	0.993409157542023
7.5	-23.75	0.9986336938605801
7.5	-22.5	0.9749567010162946
7.5	-21.25	0.969816206501127
7.5	-20.0	0.9634644108556714
7.5	-18.75	0.9721553294120098
7.5	-17.5	0.9629154943311222
7.5	-16.25	0.9907345120520881
7.5	-15.0	0.9980940272876682
7.5	-13.75	0.9878591971927061
7.5	-12.5	0.98343406518171
7.5	-11.25	1.0001635099532598
7.5	-10.0	0.9982715480100369
7.5	-8.75	0.9995292956003001
7.5	-7.5	1.006778930570144
7.5	-6.25	0.9935515312905844
7.5	-5.0	1.0051776787703413
7.5	-3.75	1.0072092165664464
7.5	-2.5	0.9962862012172068
7.5	-1.25	1.0043125686632193
7.5	0.0	0.9930315573520009
7.5	1.25	0.988662630658043
7.5	2.5	0.9947781597757183
7.5	3.75	1.0067299758861372
7.5	5.0	1.0034299267241098
7.5	6.25	0.9874533887277611
7.5	7.5	1.011841102745758
7.5	8.75	0.9938150270912858
7.5	10.0	0.9822423561833048
7.5	11.25	1.0095057774696479
7.5	12.5	1.002561244637039
7.5	13.75	1.004105326086804
7.5	15.0	1.0167795529015653
7.5	16.25	1.0192066653737957
7.5	17.5	1.0270387556614917
7.5	18.75	1.0160965081645026
7.5	20.0	1.0283756136510196
7.5	21.25	1.0282174531431492
7.5	22.5	1.034869958363892
7.5	23.75	1.035485619379374
7.5	25.0	1.0501267492600572
7.5	26.25	1.0417298625565048
7.5	27.5	1.0432716863127807
7.5	28.75	1.0174328012199276
7.5	30.0	0.9892562170543477
7.5	31.25	0.9309654017375458
7.5	32.5	0.8247992775009304
7.5	33.75	0.7459853285661935
7.5	35.0	0.7237772992145104
7.5	36.25	0.7290186961164844
7.5	37.5	0.46193779019356096
7.5	38.75	0.7761788454181293
8.75	38.75	0.8972989863761535
8.75	37.5	0.3329727546982729
8.75	36.25	0.702409250660861
8.75	35.0	0.722059163115046
8.75	33.75	0.7290937432224343
8.75	32.5	0.8123380395914744
8.75	31.25	0.9088958718343707
8.75	30.0	0.9858042390917814
8.75	28.75	1.011317816787807
8.75	27.5	1.0207763494447564
8.75	26.25	1.042931948587657
8.75	25.0	1.0402765685998485
8.75	23.75	1.0256693218982098
8.75	22.5	1.0441246330558833
8.75	21.25	1.0410236222157714
8.75	20.0	1.0420730847835946
8.75	18.75	1.0341213665685258
8.75	17.5	1.0197428694539392
8.75	16.25	1.0214705276654583
8.75	15.0	1.0528308190503957
8.75	13.75	1.0155276989672852
8.75	12.5	1.0103199131224736
8.75	11.25	1.001592757687461
8.75	10.0	1.0167008040224335
8.75	8.75	1.0082461139031305
8.75	7.5	0.9980558158377727
8.75	6.25	1.006560457394566
8.75	5.0	1.0070792512539544
8.75	3.75	0.9863078647908537
8.75	2.5	1.0023698501028826
8.75	1.25	1.0043106008846077
8.75	-0.0	1.0092909513598696
8.75	-1.25	1.0125615216222044
8.75	-2.5	1.0157521870916422
8.75	-3.75	1.02075882634473
8.75	-5.0	1.0015368361964614
8.75	-6.25	1.0026701144240961
8.75	-7.5	1.0175976243580593
8.75	-8.75	1.005560078312091
8.75	-10.0	1.008555557086841
8.75	-11.25	0.9930070920467476
8.75	-12.5	0.9876821000197783
8.75	-13.75	0.9880230446283966
8.75	-15.0	0.9847428918447171
8.75	-16.25	0.9713481923079809
8.75	-17.5	0.9761144283477083
8.75	-18.75	0.9654675527354579
8.75	-20.0	0.9706914890926882
8.75	-21.25	0.9679001164017436
8.75	-22.5	0.9710375608444324
8.75	-23.75	0.9819470574001471
8.75	-25.0	1.0033149782141226
8.75	-26.25	1.008215215115767
8.75	-27.5	1.032047166140958
8.75	-28.75	1.0488488902946804
8.75	-30.0	1.0642396667449716
8.75	-31.25	1.047794194204089
8.75	-32.5	0.9629106151100735
8.75	-33.75	0.8504903966427504
8.75	-35.0	0.7591375794486366
8.75	-36.25	0.8235296550340426
8.75	-37.5	0.8062136197922837
8.75	-38.75	0.6886054961884915
10.0	-38.75	0.84171469450225
10.0	-37.5	0.6438923997145898
10.0	-36.25	0.855438839056058
10.0	-35.0	0.7639520326481056
10.0	-33.75	0.8200949031794108
10.0	-32.5	0.9511434349469532
10.0	-31.25	1.0242011153509065
10.0	-30.0	1.0639103326964452
10.0	-28.75	1.0602283322576869
10.0	-27.5	1.037648810752908
10.0	-26.25	1.0291587015808294
10.0	-25.0	1.0069083351483357
10.0	-23.75	1.040099028265423
10.0	-22.5	0.9861079574131106
10.0	-21.25	0.9881356599833455
10.0	-20.0	0.9727769711839117
10.0	-18.75	0.9804010989384221
10.0	-17.5	0.9814437909856766
10.0	-16.25	0.9771760111556513
10.0	-15.0	0.9852727341141084
10.0	-13.75	0.9891836614260768
10.0	-12.5	0.9968737143263933
10.0	-11.25	1.004264360433127
10.0	-10.0	1.0134377422581737
10.0	-8.75	1.0162347067217636
10.0	-7.5	1.0295070371938415
10.0	-6.25	0.9959759360823364
10.0	-5.0	1.004307491197043
10.0	-3.75	0.9999719796454771
10.0	-2.5	1.0044608359183618
10.0	-1.25	0.9978934685226098
10.0	0.0	1.0063647917315206
10.0	1.25	1.0022018150291894
10.0	2.5	0.9888386946262369
10.0	3.75	1.0028050522315903
10.0	5.0	1.0093932187304966
10.0	6.25	1.006243603952212
10.0	7.5	1.0168419578399024
10.0	8.75	1.0176186136081506
10.0	10.0	1.0056373541105248
10.0	11.25	1.0127625754425378
10.0	12.5	1.0246475967943434
10.0	13.75	1.0066059151753468
10.0	15.0	1.0237126565140608
10.0	16.25	1.0248004064132212
10.0	17.5	1.03530913472148
10.0	18.75	1.0392080964904735
10.0	20.0	1.0295864477970798
10.0	21.25	1.0416693136923034
10.0	22.5	1.04393890786464
10.0	23.75	1.0356953260204291
10.0	25.0	1.0450190304191211
10.0	26.25	1.0458011267433007
10.0	27.5	1.0270502168027347
10.0	28.75	1.01006977658552
10.0	30.0	0.9668220736175525
10.0	31.25	0.881221744476317
10.0	32.5	0.7902770648235423
10.0	33.75	0.7302576360235846
10.0	35.0	0.7239524824067024
10.0	36.25	0.6560273770888557
10.0	37.5	0.24330162440740538
10.0	38.75	0.937640906184225
11.25	38.75	0.9017860882890016
11.25	37.5	0.5398791178127123
11.25	36.25	0.5719172052612532
11.25	35.0	0.7300983344591662
11.25	33.75	0.7232943030262934
11.25	32.5	0.7579892586894502
11.25	31.25	0.8393845816298608
11.25	30.0	0.9461116449448956
11.25	28.75	1.0060429875946812
11.25	27.5	1.015893708001833
11.25	26.25	1.0276369898024829
11.25	25.0	1.0438061935035718
11.25	23.75	1.0460108907799495
11.25	22.5	1.0345462905332279
11.25	21.25	1.034095125461068
11.25	20.0	1.0387799847806851
11.25	18.75	1.028317864270966
11.25	17.5	1.0201884596930173
11.25	16.25	1.0273410790275281
11.25	15.0	1.027933357758928
11.25	13.75	1.0304930479449228
11.25	12.5	1.0186899015681368
11.25	11.25	1.0109989343467587
11.25	10.0	1.0045001357095518
11.25	8.75	1.016504653671706
11.25	7.5	1.0075424601883405
11.25	6.25	1.00185916335473
11.25	5.0	1.009706490660117
11.25	3.75	1.002381059115487
11.25	2.5	1.003171168030965
11.25	1.25	0.9989302566218375
11.25	-0.0	0.9917014527841116
11.25	-1.25	1.0058380538781277
11.25	-2.5	1.00134085526476
11.25	-3.75	1.0071538537030194
11.25	-5.0	1.0011448838694919
11.25	-6.25	1.007083344079683
11.25	-7.5	1.0103979154034082
11.25	-8.75	0.9977496208809958
11.25	-10.0	0.9926460459851766
11.25	-11.25	0.9970863329156856
11.25	-12.5	0.9881181835027296
11.25	-13.75	0.9779783358661717
11.25	-15.0	0.989378057170373
11.25	-16.25	0.9731115170830538
11.25	-17.5	0.9764682823653621
11.25	-18.75	0.9705476884791672
11.25	-20.0	0.9632523100907713
11.25	-21.25	0.9749433567885109
11.25	-22.5	0.9853940711666114
11.25	-23.75	0.9988137424347484
11.25	-25.0	1.0085554879145748
11.25	-26.25	1.0366382996162729
11.25	-27.5	1.0513694125151258
11.25	-28.75	1.0676026995211496
11.25	-30.0	1.0627638609351677
11.25	-31.25	0.9982097098896993
11.25	-32.5	0.9238965781142258
11.25	-33.75	0.8024451466153429
11.25	-35.0	0.7882620185345246
11.25	-36.25	0.851957118451183
11.25	-37.5	0.8971616959192066
11.25	-38.75	0.7749804755686379
12.5	-37.5	0.8545793249214523
12.5	-36.25	0.8070989516904284
12.5	-35.0	0.8294308463413259
12.5	-33.75	0.8003139320374101
12.5	-32.5	0.8895984377484462
12.5	-31.25	0.9928613771001102
12.5	-30.0	1.0489761326428386
12.5	-28.75	1.070005948299287
12.5	-27.5	1.0585474939737176
12.5	-26.25	1.0374673168371396
12.5	-25.0	1.0151961061973676
12.5	-23.75	0.9929517702119085
12.5	-22.5	0.9855663849191728
12.5	-21.25	0.9886310884917243
12.5	-20.0	0.9772847097511915
12.5	-18.75	0.9757511581204654
12.5	-17.5	0.9678050218958477
12.5	-16.25	0.9597679938024499
12.5	-15.0	0.987708326944658
12.5	-13.75	0.9902645047925385
12.5	-12.5	0.9832406419822685
12.5	-11.25	0.992664711261017
12.5	-10.0	0.995424656341207
12.5	-8.75	0.9951638156049922
12.5	-7.5	1.0025188381353203
12.5	-6.25	0.9999525324654325
12.5	-5.0	1.004529457463104
12.5	-3.75	0.9886990169239704
12.5	-2.5	1.0060273739026
12.5	-1.25	1.0069033906342975
12.5	0.0	0.9964977425308309
12.5	1.25	0.9966052723982396
12.5	2.5	1.0020737902657182
12.5	3.75	1.0022314057558404
12.5	5.0	0.9951847668788345
12.5	6.25	0.9946011130313407
12.5	7.5	1.0095928798872156
12.5	8.75	1.0105112919589863
12.5	10.0	0.9900715464466431
12.5	11.25	1.0003309823266473
12.5	12.5	1.0184033859133386
12.5	13.75	1.0142939866775684
12.5	15.0	1.0220525529248574
12.5	16.25	1.012661171147427
12.5	17.5	1.0269409395308708
12.5	18.75	1.038466208957593
12.5	20.0	1.02873192289713
12.5	21.25	1.0368286764852006
12.5	22.5	1.0406419633489126
12.5	23.75	1.0433899232213892
12.5	25.0	1.0400479952543888
12.5	26.25	1.024180899520913
12.5	27.5	0.999773754926457
12.5	28.75	0.9836958717957064
12.5	30.0	0.9220788391385479
12.5	31.25	0.8239267566395801
12.5	32.5	0.7330726870899225
12.5	33.75	0.7263220871672275
12.5	35.0	0.7035287350209022
12.5	36.25	0.4422411789405349
12.5	37.5	0.9411011161681218
13.75	37.5	0.8674037269549452
13.75	36.25	0.3378783453773518
13.75	35.0	0.6689494084532244
13.75	33.75	0.7154531221255573
13.75	32.5	0.7195955947435166
13.75	31.25	0.7856711780823307
13.75	30.0	0.8751492811136312
13.75	28.75	0.9555881589431798
13.75	27.5	1.0002511274222883
13.75	26.25	1.0196466988291832
13.75	25.0	1.0298141930429419
13.75	23.75	1.039026798859317
13.75	22.5	1.0420728203907972
13.75	21.25	1.0294524419733388
13.75	20.0	1.0279114349810448
13.75	18.75	1.016487250405979
13.75	17.5	1.0319933282470242
13.75	16.25	1.0197263209783576
13.75	15.0	1.0274237036608174
13.75	13.75	1.0271918962654638
13.75	12.5	1.0199095233304676
13.75	11.25	1.0129005217414566
13.75	10.0	1.0229241898688517
13.75	8.75	1.0064337480020595
13.75	7.5	1.0150217181858139
13.75	6.25	1.0063267699493281
13.75	5.0	1.0060286815574244
13.75	3.75	1.0083476239054479
13.75	2.5	1.0066808898604767
13.75	1.25	1.0095405633101635
13.75	-0.0	0.9993831272372381
13.75	-1.25	0.9925578744163857
13.75	-2.5	0.9986904951371133
13.75	-3.75	1.0029815157015511
13.75	-5.0	0.9897288859582779
13.75	-6.25	0.9883865188323744
13.75	-7.5	1.0002161974143808
13.75	-8.75	0.9981231746220446
13.75	-10.0	1.0188234233437345
13.75	-11.25	0.9976195795638919
13.75	-12.5	0.9864478650910805
13.75	-13.75	1.0050884236652322
13.75	-15.0	0.9901257520982951
13.75	-16.25	0.9709174546874214
13.75	-17.5	0.9770510988128225
13.75	-18.75	0.9679103467014275
13.75	-20.0	0.9901767223119998
13.75	-21.25	0.991122030496937
13.75	-22.5	0.9875291089891839
13.75	-23.75	1.0055434670760754
13.75	-25.0	1.0229799015203493
13.75	-26.25	1.0432772899712535
13.75	-27.5	1.0639800638505212
13.75	-28.75	1.06669023538366
13.75	-30.0	1.032742425037171
13.75	-31.25	0.9613663306562644
13.75	-32.5	0.8551083063761146
13.75	-33.75	0.8160783606235801
13.75	-35.0	0.8625965074462196
13.75	-36.25	0.7097291895397272
13.75	-37.5	0.6455402171342484
15.0	-37.5	0.9931883987756848
15.0	-36.25	0.9075467138729758
15.0	-35.0	0.8753691448870582
15.0	-33.75	0.8456790890661622
15.0	-32.5	0.8357988306481324
15.0	-31.25	0.9235858600287223
15.0	-30.0	1.0023443173653606
15.0	-28.75	1.0383529010700498
15.0	-27.5	1.0570552704920744
15.0	-26.25	1.0513622919289722
15.0	-25.0	1.041129803924309
15.0	-23.75	1.003939990298346
15.0	-22.5	1.0073633309609071
15.0	-21.25	1.0016914150120537
15.0	-20.0	0.9887301855630346
15.0	-18.75	0.9945996124756271
15.0	-17.5	0.9818303608601232
15.0	-16.25	0.9853683223351338
15.0	-15.0	0.982451634702107
15.0	-13.75	0.9797762625987956
15.0	-12.5	0.9863404049023243
15.0	-11.25	0.9802736196832172
15.0	-10.0	1.0085686071580675
15.0	-8.75	0.9999638610431762
15.0	-7.5	1.0091061486960755
15.0	-6.25	0.9883943114552207
15.0	-5.0	1.0105180054125151
15.0	-3.75	1.002745586200075
15.0	-2.5	1.0014155715709245
15.0	-1.25	0.9914030614496969
15.0	0.0	0.9949006321924914
15.0	1.25	1.0058411722757499
15.0	2.5	1.0018367738117906
15.0	3.75	1.0040088960259177
15.0	5.0	1.0064369688090213
15.0	6.25	1.0029506018948242
15.0	7.5	1.0035212410266403
15.0	8.75	1.0203597123786272
15.0	10.0	1.0174250463515573
15.0	11.25	1.034983824209735
15.0	12.5	1.0145083661987357
15.0	13.75	1.0123235972454834
15.0	15.0	1.0245665655792533
15.0	16.25	1.026621968859942
15.0	17.5	1.0354700019881415
15.0	18.75	1.0326312899906802
15.0	20.0	1.0243666615335891
15.0	21.25	1.040344956504406
15.0	22.5	1.0404539911049366
15.0	23.75	1.018660344178818
15.0	25.0	1.0267204409664992
15.0	26.25	0.9938956067980254
15.0	27.5	0.9815516241152369
15.0	28.75	0.9276269138241866
15.0	30.0	0.8325442657820801
15.0	31.25	0.7671390687811143
15.0	32.5	0.7199418113775786
15.0	33.75	0.7130066000256019
15.0	35.0	0.5712301610537929
15.0	36.25	0.9917293830819399
15.0	37.5	0.900692495874545
16.25	36.25	0.8318038319270976
16.25	35.0	0.29706253797355836
16.25	33.75	0.6964674485850753
16.25	32.5	0.7270874692955824
16.25	31.25	0.738431526422472
16.25	30.0	0.7966669283797831
16.25	28.75	0.8796509727504552
16.25	27.5	0.9622935754871077
16.25	26.25	1.0072535567218908
16.25	25.0	1.0107637107233869
16.25	23.75	1.0293326727997865
16.25	22.5	1.02914467387626
16.25	21.25	1.0169048178090168
16.25	20.0	1.0287890132137099
16.25	18.75	1.0288596732114021
16.25	17.5	1.0283518484220502
16.25	16.25	1.034277233118654
16.25	15.0	1.0213487660017115
16.25	13.75	1.0202469639016585
16.25	12.5	1.0310569525816984
16.25	11.25	1.015652688194728
16.25	10.0	1.0129574612218128
16.25	8.75	1.0139795315511126
16.25	7.5	1.0194914030323297
16.25	6.25	1.0050963627844423
16.25	5.0	0.9942030393750152
16.25	3.75	1.0156725162714628
16.25	2.5	0.9263455113211514
16.25	1.25	0.9973457977840635
16.25	-0.0	1.009917648037079
16.25	-1.25	0.9895639102909048
16.25	-2.5	0.993119157876553
16.25	-3.75	1.0395301179504017
16.25	-5.0	1.0062682556261564
16.25	-6.25	1.0005766936275533
16.25	-7.5	0.9898445447828224
16.25	-8.75	0.9857317612459632
16.25	-10.0	0.9852596074170596
16.25	-11.25	0.9979360411944784
16.25	-12.5	0.9845702142171779
16.25	-13.75	0.9848979646687654
16.25	-15.0	0.9844536184053535
16.25	-16.25	0.9888639054422727
16.25	-17.5	0.9842507425902053
16.25	-18.75	0.9864959790861698
16.25	-20.0	0.9973562656947756
16.25	-21.25	0.9989400511669397
16.25	-22.5	1.0321742612889007
16.25	-23.75	1.0428056637436616
16.25	-25.0	1.0477517205019558
16.25	-26.25	1.0510482760400193
16.25	-27.5	1.0625944655886097
16.25	-28.75	1.04346759544196
16.25	-30.0	0.9709696401600197
16.25	-31.25	0.8821581838594337
16.25	-32.5	0.8477513550663963
16.25	-33.75	0.8718398505513932
16.25	-35.0	0.8312180326505578
16.25	-36.25	0.6279005485365923
17.5	-36.25	0.7565200450228392
17.5	-35.0	0.7171316841323004
17.5	-33.75	0.8845885296477931
17.5	-32.5	0.8694734786578763
17.5	-31.25	0.8634028208005115
17.5	-30.0	0.9358879975324613
17.5	-28.75	1.0058841929326703
17.5	-27.5	1.0338034918052863
17.5	-26.25	1.0456085752482804
17.5	-25.0	1.048140680143727
17.5	-23.75	1.0313049836649002
17.5	-22.5	1.028045452740598
17.5	-21.25	1.0084712166428724
17.5	-20.0	1.013223312337001
17.5	-18.75	0.997726363336563
17.5	-17.5	0.9966087572464454
17.5	-16.25	0.9802014025655992
17.5	-15.0	0.9764730113334116
17.5	-13.75	0.9893504906366836
17.5	-12.5	0.9898159075089562
17.5	-11.25	0.9964849508031697
17.5	-10.0	0.9901325046775202
17.5	-8.75	0.9934174333611493
17.5	-7.5	1.0045910913671139
17.5	-6.25	1.0068873041335555
17.5	-5.0	0.9931671057828265
17.5	-3.75	0.9937022874777597
17.5	-2.5	1.0193209876082383
17.5	-1.25	1.014166407181916
17.5	0.0	0.997502748333439
17.5	1.25	1.0058559502188742
17.5	2.5	1.0033028127491723
17.5	3.75	1.011497429093738
17.5	5.0	0.9999010999549119
17.5	6.25	1.0025885818379272
17.5	7.5	1.0097316176145532
17.5	8.75	1.0098941622660342
17.5	10.0	1.0134947486603618
17.5	11.25	1.0245614285838904
17.5	12.5	1.0197231586284234
17.5	13.75	1.0190899089834244
17.5	15.0	1.0203738243098344
17.5	16.25	1.03983218328996
17.5	17.5	1.0167649657086026
17.5	18.75	1.0242868315533873
17.5	20.0	1.021730391240584
17.5	21.25	1.0301870564537314
17.5	22.5	1.0371268062930876
17.5	23.75	1.0164792603869925
17.5	25.0	1.0067591479587017
17.5	26.25	0.9579493288911057
17.5	27.5	0.913940025658905
17.5	28.75	0.843586080459079
17.5	30.0	0.7612284773757741
17.5	31.25	0.7184176012929111
17.5	32.5	0.7197538452049109
17.5	33.75	0.58682121878069
17.5	35.0	0.09968956369348218
17.5	36.25	0.9522439019813603
18.75	35.0	0.8869276759414055
18.75	33.75	0.3474529149572137
18.75	32.5	0.6917295478406363
18.75	31.25	0.7378677383655036
18.75	30.0	0.7338510141122755
18.75	28.75	0.7917251273727007
18.75	27.5	0.8595313411194162
18.75	26.25	0.9355091080758782
18.75	25.0	0.971216402782129
18.75	23.75	1.0046681124103787
18.75	22.5	1.019065359003361
18.75	21.25	1.0202554440294451
18.75	20.0	1.0321856801517788
18.75	18.75	1.0295120992788236
18.75	17.5	1.0269762882804354
18.75	16.25	1.0295076674360735
18.75	15.0	1.0231529655290617
18.75	13.75	1.017768095327514
18.75	12.5	1.0190212267779422
18.75	11.25	1.0134570029602221
18.75	10.0	1.0217688129096927
18.75	8.75	1.0185166362771796
18.75	7.5	1.0104533255316153
18.75	6.25	1.0117396453639007
18.75	5.0	1.0120972863084843
18.75	3.75	1.003375891074598
18.75	2.5	1.0069051679117642
18.75	1.25	1.007745463848068
18.75	-0.0	1.0068196529621343
18.75	-1.25	0.9978622739677805
18.75	-2.5	1.0018680689445123
18.75	-3.75	1.0058923891473828
18.75	-5.0	1.0161535021635975
18.75	-6.25	1.0037417359123393
18.75	-7.5	0.9922537517845955
18.75	-8.75	1.0000832260780366
18.75	-10.0	0.9926787541075283
18.75	-11.25	0.9870500145146461
18.75	-12.5	0.9841817384767634
18.75	-13.75	0.9888070928941926
18.75	-15.0	0.9963871747261535
18.75	-16.25	0.9870263246252632
18.75	-17.5	1.02643463503599
18.75	-18.75	1.0043130602465595
18.75	-20.0	1.0155040010070002
18.75	-21.25	1.0423987945469004
18.75	-22.5	1.0262532533575648
18.75	-23.75	1.0487588229694496
18.75	-25.0	1.046710566855355
18.75	-26.25	1.0527249480721759
18.75	-27.5	1.0139000211073683
18.75	-28.75	0.9825670932372185
18.75	-30.0	0.914362363286829
18.75	-31.25	0.8643892556405548
18.75	-32.5	0.9129294910589683
18.75	-33.75	0.83675544923722
18.75	-35.0	0.6746597411937773
20.0	-35.0	0.776430792492989
20.0	-33.75	0.769621993450287
20.0	-32.5	0.9233530288570349
20.0	-31.25	0.9123131222513372
20.0	-30.0	0.8963172859315991
20.0	-28.75	0.9467103701525479
20.0	-27.5	0.998826088081744
20.0	-26.25	1.0259500062447942
20.0	-25.0	1.0467817407547653
20.0	-23.75	1.0594525971726236
20.0	-22.5	1.0413052728321326
20.0	-21.25	1.0347161863243262
20.0	-20.0	1.021457598359815
20.0	-18.75	1.0091128376541003
20.0	-17.5	1.0032675793247516
20.0	-16.25	0.9914508661975129
20.0	-15.0	0.9882238301517392
20.0	-13.75	0.9865713024082784
20.0	-12.5	1.0079324382386718
20.0	-11.25	0.9958507578146429
20.0	-10.0	0.9940339560186078
20.0	-8.75	0.9885224233049308
20.0	-7.5	0.9798848201702189
20.0	-6.25	0.9983276184983445
20.0	-5.0	0.9934214996251157
20.0	-3.75	0.9970861372456129
20.0	-2.5	1.0010356753884628
20.0	-1.25	0.9994520516562376
20.0	0.0	1.0040695610891601
20.0	1.25	1.0035220005014998
20.0	2.5	1.0183293779713563
20.0	3.75	1.0066017173432589
20.0	5.0	1.0079651243444678
20.0	6.25	1.0065055351532057
20.0	7.5	1.0046044428081295
20.0	8.75	1.0106638280303566
20.0	10.0	1.0123148739154042
20.0	11.25	1.0225071023962597
20.0	12.5	1.0211939203842475
20.0	13.75	1.0189585687103935
20.0	15.0	1.0323265337793852
20.0	16.25	1.0275606426574808
20.0	17.5	1.026967398958767
20.0	18.75	1.032804299338334
20.0	20.0	1.022803349898853
20.0	21.25	1.018068950632832
20.0	22.5	1.0051554862782308
20.0	23.75	0.985786689255063
20.0	25.0	0.9442870177833902
20.0	26.25	0.8892533035821503
20.0	27.5	0.8133780166738371
20.0	28.75	0.7474818677085787
20.0	30.0	0.7162065283006211
20.0	31.25	0.7018252038698245
20.0	32.5	0.5722536770264294
20.0	33.75	0.14641729926115726
20.0	35.0	0.8417877770123254
21.25	33.75	0.9042625752850866
21.25	32.5	0.2986443413751733
21.25	31.25	0.6538012799330319
21.25	30.0	0.7293541790213897
21.25	28.75	0.7243482818297935
21.25	27.5	0.7743098779482303
21.25	26.25	0.83745697234526
21.25	25.0	0.9002421742528729
21.25	23.75	0.9592465424704636
21.25	22.5	0.9924533610211443
21.25	21.25	0.9893382079617246
21.25	20.0	1.019650046545565
21.25	18.75	1.027217117339704
21.25	17.5	1.0203370351928849
21.25	16.25	1.0260709181474335
21.25	15.0	1.0281419528096887
21.25	13.75	1.036781625729949
21.25	12.5	1.0213128070440147
21.25	11.25	1.0175328269211499
21.25	10.0	1.0191347647503521
21.25	8.75	1.0309385684578671
21.25	7.5	1.01480622448735
21.25	6.25	1.0036534675869246
21.25	5.0	1.0204086667027215
21.25	3.75	1.0211800290096944
21.25	2.5	1.0109464082221553
21.25	1.25	1.0176911746910007
21.25	-0.0	1.0124504175566704
21.25	-1.25	1.0115066179982835
21.25	-2.5	1.0064588616394021
21.25	-3.75	0.9985572474823291
21.25	-5.0	0.9982118318606353
21.25	-6.25	1.0076186945165677
21.25	-7.5	0.9999129902857413
21.25	-8.75	1.0067808344876552
21.25	-10.0	1.0117869075143322
21.25	-11.25	0.9861248194456654
21.25	-12.5	1.0068438080430888
21.25	-13.75	1.0007384545886735
21.25	-15.0	1.0065584947411392
21.25	-16.25	1.0222934260602095
21.25	-17.5	1.024683339106965
21.25	-18.75	1.0308909756783051
21.25	-20.0	1.0282556192946055
21.25	-21.25	1.0447504042586704
21.25	-22.5	1.0519781398711971
21.25	-23.75	1.0515900675802385
21.25	-25.0	1.0403198715346906
21.25	-26.25	1.012211215955225
21.25	-27.5	0.9723272123868243
21.25	-28.75	0.9354616156480918
21.25	-30.0	0.9164288989052826
21.25	-31.25	0.9512355513404559
21.25	-32.5	0.849495386145655
21.25	-33.75	0.5897141983953375
22.5	-32.5	0.7134143348131312
22.5	-31.25	0.9194648251825158
22.5	-30.0	0.9579127756434597
22.5	-28.75	0.9343363075612791
22.5	-27.5	0.9618651775664112
22.5	-26.25	0.9914119329072023
22.5	-25.0	1.0094153060437594
22.5	-23.75	1.0355458459947933
22.5	-22.5	1.0450226871277226
22.5	-21.25	1.0581749325885734
22.5	-20.0	1.0397344765509344
22.5	-18.75	1.0399624727249994
22.5	-17.5	1.0143471723891426
22.5	-16.25	1.0202233640655185
22.5	-15.0	1.0102691843159515
22.5	-13.75	1.012892609081847
22.5	-12.5	1.0040781774824414
22.5	-11.25	1.01837092230071
22.5	-10.0	0.9947845434231551
22.5	-8.75	0.9959685567101031
22.5	-7.5	0.9958986860287387
22.5	-6.25	0.9963281209019246
22.5	-5.0	1.0051537530653705
22.5	-3.75	1.0133833629299216
22.5	-2.5	1.0065778556160687
22.5	-1.25	1.0185482296367327
22.5	0.0	1.0021837697549052
22.5	1.25	1.0228999942603563
22.5	2.5	1.0156694529280204
22.5	3.75	1.0180879044516085
22.5	5.0	0.9995449892810278
22.5	6.25	1.0168728272867849
22.5	7.5	1.0048999935310847
22.5	8.75	1.0073441781427068
22.5	10.0	1.0641289682282764
22.5	11.25	1.0339321807205446
22.5	12.5	1.0182147403618083
22.5	13.75	1.0237481642189161
22.5	15.0	1.0225181031904216
22.5	16.25	1.012941930490078
22.5	17.5	1.018306610253019
22.5	18.75	1.0170515103318976
22.5	20.0	0.9901506264094226
22.5	21.25	0.9907465616206074
22.5	22.5	0.9578845789099364
22.5	23.75	0.9070177357412538
22.5	25.0	0.8528801072451413
22.5	26.25	0.7851807621382326
22.5	27.5	0.7329005993205783
22.5	28.75	0.7230955378282434
22.5	30.0	0.6974969307385043
22.5	31.25	0.48721779184648367
22.5	32.5	0.658921459642506
23.75	32.5	0.7728359540867805
23.75	31.25	0.3032925532358662
23.75	30.0	0.5710977926450769
23.75	28.75	0.6904980182001756
23.75	27.5	0.721546122137184
23.75	26.25	0.7324552276603665
23.75	25.0	0.7794045058274086
23.75	23.75	0.8627323837086235
23.75	22.5	0.9043326434897555
23.75	21.25	0.9607738124906374
23.75	20.0	0.9849449503604127
23.75	18.75	0.9911160452041489
23.75	17.5	1.0063786372681833
23.75	16.25	1.0125756494651525
23.75	15.0	1.0120168898207553
23.75	13.75	1.0155283374310333
23.75	12.5	1.0114052922085455
23.75	11.25	1.0265954310937795
23.75	10.0	1.0202828850096453
23.75	8.75	1.0083238366390004
23.75	7.5	0.9758797411367531
23.75	6.25	0.9799581283679211
23.75	5.0	0.9982683409558079
23.75	3.75	1.0106851658551264
23.75	2.5	1.0164603448591016
23.75	1.25	1.0087606485811462
23.75	-0.0	1.0029400110548845
23.75	-1.25	1.0057431551965068
23.75	-2.5	1.00669521637237
23.75	-3.75	1.007602858598372
23.75	-5.0	1.0045148885861783
23.75	-6.25	1.0042609546446362
23.75	-7.5	1.0137756515788439
23.75	-8.75	1.0089504027225775
23.75	-10.0	1.0092525964024583
23.75	-11.25	1.0010157636805102
23.75	-12.5	1.0250869539613636
23.75	-13.75	1.029704089134192
23.75	-15.0	1.0289272115000803
23.75	-16.25	1.0272660941756822
23.75	-17.5	1.0295836173732984
23.75	-18.75	1.0478150619797388
23.75	-20.0	1.0574661598196025
23.75	-21.25	1.0398334341082591
23.75	-22.5	1.0410180892940868
23.75	-23.75	1.0293419505011994
23.75	-25.0	1.00415865516204
23.75	-26.25	0.9679413214153865
23.75	-27.5	0.9601861732070288
23.75	-28.75	0.9703176449258492
23.75	-30.0	0.9718429479436846
23.75	-31.25	0.7974091088762275
23.75	-32.5	0.8132060692808925
25.0	-31.25	0.7313029976130448
25.0	-30.0	0.8306425238968607
25.0	-28.75	0.99279751404404
25.0	-27.5	0.994897709966752
25.0	-26.25	0.9706315809176985
25.0	-25.0	0.9976633310368161
25.0	-23.75	1.011240134891855
25.0	-22.5	1.0265973274702476
25.0	-21.25	1.0459284968833829
25.0	-20.0	1.0520141410304573
25.0	-18.75	1.0444185586165542
25.0	-17.5	1.0450264930547255
25.0	-16.25	1.045352637047386
25.0	-15.0	1.045495514928214
25.0	-13.75	1.0306730910818727
25.0	-12.5	1.0176791810357841
25.0	-11.25	1.017196503656435
25.0	-10.0	1.0042564341431672
25.0	-8.75	1.0147154430377252
25.0	-7.5	1.0072633081348203
25.0	-6.25	1.0128059260108444
25.0	-5.0	1.0238380075134743
25.0	-3.75	1.0118215044694459
25.0	-2.5	1.0158790209399906
25.0	-1.25	1.0111310189653728
25.0	0.0	1.0060423174339816
25.0	1.25	1.0036085605874299
25.0	2.5	1.0052536924569735
25.0	3.75	0.9949899490562543
25.0	5.0	1.004788098752287
25.0	6.25	1.0192357142844028
25.0	7.5	1.0049818576172889
25.0	8.75	1.0082138396093365
25.0	10.0	1.033786892015277
25.0	11.25	1.0196940060542579
25.0	12.5	1.01465299782296
25.0	13.75	1.0112987631796717
25.0	15.0	1.0082937347355903
25.0	16.25	1.0151709790013674
25.0	17.5	0.9837369750502932
25.0	18.75	0.972655278182012
25.0	20.0	0.9463486439910711
25.0	21.25	0.9114436793133771
25.0	22.5	0.8649391156607442
25.0	23.75	0.8014448232818212
25.0	25.0	0.7434593088286022
25.0	26.25	0.7335643238755487
25.0	27.5	0.7152658590954569
25.0	28.75	0.6212602592664797
25.0	30.0	0.35206354246817706
25.0	31.25	0.9447091330391365
26.25	30.0	1.0848099072680666
26.25	28.75	0.3883708995285949
26.25	27.5	0.6302660497491367
26.25	26.25	0.7070125436085397
26.25	25.0	0.7414703178201647
26.25	23.75	0.7429683319620614
26.25	22.5	0.8036309219994399
26.25	21.25	0.8615374072386573
26.25	20.0	0.9035681624873741
26.25	18.75	0.9347061194530953
26.25	17.5	0.9553917183696016
26.25	16.25	0.9836643823379082
26.25	15.0	1.0024294285018427
26.25	13.75	1.0155345188855327
26.25	12.5	1.001601112440828
26.25	11.25	1.0189556494939873
26.25	10.0	1.0164892726721522
26.25	8.75	1.0108791926072176
26.25	7.5	1.0171919371004035
26.25	6.25	1.0210537547932248
26.25	5.0	1.0169344739018347
26.25	3.75	1.0087920688433565
26.25	2.5	1.0102790989016122
26.25	1.25	1.0201859756668201
26.25	-0.0	1.023305798359103
26.25	-1.25	1.015143608712414
26.25	-2.5	1.0185405915766912
26.25	-3.75	1.0106448516240398
26.25	-5.0	1.0156002169825593
26.25	-6.25	1.0216535672766636
26.25	-7.5	1.0179440613599742
26.25	-8.75	1.0214496585962554
26.25	-10.0	1.0256097033782887
26.25	-11.25	1.0159482512817675
26.25	-12.5	1.0270160502431858
26.25	-13.75	1.0376129470642452
26.25	-15.0	1.0423770541010762
26.25	-16.25	1.048891764552448
26.25	-17.5	1.0505218479242602
26.25	-18.75	1.0522986148972928
26.25	-20.0	1.0486290724377645
26.25	-21.25	1.0322024009253417
26.25	-22.5	1.0140054450753946
26.25	-23.75	1.0083559273795022
26.25	-25.0	0.9975095686965458
26.25	-26.25	1.0098310327770001
26.25	-27.5	0.9979572202096336
26.25	-28.75	0.9223718737599561
26.25	-30.0	0.65866086806132
27.5	-28.75	0.02683088408950911
27.5	-27.5	0.9576843278178471
27.5	-26.25	1.0106434909779973
27.5	-25.0	1.0197310008371567
27.5	-23.75	1.0137071876954775
27.5	-22.5	1.0220688808248437
27.5	-21.25	1.0292913208703511
27.5	-20.0	1.0388725551954994
27.5	-18.75	1.0556959100657686
27.5	-17.5	1.0486603021062477
27.5	-16.25	1.0454356660535353
27.5	-15.0	1.0462335486183802
27.5	-13.75	1.0474459389970825
27.5	-12.5	1.0341644267754357
27.5	-11.25	1.0312966419092728
27.5	-10.0	1.024502521308437
27.5	-8.75	1.0336860080989048
27.5	-7.5	1.0249061639707464
27.5	-6.25	1.023081356197984
27.5	-5.0	1.0125493664006162
27.5	-3.75	1.0219743401857189
27.5	-2.5	1.0227800411411856
27.5	-1.25	1.0245009272676735
27.5	0.0	1.0095892151333634
27.5	1.25	1.017568274973824
27.5	2.5	1.0244869198688904
27.5	3.75	1.0145403649525058
27.5	5.0	1.0219641846316216
27.5	6.25	1.0126727992231823
27.5	7.5	1.0082907599794955
27.5	8.75	1.0112760639315255
27.5	10.0	1.0124096536826304
27.5	11.25	1.0137448073453437
27.5	12.5	1.0069124695119562
27.5	13.75	0.991068641023686
27.5	15.0	0.9882257967412799
27.5	16.25	0.9472405498912082
27.5	17.5	0.9303874431764189
27.5	18.75	0.8854076854994232
27.5	20.0	0.8475904759088805
27.5	21.25	0.7953565788355041
27.5	22.5	0.7384499062391235
27.5	23.75	0.7410589261927751
27.5	25.0	0.7044882332838869
27.5	26.25	0.6481920634398487
27.5	27.5	0.3685189138541022
27.5	28.75	0.8340105698067695
28.75	27.5	1.0282376162475497
28.75	26.25	0.4426529581318674
28.75	25.0	0.6393505683892865
28.75	23.75	0.6908972842032869
28.75	22.5	0.7343108922096924
28.75	21.25	0.7358614883711841
28.75	20.0	0.7865135116860846
28.75	18.75	0.8221283734601694
28.75	17.5	0.8835401382846867
28.75	16.25	0.9162674234363797
28.75	15.0	0.9322271764851798
28.75	13.75	0.9602914159929344
28.75	12.5	0.9795010410184551
28.75	11.25	0.9882202192977129
28.75	10.0	0.9976481381072901
28.75	8.75	1.0411680607149454
28.75	7.5	1.0012768303714172
28.75	6.25	1.0031941698354157
28.75	5.0	1.0114420702997688
28.75	3.75	1.023240714962189
28.75	2.5	1.012929964522127
28.75	1.25	1.0246271183051794
28.75	-0.0	1.0249764664242258
28.75	-1.25	1.0173522788126383
28.75	-2.5	1.0222942768219785
28.75	-3.75	1.017471324612055
28.75	-5.0	1.0282901912499538
28.75	-6.25	1.0199748467592702
28.75	-7.5	1.0259181138082736
28.75	-8.75	1.034267350549247
28.75	-10.0	1.0304662749531317
28.75	-11.25	1.031843485042173
28.75	-12.5	1.0565945538583088
28.75	-13.75	1.045686717589425
28.75	-15.0	1.0581559589091993
28.75	-16.25	1.051188779515437
28.75	-17.5	1.0428286960676425
28.75	-18.75	1.040948742005782
28.75	-20.0	1.0449410300814896
28.75	-21.25	1.0470118130976147
28.75	-22.5	1.0336773735972238
28.75	-23.75	1.043405489326001
28.75	-25.0	1.029595818941874
28.75	-26.25	0.960422151848873
28.75	-27.5	0.6500302989661126
30.0	-26.25	0.6033144627836318
30.0	-25.0	0.9432676201275981
30.0	-23.75	1.03971050286866
30.0	-22.5	1.0506139100129799
30.0	-21.25	1.0536771745569233
30.0	-20.0	1.039324290287032
30.0	-18.75	1.0540058653157545
30.0	-17.5	1.0434118631441198
30.0	-16.25	1.04386052568227
30.0	-15.0	1.0520616245937078
30.0	-13.75	1.044339551292239
30.0	-12.5	1.0489171604057455
30.0	-11.25	1.0395943947256316
30.0	-10.0	1.0418112816894363
30.0	-8.75	1.0495347407834295
30.0	-7.5	1.0384908972672438
30.0	-6.25	1.0202956226605875
30.0	-5.0	1.0293668819411825
30.0	-3.75	1.0208481298210859
30.0	-2.5	1.0302006927636802
30.0	-1.25	1.0170231596444217
30.0	0.0	1.00676864900055
30.0	1.25	1.016523941734677
30.0	2.5	1.0035823461205802
30.0	3.75	1.0173472321491017
30.0	5.0	1.0052061166380613
30.0	6.25	0.9926858666841849
30.0	7.5	1.0059960008366216
30.0	8.75	0.987251454969615
30.0	10.0	0.9712249391607152
30.0	11.25	0.9721783335574149
30.0	12.5	0.9591853929491745
30.0	13.75	0.9317612847268707
30.0	15.0	0.8920781244740933
30.0	16.25	0.8529331260235885
30.0	17.5	0.8147677967500901
30.0	18.75	0.7615562624860023
30.0	20.0	0.738186633294525
30.0	21.25	0.720477778976068
30.0	22.5	0.7045063153119298
30.0	23.75	0.6181826387474426
30.0	25.0	0.4140474160031202
30.0	26.25	0.8741673655154713
31.25	25.0	0.821184312687092
31.25	23.75	0.35732624102606503
31.25	22.5	0.5565988413162702
31.25	21.25	0.6851552093918855
31.25	20.0	0.7027709246304369
31.25	18.75	0.73664581493189
31.25	17.5	0.75269171491604
31.25	16.25	0.7966775567902968
31.25	15.0	0.8330748293289567
31.25	13.75	0.8713964810603779
31.25	12.5	0.9065369228298427
31.25	11.25	0.9327554684582011
31.25	10.0	0.9975290512350399
31.25	8.75	0.9592555505935934
31.25	7.5	0.9805993999759356
31.25	6.25	0.9726868221136157
31.25	5.0	0.9923508300217074
31.25	3.75	0.9996419662726561
31.25	2.5	1.007927788220786
31.25	1.25	1.0082719963153153
31.25	-0.0	1.0212831928906714
31.25	-1.25	1.0176648302889566
31.25	-2.5	1.024103904372809
31.25	-3.75	1.0127304814390865
31.25	-5.0	1.0283805693042618
31.25	-6.25	1.0336253755811071
31.25	-7.5	1.0406041863808748
31.25	-8.75	1.0290014859318661
31.25	-10.0	1.0380107997234673
31.25	-11.25	1.0489296433857682
31.25	-12.5	1.0518253675134932
31.25	-13.75	1.0610772176063241
31.25	-15.0	1.0625151083858122
31.25	-16.25	1.064716424120255
31.25	-17.5	1.0523938050477675
31.25	-18.75	1.0516246273293541
31.25	-20.0	1.055496916022652
31.25	-21.25	1.061205312345752
31.25	-22.5	1.0321225523798196
31.25	-23.75	0.8604850924111384
31.25	-25.0	0.577812460182705
32.5	-23.75	0.8411125629070109
32.5	-22.5	0.7340294937870127
32.5	-21.25	0.9745328623998815
32.5	-20.0	1.0428724936869325
32.5	-18.75	1.0598474568235554
32.5	-17.5	1.0659174941992517
32.5	-16.25	1.067853922172883
32.5	-15.0	1.0721568495636504
32.5	-13.75	1.063571598669652
32.5	-12.5	1.0504039024475715
32.5	-11.25	1.0553771453963279
32.5	-10.0	1.0379040425175023
32.5	-8.75	1.041995305429819
32.5	-7.5	1.0350220039919682
32.5	-6.25	1.0322522345080722
32.5	-5.0	1.0084192567789796
32.5	-3.75	1.0101591007641548
32.5	-2.5	1.0028687162109837
32.5	-1.25	1.0078229532549292
32.5	0.0	1.0121383298129347
32.5	1.25	1.004767229558821
32.5	2.5	0.9865235089632574
32.5	3.75	0.9960267868314938
32.5	5.0	0.9670097614172452
32.5	6.25	0.961887749808814
32.5	7.5	0.9435161758954599
32.5	8.75	0.9273051253253808
32.5	10.0	0.8967479269811008
32.5	11.25	0.8657601543653745
32.5	12.5	0.8242402496806637
32.5	13.75	0.8012892098353639
32.5	15.0	0.77008542417153
32.5	16.25	0.7480901232693179
32.5	17.5	0.7192122438611328
32.5	18.75	0.7064932340742982
32.5	20.0	0.6397632792593595
32.5	21.25	0.45644193889233303
32.5	22.5	0.45582188115479155
32.5	23.75	0.7613227141789325
33.75	21.25	0.8186170913214663
33.75	20.0	0.42655697384395813
33.75	18.75	0.5552210033253646
33.75	17.5	0.6752437627521558
33.75	16.25	0.6992746148752895
33.75	15.0	0.6936774183027418
33.75	13.75	0.7353762986176259
33.75	12.5	0.7685748486952615
33.75	11.25	0.7900611108542013
33.75	10.0	0.8368579559619664
33.75	8.75	0.8610509555312273
33.75	7.5	0.8870233089541947
33.75	6.25	0.9152827709107885
33.75	5.0	0.9702342584565788
33.75	3.75	0.9589627756563385
33.75	2.5	0.9665040915639243
33.75	1.25	0.972510660167989
33.75	-0.0	0.9963174631937044
33.75	-1.25	1.002658668637777
33.75	-2.5	0.9930501585556323
33.75	-3.75	1.008322179396084
33.75	-5.0	1.0193619704882817
33.75	-6.25	1.0334916645588144
33.75	-7.5	1.0394059633638824
33.75	-8.75	1.0373648753587195
33.75	-10.0	1.0491210366141883
33.75	-11.25	1.0445053371351765
33.75	-12.5	1.0638167220403258
33.75	-13.75	1.0595772398263235
33.75	-15.0	1.0581408023907746
33.75	-16.25	1.0581265915235203
33.75	-17.5	1.030024969433921
33.75	-18.75	0.9876633805441455
33.75	-20.0	0.8097944340019175
33.75	-21.25	0.3848072740195583
35.0	-20.0	0.9117472107129144
35.0	-18.75	0.5656529464588703
35.0	-17.5	0.810058602207741
35.0	-16.25	0.9427875439915342
35.0	-15.0	0.9799980719129078
35.0	-13.75	1.0014952133259547
35.0	-12.5	1.0243021847364735
35.0	-11.25	1.0241071744281078
35.0	-10.0	1.0203536124101154
35.0	-8.75	1.0255508346871325
35.0	-7.5	1.0226138227172616
35.0	-6.25	1.0067564189715557
35.0	-5.0	1.012331885748905
35.0	-3.75	0.988614649506741
35.0	-2.5	0.9830812501002565
35.0	-1.25	0.9752602243345729
35.0	0.0	0.9635286961400594
35.0	1.25	0.9376022233003193
35.0	2.5	0.9184133622085812
35.0	3.75	0.8861685723385423
35.0	5.0	0.8758832390810223
35.0	6.25	0.8516905908367385
35.0	7.5	0.8226778061363037
35.0	8.75	0.7838442293100396
35.0	10.0	0.7556619940149448
35.0	11.25	0.7315134553976294
35.0	12.5	0.7137839856495303
35.0	13.75	0.7203633079441053
35.0	15.0	0.6946958936798981
35.0	16.25	0.5767972723149816
35.0	17.5	0.45822334662403136
35.0	18.75	0.6113927308258559
35.0	20.0	0.9902152458103386
36.25	17.5	0.7736772514496233
36.25	16.25	0.4615181832404563
36.25	15.0	0.456933010052649
36.25	13.75	0.5871601198233893
36.25	12.5	0.679655038237163
36.25	11.25	0.7116203921760417
36.25	10.0	0.7162770046591521
36.25	8.75	0.7035773047578682
36.25	7.5	0.7259186420381885
36.25	6.25	0.7708540001347455
36.25	5.0	0.7813711391069392
36.25	3.75	0.8104183363715309
36.25	2.5	0.8353683822562993
36.25	1.25	0.8632682622875046
36.25	-0.0	0.8760575937096389
36.25	-1.25	0.9075028776374624
36.25	-2.5	0.9272774856164911
36.25	-3.75	0.9123997768930164
36.25	-5.0	0.9499862999139398
36.25	-6.25	0.9589112911973214
36.25	-7.5	0.9505007967006692
36.25	-8.75	0.9374943639672022
36.25	-10.0	0.8968580204455934
36.25	-11.25	0.8948707491703899
36.25	-12.5	0.8875070763001436
36.25	-13.75	0.8423783149660468
36.25	-15.0	0.7273279414033442
36.25	-16.25	0.5306811298503616
36.25	-17.5	0.6105393385750812
37.5	-15.0	0.8645380074227226
37.5	-13.75	0.49918327258992556
37.5	-12.5	0.6115173383628127
37.5	-11.25	0.7091632126299321
37.5	-10.0	0.772582264774368
37.5	-8.75	0.7950842655093812
37.5	-7.5	0.8219447685251622
37.5	-6.25	0.8109135623917458
37.5	-5.0	0.7974458456397739
37.5	-3.75	0.78970140709807
37.5	-2.5	0.7842468611794723
37.5	-1.25	0.7823025264140169
37.5	0.0	0.7605624374131742
37.5	1.25	0.7679190128237537
37.5	2.5	0.7470659631446384
37.5	3.75	0.7468990368356805
37.5	5.0	0.7519123906261651
37.5	6.25	0.7331910228349887
37.5	7.5	0.7358310822228427
37.5	8.75	0.7018695930081799
37.5	10.0	0.6369700131221854
37.5	11.25	0.5490972057328174
37.5	12.5	0.5513621722920947
37.5	13.75	0.7778676063534664
37.5	15.0	0.971738233329995
38.75	11.25	0.8806070737238919
38.75	10.0	0.798102647630052
38.75	8.75	0.648278990939169
38.75	7.5	0.6131918537011806
38.75	6.25	0.6477888811736835
38.75	5.0	0.6816560166707232
38.75	3.75	0.7045533345469321
38.75	2.5	0.7210737956050965
38.75	1.25	0.732171964514911
38.75	-0.0	0.7361324910668292
38.75	-1.25	0.7365464467763845
38.75	-2.5	0.7305124144392346
38.75	-3.75	0.7272804146638367
38.75	-5.0	0.7093837540369021
38.75	-6.25	0.6794157664644528
38.75	-7.5	0.6512933024026271
38.75	-8.75	0.622964919835802
38.75	-10.0	0.5070375437359366
38.75	-11.25	0.780860478756613
40.0	-6.25	34.81023851321912
40.0	-5.0	0.792628729209524
40.0	-3.75	0.8430964399924882
40.0	-2.5	0.7993087640772157
40.0	-1.25	0.7648283541945767
40.0	0.0	0.8578491732200989
40.0	1.25	0.7581472779327684
40.0	2.5	0.8342574170681686
40.0	3.75	0.8082058069660442
40.0	5.0	0.855964678152095
40.0	6.25	0.8435044915135965
