-40.0	6.25	0.7995796783750753
-40.0	5.0	0.839574706459348
-40.0	3.75	0.7492217686362186
-40.0	2.5	0.7201516218608534
-40.0	1.25	0.688714434791179
-40.0	-0.0	0.7172602377444753
-40.0	-1.25	0.6592443819339752
-40.0	-2.5	0.6629193884708254
-40.0	-3.75	0.6358421796725725
-40.0	-5.0	0.6989861714925977
-40.0	-6.25	0.7849768772929151
-38.75	-11.25	0.4415691415710932
-38.75	-10.0	0.5143427608116684
-38.75	-8.75	0.5499300562435809
-38.75	-7.5	0.5895656916933332
-38.75	-6.25	0.6253360762315162
-38.75	-5.0	0.6622966255661911
-38.75	-3.75	0.6818680795386723
-38.75	-2.5	0.6981829516391893
-38.75	-1.25	0.6923429080093991
-38.75	0.0	0.7069568179888325
-38.75	1.25	0.7036263810602444
-38.75	2.5	0.7045891433512522
-38.75	3.75	0.7019316279698581
-38.75	5.0	0.6781949768287144
-38.75	6.25	0.667357947575374
-38.75	7.5	0.6398572738582552
-38.75	8.75	0.648163121657281
-38.75	10.0	0.6581120483823034
-38.75	11.25	0.8651804289863
-37.5	15.0	0.9071096112203155
-37.5	13.75	0.5533779602687826
-37.5	12.5	0.5104874718975875
-37.5	11.25	0.5860835777651383
-37.5	10.0	0.6549442585399068
-37.5	8.75	0.6852932528864575
-37.5	7.5	0.6982784901393756
-37.5	6.25	0.7071442776729746
-37.5	5.0	0.7165114792964825
-37.5	3.75	0.7003886773587266
-37.5	2.5	0.7257132801109776
-37.5	1.25	0.7288799235955032
-37.5	-0.0	0.7333060679654778
-37.5	-1.25	0.7497019434835984
-37.5	-2.5	0.7561974202987014
-37.5	-3.75	0.7648766724300723
-37.5	-5.0	0.7626401427208042
-37.5	-6.25	0.765517018841448
-37.5	-7.5	0.7609797306205972
-37.5	-8.75	0.738258461170133
-37.5	-10.0	0.6727856152081751
-37.5	-11.25	0.598826914807841
-37.5	-12.5	0.44186556685555206
-37.5	-13.75	0.4155852586158738
-37.5	-15.0	1.18362763530798
-36.25	-17.5	0.5343356206571268
-36.25	-16.25	0.3389373153077585
-36.25	-15.0	0.6003009715910738
-36.25	-13.75	0.7809134172253499
-36.25	-12.5	0.8510167024135854
-36.25	-11.25	0.9012842983125027
-36.25	-10.0	0.9267895200026143
-36.25	-8.75	0.952956706228789
-36.25	-7.5	0.9620277978615779
-36.25	-6.25	0.9797384747322825
-36.25	-5.0	0.9695455284903419
-36.25	-3.75	0.9624228073843634
-36.25	-2.5	0.9308414606482407
-36.25	-1.25	0.9210502674177231
-36.25	0.0	0.88640768681813
-36.25	1.25	0.8665776007652588
-36.25	2.5	0.8495989685144679
-36.25	3.75	0.8206272033560396
-36.25	5.0	0.792391966383559
-36.25	6.25	0.7543216668552332
-36.25	7.5	0.7184789483666139
-36.25	8.75	0.6958662139849983
-36.25	10.0	0.6887119652948365
-36.25	11.25	0.691462970540099
-36.25	12.5	0.6698197383609388
-36.25	13.75	0.5855528780731114
-36.25	15.0	0.4835913256346672
-36.25	16.25	0.37003241426725325
-36.25	17.5	0.9597124276441215
-35.0	20.0	0.8740963372664413
-35.0	18.75	0.5798691286739807
-35.0	17.5	0.44901661352854216
-35.0	16.25	0.5822727058858135
-35.0	15.0	0.6537304858018855
-35.0	13.75	0.6782737452264586
-35.0	12.5	0.6390010353916625
-35.0	11.25	0.7094517798627368
-35.0	10.0	0.7339504067346407
-35.0	8.75	0.763067530916433
-35.0	7.5	0.8378733448899375
-35.0	6.25	0.8710970297162803
-35.0	5.0	0.930573988312426
-35.0	3.75	0.9274184197728195
-35.0	2.5	0.9769052833267147
-35.0	1.25	0.9928485599953277
-35.0	-0.0	1.011275554252459
-35.0	-1.25	1.021069658232252
-35.0	-2.5	1.0195419711545506
-35.0	-3.75	1.0417352598430487
-35.0	-5.0	1.0511188248819279
-35.0	-6.25	1.0448937783208505
-35.0	-7.5	1.049958669872824
-35.0	-8.75	1.0655608830157992
-35.0	-10.0	1.0455650538691634
-35.0	-11.25	1.0536533067783835
-35.0	-12.5	1.048437166854044
-35.0	-13.75	1.0296354708926077
-35.0	-15.0	0.9896946405304252
-35.0	-16.25	0.9149334012586298
-35.0	-17.5	0.7442875029120395
-35.0	-18.75	0.5503913545833141
-35.0	-20.0	0.887551927939608
-33.75	-21.25	0.4109043948676631
-33.75	-20.0	0.7910879711807439
-33.75	-18.75	0.9759024161744836
-33.75	-17.5	1.0402409251259472
-33.75	-16.25	1.0838590809556228
-33.75	-15.0	1.08023683295233
-33.75	-13.75	1.0729260652488697
-33.75	-12.5	1.086722308722202
-33.75	-11.25	1.0768681451152113
-33.75	-10.0	1.0660101056623736
-33.75	-8.75	1.0684313692829785
-33.75	-7.5	1.0667536500375514
-33.75	-6.25	1.068538589152815
-33.75	-5.0	1.0361205121577277
-33.75	-3.75	1.043338704398475
-33.75	-2.5	1.040625282710704
-33.75	-1.25	1.0365085361591975
-33.75	0.0	1.0382278255219282
-33.75	1.25	1.0255313354309679
-33.75	2.5	1.0198924129169393
-33.75	3.75	1.00408411730934
-33.75	5.0	0.9804860445108847
-33.75	6.25	0.9691914248694984
-33.75	7.5	0.9476404190557741
-33.75	8.75	0.901633811310716
-33.75	10.0	0.8784865064733353
-33.75	11.25	0.8176578247754005
-33.75	12.5	0.7596470174324619
-33.75	13.75	0.7207754200563365
-33.75	15.0	0.6991775023941469
-33.75	16.25	0.6563556187827299
-33.75	17.5	0.6522063135444454
-33.75	18.75	0.5947259528941703
-33.75	20.0	0.4159665765658268
-33.75	21.25	0.8074763033131622
-32.5	23.75	1.0023835909604242
-32.5	22.5	0.3827113165608464
-32.5	21.25	0.4807149556251984
-32.5	20.0	0.6335673276272021
-32.5	18.75	0.6467569666453901
-32.5	17.5	0.6846170648690191
-32.5	16.25	0.7131070179429044
-32.5	15.0	0.7560034800364448
-32.5	13.75	0.8048606224719991
-32.5	12.5	0.8695406370043324
-32.5	11.25	0.9275658185319614
-32.5	10.0	0.953515323595654
-32.5	8.75	0.9814241252953627
-32.5	7.5	0.9946031904486926
-32.5	6.25	1.0069493863145975
-32.5	5.0	1.0221046414580313
-32.5	3.75	1.0237784305862285
-32.5	2.5	1.0364203472601032
-32.5	1.25	1.0535801443055235
-32.5	-0.0	1.0519244744215563
-32.5	-1.25	1.0712830552082595
-32.5	-2.5	1.061913821855348
-32.5	-3.75	1.0603866814938043
-32.5	-5.0	1.0717833904644205
-32.5	-6.25	1.0673781030626792
-32.5	-7.5	1.0692024303285335
-32.5	-8.75	1.0520632091972353
-32.5	-10.0	1.0500623078161213
-32.5	-11.25	1.0596260508160453
-32.5	-12.5	1.0747261997691653
-32.5	-13.75	1.074582538424398
-32.5	-15.0	1.0868020334042725
-32.5	-16.25	1.073758324020152
-32.5	-17.5	1.0804872005823898
-32.5	-18.75	1.0658195957391912
-32.5	-20.0	1.0611438211261255
-32.5	-21.25	0.9617877326976388
-32.5	-22.5	0.7296103260622534
-32.5	-23.75	0.6668310118914249
-31.25	-25.0	0.9520512621544687
-31.25	-23.75	0.7907652305903057
-31.25	-22.5	0.9998295147113463
-31.25	-21.25	1.032921546638855
-31.25	-20.0	1.050395261854195
-31.25	-18.75	1.0885090290572095
-31.25	-17.5	1.088279576866811
-31.25	-16.25	1.0742858100403994
-31.25	-15.0	1.0831862966310275
-31.25	-13.75	1.0490003582822336
-31.25	-12.5	1.0458635956677884
-31.25	-11.25	1.0735542863768686
-31.25	-10.0	1.0720718609709177
-31.25	-8.75	1.0637184704569291
-31.25	-7.5	1.0621467639689957
-31.25	-6.25	1.0477281132159777
-31.25	-5.0	1.0479815195962072
-31.25	-3.75	1.039857552804162
-31.25	-2.5	1.0507481997129946
-31.25	-1.25	1.0550154846867053
-31.25	0.0	1.034729838146945
-31.25	1.25	1.04009268447514
-31.25	2.5	1.0399385157924115
-31.25	3.75	1.0393204786990526
-31.25	5.0	1.0320223180230244
-31.25	6.25	1.0286849317137392
-31.25	7.5	1.0176167581978282
-31.25	8.75	1.0098537133352388
-31.25	10.0	0.9965598135507155
-31.25	11.25	0.9807251460279336
-31.25	12.5	0.9361390415984405
-31.25	13.75	0.9068001079591781
-31.25	15.0	0.8553209453993793
-31.25	16.25	0.792856420625514
-31.25	17.5	0.7305993153840569
-31.25	18.75	0.7006924812561608
-31.25	20.0	0.689182134420294
-31.25	21.25	0.6609830306156744
-31.25	22.5	0.5690159615656666
-31.25	23.75	0.4129841661438304
-31.25	25.0	0.8452199388036434
-30.0	26.25	0.9308908715438236
-30.0	25.0	0.471775550637114
-30.0	23.75	0.6110918286354466
-30.0	22.5	0.6795467119782534
-30.0	21.25	0.7143876197637972
-30.0	20.0	0.7015301440200216
-30.0	18.75	0.7854616636985189
-30.0	17.5	0.8515658601492366
-30.0	16.25	0.9206774387492725
-30.0	15.0	0.9459384248077716
-30.0	13.75	0.9742122950769527
-30.0	12.5	1.0114231624831624
-30.0	11.25	1.0101903349267882
-30.0	10.0	1.0255175693060132
-30.0	8.75	1.0403143088857876
-30.0	7.5	1.0298953321754978
-30.0	6.25	1.043819405020915
-30.0	5.0	1.0539570245902954
-30.0	3.75	1.067638334233154
-30.0	2.5	1.0575168104667192
-30.0	1.25	1.0625244463666499
-30.0	-0.0	1.0644683926376408
-30.0	-1.25	1.058417272381222
-30.0	-2.5	1.0700695743569097
-30.0	-3.75	1.0642982255337983
-30.0	-5.0	1.076181775832005
-30.0	-6.25	1.055543085588722
-30.0	-7.5	1.0707331170495316
-30.0	-8.75	1.0629957671647412
-30.0	-10.0	1.0544027616831928
-30.0	-11.25	1.051105050965044
-30.0	-12.5	1.0507658031783602
-30.0	-13.75	1.0500007290879492
-30.0	-15.0	1.0585052634542802
-30.0	-16.25	1.0593943634262983
-30.0	-17.5	1.050113461035421
-30.0	-18.75	1.070906494249702
-30.0	-20.0	1.0693776248195697
-30.0	-21.25	1.0583645103436468
-30.0	-22.5	1.040355154468745
-30.0	-23.75	1.026627024352053
-30.0	-25.0	0.8401671192390563
-30.0	-26.25	0.6077524603897438
-28.75	-27.5	0.7709744252292858
-28.75	-26.25	0.9015256517940503
-28.75	-25.0	1.0330824591365473
-28.75	-23.75	1.0416159703350538
-28.75	-22.5	1.037663156419857
-28.75	-21.25	1.0545464232154458
-28.75	-20.0	1.0597864172512999
-28.75	-18.75	1.0507948074875881
-28.75	-17.5	1.0433830259658468
-28.75	-16.25	1.0493675692407607
-28.75	-15.0	1.0701242106590434
-28.75	-13.75	1.0609096743641175
-28.75	-12.5	1.0565293975050907
-28.75	-11.25	1.0696474846302615
-28.75	-10.0	1.0618945816738887
-28.75	-8.75	1.0796083403366759
-28.75	-7.5	1.0791867844808267
-28.75	-6.25	1.0713392803344968
-28.75	-5.0	1.0924891333814502
-28.75	-3.75	1.0867970646467155
-28.75	-2.5	1.0795190581424146
-28.75	-1.25	1.0727625833819416
-28.75	0.0	1.0743561700079898
-28.75	1.25	1.0830390693652323
-28.75	2.5	1.077339588452788
-28.75	3.75	1.0588502863813558
-28.75	5.0	1.0662054729088648
-28.75	6.25	1.0544792576954805
-28.75	7.5	1.0490538012781534
-28.75	8.75	1.0469799654647627
-28.75	10.0	1.0519121304294732
-28.75	11.25	1.032350495746126
-28.75	12.5	1.0136493009312035
-28.75	13.75	1.0172389483229198
-28.75	15.0	0.9931594493915247
-28.75	16.25	0.9556403614345315
-28.75	17.5	0.9252170660382899
-28.75	18.75	0.8915299602974734
-28.75	20.0	0.796900688778162
-28.75	21.25	0.7022159175471329
-28.75	22.5	0.7151596643860485
-28.75	23.75	0.6976734545802172
-28.75	25.0	0.6249671057842452
-28.75	26.25	0.5034431955453628
-28.75	27.5	0.8194316674319071
-27.5	28.75	0.8299634576190432
-27.5	27.5	0.47279105920240255
-27.5	26.25	0.6238191536072414
-27.5	25.0	0.6770004141965006
-27.5	23.75	0.6971459097684802
-27.5	22.5	0.7328118698449518
-27.5	21.25	0.8236079263083802
-27.5	20.0	0.9014356191988148
-27.5	18.75	0.9331431719797076
-27.5	17.5	0.9799771773730259
-27.5	16.25	1.0076725265349409
-27.5	15.0	1.0225276947626436
-27.5	13.75	1.0456159657225375
-27.5	12.5	1.0590708166792444
-27.5	11.25	1.0539312281330502
-27.5	10.0	1.064675294684048
-27.5	8.75	1.0592293365638126
-27.5	7.5	1.0459461695560266
-27.5	6.25	1.0807105205967102
-27.5	5.0	1.083226565449424
-27.5	3.75	1.0758279776170419
-27.5	2.5	1.0539795959013147
-27.5	1.25	1.0699554458798892
-27.5	-0.0	1.0830954287644134
-27.5	-1.25	1.0646541527251818
-27.5	-2.5	1.0900522888889956
-27.5	-3.75	1.0832679776765766
-27.5	-5.0	1.0856534712615447
-27.5	-6.25	1.0789958568634854
-27.5	-7.5	1.0815309891358584
-27.5	-8.75	1.0734518594597229
-27.5	-10.0	1.0840073146149687
-27.5	-11.25	1.096360706125614
-27.5	-12.5	1.0811201386027427
-27.5	-13.75	1.0796347899773184
-27.5	-15.0	1.0633855432488077
-27.5	-16.25	1.0606915068496325
-27.5	-17.5	1.0446145289290143
-27.5	-18.75	1.0334503641268187
-27.5	-20.0	1.0298150615941153
-27.5	-21.25	1.0498725999187788
-27.5	-22.5	1.0474883533488304
-27.5	-23.75	1.0361072071333555
-27.5	-25.0	1.0211896717768152
-27.5	-26.25	1.0054484672626922
-27.5	-27.5	0.8737131780219826
-27.5	-28.75	0.6586792898467108
-26.25	-30.0	0.8519164782845665
-26.25	-28.75	0.792594390309005
-26.25	-27.5	0.9874376627062851
-26.25	-26.25	0.9570751239371323
-26.25	-25.0	1.0144284829547687
-26.25	-23.75	1.031475600601275
-26.25	-22.5	1.0399132466308298
-26.25	-21.25	1.036231957419248
-26.25	-20.0	1.0398100432908566
-26.25	-18.75	1.0348075027163937
-26.25	-17.5	1.0596303226412445
-26.25	-16.25	1.072261619405312
-26.25	-15.0	1.0825878772445425
-26.25	-13.75	1.1019300419174372
-26.25	-12.5	1.0840633853870871
-26.25	-11.25	1.089594066163103
-26.25	-10.0	1.0932858656242377
-26.25	-8.75	1.094334133134332
-26.25	-7.5	1.0735097912900602
-26.25	-6.25	1.0808056778716428
-26.25	-5.0	1.0886384622886371
-26.25	-3.75	1.0857248193069389
-26.25	-2.5	1.0892595316010283
-26.25	-1.25	1.0816917159168626
-26.25	0.0	1.0755271133535063
-26.25	1.25	1.0739160986847502
-26.25	2.5	1.0697219781870293
-26.25	3.75	1.0611763748678849
-26.25	5.0	1.0662489519928084
-26.25	6.25	1.0706359562257592
-26.25	7.5	1.0522750209558749
-26.25	8.75	1.059702793289483
-26.25	10.0	1.0703002116286093
-26.25	11.25	1.0759497010769299
-26.25	12.5	1.0586306455555894
-26.25	13.75	1.0572047376578038
-26.25	15.0	1.045761907429133
-26.25	16.25	1.0317234800022976
-26.25	17.5	1.016276589298712
-26.25	18.75	1.0009733187310657
-26.25	20.0	0.9571933054505174
-26.25	21.25	0.9033098947201348
-26.25	22.5	0.8373793419287114
-26.25	23.75	0.737655932325137
-26.25	25.0	0.7321029680518768
-26.25	26.25	0.6955172356120346
-26.25	27.5	0.6363939772261179
-26.25	28.75	0.4785430047250261
-26.25	30.0	0.9399472848714824
-25.0	31.25	0.9761557044150383
-25.0	30.0	0.3898221586841124
-25.0	28.75	0.6323464100552126
-25.0	27.5	0.7039966603218728
-25.0	26.25	0.7282972468011654
-25.0	25.0	0.7584314195456217
-25.0	23.75	0.8398924123699271
-25.0	22.5	0.9151738296986792
-25.0	21.25	0.9467398449972833
-25.0	20.0	0.9942293226122347
-25.0	18.75	1.0246774031315415
-25.0	17.5	1.050738985740205
-25.0	16.25	1.069842163004888
-25.0	15.0	1.0787086000961206
-25.0	13.75	1.0700738454655734
-25.0	12.5	1.087842840268157
-25.0	11.25	1.0803372431284002
-25.0	10.0	1.0755047750859419
-25.0	8.75	1.0712297821564882
-25.0	7.5	1.0636517568417099
-25.0	6.25	1.057714854314937
-25.0	5.0	1.0660971807512147
-25.0	3.75	1.0776819411932155
-25.0	2.5	1.0792115640825028
-25.0	1.25	1.09256273263145
-25.0	-0.0	1.0727930446340412
-25.0	-1.25	1.0903899858908426
-25.0	-2.5	1.084164850474867
-25.0	-3.75	1.073743582168861
-25.0	-5.0	1.0834407318934098
-25.0	-6.25	1.070609421140366
-25.0	-7.5	1.0791880253373698
-25.0	-8.75	1.0743427885209893
-25.0	-10.0	1.083808173167908
-25.0	-11.25	1.0686693677092705
-25.0	-12.5	1.1034045945885025
-25.0	-13.75	1.0975738361877763
-25.0	-15.0	1.0969499025021472
-25.0	-16.25	1.0916489517969064
-25.0	-17.5	1.0862461512373451
-25.0	-18.75	1.0745588637503163
-25.0	-20.0	1.0669575196751142
-25.0	-21.25	1.0490341787291482
-25.0	-22.5	1.0394137551354607
-25.0	-23.75	1.0394164180982801
-25.0	-25.0	1.0335885665639972
-25.0	-26.25	0.981180212850464
-25.0	-27.5	0.9720095018342121
-25.0	-28.75	0.950390335509231
-25.0	-30.0	0.7638825096955686
-25.0	-31.25	1.0018896540339852
-23.75	-32.5	0.8669774122156088
-23.75	-31.25	0.6923407277559658
-23.75	-30.0	0.916246630064591
-23.75	-28.75	0.9503503638635025
-23.75	-27.5	0.9526276865517745
-23.75	-26.25	1.013440841925573
-23.75	-25.0	1.0231982834373603
-23.75	-23.75	1.0270326026721484
-23.75	-22.5	1.031736277337626
-23.75	-21.25	1.048353801158056
-23.75	-20.0	1.0885509280844419
-23.75	-18.75	1.0971544643664128
-23.75	-17.5	1.1026084251714503
-23.75	-16.25	1.099693502636841
-23.75	-15.0	1.0931024936125207
-23.75	-13.75	1.0962198546096764
-23.75	-12.5	1.081828102969999
-23.75	-11.25	1.0779705484528899
-23.75	-10.0	1.099595063807375
-23.75	-8.75	1.0843040824167
-23.75	-7.5	1.084110772108416
-23.75	-6.25	1.0869346212537838
-23.75	-5.0	1.0826591957924447
-23.75	-3.75	1.079639901753359
-23.75	-2.5	1.0807975708018758
-23.75	-1.25	1.0791878543528586
-23.75	0.0	1.0860901692915474
-23.75	1.25	1.082474129973909
-23.75	2.5	1.0936758650987386
-23.75	3.75	1.085676176843995
-23.75	5.0	1.0815413596851675
-23.75	6.25	1.079796957381799
-23.75	7.5	1.065300649314114
-23.75	8.75	1.0588652359215842
-23.75	10.0	1.0670679823251776
-23.75	11.25	1.0939396255770735
-23.75	12.5	1.0773211214165934
-23.75	13.75	1.0818869681672236
-23.75	15.0	1.0721084019055815
-23.75	16.25	1.0783741699263272
-23.75	17.5	1.0556272800830413
-23.75	18.75	1.0692452375635295
-23.75	20.0	1.047768242796155
-23.75	21.25	1.0083902670597593
-23.75	22.5	0.959047142099491
-23.75	23.75	0.8979769619013034
-23.75	25.0	0.8399560298124082
-23.75	26.25	0.7337490050940789
-23.75	27.5	0.6988680168585971
-23.75	28.75	0.6647925206359946
-23.75	30.0	0.5898454193893096
-23.75	31.25	0.4509262598837541
-23.75	32.5	1.0504468373126135
-22.5	32.5	0.787502900433876
-22.5	31.25	0.5805210868676818
-22.5	30.0	0.6479648681905036
-22.5	28.75	0.7107783455308877
-22.5	27.5	0.7241643705694543
-22.5	26.25	0.8416039622396214
-22.5	25.0	0.910840333245436
-22.5	23.75	0.9556459277321939
-22.5	22.5	1.0229820836135541
-22.5	21.25	1.0366582935702517
-22.5	20.0	1.0535153558298154
-22.5	18.75	1.0633002037741204
-22.5	17.5	1.0862488433130777
-22.5	16.25	1.0758110513892827
-22.5	15.0	1.0863391113985268
-22.5	13.75	1.0875247007016347
-22.5	12.5	1.0718741364878823
-22.5	11.25	1.069685277058576
-22.5	10.0	1.075040007621135
-22.5	8.75	1.090969197744571
-22.5	7.5	1.0771494232734358
-22.5	6.25	1.0826912090089125
-22.5	5.0	1.0824904643311501
-22.5	3.75	1.0847756583779684
-22.5	2.5	1.0824464798440925
-22.5	1.25	1.0807243656238084
-22.5	-0.0	1.084557501327248
-22.5	-1.25	1.078989397312638
-22.5	-2.5	1.0850967792301864
-22.5	-3.75	1.085567907343403
-22.5	-5.0	1.0830117344251937
-22.5	-6.25	1.087122107721866
-22.5	-7.5	1.081820781046734
-22.5	-8.75	1.0815782405506489
-22.5	-10.0	1.0951534971308678
-22.5	-11.25	1.0853099182078847
-22.5	-12.5	1.0865914224410833
-22.5	-13.75	1.0708685577311743
-22.5	-15.0	1.0880922475906258
-22.5	-16.25	1.0915832102695433
-22.5	-17.5	1.107358290113121
-22.5	-18.75	1.1046639872548207
-22.5	-20.0	1.1096789499611788
-22.5	-21.25	1.099396121953743
-22.5	-22.5	1.0639341078262943
-22.5	-23.75	1.0634944769023227
-22.5	-25.0	1.0414134332541591
-22.5	-26.25	1.0214977939152712
-22.5	-27.5	0.9860698734709475
-22.5	-28.75	0.9115261968374513
-22.5	-30.0	0.9445478879050906
-22.5	-31.25	0.8383393393454264
-22.5	-32.5	0.840717646278693
-21.25	-33.75	0.8862391387744675
-21.25	-32.5	0.7241730364787212
-21.25	-31.25	0.91473825004439
-21.25	-30.0	0.898964985365009
-21.25	-28.75	0.9370425925135772
-21.25	-27.5	0.9953163186739862
-21.25	-26.25	1.0244067183590209
-21.25	-25.0	1.0533927552507667
-21.25	-23.75	1.0711780865165181
-21.25	-22.5	1.1103599083652889
-21.25	-21.25	1.1076114840349034
-21.25	-20.0	1.0862537926947702
-21.25	-18.75	1.096292646288463
-21.25	-17.5	1.0802729111968594
-21.25	-16.25	1.075882665009953
-21.25	-15.0	1.0759870969744942
-21.25	-13.75	1.0883916831011757
-21.25	-12.5	1.0770246040668001
-21.25	-11.25	1.0771533441045422
-21.25	-10.0	1.0845214999662232
-21.25	-8.75	1.065791948592787
-21.25	-7.5	1.083073012268455
-21.25	-6.25	1.067833745314801
-21.25	-5.0	1.0798924584142375
-21.25	-3.75	1.06845101624286
-21.25	-2.5	1.082701616652704
-21.25	-1.25	1.081901786171979
-21.25	0.0	1.0881338059823011
-21.25	1.25	1.0882754556414542
-21.25	2.5	1.081620339344539
-21.25	3.75	1.079666103739794
-21.25	5.0	1.0923061833749097
-21.25	6.25	1.0699687168921557
-21.25	7.5	1.0878828653787855
-21.25	8.75	1.0867516706654485
-21.25	10.0	1.0697592993318534
-21.25	11.25	1.0847995927932175
-21.25	12.5	1.1004318633834098
-21.25	13.75	1.0873680159747556
-21.25	15.0	1.0921326159707663
-21.25	16.25	1.0964975807182822
-21.25	17.5	1.0854317317057953
-21.25	18.75	1.0865777346033847
-21.25	20.0	1.0911994780811316
-21.25	21.25	1.0561882751905833
-21.25	22.5	1.0476541959120473
-21.25	23.75	1.0229899394212958
-21.25	25.0	0.9462561140155256
-21.25	26.25	0.9037327568335084
-21.25	27.5	0.7918904804642961
-21.25	28.75	0.7018042188223237
-21.25	30.0	0.7257566616141843
-21.25	31.25	0.6676855566859803
-21.25	32.5	0.47458820445776034
-21.25	33.75	0.9554761250730915
-20.0	35.0	0.8387246095546727
-20.0	33.75	0.4518829601489704
-20.0	32.5	0.6220585018919151
-20.0	31.25	0.7157797095422632
-20.0	30.0	0.720851693033359
-20.0	28.75	0.7610327680735166
-20.0	27.5	0.8709432997883441
-20.0	26.25	0.9169342293735152
-20.0	25.0	1.0067622467933786
-20.0	23.75	1.037538800252741
-20.0	22.5	1.0704503128726859
-20.0	21.25	1.061257744772917
-20.0	20.0	1.0816561042118105
-20.0	18.75	1.0730525225909655
-20.0	17.5	1.0818046555104983
-20.0	16.25	1.0959254974331991
-20.0	15.0	1.0801734376092156
-20.0	13.75	1.0928007925670817
-20.0	12.5	1.0919271146481468
-20.0	11.25	1.1005580536862365
-20.0	10.0	1.078306111336185
-20.0	8.75	1.0720346588833713
-20.0	7.5	1.0702146394345222
-20.0	6.25	1.0722954841992955
-20.0	5.0	1.0818742522532858
-20.0	3.75	1.0800473839083222
-20.0	2.5	1.0681555760234764
-20.0	1.25	1.083680567224894
-20.0	-0.0	1.0732025705981125
-20.0	-1.25	1.0742886317356133
-20.0	-2.5	1.0750896294965002
-20.0	-3.75	1.076966109862789
-20.0	-5.0	1.0786307840694087
-20.0	-6.25	1.0697721730469236
-20.0	-7.5	1.0787799513966518
-20.0	-8.75	1.0773879799889161
-20.0	-10.0	1.0704124449167303
-20.0	-11.25	1.0785203835157182
-20.0	-12.5	1.0896578070436174
-20.0	-13.75	1.0723275328554922
-20.0	-15.0	1.0684801147911422
-20.0	-16.25	1.0808016254948447
-20.0	-17.5	1.0621564234828174
-20.0	-18.75	1.104915316593362
-20.0	-20.0	1.0866944287049216
-20.0	-21.25	1.1074992539262813
-20.0	-22.5	1.1048704551137438
-20.0	-23.75	1.097273778756539
-20.0	-25.0	1.068676541046736
-20.0	-26.25	1.0344999613726051
-20.0	-27.5	1.0222473541984132
-20.0	-28.75	0.9553939765828426
-20.0	-30.0	0.9050265804944398
-20.0	-31.25	0.8647614854168546
-20.0	-32.5	0.8692947148779788
-20.0	-33.75	1.0181014607855605
-20.0	-35.0	0.9162191330030774
-18.75	-35.0	0.9142120095740444
-18.75	-33.75	0.7739721347676318
-18.75	-32.5	0.8857468164780368
-18.75	-31.25	0.8436185560067998
-18.75	-30.0	0.9210496788607169
-18.75	-28.75	0.9920912890046594
-18.75	-27.5	1.0257793067443568
-18.75	-26.25	1.0708296752687598
-18.75	-25.0	1.091525218869874
-18.75	-23.75	1.1100875109104074
-18.75	-22.5	1.0974440999660922
-18.75	-21.25	1.0812253472242268
-18.75	-20.0	1.0824819185375556
-18.75	-18.75	1.073057948004349
-18.75	-17.5	1.0720880130954844
-18.75	-16.25	1.0741989540140433
-18.75	-15.0	1.0785284685829482
-18.75	-13.75	1.0592685778318367
-18.75	-12.5	1.078289325529327
-18.75	-11.25	1.06678887105403
-18.75	-10.0	1.0728591122626894
-18.75	-8.75	1.0685959444299815
-18.75	-7.5	1.064086988790257
-18.75	-6.25	1.0778829573580593
-18.75	-5.0	1.0692491687449028
-18.75	-3.75	1.0711993376193745
-18.75	-2.5	1.0680688470511346
-18.75	-1.25	1.0719671681143728
-18.75	0.0	1.0886898549833226
-18.75	1.25	1.0689893482943824
-18.75	2.5	1.0785034724535165
-18.75	3.75	1.0730712288319764
-18.75	5.0	1.0673003592653536
-18.75	6.25	1.0892177578275828
-18.75	7.5	1.0835354092821101
-18.75	8.75	1.075660283352536
-18.75	10.0	1.0914480629263246
-18.75	11.25	1.0805455362303873
-18.75	12.5	1.091076896983998
-18.75	13.75	1.099609482077947
-18.75	15.0	1.0946426743449928
-18.75	16.25	1.087521792136946
-18.75	17.5	1.0986896682212661
-18.75	18.75	1.0892268173776831
-18.75	20.0	1.0854301711208545
-18.75	21.25	1.0927419649417995
-18.75	22.5	1.0690249418569724
-18.75	23.75	1.0527574734301244
-18.75	25.0	1.015493870329695
-18.75	26.25	0.9862241821582233
-18.75	27.5	0.9077143551991612
-18.75	28.75	0.8168461130977376
-18.75	30.0	0.7392376106636619
-18.75	31.25	0.7363106959671749
-18.75	32.5	0.6636968255893989
-18.75	33.75	0.5024934503999585
-18.75	35.0	0.8316088898187322
-17.5	36.25	0.97145827742989
-17.5	35.0	0.33320211996334753
-17.5	33.75	0.6209410696552755
-17.5	32.5	0.714901464001814
-17.5	31.25	0.7141501294279058
-17.5	30.0	0.7749533993528362
-17.5	28.75	0.8768471552507385
-17.5	27.5	0.9589181356089536
-17.5	26.25	1.015032975619214
-17.5	25.0	1.0279321363257379
-17.5	23.75	1.0554053266372005
-17.5	22.5	1.0882917002713726
-17.5	21.25	1.0788252215934533
-17.5	20.0	1.0763550604317556
-17.5	18.75	1.0889087604000263
-17.5	17.5	1.09570622890762
-17.5	16.25	1.0954786245875583
-17.5	15.0	1.1048768136331426
-17.5	13.75	1.0869680798253616
-17.5	12.5	1.086762745937237
-17.5	11.25	1.084026592882739
-17.5	10.0	1.0756291896338113
-17.5	8.75	1.086089583378742
-17.5	7.5	1.0750756024056904
-17.5	6.25	1.0909067002518844
-17.5	5.0	1.0826687699259507
-17.5	3.75	1.0859835799706614
-17.5	2.5	1.071161422383214
-17.5	1.25	1.0668767468932148
-17.5	-0.0	1.071845236270856
-17.5	-1.25	1.0743708570334254
-17.5	-2.5	1.0617874916092231
-17.5	-3.75	1.064442806211231
-17.5	-5.0	1.0658053387167241
-17.5	-6.25	1.0725353658843242
-17.5	-7.5	1.064940977672396
-17.5	-8.75	1.067048327313142
-17.5	-10.0	1.0669589199137839
-17.5	-11.25	1.0655420473602457
-17.5	-12.5	1.0520616449750257
-17.5	-13.75	1.0732734084400157
-17.5	-15.0	1.0612336693989843
-17.5	-16.25	1.0697312501713134
-17.5	-17.5	1.0577875235886633
-17.5	-18.75	1.0771767626123905
-17.5	-20.0	1.0851536438327185
-17.5	-21.25	1.0769471061254772
-17.5	-22.5	1.0974646977163018
-17.5	-23.75	1.100111136366503
-17.5	-25.0	1.0983483077503553
-17.5	-26.25	1.101100317279419
-17.5	-27.5	1.060114080780873
-17.5	-28.75	1.0106970021446904
-17.5	-30.0	0.9236741133817298
-17.5	-31.25	0.8650111957696058
-17.5	-32.5	0.832582888873189
-17.5	-33.75	0.8727730027009496
-17.5	-35.0	0.8857573295524765
-17.5	-36.25	0.8478558031334531
-16.25	-36.25	0.9767118361408488
-16.25	-35.0	0.7551864572679536
-16.25	-33.75	0.8671295048162584
-16.25	-32.5	0.823712712921312
-16.25	-31.25	0.8813615910590091
-16.25	-30.0	0.9648266887111103
-16.25	-28.75	1.0508295280513749
-16.25	-27.5	1.0803707049003215
-16.25	-26.25	1.122331296638707
-16.25	-25.0	1.0979370737660108
-16.25	-23.75	1.1032970140313487
-16.25	-22.5	1.0941267426216517
-16.25	-21.25	1.0781583390594471
-16.25	-20.0	1.0824298372925985
-16.25	-18.75	1.0678597573067259
-16.25	-17.5	1.0605968994859651
-16.25	-16.25	1.0642619034323597
-16.25	-15.0	1.0627032045012053
-16.25	-13.75	1.069425249854667
-16.25	-12.5	1.0631319145438292
-16.25	-11.25	1.0751620114585
-16.25	-10.0	1.0760491163121413
-16.25	-8.75	1.0742572846269451
-16.25	-7.5	1.0765715114389836
-16.25	-6.25	1.0713400336442211
-16.25	-5.0	1.066719742075417
-16.25	-3.75	1.082345023546331
-16.25	-2.5	1.0772815329585057
-16.25	-1.25	1.077136569212207
-16.25	0.0	1.0771671692636946
-16.25	1.25	1.0744632017822033
-16.25	2.5	1.0843571636881721
-16.25	3.75	1.0841822671307004
-16.25	5.0	1.0821114832886833
-16.25	6.25	1.0906443637318533
-16.25	7.5	1.0861824590095501
-16.25	8.75	1.0810006217600616
-16.25	10.0	1.0982683939031699
-16.25	11.25	1.0964729046792094
-16.25	12.5	1.094958532497435
-16.25	13.75	1.0924647894476742
-16.25	15.0	1.1020696376797292
-16.25	16.25	1.105561710471686
-16.25	17.5	1.1039366954755485
-16.25	18.75	1.0960325599106466
-16.25	20.0	1.109379557723549
-16.25	21.25	1.0775897731845943
-16.25	22.5	1.1000760368980382
-16.25	23.75	1.077280375313167
-16.25	25.0	1.0510545471646549
-16.25	26.25	1.0340878034087915
-16.25	27.5	1.0127403422485786
-16.25	28.75	0.9172419929229616
-16.25	30.0	0.8366488963627929
-16.25	31.25	0.7405541585404609
-16.25	32.5	0.7358325835002325
-16.25	33.75	0.7088396805128534
-16.25	35.0	0.468697036910607
-16.25	36.25	1.0539964313461063
-15.0	37.5	1.0242258167053147
-15.0	36.25	0.5378353543743875
-15.0	35.0	0.6156058332784463
-15.0	33.75	0.7266475077162792
-15.0	32.5	0.735392714865473
-15.0	31.25	0.7663450024643845
-15.0	30.0	0.8661882796288333
-15.0	28.75	0.974225703234898
-15.0	27.5	1.0421650501852142
-15.0	26.25	1.0463845198799266
-15.0	25.0	1.0673630778931955
-15.0	23.75	1.0853126364159345
-15.0	22.5	1.082373560134494
-15.0	21.25	1.1000162752162979
-15.0	20.0	1.1048974858205673
-15.0	18.75	1.108093676822409
-15.0	17.5	1.095444576658611
-15.0	16.25	1.1076533336458447
-15.0	15.0	1.0951209426712534
-15.0	13.75	1.0927999152315284
-15.0	12.5	1.101095527803066
-15.0	11.25	1.0891672540594683
-15.0	10.0	1.0826214507939336
-15.0	8.75	1.0735546274380914
-15.0	7.5	1.086224968727971
-15.0	6.25	1.0787856610733861
-15.0	5.0	1.0812081209530278
-15.0	3.75	1.0852999162045485
-15.0	2.5	1.070401836140286
-15.0	1.25	1.09486055044614
-15.0	-0.0	1.0775606590657594
-15.0	-1.25	1.0733680975257816
-15.0	-2.5	1.0722773936210397
-15.0	-3.75	1.0752079055144916
-15.0	-5.0	1.0777022889324552
-15.0	-6.25	1.0811616525411059
-15.0	-7.5	1.0876668089396917
-15.0	-8.75	1.062197092918836
-15.0	-10.0	1.0718357071475915
-15.0	-11.25	1.064932541015008
-15.0	-12.5	1.074356966134338
-15.0	-13.75	1.0634457065299878
-15.0	-15.0	1.039863151684288
-15.0	-16.25	1.0572230040915338
-15.0	-17.5	1.0530675163058123
-15.0	-18.75	1.068945703197841
-15.0	-20.0	1.0681404795561322
-15.0	-21.25	1.067895019556832
-15.0	-22.5	1.0741771962425142
-15.0	-23.75	1.095805205124242
-15.0	-25.0	1.081036239703038
-15.0	-26.25	1.1174921077055764
-15.0	-27.5	1.0983521994895602
-15.0	-28.75	1.0405393377088585
-15.0	-30.0	1.0037302243909096
-15.0	-31.25	0.9162871017010481
-15.0	-32.5	0.8333866873388616
-15.0	-33.75	0.7961773887771164
-15.0	-35.0	0.8652236641578137
-15.0	-36.25	0.9509632505566084
-15.0	-37.5	0.7807289866177717
-13.75	-37.5	0.7678400746006772
-13.75	-36.25	0.9229686393085186
-13.75	-35.0	0.8646891046553177
-13.75	-33.75	0.7784412274783812
-13.75	-32.5	0.8617624926471056
-13.75	-31.25	0.9353209307826083
-13.75	-30.0	1.0472692034900368
-13.75	-28.75	1.0841048997512097
-13.75	-27.5	1.107880908823075
-13.75	-26.25	1.1146928617730145
-13.75	-25.0	1.0964830391895692
-13.75	-23.75	1.072783054500449
-13.75	-22.5	1.087387935377214
-13.75	-21.25	1.0642433792861496
-13.75	-20.0	1.050754457710122
-13.75	-18.75	1.045581180306025
-13.75	-17.5	1.0532549983560564
-13.75	-16.25	1.052363510950143
-13.75	-15.0	1.0507780479410318
-13.75	-13.75	1.0563172283633615
-13.75	-12.5	1.0608510375719402
-13.75	-11.25	1.067584079463516
-13.75	-10.0	1.0680700166887276
-13.75	-8.75	1.069919959870598
-13.75	-7.5	1.083857100953602
-13.75	-6.25	1.0685927320176472
-13.75	-5.0	1.067262571096394
-13.75	-3.75	1.076161716335261
-13.75	-2.5	1.0734821644493384
-13.75	-1.25	1.0766373884952218
-13.75	0.0	1.061949576781812
-13.75	1.25	1.0666658784609229
-13.75	2.5	1.0864469496490128
-13.75	3.75	1.0689705904182936
-13.75	5.0	1.0795958954434448
-13.75	6.25	1.0723593248115229
-13.75	7.5	1.0830471493246083
-13.75	8.75	1.086618553049511
-13.75	10.0	1.0852765805571003
-13.75	11.25	1.083479985445612
-13.75	12.5	1.084174097208365
-13.75	13.75	1.0935580643034248
-13.75	15.0	1.098445445961677
-13.75	16.25	1.1030445420934925
-13.75	17.5	1.10675203917086
-13.75	18.75	1.1020340838775664
-13.75	20.0	1.107607132559404
-13.75	21.25	1.0952266676000857
-13.75	22.5	1.0939450967749824
-13.75	23.75	1.0812982082677707
-13.75	25.0	1.087801561717698
-13.75	26.25	1.0322192609801564
-13.75	27.5	1.036530473135787
-13.75	28.75	1.0034173299270188
-13.75	30.0	0.9072773977450624
-13.75	31.25	0.7906087748767743
-13.75	32.5	0.7295279747304356
-13.75	33.75	0.7178063112789137
-13.75	35.0	0.6679794265818145
-13.75	36.25	0.3697802958127034
-13.75	37.5	0.9919701152894289
-12.5	37.5	0.8248242169798263
-12.5	36.25	0.5068850298123467
-12.5	35.0	0.6889233421009168
-12.5	33.75	0.7180551779735723
-12.5	32.5	0.7518175910150248
-12.5	31.25	0.8537900907367372
-12.5	30.0	0.9464929808692477
-12.5	28.75	0.9880151881816549
-12.5	27.5	1.0313628847951393
-12.5	26.25	1.0559307908954743
-12.5	25.0	1.1078518888655284
-12.5	23.75	1.0842632683811695
-12.5	22.5	1.105950863132035
-12.5	21.25	1.1083425072347401
-12.5	20.0	1.0904424658323841
-12.5	18.75	1.1070517664699857
-12.5	17.5	1.0981178938110643
-12.5	16.25	1.0994162359103887
-12.5	15.0	1.100183861650054
-12.5	13.75	1.0898846397818918
-12.5	12.5	1.0932790989567467
-12.5	11.25	1.0683786202679093
-12.5	10.0	1.0727439450115708
-12.5	8.75	1.0968547964039168
-12.5	7.5	1.0742184398369772
-12.5	6.25	1.0748780644824802
-12.5	5.0	1.0751809121901228
-12.5	3.75	1.0713182398876622
-12.5	2.5	1.0801859280779504
-12.5	1.25	1.0757643337824188
-12.5	-0.0	1.0709635648134173
-12.5	-1.25	1.0618789920870002
-12.5	-2.5	1.072693598091053
-12.5	-3.75	1.066351510134254
-12.5	-5.0	1.0637605808070238
-12.5	-6.25	1.0578566753267724
-12.5	-7.5	1.0753527626792614
-12.5	-8.75	1.0786380304659817
-12.5	-10.0	1.0631483571060039
-12.5	-11.25	1.081384291085669
-12.5	-12.5	1.0628225026347524
-12.5	-13.75	1.061451245853765
-12.5	-15.0	1.0509084948978515
-12.5	-16.25	1.0498461821973466
-12.5	-17.5	1.0505938058702327
-12.5	-18.75	1.0554200733888175
-12.5	-20.0	1.06657849225159
-12.5	21.25	1.0858052638244189
-12.5	22.5	1.0804368484396343
-12.5	23.75	1.068421174227519
-12.5	25.0	1.0856895803699782
-12.5	26.25	1.0501909731813965
-12.5	27.5	1.0094967940853794
-12.5	28.75	1.013967924583742
-12.5	30.0	0.9369099413897884
-12.5	31.25	0.8381575221402184
-12.5	32.5	0.7311394526533117
-12.5	33.75	0.7075838765825851
-12.5	35.0	0.718855374204926
-12.5	36.25	0.5043601678992363
-12.5	37.5	0.9685526110932071
-11.25	38.75	0.8893760745413745
-11.25	37.5	0.24475833466762306
-11.25	36.25	0.6106154094881591
-11.25	35.0	0.7387244184828726
-11.25	33.75	0.6941022902712332
-11.25	32.5	0.7733347892040402
-11.25	31.25	0.8708885834344054
-11.25	30.0	0.9749427399054287
-11.25	28.75	0.9949166075278347
-11.25	27.5	1.021061464736359
-11.25	26.25	1.069181961664001
-11.25	25.0	1.1016581264042549
-11.25	23.75	1.0853437395978331
-11.25	22.5	1.0829113276811586
-11.25	21.25	1.0886479245927176
-11.25	20.0	1.1039931824023868
-11.25	18.75	1.0846680199859071
-11.25	17.5	1.0946066964844718
-11.25	16.25	1.0839941226644754
-11.25	15.0	1.0746546983340313
-11.25	13.75	1.0791250429006896
-11.25	12.5	1.0797574386022566
-11.25	11.25	1.0829808346921346
-11.25	10.0	1.0717765870215974
-11.25	8.75	1.0745899173062918
-11.25	7.5	1.070759061416232
-11.25	6.25	1.0748032145162467
-11.25	5.0	1.060691799183053
-11.25	3.75	1.0708634163978616
-11.25	2.5	1.0668090738921086
-11.25	1.25	1.0686806092389036
-11.25	-0.0	1.066678661256622
-11.25	-1.25	1.061014684821037
-11.25	-2.5	1.0782433692564188
-11.25	-3.75	1.0654242581602156
-11.25	-5.0	1.0637604352147252
-11.25	-6.25	1.0645774972182072
-11.25	-7.5	1.066652563421427
-11.25	-8.75	1.0788915306880282
-11.25	-10.0	1.0629854716126437
-11.25	-11.25	1.0622397097597442
-11.25	-12.5	1.0633171726994444
-11.25	-13.75	1.0536519319530866
-11.25	-15.0	1.048424684655436
-11.25	-16.25	1.0478605951424804
-11.25	-17.5	1.042308999366023
-11.25	-18.75	1.0511993904016939
-11.25	-20.0	1.0268409122950723
-11.25	-21.25	1.0363133386513963
-11.25	-22.5	1.0445411426177102
-11.25	-23.75	1.062117588700816
-11.25	-25.0	1.0855732585673485
-11.25	-26.25	1.0847490837212637
-11.25	-27.5	1.0943118840846058
-11.25	-28.75	1.1160938329634922
-11.25	-30.0	1.0891601368769013
-11.25	-31.25	0.988396504431948
-11.25	-32.5	0.8733956965879253
-11.25	-33.75	0.7798803364506804
-11.25	-35.0	0.7422192730086122
-11.25	-36.25	0.8133700462408888
-11.25	-37.5	0.8365345518702599
-11.25	-38.75	0.8443410757350869
-10.0	-38.75	0.7173157222787047
-10.0	-37.5	0.7466951089399408
-10.0	-36.25	0.8277584661344806
-10.0	-35.0	0.719061489906163
-10.0	-33.75	0.8053369051660275
-10.0	-32.5	0.9348965428415944
-10.0	-31.25	1.034297981821169
-10.0	-30.0	1.0974920835020407
-10.0	-28.75	1.1042804202956087
-10.0	-27.5	1.0909972716863243
-10.0	-26.25	1.0808234704738737
-10.0	-25.0	1.055184466423919
-10.0	-23.75	1.0541175344776914
-10.0	-22.5	1.0435004246441946
-10.0	-21.25	1.0206554772863068
-10.0	-20.0	1.0342482766399235
-10.0	-18.75	1.0411645241380958
-10.0	-17.5	1.033623941457066
-10.0	-16.25	1.0338077252836686
-10.0	-15.0	1.0537068169505142
-10.0	-13.75	1.0536498912457775
-10.0	-12.5	1.0504888037049276
-10.0	-11.25	1.0641197987518032
-10.0	-10.0	1.0709550416814386
-10.0	-8.75	1.068135672884692
-10.0	-7.5	1.0702036416410645
-10.0	-6.25	1.0801109936446431
-10.0	-5.0	1.067232986103145
-10.0	-3.75	1.0782270233522682
-10.0	-2.5	1.0737445891709139
-10.0	-1.25	1.0757641757217722
-10.0	0.0	1.072220814482865
-10.0	1.25	1.0645647326606293
-10.0	2.5	1.0630333538624668
-10.0	3.75	1.0666858342523138
-10.0	5.0	1.0625864315609106
-10.0	6.25	1.0600033429748374
-10.0	7.5	1.079634960035858
-10.0	8.75	1.0607356907205856
-10.0	10.0	1.0825650190454705
-10.0	11.25	1.0724437221599332
-10.0	12.5	1.0687756753612194
-10.0	13.75	1.0841761950497957
-10.0	15.0	1.0851006967209897
-10.0	16.25	1.0939451366595054
-10.0	17.5	1.0875156339381986
-10.0	18.75	1.0916178440209634
-10.0	20.0	1.1124844697668552
-10.0	21.25	1.0996118078151789
-10.0	22.5	1.0905519494731652
-10.0	23.75	1.099780352097865
-10.0	25.0	1.0714792383764042
-10.0	26.25	1.0996618630805202
-10.0	27.5	1.03127629330486
-10.0	28.75	1.0002123717289368
-10.0	30.0	0.9978080778476536
-10.0	31.25	0.9088512442102712
-10.0	32.5	0.7873984853593233
-10.0	33.75	0.7167907457150652
-10.0	35.0	0.7222494709025677
-10.0	36.25	0.6700970921845582
-10.0	37.5	0.3232974288112409
-10.0	38.75	0.8949193997423508
-8.75	38.75	0.5196534213994798
-8.75	37.5	0.4404249803387621
-8.75	36.25	0.6908126308648748
-8.75	35.0	0.7090042142119437
-8.75	33.75	0.7162206644732391
-8.75	32.5	0.8346644225369746
-8.75	31.25	0.9177969791810344
-8.75	30.0	0.9977516230659619
-8.75	28.75	1.009862539922824
-8.75	27.5	1.0508518883171096
-8.75	26.25	1.0904339923221258
-8.75	25.0	1.0679865094465968
-8.75	23.75	1.0885294016560796
-8.75	22.5	1.0888305188513634
-8.75	21.25	1.1096592825785512
-8.75	20.0	1.0729328926467576
-8.75	18.75	1.0894842470368222
-8.75	17.5	1.0980833825511975
-8.75	16.25	1.0836581473586688
-8.75	15.0	1.0944227904871144
-8.75	13.75	1.0858147515357144
-8.75	12.5	1.071072702981148
-8.75	11.25	1.06585421697089
-8.75	10.0	1.07432348647124
-8.75	8.75	1.066059828580322
-8.75	7.5	1.0702202592150873
-8.75	6.25	1.0669402850885856
-8.75	5.0	1.060574910479119
-8.75	3.75	1.0621862767674377
-8.75	2.5	1.064690208497574
-8.75	1.25	1.0636214771845183
-8.75	-0.0	1.0642642072759303
-8.75	-1.25	1.0882188277192992
-8.75	-2.5	1.0747329162499535
-8.75	-3.75	1.0626405166336466
-8.75	-5.0	1.07856189416725
-8.75	-6.25	1.0681421677997938
-8.75	-7.5	1.070540244228857
-8.75	-8.75	1.0739719703442323
-8.75	-10.0	1.0754002190246954
-8.75	-11.25	1.0585586319778477
-8.75	-12.5	1.0500923019083428
-8.75	-13.75	1.0630897021601877
-8.75	-15.0	1.056519167259843
-8.75	-16.25	1.0541147337280807
-8.75	-17.5	1.0420101345408581
-8.75	-18.75	1.0429014660284717
-8.75	-20.0	1.0359217635270908
-8.75	-21.25	1.0400879774677136
-8.75	-22.5	1.036431769598822
-8.75	-23.75	1.0433562428757914
-8.75	-25.0	1.0756807769824273
-8.75	-26.25	1.0692604754851822
-8.75	-27.5	1.071717534561524
-8.75	-28.75	1.1016602958907986
-8.75	-30.0	1.1023651665951553
-8.75	-31.25	1.0477479601830708
-8.75	-32.5	0.9438379409610735
-8.75	-33.75	0.8301867737090086
-8.75	-35.0	0.7259741460241141
-8.75	-36.25	0.8100819480054918
-8.75	-37.5	0.7142940865243524
-8.75	-38.75	0.7206298016711798
-7.5	-38.75	0.6305278237838436
-7.5	-37.5	0.7630201347835154
-7.5	-36.25	0.7623978829664704
-7.5	-35.0	0.7574396441012392
-7.5	-33.75	0.848031726013582
-7.5	-32.5	0.9849734496534762
-7.5	-31.25	1.0709471139567261
-7.5	-30.0	1.116340846094575
-7.5	-28.75	1.09595761029489
-7.5	-27.5	1.0916361439947702
-7.5	-26.25	1.0740377721723016
-7.5	-25.0	1.0590524863066526
-7.5	-23.75	1.0526671432956307
-7.5	-22.5	1.0334802757453592
-7.5	-21.25	1.0214210643856578
-7.5	-20.0	1.0264561628313753
-7.5	-18.75	1.037056591908572
-7.5	-17.5	1.0375519451024326
-7.5	-16.25	1.0463661344324877
-7.5	-15.0	1.0633072218486386
-7.5	-13.75	1.0638649128832771
-7.5	-12.5	1.08274927612242
-7.5	-11.25	1.0658999702695306
-7.5	-10.0	1.0815191399791593
-7.5	-8.75	1.0837996373679453
-7.5	-7.5	1.0766995992194608
-7.5	-6.25	1.086322935238589
-7.5	-5.0	1.0760048886753817
-7.5	-3.75	1.0656813473474596
-7.5	-2.5	1.0664434271084815
-7.5	-1.25	1.0771223489790362
-7.5	0.0	1.0713031000228799
-7.5	1.25	1.0849905397522361
-7.5	2.5	1.0724448663274246
-7.5	3.75	1.0710807380548755
-7.5	5.0	1.061396522885121
-7.5	6.25	1.075394074754356
-7.5	7.5	1.0640707449128777
-7.5	8.75	1.0573432674052545
-7.5	10.0	1.0800544722692258
-7.5	11.25	1.0668710907074557
-7.5	12.5	1.0861713551220726
-7.5	13.75	1.088813003501682
-7.5	15.0	1.0928496231938554
-7.5	16.25	1.0843202347430427
-7.5	17.5	1.093752528583233
-7.5	18.75	1.0926000951217794
-7.5	20.0	1.090062903752431
-7.5	21.25	1.108975226313179
-7.5	22.5	1.0945051313662528
-7.5	23.75	1.0971254273604345
-7.5	25.0	1.0770603954644469
-7.5	26.25	1.0835261737968331
-7.5	27.5	1.0740863873836464
-7.5	28.75	1.008397970700428
-7.5	30.0	1.0023173826867255
-7.5	31.25	0.9555947176598436
-7.5	32.5	0.8666987950695572
-7.5	33.75	0.7308720176762169
-7.5	35.0	0.7163564462425924
-7.5	36.25	0.720674486147001
-7.5	37.5	0.5268676260270282
-7.5	38.75	1.0530516260215257
-6.25	40.0	0.971738233329995
-6.25	38.75	1.0081836598279055
-6.25	37.5	0.6093097552951556
-6.25	36.25	0.7051961099529286
-6.25	35.0	0.7021492038798836
-6.25	33.75	0.7681943427581925
-6.25	32.5	0.8596093352786919
-6.25	31.25	0.9764715264019466
-6.25	30.0	1.0040026388002004
-6.25	28.75	1.0177486019539472
-6.25	27.5	1.0759911541645133
-6.25	26.25	1.0866684226287275
-6.25	25.0	1.0910653156897892
-6.25	23.75	1.0822501755912592
-6.25	22.5	1.0952029848934686
-6.25	21.25	1.1095602668875404
-6.25	20.0	1.099348337837021
-6.25	18.75	1.0885281074381143
-6.25	17.5	1.0955279750657037
-6.25	16.25	1.0753274062128815
-6.25	15.0	1.079372725899237
-6.25	13.75	1.0863807404558812
-6.25	12.5	1.0758202703991226
-6.25	11.25	1.0724925787112947
-6.25	10.0	1.0695728324977223
-6.25	8.75	1.069715269764833
-6.25	7.5	1.0726072732235652
-6.25	6.25	1.0687601079313225
-6.25	5.0	1.058186602057278
-6.25	3.75	1.0641204052825122
-6.25	2.5	1.0588776589674986
-6.25	1.25	1.0708634814692135
-6.25	-0.0	1.0698921261642336
-6.25	-1.25	1.080172959744136
-6.25	-2.5	1.084588402172139
-6.25	-3.75	1.0861446317459744
-6.25	-5.0	1.078405811424094
-6.25	-6.25	1.0853995529853577
-6.25	-7.5	1.0762555917821195
-6.25	-8.75	1.0747369653294605
-6.25	-10.0	1.0800068695394855
-6.25	-11.25	1.0648474025237418
-6.25	-12.5	1.0754153909216992
-6.25	-13.75	1.0696689346882273
-6.25	-15.0	1.0681066024778307
-6.25	-16.25	1.0528223381111719
-6.25	-17.5	1.041370150535735
-6.25	-18.75	1.03836384301722
-6.25	-20.0	1.038921364611496
-6.25	-21.25	1.0263256725679624
-6.25	-22.5	1.0349983547672827
-6.25	-23.75	1.0325329915279045
-6.25	-25.0	1.0503621577738962
-6.25	-26.25	1.0461487856368614
-6.25	-27.5	1.0809283182255645
-6.25	-28.75	1.0939164441977178
-6.25	-30.0	1.1032413379612007
-6.25	-31.25	1.0857518894349452
-6.25	-32.5	0.9945042211891021
-6.25	-33.75	0.8755786554838111
-6.25	-35.0	0.7557908353559132
-6.25	-36.25	0.7182283965789088
-6.25	-37.5	0.7578005863443736
-6.25	-38.75	0.9364842969590826
-6.25	-40.0	0.8469818279174953
-5.0	-40.0	0.82158430997483
-5.0	-38.75	0.6730889935484919
-5.0	-37.5	0.8010821699278154
-5.0	-36.25	0.7160843143882161
-5.0	-35.0	0.7516824564100348
-5.0	-33.75	0.8964793194648201
-5.0	-32.5	1.03254212726203
-5.0	-31.25	1.0932718225707285
-5.0	-30.0	1.1143412783240632
-5.0	-28.75	1.0938378112994431
-5.0	-27.5	1.0713863127821723
-5.0	-26.25	1.0645317074601204
-5.0	-25.0	1.0654823911100595
-5.0	-23.75	1.0492825062680793
-5.0	-22.5	1.0204372370424906
-5.0	-21.25	1.0304847321857065
-5.0	-20.0	1.0111767342921465
-5.0	-18.75	1.0360703046968556
-5.0	-17.5	1.0498839342984994
-5.0	-16.25	1.0410013981526176
-5.0	-15.0	1.063719068526392
-5.0	-13.75	1.0688075309563125
-5.0	-12.5	1.0701592315075472
-5.0	-11.25	1.063882854097062
-5.0	-10.0	1.0688498455039965
-5.0	-8.75	1.0760529659990246
-5.0	-7.5	1.0826659131503285
-5.0	-6.25	1.0847062600740818
-5.0	-5.0	1.0868218792014037
-5.0	-3.75	1.0652910958077306
-5.0	-2.5	1.0861068283955533
-5.0	-1.25	1.0764762256661593
-5.0	0.0	1.0777415317442132
-5.0	1.25	1.0678525579590326
-5.0	2.5	1.0634679999724883
-5.0	3.75	1.0640518975735085
-5.0	5.0	1.0506441699006972
-5.0	6.25	1.0803833729672048
-5.0	7.5	1.0625886812318635
-5.0	8.75	1.0661112869474496
-5.0	10.0	1.0549957290199945
-5.0	11.25	1.0667380154214143
-5.0	12.5	1.0688125818503256
-5.0	13.75	1.0933622038200592
-5.0	15.0	1.074146655157716
-5.0	16.25	1.099098030791133
-5.0	17.5	1.1028914899571742
-5.0	18.75	1.0949223640070544
-5.0	20.0	1.09786440172739
-5.0	21.25	1.1063001117816234
-5.0	22.5	1.111648742513361
-5.0	23.75	1.0897641123140682
-5.0	25.0	1.0980972207296307
-5.0	26.25	1.0657160985565295
-5.0	27.5	1.0986589037026737
-5.0	28.75	1.0087349372667331
-5.0	30.0	0.9896556553037994
-5.0	31.25	0.9842941212697112
-5.0	32.5	0.8799329297866751
-5.0	33.75	0.7996629740557062
-5.0	35.0	0.7038205624170341
-5.0	36.25	0.7236919094616338
-5.0	37.5	0.6221208833119591
-5.0	38.75	0.14590110048661192
-5.0	40.0	0.9513885564517202
-3.75	40.0	0.9108266952370817
-3.75	38.75	0.30310054225452776
-3.75	37.5	0.633322669692225
-3.75	36.25	0.7081039258013003
-3.75	35.0	0.7276591511325272
-3.75	33.75	0.7971372431501175
-3.75	32.5	0.901578498746627
-3.75	31.25	1.010724883222299
-3.75	30.0	0.9991711593454163
-3.75	28.75	1.0347140069675207
-3.75	27.5	1.0827472863339298
-3.75	26.25	1.0688922592569086
-3.75	25.0	1.0768730421162622
-3.75	23.75	1.088998020273148
-3.75	22.5	1.103291355996703
-3.75	21.25	1.0966082860828206
-3.75	20.0	1.104813398580987
-3.75	18.75	1.0963593066773056
-3.75	17.5	1.087562770930061
-3.75	16.25	1.0959297853780938
-3.75	15.0	1.0740535035991132
-3.75	13.75	1.083142966616851
-3.75	12.5	1.0579439788297536
-3.75	11.25	1.0648777633376005
-3.75	10.0	1.0821103851517786
-3.75	8.75	1.0732159115606745
-3.75	7.5	1.0504638595498799
-3.75	6.25	1.0493034950678206
-3.75	5.0	1.0569264174769442
-3.75	3.75	1.0637456062930912
-3.75	2.5	1.063737857533567
-3.75	1.25	1.0485554377732091
-3.75	-0.0	1.081437971991301
-3.75	-1.25	1.0704844141649648
-3.75	-2.5	1.0883074334021545
-3.75	-3.75	1.0805048571295441
-3.75	-5.0	1.0904821583629696
-3.75	-6.25	1.0839260910296005
-3.75	-7.5	1.067855511732937
-3.75	-8.75	1.0804949175281298
-3.75	-10.0	1.0602758436136874
-3.75	-11.25	1.073428938362542
-3.75	-12.5	1.0736821734268858
-3.75	-13.75	1.068534711023626
-3.75	-15.0	1.0540828901347536
-3.75	-16.25	1.0583594903216997
-3.75	-17.5	1.055182081024161
-3.75	-18.75	1.060317730412071
-3.75	-20.0	1.0363310181183867
-3.75	-21.25	1.029828153133791
-3.75	-22.5	1.0326983680464483
-3.75	-23.75	1.0317495575290208
-3.75	-25.0	1.047413544376108
-3.75	-26.25	1.0522709935217043
-3.75	-27.5	1.0781772812950514
-3.75	-28.75	1.1006760646293674
-3.75	-30.0	1.099128032099761
-3.75	-31.25	1.1070742075769857
-3.75	-32.5	1.0415668862157563
-3.75	-33.75	0.9216118602589803
-3.75	-35.0	0.7484827364095287
-3.75	-36.25	0.7452129091397011
-3.75	-37.5	0.8033659641183047
-3.75	-38.75	0.8679993079944264
-3.75	-40.0	0.7402211111618464
-2.5	-40.0	0.8881054486259465
-2.5	-38.75	0.9709870883236643
-2.5	-37.5	0.801360293505216
-2.5	-36.25	0.7030240114419504
-2.5	-35.0	0.8090615306444816
-2.5	-33.75	0.9375788992682447
-2.5	-32.5	1.0450843192162582
-2.5	-31.25	1.1063122035494715
-2.5	-30.0	1.0902861893674778
-2.5	-28.75	1.0899347846635865
-2.5	-27.5	1.0680003405448266
-2.5	-26.25	1.0594743904448995
-2.5	-25.0	1.0413298313744404
-2.5	-23.75	1.032281244313907
-2.5	-22.5	1.039294481963282
-2.5	-21.25	1.0207289678052236
-2.5	-20.0	1.0315885319883449
-2.5	-18.75	1.0299353054093716
-2.5	-17.5	1.0546106161446969
-2.5	-16.25	1.0524521698628588
-2.5	-15.0	1.07118704388033
-2.5	-13.75	1.0634789938555151
-2.5	-12.5	1.0748559891969585
-2.5	-11.25	1.0759229550611011
-2.5	-10.0	1.0791293461306208
-2.5	-8.75	1.0804206697960845
-2.5	-7.5	1.0806451867295397
-2.5	-6.25	1.0870022841021592
-2.5	-5.0	1.0940974666762033
-2.5	-3.75	1.073398895470891
-2.5	-2.5	1.088769282043569
-2.5	-1.25	1.0898499204253316
-2.5	0.0	1.0681504947198943
-2.5	1.25	1.0597368267779772
-2.5	2.5	1.041532250417882
-2.5	3.75	1.0452616711097864
-2.5	5.0	1.0473114450971603
-2.5	6.25	1.031542840456697
-2.5	7.5	1.0767729506580042
-2.5	8.75	1.071453066541581
-2.5	10.0	1.080562874087642
-2.5	11.25	1.0703056577931391
-2.5	12.5	1.0577837183800944
-2.5	13.75	1.0737436415411046
-2.5	15.0	1.0832833772618211
-2.5	16.25	1.095500717931133
-2.5	17.5	1.0980444706642791
-2.5	18.75	1.0978388109108683
-2.5	20.0	1.0845072423977704
-2.5	21.25	1.1093152592384552
-2.5	22.5	1.1121017186535949
-2.5	23.75	1.0996877502853755
-2.5	25.0	1.0923278096500022
-2.5	26.25	1.0791385015395667
-2.5	27.5	1.088220195779669
-2.5	28.75	1.0089094076682836
-2.5	30.0	1.0062763272139237
-2.5	31.25	0.992253567359729
-2.5	32.5	0.9093689136036972
-2.5	33.75	0.8118243768593181
-2.5	35.0	0.7509394767860721
-2.5	36.25	0.7308645221493514
-2.5	37.5	0.6787529475068734
-2.5	38.75	0.302794040485563
-2.5	40.0	0.8539016526223415
-1.25	40.0	0.941346712166895
-1.25	38.75	0.2993636303456309
-1.25	37.5	0.6725464960323952
-1.25	36.25	0.7257218786343206
-1.25	35.0	0.758228961027423
-1.25	33.75	0.8324662995403139
-1.25	32.5	0.9075585034645676
-1.25	31.25	1.0055323218860046
-1.25	30.0	0.988516474785903
-1.25	28.75	1.0442752527600998
-1.25	27.5	1.0902219722521524
-1.25	26.25	1.0984491748807987
-1.25	25.0	1.0911200497292584
-1.25	23.75	1.1070179883132192
-1.25	22.5	1.111545237682292
-1.25	21.25	1.0990910799370692
-1.25	20.0	1.1165244627418138
-1.25	18.75	1.0922961257797135
-1.25	17.5	1.1089664197666882
-1.25	16.25	1.0817190114152397
-1.25	15.0	1.0910461307866253
-1.25	13.75	1.0875226211014812
-1.25	12.5	1.0747753480573186
-1.25	11.25	1.0816885008891841
-1.25	10.0	1.076114917288825
-1.25	8.75	1.0666839929377907
-1.25	7.5	1.054447316742963
-1.25	6.25	1.044465844806649
-1.25	5.0	1.0419143272096143
-1.25	3.75	1.0399470389655496
-1.25	2.5	1.0448460576941045
-1.25	1.25	1.056067348218517
-1.25	-0.0	1.0751879248994796
-1.25	-1.25	1.0885098046672357
-1.25	-2.5	1.0929274014779666
-1.25	-3.75	1.0802440278719951
-1.25	-5.0	1.1004955797418365
-1.25	-6.25	1.0928976818571867
-1.25	-7.5	1.0971929909415985
-1.25	-8.75	1.0969620732838545
-1.25	-10.0	1.0758253086209022
-1.25	-11.25	1.0833700195623295
-1.25	-12.5	1.0695604477043066
-1.25	-13.75	1.0700740507151218
-1.25	-15.0	1.0455058698906399
-1.25	-16.25	1.0533999666429963
-1.25	-17.5	1.0425101853364112
-1.25	-18.75	1.044930566961409
-1.25	-20.0	1.0411442316748065
-1.25	-21.25	1.0134852622936028
-1.25	-22.5	1.0150837526467045
-1.25	-23.75	1.0398057601106154
-1.25	-25.0	1.023946145443993
-1.25	-26.25	1.059705285181984
-1.25	-27.5	1.0741739301871782
-1.25	-28.75	1.1037192842341585
-1.25	-30.0	1.1029984672340465
-1.25	-31.25	1.120893209014765
-1.25	-32.5	1.0508148873061873
-1.25	-33.75	0.9402376846021049
-1.25	-35.0	0.7967390858707456
-1.25	-36.25	0.7551964870015768
-1.25	-37.5	0.82175623705758
-1.25	-38.75	1.0360764563440699
-1.25	-40.0	0.7226625240817818
0.0	-40.0	0.8333162053759676
0.0	-38.75	0.920216410219959
0.0	-37.5	0.8367755439451574
0.0	-36.25	0.7134099769366039
0.0	-35.0	0.8103310659477608
0.0	-33.75	0.9516647345642294
0.0	-32.5	1.0511892600152986
0.0	-31.25	1.1162581043834818
0.0	-30.0	1.093059019912467
0.0	-28.75	1.0998730646186359
0.0	-27.5	1.0778985599527247
0.0	-26.25	1.0555690163193912
0.0	-25.0	1.0403342918617742
0.0	-23.75	1.022672947128483
0.0	-22.5	1.0275102220724917
0.0	-21.25	1.02598336184366
0.0	-20.0	1.0389267568234042
0.0	-18.75	1.0533002468995758
0.0	-17.5	1.0473436144220685
0.0	-16.25	1.065268186599346
0.0	-15.0	1.0698334033389323
0.0	-13.75	1.0589864877486423
0.0	-12.5	1.0749862714608545
0.0	-11.25	1.079208971727122
0.0	-10.0	1.0791475142143723
0.0	-8.75	1.08158083601793
0.0	-7.5	1.087276031562391
0.0	-6.25	1.088557025866682
0.0	-5.0	1.0996580617255989
0.0	-3.75	1.1021377009053799
0.0	-2.5	1.0927825854302904
0.0	-1.25	1.0994417596433346
0.0	0.0	1.0680006561385873
0.0	1.25	1.0486890522050616
0.0	2.5	1.036043673061957
0.0	3.75	1.0423230725886832
0.0	5.0	1.0229575246197318
0.0	6.25	1.0453876733299818
0.0	7.5	1.0554990960171018
0.0	8.75	1.0579958357269785
0.0	10.0	1.0735677252765898
0.0	11.25	1.061222682362106
0.0	12.5	1.0749439726727084
0.0	13.75	1.090009133438862
0.0	15.0	1.0826863716871118
0.0	16.25	1.0771836869553024
0.0	17.5	1.0784482702729745
0.0	18.75	1.1010939230326358
0.0	20.0	1.094926629359855
0.0	21.25	1.0922598581044665
0.0	22.5	1.1232187922588763
0.0	23.75	1.1144549871229743
0.0	25.0	1.0934753076914914
0.0	26.25	1.0707013328929977
0.0	27.5	1.0969771660877665
0.0	28.75	1.0241391824482828
0.0	30.0	0.9930777225425218
0.0	31.25	1.000246175286501
0.0	32.5	0.9085677667111048
0.0	33.75	0.8217986306071757
0.0	35.0	0.734875535169965
0.0	36.25	0.7330555904272223
0.0	37.5	0.6714165968196918
0.0	38.75	0.3070828928244598
0.0	40.0	1.0143147426486847
1.25	40.0	0.8125215802094408
1.25	38.75	0.36395450919854533
1.25	37.5	0.6648337481610568
1.25	36.25	0.7245353880465368
1.25	35.0	0.731040244632615
1.25	33.75	0.8068270437789924
1.25	32.5	0.9218618341203527
1.25	31.25	1.0236284606126427
1.25	30.0	0.9776305104024674
1.25	28.75	1.0176924734600334
1.25	27.5	1.0988206488405774
1.25	26.25	1.0782047753791755
1.25	25.0	1.0870084731488034
1.25	23.75	1.1004915480809692
1.25	22.5	1.0782852204353046
1.25	21.25	1.089709362750789
1.25	20.0	1.0999499558371761
1.25	18.75	1.0990642405785604
1.25	17.5	1.0861244681769688
1.25	16.25	1.0906481661906946
1.25	15.0	1.0794942116615895
1.25	13.75	1.0897668948607697
1.25	12.5	1.0785303816153853
1.25	11.25	1.0682872403447545
1.25	10.0	1.077358216621769
1.25	8.75	1.058839880944854
1.25	7.5	1.027519873597887
1.25	6.25	1.0495541832164188
1.25	5.0	1.0190009718076514
1.25	3.75	1.0333223405708791
1.25	2.5	1.0462235797865715
1.25	1.25	1.0523920017802466
1.25	-0.0	1.0735434084429474
1.25	-1.25	1.0804374360411584
1.25	-2.5	1.087139588191672
1.25	-3.75	1.0974136390269222
1.25	-5.0	1.0840047022684547
1.25	-6.25	1.0860051612976462
1.25	-7.5	1.0865185938620276
1.25	-8.75	1.0828193784083135
1.25	-10.0	1.0773046553772503
1.25	-11.25	1.0631412725325762
1.25	-12.5	1.0590733939771169
1.25	-13.75	1.0565771838164248
1.25	-15.0	1.0695466887300051
1.25	-16.25	1.0562829248089698
1.25	-17.5	1.0476821190441399
1.25	-18.75	1.0612916787856543
1.25	-20.0	1.035415934969421
1.25	-21.25	1.0272280983365447
1.25	-22.5	1.017654997617394
1.25	-23.75	1.0220823956233445
1.25	-25.0	1.0545640854080938
1.25	-26.25	1.0553873561424567
1.25	-27.5	1.0607120485513966
1.25	-28.75	1.0880958153716564
1.25	-30.0	1.0979700050278471
1.25	-31.25	1.095802686792157
1.25	-32.5	1.0467053663942343
1.25	-33.75	0.9412880428349091
1.25	-35.0	0.7942120228425388
1.25	-36.25	0.719064717690081
1.25	-37.5	0.8168339222563965
1.25	-38.75	0.7768856530341498
1.25	-40.0	0.910560471174969
2.5	-40.0	0.7910001019955296
2.5	-38.75	0.7988198901957794
2.5	-37.5	0.8239144108237914
2.5	-36.25	0.6863919149356698
2.5	-35.0	0.8033496605568986
2.5	-33.75	0.9443741365903637
2.5	-32.5	1.0433510363952834
2.5	-31.25	1.1107093728448256
2.5	-30.0	1.0878313231882824
2.5	-28.75	1.0854088501630228
2.5	-27.5	1.0583558299739109
2.5	-26.25	1.0654250080276484
2.5	-25.0	1.0366890858558822
2.5	-23.75	1.0276985260430906
2.5	-22.5	1.0293091231930052
2.5	-21.25	1.0358726453501155
2.5	-20.0	1.0386369518703897
2.5	-18.75	1.0301596586472328
2.5	-17.5	1.0583860840074248
2.5	-16.25	1.061311604371704
2.5	-15.0	1.0581830754119308
2.5	-13.75	1.0585466872185312
2.5	-12.5	1.0574625364768508
2.5	-11.25	1.0784847701827327
2.5	-10.0	1.0843527882541115
2.5	-8.75	1.0758922491511875
2.5	-7.5	1.0733807780438887
2.5	-6.25	1.079474339112748
2.5	-5.0	1.0910232833051514
2.5	-3.75	1.0714762047581448
2.5	-2.5	1.094915067430044
2.5	-1.25	1.080693780036977
2.5	0.0	1.0888179339225175
2.5	1.25	1.045735440082728
2.5	2.5	1.041724581499896
2.5	3.75	1.0356724368455952
2.5	5.0	1.0525802155366624
2.5	6.25	1.051845432724008
2.5	7.5	1.07282629613921
2.5	8.75	1.0474369664091345
2.5	10.0	1.0794557319675901
2.5	11.25	1.067408401104769
2.5	12.5	1.0836564153198618
2.5	13.75	1.0801104755445763
2.5	15.0	1.0864686431888795
2.5	16.25	1.093955559666694
2.5	17.5	1.0861619336899422
2.5	18.75	1.0952571484966918
2.5	20.0	1.0870535145068538
2.5	21.25	1.088919732121749
2.5	22.5	1.098520754287275
2.5	23.75	1.1040352055816782
2.5	25.0	1.098689877777982
2.5	26.25	1.0751081449132966
2.5	27.5	1.081557796731529
2.5	28.75	1.0135697204000031
2.5	30.0	0.9931838085495014
2.5	31.25	1.0057127525781013
2.5	32.5	0.912967069727687
2.5	33.75	0.8088583008030692
2.5	35.0	0.7189493590379691
2.5	36.25	0.7338386823750086
2.5	37.5	0.682769664592944
2.5	38.75	0.3353487217550615
2.5	40.0	0.8211949539879413
3.75	40.0	0.9072238176762365
3.75	38.75	0.1861165477075872
3.75	37.5	0.6437507985956603
3.75	36.25	0.7393787584802046
3.75	35.0	0.732767143126982
3.75	33.75	0.8027499373805822
3.75	32.5	0.8995975018228558
3.75	31.25	1.0110260608758455
3.75	30.0	1.0042790747515302
3.75	28.75	1.0343675597813047
3.75	27.5	1.090630420893042
3.75	26.25	1.0890619719983712
3.75	25.0	1.1063329617352502
3.75	23.75	1.101875353101363
3.75	22.5	1.1003540854243268
3.75	21.25	1.095110969916651
3.75	20.0	1.1025860907565739
3.75	18.75	1.0974433542953883
3.75	17.5	1.1020104049257315
3.75	16.25	1.088301313185191
3.75	15.0	1.0751489936477276
3.75	13.75	1.0755242018024733
3.75	12.5	1.0654986856840811
3.75	11.25	1.0672856081936495
3.75	10.0	1.0711101312896114
3.75	8.75	1.0663572635757175
3.75	7.5	1.0808828535664277
3.75	6.25	1.0493055472390782
3.75	5.0	1.0568284514401893
3.75	3.75	1.0475209148714275
3.75	2.5	1.0509504377757488
3.75	1.25	1.0575382748665547
3.75	-0.0	1.0671558592590047
3.75	-1.25	1.0886633517186761
3.75	-2.5	1.0938620631138736
3.75	-3.75	1.0945403448091917
3.75	-5.0	1.0802308275728298
3.75	-6.25	1.094766337623669
3.75	-7.5	1.0899482136870495
3.75	-8.75	1.0938107956043515
3.75	-10.0	1.069038354986096
3.75	-11.25	1.0758829607527436
3.75	-12.5	1.0707599163962367
3.75	-13.75	1.0723595085707351
3.75	-15.0	1.065960982307837
3.75	-16.25	1.0590972323769903
3.75	-17.5	1.0479856687787663
3.75	-18.75	1.0414258601219446
3.75	-20.0	1.0313337479731661
3.75	-21.25	1.026558954294927
3.75	-22.5	1.0280044829089696
3.75	-23.75	1.0359417598025102
3.75	-25.0	1.0487965920690818
3.75	-26.25	1.0615650002816461
3.75	-27.5	1.0820575329701974
3.75	-28.75	1.0955404974927005
3.75	-30.0	1.104842407897501
3.75	-31.25	1.1019466174851251
3.75	-32.5	1.0401756038237149
3.75	-33.75	0.9362102697101954
3.75	-35.0	0.8080005472923214
3.75	-36.25	0.6988561843763458
3.75	-37.5	0.8468981344768888
3.75	-38.75	0.8179322568321435
3.75	-40.0	0.8587944615245369
5.0	-40.0	0.9191702883918134
5.0	-38.75	1.028716459344325
5.0	-37.5	0.8324037191431859
5.0	-36.25	0.764008384636842
5.0	-35.0	0.8174168086258788
5.0	-33.75	0.9222783178741055
5.0	-32.5	1.019859597150689
5.0	-31.25	1.1055654414603722
5.0	-30.0	1.1127721912323851
5.0	-28.75	1.099332762576962
5.0	-27.5	1.0498780455879781
5.0	-26.25	1.069948924953338
5.0	-25.0	1.061960792156419
5.0	-23.75	1.0465213392356434
5.0	-22.5	1.034413973359737
5.0	-21.25	1.0339858281411112
5.0	-20.0	1.0369103994421303
5.0	-18.75	1.0318166207948387
5.0	-17.5	1.0493756509907617
5.0	-16.25	1.0535027156758476
5.0	-15.0	1.0680245062186324
5.0	-13.75	1.0670736574489434
5.0	-12.5	1.0672689007145895
5.0	-11.25	1.064822925341566
5.0	-10.0	1.0696349704747943
5.0	-8.75	1.0761049476686229
5.0	-7.5	1.0781756772689737
5.0	-6.25	1.096968997615334
5.0	-5.0	1.0877008150348026
5.0	-3.75	1.0848718221559819
5.0	-2.5	1.0812478032345652
5.0	-1.25	1.0814733653463189
5.0	0.0	1.0709083210854258
5.0	1.25	1.0680152004437986
5.0	2.5	1.0556077999175097
5.0	3.75	1.0633256234726258
5.0	5.0	1.05619012430159
5.0	6.25	1.0689741571746223
5.0	7.5	1.081077968436036
5.0	8.75	1.0760289564327012
5.0	10.0	1.0655250921611974
5.0	11.25	1.0803120091950709
5.0	12.5	1.0774707057792807
5.0	13.75	1.093015503249503
5.0	15.0	1.0552122087767128
5.0	16.25	1.1010413670687575
5.0	17.5	1.1003626137475122
5.0	18.75	1.0992410316343217
5.0	20.0	1.0893079292925718
5.0	21.25	1.1061634829654614
5.0	22.5	1.106749709357928
5.0	23.75	1.0871084869548322
5.0	25.0	1.1114622226975124
5.0	26.25	1.091799264111089
5.0	27.5	1.0817825504658682
5.0	28.75	0.9993346450450171
5.0	30.0	1.0049841984173289
5.0	31.25	1.0186284100702634
5.0	32.5	0.8697673962768753
5.0	33.75	0.8078465292553991
5.0	35.0	0.7287277931943588
5.0	36.25	0.7230940985176995
5.0	37.5	0.6241077230546402
5.0	38.75	0.5854975448927601
5.0	40.0	0.8979692479092678
6.25	40.0	0.9380065862241089
6.25	38.75	1.1272503678127923
6.25	37.5	0.5699910202038349
6.25	36.25	0.7465681339305037
6.25	35.0	0.7233455112548547
6.25	33.75	0.7929758497967643
6.25	32.5	0.8761347056865008
6.25	31.25	1.0032913792212215
6.25	30.0	1.0249269736450903
6.25	28.75	0.9960402020096214
6.25	27.5	1.0681337656908783
6.25	26.25	1.1009172142427475
6.25	25.0	1.0815140774675207
6.25	23.75	1.0927169427131502
6.25	22.5	1.0996397212091498
6.25	21.25	1.1144519768547592
6.25	20.0	1.0975239818856284
6.25	18.75	1.1155358980506043
6.25	17.5	1.1104274131958727
6.25	16.25	1.1042498305109578
6.25	15.0	1.0954557138670098
6.25	13.75	1.0868081547559136
6.25	12.5	1.0609181657686364
6.25	11.25	1.0589602580828388
6.25	10.0	1.092129196467836
6.25	8.75	1.0817795436517863
6.25	7.5	1.0841126648468726
6.25	6.25	1.0848308796929635
6.25	5.0	1.0783983534626922
6.25	3.75	1.0712791896294238
6.25	2.5	1.060094429009266
6.25	1.25	1.0862945204120205
6.25	-0.0	1.0678375761302024
6.25	-1.25	1.0879332440403395
6.25	-2.5	1.0914812218333259
6.25	-3.75	1.0935610577647925
6.25	-5.0	1.0850688751848014
6.25	-6.25	1.0771770074876192
6.25	-7.5	1.0906624173739867
6.25	-8.75	1.0789900284615113
6.25	-10.0	1.0915666295476023
6.25	-11.25	1.0792129261877372
6.25	-12.5	1.0773735542077014
6.25	-13.75	1.0758248489287805
6.25	-15.0	1.045296543002179
6.25	-16.25	1.0530738897231433
6.25	-17.5	1.039726235325782
6.25	-18.75	1.0444509496521144
6.25	-20.0	1.0444740066573661
6.25	-21.25	1.0124261945848658
6.25	-22.5	1.0411596186694778
6.25	-23.75	1.0587685602465329
6.25	-25.0	1.059566892168316
6.25	-26.25	1.0434661331288184
6.25	-27.5	1.091048391222155
6.25	-28.75	1.0952722126605137
6.25	-30.0	1.1003317668014512
6.25	-31.25	1.0973226112595273
6.25	-32.5	1.0338609322096728
6.25	-33.75	0.9036982967272116
6.25	-35.0	0.7961259779065563
6.25	-36.25	0.7573624888288107
6.25	-37.5	0.7784267446345439
6.25	-38.75	0.6834910035046753
6.25	-40.0	0.8790611648757204
7.5	-38.75	0.8050280326116691
7.5	-37.5	0.7843994383284657
7.5	-36.25	0.7943867765826007
7.5	-35.0	0.7854579521725568
7.5	-33.75	0.9079602509636384
7.5	-32.5	1.0171742507816939
7.5	-31.25	1.085399411631345
7.5	-30.0	1.1092956723650678
7.5	-28.75	1.0973254287446046
7.5	-27.5	1.0881833099706024
7.5	-26.25	1.0814740036657888
7.5	-25.0	1.0713446956947856
7.5	-23.75	1.0338917095146942
7.5	-22.5	1.0431367704509775
7.5	-21.25	1.0419537282747637
7.5	-20.0	1.0525323868858785
7.5	-18.75	1.0607251692418183
7.5	-17.5	1.042198689226472
7.5	-16.25	1.0628633872786721
7.5	-15.0	1.0607444386544873
7.5	-13.75	1.0648852343196828
7.5	-12.5	1.0755022649467738
7.5	-11.25	1.0821738887324337
7.5	-10.0	1.0739586705961375
7.5	-8.75	1.0825562828688056
7.5	-7.5	1.0864411369377964
7.5	-6.25	1.0741456395634794
7.5	-5.0	1.0792175357077989
7.5	-3.75	1.0772352672407426
7.5	-2.5	1.0778774337870343
7.5	-1.25	1.0792482264150527
7.5	0.0	1.0795048429832017
7.5	1.25	1.0731314062984811
7.5	2.5	1.0633811243135476
7.5	3.75	1.0753221654037315
7.5	5.0	1.0746626208884376
7.5	6.25	1.0670732459383787
7.5	7.5	1.0900085660216738
7.5	8.75	1.0761237499069911
7.5	10.0	1.0797472544766589
7.5	11.25	1.0850278157665691
7.5	12.5	1.0706557812930608
7.5	13.75	1.081564592924169
7.5	15.0	1.0914048928759055
7.5	16.25	1.089519350703125
7.5	17.5	1.0910911280003233
7.5	18.75	1.1054112371941698
7.5	20.0	1.1137606754858895
7.5	21.25	1.1194367608527864
7.5	22.5	1.1059025310138018
7.5	23.75	1.0971876881051794
7.5	25.0	1.064092807255883
7.5	26.25	1.0864186326258978
7.5	27.5	1.0674261981455708
7.5	28.75	0.9704714967984959
7.5	30.0	1.0117408650029711
7.5	31.25	0.9787799810064247
7.5	32.5	0.8688701325146406
7.5	33.75	0.7751764205131795
7.5	35.0	0.7001983429618651
7.5	36.25	0.7258485704471072
7.5	37.5	0.5038359621207337
7.5	38.75	0.6270446989286976
8.75	38.75	0.9091199038276504
8.75	37.5	0.4464041302908081
8.75	36.25	0.7365619356268549
8.75	35.0	0.7249198784842258
8.75	33.75	0.759401925737287
8.75	32.5	0.8376636493168742
8.75	31.25	0.9538293714840925
8.75	30.0	1.0490690308684083
8.75	28.75	0.9915584663639808
8.75	27.5	1.038026884146874
8.75	26.25	1.1094119218719214
8.75	25.0	1.0961082845166457
8.75	23.75	1.0954001353122769
8.75	22.5	1.1031264698803804
8.75	21.25	1.1038034109652797
8.75	20.0	1.113467447053249
8.75	18.75	1.1130917664074111
8.75	17.5	1.1116940687285908
8.75	16.25	1.0881267908963264
8.75	15.0	1.101197344884188
8.75	13.75	1.0982338877125055
8.75	12.5	1.0940789906969821
8.75	11.25	1.0888651929039663
8.75	10.0	1.091521010201632
8.75	8.75	1.0891594113558725
8.75	7.5	1.0770973428878676
8.75	6.25	1.0787836572696843
8.75	5.0	1.0720052180213901
8.75	3.75	1.0639428489273084
8.75	2.5	1.0730444549875748
8.75	1.25	1.0700488776917745
8.75	-0.0	1.0798425891901569
8.75	-1.25	1.0844995479657047
8.75	-2.5	1.080518987505016
8.75	-3.75	1.074618271582684
8.75	-5.0	1.0853069668220723
8.75	-6.25	1.0831807235488873
8.75	-7.5	1.0757558312953137
8.75	-8.75	1.0790112977150659
8.75	-10.0	1.0836551287819987
8.75	-11.25	1.0828528131896316
8.75	-12.5	1.0832841285120063
8.75	-13.75	1.0572712993586335
8.75	-15.0	1.0785067421646954
8.75	-16.25	1.0577199223129254
8.75	-17.5	1.0474892669904146
8.75	-18.75	1.046057645473141
8.75	-20.0	1.049655769502066
8.75	-21.25	1.0379355173634004
8.75	-22.5	1.049046374726944
8.75	-23.75	1.058681389531079
8.75	-25.0	1.0741434023829899
8.75	-26.25	1.0664526906232292
8.75	-27.5	1.0882686890117355
8.75	-28.75	1.103225705169561
8.75	-30.0	1.1173129343146355
8.75	-31.25	1.0645781647338273
8.75	-32.5	0.9722400184255652
8.75	-33.75	0.8661269399150809
8.75	-35.0	0.7852405942608923
8.75	-36.25	0.8250435410030915
8.75	-37.5	0.7977354133320887
8.75	-38.75	0.7311809170693654
10.0	-38.75	0.9944996334853848
10.0	-37.5	0.7855165753113905
10.0	-36.25	0.8348763674163522
10.0	-35.0	0.7646283372535005
10.0	-33.75	0.8652558168486254
10.0	-32.5	0.9377876729224668
10.0	-31.25	1.0043079938888901
10.0	-30.0	1.0907833663624384
10.0	-28.75	1.1081633360764709
10.0	-27.5	1.0930335563471028
10.0	-26.25	1.0965925062156932
10.0	-25.0	1.0680978931375513
10.0	-23.75	1.0700907673035207
10.0	-22.5	1.0460040392619006
10.0	-21.25	1.0547108148605986
10.0	-20.0	1.0446128664701178
10.0	-18.75	1.056782845368503
10.0	-17.5	1.0314958745904057
10.0	-16.25	1.0708807529895412
10.0	-15.0	1.063392164697472
10.0	-13.75	1.0650114509192439
10.0	-12.5	1.069432880216553
10.0	-11.25	1.0790777084604821
10.0	-10.0	1.07720240762663
10.0	-8.75	1.0808752011466805
10.0	-7.5	1.085417405341496
10.0	-6.25	1.0749136318568258
10.0	-5.0	1.068861238996607
10.0	-3.75	1.0806625761705482
10.0	-2.5	1.0822256973729818
10.0	-1.25	1.0737081392691437
10.0	0.0	1.0678678567092597
10.0	1.25	1.072015876150961
10.0	2.5	1.0737756269615013
10.0	3.75	1.0767391288266297
10.0	5.0	1.069360244469716
10.0	6.25	1.0775749514278454
10.0	7.5	1.0830787655480891
10.0	8.75	1.0857712127040413
10.0	10.0	1.09127812050297
10.0	11.25	1.089775469280306
10.0	12.5	1.0889197022538724
10.0	13.75	1.1060172064987615
10.0	15.0	1.0958709247738205
10.0	16.25	1.0938501571835306
10.0	17.5	1.1060219844141113
10.0	18.75	1.1174336517664936
10.0	20.0	1.1092282696013334
10.0	21.25	1.1050589057905065
10.0	22.5	1.0729087429158635
10.0	23.75	1.1072090224856956
10.0	25.0	1.0998414683629842
10.0	26.25	1.0785967955746771
10.0	27.5	1.0058083709496495
10.0	28.75	1.017599153526008
10.0	30.0	1.0335815204932428
10.0	31.25	0.9210881054911185
10.0	32.5	0.8512083150528276
10.0	33.75	0.7586802643633594
10.0	35.0	0.7499221501336241
10.0	36.25	0.6699549789803396
10.0	37.5	0.28679343455616674
10.0	38.75	1.0374465233150187
11.25	38.75	0.9133058734408248
11.25	37.5	0.5460593702149061
11.25	36.25	0.6127967971801658
11.25	35.0	0.7547705479323565
11.25	33.75	0.7397491525144717
11.25	32.5	0.7960337263545841
11.25	31.25	0.8901343920022192
11.25	30.0	0.9888315601273746
11.25	28.75	1.0382526966819592
11.25	27.5	0.9982950925691391
11.25	26.25	1.0219961201763876
11.25	25.0	1.0838482105102152
11.25	23.75	1.0983010500504116
11.25	22.5	1.09230969977393
11.25	21.25	1.101513667599039
11.25	20.0	1.0967151585917758
11.25	18.75	1.1204144879386215
11.25	17.5	1.0993039468077022
11.25	16.25	1.1041724587673492
11.25	15.0	1.0875192068875648
11.25	13.75	1.0858216695654515
11.25	12.5	1.0894221783267444
11.25	11.25	1.0727722689843877
11.25	10.0	1.0751205650595503
11.25	8.75	1.0877789657281938
11.25	7.5	1.074301979510218
11.25	6.25	1.0761351451365886
11.25	5.0	1.0620455991106095
11.25	3.75	1.0807950104127955
11.25	2.5	1.0766642472668297
11.25	1.25	1.0872347543591587
11.25	-0.0	1.0685440333745686
11.25	-1.25	1.071966124835444
11.25	-2.5	1.0646206354566627
11.25	-3.75	1.064512449855135
11.25	-5.0	1.0805776255685113
11.25	-6.25	1.0727701510741987
11.25	-7.5	1.0786813791703405
11.25	-8.75	1.0699984904330933
11.25	-10.0	1.0813439756315146
11.25	-11.25	1.0722064591318492
11.25	-12.5	1.0548270336424956
11.25	-13.75	1.0632284995023453
11.25	-15.0	1.0611241834637803
11.25	-16.25	1.0537415723679942
11.25	-17.5	1.0641760284219504
11.25	-18.75	1.0491174744798666
11.25	-20.0	1.0521225149652653
11.25	-21.25	1.0635716275728253
11.25	-22.5	1.0636287837190779
11.25	-23.75	1.0711044427091263
11.25	-25.0	1.0788012707757302
11.25	-26.25	1.095295756101488
11.25	-27.5	1.101565690171926
11.25	-28.75	1.1225886475438116
11.25	-30.0	1.0973203729669767
11.25	-31.25	0.9911627654795486
11.25	-32.5	0.938819667466534
11.25	-33.75	0.8420015574949886
11.25	-35.0	0.7788103691932828
11.25	-36.25	0.8679413059781875
11.25	-37.5	0.8095885559616188
11.25	-38.75	0.9021160069688663
12.5	-37.5	0.804843156404867
12.5	-36.25	0.7957606989591598
12.5	-35.0	0.8171168685305096
12.5	-33.75	0.8210371458665803
12.5	-32.5	0.9153932803172412
12.5	-31.25	0.9755358461177802
12.5	-30.0	1.0355270743944849
12.5	-28.75	1.1144378634132428
12.5	-27.5	1.1213296179362646
12.5	-26.25	1.1002136524270154
12.5	-25.0	1.0850179473133148
12.5	-23.75	1.0691693896514542
12.5	-22.5	1.071358274635536
12.5	-21.25	1.0604892811432887
12.5	-20.0	1.0446874720712314
12.5	-18.75	1.0354801111577323
12.5	-17.5	1.0549542798795961
12.5	-16.25	1.0665100467835298
12.5	-15.0	1.049283234893294
12.5	-13.75	1.0755102650085688
12.5	-12.5	1.0650943597331717
12.5	-11.25	1.0587393045990516
12.5	-10.0	1.067825334082462
12.5	-8.75	1.0748640984873274
12.5	-7.5	1.0714137972397153
12.5	-6.25	1.0747069113854018
12.5	-5.0	1.0773996989212695
12.5	-3.75	1.0616697677646345
12.5	-2.5	1.0768074421776266
12.5	-1.25	1.0723902442666269
12.5	0.0	1.0725619759520264
12.5	1.25	1.070730054299879
12.5	2.5	1.0694689529573074
12.5	3.75	1.0792268697861083
12.5	5.0	1.065758979867427
12.5	6.25	1.0765444406747593
12.5	7.5	1.0695774106182252
12.5	8.75	1.0775546121655437
12.5	10.0	1.0816605043761536
12.5	11.25	1.087524631876234
12.5	12.5	1.078862829893394
12.5	13.75	1.092640076267152
12.5	15.0	1.0948118350198635
12.5	16.25	1.0919345585282036
12.5	17.5	1.0890415465490242
12.5	18.75	1.10130024511893
12.5	20.0	1.1130269710058192
12.5	21.25	1.1006880925682399
12.5	22.5	1.1004978991693875
12.5	23.75	1.1054517475552075
12.5	25.0	1.0959846326176892
12.5	26.25	1.0036300029881344
12.5	27.5	1.0223725605899208
12.5	28.75	1.0459608349668355
12.5	30.0	0.9469897617530881
12.5	31.25	0.8433748889046835
12.5	32.5	0.7592604615947874
12.5	33.75	0.7229143231932479
12.5	35.0	0.7014824438016837
12.5	36.25	0.5056646327929146
12.5	37.5	0.6975413334323817
13.75	37.5	0.977817291460743
13.75	36.25	0.3801151671081935
13.75	35.0	0.6719024851943527
13.75	33.75	0.735812759269244
13.75	32.5	0.7397995819148159
13.75	31.25	0.8174731397457381
13.75	30.0	0.9150571484314662
13.75	28.75	1.0129491170510159
13.75	27.5	1.0293707208685003
13.75	26.25	1.0104650286535566
13.75	25.0	1.032972458439751
13.75	23.75	1.0965670155321157
13.75	22.5	1.0975097571243964
13.75	21.25	1.0980583530986148
13.75	20.0	1.089536689830406
13.75	18.75	1.107059483074723
13.75	17.5	1.100831980192085
13.75	16.25	1.0821727883808518
13.75	15.0	1.0892991089269182
13.75	13.75	1.0836081361328593
13.75	12.5	1.0961038827521525
13.75	11.25	1.0950259056474692
13.75	10.0	1.0861132111404785
13.75	8.75	1.0868072434324276
13.75	7.5	1.0763955216183716
13.75	6.25	1.0894999639109462
13.75	5.0	1.0708160602251715
13.75	3.75	1.0779291724279567
13.75	2.5	1.0774326945705497
13.75	1.25	1.071062849452728
13.75	-0.0	1.0829522986011695
13.75	-1.25	1.0759063660726484
13.75	-2.5	1.0859096445943806
13.75	-3.75	1.072538944102892
13.75	-5.0	1.080227433928768
13.75	-6.25	1.0787447626622442
13.75	-7.5	1.073880007871814
13.75	-8.75	1.0582777064147237
13.75	-10.0	1.0591207939886
13.75	-11.25	1.0636243778391046
13.75	-12.5	1.064679584143889
13.75	-13.75	1.060959841536612
13.75	-15.0	1.0514937777692273
13.75	-16.25	1.0409965382517148
13.75	-17.5	1.0618105389435124
13.75	-18.75	1.0471358933488046
13.75	-20.0	1.0445942775800559
13.75	-21.25	1.0677610767532182
13.75	-22.5	1.063524551014287
13.75	-23.75	1.0674098794602283
13.75	-25.0	1.07995867820092
13.75	-26.25	1.1001081798571193
13.75	-27.5	1.0981873050132802
13.75	-28.75	1.0771737150391911
13.75	-30.0	0.9739348740296585
13.75	-31.25	0.9479151346052221
13.75	-32.5	0.8947758447100119
13.75	-33.75	0.8080601482577884
13.75	-35.0	0.9108205969925669
13.75	-36.25	0.7720775724036416
13.75	-37.5	0.9899818840362751
15.0	-37.5	1.011428355696319
15.0	-36.25	0.9138982112530163
15.0	-35.0	0.8902716825743111
15.0	-33.75	0.8291552510306621
15.0	-32.5	0.864629564659449
15.0	-31.25	0.938807290641569
15.0	-30.0	0.9827045764642388
15.0	-28.75	1.0365231419852696
15.0	-27.5	1.0977379704514711
15.0	-26.25	1.1054798820139746
15.0	-25.0	1.085160451622852
15.0	-23.75	1.0820698306343375
15.0	-22.5	1.0845580545570264
15.0	-21.25	1.067157415809029
15.0	-20.0	1.0656157044074843
15.0	-18.75	1.0579287878223125
15.0	-17.5	1.0566629179659826
15.0	-16.25	1.0491042751086619
15.0	-15.0	1.0610782461285413
15.0	-13.75	1.0651594199237955
15.0	-12.5	1.0662938820974581
15.0	-11.25	1.0486478255549256
15.0	-10.0	1.0660033003911682
15.0	-8.75	1.0624195349284902
15.0	-7.5	1.0906731649219958
15.0	-6.25	1.0656130378482933
15.0	-5.0	1.0740850237090214
15.0	-3.75	1.0638114943435308
15.0	-2.5	1.0728116753173849
15.0	-1.25	1.0775671631919452
15.0	0.0	1.0834037544295294
15.0	1.25	1.0713611919031831
15.0	2.5	1.073674912653127
15.0	3.75	1.0684982632007418
15.0	5.0	1.0944198757699792
15.0	6.25	1.0755094199214976
15.0	7.5	1.0857631699528922
15.0	8.75	1.0836602351875868
15.0	10.0	1.0812464537748714
15.0	11.25	1.0937437450380585
15.0	12.5	1.1057545273908715
15.0	13.75	1.1003791631133508
15.0	15.0	1.0988845963694407
15.0	16.25	1.099448114773367
15.0	17.5	1.1051084389989303
15.0	18.75	1.0970250876449312
15.0	20.0	1.1012834390264339
15.0	21.25	1.09577846124772
15.0	22.5	1.0771172430433755
15.0	23.75	1.0845963326563048
15.0	25.0	1.0282902694181275
15.0	26.25	1.0324959020662168
15.0	27.5	1.03761891802842
15.0	28.75	0.9709174288584226
15.0	30.0	0.8809222236805629
15.0	31.25	0.766620589944537
15.0	32.5	0.7323602024267338
15.0	33.75	0.7429633672388224
15.0	35.0	0.5929820629562976
15.0	36.25	0.37505238766683296
15.0	37.5	0.8943995676986187
16.25	36.25	0.8191385353768151
16.25	35.0	0.46681120648380187
16.25	33.75	0.7017529264108731
16.25	32.5	0.7494042464204371
16.25	31.25	0.7465975498071624
16.25	30.0	0.8549919661764254
16.25	28.75	0.9183070712511747
16.25	27.5	1.0111435187068516
16.25	26.25	1.0407922519893695
16.25	25.0	1.0377826113616113
16.25	23.75	1.0476446413444518
16.25	22.5	1.0830245990435257
16.25	21.25	1.0943158353212488
16.25	20.0	1.1003860242223333
16.25	18.75	1.0953769554274149
16.25	17.5	1.0938762610358175
16.25	16.25	1.1133138229293909
16.25	15.0	1.0917734097860892
16.25	13.75	1.0973057738848009
16.25	12.5	1.102857116768496
16.25	11.25	1.086032447888789
16.25	10.0	1.0758141857042012
16.25	8.75	1.0849704735952213
16.25	7.5	1.0860276449882726
16.25	6.25	1.0787426985683621
16.25	5.0	1.0678838017930967
16.25	3.75	1.0665898619299208
16.25	2.5	1.0774217800414376
16.25	1.25	1.07961115889006
16.25	-0.0	1.0852628598395055
16.25	-1.25	1.0746112852954015
16.25	-2.5	1.0576067434145493
16.25	-3.75	1.067500144363416
16.25	-5.0	1.0576031657625058
16.25	-6.25	1.0734654741650722
16.25	-7.5	1.0719542241856863
16.25	-8.75	1.0540018164930398
16.25	-10.0	1.053985549034072
16.25	-11.25	1.0681691605926322
16.25	-12.5	1.0441586711024937
16.25	-13.75	1.0676745838748702
16.25	-15.0	1.0425922026156644
16.25	-16.25	1.069803420560357
16.25	-17.5	1.0660890566794203
16.25	-18.75	1.043911851428397
16.25	-20.0	1.064490875912382
16.25	-21.25	1.080252579145356
16.25	-22.5	1.091007846860515
16.25	-23.75	1.0949857385089479
16.25	-25.0	1.105056522652845
16.25	-26.25	1.1016948447846995
16.25	-27.5	1.0891417005400035
16.25	-28.75	1.0167907378076146
16.25	-30.0	0.9661896379548731
16.25	-31.25	0.925638530635742
16.25	-32.5	0.8422992590425852
16.25	-33.75	0.8843637081434329
16.25	-35.0	0.8168120252060217
16.25	-36.25	0.9455989973433682
17.5	-36.25	0.7971706742891018
17.5	-35.0	0.7513636002808783
17.5	-33.75	0.8940736605232705
17.5	-32.5	0.8619659592749567
17.5	-31.25	0.9122841801639425
17.5	-30.0	0.9689059653068041
17.5	-28.75	0.9998991676966558
17.5	-27.5	1.0427918741759976
17.5	-26.25	1.0983633049701673
17.5	-25.0	1.090777912674042
17.5	-23.75	1.0963376016264765
17.5	-22.5	1.0827167715669104
17.5	-21.25	1.0768804016786575
17.5	-20.0	1.0757283849028725
17.5	-18.75	1.070790134927708
17.5	-17.5	1.0460081094288607
17.5	-16.25	1.062083836206824
17.5	-15.0	1.0561968708051395
17.5	-13.75	1.0599281719101048
17.5	-12.5	1.062092278649826
17.5	-11.25	1.0645964089531277
17.5	-10.0	1.065008079190986
17.5	-8.75	1.0691408708942045
17.5	-7.5	1.0586139119459452
17.5	-6.25	1.062939957694504
17.5	-5.0	1.0636301396147363
17.5	-3.75	1.0619825308950053
17.5	-2.5	1.0699220505545117
17.5	-1.25	1.0805714949293335
17.5	0.0	1.0706673474110526
17.5	1.25	1.079582210781123
17.5	2.5	1.0821056528375328
17.5	3.75	1.0859000088027428
17.5	5.0	1.0787644913732477
17.5	6.25	1.0831984241337027
17.5	7.5	1.0881020323158839
17.5	8.75	1.0765865810238084
17.5	10.0	1.087023293792935
17.5	11.25	1.0861556601511964
17.5	12.5	1.08883051090729
17.5	13.75	1.1091607778558767
17.5	15.0	1.0963495270535217
17.5	16.25	1.0978641878397135
17.5	17.5	1.0959522105987445
17.5	18.75	1.1013216339678324
17.5	20.0	1.0833279817299628
17.5	21.25	1.07499033664569
17.5	22.5	1.0823158267489363
17.5	23.75	1.0424531086730608
17.5	25.0	1.0128162148291835
17.5	26.25	1.0262155397456358
17.5	27.5	0.953601771743717
17.5	28.75	0.8962345820152926
17.5	30.0	0.8136818340377661
17.5	31.25	0.711500858400974
17.5	32.5	0.7262662226367214
17.5	33.75	0.6195460182514154
17.5	35.0	0.30721911438223326
17.5	36.25	0.8448741660487947
18.75	35.0	0.7733088805500633
18.75	33.75	0.4610481673746961
18.75	32.5	0.6780550184758594
18.75	31.25	0.741213849471181
18.75	30.0	0.7150530266483819
18.75	28.75	0.8244785657169107
18.75	27.5	0.9084374104651022
18.75	26.25	0.9838322592103478
18.75	25.0	1.0360164204377207
18.75	23.75	1.0429564060419365
18.75	22.5	1.0438843360033192
18.75	21.25	1.0878723855013794
18.75	20.0	1.0938875159888144
18.75	18.75	1.099975106291473
18.75	17.5	1.0795326062180464
18.75	16.25	1.0871908775966008
18.75	15.0	1.1041867557841478
18.75	13.75	1.0968929429714704
18.75	12.5	1.0984836052283995
18.75	11.25	1.092261645790619
18.75	10.0	1.0827373347296099
18.75	8.75	1.0865832191090221
18.75	7.5	1.0908898305092418
18.75	6.25	1.0827152006258178
18.75	5.0	0.9479378516385646
18.75	3.75	1.0877295125298974
18.75	2.5	1.0655476572222136
18.75	1.25	1.0722025796068246
18.75	-0.0	1.07439470954048
18.75	-1.25	1.079903879161246
18.75	-2.5	1.075368383876747
18.75	-3.75	1.0685716349600947
18.75	-5.0	1.0726668104564039
18.75	-6.25	1.0738161310035952
18.75	-7.5	1.069145320498643
18.75	-8.75	1.0657508230003292
18.75	-10.0	1.0658446821636232
18.75	-11.25	1.0674104598129985
18.75	-12.5	1.061768095693472
18.75	-13.75	1.0703155025162197
18.75	-15.0	1.0722565014179195
18.75	-16.25	1.0451357814259967
18.75	-17.5	1.0731595468480273
18.75	-18.75	1.0637057150208846
18.75	-20.0	1.0900775393276765
18.75	-21.25	1.085985473982969
18.75	-22.5	1.0991624355366592
18.75	-23.75	1.1074249966649687
18.75	-25.0	1.0968074200719524
18.75	-26.25	1.0483760621651304
18.75	-27.5	1.0434258793548459
18.75	-28.75	0.9857081282188022
18.75	-30.0	0.963702705617871
18.75	-31.25	0.8944328898308552
18.75	-32.5	0.9082800075368193
18.75	-33.75	0.779916926482826
18.75	-35.0	0.8076784376229387
20.0	-35.0	0.8149999702629455
20.0	-33.75	0.8065783397350517
20.0	-32.5	0.9086699805709508
20.0	-31.25	0.8957393253495314
20.0	-30.0	0.9324030741635304
20.0	-28.75	0.9879581107846225
20.0	-27.5	1.0083767726892674
20.0	-26.25	1.0534552211741877
20.0	-25.0	1.0660892664166541
20.0	-23.75	1.097519484932795
20.0	-22.5	1.1084103619430696
20.0	-21.25	1.0980873306348733
20.0	-20.0	1.0873192350896197
20.0	-18.75	1.0842943648710448
20.0	-17.5	1.061068154843892
20.0	-16.25	1.077904030409697
20.0	-15.0	1.0737213119373716
20.0	-13.75	1.0572174265597223
20.0	-12.5	1.0633498987537444
20.0	-11.25	1.0628410529876995
20.0	-10.0	1.0507241927232966
20.0	-8.75	1.0735928966650319
20.0	-7.5	1.0680293755522512
20.0	-6.25	1.064787188067469
20.0	-5.0	1.0722699050171602
20.0	-3.75	1.077802171688445
20.0	-2.5	1.0775071068539581
20.0	-1.25	1.0742089446789498
20.0	0.0	1.081590517435733
20.0	1.25	1.0818309418458958
20.0	2.5	1.0800257374531097
20.0	3.75	1.0644893224663488
20.0	5.0	1.0820245174224783
20.0	6.25	1.0791515214654026
20.0	7.5	1.0670393712108566
20.0	8.75	1.082607957447945
20.0	10.0	1.0958299026150713
20.0	11.25	1.0864620120594397
20.0	12.5	1.0868016052901195
20.0	13.75	1.098656371275394
20.0	15.0	1.0921052550734864
20.0	16.25	1.1076896964678937
20.0	17.5	1.1024279932153975
20.0	18.75	1.0877898132150539
20.0	20.0	1.0926970639443048
20.0	21.25	1.0745770913905421
20.0	22.5	1.0524370184691831
20.0	23.75	1.0320944851735867
20.0	25.0	1.0059327350233345
20.0	26.25	0.9288049900610486
20.0	27.5	0.871485408208483
20.0	28.75	0.756119014059627
20.0	30.0	0.7265554569481794
20.0	31.25	0.7045439236758219
20.0	32.5	0.5948634475627265
20.0	33.75	0.3858946612544842
20.0	35.0	0.9181219185076542
21.25	33.75	0.7843313802917599
21.25	32.5	0.44481548878349436
21.25	31.25	0.6882315194815518
21.25	30.0	0.717095395978391
21.25	28.75	0.7190477790563518
21.25	27.5	0.7946547964962661
21.25	26.25	0.8813460887414934
21.25	25.0	0.9317653470017676
21.25	23.75	1.0044876718856983
21.25	22.5	1.0272422113360336
21.25	21.25	1.048272520410564
21.25	20.0	1.070924870585845
21.25	18.75	1.0936923698385164
21.25	17.5	1.0789307109230852
21.25	16.25	1.0818201277357902
21.25	15.0	1.0989463294438724
21.25	13.75	1.0940423155863277
21.25	12.5	1.1002180314232275
21.25	11.25	1.1004817660416197
21.25	10.0	1.090277817426494
21.25	8.75	1.0934458815101136
21.25	7.5	1.0888178837705977
21.25	6.25	1.0857943397505991
21.25	5.0	1.06631438536034
21.25	3.75	1.0866547251395209
21.25	2.5	1.0932628925018157
21.25	1.25	1.0805916819723567
21.25	-0.0	1.0765714668112027
21.25	-1.25	1.0786362885294258
21.25	-2.5	1.0841870397213862
21.25	-3.75	1.0766456778523907
21.25	-5.0	1.0812996074202759
21.25	-6.25	1.0732988623902662
21.25	-7.5	1.0631074735486024
21.25	-8.75	1.062664733713098
21.25	-10.0	1.073845700348257
21.25	-11.25	1.0648368951755445
21.25	-12.5	1.0591989795074435
21.25	-13.75	1.0777193787179489
21.25	-15.0	1.061891421676452
21.25	-16.25	1.0696703860241104
21.25	-17.5	1.0794828407078274
21.25	-18.75	1.0917551544054163
21.25	-20.0	1.0973489765923579
21.25	-21.25	1.1165395227193429
21.25	-22.5	1.1030660427361367
21.25	-23.75	1.0873787444115217
21.25	-25.0	1.0465319445496322
21.25	-26.25	1.035646869418871
21.25	-27.5	1.010652876824903
21.25	-28.75	0.9744208504619144
21.25	-30.0	0.9267799511019867
21.25	-31.25	0.9565978189591193
21.25	-32.5	0.7413724950144835
21.25	-33.75	0.8421171843584561
22.5	-32.5	0.7560422841104668
22.5	-31.25	0.8540202047941574
22.5	-30.0	0.9553744267331638
22.5	-28.75	0.9605088022042844
22.5	-27.5	1.0087011804405044
22.5	-26.25	1.0141666392290978
22.5	-25.0	1.042851565385834
22.5	-23.75	1.052506738738356
22.5	-22.5	1.0861592763133137
22.5	-21.25	1.097813003651202
22.5	-20.0	1.1052429455777035
22.5	-18.75	1.1015287390820956
22.5	-17.5	1.090405753948628
22.5	-16.25	1.0832263260329507
22.5	-15.0	1.0761421556546715
22.5	-13.75	1.0772534002438159
22.5	-12.5	1.0704661283668493
22.5	-11.25	1.0577690610024448
22.5	-10.0	1.0768198903341901
22.5	-8.75	1.0638650389217708
22.5	-7.5	1.0767696237485958
22.5	-6.25	1.0707472629407795
22.5	-5.0	1.0748170827014947
22.5	-3.75	1.0796531570196695
22.5	-2.5	1.094992453926354
22.5	-1.25	1.0856403605512577
22.5	0.0	1.0744380945658032
22.5	1.25	1.085778468493491
22.5	2.5	1.0681304144022092
22.5	3.75	1.0858620713165057
22.5	5.0	1.0806302562823007
22.5	6.25	1.0874166860977164
22.5	7.5	1.086535759742874
22.5	8.75	1.07910823865838
22.5	10.0	1.0757974908197177
22.5	11.25	1.0801711801140654
22.5	12.5	1.087500026648922
22.5	13.75	1.0880540800293803
22.5	15.0	1.0849653755221467
22.5	16.25	1.0913426173007588
22.5	17.5	1.0891688568792441
22.5	18.75	1.0604223578028364
22.5	20.0	1.0545925477158082
22.5	21.25	1.024836301721836
22.5	22.5	1.0049802592101198
22.5	23.75	0.9673065596637982
22.5	25.0	0.8949317906417263
22.5	26.25	0.8265474064310793
22.5	27.5	0.7343256996193516
22.5	28.75	0.722349508967445
22.5	30.0	0.7089732034482576
22.5	31.25	0.5523543228499942
22.5	32.5	0.6505056533251004
23.75	32.5	34.485294134040124
23.75	31.25	0.45265321810821363
23.75	30.0	0.6142589830168006
23.75	28.75	0.7209424241837128
23.75	27.5	0.7411381138541405
23.75	26.25	0.738357766383376
23.75	25.0	0.8331733570939274
23.75	23.75	0.91262315437036
23.75	22.5	0.9681981783083412
23.75	21.25	1.015490610025627
23.75	20.0	1.0336001635711078
23.75	18.75	1.0494217801948285
23.75	17.5	1.0685824090734097
23.75	16.25	1.0809587425193763
23.75	15.0	1.0795861120363504
23.75	13.75	1.076791935769096
23.75	12.5	1.0900947115505126
23.75	11.25	1.1067634390664074
23.75	10.0	1.0935850930713256
23.75	8.75	1.0899887138415614
23.75	7.5	1.0623668276026121
23.75	6.25	1.0700865642364068
23.75	5.0	1.0725234169423006
23.75	3.75	1.0705360129780628
23.75	2.5	1.0716830596291271
23.75	1.25	1.0721848606675293
23.75	-0.0	1.0631390669754734
23.75	-1.25	1.0786488063607762
23.75	-2.5	1.0854169479928046
23.75	-3.75	1.073807024422136
23.75	-5.0	1.0890783524273406
23.75	-6.25	1.0749054539032392
23.75	-7.5	1.0795657826061777
23.75	-8.75	1.0952229476481197
23.75	-10.0	1.089220071802057
23.75	-11.25	1.0717946852779794
23.75	-12.5	1.0808249596997253
23.75	-13.75	1.0787768693107629
23.75	-15.0	1.079708163904416
23.75	-16.25	1.0785167910886087
23.75	-17.5	1.0984766713262784
23.75	-18.75	1.0948679115915734
23.75	-20.0	1.1049686078685765
23.75	-21.25	1.0833850341666735
23.75	-22.5	1.0650693628432117
23.75	-23.75	1.03952544664644
23.75	-25.0	1.0285094330266165
23.75	-26.25	1.024118556919721
23.75	-27.5	0.9848441955976824
23.75	-28.75	0.9469348834935307
23.75	-30.0	0.9633393332561346
23.75	-31.25	0.7185247469521161
23.75	-32.5	1.0091767359331627
25.0	-31.25	0.9880486642455538
25.0	-30.0	0.7990752203203147
25.0	-28.75	0.9951570330021876
25.0	-27.5	0.9998599303560114
25.0	-26.25	1.003923860138111
25.0	-25.0	1.0420741136829446
25.0	-23.75	1.0419633096044834
25.0	-22.5	1.0403379032021836
25.0	-21.25	1.058585207984285
25.0	-20.0	1.0574559040681288
25.0	-18.75	1.0859877199989192
25.0	-17.5	1.1122414274181496
25.0	-16.25	1.1028380941158653
25.0	-15.0	1.095683023003031
25.0	-13.75	1.0911285038566647
25.0	-12.5	1.0761858721632438
25.0	-11.25	1.0775091005529371
25.0	-10.0	1.0871245487837995
25.0	-8.75	1.0831912288475944
25.0	-7.5	1.0770799506100934
25.0	-6.25	1.0912082493716346
25.0	-5.0	1.0905348330669957
25.0	-3.75	1.085551473355192
25.0	-2.5	1.077443554914762
25.0	-1.25	1.0772055172897845
25.0	0.0	1.0642507352338455
25.0	1.25	1.0812500537373975
25.0	2.5	1.0692357927950984
25.0	3.75	1.0757657071972926
25.0	5.0	1.0642140685007568
25.0	6.25	1.0703949886006638
25.0	7.5	1.0816720312304657
25.0	8.75	1.0778477504560238
25.0	10.0	1.081034544653256
25.0	11.25	1.0855890048196126
25.0	12.5	1.0873971129682716
25.0	13.75	1.084039020828448
25.0	15.0	1.083131943397576
25.0	16.25	1.0755201869558944
25.0	17.5	1.0586904741312573
25.0	18.75	1.030299499057344
25.0	20.0	1.0107415422660881
25.0	21.25	0.9644336225434311
25.0	22.5	0.9168452373348093
25.0	23.75	0.8427418327752816
25.0	25.0	0.7560103867190532
25.0	26.25	0.7228297885333163
25.0	27.5	0.721426300570082
25.0	28.75	0.6347523669134553
25.0	30.0	0.3963116324977254
25.0	31.25	0.6081711635312302
26.25	30.0	0.7628367873741846
26.25	28.75	0.500851504601095
26.25	27.5	0.6437579359655291
26.25	26.25	0.7154798122569854
26.25	25.0	0.7259307725686575
26.25	23.75	0.7647202249069575
26.25	22.5	0.8255654586855181
26.25	21.25	0.9134836516595849
26.25	20.0	0.9481063764134503
26.25	18.75	0.9940329304458042
26.25	17.5	1.015168859961537
26.25	16.25	1.035630235327617
26.25	15.0	1.0672309699279354
26.25	13.75	1.0632679177819988
26.25	12.5	1.0862972781531215
26.25	11.25	1.0785722900803125
26.25	10.0	1.0887630220875704
26.25	8.75	1.0834261563881509
26.25	7.5	1.0677493236900437
26.25	6.25	1.071506893646225
26.25	5.0	1.0803814898755766
26.25	3.75	1.079208177911872
26.25	2.5	1.0859983419447508
26.25	1.25	1.0750691596255197
26.25	-0.0	1.0724231889926903
26.25	-1.25	1.0782955233602594
26.25	-2.5	1.0863945463646105
26.25	-3.75	1.0828431101018219
26.25	-5.0	1.090287436059877
26.25	-6.25	1.077249551026686
26.25	-7.5	1.0827699423787551
26.25	-8.75	1.0947698528271796
26.25	-10.0	1.0885773931627631
26.25	-11.25	1.0866783292901083
26.25	-12.5	1.0989485778841193
26.25	-13.75	1.0956526083863
26.25	-15.0	1.0941839966428626
26.25	-16.25	1.0972891635069861
26.25	-17.5	1.0951095677951554
26.25	-18.75	1.070747683189291
26.25	-20.0	1.0778479226379165
26.25	-21.25	1.0475645254012271
26.25	-22.5	1.0517459998822658
26.25	-23.75	1.0481596481674416
26.25	-25.0	1.0192989173927156
26.25	-26.25	1.0117856831350467
26.25	-27.5	1.023391319757071
26.25	-28.75	0.879259450714542
26.25	-30.0	0.7860759898594637
27.5	-28.75	0.7044870617015563
27.5	-27.5	0.9442109279323765
27.5	-26.25	1.0385807060082484
27.5	-25.0	1.0499957318612478
27.5	-23.75	1.0490383251092057
27.5	-22.5	1.068294384537382
27.5	-21.25	1.0706685411695809
27.5	-20.0	1.0650079059725235
27.5	-18.75	1.0526446928105426
27.5	-17.5	1.077673120529071
27.5	-16.25	1.0758940571538969
27.5	-15.0	1.0818286026438673
27.5	-13.75	1.0968259332049397
27.5	-12.5	1.0911384851891182
27.5	-11.25	1.0890385981509316
27.5	-10.0	1.0821041802178561
27.5	-8.75	1.0832471010212503
27.5	-7.5	1.0815457625597258
27.5	-6.25	1.079092131612392
27.5	-5.0	1.0819481360753445
27.5	-3.75	1.082321204543518
27.5	-2.5	1.0679399432110317
27.5	-1.25	1.0732341010017694
27.5	0.0	1.0807604828952988
27.5	1.25	1.0795097241783154
27.5	2.5	1.079513416791121
27.5	3.75	1.0823503754423789
27.5	5.0	1.0849519998249606
27.5	6.25	1.069375031516928
27.5	7.5	1.063117666733515
27.5	8.75	1.0711718360693392
27.5	10.0	1.0711202042527457
27.5	11.25	1.0730058220978331
27.5	12.5	1.0553633494575985
27.5	13.75	1.0694877575100405
27.5	15.0	1.0270062454758335
27.5	16.25	1.0018178869006351
27.5	17.5	0.9767283728248359
27.5	18.75	0.9349521452197398
27.5	20.0	0.9015316643159553
27.5	21.25	0.8165112347924696
27.5	22.5	0.7399513102169147
27.5	23.75	0.7181254545533524
27.5	25.0	0.7227996492076033
27.5	26.25	0.6698480812226987
27.5	27.5	0.4806938275000722
27.5	28.75	0.7778964477817674
28.75	27.5	0.6859238836023922
28.75	26.25	0.5015566116274218
28.75	25.0	0.6329580378127171
28.75	23.75	0.7132477902728187
28.75	22.5	0.7491291404620471
28.75	21.25	0.7159302797361812
28.75	20.0	0.8027133115312144
28.75	18.75	0.889568124449102
28.75	17.5	0.9360955668659872
28.75	16.25	0.9621984606328811
28.75	15.0	1.0090479059888875
28.75	13.75	1.0210740534025087
28.75	12.5	1.0245030773400128
28.75	11.25	1.046582977976749
28.75	10.0	1.062261011012839
28.75	8.75	1.0675106074884613
28.75	7.5	1.0617144331502484
28.75	6.25	1.0582229301698711
28.75	5.0	1.068436815492508
28.75	3.75	1.082336731583831
28.75	2.5	1.070031779199882
28.75	1.25	1.0759911105475435
28.75	-0.0	1.079807244308284
28.75	-1.25	1.0801771838697125
28.75	-2.5	1.091627558903535
28.75	-3.75	1.0881990080685342
28.75	-5.0	1.0853571398736732
28.75	-6.25	1.082383482934745
28.75	-7.5	1.0833787528761811
28.75	-8.75	1.0802482672265392
28.75	-10.0	1.073959672675799
28.75	-11.25	1.0819077810790039
28.75	-12.5	1.0857168307952638
28.75	-13.75	1.0797022688787756
28.75	-15.0	1.0729842615220966
28.75	-16.25	1.0736145192845319
28.75	-17.5	1.0801959396429086
28.75	-18.75	1.0856927187311765
28.75	-20.0	1.067106090733383
28.75	-21.25	1.0832779595681417
28.75	-22.5	1.0698102917746566
28.75	-23.75	1.0636064818724376
28.75	-25.0	1.0569223235131662
28.75	-26.25	0.9598718666297814
28.75	-27.5	0.6939335230715779
30.0	-26.25	0.7425659620492888
30.0	-25.0	0.961278020288042
30.0	-23.75	1.0664937956316687
30.0	-22.5	1.0752155852599201
30.0	-21.25	1.0763810095887711
30.0	-20.0	1.0878538370431357
30.0	-18.75	1.0861298586185704
30.0	-17.5	1.0932784883709206
30.0	-16.25	1.083422739693913
30.0	-15.0	1.0780343024406651
30.0	-13.75	1.0767701210904765
30.0	-12.5	1.068640407715389
30.0	-11.25	1.0676949994894593
30.0	-10.0	1.0755418800193677
30.0	-8.75	1.072807694452975
30.0	-7.5	1.0800204847431214
30.0	-6.25	1.076425050099485
30.0	-5.0	1.078446635849632
30.0	-3.75	1.07723380279737
30.0	-2.5	1.085402483015935
30.0	-1.25	1.0817913384224853
30.0	0.0	1.0765768099139115
30.0	1.25	1.0641713896414782
30.0	2.5	1.0655116192351504
30.0	3.75	1.0648932125783768
30.0	5.0	1.0679477706240021
30.0	6.25	1.0695885156291483
30.0	7.5	1.0558379821239825
30.0	8.75	1.0434654349544272
30.0	10.0	1.0242554688877763
30.0	11.25	1.0162663338537343
30.0	12.5	1.0002317864452708
30.0	13.75	0.9829900061100526
30.0	15.0	0.9587747116485033
30.0	16.25	0.898153796328064
30.0	17.5	0.8440027082930543
30.0	18.75	0.7818450481229124
30.0	20.0	0.7304317569323714
30.0	21.25	0.7390112202742876
30.0	22.5	0.6997096615755335
30.0	23.75	0.6273527901858715
30.0	25.0	0.4091961867824547
30.0	26.25	0.9092694592847402
31.25	25.0	0.8492263137979856
31.25	23.75	0.41078473054200326
31.25	22.5	0.5784110512146782
31.25	21.25	0.6843483151165529
31.25	20.0	0.7210715398585025
31.25	18.75	0.7384447426673862
31.25	17.5	0.7594471087461591
31.25	16.25	0.8335109420983806
31.25	15.0	0.8679898750554412
31.25	13.75	0.9228344687695772
31.25	12.5	0.9617854368989506
31.25	11.25	0.9935901930030148
31.25	10.0	0.9958922088501413
31.25	8.75	1.0184981102884818
31.25	7.5	1.0188891026575286
31.25	6.25	1.0348876235781899
31.25	5.0	1.0436350474860732
31.25	3.75	1.0465237197125268
31.25	2.5	1.061820991348118
31.25	1.25	1.0504665537533895
31.25	-0.0	1.0695479803647292
31.25	-1.25	1.076402586726687
31.25	-2.5	1.0642245051563455
31.25	-3.75	1.0607379083817978
31.25	-5.0	1.0674959839336025
31.25	-6.25	1.050368209673243
31.25	-7.5	1.0642903344182484
31.25	-8.75	1.0630579045403241
31.25	-10.0	1.0645385881657925
31.25	-11.25	1.0658223664548367
31.25	-12.5	1.0645517359504866
31.25	-13.75	1.0809968028889543
31.25	-15.0	1.0872007026666477
31.25	-16.25	1.1092124798241727
31.25	-17.5	1.0961308354200465
31.25	-18.75	1.0898215113837388
31.25	-20.0	1.0831814077576103
31.25	-21.25	1.0765123574132713
31.25	-22.5	1.0629878249471465
31.25	-23.75	0.9498051777740475
31.25	-25.0	0.6628057264623515
32.5	-23.75	0.7036123631393587
32.5	-22.5	0.7989607627247569
32.5	-21.25	1.0344768402561064
32.5	-20.0	1.0801428913404647
32.5	-18.75	1.0836144950121154
32.5	-17.5	1.0970542145005688
32.5	-16.25	1.1074186194672033
32.5	-15.0	1.1014024178963968
32.5	-13.75	1.098883612706809
32.5	-12.5	1.085520113402999
32.5	-11.25	1.0735859659909917
32.5	-10.0	1.0590361949419655
32.5	-8.75	1.0783367797885755
32.5	-7.5	1.0513124668186873
32.5	-6.25	1.0519409535559021
32.5	-5.0	1.0564845329726202
32.5	-3.75	1.0500165052257373
32.5	-2.5	1.0429454950255936
32.5	-1.25	1.033097843863034
32.5	0.0	1.0484561381710589
32.5	1.25	1.044975640950964
32.5	2.5	1.0327340070813584
32.5	3.75	1.0177132803638078
32.5	5.0	1.014822720503101
32.5	6.25	1.010579242943089
32.5	7.5	0.9983049394467449
32.5	8.75	1.0007504200823207
32.5	10.0	0.951947012683185
32.5	11.25	0.923802468897104
32.5	12.5	0.8861749604665503
32.5	13.75	0.8175531321820085
32.5	15.0	0.7717202869407149
32.5	16.25	0.7500678385931142
32.5	17.5	0.7180513267485111
32.5	18.75	0.6965004077732037
32.5	20.0	0.6487730539749216
32.5	21.25	0.5132753487879478
32.5	22.5	0.5091584035685545
32.5	23.75	0.942697309637505
33.75	21.25	0.9019604492012335
33.75	20.0	0.43235754118637376
33.75	18.75	0.5764102937083891
33.75	17.5	0.6778370255115643
33.75	16.25	0.7055007395035461
33.75	15.0	0.7014952089656283
33.75	13.75	0.740581724792717
33.75	12.5	0.7611934076040688
33.75	11.25	0.7903840291751575
33.75	10.0	0.8589865938339962
33.75	8.75	0.9033420744298402
33.75	7.5	0.9662559294828371
33.75	6.25	0.9640909203177006
33.75	5.0	0.9940918844810978
33.75	3.75	1.0084652082744274
33.75	2.5	1.0140463231444283
33.75	1.25	1.0181289518507497
33.75	-0.0	1.0370916109318637
33.75	-1.25	1.0457146133964919
33.75	-2.5	1.0511244180353163
33.75	-3.75	1.0552536414074847
33.75	-5.0	1.0596098601712212
33.75	-6.25	1.0640917858609467
33.75	-7.5	1.0770655389670942
33.75	-8.75	1.080086743087374
33.75	-10.0	1.0820412905867116
33.75	-11.25	1.1014010530568634
33.75	-12.5	1.099825829994732
33.75	-13.75	1.077444221687451
33.75	-15.0	1.0974136110977344
33.75	-16.25	1.067334891291011
33.75	-17.5	1.0713411224746052
33.75	-18.75	1.0402641335575395
33.75	-20.0	0.9141786181094299
33.75	-21.25	0.6592523354251257
35.0	-20.0	0.652551932471078
35.0	-18.75	0.6732305741205646
35.0	-17.5	0.8686508410420619
35.0	-16.25	0.9831553757962878
35.0	-15.0	1.0218519018924215
35.0	-13.75	1.0510497688274776
35.0	-12.5	1.065230933303944
35.0	-11.25	1.0717927590933254
35.0	-10.0	1.0633944152011656
35.0	-8.75	1.062727988920854
35.0	-7.5	1.0659623613660134
35.0	-6.25	1.057882694565753
35.0	-5.0	1.057920800525817
35.0	-3.75	1.0442081552983742
35.0	-2.5	1.042589558649043
35.0	-1.25	1.0310275192997327
35.0	0.0	1.014263053462457
35.0	1.25	1.0007989250070615
35.0	2.5	0.9663362591220813
35.0	3.75	0.9576433876233785
35.0	5.0	0.9123728091731665
35.0	6.25	0.8748027316251236
35.0	7.5	0.8232699209299654
35.0	8.75	0.7813358731224579
35.0	10.0	0.765884869939074
35.0	11.25	0.7383863775041333
35.0	12.5	0.7047243530818047
35.0	13.75	0.7152490034858925
35.0	15.0	0.6988917816508443
35.0	16.25	0.603578604201773
35.0	17.5	0.4728434962168569
35.0	18.75	0.012146754825225576
35.0	20.0	0.8315826680770358
36.25	17.5	1.021227513231058
36.25	16.25	0.6539725525886937
36.25	15.0	0.49473573074003596
36.25	13.75	0.6057205163873275
36.25	12.5	0.6887413425328935
36.25	11.25	0.7223401261384541
36.25	10.0	0.7147903102916634
36.25	8.75	0.7176851812024643
36.25	7.5	0.7490453046657197
36.25	6.25	0.7724937756250339
36.25	5.0	0.7778236941823297
36.25	3.75	0.8213642478265063
36.25	2.5	0.8598977116019169
36.25	1.25	0.870792504670001
36.25	-0.0	0.9131608751338312
36.25	-1.25	0.941348579070038
36.25	-2.5	0.9514313004032806
36.25	-3.75	0.9775408428170516
36.25	-5.0	0.967079114701456
36.25	-6.25	0.9909475930242059
36.25	-7.5	0.9956055710281835
36.25	-8.75	0.9912319000697447
36.25	-10.0	0.9424057005310353
36.25	-11.25	0.9258621515488141
36.25	-12.5	0.9058848411502758
36.25	-13.75	0.8645873412523106
36.25	-15.0	0.7294130805676814
36.25	-16.25	0.5945508676844553
36.25	-17.5	0.5780710727169953
37.5	-15.0	0.7457139884673786
37.5	-13.75	0.5241024929079545
37.5	-12.5	0.6455706276600829
37.5	-11.25	0.7163179148252695
37.5	-10.0	0.7775228576327209
37.5	-8.75	0.7950938482659159
37.5	-7.5	0.8156668147746389
37.5	-6.25	0.8085731160192474
37.5	-5.0	0.8184001253330772
37.5	-3.75	0.8031775494100936
37.5	-2.5	0.7939715733849072
37.5	-1.25	0.7880974051705971
37.5	0.0	0.7804416350698371
37.5	1.25	0.7607853780110067
37.5	2.5	0.7527130529576675
37.5	3.75	0.7488088332572047
37.5	5.0	0.7455729152833145
37.5	6.25	0.7454037660563297
37.5	7.5	0.735283136008171
37.5	8.75	0.7134343521876969
37.5	10.0	0.6705902816498123
37.5	11.25	0.5751377577420792
37.5	12.5	0.5207889405197423
37.5	13.75	22.439818301779844
37.5	15.0	0.8980803430365415
38.75	11.25	0.9173375558224541
38.75	10.0	0.7186267786333821
38.75	8.75	0.64129476574486
38.75	7.5	0.633381076985542
38.75	6.25	0.6993061388191858
38.75	5.0	0.7164473868830886
38.75	3.75	0.7403590861216941
38.75	2.5	0.7485353882273296
38.75	1.25	0.7428077029821589
38.75	-0.0	0.7390348399343383
38.75	-1.25	0.7538229307714064
38.75	-2.5	0.7389536602113704
38.75	-3.75	0.7395904050316928
38.75	-5.0	0.7347466334464053
38.75	-6.25	0.7140323350588614
38.75	-7.5	0.6941974532108575
38.75	-8.75	0.6500918562548973
38.75	-10.0	0.6281849413046624
38.75	-11.25	0.8071040605781331
40.0	-6.25	0.8430251148646664
40.0	-5.0	0.8209137292850385
40.0	-3.75	0.7822467587438612
40.0	-2.5	0.7708773852517129
40.0	-1.25	0.7616283133000954
40.0	0.0	0.7366710364977076
40.0	1.25	0.7462492139872644
40.0	2.5	0.8249217450622832
40.0	3.75	0.8417069512762484
40.0	5.0	0.81791129857131
40.0	6.25	0.8475616271506667
