-40.0	6.25	0.8614904265053999
-40.0	5.0	0.8730562821691737
-40.0	3.75	0.7172695544883565
-40.0	2.5	0.7030761398137545
-40.0	1.25	0.6992393785589448
-40.0	-0.0	0.6849737222094611
-40.0	-1.25	0.651344676510117
-40.0	-2.5	0.6449487435566833
-40.0	-3.75	0.7268274515716961
-40.0	-5.0	0.7196239285526189
-40.0	-6.25	0.725095257734668
-38.75	-11.25	0.5702189115941868
-38.75	-10.0	0.49201620770895466
-38.75	-8.75	0.5367287386969825
-38.75	-7.5	0.5945105779030598
-38.75	-6.25	0.6278291995017415
-38.75	-5.0	0.6652197293782335
-38.75	-3.75	0.6852772014948011
-38.75	-2.5	0.6998860097715858
-38.75	-1.25	0.7037335176860468
-38.75	0.0	0.7030807526294818
-38.75	1.25	0.7086783282980932
-38.75	2.5	0.7052102487820806
-38.75	3.75	0.7006036716828756
-38.75	5.0	0.689031376046191
-38.75	6.25	0.6776277242624221
-38.75	7.5	0.656432968214813
-38.75	8.75	0.6359852592687024
-38.75	10.0	0.7253359602189743
-38.75	11.25	0.8576392459169973
-37.5	15.0	0.9957748617507112
-37.5	13.75	0.8480649164432245
-37.5	12.5	0.5208126309941524
-37.5	11.25	0.5833409869885664
-37.5	10.0	0.6362258291503801
-37.5	8.75	0.671855116999254
-37.5	7.5	0.7068902040528425
-37.5	6.25	0.6959594673107425
-37.5	5.0	0.7125163829132839
-37.5	3.75	0.7154818329826284
-37.5	2.5	0.7168121745100183
-37.5	1.25	0.7353171346225333
-37.5	-0.0	0.7508138363680795
-37.5	-1.25	0.7518532369931851
-37.5	-2.5	0.7705547421397646
-37.5	-3.75	0.769026885972557
-37.5	-5.0	0.7632695155837279
-37.5	-6.25	0.7745205407580976
-37.5	-7.5	0.7626043163926023
-37.5	-8.75	0.7433891904769506
-37.5	-10.0	0.6953437282035703
-37.5	-11.25	0.5935770772554451
-37.5	-12.5	0.48762908909077457
-37.5	-13.75	0.4043914209673421
-37.5	-15.0	0.6234794133008559
-36.25	-17.5	0.758408732582329
-36.25	-16.25	0.3561417274855425
-36.25	-15.0	0.59022998337587
-36.25	-13.75	0.7692409992640887
-36.25	-12.5	0.8596424157958656
-36.25	-11.25	0.9028071889644267
-36.25	-10.0	0.9307835779842597
-36.25	-8.75	0.9501986412734676
-36.25	-7.5	0.9642644326580742
-36.25	-6.25	0.9753057956121131
-36.25	-5.0	0.9501195636737843
-36.25	-3.75	0.9555288807263742
-36.25	-2.5	0.9363603333508876
-36.25	-1.25	0.9191828394024526
-36.25	0.0	0.8892700020600246
-36.25	1.25	0.8659903831910346
-36.25	2.5	0.8447504471583975
-36.25	3.75	0.8244086926617158
-36.25	5.0	0.7789878743010772
-36.25	6.25	0.7567434387787879
-36.25	7.5	0.7452795672508606
-36.25	8.75	0.6857398901825421
-36.25	10.0	0.6949391401128809
-36.25	11.25	0.6836634505631691
-36.25	12.5	0.650017314893907
-36.25	13.75	0.5844169032383294
-36.25	15.0	0.5107588839146819
-36.25	16.25	0.49308100790600545
-36.25	17.5	0.8644873315097947
-35.0	20.0	0.975872871214704
-35.0	18.75	0.5412605914467103
-35.0	17.5	0.4708091410150167
-35.0	16.25	0.5785759487495898
-35.0	15.0	0.660489164270953
-35.0	13.75	0.678636876598257
-35.0	12.5	0.6650750744684304
-35.0	11.25	0.7120179505161052
-35.0	10.0	0.7564208253765506
-35.0	8.75	0.7760854667004913
-35.0	7.5	0.8224223748530761
-35.0	6.25	0.8673526764890002
-35.0	5.0	0.9029841485836853
-35.0	3.75	0.9426233820444454
-35.0	2.5	0.9807860626874548
-35.0	1.25	0.9823533903335512
-35.0	-0.0	0.9964301497982824
-35.0	-1.25	1.015672922733019
-35.0	-2.5	1.0358724184517578
-35.0	-3.75	1.0340632225993946
-35.0	-5.0	1.0386866906682555
-35.0	-6.25	1.0361564790788809
-35.0	-7.5	1.0558478714980037
-35.0	-8.75	1.0508220705100189
-35.0	-10.0	1.0474432034150383
-35.0	-11.25	1.0417369362499758
-35.0	-12.5	1.0435864632574456
-35.0	-13.75	1.0291089508334246
-35.0	-15.0	0.9850959708863911
-35.0	-16.25	0.9151566373608725
-35.0	-17.5	0.7438112211409008
-35.0	-18.75	0.5926567687684511
-35.0	-20.0	0.844408921994355
-33.75	-21.25	0.4546341043325712
-33.75	-20.0	0.7690064317248659
-33.75	-18.75	0.9642812382670479
-33.75	-17.5	1.038577477874581
-33.75	-16.25	1.0722974393386755
-33.75	-15.0	1.070969447169292
-33.75	-13.75	1.071544547245351
-33.75	-12.5	1.0726564258402276
-33.75	-11.25	1.0807304866638872
-33.75	-10.0	1.0815148045479077
-33.75	-8.75	1.0672000942518007
-33.75	-7.5	1.0588745384605487
-33.75	-6.25	1.0575075821212216
-33.75	-5.0	1.0428472074206694
-33.75	-3.75	1.0338388559989375
-33.75	-2.5	1.0401569752378725
-33.75	-1.25	1.0335539894192578
-33.75	0.0	1.0308966359343532
-33.75	1.25	1.0184712569236118
-33.75	2.5	1.0052498649821584
-33.75	3.75	0.9993806152715654
-33.75	5.0	0.9964574259710999
-33.75	6.25	0.9689502795039455
-33.75	7.5	0.9506452862081348
-33.75	8.75	0.9108396171152118
-33.75	10.0	0.8653555823251982
-33.75	11.25	0.8127928059148982
-33.75	12.5	0.7472945539525971
-33.75	13.75	0.7244136769627073
-33.75	15.0	0.6894622979857832
-33.75	16.25	0.6592582792803957
-33.75	17.5	0.6535110944796179
-33.75	18.75	0.5570237477385107
-33.75	20.0	0.4333397582956441
-33.75	21.25	1.06286214258208
-32.5	23.75	0.8969596971108271
-32.5	22.5	0.5029413658304116
-32.5	21.25	0.5611132624898159
-32.5	20.0	0.6335616141094653
-32.5	18.75	0.6679218508254463
-32.5	17.5	0.6974116402072524
-32.5	16.25	0.7181291910510357
-32.5	15.0	0.758696430956821
-32.5	13.75	0.807427412876404
-32.5	12.5	0.8678756026720373
-32.5	11.25	0.9088562029444253
-32.5	10.0	0.9467748635768899
-32.5	8.75	0.9701434547542811
-32.5	7.5	0.9808488047967163
-32.5	6.25	0.9962260748502403
-32.5	5.0	1.0250969726839172
-32.5	3.75	1.0278580941754543
-32.5	2.5	1.0478489552574473
-32.5	1.25	1.0515966796252567
-32.5	-0.0	1.0510583981915276
-32.5	-1.25	1.058742889132305
-32.5	-2.5	1.0570402674999366
-32.5	-3.75	1.0611484464129948
-32.5	-5.0	1.054512990460643
-32.5	-6.25	1.0579269029636469
-32.5	-7.5	1.0450898227168952
-32.5	-8.75	1.058409279946926
-32.5	-10.0	1.0614211556278264
-32.5	-11.25	1.0556590029015283
-32.5	-12.5	1.0623598873613418
-32.5	-13.75	1.0796051645842666
-32.5	-15.0	1.0901830764531304
-32.5	-16.25	1.0831724905242004
-32.5	-17.5	1.0713035062518252
-32.5	-18.75	1.0453461228894803
-32.5	-20.0	1.0506505945345719
-32.5	-21.25	0.9453870701975899
-32.5	-22.5	0.7103459719562226
-32.5	-23.75	0.9482590479396024
-31.25	-25.0	0.697520113289159
-31.25	-23.75	0.7871939984776332
-31.25	-22.5	1.010311275380751
-31.25	-21.25	1.0558871797484513
-31.25	-20.0	1.063855929257621
-31.25	-18.75	1.0765938310760643
-31.25	-17.5	1.0778288280159325
-31.25	-16.25	1.0732539300635502
-31.25	-15.0	1.064598711440268
-31.25	-13.75	1.0645296239449749
-31.25	-12.5	1.0597575584251455
-31.25	-11.25	1.0637421547051717
-31.25	-10.0	1.0612833008914333
-31.25	-8.75	1.0558073766159497
-31.25	-7.5	1.0530203780452962
-31.25	-6.25	1.0401391664903892
-31.25	-5.0	1.0490876188055047
-31.25	-3.75	1.0447500195871522
-31.25	-2.5	1.0481349086312328
-31.25	-1.25	1.0443963078557097
-31.25	0.0	1.0465459193951
-31.25	1.25	1.0307877750868695
-31.25	2.5	1.0390800295387954
-31.25	3.75	1.0235311649411225
-31.25	5.0	1.0181529617877214
-31.25	6.25	1.0213572813571856
-31.25	7.5	1.0250592120298216
-31.25	8.75	1.0082818337928712
-31.25	10.0	0.994996659901965
-31.25	11.25	0.9683578415784223
-31.25	12.5	0.9464193751937909
-31.25	13.75	0.9027635058165657
-31.25	15.0	0.8553236078074702
-31.25	16.25	0.8055664677147109
-31.25	17.5	0.737745990575621
-31.25	18.75	0.7121005736529926
-31.25	20.0	0.6983758775504496
-31.25	21.25	0.6475783027009547
-31.25	22.5	0.5811945541861971
-31.25	23.75	0.3941706331040472
-31.25	25.0	1.0297692300153787
-30.0	26.25	1.0016288080309779
-30.0	25.0	0.4563053335845129
-30.0	23.75	0.6195277571890812
-30.0	22.5	0.6776009421668026
-30.0	21.25	0.6855289280316007
-30.0	20.0	0.6928245115958674
-30.0	18.75	0.7510405539103389
-30.0	17.5	0.8300639693961153
-30.0	16.25	0.8979848066654668
-30.0	15.0	0.9429222910405627
-30.0	13.75	0.9654698595817303
-30.0	12.5	0.9910839168594008
-30.0	11.25	1.0083138571429078
-30.0	10.0	1.0212014256191546
-30.0	8.75	1.0396021598349718
-30.0	7.5	1.0195672361292314
-30.0	6.25	1.0372596510413488
-30.0	5.0	1.0473637086858896
-30.0	3.75	1.0532389973243839
-30.0	2.5	1.0536577123867295
-30.0	1.25	1.0673177743740543
-30.0	-0.0	1.061364343868629
-30.0	-1.25	1.059277028148383
-30.0	-2.5	1.0567176519982118
-30.0	-3.75	1.0554283108450497
-30.0	-5.0	1.0642620473392903
-30.0	-6.25	1.0626882665244672
-30.0	-7.5	1.0617689402310004
-30.0	-8.75	1.0477883328206803
-30.0	-10.0	1.0500495677409059
-30.0	-11.25	1.0459608478179214
-30.0	-12.5	1.0459614004682312
-30.0	-13.75	1.0533820931432991
-30.0	-15.0	1.0529381575381138
-30.0	-16.25	1.0552010599165618
-30.0	-17.5	1.0696800056604745
-30.0	-18.75	1.0708872564052137
-30.0	-20.0	1.0592644955875188
-30.0	-21.25	1.0434819420532437
-30.0	-22.5	1.0568321129835732
-30.0	-23.75	1.0307019761567369
-30.0	-25.0	0.8579086680099646
-30.0	-26.25	0.7592528123042711
-28.75	-27.5	0.8918436874499602
-28.75	-26.25	0.8559454676125838
-28.75	-25.0	1.0319034742455457
-28.75	-23.75	1.0379055551813887
-28.75	-22.5	1.0241520149323846
-28.75	-21.25	1.0479350744476734
-28.75	-20.0	1.0571889312633567
-28.75	-18.75	1.040806000269259
-28.75	-17.5	1.041739218658541
-28.75	-16.25	1.0537478088244356
-28.75	-15.0	1.0486969689112233
-28.75	-13.75	1.0574122385408795
-28.75	-12.5	1.052848124037798
-28.75	-11.25	1.0676005150741108
-28.75	-10.0	1.0692583295620597
-28.75	-8.75	1.0733280608762565
-28.75	-7.5	1.0695379503001126
-28.75	-6.25	1.0647754067448112
-28.75	-5.0	1.0716178269382686
-28.75	-3.75	1.0713513425167835
-28.75	-2.5	1.0719225293572194
-28.75	-1.25	1.0833005519835703
-28.75	0.0	1.0681836147900916
-28.75	1.25	1.066803663769216
-28.75	2.5	1.0618159696324445
-28.75	3.75	1.0727026110518194
-28.75	5.0	1.0572394381203019
-28.75	6.25	1.057264501833037
-28.75	7.5	1.053122672826582
-28.75	8.75	1.0432156763410145
-28.75	10.0	1.0406692308623826
-28.75	11.25	1.030650865321283
-28.75	12.5	1.0125071815374127
-28.75	13.75	1.0069266489521418
-28.75	15.0	0.9772324898867898
-28.75	16.25	0.9451985577471254
-28.75	17.5	0.9068328950035075
-28.75	18.75	0.8783436341802578
-28.75	20.0	0.8111554760844824
-28.75	21.25	0.7264057444106738
-28.75	22.5	0.7144494671073419
-28.75	23.75	0.6577456652253667
-28.75	25.0	0.6415328575551885
-28.75	26.25	0.45973316819506044
-28.75	27.5	0.7599488642378324
-27.5	28.75	0.8801574322671191
-27.5	27.5	0.47491996844154016
-27.5	26.25	0.6466818006504237
-27.5	25.0	0.7015977049941737
-27.5	23.75	0.7047465785275476
-27.5	22.5	0.7346463562301139
-27.5	21.25	0.8054801223323346
-27.5	20.0	0.8805626879024285
-27.5	18.75	0.935106236039046
-27.5	17.5	0.9679112168019053
-27.5	16.25	0.9859218774387175
-27.5	15.0	1.0136379646636184
-27.5	13.75	1.0276422574984987
-27.5	12.5	1.0457649248033745
-27.5	11.25	1.0648594182831923
-27.5	10.0	1.0469778710851934
-27.5	8.75	1.0539097770330037
-27.5	7.5	1.062368787914168
-27.5	6.25	1.064861368948067
-27.5	5.0	1.0747058095324373
-27.5	3.75	1.0782467102613653
-27.5	2.5	1.0666626733741222
-27.5	1.25	1.067471141426184
-27.5	-0.0	1.0642427411855766
-27.5	-1.25	1.0729035629046517
-27.5	-2.5	1.0638370951207963
-27.5	-3.75	1.0607344034180377
-27.5	-5.0	1.0737063223842345
-27.5	-6.25	1.0729404112131684
-27.5	-7.5	1.0788641937158243
-27.5	-8.75	1.0745834098694533
-27.5	-10.0	1.07982690434877
-27.5	-11.25	1.075387623103125
-27.5	-12.5	1.0713293215648854
-27.5	-13.75	1.0773603022234306
-27.5	-15.0	1.0684965915372542
-27.5	-16.25	1.0479937680704132
-27.5	-17.5	1.050337874247713
-27.5	-18.75	1.04200597903574
-27.5	-20.0	1.0327655776367133
-27.5	-21.25	1.042343822304406
-27.5	-22.5	1.0438053893674122
-27.5	-23.75	1.0183448027554236
-27.5	-25.0	1.007679376951509
-27.5	-26.25	1.0234945832850588
-27.5	-27.5	0.8679995006749701
-27.5	-28.75	1.0797001814723717
-26.25	-30.0	1.0203970655892465
-26.25	-28.75	0.8343989441976623
-26.25	-27.5	0.9940953338000719
-26.25	-26.25	0.9762345505878098
-26.25	-25.0	1.0020801570486364
-26.25	-23.75	1.0247325129400273
-26.25	-22.5	1.0310132385796626
-26.25	-21.25	1.028384837266733
-26.25	-20.0	1.041780357660947
-26.25	-18.75	1.040643330419657
-26.25	-17.5	1.0626833512478933
-26.25	-16.25	1.0847081212841134
-26.25	-15.0	1.082677381811052
-26.25	-13.75	1.0855744132102083
-26.25	-12.5	1.0876813224049258
-26.25	-11.25	1.080365607187039
-26.25	-10.0	1.0788792157150635
-26.25	-8.75	1.0730242231398552
-26.25	-7.5	1.0748842988590481
-26.25	-6.25	1.0788745620419413
-26.25	-5.0	1.0794807423311967
-26.25	-3.75	1.0842649239403774
-26.25	-2.5	1.0815479196738753
-26.25	-1.25	1.070791576961014
-26.25	0.0	1.0790531786721043
-26.25	1.25	1.0636278189312027
-26.25	2.5	1.0643229249550046
-26.25	3.75	1.0619586038827058
-26.25	5.0	1.0646768689961532
-26.25	6.25	1.0620830797686185
-26.25	7.5	1.063434168271853
-26.25	8.75	1.0673536618834378
-26.25	10.0	1.0587333610421181
-26.25	11.25	1.0587322228077727
-26.25	12.5	1.0546080145516432
-26.25	13.75	1.0561423793001141
-26.25	15.0	1.0587771383609936
-26.25	16.25	1.0318746926945632
-26.25	17.5	1.0043404981300161
-26.25	18.75	0.9760667147723994
-26.25	20.0	0.9416617805242541
-26.25	21.25	0.8892480718608128
-26.25	22.5	0.8345724526959183
-26.25	23.75	0.7373398016462476
-26.25	25.0	0.7075610852514361
-26.25	26.25	0.68775640163008
-26.25	27.5	0.6530866977423843
-26.25	28.75	0.46788302405046495
-26.25	30.0	0.8998062837312685
-25.0	31.25	0.8894277452530339
-25.0	30.0	0.4446841938518352
-25.0	28.75	0.6442856562064448
-25.0	27.5	0.6753308243088023
-25.0	26.25	0.7056849338338139
-25.0	25.0	0.7586378307647174
-25.0	23.75	0.8465348310937051
-25.0	22.5	0.9096058599518797
-25.0	21.25	0.9449773513122003
-25.0	20.0	0.9943549050872234
-25.0	18.75	1.0054862026418323
-25.0	17.5	1.028929192267849
-25.0	16.25	1.0508103987555444
-25.0	15.0	1.0690035386026686
-25.0	13.75	1.0634390900700477
-25.0	12.5	1.067186852708009
-25.0	11.25	1.072694487472144
-25.0	10.0	1.063467060187592
-25.0	8.75	1.0664853619848624
-25.0	7.5	1.0538216033993213
-25.0	6.25	1.053459603146463
-25.0	5.0	1.0644074757114212
-25.0	3.75	1.063712669742225
-25.0	2.5	1.07676749461333
-25.0	1.25	1.0734461647204736
-25.0	-0.0	1.0735089121749912
-25.0	-1.25	1.0842380827823324
-25.0	-2.5	1.0809629980911495
-25.0	-3.75	1.0854015501859646
-25.0	-5.0	1.085962349628374
-25.0	-6.25	1.0786422440807721
-25.0	-7.5	1.067655229352553
-25.0	-8.75	1.0666993750415172
-25.0	-10.0	1.0745680546831815
-25.0	-11.25	1.090685966253906
-25.0	-12.5	1.079552542359621
-25.0	-13.75	1.0899036401666
-25.0	-15.0	1.0929855491855973
-25.0	-16.25	1.0978077475084482
-25.0	-17.5	1.0817616393642477
-25.0	-18.75	1.0743371557900185
-25.0	-20.0	1.054993066787461
-25.0	-21.25	1.0518557803296535
-25.0	-22.5	1.0415223455312697
-25.0	-23.75	1.0288810920300417
-25.0	-25.0	1.0214267870098548
-25.0	-26.25	0.9896170608446201
-25.0	-27.5	0.9425857442949169
-25.0	-28.75	0.9629851303858527
-25.0	-30.0	0.7838984276230724
-25.0	-31.25	0.906190398285757
-23.75	-32.5	0.9177723175803046
-23.75	-31.25	0.7957982116221294
-23.75	-30.0	0.9119808072061047
-23.75	-28.75	0.9472025156714098
-23.75	-27.5	0.9401622518546757
-23.75	-26.25	1.0001310377845858
-23.75	-25.0	1.0118724667876613
-23.75	-23.75	1.0237466326928795
-23.75	-22.5	1.0529346146868983
-23.75	-21.25	1.067228688240343
-23.75	-20.0	1.0829893429903807
-23.75	-18.75	1.0889066658842352
-23.75	-17.5	1.0979501636178695
-23.75	-16.25	1.0977558917274817
-23.75	-15.0	1.0930057842670073
-23.75	-13.75	1.0850985015637635
-23.75	-12.5	1.0682216590301
-23.75	-11.25	1.0763429390878683
-23.75	-10.0	1.0877053454455325
-23.75	-8.75	1.0827384243811626
-23.75	-7.5	1.0787454186598604
-23.75	-6.25	1.0624152542358258
-23.75	-5.0	1.078307265566878
-23.75	-3.75	1.0820594125666847
-23.75	-2.5	1.0774488620426375
-23.75	-1.25	1.080459387350794
-23.75	0.0	1.0822472273403796
-23.75	1.25	1.088466005113756
-23.75	2.5	1.0777898740823413
-23.75	3.75	1.0747105652196125
-23.75	5.0	1.0776480340615098
-23.75	6.25	1.072642224448632
-23.75	7.5	1.048154651911933
-23.75	8.75	1.0459435935613686
-23.75	10.0	1.0628821700722546
-23.75	11.25	1.0708458759899675
-23.75	12.5	1.0745994221223785
-23.75	13.75	1.0731034228008787
-23.75	15.0	1.0711425191633277
-23.75	16.25	1.0777702142077745
-23.75	17.5	1.0551887932259079
-23.75	18.75	1.035770288752984
-23.75	20.0	1.0233770635416473
-23.75	21.25	0.9944167647505663
-23.75	22.5	0.9558493828880769
-23.75	23.75	0.9189691642306689
-23.75	25.0	0.8266094438077087
-23.75	26.25	0.7409673235697307
-23.75	27.5	0.7171223681658456
-23.75	28.75	0.6825266326889418
-23.75	30.0	0.6091725026670602
-23.75	31.25	0.44008187869864357
-23.75	32.5	0.9747106866307789
-22.5	32.5	0.7652957793866233
-22.5	31.25	0.5388399906509059
-22.5	30.0	0.6970498766381832
-22.5	28.75	0.7102146613226367
-22.5	27.5	0.7205928929518065
-22.5	26.25	0.8105767237708495
-22.5	25.0	0.892922127138684
-22.5	23.75	0.9574441676842388
-22.5	22.5	1.0041305193638368
-22.5	21.25	1.020412326010164
-22.5	20.0	1.0436892610336288
-22.5	18.75	1.0723342897975474
-22.5	17.5	1.0690998852261586
-22.5	16.25	1.0772283257431556
-22.5	15.0	1.0808619814103044
-22.5	13.75	1.0744345372330495
-22.5	12.5	1.065764937391664
-22.5	11.25	1.0675881131423408
-22.5	10.0	1.0879635944187112
-22.5	8.75	1.0782579294469274
-22.5	7.5	1.0746969518006602
-22.5	6.25	1.0864315475296886
-22.5	5.0	1.0779204270680556
-22.5	3.75	1.0800358201198625
-22.5	2.5	1.0771336834904324
-22.5	1.25	1.0729757434099048
-22.5	-0.0	1.0751555833809432
-22.5	-1.25	1.0764636077013743
-22.5	-2.5	1.0728063146192628
-22.5	-3.75	1.0893173359096366
-22.5	-5.0	1.0759674880791037
-22.5	-6.25	1.07590558951366
-22.5	-7.5	1.0800947018384797
-22.5	-8.75	1.0774487331841134
-22.5	-10.0	1.0746943953213837
-22.5	-11.25	1.0907807972151056
-22.5	-12.5	1.0829578829956372
-22.5	-13.75	1.0468612282829821
-22.5	-15.0	1.0888515264300418
-22.5	-16.25	1.1037244912742759
-22.5	-17.5	1.083114087708038
-22.5	-18.75	1.090300204521403
-22.5	-20.0	1.087640371705911
-22.5	-21.25	1.0883692101254234
-22.5	-22.5	1.074201938648159
-22.5	-23.75	1.0433315120720044
-22.5	-25.0	1.039205926745891
-22.5	-26.25	1.0061014439247147
-22.5	-27.5	0.9778934494133809
-22.5	-28.75	0.9075186997806254
-22.5	-30.0	0.9511441608802226
-22.5	-31.25	0.8253760059941044
-22.5	-32.5	0.996906162260459
-21.25	-33.75	0.824662815956742
-21.25	-32.5	0.7495455196250098
-21.25	-31.25	0.9164475895782663
-21.25	-30.0	0.8872759509707426
-21.25	-28.75	0.9376832791058657
-21.25	-27.5	0.9850343936681489
-21.25	-26.25	1.0201305147558832
-21.25	-25.0	1.0429710345329624
-21.25	-23.75	1.067732547231221
-21.25	-22.5	1.0945251851953535
-21.25	-21.25	1.0989996695338942
-21.25	-20.0	1.099020958659297
-21.25	-18.75	1.0904566354125578
-21.25	-17.5	1.0828277458569362
-21.25	-16.25	1.0627123019291687
-21.25	-15.0	1.0742728317403487
-21.25	-13.75	1.0861865882748836
-21.25	-12.5	1.0759824253786314
-21.25	-11.25	1.064570475686328
-21.25	-10.0	1.070804996622993
-21.25	-8.75	1.0758361421081188
-21.25	-7.5	1.072061279773133
-21.25	-6.25	1.0590345415601004
-21.25	-5.0	1.0730377236510318
-21.25	-3.75	1.0748067660708749
-21.25	-2.5	1.0749118940721445
-21.25	-1.25	1.0661712759541173
-21.25	0.0	1.0798864292815331
-21.25	1.25	1.078857027865128
-21.25	2.5	1.0753511244792946
-21.25	3.75	1.0765573485918751
-21.25	5.0	1.089182712128287
-21.25	6.25	1.0662520329675598
-21.25	7.5	1.0891589595856421
-21.25	8.75	1.0763728126454886
-21.25	10.0	1.0796723811180242
-21.25	11.25	1.085227831412973
-21.25	12.5	1.0852398673847774
-21.25	13.75	1.0834103397804586
-21.25	15.0	1.0879292347166232
-21.25	16.25	1.0780760425018252
-21.25	17.5	1.0854192207387399
-21.25	18.75	1.0753409307133228
-21.25	20.0	1.0710991116848176
-21.25	21.25	1.0546102665967607
-21.25	22.5	1.0183477802718455
-21.25	23.75	1.0127291570042896
-21.25	25.0	0.9483593124987789
-21.25	26.25	0.8908471751007953
-21.25	27.5	0.8000615977452198
-21.25	28.75	0.7171167917263291
-21.25	30.0	0.7218077341442122
-21.25	31.25	0.6834633788104093
-21.25	32.5	0.4635553213433152
-21.25	33.75	1.0094249473903723
-20.0	35.0	0.9698506783542742
-20.0	33.75	0.45029979602883885
-20.0	32.5	0.6021530151280563
-20.0	31.25	0.7350983638350544
-20.0	30.0	0.7227561045473574
-20.0	28.75	0.7720641041367718
-20.0	27.5	0.8625037748486203
-20.0	26.25	0.9300923593423682
-20.0	25.0	1.0020395029761935
-20.0	23.75	1.02060818204616
-20.0	22.5	1.0526280227292728
-20.0	21.25	1.0690865021045346
-20.0	20.0	1.0689837260962685
-20.0	18.75	1.063887533037868
-20.0	17.5	1.077150619702788
-20.0	16.25	1.0968985132114146
-20.0	15.0	1.0820493835965133
-20.0	13.75	1.0816961921120398
-20.0	12.5	1.0849726830851767
-20.0	11.25	1.0920256612534995
-20.0	10.0	1.072407124817246
-20.0	8.75	1.0759411840446171
-20.0	7.5	1.0743939924115795
-20.0	6.25	1.070842524187505
-20.0	5.0	1.0650859252357505
-20.0	3.75	1.06415160564537
-20.0	2.5	1.073294997946891
-20.0	1.25	1.0704490493893841
-20.0	-0.0	1.0773473175698365
-20.0	-1.25	1.0636395288776141
-20.0	-2.5	1.0740552782363668
-20.0	-3.75	1.0695990752470634
-20.0	-5.0	1.073554250592417
-20.0	-6.25	1.0721829979759008
-20.0	-7.5	1.0734748741213953
-20.0	-8.75	1.0589949749106753
-20.0	-10.0	1.0618961232827506
-20.0	-11.25	1.0569337849922296
-20.0	-12.5	1.0679353813598278
-20.0	-13.75	1.0713803991832795
-20.0	-15.0	1.0667623885006177
-20.0	-16.25	1.0697790447211228
-20.0	-17.5	1.0502147369065884
-20.0	-18.75	1.074394616458962
-20.0	-20.0	1.0702844719677203
-20.0	-21.25	1.087246308112348
-20.0	-22.5	1.0924237804318278
-20.0	-23.75	1.0906265692662862
-20.0	-25.0	1.0653966777019415
-20.0	-26.25	1.0452079931352993
-20.0	-27.5	1.0041439279583937
-20.0	-28.75	0.9518343294289956
-20.0	-30.0	0.8858500431189403
-20.0	-31.25	0.8583740151595409
-20.0	-32.5	0.8443124939157083
-20.0	-33.75	0.8537774247005787
-20.0	-35.0	1.0308279568267906
-18.75	-35.0	0.9600068651848256
-18.75	-33.75	0.7455537058775201
-18.75	-32.5	0.8738389614756623
-18.75	-31.25	0.8445284922038173
-18.75	-30.0	0.921759369788084
-18.75	-28.75	0.9680427421533132
-18.75	-27.5	1.0325450524814417
-18.75	-26.25	1.0654078054907317
-18.75	-25.0	1.0905836556435045
-18.75	-23.75	1.0979649171434895
-18.75	-22.5	1.091724356727169
-18.75	-21.25	1.0874662185008022
-18.75	-20.0	1.0752868543197682
-18.75	-18.75	1.0782767067739742
-18.75	-17.5	1.063844968546833
-18.75	-16.25	1.0564832172772154
-18.75	-15.0	1.0638846019151615
-18.75	-13.75	1.0529905008688896
-18.75	-12.5	1.0610607277409219
-18.75	-11.25	1.0570927420095977
-18.75	-10.0	1.0619853125623968
-18.75	-8.75	1.0784904940701303
-18.75	-7.5	1.0703055756076305
-18.75	-6.25	1.0666899999737582
-18.75	-5.0	1.0676894425113075
-18.75	-3.75	1.0812491338623609
-18.75	-2.5	1.0725943407945078
-18.75	-1.25	1.070542841233187
-18.75	0.0	1.0681116805359152
-18.75	1.25	1.071321941347847
-18.75	2.5	1.075249700870538
-18.75	3.75	1.062089245349665
-18.75	5.0	1.07796793338756
-18.75	6.25	1.0783473407947353
-18.75	7.5	1.0774288645043102
-18.75	8.75	1.0751441978888598
-18.75	10.0	1.0843812281600296
-18.75	11.25	1.078859978134866
-18.75	12.5	1.0841578864233843
-18.75	13.75	1.0981914544218523
-18.75	15.0	1.0868118120719967
-18.75	16.25	1.083249928307032
-18.75	17.5	1.0796104666798938
-18.75	18.75	1.0838331306066429
-18.75	20.0	1.080384285143046
-18.75	21.25	1.071857936395199
-18.75	22.5	1.0619496671694235
-18.75	23.75	1.0459118876796911
-18.75	25.0	1.0157744672931326
-18.75	26.25	0.9873386478080465
-18.75	27.5	0.9130933135079391
-18.75	28.75	0.8284266033674921
-18.75	30.0	0.7268911217450267
-18.75	31.25	0.7287512103511148
-18.75	32.5	0.6928452579585455
-18.75	33.75	0.4845534633772329
-18.75	35.0	1.0202916216876328
-17.5	36.25	0.9581322996823175
-17.5	35.0	0.5473818114742873
-17.5	33.75	0.6243113485863898
-17.5	32.5	0.7190318439850922
-17.5	31.25	0.7176692339499402
-17.5	30.0	0.772547682317665
-17.5	28.75	0.8710105249673935
-17.5	27.5	0.9470538018011166
-17.5	26.25	1.0163788683687938
-17.5	25.0	1.031780455014076
-17.5	23.75	1.0507241449349949
-17.5	22.5	1.0773727797232482
-17.5	21.25	1.0665570320162148
-17.5	20.0	1.0644705665722758
-17.5	18.75	1.0881252992442263
-17.5	17.5	1.0862668397831146
-17.5	16.25	1.0881963243592465
-17.5	15.0	1.0928143893421807
-17.5	13.75	1.0764696493555461
-17.5	12.5	1.0742960064117044
-17.5	11.25	1.0843519662785128
-17.5	10.0	1.0739519354644613
-17.5	8.75	1.0705269612033321
-17.5	7.5	1.0759789024489574
-17.5	6.25	1.0749702920326052
-17.5	5.0	1.0763327652595314
-17.5	3.75	1.0743250605275003
-17.5	2.5	1.071496172339406
-17.5	1.25	1.0732108816670656
-17.5	-0.0	1.0721405368600707
-17.5	-1.25	1.072380917555932
-17.5	-2.5	1.0732304185084076
-17.5	-3.75	1.067948398233374
-17.5	-5.0	1.052560306918096
-17.5	-6.25	1.0697038489036081
-17.5	-7.5	1.0643495072424272
-17.5	-8.75	1.0648122983654038
-17.5	-10.0	1.073235813444366
-17.5	-11.25	1.06156019247019
-17.5	-12.5	1.0604154506622274
-17.5	-13.75	1.0608417283739053
-17.5	-15.0	1.0564987753592197
-17.5	-16.25	1.0673786084584023
-17.5	-17.5	1.058674000554482
-17.5	-18.75	1.0724990949307665
-17.5	-20.0	1.0852941942968917
-17.5	-21.25	1.0841937059186875
-17.5	-22.5	1.084898124977693
-17.5	-23.75	1.0949103302230951
-17.5	-25.0	1.0920513244446672
-17.5	-26.25	1.0901565829829771
-17.5	-27.5	1.0464762191397028
-17.5	-28.75	1.0004864690427349
-17.5	-30.0	0.9262012454836719
-17.5	-31.25	0.8550490986840221
-17.5	-32.5	0.8249740989499542
-17.5	-33.75	0.8562418040892726
-17.5	-35.0	0.9153253166197461
-17.5	-36.25	0.8159712688183387
-16.25	-36.25	0.8515665858135877
-16.25	-35.0	0.7762304509749982
-16.25	-33.75	0.8637041902153004
-16.25	-32.5	0.8150265030393917
-16.25	-31.25	0.8823728453683137
-16.25	-30.0	0.9672964213684044
-16.25	-28.75	1.0343519437435185
-16.25	-27.5	1.0740137976782402
-16.25	-26.25	1.1122547370419982
-16.25	-25.0	1.1008870407820213
-16.25	-23.75	1.0867866961403108
-16.25	-22.5	1.0841037689693227
-16.25	-21.25	1.082938186026152
-16.25	-20.0	1.0657107179640246
-16.25	-18.75	1.0555321207277244
-16.25	-17.5	1.061046289058534
-16.25	-16.25	1.0584998302744963
-16.25	-15.0	1.0603261630296685
-16.25	-13.75	1.0636283091585004
-16.25	-12.5	1.0620011443236206
-16.25	-11.25	1.0634774528089144
-16.25	-10.0	1.062448505823067
-16.25	-8.75	1.0757543456482535
-16.25	-7.5	1.0678118567592798
-16.25	-6.25	1.0675607451684086
-16.25	-5.0	1.0658367594824878
-16.25	-3.75	1.0810042696974878
-16.25	-2.5	1.0705867773853734
-16.25	-1.25	1.0685154050164842
-16.25	0.0	1.079703844768688
-16.25	1.25	1.0761836347464466
-16.25	2.5	1.0774785065649626
-16.25	3.75	1.0738681575984936
-16.25	5.0	1.0808794443952672
-16.25	6.25	1.0817495769419616
-16.25	7.5	1.0764717882204735
-16.25	8.75	1.0803525783373005
-16.25	10.0	1.094025514071981
-16.25	11.25	1.0950099828762356
-16.25	12.5	1.0793189548412863
-16.25	13.75	1.0849334542519409
-16.25	15.0	1.1008938264798132
-16.25	16.25	1.1035483163737136
-16.25	17.5	1.0929768380727594
-16.25	18.75	1.0948495938851215
-16.25	20.0	1.0882616253331547
-16.25	21.25	1.09247645479374
-16.25	22.5	1.0871632918319072
-16.25	23.75	1.0777568534818713
-16.25	25.0	1.04277169725489
-16.25	26.25	1.028801691460911
-16.25	27.5	1.0037381381470756
-16.25	28.75	0.9129837333156953
-16.25	30.0	0.8239570468797572
-16.25	31.25	0.7508782923030574
-16.25	32.5	0.7320346411705377
-16.25	33.75	0.7037333940907953
-16.25	35.0	0.4755004796117981
-16.25	36.25	0.8640871367055826
-15.0	37.5	0.9450540440874902
-15.0	36.25	0.5752691510334239
-15.0	35.0	0.5866081372803684
-15.0	33.75	0.7245862002154201
-15.0	32.5	0.7196586222002419
-15.0	31.25	0.7721170746197774
-15.0	30.0	0.8799599054162771
-15.0	28.75	0.9733815835281477
-15.0	27.5	1.0238601854752167
-15.0	26.25	1.0301611613429156
-15.0	25.0	1.0472562399166412
-15.0	23.75	1.0867989856158082
-15.0	22.5	1.0946782734023188
-15.0	21.25	1.091807853994583
-15.0	20.0	1.1061546422991508
-15.0	18.75	1.0888677210901863
-15.0	17.5	1.0986158486989988
-15.0	16.25	1.0991246026485704
-15.0	15.0	1.0912152747269266
-15.0	13.75	1.0899482221040806
-15.0	12.5	1.091895987216944
-15.0	11.25	1.090279839607613
-15.0	10.0	1.0829720195277055
-15.0	8.75	1.0809560587743101
-15.0	7.5	1.0685009686294786
-15.0	6.25	1.0747566349072004
-15.0	5.0	1.081271590302162
-15.0	3.75	1.073539028942725
-15.0	2.5	1.0658380994026742
-15.0	1.25	1.0654646959344094
-15.0	-0.0	1.076750531480008
-15.0	-1.25	1.0638649491667866
-15.0	-2.5	1.0818505585500025
-15.0	-3.75	1.0748118774714006
-15.0	-5.0	1.0685078300251218
-15.0	-6.25	1.0739462715335697
-15.0	-7.5	1.0661528092680346
-15.0	-8.75	1.0648136912368587
-15.0	-10.0	1.0583560856352754
-15.0	-11.25	1.0638559251028037
-15.0	-12.5	1.0518302635631904
-15.0	-13.75	1.05468992646858
-15.0	-15.0	1.049895073378422
-15.0	-16.25	1.0450887144513512
-15.0	-17.5	1.0477789693211168
-15.0	-18.75	1.0438083100222924
-15.0	-20.0	1.0539440323239668
-15.0	-21.25	1.0661514466216055
-15.0	-22.5	1.070044906496949
-15.0	-23.75	1.0853920416790825
-15.0	-25.0	1.0936850528567692
-15.0	-26.25	1.1050058777820135
-15.0	-27.5	1.0960542761003926
-15.0	-28.75	1.0614112124069774
-15.0	-30.0	0.9869026055160823
-15.0	-31.25	0.8929752751806502
-15.0	-32.5	0.8285076277936043
-15.0	-33.75	0.7941314737348486
-15.0	-35.0	0.8288357796838699
-15.0	-36.25	1.0421976949120193
-15.0	-37.5	0.9003706105880491
-13.75	-37.5	0.9537913064387665
-13.75	-36.25	0.6091817673389575
-13.75	-35.0	0.8587369957524652
-13.75	-33.75	0.7606693820734878
-13.75	-32.5	0.8663526488258982
-13.75	-31.25	0.9229632197414969
-13.75	-30.0	1.0239530508468768
-13.75	-28.75	1.082828920774113
-13.75	-27.5	1.1094263251344902
-13.75	-26.25	1.10027546126778
-13.75	-25.0	1.0829221414589467
-13.75	-23.75	1.0770973408752789
-13.75	-22.5	1.061734284874776
-13.75	-21.25	1.0529800227612256
-13.75	-20.0	1.0436124649527851
-13.75	-18.75	1.0505579291189204
-13.75	-17.5	1.032279985723124
-13.75	-16.25	1.0311077275344465
-13.75	-15.0	1.048915324033095
-13.75	-13.75	1.0585259308342112
-13.75	-12.5	1.0569074246840966
-13.75	-11.25	1.072007271473477
-13.75	-10.0	1.0529405704053658
-13.75	-8.75	1.0769604143427123
-13.75	-7.5	1.07523512419073
-13.75	-6.25	1.0678553481300552
-13.75	-5.0	1.0661556921883428
-13.75	-3.75	1.0654258655520121
-13.75	-2.5	1.064494636195236
-13.75	-1.25	1.0752057535223118
-13.75	0.0	1.0762606732398388
-13.75	1.25	1.0615875826665522
-13.75	2.5	1.070357413308973
-13.75	3.75	1.081067886000011
-13.75	5.0	1.0770410707146705
-13.75	6.25	1.069911959215317
-13.75	7.5	1.0736709986520332
-13.75	8.75	1.0848444066953733
-13.75	10.0	1.082121174682896
-13.75	11.25	1.081896430862798
-13.75	12.5	1.0910281054125412
-13.75	13.75	1.093536642032926
-13.75	15.0	1.088496862101994
-13.75	16.25	1.0994645736446857
-13.75	17.5	1.0932022029504946
-13.75	18.75	1.0961133127380167
-13.75	20.0	1.0830232388207495
-13.75	21.25	1.0984805052672282
-13.75	22.5	1.0788298608971374
-13.75	23.75	1.0835503070943036
-13.75	25.0	1.0786713626317466
-13.75	26.25	1.0208875763343246
-13.75	27.5	1.010278940289096
-13.75	28.75	1.0085097113592074
-13.75	30.0	0.9219265685342924
-13.75	31.25	0.8134614530315719
-13.75	32.5	0.7290340379717101
-13.75	33.75	0.7220999746293364
-13.75	35.0	0.6724630270664123
-13.75	36.25	0.3245163803663383
-13.75	37.5	0.9364575414528329
-12.5	37.5	1.0872305183629
-12.5	36.25	0.497138726557467
-12.5	35.0	0.7167932828983009
-12.5	33.75	0.73784593944197
-12.5	32.5	0.7484423566787671
-12.5	31.25	0.8546930667734067
-12.5	30.0	0.9438051805948132
-12.5	28.75	1.0159776261737161
-12.5	27.5	1.0294712156357526
-12.5	26.25	1.0528434226288297
-12.5	25.0	1.094508103683332
-12.5	23.75	1.0909247481872246
-12.5	22.5	1.0937148492525175
-12.5	21.25	1.096842734018487
-12.5	20.0	1.092280964057722
-12.5	18.75	1.0975225096428147
-12.5	17.5	1.0773903033976768
-12.5	16.25	1.0894415633563768
-12.5	15.0	1.0911775365592333
-12.5	13.75	1.0782426745913871
-12.5	12.5	1.0785331421123836
-12.5	11.25	1.0738902333892255
-12.5	10.0	1.0748011577556575
-12.5	8.75	1.0819220351407068
-12.5	7.5	1.0726049270421323
-12.5	6.25	1.0755942783610868
-12.5	5.0	1.064694214411995
-12.5	3.75	1.079508313771047
-12.5	2.5	1.07298132140313
-12.5	1.25	1.0772388748440824
-12.5	-0.0	1.0693626924040587
-12.5	-1.25	1.0639295431464373
-12.5	-2.5	1.0584206941031178
-12.5	-3.75	1.0568359355902368
-12.5	-5.0	1.0672731676342573
-12.5	-6.25	1.0752263203955221
-12.5	-7.5	1.0623259708757804
-12.5	-8.75	1.07600009306105
-12.5	-10.0	1.063382662057291
-12.5	-11.25	1.0623683284032635
-12.5	-12.5	1.0375938086492036
-12.5	-13.75	1.0466218813934112
-12.5	-15.0	1.034790251241599
-12.5	-16.25	1.045880713037751
-12.5	-17.5	1.037238159727797
-12.5	-18.75	1.041125840681531
-12.5	-20.0	1.05618649416854
-12.5	21.25	1.0909620797672297
-12.5	22.5	1.0850618393590832
-12.5	23.75	1.0835029300956989
-12.5	25.0	1.0856135602764792
-12.5	26.25	1.0467078428631187
-12.5	27.5	1.0082138602392918
-12.5	28.75	1.0095954402284815
-12.5	30.0	0.9496272960989769
-12.5	31.25	0.8462064994199517
-12.5	32.5	0.7472734666403704
-12.5	33.75	0.6986360077896353
-12.5	35.0	0.7130833039666701
-12.5	36.25	0.5020787323896753
-12.5	37.5	0.6737208185232767
-11.25	38.75	0.9263341526152862
-11.25	37.5	0.2305892499701454
-11.25	36.25	0.5812608555204902
-11.25	35.0	0.7199440594243225
-11.25	33.75	0.6965468392946295
-11.25	32.5	0.7811801930276764
-11.25	31.25	0.8789465256730391
-11.25	30.0	0.9779300477958977
-11.25	28.75	1.0148147000112921
-11.25	27.5	1.023305263562731
-11.25	26.25	1.0649557877997367
-11.25	25.0	1.084589334090273
-11.25	23.75	1.0808866934685348
-11.25	22.5	1.084538107168919
-11.25	21.25	1.0954764942193906
-11.25	20.0	1.0911820487032637
-11.25	18.75	1.0934963369304622
-11.25	17.5	1.0841254572338415
-11.25	16.25	1.0799048799358464
-11.25	15.0	1.0797848812149626
-11.25	13.75	1.0826458540449706
-11.25	12.5	1.0814278977746075
-11.25	11.25	1.0777037764719462
-11.25	10.0	1.0653808670950122
-11.25	8.75	1.0577644489078333
-11.25	7.5	1.0581807414090383
-11.25	6.25	1.070843325081448
-11.25	5.0	1.0600087265000657
-11.25	3.75	1.0607827957874971
-11.25	2.5	1.065540856104855
-11.25	1.25	1.0581567853509275
-11.25	-0.0	1.069876468985295
-11.25	-1.25	1.0640225107732082
-11.25	-2.5	1.0715698927715054
-11.25	-3.75	1.0701553577599507
-11.25	-5.0	1.0634886629860965
-11.25	-6.25	1.063389114802691
-11.25	-7.5	1.0588103978536638
-11.25	-8.75	1.0792561648481964
-11.25	-10.0	1.0655992428838654
-11.25	-11.25	1.0500720216016937
-11.25	-12.5	1.0544358596179533
-11.25	-13.75	1.0543090870843357
-11.25	-15.0	1.0427228724273725
-11.25	-16.25	1.0363561459432948
-11.25	-17.5	1.0266963876729434
-11.25	-18.75	1.0356391872178399
-11.25	-20.0	1.02932800677612
-11.25	-21.25	1.0383456525024728
-11.25	-22.5	1.0475019461056565
-11.25	-23.75	1.0730193324327844
-11.25	-25.0	1.069792172648072
-11.25	-26.25	1.0787298483262489
-11.25	-27.5	1.0933596060435042
-11.25	-28.75	1.0882477709897709
-11.25	-30.0	1.0653063216745804
-11.25	-31.25	0.9966907318650532
-11.25	-32.5	0.8895238932782719
-11.25	-33.75	0.7917385840703418
-11.25	-35.0	0.7440172335151164
-11.25	-36.25	0.8185051487689265
-11.25	-37.5	0.8747435526221221
-11.25	-38.75	0.862998370463074
-10.0	-38.75	0.7909754176398478
-10.0	-37.5	0.7255550777418873
-10.0	-36.25	0.8398291974805954
-10.0	-35.0	0.7374008599723503
-10.0	-33.75	0.7887057287444544
-10.0	-32.5	0.9292491522966451
-10.0	-31.25	1.0170167338271796
-10.0	-30.0	1.0932117600295703
-10.0	-28.75	1.0691023418814007
-10.0	-27.5	1.080023106534141
-10.0	-26.25	1.0832966095886363
-10.0	-25.0	1.058161557620497
-10.0	-23.75	1.0427725438028765
-10.0	-22.5	1.0361460446847393
-10.0	-21.25	1.037364095361389
-10.0	-20.0	1.0387282144377263
-10.0	-18.75	1.0239542688639178
-10.0	-17.5	1.037128729837352
-10.0	-16.25	1.0352863946030935
-10.0	-15.0	1.056394873424382
-10.0	-13.75	1.03661879996635
-10.0	-12.5	1.0503506037865922
-10.0	-11.25	1.0613129250040743
-10.0	-10.0	1.0601510175561044
-10.0	-8.75	1.072841318587303
-10.0	-7.5	1.072532590464253
-10.0	-6.25	1.0648337009186843
-10.0	-5.0	1.0503318952253118
-10.0	-3.75	1.0716999539249803
-10.0	-2.5	1.064793248150181
-10.0	-1.25	1.0633037704203643
-10.0	0.0	1.0604707190240177
-10.0	1.25	1.0670416888432057
-10.0	2.5	1.065546849170486
-10.0	3.75	1.0633732097236015
-10.0	5.0	1.0597326324423966
-10.0	6.25	1.0531516028048638
-10.0	7.5	1.0642612715495459
-10.0	8.75	1.0661923660832455
-10.0	10.0	1.0786666798978708
-10.0	11.25	1.0671337999274593
-10.0	12.5	1.0726337863675182
-10.0	13.75	1.0768465115838604
-10.0	15.0	1.0729523977875157
-10.0	16.25	1.0796371025199918
-10.0	17.5	1.0995097271795438
-10.0	18.75	1.0951046398015096
-10.0	20.0	1.1032513427706134
-10.0	21.25	1.0917179010811067
-10.0	22.5	1.080056694099681
-10.0	23.75	1.0769785022516536
-10.0	25.0	1.0802379126134078
-10.0	26.25	1.080878526934693
-10.0	27.5	1.031609154214074
-10.0	28.75	1.004593010973335
-10.0	30.0	0.9960684084048381
-10.0	31.25	0.9008823361165436
-10.0	32.5	0.8001284761343426
-10.0	33.75	0.7224543688927065
-10.0	35.0	0.720240234558311
-10.0	36.25	0.6626982479110108
-10.0	37.5	0.34063503776438353
-10.0	38.75	1.0082134318219598
-8.75	38.75	0.8679929596898854
-8.75	37.5	0.40539616825738045
-8.75	36.25	0.6761306619828531
-8.75	35.0	0.7216313516199293
-8.75	33.75	0.7350425905297409
-8.75	32.5	0.8336942668561101
-8.75	31.25	0.923627319719851
-8.75	30.0	1.0131077667834207
-8.75	28.75	0.9982719327326665
-8.75	27.5	1.0488733213911168
-8.75	26.25	1.083572849397415
-8.75	25.0	1.083763957338107
-8.75	23.75	1.0856697569941764
-8.75	22.5	1.0871186132606403
-8.75	21.25	1.0998698491420593
-8.75	20.0	1.0872774847625328
-8.75	18.75	1.0946747761398983
-8.75	17.5	1.0865190370624787
-8.75	16.25	1.0854514360751046
-8.75	15.0	1.0956106221250295
-8.75	13.75	1.0771877729713284
-8.75	12.5	1.0719812680890175
-8.75	11.25	1.070290521675058
-8.75	10.0	1.065783089549321
-8.75	8.75	1.0611017511833343
-8.75	7.5	1.063688992667464
-8.75	6.25	1.0574903010021568
-8.75	5.0	1.0648601230805266
-8.75	3.75	1.0517119714060759
-8.75	2.5	1.0713666307949785
-8.75	1.25	1.0687621449475242
-8.75	-0.0	1.0639484833101942
-8.75	-1.25	1.0747634513848403
-8.75	-2.5	1.0715464049848182
-8.75	-3.75	1.0581116556981853
-8.75	-5.0	1.0538312940907049
-8.75	-6.25	1.0719289403557404
-8.75	-7.5	1.0669956249785328
-8.75	-8.75	1.0716535166453083
-8.75	-10.0	1.0758327813658133
-8.75	-11.25	1.0569150143585835
-8.75	-12.5	1.0616292952524637
-8.75	-13.75	1.042671790513666
-8.75	-15.0	1.062133719822106
-8.75	-16.25	1.0461072198885086
-8.75	-17.5	1.0185899209674665
-8.75	-18.75	1.028378551413956
-8.75	-20.0	1.0311018128179577
-8.75	-21.25	1.034667962015147
-8.75	-22.5	1.0416670560734844
-8.75	-23.75	1.0382132371648152
-8.75	-25.0	1.0571993285354717
-8.75	-26.25	1.0744823862675819
-8.75	-27.5	1.0803829114998185
-8.75	-28.75	1.104930507157211
-8.75	-30.0	1.0889297951998658
-8.75	-31.25	1.0473452524086646
-8.75	-32.5	0.9548459128894844
-8.75	-33.75	0.8351986247185523
-8.75	-35.0	0.7342608162520369
-8.75	-36.25	0.8244285054106865
-8.75	-37.5	0.7909819511593935
-8.75	-38.75	0.7476935471949531
-7.5	-38.75	0.7076547223729085
-7.5	-37.5	0.8141310989428743
-7.5	-36.25	0.7615439726540147
-7.5	-35.0	0.7287432515355048
-7.5	-33.75	0.843231096731216
-7.5	-32.5	0.9743013151655588
-7.5	-31.25	1.0746871833387899
-7.5	-30.0	1.095322870194634
-7.5	-28.75	1.086456314572237
-7.5	-27.5	1.084091886814134
-7.5	-26.25	1.0686013722537495
-7.5	-25.0	1.0574524446255655
-7.5	-23.75	1.036423484507237
-7.5	-22.5	1.0359320475529827
-7.5	-21.25	1.0276187377207833
-7.5	-20.0	1.0297076120945508
-7.5	-18.75	1.0389930789334032
-7.5	-17.5	1.0374981853557677
-7.5	-16.25	1.033777807473358
-7.5	-15.0	1.053393948486379
-7.5	-13.75	1.063045156479176
-7.5	-12.5	1.0647008503680286
-7.5	-11.25	1.0600010965522602
-7.5	-10.0	1.0680077586822725
-7.5	-8.75	1.0779870322459864
-7.5	-7.5	1.0676114881748626
-7.5	-6.25	1.067175345827161
-7.5	-5.0	1.0721194418534392
-7.5	-3.75	1.0688920944153435
-7.5	-2.5	1.063640426399123
-7.5	-1.25	1.0663290568675305
-7.5	0.0	1.0633463343239584
-7.5	1.25	1.0601416563525456
-7.5	2.5	1.0589764078909385
-7.5	3.75	1.0467423783184224
-7.5	5.0	1.0554276172689168
-7.5	6.25	1.063553788150738
-7.5	7.5	1.0594029421956164
-7.5	8.75	1.061291387272389
-7.5	10.0	1.0710484258739192
-7.5	11.25	1.0621608658757944
-7.5	12.5	1.0700563935158014
-7.5	13.75	1.0953778462278616
-7.5	15.0	1.0852294291156965
-7.5	16.25	1.0813194684696485
-7.5	17.5	1.0887334666078328
-7.5	18.75	1.0863740050014876
-7.5	20.0	1.0912211262187352
-7.5	21.25	1.1016382497446648
-7.5	22.5	1.0849572312322961
-7.5	23.75	1.0734199577026926
-7.5	25.0	1.0868439458315582
-7.5	26.25	1.0756424655553563
-7.5	27.5	1.077993066303638
-7.5	28.75	1.0078740990109853
-7.5	30.0	1.0101582626749892
-7.5	31.25	0.9483389688970181
-7.5	32.5	0.8661264211965701
-7.5	33.75	0.7390941269916713
-7.5	35.0	0.7119614149469369
-7.5	36.25	0.7139339083869102
-7.5	37.5	0.5060810509641446
-7.5	38.75	1.0509854748917098
-6.25	40.0	0.9199497444885848
-6.25	38.75	1.1357320828881234
-6.25	37.5	0.555763869824157
-6.25	36.25	0.7175493961601743
-6.25	35.0	0.7115899317951906
-6.25	33.75	0.7705828279712366
-6.25	32.5	0.8623380627331495
-6.25	31.25	0.97590107417653
-6.25	30.0	0.9946896761190255
-6.25	28.75	1.0093028310139642
-6.25	27.5	1.0766619877700492
-6.25	26.25	1.0964795024080651
-6.25	25.0	1.0923465146737137
-6.25	23.75	1.089787929499561
-6.25	22.5	1.0978858412833996
-6.25	21.25	1.1100088050136516
-6.25	20.0	1.101626925891175
-6.25	18.75	1.0893327685827696
-6.25	17.5	1.0903179693020288
-6.25	16.25	1.0832513139458915
-6.25	15.0	1.0791166001170698
-6.25	13.75	1.0781690607318253
-6.25	12.5	1.064723118511369
-6.25	11.25	1.0681160710855306
-6.25	10.0	1.0718702021139033
-6.25	8.75	1.0539399727496916
-6.25	7.5	1.069825142025284
-6.25	6.25	1.058580565076083
-6.25	5.0	1.059562017079352
-6.25	3.75	1.0491605599057843
-6.25	2.5	1.063794775613044
-6.25	1.25	1.0523084924126132
-6.25	-0.0	1.0692904999513415
-6.25	-1.25	1.0565276197983702
-6.25	-2.5	1.0626111232501825
-6.25	-3.75	1.0726878429375983
-6.25	-5.0	1.072133323273786
-6.25	-6.25	1.0726141618336198
-6.25	-7.5	1.0812581925778721
-6.25	-8.75	1.0735010305851773
-6.25	-10.0	1.0613691354030081
-6.25	-11.25	1.0772445715029009
-6.25	-12.5	1.0629046275507645
-6.25	-13.75	1.0709601672405025
-6.25	-15.0	1.0452272713928088
-6.25	-16.25	1.0491256607372674
-6.25	-17.5	1.036004184168637
-6.25	-18.75	1.0360301244317067
-6.25	-20.0	1.023062561132414
-6.25	-21.25	1.0212740523474337
-6.25	-22.5	1.0244472534879716
-6.25	-23.75	1.0459437299438055
-6.25	-25.0	1.051914560199543
-6.25	-26.25	1.0574675447757245
-6.25	-27.5	1.0776918781032836
-6.25	-28.75	1.091141884555764
-6.25	-30.0	1.105981684954452
-6.25	-31.25	1.0890633217073948
-6.25	-32.5	1.0030802589547028
-6.25	-33.75	0.8718427191489533
-6.25	-35.0	0.7546934763673765
-6.25	-36.25	0.7200121119119836
-6.25	-37.5	0.7641593843159068
-6.25	-38.75	0.7820123715705644
-6.25	-40.0	0.8815435857150736
-5.0	-40.0	0.8576961266467028
-5.0	-38.75	0.8494058548320836
-5.0	-37.5	0.775588500826467
-5.0	-36.25	0.7347095999591278
-5.0	-35.0	0.772932495867751
-5.0	-33.75	0.8896692788899637
-5.0	-32.5	1.0127568692966729
-5.0	-31.25	1.0888758213636294
-5.0	-30.0	1.1031327841609202
-5.0	-28.75	1.0889667507516922
-5.0	-27.5	1.0689777988505034
-5.0	-26.25	1.043550704991398
-5.0	-25.0	1.04279400478644
-5.0	-23.75	1.0351496386542118
-5.0	-22.5	1.032520846341045
-5.0	-21.25	1.0182160832177165
-5.0	-20.0	1.023391086798447
-5.0	-18.75	1.0367058288669562
-5.0	-17.5	1.036589129933807
-5.0	-16.25	1.0436636426488486
-5.0	-15.0	1.0518620847983133
-5.0	-13.75	1.0662105470020016
-5.0	-12.5	1.0668983402990582
-5.0	-11.25	1.0743310453880606
-5.0	-10.0	1.0682684404311011
-5.0	-8.75	1.0749374317457352
-5.0	-7.5	1.0747817893349978
-5.0	-6.25	1.068005590229835
-5.0	-5.0	1.0793067869967783
-5.0	-3.75	1.0710052119818305
-5.0	-2.5	1.0780892442970786
-5.0	-1.25	1.0804708346594574
-5.0	0.0	1.0555144255887223
-5.0	1.25	1.0709906270662604
-5.0	2.5	1.0619905239448326
-5.0	3.75	1.0550376091789662
-5.0	5.0	1.0527708486258156
-5.0	6.25	1.0599622011856498
-5.0	7.5	1.0560154452163617
-5.0	8.75	1.0504992151632404
-5.0	10.0	1.0627541625715786
-5.0	11.25	1.0563707672074958
-5.0	12.5	1.0644207062837503
-5.0	13.75	1.069165050524493
-5.0	15.0	1.082825401426724
-5.0	16.25	1.0917855537774614
-5.0	17.5	1.0797244874307186
-5.0	18.75	1.0697925510627442
-5.0	20.0	1.0902059000023336
-5.0	21.25	1.098880737753826
-5.0	22.5	1.0922410709848072
-5.0	23.75	1.0761121331531431
-5.0	25.0	1.099940470974016
-5.0	26.25	1.0844682529804415
-5.0	27.5	1.0900912213866114
-5.0	28.75	1.0320788175700355
-5.0	30.0	1.011698288263591
-5.0	31.25	0.9855209955418297
-5.0	32.5	0.8827776194074253
-5.0	33.75	0.7904081258582758
-5.0	35.0	0.7233546327351337
-5.0	36.25	0.7208557111867181
-5.0	37.5	0.6231960806407382
-5.0	38.75	0.5034914054305524
-5.0	40.0	0.8922375978003626
-3.75	40.0	0.9132093756569547
-3.75	38.75	0.16126961540496673
-3.75	37.5	0.6532156169826129
-3.75	36.25	0.727961303477881
-3.75	35.0	0.725408836640176
-3.75	33.75	0.8027252132296003
-3.75	32.5	0.9041255350466797
-3.75	31.25	0.9906566559961427
-3.75	30.0	0.9928626321992925
-3.75	28.75	1.0246320894954386
-3.75	27.5	1.0855959895625367
-3.75	26.25	1.077583528157527
-3.75	25.0	1.0855835687969755
-3.75	23.75	1.0865436416718135
-3.75	22.5	1.1100043132658606
-3.75	21.25	1.1016581165915496
-3.75	20.0	1.0970833280722763
-3.75	18.75	1.103913847509627
-3.75	17.5	1.0966240098263897
-3.75	16.25	1.0728771893333515
-3.75	15.0	1.0828177607379013
-3.75	13.75	1.0769444285588485
-3.75	12.5	1.0758562637841713
-3.75	11.25	1.0669902907298474
-3.75	10.0	1.0587257568312436
-3.75	8.75	1.066885827170851
-3.75	7.5	1.061522647181721
-3.75	6.25	1.0434002117428423
-3.75	5.0	1.0592646339813656
-3.75	3.75	1.0390772211400958
-3.75	2.5	1.0578738302174002
-3.75	1.25	1.0508750046743809
-3.75	-0.0	1.0603658028341327
-3.75	-1.25	1.0856160058748947
-3.75	-2.5	1.070115457593284
-3.75	-3.75	1.088490324721009
-3.75	-5.0	1.085656935028247
-3.75	-6.25	1.081436097586506
-3.75	-7.5	1.0706552655829118
-3.75	-8.75	1.0685213046352826
-3.75	-10.0	1.0820651007437834
-3.75	-11.25	1.0614852847417993
-3.75	-12.5	1.0561842719571137
-3.75	-13.75	1.0573536546349245
-3.75	-15.0	1.0532897686704796
-3.75	-16.25	1.0435589472534552
-3.75	-17.5	1.0415179998783775
-3.75	-18.75	1.0296253952717076
-3.75	-20.0	1.0304422596972858
-3.75	-21.25	1.0214658938997825
-3.75	-22.5	1.0294250849168167
-3.75	-23.75	1.042397270937896
-3.75	-25.0	1.049822893763169
-3.75	-26.25	1.0679349086754473
-3.75	-27.5	1.0614430088873967
-3.75	-28.75	1.101398428525695
-3.75	-30.0	1.0962270741208373
-3.75	-31.25	1.1001673561463368
-3.75	-32.5	1.0332032695804547
-3.75	-33.75	0.9139217835608462
-3.75	-35.0	0.7746846450004109
-3.75	-36.25	0.702932226758281
-3.75	-37.5	0.8140841058725635
-3.75	-38.75	0.8199378861101017
-3.75	-40.0	0.8244578175711523
-2.5	-40.0	0.7651264997311922
-2.5	-38.75	0.9421846037788046
-2.5	-37.5	0.8179545165446221
-2.5	-36.25	0.7181575225645709
-2.5	-35.0	0.7953872789131464
-2.5	-33.75	0.91958277111393
-2.5	-32.5	1.0472882527509104
-2.5	-31.25	1.0965408991039474
-2.5	-30.0	1.0976718406114354
-2.5	-28.75	1.0841137278810133
-2.5	-27.5	1.0630610502086468
-2.5	-26.25	1.0618229388328413
-2.5	-25.0	1.0318052117292709
-2.5	-23.75	1.0264205621160791
-2.5	-22.5	1.0357697676376292
-2.5	-21.25	1.0144100213104552
-2.5	-20.0	1.0258134990266286
-2.5	-18.75	1.043360449200347
-2.5	-17.5	1.0404629484677783
-2.5	-16.25	1.054953983555423
-2.5	-15.0	1.0582759070800245
-2.5	-13.75	1.0529845748417572
-2.5	-12.5	1.05519622076809
-2.5	-11.25	1.065469858173105
-2.5	-10.0	1.0741364622933307
-2.5	-8.75	1.0764986139929453
-2.5	-7.5	1.0878857455743207
-2.5	-6.25	1.0844238365662668
-2.5	-5.0	1.08721726118476
-2.5	-3.75	1.0837260053746571
-2.5	-2.5	1.0876923758595172
-2.5	-1.25	1.077724168135809
-2.5	0.0	1.069939024662539
-2.5	1.25	1.0545254574050194
-2.5	2.5	1.03261808575682
-2.5	3.75	1.0320609547858297
-2.5	5.0	1.0382608930468218
-2.5	6.25	1.0539634389432484
-2.5	7.5	1.0596781303799998
-2.5	8.75	1.0530404751517077
-2.5	10.0	1.0687391138110913
-2.5	11.25	1.0618450238302177
-2.5	12.5	1.0723131630779457
-2.5	13.75	1.0850815924986972
-2.5	15.0	1.0781607161494264
-2.5	16.25	1.0854845111386007
-2.5	17.5	1.0951249809061896
-2.5	18.75	1.0981947267841656
-2.5	20.0	1.0992154329749677
-2.5	21.25	1.108603564556646
-2.5	22.5	1.1050051034335133
-2.5	23.75	1.099898228682956
-2.5	25.0	1.085606165105743
-2.5	26.25	1.0791318016193154
-2.5	27.5	1.0910890737039092
-2.5	28.75	1.0311560499206287
-2.5	30.0	0.980416160571644
-2.5	31.25	1.0074019060843595
-2.5	32.5	0.9101803304649401
-2.5	33.75	0.8190505710775418
-2.5	35.0	0.7209767009847216
-2.5	36.25	0.7496362668892903
-2.5	37.5	0.6648118906319167
-2.5	38.75	0.24279651221806772
-2.5	40.0	0.9760184524129683
-1.25	40.0	0.8709768345851777
-1.25	38.75	0.2900095416516308
-1.25	37.5	0.6559247699349141
-1.25	36.25	0.7291027891348923
-1.25	35.0	0.726003442012023
-1.25	33.75	0.8080771224973529
-1.25	32.5	0.9210633711304681
-1.25	31.25	1.0051614005544764
-1.25	30.0	1.005987169008107
-1.25	28.75	1.035158387829331
-1.25	27.5	1.0895763076895215
-1.25	26.25	1.1013216574353715
-1.25	25.0	1.0923866071886972
-1.25	23.75	1.102236451701822
-1.25	22.5	1.1069275686689029
-1.25	21.25	1.095043640468168
-1.25	20.0	1.0975646005088173
-1.25	18.75	1.095395389260302
-1.25	17.5	1.0861148945367873
-1.25	16.25	1.078882317508392
-1.25	15.0	1.0845157886112355
-1.25	13.75	1.0791016579679158
-1.25	12.5	1.067526592655214
-1.25	11.25	1.0697114767169738
-1.25	10.0	1.0596690198825938
-1.25	8.75	1.0569641031993418
-1.25	7.5	1.049054657186152
-1.25	6.25	1.0440797616683948
-1.25	5.0	1.0416956201784116
-1.25	3.75	1.047246662906453
-1.25	2.5	1.0469391646403634
-1.25	1.25	1.0413383920671517
-1.25	-0.0	1.064374199304597
-1.25	-1.25	1.0846341119723628
-1.25	-2.5	1.0802948216768753
-1.25	-3.75	1.0842019351916186
-1.25	-5.0	1.0946667667907768
-1.25	-6.25	1.0952704617734998
-1.25	-7.5	1.0887573916637252
-1.25	-8.75	1.0830836267445907
-1.25	-10.0	1.0734723122999963
-1.25	-11.25	1.0664286504123568
-1.25	-12.5	1.067483294654477
-1.25	-13.75	1.0637854677778904
-1.25	-15.0	1.0600825504871711
-1.25	-16.25	1.0534793186994176
-1.25	-17.5	1.0312232116786357
-1.25	-18.75	1.056240625988902
-1.25	-20.0	1.0303553747780678
-1.25	-21.25	1.0225021662946223
-1.25	-22.5	1.0246369663493105
-1.25	-23.75	1.0265168864781302
-1.25	-25.0	1.0384948557740354
-1.25	-26.25	1.0544482540623383
-1.25	-27.5	1.0740306879710306
-1.25	-28.75	1.087763536326195
-1.25	-30.0	1.1041423027628217
-1.25	-31.25	1.0930241028658072
-1.25	-32.5	1.051688104250026
-1.25	-33.75	0.9313345416686507
-1.25	-35.0	0.7955335226729641
-1.25	-36.25	0.7065329894941614
-1.25	-37.5	0.82348990372926
-1.25	-38.75	0.9294962030089419
-1.25	-40.0	0.7928724146642911
0.0	-40.0	0.841373966382662
0.0	-38.75	0.9021883508417511
0.0	-37.5	0.8256952018951244
0.0	-36.25	0.7164909685003105
0.0	-35.0	0.7990627744596646
0.0	-33.75	0.9500540914176302
0.0	-32.5	1.0515982521217546
0.0	-31.25	1.0953877081955794
0.0	-30.0	1.1106956104041492
0.0	-28.75	1.0941114691403133
0.0	-27.5	1.062445350774083
0.0	-26.25	1.0572224394246184
0.0	-25.0	1.0426100615735336
0.0	-23.75	1.0153014597940926
0.0	-22.5	1.0287548750921007
0.0	-21.25	1.0129510797622951
0.0	-20.0	1.0383589758036218
0.0	-18.75	1.0250414293316144
0.0	-17.5	1.022946625398694
0.0	-16.25	1.0489229693098212
0.0	-15.0	1.0447922822185727
0.0	-13.75	1.0671582119378016
0.0	-12.5	1.0699056937068703
0.0	-11.25	1.0676450059020308
0.0	-10.0	1.0734964211966684
0.0	-8.75	1.076406965861797
0.0	-7.5	1.0809750838831444
0.0	-6.25	1.098491579559015
0.0	-5.0	1.0979764746574545
0.0	-3.75	1.0861333141879081
0.0	-2.5	1.0934039648495848
0.0	-1.25	1.0866314425916108
0.0	0.0	1.057861075308613
0.0	1.25	1.0434091108241477
0.0	2.5	1.035338469394243
0.0	3.75	1.0392673195530808
0.0	5.0	1.0282283238231362
0.0	6.25	1.0474667362082428
0.0	7.5	1.0474871077754095
0.0	8.75	1.0619040403760327
0.0	10.0	1.0497982760265654
0.0	11.25	1.0607943361293524
0.0	12.5	1.0640134283620297
0.0	13.75	1.0762961486897245
0.0	15.0	1.0831479568984956
0.0	16.25	1.0911815342154172
0.0	17.5	1.0984536142945747
0.0	18.75	1.1015396912830238
0.0	20.0	1.086928009485427
0.0	21.25	1.0907858232627723
0.0	22.5	1.1138960075648825
0.0	23.75	1.099490988023062
0.0	25.0	1.0967931134424376
0.0	26.25	1.0944921393349603
0.0	27.5	1.095043377570648
0.0	28.75	1.030297742294454
0.0	30.0	0.9956852235235611
0.0	31.25	1.0037432520981782
0.0	32.5	0.9035268702059517
0.0	33.75	0.8144570230330466
0.0	35.0	0.7240384052379699
0.0	36.25	0.7239920736310723
0.0	37.5	0.6893001167271958
0.0	38.75	0.25980362787637673
0.0	40.0	0.9080432740501423
1.25	40.0	0.8798543292911992
1.25	38.75	0.24379756054069898
1.25	37.5	0.658163056101674
1.25	36.25	0.7397075590628113
1.25	35.0	0.7473027533185213
1.25	33.75	0.7997164024694835
1.25	32.5	0.914100077121058
1.25	31.25	1.010296178180786
1.25	30.0	0.9975325451170088
1.25	28.75	1.0392804274365508
1.25	27.5	1.0965404422515528
1.25	26.25	1.08676553533655
1.25	25.0	1.0850836006319207
1.25	23.75	1.1083793153314083
1.25	22.5	1.1013837807168576
1.25	21.25	1.0943925752694246
1.25	20.0	1.0988088907224418
1.25	18.75	1.0895275214200846
1.25	17.5	1.0927906266644176
1.25	16.25	1.071556724594129
1.25	15.0	1.0840163931851
1.25	13.75	1.0704067782194036
1.25	12.5	1.068894975769996
1.25	11.25	1.0583506124968929
1.25	10.0	1.065291654686358
1.25	8.75	1.0569541252184806
1.25	7.5	1.0413235748077398
1.25	6.25	1.0461872631302467
1.25	5.0	1.0410374164460305
1.25	3.75	1.0241509178720698
1.25	2.5	1.0417951873501614
1.25	1.25	1.0475718075359977
1.25	-0.0	1.0634021144772683
1.25	-1.25	1.0727498248106924
1.25	-2.5	1.102377873465648
1.25	-3.75	1.095804862664665
1.25	-5.0	1.0808280542588011
1.25	-6.25	1.0836789751728564
1.25	-7.5	1.0835473454106546
1.25	-8.75	1.0834869992709981
1.25	-10.0	1.0701241807656237
1.25	-11.25	1.0697864211187773
1.25	-12.5	1.064967428068715
1.25	-13.75	1.0568289228467902
1.25	-15.0	1.0524851190073068
1.25	-16.25	1.0506616774253197
1.25	-17.5	1.0420803464530757
1.25	-18.75	1.0497024683231537
1.25	-20.0	1.0189897603581113
1.25	-21.25	1.0124606455573195
1.25	-22.5	1.021879248652275
1.25	-23.75	1.0379258241589173
1.25	-25.0	1.0524631811188574
1.25	-26.25	1.0692048375042804
1.25	-27.5	1.0666498082125397
1.25	-28.75	1.0848398340907588
1.25	-30.0	1.0941076799720675
1.25	-31.25	1.1050289838663925
1.25	-32.5	1.0504340592982628
1.25	-33.75	0.9474576255817874
1.25	-35.0	0.8107481051820129
1.25	-36.25	0.7365413186393464
1.25	-37.5	0.8123709463981258
1.25	-38.75	0.8520833603353043
1.25	-40.0	0.8856863603312942
2.5	-40.0	0.7980866396161784
2.5	-38.75	0.8440573895021812
2.5	-37.5	0.8283794558398172
2.5	-36.25	0.720714950874048
2.5	-35.0	0.8141295658923754
2.5	-33.75	0.946340220639706
2.5	-32.5	1.0390833497654357
2.5	-31.25	1.1004817772993676
2.5	-30.0	1.1002798571790575
2.5	-28.75	1.0809914248842774
2.5	-27.5	1.068474471353122
2.5	-26.25	1.0578379410594483
2.5	-25.0	1.0350538972902326
2.5	-23.75	1.0278412293476522
2.5	-22.5	1.0312655053980164
2.5	-21.25	1.0263754068647055
2.5	-20.0	1.0349595179604856
2.5	-18.75	1.0483178977985739
2.5	-17.5	1.0466831783664372
2.5	-16.25	1.0601093609260797
2.5	-15.0	1.0559350403699745
2.5	-13.75	1.0622099779509675
2.5	-12.5	1.0649056336271718
2.5	-11.25	1.0684830279990287
2.5	-10.0	1.0716400740767804
2.5	-8.75	1.0868103439455281
2.5	-7.5	1.0887025187062749
2.5	-6.25	1.0947400044244704
2.5	-5.0	1.0824081088699147
2.5	-3.75	1.0862889596954655
2.5	-2.5	1.0923441198941661
2.5	-1.25	1.0820823175119307
2.5	0.0	1.0461084513882297
2.5	1.25	1.0446035602743784
2.5	2.5	1.0331983941255505
2.5	3.75	1.0355881358993018
2.5	5.0	1.037366769735581
2.5	6.25	1.042554290630425
2.5	7.5	1.049157491861572
2.5	8.75	1.0535115547070026
2.5	10.0	1.071208551353734
2.5	11.25	1.0562110518912078
2.5	12.5	1.0758995467229453
2.5	13.75	1.0758814364571685
2.5	15.0	1.092257214687549
2.5	16.25	1.0831875232197519
2.5	17.5	1.0901949077009423
2.5	18.75	1.0979928195564086
2.5	20.0	1.1061398747696514
2.5	21.25	1.1080460797024
2.5	22.5	1.103093970298013
2.5	23.75	1.0954079637590368
2.5	25.0	1.092462658316331
2.5	26.25	1.0819927144420363
2.5	27.5	1.1038775979485294
2.5	28.75	1.0274549728951623
2.5	30.0	0.9815063005947898
2.5	31.25	1.014498780018521
2.5	32.5	0.9166629171784058
2.5	33.75	0.8045359195128058
2.5	35.0	0.7389035120121408
2.5	36.25	0.7437772697348717
2.5	37.5	0.6683191386620173
2.5	38.75	0.3135881403960126
2.5	40.0	0.9864596159915221
3.75	40.0	0.9438758961141634
3.75	38.75	0.21838294533311534
3.75	37.5	0.6528199676851076
3.75	36.25	0.7448027812799218
3.75	35.0	0.7277075746573257
3.75	33.75	0.8034541181468018
3.75	32.5	0.8931226796872086
3.75	31.25	1.0041928992208342
3.75	30.0	1.0001749008191514
3.75	28.75	1.0261684362753205
3.75	27.5	1.100677616389121
3.75	26.25	1.0970482834520805
3.75	25.0	1.0980176506954507
3.75	23.75	1.104743100277446
3.75	22.5	1.1060741666849903
3.75	21.25	1.1110834018492513
3.75	20.0	1.0973917404018305
3.75	18.75	1.1190487482682399
3.75	17.5	1.1119984103829372
3.75	16.25	1.0765320848652797
3.75	15.0	1.0815622302597738
3.75	13.75	1.0828193182598413
3.75	12.5	1.0769234756181723
3.75	11.25	1.0554629695884892
3.75	10.0	1.0680314045507489
3.75	8.75	1.072115196852323
3.75	7.5	1.0593580016215027
3.75	6.25	1.0537302223936262
3.75	5.0	1.0466303145849234
3.75	3.75	1.041850711931502
3.75	2.5	1.0350714186065015
3.75	1.25	1.0622026246381449
3.75	-0.0	1.0645330360596237
3.75	-1.25	1.0755503835176388
3.75	-2.5	1.0851070210724418
3.75	-3.75	1.0783753164978704
3.75	-5.0	1.0874416254485957
3.75	-6.25	1.0999217281691485
3.75	-7.5	1.073593325645513
3.75	-8.75	1.0670533733627918
3.75	-10.0	1.0782421611461994
3.75	-11.25	1.0668080315219846
3.75	-12.5	1.0609780434104776
3.75	-13.75	1.0704364866695248
3.75	-15.0	1.0566008962258624
3.75	-16.25	1.0463458023823038
3.75	-17.5	1.0326230900469238
3.75	-18.75	1.0275137983718805
3.75	-20.0	1.0295218259258843
3.75	-21.25	1.0023134120256112
3.75	-22.5	1.0286209435173985
3.75	-23.75	1.019158384145903
3.75	-25.0	1.0460389911215102
3.75	-26.25	1.0655804981752344
3.75	-27.5	1.0766452337308206
3.75	-28.75	1.1107998765009612
3.75	-30.0	1.107510793236309
3.75	-31.25	1.1003848030246481
3.75	-32.5	1.0360345355286158
3.75	-33.75	0.9362815095577133
3.75	-35.0	0.7864988743228738
3.75	-36.25	0.7268131130450705
3.75	-37.5	0.840449576631524
3.75	-38.75	0.9212019779798873
3.75	-40.0	0.8520753163668506
5.0	-40.0	0.7935128019904443
5.0	-38.75	0.9842124625679868
5.0	-37.5	0.8087316584199117
5.0	-36.25	0.7299429495436643
5.0	-35.0	0.7873665809109008
5.0	-33.75	0.916269253808225
5.0	-32.5	1.0280677653651422
5.0	-31.25	1.0935992348138273
5.0	-30.0	1.10972532148213
5.0	-28.75	1.094813706504839
5.0	-27.5	1.065696880207967
5.0	-26.25	1.0719302122757
5.0	-25.0	1.062477377621932
5.0	-23.75	1.0524355249570356
5.0	-22.5	1.032940958377565
5.0	-21.25	1.0159092627447175
5.0	-20.0	1.0393751331233991
5.0	-18.75	1.037470720280137
5.0	-17.5	1.040362507331846
5.0	-16.25	1.0572697986017694
5.0	-15.0	1.0480411053816978
5.0	-13.75	1.0760884099727726
5.0	-12.5	1.0594785700508427
5.0	-11.25	1.076324503065341
5.0	-10.0	1.0650750501023636
5.0	-8.75	1.0813891082719538
5.0	-7.5	1.0792982057823794
5.0	-6.25	1.091667236345641
5.0	-5.0	1.0877024158887985
5.0	-3.75	1.092459748015277
5.0	-2.5	1.0946654520480898
5.0	-1.25	1.081563249296193
5.0	0.0	1.0692820551234319
5.0	1.25	1.0527366107986733
5.0	2.5	1.0509145535459004
5.0	3.75	1.0487752861473127
5.0	5.0	1.0568792869587655
5.0	6.25	1.0532656793432906
5.0	7.5	1.0592429491626862
5.0	8.75	1.0749422862552445
5.0	10.0	1.0707646684660277
5.0	11.25	1.0751173607556725
5.0	12.5	1.0700233537909885
5.0	13.75	1.0806745056303535
5.0	15.0	1.084307023135141
5.0	16.25	1.098042170975271
5.0	17.5	1.0957741981636286
5.0	18.75	1.0964281583639914
5.0	20.0	1.0887312125225161
5.0	21.25	1.0993706110586299
5.0	22.5	1.096236061050245
5.0	23.75	1.1035115406649127
5.0	25.0	1.110285391724165
5.0	26.25	1.0913224798448549
5.0	27.5	1.0991108407906045
5.0	28.75	1.0012585199984159
5.0	30.0	1.0176912745087552
5.0	31.25	1.008987355826405
5.0	32.5	0.8820187959797948
5.0	33.75	0.78235613684389
5.0	35.0	0.7219673511233174
5.0	36.25	0.7330946710045261
5.0	37.5	0.6131613128321143
5.0	38.75	0.5186285460625603
5.0	40.0	1.0745896389755807
6.25	40.0	0.9104690436290848
6.25	38.75	1.0505557615517562
6.25	37.5	0.5640674544126837
6.25	36.25	0.7456185708168864
6.25	35.0	0.7273115315904508
6.25	33.75	0.8077718570424185
6.25	32.5	0.872216548375685
6.25	31.25	0.9967187181046896
6.25	30.0	1.0234903124305872
6.25	28.75	0.9975896292289317
6.25	27.5	1.073974877508023
6.25	26.25	1.0896348439263972
6.25	25.0	1.0949501586438883
6.25	23.75	1.0855902625145506
6.25	22.5	1.1044089715195917
6.25	21.25	1.1030539461678368
6.25	20.0	1.0959510557746663
6.25	18.75	1.1029289598371919
6.25	17.5	1.1017938429339007
6.25	16.25	1.1039711027713899
6.25	15.0	1.090942330527853
6.25	13.75	1.0890209502655654
6.25	12.5	1.0672816040107305
6.25	11.25	1.0715374644891857
6.25	10.0	1.079652825037521
6.25	8.75	1.0709259896153158
6.25	7.5	1.0748777386718724
6.25	6.25	1.0707516394227163
6.25	5.0	1.0556076922169886
6.25	3.75	1.0711616497063299
6.25	2.5	1.0623233349038224
6.25	1.25	1.058843285207836
6.25	-0.0	1.0697017701301117
6.25	-1.25	1.0704141811739638
6.25	-2.5	1.073184216544816
6.25	-3.75	1.0722484688686913
6.25	-5.0	1.0863557190477615
6.25	-6.25	1.06915189274801
6.25	-7.5	1.0902509679804389
6.25	-8.75	1.0719929271315718
6.25	-10.0	1.0694236445431566
6.25	-11.25	1.0657643184358176
6.25	-12.5	1.075831866206938
6.25	-13.75	1.0646626705633442
6.25	-15.0	1.0532510317088186
6.25	-16.25	1.0504579024770382
6.25	-17.5	1.0235616327817967
6.25	-18.75	1.0393037946229766
6.25	-20.0	1.0272952962322823
6.25	-21.25	1.0361584378669133
6.25	-22.5	1.0311708654580296
6.25	-23.75	1.0433771637281715
6.25	-25.0	1.0587435584243858
6.25	-26.25	1.052319566698993
6.25	-27.5	1.0822372478373978
6.25	-28.75	1.1033804610169469
6.25	-30.0	1.0943249696046984
6.25	-31.25	1.0978488968201854
6.25	-32.5	1.009649118851651
6.25	-33.75	0.9127867786286424
6.25	-35.0	0.7827387069247346
6.25	-36.25	0.7737593785823856
6.25	-37.5	0.8199413415481517
6.25	-38.75	0.9512685941075295
6.25	-40.0	0.9348698289672293
7.5	-38.75	0.8211737912234758
7.5	-37.5	0.8001347350013456
7.5	-36.25	0.7811113467100966
7.5	-35.0	0.7914483442862259
7.5	-33.75	0.8930745189543322
7.5	-32.5	0.9960435165887997
7.5	-31.25	1.0856257540454204
7.5	-30.0	1.1178822398907406
7.5	-28.75	1.0980234371835507
7.5	-27.5	1.0972090648384987
7.5	-26.25	1.0537644541184943
7.5	-25.0	1.060246201691765
7.5	-23.75	1.0573010099416165
7.5	-22.5	1.0367555839066946
7.5	-21.25	1.036859226923966
7.5	-20.0	1.0360646966799814
7.5	-18.75	1.0332182389585374
7.5	-17.5	1.0459266420680071
7.5	-16.25	1.035262765233196
7.5	-15.0	1.0529588033323205
7.5	-13.75	1.0670896352254007
7.5	-12.5	1.062346600020334
7.5	-11.25	1.068839134946654
7.5	-10.0	1.0788663182584304
7.5	-8.75	1.0738369036662068
7.5	-7.5	1.063630909547248
7.5	-6.25	1.079042571675913
7.5	-5.0	1.0852880230839919
7.5	-3.75	1.0885010522288225
7.5	-2.5	1.0815077284866608
7.5	-1.25	1.0679878851365359
7.5	0.0	1.075116733488416
7.5	1.25	1.069034955349733
7.5	2.5	1.0673130290175041
7.5	3.75	1.0610353408805921
7.5	5.0	1.0520055775311574
7.5	6.25	1.065882404786388
7.5	7.5	1.0641726705659675
7.5	8.75	1.0678813516160963
7.5	10.0	1.0837915302803274
7.5	11.25	1.0839059187278346
7.5	12.5	1.0865937343373293
7.5	13.75	1.085304770655022
7.5	15.0	1.093168077953662
7.5	16.25	1.0964063661806136
7.5	17.5	1.1005624611082305
7.5	18.75	1.0860094064859191
7.5	20.0	1.114949087839777
7.5	21.25	1.1147704574516166
7.5	22.5	1.0968672398250128
7.5	23.75	1.102163170954286
7.5	25.0	1.0811531289114964
7.5	26.25	1.0964385980357019
7.5	27.5	1.047170786958434
7.5	28.75	0.9982711029199649
7.5	30.0	1.0319836211194133
7.5	31.25	0.9720236222619963
7.5	32.5	0.8583313327579267
7.5	33.75	0.7714081740075923
7.5	35.0	0.7366726125855683
7.5	36.25	0.7360143257535782
7.5	37.5	0.5020473207339101
7.5	38.75	0.9309969517455424
8.75	38.75	0.9422038852694746
8.75	37.5	0.3220794528743543
8.75	36.25	0.6910793167300231
8.75	35.0	0.7420480086459802
8.75	33.75	0.7464618758666939
8.75	32.5	0.8280751479030419
8.75	31.25	0.9451726235569498
8.75	30.0	1.034651856097119
8.75	28.75	1.0068845553702763
8.75	27.5	1.0130801493804822
8.75	26.25	1.0785373941199976
8.75	25.0	1.0971365987475243
8.75	23.75	1.0973957731587707
8.75	22.5	1.0951610665628748
8.75	21.25	1.0969954335473404
8.75	20.0	1.1108013609882106
8.75	18.75	1.096154942519035
8.75	17.5	1.1004154194824234
8.75	16.25	1.0808045344644777
8.75	15.0	1.098351927545275
8.75	13.75	1.0834796538428
8.75	12.5	1.0852603171339539
8.75	11.25	1.0810348753673664
8.75	10.0	1.0762793635812258
8.75	8.75	1.075051425731575
8.75	7.5	1.0578579633158418
8.75	6.25	1.0762503568913275
8.75	5.0	1.0723551848547583
8.75	3.75	1.0632473104289715
8.75	2.5	1.0705613347578937
8.75	1.25	1.0676478252818793
8.75	-0.0	1.071311509100295
8.75	-1.25	1.071033100195246
8.75	-2.5	1.0808197241876933
8.75	-3.75	1.0720798379864973
8.75	-5.0	1.0722529247050507
8.75	-6.25	1.0798478192483938
8.75	-7.5	1.0692450979082275
8.75	-8.75	1.070276811147375
8.75	-10.0	1.0815384248081295
8.75	-11.25	1.0678779280190036
8.75	-12.5	1.0680153622353383
8.75	-13.75	1.0659458196253162
8.75	-15.0	1.0550761118458687
8.75	-16.25	1.0558428220152594
8.75	-17.5	1.045912482154624
8.75	-18.75	1.0386067773133087
8.75	-20.0	1.0227351740983437
8.75	-21.25	1.0287672722135237
8.75	-22.5	1.0361071082138193
8.75	-23.75	1.0468347310444837
8.75	-25.0	1.0622233455516674
8.75	-26.25	1.0653017805148843
8.75	-27.5	1.0899025586328839
8.75	-28.75	1.1060194015056726
8.75	-30.0	1.1101678420238597
8.75	-31.25	1.0696044069044905
8.75	-32.5	0.9734303839226132
8.75	-33.75	0.8795145846865013
8.75	-35.0	0.7752891295559906
8.75	-36.25	0.8357617336755602
8.75	-37.5	0.8271669784013658
8.75	-38.75	0.7466058691816331
10.0	-38.75	0.8479903381367956
10.0	-37.5	0.9199327745040966
10.0	-36.25	0.8695080210757373
10.0	-35.0	0.7775382963270538
10.0	-33.75	0.8614719328724818
10.0	-32.5	0.960896534149269
10.0	-31.25	1.017614153398639
10.0	-30.0	1.1008953063707527
10.0	-28.75	1.1150704152731339
10.0	-27.5	1.098438524051905
10.0	-26.25	1.0835657855673608
10.0	-25.0	1.0596978049646735
10.0	-23.75	1.0640702305686711
10.0	-22.5	1.0489135031893875
10.0	-21.25	1.0428646277084919
10.0	-20.0	1.0487589350171624
10.0	-18.75	1.0370871055817692
10.0	-17.5	1.0423546917887196
10.0	-16.25	1.0536761594772586
10.0	-15.0	1.061761496933465
10.0	-13.75	1.058793645389105
10.0	-12.5	1.0663497233651162
10.0	-11.25	1.0664957631979282
10.0	-10.0	1.0785672237979542
10.0	-8.75	1.072066367646226
10.0	-7.5	1.0730495320010782
10.0	-6.25	1.0717296750227798
10.0	-5.0	1.0613982829310187
10.0	-3.75	1.0678014351272098
10.0	-2.5	1.065635844405119
10.0	-1.25	1.0789228205769545
10.0	0.0	1.082314868384955
10.0	1.25	1.068984114851414
10.0	2.5	1.0671473052514269
10.0	3.75	1.0624798357948342
10.0	5.0	1.0650035439143526
10.0	6.25	1.069958180360689
10.0	7.5	1.0691755877573272
10.0	8.75	1.0786820818190201
10.0	10.0	1.0746586751788427
10.0	11.25	1.07326784293715
10.0	12.5	1.0827721231627825
10.0	13.75	1.0826373248138625
10.0	15.0	1.0994049453969081
10.0	16.25	1.0903191680481026
10.0	17.5	1.0977300749353787
10.0	18.75	1.0953896115966966
10.0	20.0	1.1173699040004357
10.0	21.25	1.099749192734566
10.0	22.5	1.0908683949408209
10.0	23.75	1.0865412016072498
10.0	25.0	1.1033079685586427
10.0	26.25	1.0803103110278873
10.0	27.5	1.0190051839509087
10.0	28.75	1.0122039022000822
10.0	30.0	1.017966454411434
10.0	31.25	0.9148895617011336
10.0	32.5	0.8176080219315991
10.0	33.75	0.75204588065625
10.0	35.0	0.7308935655155153
10.0	36.25	0.677752346648477
10.0	37.5	0.3412687893425161
10.0	38.75	0.9265093901868884
11.25	38.75	0.8998596489930872
11.25	37.5	0.22485877799661505
11.25	36.25	0.597690149719598
11.25	35.0	0.7544612514495974
11.25	33.75	0.7327168107216226
11.25	32.5	0.79292741814473
11.25	31.25	0.8733890037758313
11.25	30.0	0.9869084857520516
11.25	28.75	1.0240345996571367
11.25	27.5	0.9929797194754082
11.25	26.25	1.0358221565879533
11.25	25.0	1.0849843619833546
11.25	23.75	1.0848691483675195
11.25	22.5	1.0941790759277408
11.25	21.25	1.0881102816017687
11.25	20.0	1.1247950741625392
11.25	18.75	1.1086493726736357
11.25	17.5	1.0937632636123202
11.25	16.25	1.071906182080632
11.25	15.0	1.104432052525996
11.25	13.75	1.099561535999498
11.25	12.5	1.0845377457592071
11.25	11.25	1.083209925739753
11.25	10.0	1.08397559282125
11.25	8.75	1.0731193438581283
11.25	7.5	1.074328220233615
11.25	6.25	1.0737546550494446
11.25	5.0	1.064973130362947
11.25	3.75	1.0627754544647345
11.25	2.5	1.0702441873768014
11.25	1.25	1.0780976164593588
11.25	-0.0	1.0692764320664805
11.25	-1.25	1.0666740327545015
11.25	-2.5	1.066797803462855
11.25	-3.75	1.0709124572070263
11.25	-5.0	1.0639753000088739
11.25	-6.25	1.068414725315817
11.25	-7.5	1.0687933573663615
11.25	-8.75	1.0702630563257165
11.25	-10.0	1.0749165403251606
11.25	-11.25	1.0614577169795112
11.25	-12.5	1.0690134089722276
11.25	-13.75	1.0529120429929462
11.25	-15.0	1.049490026388288
11.25	-16.25	1.0491860442262608
11.25	-17.5	1.0468906147323431
11.25	-18.75	1.0332807647936246
11.25	-20.0	1.036671667673848
11.25	-21.25	1.0512768681320928
11.25	-22.5	1.0534939840937938
11.25	-23.75	1.0589136204173142
11.25	-25.0	1.082800134434782
11.25	-26.25	1.0880835620006146
11.25	-27.5	1.0906142378467636
11.25	-28.75	1.1130207938869965
11.25	-30.0	1.0767955271511631
11.25	-31.25	1.0045645583187601
11.25	-32.5	0.9201209223116898
11.25	-33.75	0.8389182020930968
11.25	-35.0	0.7829566915713888
11.25	-36.25	0.865151708242913
11.25	-37.5	0.8481267412544208
11.25	-38.75	0.9260083138659635
12.5	-37.5	0.8358551812814632
12.5	-36.25	0.8346203774183919
12.5	-35.0	0.8322851091982625
12.5	-33.75	0.8148781106148283
12.5	-32.5	0.9169071326776382
12.5	-31.25	0.9870517680990879
12.5	-30.0	1.0506429495226706
12.5	-28.75	1.1086036802895634
12.5	-27.5	1.1048540949757923
12.5	-26.25	1.098834070279457
12.5	-25.0	1.087374657362438
12.5	-23.75	1.0551286265207895
12.5	-22.5	1.0616226548335839
12.5	-21.25	1.047823244561245
12.5	-20.0	1.0411853531395971
12.5	-18.75	1.040785964081316
12.5	-17.5	1.0419604291456277
12.5	-16.25	1.0500372942699183
12.5	-15.0	1.0457580640461004
12.5	-13.75	1.057727032876014
12.5	-12.5	1.0585046382666146
12.5	-11.25	1.065051642091689
12.5	-10.0	1.0710221120731243
12.5	-8.75	1.064967565867959
12.5	-7.5	1.0611340855064666
12.5	-6.25	1.065311693106185
12.5	-5.0	1.0611790645063417
12.5	-3.75	1.0616007353120953
12.5	-2.5	1.0745210104823575
12.5	-1.25	1.072088663665753
12.5	0.0	1.069946755061364
12.5	1.25	1.0626101315819376
12.5	2.5	1.0651331013114869
12.5	3.75	1.0805227006846185
12.5	5.0	1.061607093334997
12.5	6.25	1.071146396673883
12.5	7.5	1.0875425276985853
12.5	8.75	1.0817038255680995
12.5	10.0	1.073960731410856
12.5	11.25	1.086085137649685
12.5	12.5	1.0900299865501695
12.5	13.75	1.0900184279856797
12.5	15.0	1.0880926869964054
12.5	16.25	1.0883214808153872
12.5	17.5	1.0852440314932734
12.5	18.75	1.0985080291276472
12.5	20.0	1.0887524564654745
12.5	21.25	1.0800239956397524
12.5	22.5	1.106639679107266
12.5	23.75	1.0834169083862164
12.5	25.0	1.0865148855363818
12.5	26.25	1.017047522053989
12.5	27.5	1.0134563235486433
12.5	28.75	1.0273010877898834
12.5	30.0	0.9445674442436095
12.5	31.25	0.8402772880976259
12.5	32.5	0.7667502568803508
12.5	33.75	0.7198657090054503
12.5	35.0	0.7218130348785681
12.5	36.25	0.4963749072183855
12.5	37.5	0.9863280841358363
13.75	37.5	0.9604210529766335
13.75	36.25	0.39008946374109327
13.75	35.0	0.6999181651269942
13.75	33.75	0.752986017992211
13.75	32.5	0.7355914262081198
13.75	31.25	0.815649931981398
13.75	30.0	0.8992414767498191
13.75	28.75	1.0064786784508328
13.75	27.5	1.0300791629381791
13.75	26.25	1.0033016758099236
13.75	25.0	1.045723213850855
13.75	23.75	1.085622646086756
13.75	22.5	1.0971298433209173
13.75	21.25	1.0957203167680605
13.75	20.0	1.0914175224084128
13.75	18.75	1.0970990486481176
13.75	17.5	1.1008389050704954
13.75	16.25	1.0916010372097307
13.75	15.0	1.0958172518291591
13.75	13.75	1.0957077324512585
13.75	12.5	1.0865360294099966
13.75	11.25	1.0729783121268284
13.75	10.0	1.0813670915452744
13.75	8.75	1.0808632656992847
13.75	7.5	1.076656538137904
13.75	6.25	1.0736040850015687
13.75	5.0	1.0770427972601264
13.75	3.75	1.0740884306280922
13.75	2.5	1.078825747542648
13.75	1.25	1.0693754102162651
13.75	-0.0	1.066834794645338
13.75	-1.25	1.0663626978519691
13.75	-2.5	1.0782981172348978
13.75	-3.75	1.0572810150443395
13.75	-5.0	1.0621564007397974
13.75	-6.25	1.0608868991735183
13.75	-7.5	1.061691625624182
13.75	-8.75	1.06848591527297
13.75	-10.0	1.064677507561035
13.75	-11.25	1.054149729166899
13.75	-12.5	1.0564774647333424
13.75	-13.75	1.0505073623681696
13.75	-15.0	1.0545331153232522
13.75	-16.25	1.0421735630851872
13.75	-17.5	1.050876679473104
13.75	-18.75	1.044284868124234
13.75	-20.0	1.045439423849734
13.75	-21.25	1.0551347178218162
13.75	-22.5	1.064216296791185
13.75	-23.75	1.0763279815445337
13.75	-25.0	1.0833138246812994
13.75	-26.25	1.0902996057306096
13.75	-27.5	1.0988889236808905
13.75	-28.75	1.086612256187257
13.75	-30.0	1.0115219316229809
13.75	-31.25	0.9741481508457068
13.75	-32.5	0.89219264489891
13.75	-33.75	0.8238528647581509
13.75	-35.0	0.8931915339236122
13.75	-36.25	0.9449576287278066
13.75	-37.5	0.8200936906548262
15.0	-37.5	0.9242194485551165
15.0	-36.25	0.8782113850856227
15.0	-35.0	0.8858233058217402
15.0	-33.75	0.828029528884772
15.0	-32.5	0.8722776717905829
15.0	-31.25	0.9322754507804066
15.0	-30.0	0.9863778289013632
15.0	-28.75	1.047681813092372
15.0	-27.5	1.1059467416011746
15.0	-26.25	1.1005162202877183
15.0	-25.0	1.0800736527937167
15.0	-23.75	1.08983786766407
15.0	-22.5	1.0673573142412978
15.0	-21.25	1.0586394392848564
15.0	-20.0	1.0540000748909089
15.0	-18.75	1.0522334207936672
15.0	-17.5	1.0437879883694194
15.0	-16.25	1.0488976755705592
15.0	-15.0	1.054519666709369
15.0	-13.75	1.0509559324640325
15.0	-12.5	1.052635868335528
15.0	-11.25	1.0647876603952213
15.0	-10.0	1.0541872660727387
15.0	-8.75	1.0534513609183531
15.0	-7.5	1.0674557030962526
15.0	-6.25	1.0651333622142722
15.0	-5.0	1.0776671999017426
15.0	-3.75	1.0691012456680973
15.0	-2.5	1.0616998954228278
15.0	-1.25	1.0671173754637178
15.0	0.0	1.0617246825711542
15.0	1.25	1.0720300535972411
15.0	2.5	1.0567804870373452
15.0	3.75	1.072459203966016
15.0	5.0	1.0813564399279616
15.0	6.25	1.0714524432648207
15.0	7.5	1.074535688534683
15.0	8.75	1.0828214477886953
15.0	10.0	1.0718203200107657
15.0	11.25	1.0863635737521247
15.0	12.5	1.0899232296038832
15.0	13.75	1.1012779132698316
15.0	15.0	1.0890468264892852
15.0	16.25	1.1013896612098895
15.0	17.5	1.1003064208589026
15.0	18.75	1.0905306820675547
15.0	20.0	1.091017421748876
15.0	21.25	1.1021143587301643
15.0	22.5	1.0954323678317621
15.0	23.75	1.075264371970346
15.0	25.0	1.026488156374909
15.0	26.25	1.0054604704794499
15.0	27.5	1.0404345707832567
15.0	28.75	0.9684164862024915
15.0	30.0	0.8788390896550278
15.0	31.25	0.7910329392439545
15.0	32.5	0.7208846914969299
15.0	33.75	0.7415877521973616
15.0	35.0	0.590553539317596
15.0	36.25	0.3673630170805266
15.0	37.5	0.8742528264676682
16.25	36.25	0.9158274863278365
16.25	35.0	0.45103146543763234
16.25	33.75	0.6930321774860788
16.25	32.5	0.7332996367393709
16.25	31.25	0.7463633129414673
16.25	30.0	0.8589979729565693
16.25	28.75	0.9149390550807445
16.25	27.5	1.0156240693661498
16.25	26.25	1.03946292142949
16.25	25.0	1.024978399776848
16.25	23.75	1.0555365987420293
16.25	22.5	1.0763378247067152
16.25	21.25	1.0884413884415478
16.25	20.0	1.0981369466524824
16.25	18.75	1.079518893318747
16.25	17.5	1.083813609964267
16.25	16.25	1.0980060887591778
16.25	15.0	1.0974328939774836
16.25	13.75	1.0825831380929312
16.25	12.5	1.0873100355096774
16.25	11.25	1.0973045794873022
16.25	10.0	1.081606644972113
16.25	8.75	1.0782433046945379
16.25	7.5	1.0756824315901117
16.25	6.25	1.0800217812107853
16.25	5.0	1.0675249444022898
16.25	3.75	1.0772486970121182
16.25	2.5	1.0702548040793791
16.25	1.25	1.0764160545449726
16.25	-0.0	1.0746855050610646
16.25	-1.25	1.0663312630420587
16.25	-2.5	1.0622282091645594
16.25	-3.75	1.0607879972252412
16.25	-5.0	1.0732567339603403
16.25	-6.25	1.0681968020684192
16.25	-7.5	1.0692588598839234
16.25	-8.75	1.0647246923011853
16.25	-10.0	1.0502195749637138
16.25	-11.25	1.0555943504175909
16.25	-12.5	1.0524134461345178
16.25	-13.75	1.0440726872582575
16.25	-15.0	1.0490360539539927
16.25	-16.25	1.03730043227854
16.25	-17.5	1.047380107548831
16.25	-18.75	1.0592595085867347
16.25	-20.0	1.0669781541345045
16.25	-21.25	1.0675196315250601
16.25	-22.5	1.0835431940396532
16.25	-23.75	1.0922934854210915
16.25	-25.0	1.1002899338529353
16.25	-26.25	1.0995859904786103
16.25	-27.5	1.0770613900256958
16.25	-28.75	1.0291937546581889
16.25	-30.0	0.9798646817896929
16.25	-31.25	0.9278861560013834
16.25	-32.5	0.8560536569342624
16.25	-33.75	0.8864374717254551
16.25	-35.0	0.7973048733959093
16.25	-36.25	0.9760057273174837
17.5	-36.25	0.8831086619796902
17.5	-35.0	0.7641351649747736
17.5	-33.75	0.888614823812413
17.5	-32.5	0.8564467214416829
17.5	-31.25	0.8958042138927492
17.5	-30.0	0.9621072161996933
17.5	-28.75	1.0010116506655877
17.5	-27.5	1.0482279580590117
17.5	-26.25	1.0964181485202709
17.5	-25.0	1.0952714621485589
17.5	-23.75	1.096328195787908
17.5	-22.5	1.087161674233658
17.5	-21.25	1.091422370497455
17.5	-20.0	1.07251022092849
17.5	-18.75	1.0633320689045054
17.5	-17.5	1.0489543071360066
17.5	-16.25	1.055586121402865
17.5	-15.0	1.051720004198515
17.5	-13.75	1.0585806706701981
17.5	-12.5	1.0460327026293161
17.5	-11.25	1.0628843023341505
17.5	-10.0	1.0597274641691476
17.5	-8.75	1.0582040111241768
17.5	-7.5	1.0629103249476641
17.5	-6.25	1.0578303340084902
17.5	-5.0	1.0615306134067684
17.5	-3.75	1.0677961767035509
17.5	-2.5	1.0590236631408936
17.5	-1.25	1.0709556168687993
17.5	0.0	1.0625297614218046
17.5	1.25	1.0746145933384963
17.5	2.5	1.075819937527388
17.5	3.75	1.073706558516414
17.5	5.0	1.080940202828582
17.5	6.25	1.0762823642778752
17.5	7.5	1.0902533516124162
17.5	8.75	1.0806325949743736
17.5	10.0	1.0872787102043417
17.5	11.25	1.0839270379216877
17.5	12.5	1.084781746960951
17.5	13.75	1.0847153004706374
17.5	15.0	1.1072896362270086
17.5	16.25	1.0993716234472033
17.5	17.5	1.0907643626303238
17.5	18.75	1.0954886098185512
17.5	20.0	1.0817577080770246
17.5	21.25	1.071429832533282
17.5	22.5	1.0761817172967365
17.5	23.75	1.0433450036723233
17.5	25.0	1.0155269707461192
17.5	26.25	1.0197038824360376
17.5	27.5	0.947647270548468
17.5	28.75	0.8670414424446078
17.5	30.0	0.7794609612621993
17.5	31.25	0.7096737332694061
17.5	32.5	0.7363206565105556
17.5	33.75	0.6165697380765267
17.5	35.0	0.3025235943900168
17.5	36.25	0.7859547853229863
18.75	35.0	0.7757000568357525
18.75	33.75	0.4782397416808792
18.75	32.5	0.6857630970209759
18.75	31.25	0.7454334896438655
18.75	30.0	0.7329989862264652
18.75	28.75	0.8392223196902835
18.75	27.5	0.9000714879125203
18.75	26.25	0.9876556990327902
18.75	25.0	1.029665694613571
18.75	23.75	1.0185931815526859
18.75	22.5	1.0382192639571781
18.75	21.25	1.0815900761883706
18.75	20.0	1.0844097889941458
18.75	18.75	1.0876126813846094
18.75	17.5	1.0938851037304944
18.75	16.25	1.0887727579614401
18.75	15.0	1.0888871136450227
18.75	13.75	1.0932125960589087
18.75	12.5	1.0848216312728676
18.75	11.25	1.0874661377347397
18.75	10.0	1.0827046449618067
18.75	8.75	1.081550719585099
18.75	7.5	1.0695653551399062
18.75	6.25	1.070925567762478
18.75	5.0	1.0769516363593177
18.75	3.75	1.0765176429790337
18.75	2.5	1.0740824180264696
18.75	1.25	1.0765639725759664
18.75	-0.0	1.0577030287200442
18.75	-1.25	1.0645308190179508
18.75	-2.5	1.063990851192377
18.75	-3.75	1.0690909172069794
18.75	-5.0	1.06392783960173
18.75	-6.25	1.070248736769957
18.75	-7.5	1.0606911861827675
18.75	-8.75	1.0677901632680498
18.75	-10.0	1.0549124916436412
18.75	-11.25	1.0479438506803618
18.75	-12.5	1.0577317134110786
18.75	-13.75	1.057967112493066
18.75	-15.0	1.0511519288320024
18.75	-16.25	1.0560385205331462
18.75	-17.5	1.0647460842394976
18.75	-18.75	1.076016409597058
18.75	-20.0	1.072373695183032
18.75	-21.25	1.0908223743855041
18.75	-22.5	1.0875724464240797
18.75	-23.75	1.0897320810605082
18.75	-25.0	1.0940733956304145
18.75	-26.25	1.0577354263542775
18.75	-27.5	1.0279845458004755
18.75	-28.75	0.9886911526381086
18.75	-30.0	0.9480073222563453
18.75	-31.25	0.8871753374035266
18.75	-32.5	0.9113159130709677
18.75	-33.75	0.824100330432454
18.75	-35.0	0.882033568345666
20.0	-35.0	0.9954238626649666
20.0	-33.75	0.6472266260001678
20.0	-32.5	0.9006018513516246
20.0	-31.25	0.8988867381465707
20.0	-30.0	0.9282197415579885
20.0	-28.75	0.9901977570910094
20.0	-27.5	1.0023967948083918
20.0	-26.25	1.0379577059861178
20.0	-25.0	1.071265412045176
20.0	-23.75	1.1015688156145365
20.0	-22.5	1.102183730074495
20.0	-21.25	1.0894268945348575
20.0	-20.0	1.0799649226185835
20.0	-18.75	1.0687546111220119
20.0	-17.5	1.0750135065026694
20.0	-16.25	1.0676638406105339
20.0	-15.0	1.0575552556926062
20.0	-13.75	1.0488086921415571
20.0	-12.5	1.064186201851385
20.0	-11.25	1.0635721589698144
20.0	-10.0	1.0538561023213557
20.0	-8.75	1.058720910698479
20.0	-7.5	1.0675508233103477
20.0	-6.25	1.0616208502822446
20.0	-5.0	1.065981464592688
20.0	-3.75	1.0598088061857216
20.0	-2.5	1.0568061700562401
20.0	-1.25	1.0690824613255285
20.0	0.0	1.0623899796777734
20.0	1.25	1.0622159765991583
20.0	2.5	1.074617746337964
20.0	3.75	1.071046602415682
20.0	5.0	1.0716300899606215
20.0	6.25	1.07386136062561
20.0	7.5	1.070653947148277
20.0	8.75	1.080886588685132
20.0	10.0	1.0892400285362056
20.0	11.25	1.0839561126584434
20.0	12.5	1.0839640813483902
20.0	13.75	1.0833053415940992
20.0	15.0	1.0935028031220848
20.0	16.25	1.083914278602172
20.0	17.5	1.082769012185413
20.0	18.75	1.0850649026859887
20.0	20.0	1.0887977233905293
20.0	21.25	1.0462916577336223
20.0	22.5	1.0343075889126832
20.0	23.75	1.0191244428525852
20.0	25.0	0.9988378855451037
20.0	26.25	0.9173256588789368
20.0	27.5	0.8560505797996231
20.0	28.75	0.7752603510004782
20.0	30.0	0.7340176824134075
20.0	31.25	0.7219093296649217
20.0	32.5	0.5869960658382122
20.0	33.75	0.31543641119122906
20.0	35.0	0.8279378392669503
21.25	33.75	0.9677087512871828
21.25	32.5	0.44300346378369226
21.25	31.25	0.6795427915810709
21.25	30.0	0.7444741169685734
21.25	28.75	0.7145917840265489
21.25	27.5	0.793816947549524
21.25	26.25	0.8718947603389494
21.25	25.0	0.9445875744705462
21.25	23.75	1.0028065985909929
21.25	22.5	1.0352396518170714
21.25	21.25	1.0465117415620155
21.25	20.0	1.062489526941511
21.25	18.75	1.0804858577210608
21.25	17.5	1.0716505659005757
21.25	16.25	1.0844916136669946
21.25	15.0	1.087874644532689
21.25	13.75	1.0915695391888771
21.25	12.5	1.0961589627278614
21.25	11.25	1.0857213062376974
21.25	10.0	1.082210848310648
21.25	8.75	1.0854905668634158
21.25	7.5	1.0813675693077254
21.25	6.25	1.0763815333251616
21.25	5.0	1.070668263926031
21.25	3.75	1.0707581180393937
21.25	2.5	1.070900610427957
21.25	1.25	1.068543339536238
21.25	-0.0	1.0736580034298917
21.25	-1.25	1.062918123854369
21.25	-2.5	1.077401743046526
21.25	-3.75	1.0577364293476244
21.25	-5.0	1.0661732245386548
21.25	-6.25	1.0677800217432787
21.25	-7.5	1.0627275792284108
21.25	-8.75	1.056402336090074
21.25	-10.0	1.0611834908647433
21.25	-11.25	1.0737003791363873
21.25	-12.5	1.0614949830818656
21.25	-13.75	1.0687460612716195
21.25	-15.0	1.065355633884104
21.25	-16.25	1.064916965588052
21.25	-17.5	1.0871005733094294
21.25	-18.75	1.0755556454268222
21.25	-20.0	1.0940569404066611
21.25	-21.25	1.0904365912153247
21.25	-22.5	1.104108162850006
21.25	-23.75	1.0764855138431741
21.25	-25.0	1.0553635683248088
21.25	-26.25	1.0254926152440456
21.25	-27.5	1.0122113688998093
21.25	-28.75	0.9723249675448447
21.25	-30.0	0.9267319005487376
21.25	-31.25	0.9528358238693062
21.25	-32.5	0.7562544324229084
21.25	-33.75	0.8265664136294629
22.5	-32.5	0.6833732201833155
22.5	-31.25	0.8767179643823673
22.5	-30.0	0.9564920310343825
22.5	-28.75	0.9508768518707404
22.5	-27.5	0.9916080190074709
22.5	-26.25	1.0125385530911621
22.5	-25.0	1.028326491288786
22.5	-23.75	1.0519716696629298
22.5	-22.5	1.0766206260107087
22.5	-21.25	1.100238120725383
22.5	-20.0	1.0969294425930471
22.5	-18.75	1.0968423939533334
22.5	-17.5	1.0929396240909866
22.5	-16.25	1.08626494954971
22.5	-15.0	1.079006298141853
22.5	-13.75	1.0699801172013532
22.5	-12.5	1.0731460439467142
22.5	-11.25	1.0563549158963679
22.5	-10.0	1.064555231951579
22.5	-8.75	1.0722206869578044
22.5	-7.5	1.070777952355623
22.5	-6.25	1.0655246520142068
22.5	-5.0	1.0670470071449847
22.5	-3.75	1.0663006369931785
22.5	-2.5	1.0722806387341652
22.5	-1.25	1.0753079554145268
22.5	0.0	1.0684239674309588
22.5	1.25	1.0797259275104494
22.5	2.5	1.0786150430930788
22.5	3.75	1.0792946851664946
22.5	5.0	1.073924866098073
22.5	6.25	1.0711230576428012
22.5	7.5	1.0808192444063072
22.5	8.75	1.0683411397320908
22.5	10.0	1.082072569890747
22.5	11.25	1.0757886907070504
22.5	12.5	1.091422309340499
22.5	13.75	1.080746110014771
22.5	15.0	1.0853791417162142
22.5	16.25	1.081991053954464
22.5	17.5	1.0814899819537709
22.5	18.75	1.0690681772998498
22.5	20.0	1.0452889195610233
22.5	21.25	1.0226702531493697
22.5	22.5	1.0089365571366307
22.5	23.75	0.9393088396659361
22.5	25.0	0.896367533382624
22.5	26.25	0.8143525870198075
22.5	27.5	0.7443515930209289
22.5	28.75	0.732140304648867
22.5	30.0	0.6923406597817903
22.5	31.25	0.5252396025925427
22.5	32.5	0.683858786019933
23.75	32.5	0.8556637225657576
23.75	31.25	0.37277658347799464
23.75	30.0	0.5984349109615968
23.75	28.75	0.701275838875187
23.75	27.5	0.7173124887809085
23.75	26.25	0.732291559015704
23.75	25.0	0.8261898954971449
23.75	23.75	0.8985619247681542
23.75	22.5	0.9508398054613483
23.75	21.25	0.9936325207438219
23.75	20.0	1.0333456629232867
23.75	18.75	1.052205777694435
23.75	17.5	1.0720216198083894
23.75	16.25	1.0740324295778767
23.75	15.0	1.0797856840252376
23.75	13.75	1.0742136842689287
23.75	12.5	1.068681025542671
23.75	11.25	1.0793043189943246
23.75	10.0	1.0897855051877583
23.75	8.75	1.0696367329163223
23.75	7.5	1.0575022271774002
23.75	6.25	1.050886259481392
23.75	5.0	1.0613200166065573
23.75	3.75	1.07221953752971
23.75	2.5	1.0773517468478397
23.75	1.25	1.0695278512272706
23.75	-0.0	1.0664615367079844
23.75	-1.25	1.079973914193437
23.75	-2.5	1.0685865954668243
23.75	-3.75	1.071018658802976
23.75	-5.0	1.061935710555597
23.75	-6.25	1.0709688969261517
23.75	-7.5	1.0820972036384604
23.75	-8.75	1.0815593444249072
23.75	-10.0	1.081366065852808
23.75	-11.25	1.068474311914698
23.75	-12.5	1.0778747942896094
23.75	-13.75	1.078822245718377
23.75	-15.0	1.0851665859239905
23.75	-16.25	1.0860077314899745
23.75	-17.5	1.0930586464798202
23.75	-18.75	1.090946064973224
23.75	-20.0	1.0940728219909042
23.75	-21.25	1.0783584468588674
23.75	-22.5	1.0468854913754273
23.75	-23.75	1.0424272613320587
23.75	-25.0	1.0283813999761937
23.75	-26.25	1.018164470474221
23.75	-27.5	0.9797604617424993
23.75	-28.75	0.961625100462973
23.75	-30.0	0.9594603541530935
23.75	-31.25	0.6664723151834602
23.75	-32.5	0.8115395916115279
25.0	-31.25	0.9941727635608029
25.0	-30.0	0.7896884080502252
25.0	-28.75	0.9888606508834895
25.0	-27.5	1.0009986625581875
25.0	-26.25	1.005437689783029
25.0	-25.0	1.0196052082091827
25.0	-23.75	1.0370228288620236
25.0	-22.5	1.042735020190201
25.0	-21.25	1.0567179545917216
25.0	-20.0	1.0689203572571522
25.0	-18.75	1.0895986501091623
25.0	-17.5	1.1055546690994997
25.0	-16.25	1.0984020053265853
25.0	-15.0	1.0920920096837445
25.0	-13.75	1.086118848606808
25.0	-12.5	1.0730157753809597
25.0	-11.25	1.0779672250567371
25.0	-10.0	1.079600632869375
25.0	-8.75	1.0684114257267725
25.0	-7.5	1.0795633018308233
25.0	-6.25	1.0830335258336408
25.0	-5.0	1.0992316052596391
25.0	-3.75	1.0987224058643454
25.0	-2.5	1.0915602930944046
25.0	-1.25	1.079794028560693
25.0	0.0	1.0676851321699297
25.0	1.25	1.0601585181325164
25.0	2.5	1.0565708796030122
25.0	3.75	1.0648676346928705
25.0	5.0	1.0690553338619542
25.0	6.25	1.0697193907383165
25.0	7.5	1.0811511420406967
25.0	8.75	1.0803108358983506
25.0	10.0	1.0625282551672053
25.0	11.25	1.0830837037010368
25.0	12.5	1.075533679121936
25.0	13.75	1.077228783113157
25.0	15.0	1.083082217622787
25.0	16.25	1.0655192532356617
25.0	17.5	1.043809377199663
25.0	18.75	1.028041181751561
25.0	20.0	0.9939537421699615
25.0	21.25	0.945012235608972
25.0	22.5	0.8977699944485067
25.0	23.75	0.8388440038698471
25.0	25.0	0.7522426455983418
25.0	26.25	0.7221765645219006
25.0	27.5	0.7030206641491957
25.0	28.75	0.6315281294666909
25.0	30.0	0.4082385781104904
25.0	31.25	0.9069215743098222
26.25	30.0	0.9533747555259717
26.25	28.75	0.476957019709355
26.25	27.5	0.6405718937181714
26.25	26.25	0.7110127301056967
26.25	25.0	0.7417732985358819
26.25	23.75	0.760040260810277
26.25	22.5	0.8355754677395312
26.25	21.25	0.9022127815737843
26.25	20.0	0.9408367348882083
26.25	18.75	0.9982169961139411
26.25	17.5	1.0060312649030274
26.25	16.25	1.039950404945881
26.25	15.0	1.0547624839343102
26.25	13.75	1.068088880758332
26.25	12.5	1.0813716268559252
26.25	11.25	1.0600995317044495
26.25	10.0	1.0680787816601238
26.25	8.75	1.0680908117962238
26.25	7.5	1.0710184062082608
26.25	6.25	1.058014369640673
26.25	5.0	1.0674705695436815
26.25	3.75	1.0759495428446684
26.25	2.5	1.0814909762996725
26.25	1.25	1.0716772796281107
26.25	-0.0	1.0837800790715963
26.25	-1.25	1.0740612992463807
26.25	-2.5	1.0699044811091847
26.25	-3.75	1.0794877910306448
26.25	-5.0	1.0715751773539257
26.25	-6.25	1.09052074773633
26.25	-7.5	1.0813362250342982
26.25	-8.75	1.0763246768322658
26.25	-10.0	1.082915677569518
26.25	-11.25	1.0747370265557248
26.25	-12.5	1.0830938242107637
26.25	-13.75	1.0918923345239182
26.25	-15.0	1.095373220724222
26.25	-16.25	1.0937721897005777
26.25	-17.5	1.082292786713863
26.25	-18.75	1.0697549313502008
26.25	-20.0	1.0540437749332403
26.25	-21.25	1.054215013466844
26.25	-22.5	1.0580020578363147
26.25	-23.75	1.0434083428506489
26.25	-25.0	1.0230290923252545
26.25	-26.25	1.0225943954383794
26.25	-27.5	1.0178826652512007
26.25	-28.75	0.8857469928670882
26.25	-30.0	0.8744527606390123
27.5	-28.75	0.7047606174996089
27.5	-27.5	0.9208701480707521
27.5	-26.25	1.0378032812884441
27.5	-25.0	1.0491331818026752
27.5	-23.75	1.034305700788893
27.5	-22.5	1.0607466796705742
27.5	-21.25	1.0627265793684932
27.5	-20.0	1.0615992771290679
27.5	-18.75	1.06222371155549
27.5	-17.5	1.0613178244559454
27.5	-16.25	1.0730968237310514
27.5	-15.0	1.0830327484413464
27.5	-13.75	1.0839094783602252
27.5	-12.5	1.0787926519112792
27.5	-11.25	1.0876991950762473
27.5	-10.0	1.0808364799719312
27.5	-8.75	1.0847063646560442
27.5	-7.5	1.090065899943588
27.5	-6.25	1.068276733457424
27.5	-5.0	1.0816712459499649
27.5	-3.75	1.0774105983814166
27.5	-2.5	1.0820984083693854
27.5	-1.25	1.0730796887948812
27.5	0.0	1.0760947202088604
27.5	1.25	1.0787241878773435
27.5	2.5	1.0747158050301377
27.5	3.75	1.0670453094368215
27.5	5.0	1.061823298812336
27.5	6.25	1.0654460555534127
27.5	7.5	1.0647107845602954
27.5	8.75	1.0669073847561383
27.5	10.0	1.0680574816596087
27.5	11.25	1.058772687734777
27.5	12.5	1.0552499699128377
27.5	13.75	1.0457631172850874
27.5	15.0	1.0320123642915655
27.5	16.25	0.9989911716277922
27.5	17.5	0.9801812754080131
27.5	18.75	0.9437907789151124
27.5	20.0	0.8897180652123354
27.5	21.25	0.8162852253534914
27.5	22.5	0.7500531054275926
27.5	23.75	0.7385059958130392
27.5	25.0	0.713865728496627
27.5	26.25	0.6540563658884418
27.5	27.5	0.46630686535869625
27.5	28.75	0.6779714806577181
28.75	27.5	0.7654907689212341
28.75	26.25	0.47334242234691104
28.75	25.0	0.651229364322968
28.75	23.75	0.6996895124061571
28.75	22.5	0.7372571576415441
28.75	21.25	0.7258705967385393
28.75	20.0	0.8024124718922804
28.75	18.75	0.8712646590940212
28.75	17.5	0.9229804628995647
28.75	16.25	0.9636196869680862
28.75	15.0	1.003890658936332
28.75	13.75	1.0105613248348546
28.75	12.5	1.016815038227601
28.75	11.25	1.0429681050482695
28.75	10.0	1.0508864523760302
28.75	8.75	1.064896558229875
28.75	7.5	1.0623077369356555
28.75	6.25	1.0634267696760349
28.75	5.0	1.073659354537768
28.75	3.75	1.0764093920995768
28.75	2.5	1.0742920092203392
28.75	1.25	1.0752145413994982
28.75	-0.0	1.0721952040163552
28.75	-1.25	1.0775750484522701
28.75	-2.5	1.0704221132397043
28.75	-3.75	1.0854384913698394
28.75	-5.0	1.0827775147430367
28.75	-6.25	1.0713265664407887
28.75	-7.5	1.0818323533172935
28.75	-8.75	1.085427977052728
28.75	-10.0	1.0841330308588848
28.75	-11.25	1.0740549247123377
28.75	-12.5	1.0721317704147024
28.75	-13.75	1.0707784303251968
28.75	-15.0	1.0682832392029034
28.75	-16.25	1.062443250936758
28.75	-17.5	1.067009033855714
28.75	-18.75	1.0710787634137657
28.75	-20.0	1.0768615420495866
28.75	-21.25	1.0739614944000682
28.75	-22.5	1.0644166612234978
28.75	-23.75	1.0647973158526758
28.75	-25.0	1.0624777414109268
28.75	-26.25	0.9485895619550151
28.75	-27.5	0.048251062687771844
30.0	-26.25	0.7009285227412546
30.0	-25.0	0.9359592491755507
30.0	-23.75	1.064890223381431
30.0	-22.5	1.0516427491495237
30.0	-21.25	1.0715092218697329
30.0	-20.0	1.084803559641421
30.0	-18.75	1.0883618518741927
30.0	-17.5	1.0788740373723127
30.0	-16.25	1.064794556436855
30.0	-15.0	1.0711456981291418
30.0	-13.75	1.0703232750721647
30.0	-12.5	1.0742975695199868
30.0	-11.25	1.066468048115995
30.0	-10.0	1.0689712898020474
30.0	-8.75	1.0787030887252531
30.0	-7.5	1.0729157315106963
30.0	-6.25	1.0753134940981732
30.0	-5.0	1.0799687958028128
30.0	-3.75	1.0741862551633108
30.0	-2.5	1.0701965161020135
30.0	-1.25	1.0647877405102715
30.0	0.0	1.0766297708666912
30.0	1.25	1.0609313114329257
30.0	2.5	1.0672135460655052
30.0	3.75	1.0654833289929977
30.0	5.0	1.0621437227704955
30.0	6.25	1.0447777650588863
30.0	7.5	1.0543960599631819
30.0	8.75	1.0396477017723311
30.0	10.0	1.0223828868339662
30.0	11.25	1.0151591368018296
30.0	12.5	0.990698483425869
30.0	13.75	0.9784251333071592
30.0	15.0	0.9480636264417618
30.0	16.25	0.9079793701403401
30.0	17.5	0.8527180382761664
30.0	18.75	0.7805023892033581
30.0	20.0	0.7423314308021604
30.0	21.25	0.7399538351142393
30.0	22.5	0.6850034352932374
30.0	23.75	0.6245874000876664
30.0	25.0	0.4607192929464381
30.0	26.25	0.8724371109817457
31.25	25.0	0.9623288643301962
31.25	23.75	0.46366673556830085
31.25	22.5	0.5794471056462617
31.25	21.25	0.6925480354052593
31.25	20.0	0.7140557139032715
31.25	18.75	0.7388003324124816
31.25	17.5	0.7674792891860767
31.25	16.25	0.8218717015004059
31.25	15.0	0.8640966125353681
31.25	13.75	0.9260444252099675
31.25	12.5	0.9589947569377457
31.25	11.25	0.9829767808945198
31.25	10.0	1.0014257177867576
31.25	8.75	1.001201687507336
31.25	7.5	1.0315053180196498
31.25	6.25	1.02359230714885
31.25	5.0	1.0291488920499328
31.25	3.75	1.0390691686792795
31.25	2.5	1.0498217875950564
31.25	1.25	1.054541840441469
31.25	-0.0	1.060071721618871
31.25	-1.25	1.0688307146526452
31.25	-2.5	1.0619212784095973
31.25	-3.75	1.0568193780895148
31.25	-5.0	1.0482387968723903
31.25	-6.25	1.0635821835180312
31.25	-7.5	1.0627984183069163
31.25	-8.75	1.0496940301111048
31.25	-10.0	1.0617540481259193
31.25	-11.25	1.076244411148894
31.25	-12.5	1.0740980757236565
31.25	-13.75	1.0787114089176688
31.25	-15.0	1.0760611624027852
31.25	-16.25	1.0916982218420996
31.25	-17.5	1.0967733190475857
31.25	-18.75	1.0874107809962388
31.25	-20.0	1.083648135995269
31.25	-21.25	1.0661199893229492
31.25	-22.5	1.049569280109068
31.25	-23.75	0.9201656468612693
31.25	-25.0	0.7165581392920292
32.5	-23.75	0.6787867895805014
32.5	-22.5	0.8161248944229872
32.5	-21.25	1.0281919735619334
32.5	-20.0	1.077281034680259
32.5	-18.75	1.085205680917726
32.5	-17.5	1.0885814065670543
32.5	-16.25	1.0890854573889963
32.5	-15.0	1.0959469264273924
32.5	-13.75	1.092223534190956
32.5	-12.5	1.0856586939354964
32.5	-11.25	1.0777124703216274
32.5	-10.0	1.068193929155897
32.5	-8.75	1.0635744523298307
32.5	-7.5	1.0600058840112885
32.5	-6.25	1.0430330085939488
32.5	-5.0	1.0354544520793294
32.5	-3.75	1.0374557157448636
32.5	-2.5	1.0347121436928217
32.5	-1.25	1.0333950672967502
32.5	0.0	1.0278800692270833
32.5	1.25	1.0229581120271396
32.5	2.5	1.0299639625082846
32.5	3.75	1.0322486343197055
32.5	5.0	1.009152113963263
32.5	6.25	0.998325237509929
32.5	7.5	0.9997677701161608
32.5	8.75	0.9724114451309773
32.5	10.0	0.9528146187391113
32.5	11.25	0.9231832324499923
32.5	12.5	0.8788368663488315
32.5	13.75	0.8106336548933096
32.5	15.0	0.7680214049059686
32.5	16.25	0.7479165229139481
32.5	17.5	0.7244448763620119
32.5	18.75	0.7032124404960306
32.5	20.0	0.6405875864905441
32.5	21.25	0.5211570536346133
32.5	22.5	0.6053462205469794
32.5	23.75	0.8516473424379243
33.75	21.25	0.971738233329995
33.75	20.0	0.45533739657205685
33.75	18.75	0.5775901420202407
33.75	17.5	0.6758988249690864
33.75	16.25	0.7010507227802484
33.75	15.0	0.7171089414702303
33.75	13.75	0.7508034917965684
33.75	12.5	0.7773813344248142
33.75	11.25	0.7987592005544123
33.75	10.0	0.8621136700194953
33.75	8.75	0.9034497076822895
33.75	7.5	0.9450632967094909
33.75	6.25	0.9724037873069141
33.75	5.0	0.9885187987173717
33.75	3.75	1.0072825648330388
33.75	2.5	1.0193176920968061
33.75	1.25	1.013488026994354
33.75	-0.0	1.021951045397798
33.75	-1.25	1.0381652395478482
33.75	-2.5	1.0397227357975412
33.75	-3.75	1.0513668610425795
33.75	-5.0	1.0623774828157848
33.75	-6.25	1.064374722810408
33.75	-7.5	1.0684746225529258
33.75	-8.75	1.0816377579483283
33.75	-10.0	1.0825453128684588
33.75	-11.25	1.0865406485286249
33.75	-12.5	1.0926370235821543
33.75	-13.75	1.091088855309168
33.75	-15.0	1.0977812044391502
33.75	-16.25	1.077702657024132
33.75	-17.5	1.0653927196992132
33.75	-18.75	1.035213044600861
33.75	-20.0	0.9012876711466798
33.75	-21.25	0.6354630088778901
35.0	-20.0	0.6504153751459589
35.0	-18.75	0.616355473998227
35.0	-17.5	0.8537050018925826
35.0	-16.25	0.975843720716065
35.0	-15.0	1.0153141367691152
35.0	-13.75	1.0548023578158152
35.0	-12.5	1.061361944392622
35.0	-11.25	1.070036473620021
35.0	-10.0	1.0820401470565266
35.0	-8.75	1.061047676080651
35.0	-7.5	1.0609439018822273
35.0	-6.25	1.058364042889863
35.0	-5.0	1.059551629381882
35.0	-3.75	1.0386540408668983
35.0	-2.5	1.0362627836314247
35.0	-1.25	1.0176870984884099
35.0	0.0	0.9983943805005139
35.0	1.25	0.9952602569561794
35.0	2.5	0.9719732481137002
35.0	3.75	0.9407359580478977
35.0	5.0	0.9062476234081804
35.0	6.25	0.8653787003705969
35.0	7.5	0.8251387982246688
35.0	8.75	0.794986713272947
35.0	10.0	0.7692779723544481
35.0	11.25	0.7250121800994339
35.0	12.5	0.7027808335258486
35.0	13.75	0.7083606948449881
35.0	15.0	0.6886645151850398
35.0	16.25	0.5958196261529464
35.0	17.5	0.47072023693385356
35.0	18.75	0.5363030788853898
35.0	20.0	0.9341759604663499
36.25	17.5	0.8468067974058924
36.25	16.25	0.4099915982511197
36.25	15.0	0.4775061650878045
36.25	13.75	0.607655142704759
36.25	12.5	0.6932595889595748
36.25	11.25	0.7277338877376237
36.25	10.0	0.7228555089222416
36.25	8.75	0.722202211972744
36.25	7.5	0.7423281609884382
36.25	6.25	0.7525702356814168
36.25	5.0	0.8025590594064997
36.25	3.75	0.8097354259887983
36.25	2.5	0.8523103135635407
36.25	1.25	0.8795963467374287
36.25	-0.0	0.909080723810273
36.25	-1.25	0.9203484771568254
36.25	-2.5	0.9392771031919375
36.25	-3.75	0.9619969507061399
36.25	-5.0	0.9685667412104781
36.25	-6.25	0.9793243157611764
36.25	-7.5	0.982694738493737
36.25	-8.75	0.9658026760431494
36.25	-10.0	0.9361438838532534
36.25	-11.25	0.9144827245783529
36.25	-12.5	0.9098428363796123
36.25	-13.75	0.8590501067703491
36.25	-15.0	0.7406703379772623
36.25	-16.25	0.5737737952035576
36.25	-17.5	0.5070374519479889
37.5	-15.0	0.7412925031015951
37.5	-13.75	0.5226817215115215
37.5	-12.5	0.6257067547248025
37.5	-11.25	0.7125017533283841
37.5	-10.0	0.7663134985538995
37.5	-8.75	0.797292412445441
37.5	-7.5	0.813494647593938
37.5	-6.25	0.804346791632902
37.5	-5.0	0.7999772995806408
37.5	-3.75	0.8031477953635284
37.5	-2.5	0.787312687650156
37.5	-1.25	0.7881660050723869
37.5	0.0	0.7743429137276024
37.5	1.25	0.7622359869474199
37.5	2.5	0.749851653880627
37.5	3.75	0.737628856787882
37.5	5.0	0.7411107361042694
37.5	6.25	0.7453236764930641
37.5	7.5	0.7392888140825168
37.5	8.75	0.7136822147523048
37.5	10.0	0.658803553513075
37.5	11.25	0.5963462068226031
37.5	12.5	0.5104529174425998
37.5	13.75	0.9316068442127717
37.5	15.0	0.8715459808960788
38.75	11.25	0.8227200760546608
38.75	10.0	0.7417565792088465
38.75	8.75	0.6606970878598865
38.75	7.5	0.6402280979559948
38.75	6.25	0.6684383731545922
38.75	5.0	0.7105950396774061
38.75	3.75	0.7271290855268846
38.75	2.5	0.7437346735621478
38.75	1.25	0.749444664047762
38.75	-0.0	0.7466187480909617
38.75	-1.25	0.7414102977930103
38.75	-2.5	0.7503840376918264
38.75	-3.75	0.733121137005238
38.75	-5.0	0.7160884341226893
38.75	-6.25	0.7068449925619003
38.75	-7.5	0.6703996905000456
38.75	-8.75	0.6506295407375521
38.75	-10.0	0.601938444483486
38.75	-11.25	0.733167436799344
40.0	-6.25	0.8223596889106337
40.0	-5.0	0.8635963237813843
40.0	-3.75	0.7784704667552899
40.0	-2.5	0.7722775213020766
40.0	-1.25	0.7720294686550967
40.0	0.0	0.7177417330976636
40.0	1.25	0.7756190352385128
40.0	2.5	0.7395792548226686
40.0	3.75	0.842458093447197
40.0	5.0	0.956482476507583
40.0	6.25	0.9113247671820376
