-40.0	6.25	0.856666333925669
-40.0	5.0	0.8145143464232546
-40.0	3.75	0.7036156927257953
-40.0	2.5	0.7113664415345639
-40.0	1.25	0.6765367912875071
-40.0	-0.0	0.6907986482612805
-40.0	-1.25	0.6593955007569572
-40.0	-2.5	0.6275141456565108
-40.0	-3.75	0.6404474491809199
-40.0	-5.0	0.7282181411775422
-40.0	-6.25	0.8105106633569962
-38.75	-11.25	0.52506787843727
-38.75	-10.0	0.49661666500524554
-38.75	-8.75	0.5173649034488739
-38.75	-7.5	0.580694943904808
-38.75	-6.25	0.620999042916435
-38.75	-5.0	0.6510470366025054
-38.75	-3.75	0.6738957318010768
-38.75	-2.5	0.6782602269819198
-38.75	-1.25	0.6946495083915974
-38.75	0.0	0.6939315345455795
-38.75	1.25	0.6943927901449367
-38.75	2.5	0.6930095952177006
-38.75	3.75	0.6840239624849078
-38.75	5.0	0.6702568316244641
-38.75	6.25	0.6617099263073948
-38.75	7.5	0.6557598302206153
-38.75	8.75	0.603502810041441
-38.75	10.0	0.7620799076510251
-38.75	11.25	0.8922862866657574
-37.5	15.0	0.9914816072811384
-37.5	13.75	0.7100799538876704
-37.5	12.5	0.5345375419729074
-37.5	11.25	0.5810278154477989
-37.5	10.0	0.6250780087941294
-37.5	8.75	0.6692025766855213
-37.5	7.5	0.6867420749881001
-37.5	6.25	0.6976911845206055
-37.5	5.0	0.7098915880001991
-37.5	3.75	0.7099046078249849
-37.5	2.5	0.7071089699654852
-37.5	1.25	0.7202103714003387
-37.5	-0.0	0.7364793796973671
-37.5	-1.25	0.7405878617732198
-37.5	-2.5	0.7432326339497347
-37.5	-3.75	0.7559938991659595
-37.5	-5.0	0.7579340936647093
-37.5	-6.25	0.7567320872851199
-37.5	-7.5	0.7567819434178648
-37.5	-8.75	0.7380072323526561
-37.5	-10.0	0.6915982992268843
-37.5	-11.25	0.5896397416394802
-37.5	-12.5	0.46438309973702063
-37.5	-13.75	0.3492537555786112
-37.5	-15.0	0.8987001194023276
-36.25	-17.5	0.1374315933104189
-36.25	-16.25	0.32322350979401093
-36.25	-15.0	0.5587930894257792
-36.25	-13.75	0.7568794470501808
-36.25	-12.5	0.8492573333979683
-36.25	-11.25	0.861828278353679
-36.25	-10.0	0.8835535368829343
-36.25	-8.75	0.924157021386474
-36.25	-7.5	0.9270503641454919
-36.25	-6.25	0.9281410114967614
-36.25	-5.0	0.9362069133066326
-36.25	-3.75	0.9252731187830165
-36.25	-2.5	0.9115385512484053
-36.25	-1.25	0.8855688271663859
-36.25	0.0	0.8740653794852581
-36.25	1.25	0.8528278947473977
-36.25	2.5	0.8274096319909519
-36.25	3.75	0.8035191437170021
-36.25	5.0	0.7793991538744727
-36.25	6.25	0.7358459382420223
-36.25	7.5	0.7101075855760162
-36.25	8.75	0.6825194870023433
-36.25	10.0	0.6854572990843336
-36.25	11.25	0.6810706945703411
-36.25	12.5	0.6465774779420983
-36.25	13.75	0.5747992910395407
-36.25	15.0	0.4715504552153463
-36.25	16.25	0.4442610118954709
-36.25	17.5	0.9832544196147478
-35.0	20.0	0.8805735452191459
-35.0	18.75	0.5161945115626073
-35.0	17.5	0.43913287304969006
-35.0	16.25	0.5718807784131855
-35.0	15.0	0.6528489454611186
-35.0	13.75	0.6731414962555041
-35.0	12.5	0.6614389699434824
-35.0	11.25	0.6965429951400416
-35.0	10.0	0.7445556624534007
-35.0	8.75	0.766987583107286
-35.0	7.5	0.8150413011859685
-35.0	6.25	0.8552527292689791
-35.0	5.0	0.8862266903666054
-35.0	3.75	0.9181129294517079
-35.0	2.5	0.9364859246718555
-35.0	1.25	0.9527311132025952
-35.0	-0.0	0.9690956494496117
-35.0	-1.25	0.9835159506510409
-35.0	-2.5	1.0023862819359586
-35.0	-3.75	1.002185137778397
-35.0	-5.0	1.0312242814634305
-35.0	-6.25	1.0171330843742232
-35.0	-7.5	1.0290497799361926
-35.0	-8.75	1.0300803260993756
-35.0	-10.0	1.0254987540710738
-35.0	-11.25	1.019129725304396
-35.0	-12.5	1.0076626712350563
-35.0	-13.75	0.9784013478479412
-35.0	-15.0	0.957509542715283
-35.0	-16.25	0.8913870934917203
-35.0	-17.5	0.6719537970147288
-35.0	-18.75	0.3036652939879147
-35.0	-20.0	0.7996607830004657
-33.75	-21.25	0.3587095166254307
-33.75	-20.0	0.6781451770911849
-33.75	-18.75	0.9417205281624988
-33.75	-17.5	1.009872247112577
-33.75	-16.25	1.035186998196694
-33.75	-15.0	1.0468000044707153
-33.75	-13.75	1.0533297697266708
-33.75	-12.5	1.0413260440106133
-33.75	-11.25	1.0463094100552774
-33.75	-10.0	1.0509578371293389
-33.75	-8.75	1.0471459031030355
-33.75	-7.5	1.0408960219963277
-33.75	-6.25	1.0184091283815806
-33.75	-5.0	1.017169286424392
-33.75	-3.75	1.005653069022949
-33.75	-2.5	1.0060782853109809
-33.75	-1.25	0.9981950432343878
-33.75	0.0	0.9968267573584845
-33.75	1.25	0.9869467328402189
-33.75	2.5	0.9747355626527565
-33.75	3.75	0.9574032421663233
-33.75	5.0	0.9532814279178493
-33.75	6.25	0.9252317189180593
-33.75	7.5	0.8984681998512256
-33.75	8.75	0.8657990821710867
-33.75	10.0	0.8410677692575024
-33.75	11.25	0.8010480795510901
-33.75	12.5	0.7512940371615644
-33.75	13.75	0.7346007071930698
-33.75	15.0	0.6740703677133025
-33.75	16.25	0.6544414298329267
-33.75	17.5	0.6477117339105637
-33.75	18.75	0.5452434608737311
-33.75	20.0	0.40930041265938444
-33.75	21.25	1.0201565923374443
-32.5	23.75	0.9716580079237307
-32.5	22.5	0.43581211909438466
-32.5	21.25	0.4933128131668717
-32.5	20.0	0.6244423415420352
-32.5	18.75	0.6520676791452209
-32.5	17.5	0.6880789983675658
-32.5	16.25	0.7167187156696158
-32.5	15.0	0.7482766925213914
-32.5	13.75	0.8075283962549008
-32.5	12.5	0.8446258104658435
-32.5	11.25	0.873962807047251
-32.5	10.0	0.9005153643699971
-32.5	8.75	0.9329107909701955
-32.5	7.5	0.9502077947554944
-32.5	6.25	0.9751182038686237
-32.5	5.0	0.9939253952160485
-32.5	3.75	0.9928937543594045
-32.5	2.5	1.0153580283426844
-32.5	1.25	1.0172311923492123
-32.5	-0.0	1.0252005796727943
-32.5	-1.25	1.0379707233612911
-32.5	-2.5	1.0399418835064707
-32.5	-3.75	1.0431834319827502
-32.5	-5.0	1.0354641170325547
-32.5	-6.25	1.0436137274506843
-32.5	-7.5	1.0408046745786474
-32.5	-8.75	1.041311986030306
-32.5	-10.0	1.031364644340197
-32.5	-11.25	1.0446174918286124
-32.5	-12.5	1.0559291387144867
-32.5	-13.75	1.056094421627557
-32.5	-15.0	1.0611756476898937
-32.5	-16.25	1.064099628692085
-32.5	-17.5	1.0606859588898305
-32.5	-18.75	1.048986601441041
-32.5	-20.0	1.0164489286833809
-32.5	-21.25	0.9166259315161195
-32.5	-22.5	0.6084463328796929
-32.5	-23.75	0.95404748527667
-31.25	-25.0	0.8947136580069062
-31.25	-23.75	0.7603280315252038
-31.25	-22.5	0.9936429206706141
-31.25	-21.25	1.045509162916668
-31.25	-20.0	1.0503392009832373
-31.25	-18.75	1.0586248602367208
-31.25	-17.5	1.0402389971633745
-31.25	-16.25	1.0490351427028162
-31.25	-15.0	1.053481325220796
-31.25	-13.75	1.0485512202266507
-31.25	-12.5	1.0415432517785441
-31.25	-11.25	1.0484505383164975
-31.25	-10.0	1.044222257795108
-31.25	-8.75	1.0429728283079571
-31.25	-7.5	1.0499496266400217
-31.25	-6.25	1.0326876780953365
-31.25	-5.0	1.0256916147001733
-31.25	-3.75	1.0346912185349921
-31.25	-2.5	1.0191174400364356
-31.25	-1.25	1.0201281676904346
-31.25	0.0	1.0215345965066738
-31.25	1.25	1.0186578411317286
-31.25	2.5	1.0126272416773359
-31.25	3.75	1.0142400570763823
-31.25	5.0	1.005262692783941
-31.25	6.25	0.9942702167535461
-31.25	7.5	0.9927476289946947
-31.25	8.75	0.9788817736193014
-31.25	10.0	0.9606642667373237
-31.25	11.25	0.94029913987397
-31.25	12.5	0.9072873045353629
-31.25	13.75	0.875133119879454
-31.25	15.0	0.8123578977536958
-31.25	16.25	0.7897568991677177
-31.25	17.5	0.7450250585641993
-31.25	18.75	0.711484035244165
-31.25	20.0	0.6802208185160264
-31.25	21.25	0.6471552946310556
-31.25	22.5	0.5553205027758337
-31.25	23.75	0.39498287224739626
-31.25	25.0	0.9146916204579884
-30.0	26.25	0.866636992090567
-30.0	25.0	0.4238705855676103
-30.0	23.75	0.6083751157575388
-30.0	22.5	0.6672386308304543
-30.0	21.25	0.7068022991596068
-30.0	20.0	0.7168560050841579
-30.0	18.75	0.7527000056350084
-30.0	17.5	0.8156654871875995
-30.0	16.25	0.8607186553212364
-30.0	15.0	0.9060372912636817
-30.0	13.75	0.9435654838565779
-30.0	12.5	0.9663703167499895
-30.0	11.25	0.9810417240248038
-30.0	10.0	0.9804768414915482
-30.0	8.75	0.9980356464713008
-30.0	7.5	0.9983129458427992
-30.0	6.25	1.017824248216453
-30.0	5.0	1.0236151733269727
-30.0	3.75	1.0235904788351404
-30.0	2.5	1.033787805694128
-30.0	1.25	1.0395450423575485
-30.0	-0.0	1.0394481882632458
-30.0	-1.25	1.0440842833712347
-30.0	-2.5	1.0311850655026387
-30.0	-3.75	1.0602652324812791
-30.0	-5.0	1.0421956840095676
-30.0	-6.25	1.0490682814346148
-30.0	-7.5	1.043490865438197
-30.0	-8.75	1.0506767578605996
-30.0	-10.0	1.0430474865055788
-30.0	-11.25	1.0416398138000973
-30.0	-12.5	1.0447245061672887
-30.0	-13.75	1.038476908965319
-30.0	-15.0	0.9762367813636671
-30.0	-16.25	1.040578595920964
-30.0	-17.5	1.0356302221763902
-30.0	-18.75	1.047969925887881
-30.0	-20.0	1.0390167911952903
-30.0	-21.25	1.0208160258157006
-30.0	-22.5	1.0355707143138784
-30.0	-23.75	1.015202314800796
-30.0	-25.0	0.8174250528709239
-30.0	-26.25	0.024941115262716328
-28.75	-27.5	0.7887040412551175
-28.75	-26.25	0.8683945017219308
-28.75	-25.0	1.0122928199242527
-28.75	-23.75	1.020569178479305
-28.75	-22.5	1.0118817877048127
-28.75	-21.25	1.0243301654198995
-28.75	-20.0	1.0316608843206592
-28.75	-18.75	1.031056695709128
-28.75	-17.5	1.0302601676211591
-28.75	-16.25	1.037313875140935
-28.75	-15.0	1.0480828483046392
-28.75	-13.75	1.05260840809361
-28.75	-12.5	1.0414054429582518
-28.75	-11.25	1.0484004145961907
-28.75	-10.0	1.0412699548329232
-28.75	-8.75	1.0484210418516144
-28.75	-7.5	1.050141669862465
-28.75	-6.25	1.0485177683669091
-28.75	-5.0	1.0517268600579992
-28.75	-3.75	1.0472445574008091
-28.75	-2.5	1.0507079698815507
-28.75	-1.25	1.0474099685581812
-28.75	0.0	1.0540222682946474
-28.75	1.25	1.0326923536411718
-28.75	2.5	1.0353643960288834
-28.75	3.75	1.0250234080063116
-28.75	5.0	1.032042809273204
-28.75	6.25	1.0290338200844984
-28.75	7.5	1.0313644990989814
-28.75	8.75	1.017512006028011
-28.75	10.0	1.0200828343454091
-28.75	11.25	0.9959620697647444
-28.75	12.5	0.9816111282849652
-28.75	13.75	0.9825001245286457
-28.75	15.0	0.9593356792627197
-28.75	16.25	0.9102919974575792
-28.75	17.5	0.8951202189101591
-28.75	18.75	0.8352772993788588
-28.75	20.0	0.7613935465350338
-28.75	21.25	0.7241725454768632
-28.75	22.5	0.7082532916781409
-28.75	23.75	0.6723948729612461
-28.75	25.0	0.6284957322733729
-28.75	26.25	0.44897641718387515
-28.75	27.5	0.9330869374874596
-27.5	28.75	0.9826115291396335
-27.5	27.5	0.460223584407259
-27.5	26.25	0.6423826114001391
-27.5	25.0	0.6829519614686106
-27.5	23.75	0.7136420872279213
-27.5	22.5	0.7355841842461114
-27.5	21.25	0.7804392719202666
-27.5	20.0	0.8560842776994682
-27.5	18.75	0.901400682596949
-27.5	17.5	0.9236473760040099
-27.5	16.25	0.9675071710343536
-27.5	15.0	0.973568682891695
-27.5	13.75	0.9903107419870548
-27.5	12.5	1.0161654013024333
-27.5	11.25	1.0224128986113832
-27.5	10.0	1.0245721527337537
-27.5	8.75	1.0378825389661313
-27.5	7.5	1.0311230863459317
-27.5	6.25	1.0581992900274502
-27.5	5.0	1.0573849353739702
-27.5	3.75	1.0622562434000846
-27.5	2.5	1.0559655050546763
-27.5	1.25	1.0497397614254727
-27.5	-0.0	1.0359706553237011
-27.5	-1.25	1.0504032781412562
-27.5	-2.5	1.042300762697131
-27.5	-3.75	1.0530785372260376
-27.5	-5.0	1.0420677119266277
-27.5	-6.25	1.0505810001625864
-27.5	-7.5	1.0465981453309054
-27.5	-8.75	1.058819381392117
-27.5	-10.0	1.054428800964415
-27.5	-11.25	1.05473581417856
-27.5	-12.5	1.0513177285935658
-27.5	-13.75	1.0580638582546322
-27.5	-15.0	1.0376010084871998
-27.5	-16.25	1.0393837617867452
-27.5	-17.5	1.0345729430574775
-27.5	-18.75	1.02242341519612
-27.5	-20.0	1.0233459349487835
-27.5	-21.25	1.02261940193973
-27.5	-22.5	1.014383790553043
-27.5	-23.75	0.9971331761256718
-27.5	-25.0	0.993829603907103
-27.5	-26.25	0.9925069730767863
-27.5	-27.5	0.8749157622936742
-27.5	-28.75	0.8954757429813444
-26.25	-30.0	0.9972831738698414
-26.25	-28.75	0.8295514493873589
-26.25	-27.5	0.9702409950577778
-26.25	-26.25	0.9829563599610054
-26.25	-25.0	0.9704360807176067
-26.25	-23.75	1.0041330668520099
-26.25	-22.5	1.0153893834528283
-26.25	-21.25	1.030489726955008
-26.25	-20.0	1.0306619088952549
-26.25	-18.75	1.0433191602391638
-26.25	-17.5	1.0464273832841788
-26.25	-16.25	1.0588497488786548
-26.25	-15.0	1.0630809503840342
-26.25	-13.75	1.0649676743829133
-26.25	-12.5	1.0562663092185474
-26.25	-11.25	1.057184601615598
-26.25	-10.0	1.0597433700880354
-26.25	-8.75	1.053020096606811
-26.25	-7.5	1.043639304892168
-26.25	-6.25	1.0376975823862176
-26.25	-5.0	1.0617236646613444
-26.25	-3.75	1.061278257097711
-26.25	-2.5	1.0571773076124034
-26.25	-1.25	1.0676363111766747
-26.25	0.0	1.0705526236849772
-26.25	1.25	1.0642102363101549
-26.25	2.5	1.0642447327026099
-26.25	3.75	1.0374073067990515
-26.25	5.0	1.0447496035377832
-26.25	6.25	1.051699436599991
-26.25	7.5	1.0259970528725781
-26.25	8.75	1.0532618952428867
-26.25	10.0	1.0506086035777953
-26.25	11.25	1.0246070752397887
-26.25	12.5	1.0244933887817917
-26.25	13.75	1.020717097257996
-26.25	15.0	1.022884632237791
-26.25	16.25	0.9953683876321215
-26.25	17.5	0.9726611310004328
-26.25	18.75	0.955255573475908
-26.25	20.0	0.8985640278984182
-26.25	21.25	0.8613182298444557
-26.25	22.5	0.7955867613867884
-26.25	23.75	0.7431497302154416
-26.25	25.0	0.7155282764566403
-26.25	26.25	0.6852448865114374
-26.25	27.5	0.6424695070429977
-26.25	28.75	0.436334889947121
-26.25	30.0	0.9100400581509716
-25.0	31.25	0.9223577781864485
-25.0	30.0	0.34140083417131833
-25.0	28.75	0.6237445739994433
-25.0	27.5	0.6997130010820134
-25.0	26.25	0.7000341367022643
-25.0	25.0	0.7451687449243812
-25.0	23.75	0.8111737604683374
-25.0	22.5	0.8692866384104723
-25.0	21.25	0.9111563826833164
-25.0	20.0	0.956169582290297
-25.0	18.75	0.9781198781148375
-25.0	17.5	1.0045298526063413
-25.0	16.25	1.0235108817745826
-25.0	15.0	1.0348093842034318
-25.0	13.75	1.037429073347939
-25.0	12.5	1.0340945657237535
-25.0	11.25	1.052566177396852
-25.0	10.0	1.0202562643819741
-25.0	8.75	1.0353289217112638
-25.0	7.5	1.0256957748996838
-25.0	6.25	1.02145604346196
-25.0	5.0	1.031832655277106
-25.0	3.75	1.0484483428975184
-25.0	2.5	1.0565641245078166
-25.0	1.25	1.059705671480538
-25.0	-0.0	1.214672791662494
-25.0	-1.25	1.071214648281197
-25.0	-2.5	1.070745910149319
-25.0	-3.75	1.0732873324024685
-25.0	-5.0	1.0750625848410964
-25.0	-6.25	1.0714533166152507
-25.0	-7.5	1.0652852115073204
-25.0	-8.75	1.046187930358014
-25.0	-10.0	1.0488958125175432
-25.0	-11.25	1.0531815699985907
-25.0	-12.5	1.0604843607715815
-25.0	-13.75	1.063551105875864
-25.0	-15.0	1.0652774709568444
-25.0	-16.25	1.0727389893307713
-25.0	-17.5	1.056596628799614
-25.0	-18.75	1.0506487761589418
-25.0	-20.0	1.0368390786025825
-25.0	-21.25	1.0242020781683647
-25.0	-22.5	1.0159963001960106
-25.0	-23.75	1.0124252892941707
-25.0	-25.0	0.9854274867112078
-25.0	-26.25	0.9614360749213204
-25.0	-27.5	0.9557019930443217
-25.0	-28.75	0.9485015704154017
-25.0	-30.0	0.7769617957080995
-25.0	-31.25	0.9308570662602603
-23.75	-32.5	1.0033023528146054
-23.75	-31.25	0.7069466261823206
-23.75	-30.0	0.922912875513293
-23.75	-28.75	0.9356389232565107
-23.75	-27.5	0.9306467568915396
-23.75	-26.25	0.9700320969821822
-23.75	-25.0	0.9868657255693467
-23.75	-23.75	1.0285296246605686
-23.75	-22.5	1.0264124677274094
-23.75	-21.25	1.0488327331618155
-23.75	-20.0	1.0692480302960052
-23.75	-18.75	1.0727489647650266
-23.75	-17.5	1.0640653243031695
-23.75	-16.25	1.060897020911965
-23.75	-15.0	1.0593309622473317
-23.75	-13.75	1.049298690702396
-23.75	-12.5	1.060042006789747
-23.75	-11.25	1.0520284827033177
-23.75	-10.0	1.0525619275375844
-23.75	-8.75	1.039060834894812
-23.75	-7.5	1.052307587654873
-23.75	-6.25	1.036917933122794
-23.75	-5.0	1.035133478420552
-23.75	-3.75	1.0396719573110826
-23.75	-2.5	1.049952484979061
-23.75	-1.25	1.046079878419961
-23.75	0.0	1.0482968409996745
-23.75	1.25	1.0558662253424673
-23.75	2.5	1.0486132155559207
-23.75	3.75	1.0583216691875295
-23.75	5.0	1.037074397568624
-23.75	6.25	1.0364837108512985
-23.75	7.5	1.0208476277269773
-23.75	8.75	1.002039781439344
-23.75	10.0	1.0055656196077274
-23.75	11.25	1.0467150183614415
-23.75	12.5	1.0377832845133201
-23.75	13.75	1.0431283860640752
-23.75	15.0	1.0435019321895964
-23.75	16.25	1.0479067073818422
-23.75	17.5	1.0326439594052297
-23.75	18.75	1.0157035484367134
-23.75	20.0	0.9859679136108767
-23.75	21.25	0.9719196423982184
-23.75	22.5	0.9175748125507435
-23.75	23.75	0.8667945291196606
-23.75	25.0	0.8079956760699684
-23.75	26.25	0.7312420720435457
-23.75	27.5	0.7161812365884423
-23.75	28.75	0.6880180019189334
-23.75	30.0	0.5948120026150175
-23.75	31.25	0.3784887738515025
-23.75	32.5	0.9697010300599748
-22.5	32.5	1.089649427689171
-22.5	31.25	0.5216161717746611
-22.5	30.0	0.6812651213861484
-22.5	28.75	0.7095290984842124
-22.5	27.5	0.7301653123364606
-22.5	26.25	0.8002755599354499
-22.5	25.0	0.8756569011604977
-22.5	23.75	0.9126888016925232
-22.5	22.5	0.9702301448213764
-22.5	21.25	0.9836531856248403
-22.5	20.0	1.0228093508015135
-22.5	18.75	1.034743324780413
-22.5	17.5	1.041869483363214
-22.5	16.25	1.039858919939085
-22.5	15.0	1.0434136223113781
-22.5	13.75	1.0458414442917692
-22.5	12.5	1.0325959777287068
-22.5	11.25	1.0297069749812824
-22.5	10.0	1.041266703911486
-22.5	8.75	1.0562629851552947
-22.5	7.5	1.0488896540219996
-22.5	6.25	1.0520578127901414
-22.5	5.0	1.0502712897664739
-22.5	3.75	1.0431989549921306
-22.5	2.5	1.0508085403261875
-22.5	1.25	1.0419158056453004
-22.5	-0.0	1.051614522724967
-22.5	-1.25	1.047934549633217
-22.5	-2.5	1.049343840130619
-22.5	-3.75	1.038070510970131
-22.5	-5.0	1.0481568469747415
-22.5	-6.25	1.0388351380790197
-22.5	-7.5	1.0395549011401968
-22.5	-8.75	1.0421181427207868
-22.5	-10.0	1.0379310440753144
-22.5	-11.25	1.0419852078690337
-22.5	-12.5	1.0405744133145032
-22.5	-13.75	1.0361777592600496
-22.5	-15.0	1.0446061436465883
-22.5	-16.25	1.066358141321608
-22.5	-17.5	1.065470838090937
-22.5	-18.75	1.0650955127736512
-22.5	-20.0	1.0615771676869372
-22.5	-21.25	1.0709518203802249
-22.5	-22.5	1.0478065066557538
-22.5	-23.75	1.034865603908288
-22.5	-25.0	1.0149898717617132
-22.5	-26.25	0.9802463411881123
-22.5	-27.5	0.9441050447696954
-22.5	-28.75	0.8917829008996624
-22.5	-30.0	0.9285862580065127
-22.5	-31.25	0.84956258633394
-22.5	-32.5	0.8761815065102435
-21.25	-33.75	0.8095635040930808
-21.25	-32.5	0.7570723005084204
-21.25	-31.25	0.907829915273785
-21.25	-30.0	0.8777872312699991
-21.25	-28.75	0.9162984596090101
-21.25	-27.5	0.9644926879301368
-21.25	-26.25	1.0071806639096186
-21.25	-25.0	1.020359821936168
-21.25	-23.75	1.0512093119417456
-21.25	-22.5	1.0729022719738546
-21.25	-21.25	1.0710430789421592
-21.25	-20.0	1.0704165960258303
-21.25	-18.75	1.0548803480128064
-21.25	-17.5	1.0569438427623765
-21.25	-16.25	1.0395467234260916
-21.25	-15.0	1.0337474366592883
-21.25	-13.75	1.0459594192591706
-21.25	-12.5	1.0392577975070632
-21.25	-11.25	1.042093040294087
-21.25	-10.0	1.0312025314644429
-21.25	-8.75	1.046206013208848
-21.25	-7.5	1.0326376346458677
-21.25	-6.25	1.0284948689031614
-21.25	-5.0	1.025328296544395
-21.25	-3.75	1.0395562952262072
-21.25	-2.5	1.0390171321102504
-21.25	-1.25	1.0341265318370556
-21.25	0.0	1.0316073573062587
-21.25	1.25	1.0477361318729652
-21.25	2.5	1.0435038059494746
-21.25	3.75	1.0428847514468556
-21.25	5.0	1.0491002325029877
-21.25	6.25	1.040740496881989
-21.25	7.5	1.0435553034136666
-21.25	8.75	1.0469470139550783
-21.25	10.0	1.039095975480569
-21.25	11.25	1.0589826590993257
-21.25	12.5	1.0530700956009458
-21.25	13.75	1.0427544850084818
-21.25	15.0	1.0588845061086154
-21.25	16.25	1.0374794940685448
-21.25	17.5	1.0542118686168553
-21.25	18.75	1.0354830973788387
-21.25	20.0	1.0368956414570223
-21.25	21.25	1.031354210674892
-21.25	22.5	0.9917871834413375
-21.25	23.75	0.9675087513813655
-21.25	25.0	0.9155128140522862
-21.25	26.25	0.84625905947368
-21.25	27.5	0.7763566847024752
-21.25	28.75	0.7203163515766625
-21.25	30.0	0.7222951285561667
-21.25	31.25	0.6645164936548421
-21.25	32.5	0.4008702397859157
-21.25	33.75	0.9245135133145567
-20.0	35.0	0.9997259157282505
-20.0	33.75	0.5300456324134729
-20.0	32.5	0.5919601770264861
-20.0	31.25	0.7032279701295694
-20.0	30.0	0.7158228412718249
-20.0	28.75	0.7593350323798367
-20.0	27.5	0.837376427565566
-20.0	26.25	0.9026822427252027
-20.0	25.0	0.9562451513873023
-20.0	23.75	0.9964860623343637
-20.0	22.5	1.0157027379479215
-20.0	21.25	1.0335621496026566
-20.0	20.0	1.0445272567102812
-20.0	18.75	1.0390533076773976
-20.0	17.5	1.0451559038580112
-20.0	16.25	1.0460073923850441
-20.0	15.0	1.041894277433401
-20.0	13.75	1.0479391682260635
-20.0	12.5	1.0475273648602546
-20.0	11.25	1.0483690661539087
-20.0	10.0	1.0434365676884754
-20.0	8.75	1.0471337007913575
-20.0	7.5	1.0399621883512968
-20.0	6.25	1.0490506685384637
-20.0	5.0	1.0340209137669227
-20.0	3.75	1.044481967025748
-20.0	2.5	1.043256896957237
-20.0	1.25	1.0404410573319611
-20.0	-0.0	1.0366848086259493
-20.0	-1.25	1.0300459510155575
-20.0	-2.5	1.040832737493119
-20.0	-3.75	1.0371034997394808
-20.0	-5.0	1.0300502514036538
-20.0	-6.25	1.0398076362908633
-20.0	-7.5	1.0354893222315749
-20.0	-8.75	1.0347403320407254
-20.0	-10.0	1.0276764065156254
-20.0	-11.25	1.0164631064131442
-20.0	-12.5	1.0310296921104016
-20.0	-13.75	1.0283954238180006
-20.0	-15.0	1.0425100339085973
-20.0	-16.25	1.0375294892584286
-20.0	-17.5	1.033805348225491
-20.0	-18.75	1.04686966251018
-20.0	-20.0	1.0512744987897058
-20.0	-21.25	1.061303112786644
-20.0	-22.5	1.0723923185617563
-20.0	-23.75	1.0657690065745822
-20.0	-25.0	1.0483148715917552
-20.0	-26.25	1.0219297969686987
-20.0	-27.5	0.9690901948500541
-20.0	-28.75	0.9389788324756394
-20.0	-30.0	0.8711724179848455
-20.0	-31.25	0.8561311443976816
-20.0	-32.5	0.8701390223222074
-20.0	-33.75	0.813591518258566
-20.0	-35.0	0.9470581649814024
-18.75	-35.0	0.8928435293626328
-18.75	-33.75	0.8332884787702594
-18.75	-32.5	0.8748432759980174
-18.75	-31.25	0.8357805446636536
-18.75	-30.0	0.8906301752876324
-18.75	-28.75	0.9505947443549811
-18.75	-27.5	1.000534018899096
-18.75	-26.25	1.0375887950490126
-18.75	-25.0	1.0582013978753684
-18.75	-23.75	1.07593107476823
-18.75	-22.5	1.0710632110925404
-18.75	-21.25	1.0636053961940737
-18.75	-20.0	1.055270928420083
-18.75	-18.75	1.0315815601233909
-18.75	-17.5	1.0309053077438906
-18.75	-16.25	1.0369560418319517
-18.75	-15.0	1.0228069690764996
-18.75	-13.75	1.032217869552705
-18.75	-12.5	1.021559269075119
-18.75	-11.25	1.0227427548403416
-18.75	-10.0	1.036240147543046
-18.75	-8.75	1.0398368872220032
-18.75	-7.5	1.0391699553672697
-18.75	-6.25	1.0342259183098503
-18.75	-5.0	1.037824039251764
-18.75	-3.75	1.0510224160475379
-18.75	-2.5	1.0232576969307157
-18.75	-1.25	1.0470082441451913
-18.75	0.0	1.037035984417766
-18.75	1.25	1.038042710677406
-18.75	2.5	1.032615120039467
-18.75	3.75	1.0428731594312974
-18.75	5.0	1.0406094507539139
-18.75	6.25	1.0338733243434244
-18.75	7.5	1.0422348898257094
-18.75	8.75	1.0405833183314896
-18.75	10.0	1.034691430751323
-18.75	11.25	1.0360686475135024
-18.75	12.5	1.047184592134901
-18.75	13.75	1.0600606544163471
-18.75	15.0	1.0485264172082738
-18.75	16.25	1.0440394248729958
-18.75	17.5	1.0471435550587491
-18.75	18.75	1.0383932202394028
-18.75	20.0	1.0428017706141084
-18.75	21.25	1.0475953277608263
-18.75	22.5	1.0294536402362164
-18.75	23.75	1.0125102354425342
-18.75	25.0	0.9788816421258014
-18.75	26.25	0.9395107476921958
-18.75	27.5	0.8697694912129286
-18.75	28.75	0.7913692244146838
-18.75	30.0	0.7300021868630874
-18.75	31.25	0.7225102468611037
-18.75	32.5	0.6819287726545354
-18.75	33.75	0.45936496068793337
-18.75	35.0	0.9611288276780279
-17.5	36.25	0.9646233361689884
-17.5	35.0	0.17231053705047542
-17.5	33.75	0.6230594474321066
-17.5	32.5	0.7141766307398297
-17.5	31.25	0.7022038219873643
-17.5	30.0	0.7614693663970445
-17.5	28.75	0.8582299715576044
-17.5	27.5	0.9228251818936536
-17.5	26.25	0.9788504576950716
-17.5	25.0	1.0089755882235742
-17.5	23.75	1.0283301076577933
-17.5	22.5	1.036171023093022
-17.5	21.25	1.0399958882072633
-17.5	20.0	1.0579820512737608
-17.5	18.75	1.0401342975151655
-17.5	17.5	1.0487430839047782
-17.5	16.25	1.0514423491338425
-17.5	15.0	1.0425397972293398
-17.5	13.75	1.056678583830454
-17.5	12.5	1.042133379704925
-17.5	11.25	1.0480654950146133
-17.5	10.0	1.0553718448338831
-17.5	8.75	1.0388222022913653
-17.5	7.5	1.052731043535691
-17.5	6.25	1.0466562825355121
-17.5	5.0	1.0441638422493087
-17.5	3.75	1.0336171219318913
-17.5	2.5	1.0356727712033231
-17.5	1.25	1.0357153577137115
-17.5	-0.0	1.0314560184833719
-17.5	-1.25	1.0365081136016414
-17.5	-2.5	1.0266990316742042
-17.5	-3.75	1.0328309098478354
-17.5	-5.0	1.02453178628988
-17.5	-6.25	1.037765311178932
-17.5	-7.5	1.036193181828869
-17.5	-8.75	1.0244396666168096
-17.5	-10.0	1.0207957107440186
-17.5	-11.25	1.0172434534039674
-17.5	-12.5	1.0253860388130633
-17.5	-13.75	1.0182025324568376
-17.5	-15.0	1.0269655131832574
-17.5	-16.25	1.0242392129509537
-17.5	-17.5	1.0266351091902008
-17.5	-18.75	1.0350709744689002
-17.5	-20.0	1.029506656089224
-17.5	-21.25	1.0527629780950951
-17.5	-22.5	1.0495531678575234
-17.5	-23.75	1.0638623849903408
-17.5	-25.0	1.0698144401502496
-17.5	-26.25	1.0695172937450657
-17.5	-27.5	1.0291261138455838
-17.5	-28.75	0.9918170910391225
-17.5	-30.0	0.9044899276838024
-17.5	-31.25	0.8441023570411587
-17.5	-32.5	0.811671932816725
-17.5	-33.75	0.8663472854784525
-17.5	-35.0	0.7715903482710472
-17.5	-36.25	0.9875186701772127
-16.25	-36.25	0.8943717245268661
-16.25	-35.0	0.7570587558027616
-16.25	-33.75	0.8458784884136333
-16.25	-32.5	0.8091231719220235
-16.25	-31.25	0.872417185770691
-16.25	-30.0	0.9488866823901748
-16.25	-28.75	1.0268333354526558
-16.25	-27.5	1.0482960833539747
-16.25	-26.25	1.0789875808238956
-16.25	-25.0	1.0693938229443982
-16.25	-23.75	1.0661277257326942
-16.25	-22.5	1.0514965923093507
-16.25	-21.25	1.032410369457175
-16.25	-20.0	1.0420145576206645
-16.25	-18.75	1.0257933813907079
-16.25	-17.5	1.019750840893426
-16.25	-16.25	1.0247532712512712
-16.25	-15.0	1.0301118915253558
-16.25	-13.75	1.0241751724713475
-16.25	-12.5	1.0240571624719317
-16.25	-11.25	1.0246719198147707
-16.25	-10.0	1.02997140602561
-16.25	-8.75	1.0467556505028246
-16.25	-7.5	1.0336893452612457
-16.25	-6.25	1.0421078659533423
-16.25	-5.0	1.0440366867184347
-16.25	-3.75	1.0331947002782031
-16.25	-2.5	1.0427736847670335
-16.25	-1.25	1.0369756921771245
-16.25	0.0	1.0338912924712287
-16.25	1.25	1.0302130614181582
-16.25	2.5	1.0374216462387118
-16.25	3.75	1.0475631786738995
-16.25	5.0	1.037152389730516
-16.25	6.25	1.0464941179792304
-16.25	7.5	1.0419451964317699
-16.25	8.75	1.0445961824887564
-16.25	10.0	1.0491224947064832
-16.25	11.25	1.0438465027972654
-16.25	12.5	1.0520511475341248
-16.25	13.75	1.0600228875361606
-16.25	15.0	1.0524094702909514
-16.25	16.25	1.0714923758194879
-16.25	17.5	1.0660149121051337
-16.25	18.75	1.0535627901032603
-16.25	20.0	1.0665043510508154
-16.25	21.25	1.0493288205484534
-16.25	22.5	1.0546768098026948
-16.25	23.75	1.0386375909072192
-16.25	25.0	1.0220949870532652
-16.25	26.25	0.9973406572790302
-16.25	27.5	0.9633339131218832
-16.25	28.75	0.8920336221910196
-16.25	30.0	0.8181581377646576
-16.25	31.25	0.7402368079280078
-16.25	32.5	0.7297585385695654
-16.25	33.75	0.6831439456997529
-16.25	35.0	0.41085104400433164
-16.25	36.25	0.9053506925229233
-15.0	37.5	1.0117191197640987
-15.0	36.25	0.571264565445174
-15.0	35.0	0.5745499376313875
-15.0	33.75	0.7266876133209524
-15.0	32.5	0.7124402976344321
-15.0	31.25	0.771305508783588
-15.0	30.0	0.8483735769242622
-15.0	28.75	0.9429375624658792
-15.0	27.5	1.0045924422787345
-15.0	26.25	1.0103446063828792
-15.0	25.0	1.028432365301081
-15.0	23.75	1.057618941239965
-15.0	22.5	1.0532140062565907
-15.0	21.25	1.0555544533130419
-15.0	20.0	1.0670067234049496
-15.0	18.75	1.054760782322671
-15.0	17.5	1.0651660417551057
-15.0	16.25	1.0641392185145138
-15.0	15.0	1.0526829385940923
-15.0	13.75	1.0479742599211188
-15.0	12.5	1.0506389925477215
-15.0	11.25	1.0474387186346634
-15.0	10.0	1.0500032034319025
-15.0	8.75	1.037672360589427
-15.0	7.5	1.0416864038214657
-15.0	6.25	1.038634937322764
-15.0	5.0	1.0363580351190262
-15.0	3.75	1.0412580468362649
-15.0	2.5	1.0427415069050876
-15.0	1.25	1.0344759767052187
-15.0	-0.0	1.0365386266083014
-15.0	-1.25	1.0315650947312258
-15.0	-2.5	1.0418742406550978
-15.0	-3.75	1.0438557524936276
-15.0	-5.0	1.0380329012671383
-15.0	-6.25	1.0287204010916522
-15.0	-7.5	1.035027734772606
-15.0	-8.75	1.0254655891774487
-15.0	-10.0	1.0247494269448132
-15.0	-11.25	1.0180316808691803
-15.0	-12.5	1.0163500839869677
-15.0	-13.75	1.0256759027101776
-15.0	-15.0	1.0155035635482854
-15.0	-16.25	1.0154612391108164
-15.0	-17.5	1.007468681769521
-15.0	-18.75	1.0224115761732149
-15.0	-20.0	1.0270514678049742
-15.0	-21.25	1.03718461588982
-15.0	-22.5	1.0326243904809662
-15.0	-23.75	1.0613702473958757
-15.0	-25.0	1.068442353496033
-15.0	-26.25	1.0736551721835335
-15.0	-27.5	1.0773333899518078
-15.0	-28.75	1.0392189227800908
-15.0	-30.0	0.9749977378754057
-15.0	-31.25	0.8936491530583793
-15.0	-32.5	0.804890644732795
-15.0	-33.75	0.7941627377775204
-15.0	-35.0	0.8364740574498533
-15.0	-36.25	0.9016724845601864
-15.0	-37.5	0.9198283196961241
-13.75	-37.5	0.8280649332351279
-13.75	-36.25	0.7759930379732478
-13.75	-35.0	0.8406913925801814
-13.75	-33.75	0.7753809265641659
-13.75	-32.5	0.8357761736062017
-13.75	-31.25	0.9296086836244752
-13.75	-30.0	1.011805700623268
-13.75	-28.75	1.0716964705366654
-13.75	-27.5	1.0830189337394758
-13.75	-26.25	1.0714614997273777
-13.75	-25.0	1.064929322150285
-13.75	-23.75	1.0531669008046987
-13.75	-22.5	1.0280376814622088
-13.75	-21.25	1.0223401495398936
-13.75	-20.0	1.0241396214747636
-13.75	-18.75	1.0085276558628338
-13.75	-17.5	1.0101420761123352
-13.75	-16.25	1.0049541921625174
-13.75	-15.0	1.0148648510577845
-13.75	-13.75	1.0179440615714197
-13.75	-12.5	1.019555956160039
-13.75	-11.25	1.0163997851600324
-13.75	-10.0	1.0407762281111428
-13.75	-8.75	1.0233552277360873
-13.75	-7.5	1.0313606578070387
-13.75	-6.25	1.0425781324925734
-13.75	-5.0	1.0291379938060505
-13.75	-3.75	1.047012173817303
-13.75	-2.5	1.0335114652317934
-13.75	-1.25	1.0264729020801662
-13.75	0.0	1.0289987100946976
13.806701271484076	-13.75	0.0
-13.75	2.5	1.0398850548462348
-13.75	3.75	1.0297415348412593
-13.75	5.0	1.0440986535664736
-13.75	6.25	1.040377669797331
-13.75	7.5	1.0457982295608323
-13.75	8.75	1.0421192300923194
-13.75	10.0	1.047984317150517
-13.75	11.25	1.0557752770149966
-13.75	12.5	1.0448463634510337
-13.75	13.75	1.0475002441071772
-13.75	15.0	1.0547571543285936
-13.75	16.25	1.0565510876161084
-13.75	17.5	1.0573390973235115
-13.75	18.75	1.0574646064716187
-13.75	20.0	1.0660625597688091
-13.75	21.25	1.0603287394657925
-13.75	22.5	1.0712148620106199
-13.75	23.75	1.0617330017325992
-13.75	25.0	1.0638438621012025
-13.75	26.25	1.0326910142952612
-13.75	27.5	1.0106943327643638
-13.75	28.75	0.9772521735443669
-13.75	30.0	0.8962308943849823
-13.75	31.25	0.8235948649417053
-13.75	32.5	0.7270961595186004
-13.75	33.75	0.7300197872152179
-13.75	35.0	0.6670387559706523
-13.75	36.25	0.2601673176222766
-13.75	37.5	0.9892196697888995
-12.5	37.5	0.9615629127585077
-12.5	36.25	0.4752789319386383
-12.5	35.0	0.7027192387749827
-12.5	33.75	0.7188819820136382
-12.5	32.5	0.7542793846261957
-12.5	31.25	0.8454871047617604
-12.5	30.0	0.9215706346107205
-12.5	28.75	0.9989025490944274
-12.5	27.5	1.0068729316941414
-12.5	26.25	1.0395660324382978
-12.5	25.0	1.0637462101648412
-12.5	23.75	1.0506706042314036
-12.5	22.5	1.0498445645840264
-12.5	21.25	1.0669471179517194
-12.5	20.0	1.059580878080872
-12.5	18.75	1.0701002859536035
-12.5	17.5	1.0557329886600402
-12.5	16.25	1.0558950414203452
-12.5	15.0	1.048687743393703
-12.5	13.75	1.0408225132167475
-12.5	12.5	1.0459135015361263
-12.5	11.25	1.0406107824075814
-12.5	10.0	1.0442360529988486
-12.5	8.75	1.0453844587157426
-12.5	7.5	1.031910745158688
-12.5	6.25	1.0416097226278054
-12.5	5.0	1.04151096666263
-12.5	3.75	1.0444989668257343
-12.5	2.5	1.0427450742383535
-12.5	1.25	1.0408526448254078
-12.5	-0.0	1.0418123691298422
-12.5	-1.25	1.039617996440573
-12.5	-2.5	1.0285405468311952
-12.5	-3.75	1.0267023777351874
-12.5	-5.0	1.0357432796159007
-12.5	-6.25	1.0388978256383272
-12.5	-7.5	1.034178488270272
-12.5	-8.75	1.0312415311518326
-12.5	-10.0	1.0264240538849387
-12.5	-11.25	1.0216253382192018
-12.5	-12.5	1.0247947032880487
-12.5	-13.75	1.0264574912271252
-12.5	-15.0	1.0174210488856177
-12.5	-16.25	1.0141128696935162
-12.5	-17.5	1.0132559387662037
-12.5	-18.75	1.0067712678450087
-12.5	-20.0	1.0148284582784657
-12.5	21.25	1.0390266832563897
-12.5	22.5	1.0517446031189255
-12.5	23.75	1.0468248411800856
-12.5	25.0	1.0519560191628
-12.5	26.25	1.0261522212454215
-12.5	27.5	1.003237840593424
-12.5	28.75	0.9872513688848816
-12.5	30.0	0.9150463600314135
-12.5	31.25	0.8484796465169168
-12.5	32.5	0.749292580552081
-12.5	33.75	0.7056312583513491
-12.5	35.0	0.6997093034476236
-12.5	36.25	0.432415958037221
-12.5	37.5	1.009495615252658
-11.25	38.75	0.9249990124973212
-11.25	37.5	0.5492664872949667
-11.25	36.25	0.5746036548573389
-11.25	35.0	0.7169286850940064
-11.25	33.75	0.7098429986530211
-11.25	32.5	0.7861600853789009
-11.25	31.25	0.8725350782822727
-11.25	30.0	0.9387140907732722
-11.25	28.75	1.0020735477432172
-11.25	27.5	1.009567192385806
-11.25	26.25	1.0513776546278906
-11.25	25.0	1.0594567958118846
-11.25	23.75	1.0546216319359496
-11.25	22.5	1.04745323052145
-11.25	21.25	1.1635726925113432
-11.25	20.0	1.0648073812173877
-11.25	18.75	1.0392852668157928
-11.25	17.5	1.062352243375198
-11.25	16.25	1.0534825080354269
-11.25	15.0	1.0466441896237617
-11.25	13.75	1.0673666430359836
-11.25	12.5	1.0301650463563692
-11.25	11.25	1.0443568290015948
-11.25	10.0	1.0209821042879443
-11.25	8.75	1.037619246579227
-11.25	7.5	1.03083511067791
-11.25	6.25	1.0230782158625424
-11.25	5.0	1.0266636437297396
-11.25	3.75	1.0306544247308427
-11.25	2.5	1.02635962801151
-11.25	1.25	1.0279833756757792
-11.25	-0.0	1.0253600328632348
-11.25	-1.25	1.0212423699567141
-11.25	-2.5	1.0247759316774683
-11.25	-3.75	1.0315289215102266
-11.25	-5.0	1.0278972563811097
-11.25	-6.25	1.0223627723137825
-11.25	-7.5	1.0237421713072532
-11.25	-8.75	1.0304745193582694
-11.25	-10.0	1.0200305081319878
-11.25	-11.25	1.0165403833320057
-11.25	-12.5	1.0121300420242274
-11.25	-13.75	1.0261405225272133
-11.25	-15.0	1.0025736575920763
-11.25	-16.25	1.001720901195045
-11.25	-17.5	0.9951244478598331
-11.25	-18.75	1.0016978814631337
-11.25	-20.0	0.9961142465375605
-11.25	-21.25	0.986966582777439
-11.25	-22.5	1.008601737957196
-11.25	-23.75	1.029455047763984
-11.25	-25.0	1.0463532997954768
-11.25	-26.25	1.0590965467534064
-11.25	-27.5	1.0738187910733548
-11.25	-28.75	1.0944291709359746
-11.25	-30.0	1.061504686662748
-11.25	-31.25	0.9874910039732537
-11.25	-32.5	0.8801570104104487
-11.25	-33.75	0.7714813887225833
-11.25	-35.0	0.7384489505360399
-11.25	-36.25	0.8145786786115881
-11.25	-37.5	0.8670970275005312
-11.25	-38.75	0.93657467348902
-10.0	-38.75	0.7405633357841278
-10.0	-37.5	0.9494506815649727
-10.0	-36.25	0.8191575008194913
-10.0	-35.0	0.7353633214864166
-10.0	-33.75	0.7990767004429465
-10.0	-32.5	0.9089173207810496
-10.0	-31.25	1.0199596556522343
-10.0	-30.0	1.0681173861229047
-10.0	-28.75	1.0792096188987854
-10.0	-27.5	1.0724950626522785
-10.0	-26.25	1.036062156487349
-10.0	-25.0	1.0226936947692333
-10.0	-23.75	1.0052791087034922
-10.0	-22.5	1.009277114534405
-10.0	-21.25	1.0098332522194533
-10.0	-20.0	1.0012111311522633
-10.0	-18.75	0.9897645968826395
-10.0	-17.5	1.0019127858728463
-10.0	-16.25	0.9574520882746784
-10.0	-15.0	1.0204283945579424
-10.0	-13.75	1.0150103788828948
-10.0	-12.5	1.0181023920036387
-10.0	-11.25	1.0269983544979107
-10.0	-10.0	1.0360051166622786
-10.0	-8.75	1.0262210096244087
-10.0	-7.5	1.0229548213274955
-10.0	-6.25	1.034660195830542
-10.0	-5.0	1.0324357092154306
-10.0	-3.75	1.0310903211651465
-10.0	-2.5	1.0401270930623974
-10.0	-1.25	1.0449581498867069
-10.0	0.0	1.0379289324801955
-10.0	1.25	1.0320629874584053
-10.0	2.5	1.0336600194742185
-10.0	3.75	1.027795594045329
-10.0	5.0	1.017583813511291
-10.0	6.25	1.0337059984453991
-10.0	7.5	1.029511321423915
-10.0	8.75	1.0306935884059494
-10.0	10.0	1.0283937050614613
-10.0	11.25	1.0338909484534666
-10.0	12.5	1.0413381986560932
-10.0	13.75	1.0426171613881356
-10.0	15.0	1.046673968449596
-10.0	16.25	1.054900452271006
-10.0	17.5	1.0587095042019536
-10.0	18.75	1.0545925953847703
-10.0	20.0	1.047286638635835
-10.0	21.25	1.0598446897284173
-10.0	22.5	1.0581058698091454
-10.0	23.75	1.0663763636590247
-10.0	25.0	1.0559696760425925
-10.0	26.25	1.0633794473424147
-10.0	27.5	1.0254693795216097
-10.0	28.75	0.9914974320972715
-10.0	30.0	0.995507858939168
-10.0	31.25	0.8971941590718235
-10.0	32.5	0.8107849794649314
-10.0	33.75	0.7197314878254366
-10.0	35.0	0.7135457190663119
-10.0	36.25	0.6520334821347209
-10.0	37.5	0.23683125165664737
-10.0	38.75	0.9456780360867219
-8.75	38.75	0.9441157500053308
-8.75	37.5	0.28728786700799586
-8.75	36.25	0.7025833424451087
-8.75	35.0	0.7244712930761866
-8.75	33.75	0.7303532398068351
-8.75	32.5	0.8247985243913339
-8.75	31.25	0.9155002551936642
-8.75	30.0	0.9898787302935664
-8.75	28.75	1.0066992519944664
-8.75	27.5	1.0450456730679476
-8.75	26.25	1.0539720878014989
-8.75	25.0	1.0561191665487921
-8.75	23.75	1.051034560539659
-8.75	22.5	1.0590184278158432
-8.75	21.25	1.0745440686026948
-8.75	20.0	1.0580676062230823
-8.75	18.75	1.0513129359867357
-8.75	17.5	1.056589275261795
-8.75	16.25	1.0557081843233154
-8.75	15.0	1.0405979464476407
-8.75	13.75	1.039140542003223
-8.75	12.5	1.040366937790164
-8.75	11.25	1.0280419621567705
-8.75	10.0	1.0330856039669465
-8.75	8.75	1.037138535537604
-8.75	7.5	1.032621605746735
-8.75	6.25	1.0237707437943864
-8.75	5.0	1.0371720920692677
-8.75	3.75	1.031215553699265
-8.75	2.5	1.038771441987092
-8.75	1.25	1.0356414186925642
-8.75	-0.0	1.0467051496878836
-8.75	-1.25	1.047144435965945
-8.75	-2.5	1.0471649182862532
-8.75	-3.75	1.0466394761705977
-8.75	-5.0	1.0426626220355102
-8.75	-6.25	1.0237150168234455
-8.75	-7.5	1.0358894215608414
-8.75	-8.75	1.0438613031653607
-8.75	-10.0	1.0164393505618057
-8.75	-11.25	1.0181958261230457
-8.75	-12.5	1.0226015715589505
-8.75	-13.75	1.0262520069818957
-8.75	-15.0	1.0285224411307512
-8.75	-16.25	1.0064972793111966
-8.75	-17.5	1.003864383695749
-8.75	-18.75	1.0034534085026618
-8.75	-20.0	0.9974541123192013
-8.75	-21.25	0.9987102267652064
-8.75	-22.5	1.0076231121593842
-8.75	-23.75	1.0142815367643356
-8.75	-25.0	1.0330048547518387
-8.75	-26.25	1.039397681136905
-8.75	-27.5	1.0605087823847303
-8.75	-28.75	1.0739696730123454
-8.75	-30.0	1.0872071303996944
-8.75	-31.25	1.0380399001048897
-8.75	-32.5	0.9381357344081849
-8.75	-33.75	0.8164382237395809
-8.75	-35.0	0.7428505940376742
-8.75	-36.25	0.807937777005605
-8.75	-37.5	0.8005548262699311
-8.75	-38.75	0.7605080584283439
-7.5	-38.75	0.8222086431023441
-7.5	-37.5	0.7626236635216826
-7.5	-36.25	0.7683206132133408
-7.5	-35.0	0.721054348806987
-7.5	-33.75	0.8387185556823414
-7.5	-32.5	0.9761708549629134
-7.5	-31.25	1.0603431972586055
-7.5	-30.0	1.0813184051369167
-7.5	-28.75	1.0750339696182285
-7.5	-27.5	1.0647174938539232
-7.5	-26.25	1.04128758922132
-7.5	-25.0	1.0303276487274202
-7.5	-23.75	1.0086165183018179
-7.5	-22.5	1.0003992729528066
-7.5	-21.25	1.001412312758427
-7.5	-20.0	0.986734949302869
-7.5	-18.75	0.9991872844762574
-7.5	-17.5	1.0012964900956107
-7.5	-16.25	1.0154567263553373
-7.5	-15.0	1.0190839927801423
-7.5	-13.75	1.0175004793244615
-7.5	-12.5	1.0265980961019767
-7.5	-11.25	1.0263779575445489
-7.5	-10.0	1.0313292302679995
-7.5	-8.75	1.0406696861246347
-7.5	-7.5	1.043106139337308
-7.5	-6.25	1.046888869514844
-7.5	-5.0	1.0432845470468048
-7.5	-3.75	1.0454112093773391
-7.5	-2.5	1.0505440501054828
-7.5	-1.25	1.0469936947728007
-7.5	0.0	1.0371820647873768
-7.5	1.25	1.0430329606339153
-7.5	2.5	1.0299354653350339
-7.5	3.75	1.0345633435305832
-7.5	5.0	1.0210432009004489
-7.5	6.25	1.0314352474682846
-7.5	7.5	1.027540887053826
-7.5	8.75	1.03540828498865
-7.5	10.0	1.0289906309229262
-7.5	11.25	1.034472071478678
-7.5	12.5	1.0266639268228774
-7.5	13.75	1.028185499675306
-7.5	15.0	1.0386467927123189
-7.5	16.25	1.0578635908122438
-7.5	17.5	1.061316213992865
-7.5	18.75	1.0520061100281843
-7.5	20.0	1.071208988744402
-7.5	21.25	1.0705074739863454
-7.5	22.5	1.0603108310185532
-7.5	23.75	1.0565827618970192
-7.5	25.0	1.0540476049703484
-7.5	26.25	1.063383573084797
-7.5	27.5	1.0563168919109298
-7.5	28.75	1.0094435695767952
-7.5	30.0	0.9929162156061891
-7.5	31.25	0.9265782579020704
-7.5	32.5	0.8451459435269453
-7.5	33.75	0.7534586350680866
-7.5	35.0	0.7125530195889707
-7.5	36.25	0.7168423223060467
-7.5	37.5	0.4900632716134441
-7.5	38.75	0.9019183344292485
-6.25	40.0	0.9285613017409341
-6.25	38.75	1.0130776528321568
-6.25	37.5	0.5497916515681279
-6.25	36.25	0.7235945640857588
-6.25	35.0	0.7133423471998354
-6.25	33.75	0.7680391794150618
-6.25	32.5	0.8477479789284641
-6.25	31.25	0.9568367731360357
-6.25	30.0	0.9902989230974898
-6.25	28.75	1.0178445817483923
-6.25	27.5	1.061877339572922
-6.25	26.25	1.0565332084960677
-6.25	25.0	1.0745191756576753
-6.25	23.75	1.0657019843827842
-6.25	22.5	1.0755262995700088
-6.25	21.25	1.0635127474353065
-6.25	20.0	1.0609439839181531
-6.25	18.75	1.0600265082157145
-6.25	17.5	1.0523974768359399
-6.25	16.25	1.0472961749986291
-6.25	15.0	1.056672620328858
-6.25	13.75	1.043568374604804
-6.25	12.5	1.0376494144692214
-6.25	11.25	1.0333944928814467
-6.25	10.0	1.033951226320303
-6.25	8.75	1.0318694383345688
-6.25	7.5	1.0253850513138152
-6.25	6.25	1.021630846939556
-6.25	5.0	1.0259911749662038
-6.25	3.75	1.0300754290180436
-6.25	2.5	1.0409379521444284
-6.25	1.25	1.0354124077504794
-6.25	-0.0	1.0524733218312385
-6.25	-1.25	1.0346217757760794
-6.25	-2.5	1.05025227618424
-6.25	-3.75	1.05067369790777
-6.25	-5.0	1.0507065323928617
-6.25	-6.25	1.0342392258693693
-6.25	-7.5	1.0319521984147997
-6.25	-8.75	1.0390684121129268
-6.25	-10.0	1.0505939336323962
-6.25	-11.25	1.0247866365356029
-6.25	-12.5	1.0331424167917442
-6.25	-13.75	1.0219423014745839
-6.25	-15.0	1.0133132387180115
-6.25	-16.25	1.0120891603157358
-6.25	-17.5	1.0036349790840002
-6.25	-18.75	0.9979149148668804
-6.25	-20.0	0.9932698372641391
-6.25	-21.25	0.9935706437096931
-6.25	-22.5	0.9954836947199567
-6.25	-23.75	1.0128715515485063
-6.25	-25.0	1.021097666911319
-6.25	-26.25	1.027404204831868
-6.25	-27.5	1.0566068580079402
-6.25	-28.75	1.0774033155841198
-6.25	-30.0	1.0832707792987426
-6.25	-31.25	1.0764043033681734
-6.25	-32.5	0.9909032959531494
-6.25	-33.75	0.8706329426683428
-6.25	-35.0	0.7507767234948881
-6.25	-36.25	0.7287910562080214
-6.25	-37.5	0.7649056508660032
-6.25	-38.75	0.8383638668942826
-6.25	-40.0	0.8201432628758779
-5.0	-40.0	0.7512160120174428
-5.0	-38.75	0.9232162150064324
-5.0	-37.5	0.7930049949664969
-5.0	-36.25	0.7210038997354415
-5.0	-35.0	0.7758316970529255
-5.0	-33.75	0.8796869031370447
-5.0	-32.5	1.0145171626611722
-5.0	-31.25	1.0702155814491576
-5.0	-30.0	1.0914752694155734
-5.0	-28.75	1.0736516831603806
-5.0	-27.5	1.0494103451992542
-5.0	-26.25	1.0263848356318448
-5.0	-25.0	1.0189430735671539
-5.0	-23.75	1.005264320768297
-5.0	-22.5	0.993934866867591
-5.0	-21.25	0.996144536807432
-5.0	-20.0	0.9875852707281463
-5.0	-18.75	0.9997295259652981
-5.0	-17.5	1.0004782855364656
-5.0	-16.25	1.0076990056828214
-5.0	-15.0	1.0291078073245408
-5.0	-13.75	1.024259825872087
-5.0	-12.5	1.0250930583756614
-5.0	-11.25	1.0264720082737306
-5.0	-10.0	1.0299499561650851
-5.0	-8.75	1.0403582476332418
-5.0	-7.5	1.0411476888203752
-5.0	-6.25	1.0459555986100868
-5.0	-5.0	1.0491393648202356
-5.0	-3.75	1.0532198716165728
-5.0	-2.5	1.0458656796286454
-5.0	-1.25	1.0459597367108882
-5.0	0.0	1.0478696425534482
-5.0	1.25	1.0329683071855036
-5.0	2.5	1.025539183852473
-5.0	3.75	1.0165913667125026
-5.0	5.0	1.0186564921829506
-5.0	6.25	1.0207938696994099
-5.0	7.5	1.0153925155841288
-5.0	8.75	1.0182761069746515
-5.0	10.0	1.0328197550735618
-5.0	11.25	1.0366738797746191
-5.0	12.5	1.0299467688410306
-5.0	13.75	1.0339602049751322
-5.0	15.0	1.0548056908226051
-5.0	16.25	1.037631120500706
-5.0	17.5	1.060891988129308
-5.0	18.75	1.0436852777360248
-5.0	20.0	1.0557439070951888
-5.0	21.25	1.0678554494473145
-5.0	22.5	1.0778980185506863
-5.0	23.75	1.0638340763134966
-5.0	25.0	1.0681810595100933
-5.0	26.25	1.060190911527546
-5.0	27.5	1.0645333387366238
-5.0	28.75	1.0144760541929867
-5.0	30.0	0.9992945710084851
-5.0	31.25	0.9775758919324488
-5.0	32.5	0.8635320151708566
-5.0	33.75	0.7692979887322482
-5.0	35.0	0.7130783822130671
-5.0	36.25	0.7319838856688197
-5.0	37.5	0.6099472551082344
-5.0	38.75	0.3778461054230928
-5.0	40.0	0.9327598684384298
-3.75	40.0	0.9763087671066238
-3.75	38.75	0.1698013052673255
-3.75	37.5	0.6369519238709004
-3.75	36.25	0.7238075609065083
-3.75	35.0	0.7226540074883644
-3.75	33.75	0.7878031369600453
-3.75	32.5	0.8865910879072916
-3.75	31.25	0.9804986096315786
-3.75	30.0	0.9908174383530509
-3.75	28.75	1.0190788703648455
-3.75	27.5	1.0712728575131885
-3.75	26.25	1.0597387341100775
-3.75	25.0	1.0774330035054125
-3.75	23.75	1.0717141126380243
-3.75	22.5	1.0746091089917704
-3.75	21.25	1.0565157492007364
-3.75	20.0	1.057692852025807
-3.75	18.75	1.0541134769314282
-3.75	17.5	1.0468207278295882
-3.75	16.25	1.0596905292818037
-3.75	15.0	1.0444831480917114
-3.75	13.75	1.039452137984298
-3.75	12.5	1.0369410863904547
-3.75	11.25	1.0254125712674609
-3.75	10.0	1.031934141190741
-3.75	8.75	1.035623827422568
-3.75	7.5	1.0260700639670666
-3.75	6.25	1.0091645718327362
-3.75	5.0	1.0021782125699685
-3.75	3.75	1.008513668553127
-3.75	2.5	1.0216720867640448
-3.75	1.25	1.0302037143570346
-3.75	-0.0	1.0392457626177665
-3.75	-1.25	1.0485403459613263
-3.75	-2.5	1.0495818392062968
-3.75	-3.75	1.0514442189151796
-3.75	-5.0	1.0633081464665888
-3.75	-6.25	1.0510498779255386
-3.75	-7.5	1.0456926458153293
-3.75	-8.75	1.037918370604786
-3.75	-10.0	1.0401597139431669
-3.75	-11.25	1.041345374907131
-3.75	-12.5	1.0260477589456776
-3.75	-13.75	1.0233573382327716
-3.75	-15.0	1.0235634103034283
-3.75	-16.25	1.0209252812252991
-3.75	-17.5	0.9942264220051161
-3.75	-18.75	1.0077397171542453
-3.75	-20.0	0.9938431468871651
-3.75	-21.25	0.9906344072822677
-3.75	-22.5	0.9899105022928042
-3.75	-23.75	0.9925336629425481
-3.75	-25.0	1.0159815435081883
-3.75	-26.25	1.0247630893913313
-3.75	-27.5	1.0457651198061444
-3.75	-28.75	1.086579196315189
-3.75	-30.0	1.0852228317387256
-3.75	-31.25	1.0800108546317597
-3.75	-32.5	1.0123787860464195
-3.75	-33.75	0.9004945195420325
-3.75	-35.0	0.7760319462687466
-3.75	-36.25	0.7195353057739211
-3.75	-37.5	0.8033213421277035
-3.75	-38.75	0.89008822189014
-3.75	-40.0	0.8278761728685876
-2.5	-40.0	0.7828633700410539
-2.5	-38.75	0.8873428846232488
-2.5	-37.5	0.7988072702146494
-2.5	-36.25	0.7102387672404186
-2.5	-35.0	0.78132445336934
-2.5	-33.75	0.9217854376461332
-2.5	-32.5	1.0262675053104582
-2.5	-31.25	1.0714465047504662
-2.5	-30.0	1.079160641934601
-2.5	-28.75	1.0837062875799293
-2.5	-27.5	1.0537478084908412
-2.5	-26.25	1.0280724994999282
-2.5	-25.0	1.0085952610903277
-2.5	-23.75	0.9910248734264865
-2.5	-22.5	0.9893613073076385
-2.5	-21.25	0.9751810214825183
-2.5	-20.0	0.9819422196655455
-2.5	-18.75	0.9917185132563926
-2.5	-17.5	1.0085897406904836
-2.5	-16.25	1.0086138900201624
-2.5	-15.0	1.0168530063140644
-2.5	-13.75	1.0216526245484243
-2.5	-12.5	1.027528544946586
-2.5	-11.25	1.0339404225251088
-2.5	-10.0	1.0353479569784856
-2.5	-8.75	1.0399293157513643
-2.5	-7.5	1.0434910340306804
-2.5	-6.25	1.0637707260610683
-2.5	-5.0	1.0585701457654348
-2.5	-3.75	1.056367767024627
-2.5	-2.5	1.071474132257818
-2.5	-1.25	1.0468410076269985
-2.5	0.0	1.0333082769114554
-2.5	1.25	1.0128114384854396
-2.5	2.5	1.0142185886136366
-2.5	3.75	0.997992390988394
-2.5	5.0	1.0132225428895885
-2.5	6.25	1.0123859859143896
-2.5	7.5	1.0218529871374584
-2.5	8.75	1.031689089169108
-2.5	10.0	1.0249484164579434
-2.5	11.25	1.0222456320336542
-2.5	12.5	1.0348531095424327
-2.5	13.75	1.0345289715070394
-2.5	15.0	1.0563871128631914
-2.5	16.25	1.0432911547130723
-2.5	17.5	1.0518613514525268
-2.5	18.75	1.0546236445939619
-2.5	20.0	1.0563752184215498
-2.5	21.25	1.063522775978382
-2.5	22.5	1.0677622915215865
-2.5	23.75	1.0688989373669822
-2.5	25.0	1.065618763680647
-2.5	26.25	1.0667762830472236
-2.5	27.5	1.0780552817470415
-2.5	28.75	1.032187715364882
-2.5	30.0	0.984639034834904
-2.5	31.25	0.969310724232555
-2.5	32.5	0.8986322060490832
-2.5	33.75	0.7975658784463796
-2.5	35.0	0.7317219544154014
-2.5	36.25	0.730104119418224
-2.5	37.5	0.6594719170549707
-2.5	38.75	0.23035695291357738
-2.5	40.0	0.9545733665248147
-1.25	40.0	0.917226162997575
-1.25	38.75	0.22201269888131453
-1.25	37.5	0.6648872441343932
-1.25	36.25	0.7244693585060632
-1.25	35.0	0.7291168057913087
-1.25	33.75	0.804171280321936
-1.25	32.5	0.9022776849491582
-1.25	31.25	0.9661445859823213
-1.25	30.0	0.9969920051891829
-1.25	28.75	1.0260996778838476
-1.25	27.5	1.0726817502634691
-1.25	26.25	1.056125933495923
-1.25	25.0	1.0594088195672864
-1.25	23.75	1.0591647115092822
-1.25	22.5	1.0839692269226873
-1.25	21.25	1.064717596008396
-1.25	20.0	1.0601589151842425
-1.25	18.75	1.0620817351514324
-1.25	17.5	1.0418353263471467
-1.25	16.25	1.0533823611483104
-1.25	15.0	1.0456214424819845
-1.25	13.75	1.0327203886131748
-1.25	12.5	1.0350876638692748
-1.25	11.25	1.0241662548412125
-1.25	10.0	1.0316612312041207
-1.25	8.75	1.0340232206272995
-1.25	7.5	1.011842657775727
-1.25	6.25	0.9959083304377353
-1.25	5.0	0.9913014418941363
-1.25	3.75	1.0022890471760988
-1.25	2.5	0.9942609355541503
-1.25	1.25	1.025690671472233
-1.25	-0.0	1.0447994294872835
-1.25	-1.25	1.061408354105351
-1.25	-2.5	1.0635823770575186
-1.25	-3.75	1.0678976980035901
-1.25	-5.0	1.0671294160469345
-1.25	-6.25	1.0623668310677354
-1.25	-7.5	1.0487031353070009
-1.25	-8.75	1.0520782456031585
-1.25	-10.0	1.04268161677519
-1.25	-11.25	1.0292181652718788
-1.25	-12.5	1.0178222299525268
-1.25	-13.75	1.0311718635101268
-1.25	-15.0	1.027953612694958
-1.25	-16.25	1.0107161607444168
-1.25	-17.5	1.0026363047715434
-1.25	-18.75	0.9927098764328943
-1.25	-20.0	0.9956888914919431
-1.25	-21.25	0.9911513736875383
-1.25	-22.5	0.9830255633196192
-1.25	-23.75	0.984089654345691
-1.25	-25.0	1.013042549266325
-1.25	-26.25	1.0149549967328553
-1.25	-27.5	1.037531595423766
-1.25	-28.75	1.0802257442744723
-1.25	-30.0	1.0891635233545436
-1.25	-31.25	1.090331319016835
-1.25	-32.5	1.0337536714505577
-1.25	-33.75	0.9271193097715996
-1.25	-35.0	0.7827241959194926
-1.25	-36.25	0.6961499927962677
-1.25	-37.5	0.8162080348098166
-1.25	-38.75	0.8572493847817384
-1.25	-40.0	0.7559626126793186
0.0	-40.0	0.8157609861746592
0.0	-38.75	0.9366833584847628
0.0	-37.5	0.8129811315149409
0.0	-36.25	0.7018211923086146
0.0	-35.0	0.7992530337999839
0.0	-33.75	0.9269436281655862
0.0	-32.5	1.044342217461261
0.0	-31.25	1.0793071486782215
0.0	-30.0	1.0843680794840498
0.0	-28.75	1.0779385896894522
0.0	-27.5	1.038552105556953
0.0	-26.25	1.0262058816955157
0.0	-25.0	1.0093043748783337
0.0	-23.75	1.001449941567591
0.0	-22.5	0.9863964091583167
0.0	-21.25	0.9853743079406712
0.0	-20.0	0.9984980999299825
0.0	-18.75	1.0051490472890428
0.0	-17.5	1.0013835526775794
0.0	-16.25	1.0125139807409773
0.0	-15.0	1.032179606422478
0.0	-13.75	1.0337811398157783
0.0	-12.5	1.0290703761261875
0.0	-11.25	1.033984259761101
0.0	-10.0	1.0486796754321255
0.0	-8.75	1.0409143689351794
0.0	-7.5	1.048797396177243
0.0	-6.25	1.0625811177104472
0.0	-5.0	1.0701634161814462
0.0	-3.75	1.0688094024317196
0.0	-2.5	1.06303487291035
0.0	-1.25	1.0511676652547424
0.0	0.0	1.042380051119988
0.0	1.25	1.0204601066189176
0.0	2.5	1.0037439136544095
0.0	3.75	1.0002438183342326
0.0	5.0	1.0039298163512775
0.0	6.25	1.0139694086747637
0.0	7.5	1.0144220783048112
0.0	8.75	1.0253802304197777
0.0	10.0	1.0385201682416911
0.0	11.25	1.0213994437821965
0.0	12.5	1.027832281797047
0.0	13.75	1.0478916858354208
0.0	15.0	1.040756294470894
0.0	16.25	1.0375504164659204
0.0	17.5	1.0530581179721106
0.0	18.75	1.0641788150128761
0.0	20.0	1.0649423643942677
0.0	21.25	1.0673168777915836
0.0	22.5	1.0759324160772064
0.0	23.75	1.0812344238188023
0.0	25.0	1.0622289827811595
0.0	26.25	1.0509233831438982
0.0	27.5	1.076650545705949
0.0	28.75	1.0388655245624427
0.0	30.0	0.99646154982072
0.0	31.25	0.9799994795050859
0.0	32.5	0.9034225161763605
0.0	33.75	0.8103253178720076
0.0	35.0	0.7088830332145898
0.0	36.25	0.7263132427087171
0.0	37.5	0.6728510963015574
0.0	38.75	0.25539600530028506
0.0	40.0	0.9582925715906002
1.25	40.0	0.9303513319947487
1.25	38.75	0.20885430819579706
1.25	37.5	0.6671617553624442
1.25	36.25	0.7271123396246987
1.25	35.0	0.7292191048443805
1.25	33.75	0.79062693212115
1.25	32.5	0.9176367214208713
1.25	31.25	0.9850649288988611
1.25	30.0	0.9931030989466716
1.25	28.75	1.0380549810960538
1.25	27.5	1.0712321848436055
1.25	26.25	1.060268915281234
1.25	25.0	1.06875650719838
1.25	23.75	1.0684650293542137
1.25	22.5	1.0738406284863307
1.25	21.25	1.0585202181761337
1.25	20.0	1.070245126672666
1.25	18.75	1.0680479670432101
1.25	17.5	1.0443495540603684
1.25	16.25	1.0491734043313328
1.25	15.0	1.0522221894130042
1.25	13.75	1.039978149866269
1.25	12.5	1.039362495561979
1.25	11.25	1.027001863854367
1.25	10.0	1.023552842949008
1.25	8.75	1.0255942369105422
1.25	7.5	1.0046318275868555
1.25	6.25	1.0029131066479466
1.25	5.0	0.9891347023567912
1.25	3.75	0.9948874703661195
1.25	2.5	0.9959151797077181
1.25	1.25	1.0121692197976981
1.25	-0.0	1.0396055381869107
1.25	-1.25	1.0513983678885253
1.25	-2.5	1.0622961880250015
1.25	-3.75	1.070348250480673
1.25	-5.0	1.0646475449811674
1.25	-6.25	1.074091489558627
1.25	-7.5	1.050382991037835
1.25	-8.75	1.0467722730063767
1.25	-10.0	1.0315301903385319
1.25	-11.25	1.0331134383406413
1.25	-12.5	1.0320325197238256
1.25	-13.75	1.0127571550524204
1.25	-15.0	1.0223134455521394
1.25	-16.25	1.013836696670695
1.25	-17.5	1.003929314779261
1.25	-18.75	1.0063940613972693
1.25	-20.0	0.9878507639074532
1.25	-21.25	0.9926451944011115
1.25	-22.5	0.9915216999449582
1.25	-23.75	0.9988566140197449
1.25	-25.0	1.007963703257778
1.25	-26.25	1.0225306828140588
1.25	-27.5	1.033864707725288
1.25	-28.75	1.0866886623232694
1.25	-30.0	1.0829955833154687
1.25	-31.25	1.0848270562586297
1.25	-32.5	1.0306177689920881
1.25	-33.75	0.9273643454759487
1.25	-35.0	0.8018054843625017
1.25	-36.25	0.7088743719044444
1.25	-37.5	0.8389565222111206
1.25	-38.75	0.8570708205513025
1.25	-40.0	0.7520044153753841
2.5	-40.0	0.8051896821430088
2.5	-38.75	0.8724251288747217
2.5	-37.5	0.8219773802542083
2.5	-36.25	0.7123690665139518
2.5	-35.0	0.7845526447159393
2.5	-33.75	0.9273558579392348
2.5	-32.5	1.02663691215217
2.5	-31.25	1.0823407128271438
2.5	-30.0	1.0863267445146532
2.5	-28.75	1.0861677829140406
2.5	-27.5	1.0397859250313701
2.5	-26.25	1.0303357944572795
2.5	-25.0	1.016050735347045
2.5	-23.75	0.9887654749543084
2.5	-22.5	0.9930996646356974
2.5	-21.25	0.990490564119415
2.5	-20.0	0.9948013227828012
2.5	-18.75	0.9991449166564377
2.5	-17.5	1.0041291642199692
2.5	-16.25	1.0127041989734797
2.5	-15.0	1.0287579267806588
2.5	-13.75	1.0236033442184311
2.5	-12.5	1.0205042067521424
2.5	-11.25	1.0337530591055206
2.5	-10.0	1.0397853190935042
2.5	-8.75	1.0390649953710833
2.5	-7.5	1.0452842772101323
2.5	-6.25	1.0587781509638932
2.5	-5.0	1.068777472625692
2.5	-3.75	1.0618652004394442
2.5	-2.5	1.0619111327748239
2.5	-1.25	1.0584432917367075
2.5	0.0	1.0410254622832857
2.5	1.25	1.0168449986478003
2.5	2.5	1.0115267559761494
2.5	3.75	0.9929896244762021
2.5	5.0	1.0017682944617534
2.5	6.25	1.0022475624039855
2.5	7.5	1.0182565156128687
2.5	8.75	1.0256617235613148
2.5	10.0	1.031172316681447
2.5	11.25	1.0309266473978531
2.5	12.5	1.029850559207064
2.5	13.75	1.0328264346643978
2.5	15.0	1.0409120927640292
2.5	16.25	1.0500039428489991
2.5	17.5	1.0472912524061118
2.5	18.75	1.0600780129024656
2.5	20.0	1.0588713055517764
2.5	21.25	1.062909891676201
2.5	22.5	1.0556664155150675
2.5	23.75	1.0686212528502228
2.5	25.0	1.0690559562700657
2.5	26.25	1.0644269989904218
2.5	27.5	1.0783801401765507
2.5	28.75	1.0233894598153246
2.5	30.0	1.0031704062213804
2.5	31.25	0.9836515860830327
2.5	32.5	0.8971656571466627
2.5	33.75	0.7869337386373896
2.5	35.0	0.7269191558942832
2.5	36.25	0.7359356932386047
2.5	37.5	0.6678499018728029
2.5	38.75	0.1886637150791119
2.5	40.0	0.8704340332371783
3.75	40.0	0.8488281092765046
3.75	38.75	0.16466285285238763
3.75	37.5	0.6387618712348911
3.75	36.25	0.7331991265820272
3.75	35.0	0.7353309454633508
3.75	33.75	0.7954275409454372
3.75	32.5	0.8791540011066009
3.75	31.25	0.984841158622712
3.75	30.0	0.9988540746483688
3.75	28.75	1.023705141238239
3.75	27.5	1.071327629622997
3.75	26.25	1.0715344972284848
3.75	25.0	1.0609325490173263
3.75	23.75	1.0616552493528817
3.75	22.5	1.0731789443301816
3.75	21.25	1.063619703051228
3.75	20.0	1.0581904012994146
3.75	18.75	1.0599280843321464
3.75	17.5	1.058805561646509
3.75	16.25	1.0503511678822839
3.75	15.0	1.0439709694063697
3.75	13.75	1.0445313650048391
3.75	12.5	1.034800713590842
3.75	11.25	1.0309774893524266
3.75	10.0	1.037371009357522
3.75	8.75	1.0190376561782097
3.75	7.5	1.0240757137971224
3.75	6.25	1.0162591633173175
3.75	5.0	1.005484395802028
3.75	3.75	1.0063254919475233
3.75	2.5	1.0110114330904478
3.75	1.25	1.0260168334875572
3.75	-0.0	1.042557549284828
3.75	-1.25	1.0423218664866358
3.75	-2.5	1.0589710763198152
3.75	-3.75	1.050698141767719
3.75	-5.0	1.0630233014831254
3.75	-6.25	1.061129377131104
3.75	-7.5	1.0423280463954032
3.75	-8.75	1.0452204004687382
3.75	-10.0	1.0409905432481175
3.75	-11.25	1.0267484691190742
3.75	-12.5	1.0239839988447443
3.75	-13.75	1.0188493669406884
3.75	-15.0	1.0224567743376682
3.75	-16.25	1.0237286968454649
3.75	-17.5	1.0111266739664355
3.75	-18.75	0.9942275230723507
3.75	-20.0	0.9861766363794731
3.75	-21.25	0.9919690744537439
3.75	-22.5	0.9873088775997884
3.75	-23.75	1.0115251453223477
3.75	-25.0	1.0034364294987779
3.75	-26.25	1.0205780263565538
3.75	-27.5	1.0443246799176726
3.75	-28.75	1.0894392428747315
3.75	-30.0	1.0806643497012316
3.75	-31.25	1.0834136151684952
3.75	-32.5	1.0235140363339295
3.75	-33.75	0.9117008764010226
3.75	-35.0	0.7849972739660503
3.75	-36.25	0.7229073792883238
3.75	-37.5	0.8150886346990753
3.75	-38.75	0.892585035646209
3.75	-40.0	0.828520516756558
5.0	-40.0	0.7648867019452988
5.0	-38.75	0.771923704380268
5.0	-37.5	0.8006197067408373
5.0	-36.25	0.7313356427014106
5.0	-35.0	0.7789745394179504
5.0	-33.75	0.9111343007407932
5.0	-32.5	1.0101197042323347
5.0	-31.25	1.0781419019738094
5.0	-30.0	1.0776267257152579
5.0	-28.75	1.064617240099281
5.0	-27.5	1.0504743319256968
5.0	-26.25	1.0399450640400532
5.0	-25.0	1.0190143520589892
5.0	-23.75	1.009670751001495
5.0	-22.5	0.9937903386647955
5.0	-21.25	0.987995868719987
5.0	-20.0	1.006339620636802
5.0	-18.75	1.005176905714409
5.0	-17.5	1.013691168004664
5.0	-16.25	1.0233202394864314
5.0	-15.0	1.021109184026647
5.0	-13.75	1.0268562686667795
5.0	-12.5	1.030553801954865
5.0	-11.25	1.035729247952247
5.0	-10.0	1.0427632385247438
5.0	-8.75	1.048873367846987
5.0	-7.5	1.04987001809096
5.0	-6.25	1.0584397435733914
5.0	-5.0	1.0615621438626268
5.0	-3.75	1.05236023332976
5.0	-2.5	1.05636285591853
5.0	-1.25	1.0488872913935636
5.0	0.0	1.051190345522459
5.0	1.25	1.0302419282586015
5.0	2.5	1.0148124684654856
5.0	3.75	1.019850764864039
5.0	5.0	1.009858249548172
5.0	6.25	1.0153975666314643
5.0	7.5	1.0294982172582907
5.0	8.75	1.0243845155259863
5.0	10.0	1.0347862439052413
5.0	11.25	1.0232709027375393
5.0	12.5	1.026833658706236
5.0	13.75	1.0527800895202695
5.0	15.0	1.038863879068095
5.0	16.25	1.0558264986081043
5.0	17.5	1.0532889909217782
5.0	18.75	1.0675802285525346
5.0	20.0	1.0647865670046692
5.0	21.25	1.0712311075658065
5.0	22.5	1.072739070777455
5.0	23.75	1.0648273981577479
5.0	25.0	1.0715685273049813
5.0	26.25	1.066398445087273
5.0	27.5	1.0763744428529278
5.0	28.75	1.0202673485911238
5.0	30.0	1.0091929923606815
5.0	31.25	0.9724262188670338
5.0	32.5	0.8687291713183358
5.0	33.75	0.7766026623537224
5.0	35.0	0.7240407462998439
5.0	36.25	0.7299878242793783
5.0	37.5	0.607660303426642
5.0	38.75	0.20951145832871332
5.0	40.0	0.895163529277811
6.25	40.0	0.8901119907517923
6.25	38.75	1.0622551605068888
6.25	37.5	0.533014479253778
6.25	36.25	0.7320334670395903
6.25	35.0	0.7160231577941134
6.25	33.75	0.7577582566254969
6.25	32.5	0.8560776457661273
6.25	31.25	0.9681087361387367
6.25	30.0	0.9900676939257386
6.25	28.75	1.0188941900610722
6.25	27.5	1.0444653692235664
6.25	26.25	1.071085005753976
6.25	25.0	1.073286981327922
6.25	23.75	1.07380833503867
6.25	22.5	1.075865223935226
6.25	21.25	1.0664031463592953
6.25	20.0	1.0704311002165203
6.25	18.75	1.0549838209832911
6.25	17.5	1.0641237043201368
6.25	16.25	1.0508961371261352
6.25	15.0	1.0473956084104625
6.25	13.75	1.04258955324168
6.25	12.5	1.025809591938876
6.25	11.25	1.0315425537452916
6.25	10.0	1.0346153398862454
6.25	8.75	1.032334885518232
6.25	7.5	1.0416047142465146
6.25	6.25	1.0299600555093358
6.25	5.0	1.0132576218147962
6.25	3.75	1.0290444722556817
6.25	2.5	1.0198633130275305
6.25	1.25	1.0371870231851537
6.25	-0.0	1.0355927377790803
6.25	-1.25	1.0474379251956107
6.25	-2.5	1.0415621396831147
6.25	-3.75	1.0411369306915237
6.25	-5.0	1.0569247554817578
6.25	-6.25	1.0457524574899364
6.25	-7.5	1.041637180138153
6.25	-8.75	1.045179454970685
6.25	-10.0	1.0334120718706623
6.25	-11.25	1.0320045620082616
6.25	-12.5	1.0272493782921057
6.25	-13.75	1.020645047136557
6.25	-15.0	1.0283041364726921
6.25	-16.25	1.0201162711172027
6.25	-17.5	1.0092591140609108
6.25	-18.75	1.0011831392303214
6.25	-20.0	0.9990260335413674
6.25	-21.25	0.980827951196298
6.25	-22.5	1.0056926006211953
6.25	-23.75	1.0086926801386984
6.25	-25.0	1.0329938848413516
6.25	-26.25	1.0246831663295046
6.25	-27.5	1.0538708276530468
6.25	-28.75	1.0873389332771468
6.25	-30.0	1.089358045536613
6.25	-31.25	1.0735668212697675
6.25	-32.5	1.0136624036105397
6.25	-33.75	0.8888321817934816
6.25	-35.0	0.7762700007346037
6.25	-36.25	0.758109543863711
6.25	-37.5	0.8053556707466724
6.25	-38.75	0.9038508872627892
6.25	-40.0	0.851722110467574
7.5	-38.75	0.9193893324249678
7.5	-37.5	0.8025569033069725
7.5	-36.25	0.7915607857652218
7.5	-35.0	0.7584956239267153
7.5	-33.75	0.8754135101108529
7.5	-32.5	0.9862882657368108
7.5	-31.25	1.0698048205716104
7.5	-30.0	1.090975464901544
7.5	-28.75	1.075875067962132
7.5	-27.5	1.0654875768248935
7.5	-26.25	1.0219500824892738
7.5	-25.0	1.0229516772002398
7.5	-23.75	1.009952647373228
7.5	-22.5	0.994938327023975
7.5	-21.25	0.9948905717639855
7.5	-20.0	0.9997643720242435
7.5	-18.75	0.9936616241822204
7.5	-17.5	1.0111646970999124
7.5	-16.25	1.0133354003192818
7.5	-15.0	1.0255887659854381
7.5	-13.75	1.0229787293454768
7.5	-12.5	1.0273259102865895
7.5	-11.25	1.030888046289745
7.5	-10.0	1.036513014877005
7.5	-8.75	1.0401844143418417
7.5	-7.5	0.9475103975540345
7.5	-6.25	1.049592239756895
7.5	-5.0	1.0463765543805572
7.5	-3.75	1.0454862243789826
7.5	-2.5	1.0500732963516788
7.5	-1.25	1.0352487885584045
7.5	0.0	1.034974655472324
7.5	1.25	1.034433438573332
7.5	2.5	1.0242866149601177
7.5	3.75	1.0154068184898697
7.5	5.0	1.0284978487105745
7.5	6.25	1.0245022473619543
7.5	7.5	1.030665601765537
7.5	8.75	1.0239220528587212
7.5	10.0	1.0317744044318937
7.5	11.25	1.04045680470197
7.5	12.5	1.0406688989074417
7.5	13.75	1.0443928314007203
7.5	15.0	1.0421166155925399
7.5	16.25	1.0540114060398393
7.5	17.5	1.061063903188731
7.5	18.75	1.0676127836104823
7.5	20.0	1.073992093390103
7.5	21.25	1.0728514254535697
7.5	22.5	1.0735558725395888
7.5	23.75	1.06527281169395
7.5	25.0	1.0671998690418043
7.5	26.25	1.065005400473322
7.5	27.5	1.0386122554419743
7.5	28.75	1.0029232560559476
7.5	30.0	1.0023349719021053
7.5	31.25	0.9443908283041279
7.5	32.5	0.842003340765677
7.5	33.75	0.7450006638724745
7.5	35.0	0.7237553368682731
7.5	36.25	0.7171904841857006
7.5	37.5	0.48532594762574044
7.5	38.75	0.867599088635137
8.75	38.75	0.8531525300890292
8.75	37.5	0.3839781250666391
8.75	36.25	0.6992068856937453
8.75	35.0	0.7284331825361405
8.75	33.75	0.742012981172721
8.75	32.5	0.7532348266632478
8.75	31.25	0.9182077250852243
8.75	30.0	1.0073222528442765
8.75	28.75	1.0007153607978188
8.75	27.5	1.0244948971152001
8.75	26.25	1.0681502836169166
8.75	25.0	1.0586043887304637
8.75	23.75	1.0751361795575483
8.75	22.5	1.0783498273392795
8.75	21.25	1.0594842023266917
8.75	20.0	1.082078841249912
8.75	18.75	1.065344011047611
8.75	17.5	1.0431153259836674
8.75	16.25	1.0533387202249207
8.75	15.0	1.0528308471881203
8.75	13.75	1.0482861588892616
8.75	12.5	1.044964073637007
8.75	11.25	1.0445785989165977
8.75	10.0	1.0456788218826338
8.75	8.75	1.0314393570256115
8.75	7.5	1.033884081017275
8.75	6.25	1.0356915239660274
8.75	5.0	1.0374039785906826
8.75	3.75	1.037953272572126
8.75	2.5	1.0438303591230087
8.75	1.25	1.0335413155727184
8.75	-0.0	1.0378092012563729
8.75	-1.25	1.043943695744291
8.75	-2.5	1.0489012044994304
8.75	-3.75	1.046140193136592
8.75	-5.0	1.0428840226908995
8.75	-6.25	1.0419740503193762
8.75	-7.5	1.0439660986424426
8.75	-8.75	1.0581813311415627
8.75	-10.0	1.0345483133830817
8.75	-11.25	1.0371200544600263
8.75	-12.5	1.0331729029721624
8.75	-13.75	1.0228889914698331
8.75	-15.0	1.0216073547525726
8.75	-16.25	1.016327347598999
8.75	-17.5	1.0006684691548613
8.75	-18.75	1.0071354643462893
8.75	-20.0	0.9925922606928582
8.75	-21.25	1.0025183075478972
8.75	-22.5	1.0048096264105837
8.75	-23.75	1.0184385932728135
8.75	-25.0	1.0351373311015115
8.75	-26.25	1.052158407998327
8.75	-27.5	1.0635986567316984
8.75	-28.75	1.0972618379727965
8.75	-30.0	1.0880771212702922
8.75	-31.25	1.0475385567227227
8.75	-32.5	0.9555896378249058
8.75	-33.75	0.8600350489453306
8.75	-35.0	0.7588448293029515
8.75	-36.25	0.8249980125707435
8.75	-37.5	0.8280352251007917
8.75	-38.75	0.7703961114972375
10.0	-38.75	0.7856999639323566
10.0	-37.5	0.8314246712100067
10.0	-36.25	0.847120716631895
10.0	-35.0	0.7667121245955812
10.0	-33.75	0.8389942271228129
10.0	-32.5	0.9481437720157042
10.0	-31.25	1.0321251253821049
10.0	-30.0	1.0738512812937482
10.0	-28.75	1.0786682121351825
10.0	-27.5	1.0598732026070734
10.0	-26.25	1.0520356832005404
10.0	-25.0	1.033188115585181
10.0	-23.75	1.031956788189426
10.0	-22.5	1.013982589052891
10.0	-21.25	1.0117892626201415
10.0	-20.0	1.0073790721450762
10.0	-18.75	1.0006628709817933
10.0	-17.5	1.0006811600744663
10.0	-16.25	1.0081693402820016
10.0	-15.0	1.0193698146587433
10.0	-13.75	1.0287130755543568
10.0	-12.5	1.0237049436771575
10.0	-11.25	1.031534395602918
10.0	-10.0	1.03529759478516
10.0	-8.75	1.0295161991706028
10.0	-7.5	1.0295070119333982
10.0	-6.25	1.0343932570483056
10.0	-5.0	1.0276912323783294
10.0	-3.75	1.0460281099556088
10.0	-2.5	1.0426001672698333
10.0	-1.25	1.0345137759966434
10.0	0.0	1.0254718405288417
10.0	1.25	1.0374772959976375
10.0	2.5	1.0378535320878206
10.0	3.75	1.0301188696395802
10.0	5.0	1.038923910762727
10.0	6.25	1.038393731448668
10.0	7.5	1.0296411018778013
10.0	8.75	1.0387245585158145
10.0	10.0	1.0369590061936496
10.0	11.25	1.0444447237281587
10.0	12.5	1.0349939807397934
10.0	13.75	1.0513222419287223
10.0	15.0	1.0549537494494663
10.0	16.25	1.0554852648531046
10.0	17.5	1.064294328400344
10.0	18.75	1.0669493810913415
10.0	20.0	1.0738367404891203
10.0	21.25	1.069744846966467
10.0	22.5	1.0606271753820216
10.0	23.75	1.0747048963172219
10.0	25.0	1.062274620238101
10.0	26.25	1.0573436740235524
10.0	27.5	1.0190882469960807
10.0	28.75	1.0003228499946488
10.0	30.0	0.9947897351571932
10.0	31.25	0.8854699638960618
10.0	32.5	0.8029308594500949
10.0	33.75	0.742364723966588
10.0	35.0	0.7340827285539059
10.0	36.25	0.667008283954853
10.0	37.5	0.2503694876548579
10.0	38.75	0.8851041258758444
11.25	38.75	0.8842552764559043
11.25	37.5	0.14602242474123714
11.25	36.25	0.6010669989090413
11.25	35.0	0.7378000864793869
11.25	33.75	0.7210723812784657
11.25	32.5	0.7732010200314583
11.25	31.25	0.8503265179689569
11.25	30.0	0.9693371725612498
11.25	28.75	1.0116854604620047
11.25	27.5	1.0229791914610076
11.25	26.25	1.0289898230376144
11.25	25.0	1.0667733105280182
11.25	23.75	1.0642957113366922
11.25	22.5	1.0677556870508267
11.25	21.25	1.0658858379582643
11.25	20.0	1.214672791662494
11.25	18.75	1.072222690056055
11.25	17.5	1.0540808947819265
11.25	16.25	1.067420871067404
11.25	15.0	1.0618833550795213
11.25	13.75	1.0622176516900423
11.25	12.5	1.049219910174491
11.25	11.25	1.0414024153892274
11.25	10.0	1.0454287102423725
11.25	8.75	1.0427900529293754
11.25	7.5	1.039532910509269
11.25	6.25	1.029512628844951
11.25	5.0	1.0306919850209755
11.25	3.75	1.0341415379013286
11.25	2.5	1.0401983104074544
11.25	1.25	1.0321583465400987
11.25	-0.0	1.033294860979565
11.25	-1.25	1.0289036650062426
11.25	-2.5	1.0251440308794872
11.25	-3.75	1.035114708612643
11.25	-5.0	1.0324046909703872
11.25	-6.25	1.0327542201048903
11.25	-7.5	1.0274195901145085
11.25	-8.75	1.0364409093031515
11.25	-10.0	1.029794056814748
11.25	-11.25	1.0294448495030535
11.25	-12.5	1.0298518751426993
11.25	-13.75	1.0303015344067428
11.25	-15.0	1.0177989520692268
11.25	-16.25	1.0108596311335958
11.25	-17.5	1.009146240261139
11.25	-18.75	1.003508328357603
11.25	-20.0	1.006283589598555
11.25	-21.25	1.0053047165112456
11.25	-22.5	1.02651207810851
11.25	-23.75	1.0354326728447913
11.25	-25.0	1.0498138706493125
11.25	-26.25	1.061112452590686
11.25	-27.5	1.0732949130154785
11.25	-28.75	1.0860636847274419
11.25	-30.0	1.075451465350552
11.25	-31.25	1.014804605669017
11.25	-32.5	0.9302342760502813
11.25	-33.75	0.8145613719874705
11.25	-35.0	0.784850947110815
11.25	-36.25	0.8563079299252054
11.25	-37.5	0.8097278883763489
11.25	-38.75	0.9029749894042308
12.5	-37.5	0.7786612475725967
12.5	-36.25	0.7940818484510268
12.5	-35.0	0.8199393747069783
12.5	-33.75	0.7962128826200918
12.5	-32.5	0.9049379518445727
12.5	-31.25	0.9911774339404189
12.5	-30.0	1.0540109901433574
12.5	-28.75	1.0812920465427276
12.5	-27.5	1.074872272941745
12.5	-26.25	1.062828658837768
12.5	-25.0	1.0407163522442329
12.5	-23.75	1.0405252669126974
12.5	-22.5	1.0188192685582675
12.5	-21.25	1.0213476330813518
12.5	-20.0	1.0028225014732117
12.5	-18.75	1.002997087091775
12.5	-17.5	1.0069296376388381
12.5	-16.25	1.0117526506783199
12.5	-15.0	1.0250802670785455
12.5	-13.75	1.0253731930075491
12.5	-12.5	1.0152095562439614
12.5	-11.25	1.0252247181955008
12.5	-10.0	1.0257618086655242
12.5	-8.75	1.0424164663461528
12.5	-7.5	1.0359813251083017
12.5	-6.25	1.0264063142846798
12.5	-5.0	1.0267101422736458
12.5	-3.75	1.0326653121953229
12.5	-2.5	1.0419312879248601
12.5	-1.25	1.0315720376057993
12.5	0.0	1.028197954362981
12.5	1.25	1.024857117120362
12.5	2.5	1.0383321323218584
12.5	3.75	1.0421685692447484
12.5	5.0	1.0295733014641115
12.5	6.25	1.031907951517071
12.5	7.5	1.0398925870939424
12.5	8.75	1.04404567077311
12.5	10.0	1.0272450529898922
12.5	11.25	1.0497412528409817
12.5	12.5	1.0448080040297205
12.5	13.75	1.046715883070291
12.5	15.0	1.0588365592051974
12.5	16.25	1.0657887151744871
12.5	17.5	1.0652144254491636
12.5	18.75	1.078754337785148
12.5	20.0	1.068313889377142
12.5	21.25	1.074749931328598
12.5	22.5	1.074282585848851
12.5	23.75	1.0611810943281226
12.5	25.0	1.0681131207748524
12.5	26.25	1.0182780488353678
12.5	27.5	1.0088340136246843
12.5	28.75	1.0186181623763864
12.5	30.0	0.9161737944605416
12.5	31.25	0.8346783486892089
12.5	32.5	0.7539778370519398
12.5	33.75	0.7211922773951951
12.5	35.0	0.7140705888966725
12.5	36.25	0.45825339317932773
12.5	37.5	0.8520225103025673
13.75	37.5	0.9150321078277217
13.75	36.25	0.263759072871699
13.75	35.0	0.684928123209258
13.75	33.75	0.7350269192157882
13.75	32.5	0.7271116537478985
13.75	31.25	0.8039140991381991
13.75	30.0	0.8843011299215443
13.75	28.75	0.9957825092400696
13.75	27.5	1.008206465375727
13.75	26.25	1.0151820717157949
13.75	25.0	1.0267968905600802
13.75	23.75	1.05972649879548
13.75	22.5	1.050989912128962
13.75	21.25	1.066349661938584
13.75	20.0	1.068060457032119
13.75	18.75	1.0724952241803625
13.75	17.5	1.0661831457581183
13.75	16.25	1.0536170390784145
13.75	15.0	1.0579559412558721
13.75	13.75	1.0532085128626623
13.75	12.5	1.0433998468679255
13.75	11.25	1.0458911484613411
13.75	10.0	1.041773855070487
13.75	8.75	1.0430250653852382
13.75	7.5	1.026119902737164
13.75	6.25	1.0347215301518229
13.75	5.0	1.033982697829844
13.75	3.75	1.0334822930914784
13.75	2.5	1.0306428018907345
13.75	1.25	1.0289099636056427
13.75	-0.0	1.0320077164431058
13.75	-1.25	1.0422618036606062
13.75	-2.5	1.0397906553570113
13.75	-3.75	1.0263396040535395
13.75	-5.0	1.0308013002157197
13.75	-6.25	1.041389198086066
13.75	-7.5	1.0300843453830058
13.75	-8.75	1.0286153456995943
13.75	-10.0	1.0188233886135054
13.75	-11.25	1.0173830832946698
13.75	-12.5	1.0257656062590117
13.75	-13.75	1.0190192053779836
13.75	-15.0	1.0169475087014235
13.75	-16.25	1.010712539192745
13.75	-17.5	1.0178137361084711
13.75	-18.75	1.008983175855188
13.75	-20.0	1.011246175310154
13.75	-21.25	1.0068459837830852
13.75	-22.5	1.0274005868277576
13.75	-23.75	1.0413751204971058
13.75	-25.0	1.0645587805487637
13.75	-26.25	1.078290090818764
13.75	-27.5	1.0830083924804381
13.75	-28.75	1.0698475123199902
13.75	-30.0	1.0261457750519483
13.75	-31.25	0.9706523802934781
13.75	-32.5	0.8774437059467712
13.75	-33.75	0.8089288172793048
13.75	-35.0	0.8811787053460431
13.75	-36.25	0.7607833779264619
13.75	-37.5	0.7855958406872701
15.0	-37.5	0.8671915347425605
15.0	-36.25	0.750029695300544
15.0	-35.0	0.8484422405598191
15.0	-33.75	0.8334783904071501
15.0	-32.5	0.8488055017198165
15.0	-31.25	0.926607599596962
15.0	-30.0	1.0026237032842655
15.0	-28.75	1.0504858771952714
15.0	-27.5	1.081773551561542
15.0	-26.25	1.0813102143290196
15.0	-25.0	1.0625251073354085
15.0	-23.75	1.0601063247304114
15.0	-22.5	1.0374544764051514
15.0	-21.25	1.0243053920728404
15.0	-20.0	1.0252361894951998
15.0	-18.75	1.0182988752942952
15.0	-17.5	1.021475362144419
15.0	-16.25	1.0020105117990672
15.0	-15.0	1.0078033691869948
15.0	-13.75	1.019563826583813
15.0	-12.5	1.0089780172404046
15.0	-11.25	1.0161702617140274
15.0	-10.0	1.0252132587941214
15.0	-8.75	1.0289117769142242
15.0	-7.5	1.0363910844966289
15.0	-6.25	1.0286160184168325
15.0	-5.0	1.0338520569884904
15.0	-3.75	1.0391326977239792
15.0	-2.5	1.0354557168753593
15.0	-1.25	1.0335964906728214
15.0	0.0	1.0384536879591872
15.0	1.25	1.0438323800254676
15.0	2.5	1.0390867001438806
15.0	3.75	1.0439875161259768
15.0	5.0	1.0421675472825493
15.0	6.25	1.0440850251015261
15.0	7.5	1.0458340980797725
15.0	8.75	1.047714184447546
15.0	10.0	1.0538662456971148
15.0	11.25	1.0477456816034665
15.0	12.5	1.0534392781257276
15.0	13.75	1.0517491234966336
15.0	15.0	1.0604215968748716
15.0	16.25	1.0684031688807893
15.0	17.5	1.066250495825063
15.0	18.75	1.0666717565415833
15.0	20.0	1.066139800804804
15.0	21.25	1.0634570236900744
15.0	22.5	1.0582913181410087
15.0	23.75	1.0562909983592
15.0	25.0	0.5168052773608346
15.0	26.25	1.0106873469500195
15.0	27.5	1.0040675821327731
15.0	28.75	0.9278489116053218
15.0	30.0	0.8648680567588721
15.0	31.25	0.7629283749278579
15.0	32.5	0.7292696882282025
15.0	33.75	0.7195281627429115
15.0	35.0	0.5789727967664635
15.0	36.25	0.408672714344304
15.0	37.5	0.8486487893048499
16.25	36.25	0.8082893657126559
16.25	35.0	0.3894035686633883
16.25	33.75	0.6940918990114793
16.25	32.5	0.736451540308738
16.25	31.25	0.7429756079032163
16.25	30.0	0.8200674361921123
16.25	28.75	0.9019080952408706
16.25	27.5	0.9805091157748037
16.25	26.25	1.002995928723708
16.25	25.0	1.0199961114869418
16.25	23.75	1.0412130093997451
16.25	22.5	1.0611694556120645
16.25	21.25	1.0617336367047483
16.25	20.0	1.069457961388919
16.25	18.75	1.0661667251903555
16.25	17.5	1.0637563854572152
16.25	16.25	1.0772860535858548
16.25	15.0	1.0629855910436157
16.25	13.75	1.066623508551451
16.25	12.5	1.0559896503029111
16.25	11.25	1.0544714193831872
16.25	10.0	1.0435383154997886
16.25	8.75	1.0427966663741166
16.25	7.5	1.0403892366616985
16.25	6.25	1.0427914721006424
16.25	5.0	1.0385381340201247
16.25	3.75	1.0377229313296086
16.25	2.5	1.0298940325510668
16.25	1.25	1.04659681334031
16.25	-0.0	1.0349959808511477
16.25	-1.25	1.0220645145869913
16.25	-2.5	1.0357053646459229
16.25	-3.75	1.0243983830320678
16.25	-5.0	1.0338761447679499
16.25	-6.25	1.0297082752342428
16.25	-7.5	1.0334856257229725
16.25	-8.75	1.0228488181847155
16.25	-10.0	1.0184546721487366
16.25	-11.25	1.0278985283343507
16.25	-12.5	1.0134157322360307
16.25	-13.75	1.0173543464181662
16.25	-15.0	1.0154173648808587
16.25	-16.25	1.014640517377394
16.25	-17.5	1.0217214617018806
16.25	-18.75	1.0168250605409472
16.25	-20.0	1.0323504084238255
16.25	-21.25	1.0387539592399166
16.25	-22.5	1.0544765450595457
16.25	-23.75	1.0689467262680459
16.25	-25.0	1.0739021742863957
16.25	-26.25	1.076421823539519
16.25	-27.5	1.0832538926239297
16.25	-28.75	1.0356252541780389
16.25	-30.0	0.9778518743381187
16.25	-31.25	0.9011524623486225
16.25	-32.5	0.8365441501241869
16.25	-33.75	0.8851556567286009
16.25	-35.0	0.7679501086217986
16.25	-36.25	0.8618846593311627
17.5	-36.25	0.7914452833641108
17.5	-35.0	0.7473551515397973
17.5	-33.75	0.8918396041447175
17.5	-32.5	0.8532187933984284
17.5	-31.25	0.883498148993523
17.5	-30.0	0.9361203443403574
17.5	-28.75	1.0048207646888643
17.5	-27.5	1.0526148484704878
17.5	-26.25	1.0747455336464982
17.5	-25.0	1.0742277208063835
17.5	-23.75	1.0616850231614934
17.5	-22.5	1.061091888739843
17.5	-21.25	1.050130474090662
17.5	-20.0	1.0420406772524544
17.5	-18.75	1.0332774045871962
17.5	-17.5	1.023236267051182
17.5	-16.25	1.0160577812666711
17.5	-15.0	1.018599194049497
17.5	-13.75	1.0167917505817667
17.5	-12.5	1.0098881845557697
17.5	-11.25	1.0151957371490161
17.5	-10.0	1.0278479489125718
17.5	-8.75	1.0264510747051292
17.5	-7.5	1.017210975152379
17.5	-6.25	1.024909819429832
17.5	-5.0	1.0314872239842714
17.5	-3.75	1.0268507698132687
17.5	-2.5	1.0290687174427053
17.5	-1.25	1.0320091755176781
17.5	0.0	1.038123336126502
17.5	1.25	1.042088374851362
17.5	2.5	1.0374218809396896
17.5	3.75	1.0393051638166027
17.5	5.0	1.0405192117239301
17.5	6.25	1.0467129077603228
17.5	7.5	1.033585415444005
17.5	8.75	1.038441203439978
17.5	10.0	1.0426708793277988
17.5	11.25	1.0471696088227003
17.5	12.5	1.0465079262842005
17.5	13.75	1.0607235685922691
17.5	15.0	1.0724026088049772
17.5	16.25	1.0571685093078569
17.5	17.5	1.074599115109577
17.5	18.75	1.060400990604505
17.5	20.0	1.0487445632320058
17.5	21.25	1.0662637658976033
17.5	22.5	1.0495642140029942
17.5	23.75	1.0212758213928104
17.5	25.0	1.0094143244351401
17.5	26.25	0.9936525617578458
17.5	27.5	0.9292569847420984
17.5	28.75	0.8438764168163821
17.5	30.0	0.7721945837525208
17.5	31.25	0.7107242621026425
17.5	32.5	0.7271262990050205
17.5	33.75	0.6049624068835479
17.5	35.0	0.2556316070665647
17.5	36.25	0.8975292851711056
18.75	35.0	0.8948560431891693
18.75	33.75	0.40283945860125303
18.75	32.5	0.6840380596147974
18.75	31.25	0.7450194926345193
18.75	30.0	0.7416449630438736
18.75	28.75	0.8083722241974807
18.75	27.5	0.867104452640831
18.75	26.25	0.9597490622914596
18.75	25.0	0.9995297970058161
18.75	23.75	1.011013783183949
18.75	22.5	1.023604487094737
18.75	21.25	1.0529479065409844
18.75	20.0	1.0564702473846574
18.75	18.75	1.0623203122563543
18.75	17.5	1.0728629261610272
18.75	16.25	1.0612516933136031
18.75	15.0	1.0654387023562668
18.75	13.75	1.0561203962665853
18.75	12.5	1.0650067762133564
18.75	11.25	1.0508265683623876
18.75	10.0	1.0364597405185905
18.75	8.75	1.0431197288444727
18.75	7.5	1.0506448423797783
18.75	6.25	1.0381162084598414
18.75	5.0	1.0295343321211472
18.75	3.75	1.0346890155356487
18.75	2.5	1.0448874936155794
18.75	1.25	1.0567635100919137
18.75	-0.0	1.0446128276141973
18.75	-1.25	1.0380855333520156
18.75	-2.5	1.0391734959324863
18.75	-3.75	1.0264385986100413
18.75	-5.0	1.0375685537007209
18.75	-6.25	1.0353790850127793
18.75	-7.5	1.027574914173011
18.75	-8.75	1.0288470067637796
18.75	-10.0	1.026606794384664
18.75	-11.25	1.0245794928557554
18.75	-12.5	1.0190345846277398
18.75	-13.75	1.0167872033502008
18.75	-15.0	1.0226120379542867
18.75	-16.25	1.0154906168647666
18.75	-17.5	1.041519888148616
18.75	-18.75	1.0393916172385098
18.75	-20.0	1.045055122439145
18.75	-21.25	1.0504691435947056
18.75	-22.5	1.0737459025163292
18.75	-23.75	1.0772042038780278
18.75	-25.0	1.0832348072548228
18.75	-26.25	1.0553205317757695
18.75	-27.5	1.0143198992701883
18.75	-28.75	0.988125257972667
18.75	-30.0	0.9259081186435505
18.75	-31.25	0.8743681748877313
18.75	-32.5	0.9093998073683114
18.75	-33.75	0.8310187100757366
18.75	-35.0	0.8217077908396251
20.0	-35.0	0.8838406431166606
20.0	-33.75	0.7693201227292624
20.0	-32.5	0.9003334642584367
20.0	-31.25	0.8932812182217807
20.0	-30.0	0.9120697856141092
20.0	-28.75	0.9667965704788942
20.0	-27.5	0.9988065294662392
20.0	-26.25	1.0337503013551272
20.0	-25.0	1.069849975605754
20.0	-23.75	1.0862827940831554
20.0	-22.5	1.0622398449620043
20.0	-21.25	1.0694869341157993
20.0	-20.0	1.0597931929584736
20.0	-18.75	1.0467901228839123
20.0	-17.5	1.0375770925285568
20.0	-16.25	1.0330995317019462
20.0	-15.0	1.0367830430941214
20.0	-13.75	1.0233753004052417
20.0	-12.5	1.0259147327083624
20.0	-11.25	1.0300087381920486
20.0	-10.0	1.0104876254601005
20.0	-8.75	1.0198797342165944
20.0	-7.5	1.0246302126765734
20.0	-6.25	1.0427690761015669
20.0	-5.0	1.0165202450899753
20.0	-3.75	1.0340908741056245
20.0	-2.5	1.0393328227336103
20.0	-1.25	1.0414046387295315
20.0	0.0	1.0364339848690851
20.0	1.25	1.0280458484705963
20.0	2.5	1.0391713452926763
20.0	3.75	1.047568486572885
20.0	5.0	1.0451647824740622
20.0	6.25	1.0479055431483748
20.0	7.5	1.042888508560247
20.0	8.75	1.0479052047204085
20.0	10.0	1.041192930761595
20.0	11.25	1.0568692688540249
20.0	12.5	1.0448035335730623
20.0	13.75	1.0539970829673848
20.0	15.0	1.0599375986747348
20.0	16.25	1.0604510157084237
20.0	17.5	1.0562635573194628
20.0	18.75	1.0532166323037486
20.0	20.0	1.053916365763327
20.0	21.25	1.0368612919475622
20.0	22.5	1.0168089082175613
20.0	23.75	1.0005472553327215
20.0	25.0	0.9670748874561013
20.0	26.25	0.9023385230553764
20.0	27.5	0.8366086711025371
20.0	28.75	0.7496024976971487
20.0	30.0	0.7216276910723854
20.0	31.25	0.7251813060040992
20.0	32.5	0.5787752947371146
20.0	33.75	0.2347558212233726
20.0	35.0	0.958920646465923
21.25	33.75	1.0616986831671908
21.25	32.5	0.41097966892830673
21.25	31.25	0.6622954996861328
21.25	30.0	0.7297970621217402
21.25	28.75	0.7152682597533085
21.25	27.5	0.774521683584351
21.25	26.25	0.8590771369713597
21.25	25.0	0.9116191635904511
21.25	23.75	0.9768127375476532
21.25	22.5	0.9971528145644301
21.25	21.25	1.0182287737897557
21.25	20.0	1.0375888015387147
21.25	18.75	1.058842560181582
21.25	17.5	1.0534445734376607
21.25	16.25	1.0401822439287292
21.25	15.0	1.0663871139355947
21.25	13.75	1.0564326759253764
21.25	12.5	1.0499071531522812
21.25	11.25	1.046617243892567
21.25	10.0	1.052750855581561
21.25	8.75	1.0565374207846863
21.25	7.5	1.0406493625501603
21.25	6.25	1.047752971590384
21.25	5.0	1.042592286042225
21.25	3.75	1.0449867468611689
21.25	2.5	1.032594360323294
21.25	1.25	1.0452329361468458
21.25	-0.0	1.044026015849941
21.25	-1.25	1.0425362981867365
21.25	-2.5	1.0354920715279436
21.25	-3.75	1.0308940743740567
21.25	-5.0	1.0346432757048458
21.25	-6.25	1.0265736466809823
21.25	-7.5	1.0285618180492335
21.25	-8.75	1.041704213967472
21.25	-10.0	1.032405718438188
21.25	-11.25	1.0334947988043008
21.25	-12.5	1.0378281900366435
21.25	-13.75	1.031680199499585
21.25	-15.0	1.0297607585617226
21.25	-16.25	1.0384574461742722
21.25	-17.5	1.0337735170047928
21.25	-18.75	1.0514017577953858
21.25	-20.0	1.0617200052730256
21.25	-21.25	1.087787905152676
21.25	-22.5	1.0770282954925985
21.25	-23.75	1.0521696072022837
21.25	-25.0	1.038484965444343
21.25	-26.25	1.0121513827302495
21.25	-27.5	0.9765805336538119
21.25	-28.75	0.9539428294504158
21.25	-30.0	0.8973705935920413
21.25	-31.25	0.9421041327208589
21.25	-32.5	0.7814276177642318
21.25	-33.75	0.9775791927865954
22.5	-32.5	0.9164479713354111
22.5	-31.25	0.8977136163108527
22.5	-30.0	0.9569204548160664
22.5	-28.75	0.9413836482093937
22.5	-27.5	0.9709095283583278
22.5	-26.25	0.9914119572746638
22.5	-25.0	1.0120999859140714
22.5	-23.75	1.0458937385179965
22.5	-22.5	1.0670243691116998
22.5	-21.25	1.0688777444213486
22.5	-20.0	1.074462568399755
22.5	-18.75	1.0665401187636598
22.5	-17.5	1.0636157527973482
22.5	-16.25	1.0406915137408288
22.5	-15.0	1.0431921219536715
22.5	-13.75	1.0437550239025022
22.5	-12.5	1.0531089585365216
22.5	-11.25	1.0505501988980992
22.5	-10.0	1.0309990862961131
22.5	-8.75	1.0296206159893788
22.5	-7.5	1.0352525751331045
22.5	-6.25	1.0324911396938716
22.5	-5.0	1.0281251756326897
22.5	-3.75	1.025334770546866
22.5	-2.5	1.0366803346927378
22.5	-1.25	1.0444486334362724
22.5	0.0	1.0488706807128398
22.5	1.25	1.0427967875362525
22.5	2.5	1.0393324140775173
22.5	3.75	1.0394878410020352
22.5	5.0	1.043646652845399
22.5	6.25	1.0560987518497966
22.5	7.5	1.0371150574373482
22.5	8.75	1.0377787553285451
22.5	10.0	1.0370108533931435
22.5	11.25	1.0367239864476756
22.5	12.5	1.0565719798748674
22.5	13.75	1.0557376858823448
22.5	15.0	1.0531801446138713
22.5	16.25	1.0469394740003113
22.5	17.5	1.0552003956921843
22.5	18.75	1.039240602510368
22.5	20.0	1.0216610534381865
22.5	21.25	1.0071505176292033
22.5	22.5	0.9665375921721711
22.5	23.75	0.9154232862826931
22.5	25.0	0.8712265869472492
22.5	26.25	0.7994459634465709
22.5	27.5	0.7333484578220836
22.5	28.75	0.7308234386666713
22.5	30.0	0.6932861200755464
22.5	31.25	0.4928491785705902
22.5	32.5	1.0008615948107094
23.75	32.5	0.8693605601923635
23.75	31.25	0.44699725263517237
23.75	30.0	0.5754657474390285
23.75	28.75	0.6951270938761394
23.75	27.5	0.7334035964212154
23.75	26.25	0.7380588177012387
23.75	25.0	0.8160239411500417
23.75	23.75	0.8634182755261411
23.75	22.5	0.9206829750793791
23.75	21.25	0.9807706661350392
23.75	20.0	0.9892324790386693
23.75	18.75	1.0314293402425887
23.75	17.5	1.0375431337874312
23.75	16.25	1.0452563932168983
23.75	15.0	1.0527086496182787
23.75	13.75	1.054251184142636
23.75	12.5	1.0466305843022943
23.75	11.25	1.0591474079381409
23.75	10.0	1.0353992537917456
23.75	8.75	1.0359236942852417
23.75	7.5	1.0202886744999824
23.75	6.25	1.01071696424328
23.75	5.0	1.036565799365992
23.75	3.75	1.0344560334768347
23.75	2.5	1.038897599349059
23.75	1.25	1.0359069058767003
23.75	-0.0	1.0386272934458876
23.75	-1.25	1.0356838343602646
23.75	-2.5	1.04105306858427
23.75	-3.75	1.0370439558113904
23.75	-5.0	1.0402391627545433
23.75	-6.25	1.0461988981628618
23.75	-7.5	1.0687815245661159
23.75	-8.75	1.0766933949127881
23.75	-10.0	1.0684096549193773
23.75	-11.25	1.0558862822318331
23.75	-12.5	1.0573662360810472
23.75	-13.75	1.0565283532288972
23.75	-15.0	1.0539594589927956
23.75	-16.25	0.952354772787309
23.75	-17.5	1.0718348061895953
23.75	-18.75	1.0782265029311247
23.75	-20.0	1.0809940708521497
23.75	-21.25	1.0579483364719606
23.75	-22.5	1.0426134065492216
23.75	-23.75	1.0214302669094748
23.75	-25.0	1.0081315859668374
23.75	-26.25	0.9817688201632457
23.75	-27.5	0.9609357763217068
23.75	-28.75	0.959637770905928
23.75	-30.0	0.947421521516645
23.75	-31.25	0.7772225975065732
23.75	-32.5	0.9066310375479109
25.0	-31.25	0.9182631868518089
25.0	-30.0	0.8313839987818974
25.0	-28.75	0.9753049498491839
25.0	-27.5	0.9778633474400859
25.0	-26.25	0.9818640168555479
25.0	-25.0	1.0173378129069621
25.0	-23.75	1.0217828126595572
25.0	-22.5	1.0243428471138096
25.0	-21.25	1.0459285111015566
25.0	-20.0	1.0726737640536266
25.0	-18.75	1.0802052850350063
25.0	-17.5	1.0874724778598768
25.0	-16.25	1.078441801664025
25.0	-15.0	1.0706649519756393
25.0	-13.75	1.0678608047184883
25.0	-12.5	1.0625506331453753
25.0	-11.25	1.0566600138042066
25.0	-10.0	1.0554498772496392
25.0	-8.75	1.0550834419981119
25.0	-7.5	1.0681730838207149
25.0	-6.25	1.0897357470033582
25.0	-5.0	1.0965645930882655
25.0	-3.75	1.1098820907451465
25.0	-2.5	1.0905382124972167
25.0	-1.25	1.095357044959627
25.0	0.0	1.0759386674296798
25.0	1.25	1.0792837480112123
25.0	2.5	1.0563610828883008
25.0	3.75	1.041319770024978
25.0	5.0	1.0432284518821038
25.0	6.25	1.0402752044114492
25.0	7.5	1.0468712599988483
25.0	8.75	1.0426302337116864
25.0	10.0	1.0423800120275732
25.0	11.25	1.045570622499553
25.0	12.5	1.0458171020412703
25.0	13.75	1.0455142891852274
25.0	15.0	1.0426788157928863
25.0	16.25	1.0345451424123109
25.0	17.5	1.022547451816208
25.0	18.75	0.9945836318403277
25.0	20.0	0.9591670362284255
25.0	21.25	0.9108438432300314
25.0	22.5	0.8792888669078636
25.0	23.75	0.8153060557292017
25.0	25.0	0.7470759910786187
25.0	26.25	0.7272257714726726
25.0	27.5	0.7032748808540532
25.0	28.75	0.6231936199722031
25.0	30.0	0.41217350209286824
25.0	31.25	0.8571561046122926
26.25	30.0	0.7797570749447895
26.25	28.75	0.40626858439472874
26.25	27.5	0.6366857552160393
26.25	26.25	0.6970491770183427
26.25	25.0	0.7287749436521878
26.25	23.75	0.753275144224651
26.25	22.5	0.8077446661694292
26.25	21.25	0.878535492965328
26.25	20.0	0.9219020439569133
26.25	18.75	0.9527463940806146
26.25	17.5	0.9796135488723733
26.25	16.25	1.0087657519413544
26.25	15.0	1.0331908846334803
26.25	13.75	1.0375510849216358
26.25	12.5	1.0370493136618117
26.25	11.25	1.0502037188206526
26.25	10.0	1.0472006109902123
26.25	8.75	1.0411640684499603
26.25	7.5	1.0429685403681264
26.25	6.25	1.0424016565694616
26.25	5.0	1.0397201452326612
26.25	3.75	1.0455160245512103
26.25	2.5	1.0568342498572145
26.25	1.25	1.0530798584549759
26.25	-0.0	1.0498033770865944
26.25	-1.25	1.0413718141260278
26.25	-2.5	1.0553859435892083
26.25	-3.75	1.0497888773073423
26.25	-5.0	0.9395579672378304
26.25	-6.25	1.0453812200877244
26.25	-7.5	1.0677583373922432
26.25	-8.75	1.0507374883685594
26.25	-10.0	1.05161890694621
26.25	-11.25	1.063088954234652
26.25	-12.5	1.069060793011422
26.25	-13.75	1.0699486978315318
26.25	-15.0	1.0799014199212162
26.25	-16.25	1.0780498995839802
26.25	-17.5	1.0730722713031966
26.25	-18.75	1.0737539829886875
26.25	-20.0	1.0704407961419824
26.25	-21.25	1.0323407959343778
26.25	-22.5	1.0299088012873214
26.25	-23.75	1.0163192836230228
26.25	-25.0	1.006565626082764
26.25	-26.25	1.0064095605552912
26.25	-27.5	1.003333209357984
26.25	-28.75	0.8764696542930887
26.25	-30.0	0.7127516918574629
27.5	-28.75	0.714838115147975
27.5	-27.5	0.9185761791773982
27.5	-26.25	1.0266493707065196
27.5	-25.0	1.0250053450915444
27.5	-23.75	1.0235591568002305
27.5	-22.5	1.0182368300494353
27.5	-21.25	1.0401995367869146
27.5	-20.0	1.0327325009098136
27.5	-18.75	1.0568501677915958
27.5	-17.5	1.0570650416426892
27.5	-16.25	1.063321612663265
27.5	-15.0	1.0725713316213918
27.5	-13.75	1.0735737192272385
27.5	-12.5	1.0748259447035244
27.5	-11.25	1.0663701339081209
27.5	-10.0	1.0691993374860074
27.5	-8.75	1.064855599263775
27.5	-7.5	1.047273258700821
27.5	-6.25	1.0534730373048986
27.5	-5.0	1.0579813786090735
27.5	-3.75	1.0446227956445702
27.5	-2.5	1.0589850532124365
27.5	-1.25	1.0502849301138195
27.5	0.0	1.0513899012695311
27.5	1.25	1.0443286665398483
27.5	2.5	1.058297199545834
27.5	3.75	1.0576137591393657
27.5	5.0	1.0555106222488304
27.5	6.25	1.0434762474977357
27.5	7.5	1.043759984648855
27.5	8.75	1.0356993785909638
27.5	10.0	1.0339018218796174
27.5	11.25	1.0455595358170866
27.5	12.5	1.0354726901747975
27.5	13.75	1.0249192176975568
27.5	15.0	1.0072904550110118
27.5	16.25	0.9831275871866636
27.5	17.5	0.9344339869392038
27.5	18.75	0.9018157051903706
27.5	20.0	0.8855903601612346
27.5	21.25	0.8120447840984922
27.5	22.5	0.7482605217039308
27.5	23.75	0.7355480982271246
27.5	25.0	0.6983406201862264
27.5	26.25	0.6462288783516497
27.5	27.5	0.4408816028566826
27.5	28.75	0.9530343067344846
28.75	27.5	0.6989809318174086
28.75	26.25	0.42768226509904544
28.75	25.0	0.6522316385290696
28.75	23.75	0.6735467875122831
28.75	22.5	0.7219811775323568
28.75	21.25	0.737933737291691
28.75	20.0	0.7817185684953039
28.75	18.75	0.8658511157304585
28.75	17.5	0.9025410445384447
28.75	16.25	0.9399398576779933
28.75	15.0	0.9619434580154301
28.75	13.75	0.9715114597174358
28.75	12.5	1.0050902444510532
28.75	11.25	1.0237953026981514
28.75	10.0	1.0241244461795644
28.75	8.75	1.037412335479843
28.75	7.5	1.0286822530960031
28.75	6.25	1.033499045112634
28.75	5.0	1.04120156612647
28.75	3.75	1.0401831063870672
28.75	2.5	1.0404154407324926
28.75	1.25	1.045471037086666
28.75	-0.0	1.0489906877221526
28.75	-1.25	1.056137929298078
28.75	-2.5	1.0576909989928314
28.75	-3.75	1.0468998448055309
28.75	-5.0	1.060119575522414
28.75	-6.25	1.0533454046252873
28.75	-7.5	1.0554845381290807
28.75	-8.75	1.0573225792076923
28.75	-10.0	1.0665492105960568
28.75	-11.25	1.0602358211031884
28.75	-12.5	1.0564072296199865
28.75	-13.75	1.067211764807015
28.75	-15.0	1.0631661742559213
28.75	-16.25	1.0629327950596597
28.75	-17.5	1.0645991852243173
28.75	-18.75	1.053781561629267
28.75	-20.0	1.0538402531132172
28.75	-21.25	1.039878632489573
28.75	-22.5	1.0384459570983489
28.75	-23.75	1.0398633013795262
28.75	-25.0	1.0369984275466955
28.75	-26.25	0.9318529775482418
28.75	-27.5	0.736581006944181
30.0	-26.25	0.6380026456172078
30.0	-25.0	0.9157556444189502
30.0	-23.75	1.033420057221091
30.0	-22.5	1.048159664522569
30.0	-21.25	1.0543747542281747
30.0	-20.0	1.0549116243732675
30.0	-18.75	1.0627401116450492
30.0	-17.5	1.0642461147488436
30.0	-16.25	1.0538951993241386
30.0	-15.0	1.0593011629099662
30.0	-13.75	1.0670164072635817
30.0	-12.5	1.0560112852100034
30.0	-11.25	1.0634427074769197
30.0	-10.0	1.0560932486451569
30.0	-8.75	1.0446952921141381
30.0	-7.5	1.055172534429886
30.0	-6.25	1.0679868340140817
30.0	-5.0	1.0591149364774461
30.0	-3.75	1.0582571005154335
30.0	-2.5	1.0338043711980076
30.0	-1.25	1.04085673207072
30.0	0.0	1.030890950077052
30.0	1.25	1.0418349561862217
30.0	2.5	1.0351820247904029
30.0	3.75	1.0331658319471244
30.0	5.0	1.034030056494438
30.0	6.25	1.0249810793877066
30.0	7.5	1.0206265226993696
30.0	8.75	1.0039193679933915
30.0	10.0	0.99582810193325
30.0	11.25	0.9770637994108566
30.0	12.5	0.9653326930564116
30.0	13.75	0.9432072894499672
30.0	15.0	0.9281935647820339
30.0	16.25	0.8746844513857208
30.0	17.5	0.8242039333580342
30.0	18.75	0.7729875683129871
30.0	20.0	0.7332117591953531
30.0	21.25	0.7261543853790501
30.0	22.5	0.6871885202392591
30.0	23.75	0.6107822728412071
30.0	25.0	0.4287968881351789
30.0	26.25	0.8001690858514888
31.25	25.0	0.9843184840916491
31.25	23.75	0.39256898781003496
31.25	22.5	0.5635457508008359
31.25	21.25	0.6940613708824092
31.25	20.0	0.6883478969974551
31.25	18.75	0.741379961516344
31.25	17.5	0.7438241139178456
31.25	16.25	0.7964993167078989
31.25	15.0	0.8421020081414322
31.25	13.75	0.8950185805206704
31.25	12.5	0.9446965917396383
31.25	11.25	0.9556387768426671
31.25	10.0	0.9643768953672689
31.25	8.75	0.97680675697348
31.25	7.5	0.9923990438154767
31.25	6.25	1.0101101153515062
31.25	5.0	1.0164511717622982
31.25	3.75	1.015687929050386
31.25	2.5	1.0237672425959679
31.25	1.25	1.0299534677997553
31.25	-0.0	1.0290850486152274
31.25	-1.25	1.035668246387283
31.25	-2.5	1.0326173766315179
31.25	-3.75	1.0487902467228265
31.25	-5.0	1.0445353211834807
31.25	-6.25	1.0446119684389579
31.25	-7.5	1.0431295613899298
31.25	-8.75	1.053171249643432
31.25	-10.0	1.0607886044374721
31.25	-11.25	1.0631349966649581
31.25	-12.5	1.0584240290109241
31.25	-13.75	1.0673917641377617
31.25	-15.0	1.0581423713638056
31.25	-16.25	1.0772209836599724
31.25	-17.5	1.0732020863295473
31.25	-18.75	1.0605998906576466
31.25	-20.0	1.0723601629168964
31.25	-21.25	1.0592617889789038
31.25	-22.5	1.0390157956186972
31.25	-23.75	0.8707871694047249
31.25	-25.0	0.5854430694840718
32.5	-23.75	0.6477005609015413
32.5	-22.5	0.7589240442320612
32.5	-21.25	0.9960378019679687
32.5	-20.0	1.0424056410532723
32.5	-18.75	1.0705152868493057
32.5	-17.5	1.0693813834019361
32.5	-16.25	1.0788132325832722
32.5	-15.0	1.0689830355447008
32.5	-13.75	1.0707792794589663
32.5	-12.5	1.0591524265140506
32.5	-11.25	1.0619016830798274
32.5	-10.0	1.0513927279212765
32.5	-8.75	1.0456768908331058
32.5	-7.5	1.0534305635565617
32.5	-6.25	1.029424273244759
32.5	-5.0	1.0239515561117338
32.5	-3.75	1.0197847634475694
32.5	-2.5	1.0096233761601974
32.5	-1.25	1.001858219317268
32.5	0.0	1.0084306185596197
32.5	1.25	1.0119657341757837
32.5	2.5	1.0100933508703496
32.5	3.75	0.9908933622124394
32.5	5.0	0.9833810302251489
32.5	6.25	0.9769105580979691
32.5	7.5	0.9626932234986197
32.5	8.75	0.9486114083774926
32.5	10.0	0.9230730085680752
32.5	11.25	0.9028544691028013
32.5	12.5	0.853026950335128
32.5	13.75	0.8054301911693661
32.5	15.0	0.7551996246061576
32.5	16.25	0.7369838411144592
32.5	17.5	0.6909456048529409
32.5	18.75	0.6950134250852643
32.5	20.0	0.6423195807032084
32.5	21.25	0.46699562630752334
32.5	22.5	0.4362017807646763
32.5	23.75	0.8196773997013965
33.75	21.25	0.6230963858243177
33.75	20.0	0.4246893430677816
33.75	18.75	0.5518145260505273
33.75	17.5	0.6748852291272466
33.75	16.25	0.6892857239724233
33.75	15.0	0.7004980219423863
33.75	13.75	0.7284720858191372
33.75	12.5	0.7610537976112024
33.75	11.25	0.7907107147142789
33.75	10.0	0.8395934102064466
33.75	8.75	0.8817216378493041
33.75	7.5	0.9121886504333818
33.75	6.25	0.9355717237826197
33.75	5.0	0.9648598492996595
33.75	3.75	0.9705900941566026
33.75	2.5	0.9950592372715671
33.75	1.25	0.9928300677767421
33.75	-0.0	1.0158834935783532
33.75	-1.25	1.0191693519190133
33.75	-2.5	1.023072661715766
33.75	-3.75	1.030730848022419
33.75	-5.0	1.0279534383077626
33.75	-6.25	1.0494645206284339
33.75	-7.5	1.039122269907275
33.75	-8.75	1.0667246148773033
33.75	-10.0	1.0665646465412109
33.75	-11.25	1.0737926628202623
33.75	-12.5	1.0585897456763258
33.75	-13.75	1.065838897656266
33.75	-15.0	1.067792012628745
33.75	-16.25	1.0618434130708283
33.75	-17.5	1.033835532272367
33.75	-18.75	1.013243568774732
33.75	-20.0	0.8373382931501007
33.75	-21.25	0.5323946578902407
35.0	-20.0	0.6274442238043421
35.0	-18.75	0.5576795575195922
35.0	-17.5	0.8237934768408758
35.0	-16.25	0.949459675562097
35.0	-15.0	0.9634358390222594
35.0	-13.75	0.9967912156500227
35.0	-12.5	1.0309164038165495
35.0	-11.25	1.040524160480171
35.0	-10.0	1.0391811052422852
35.0	-8.75	1.037172032052346
35.0	-7.5	1.0291828069578448
35.0	-6.25	1.0498310266191482
35.0	-5.0	1.0372657396298945
35.0	-3.75	1.020396206115597
35.0	-2.5	1.0103306459331063
35.0	-1.25	0.9957173587578931
35.0	0.0	0.9841936055399418
35.0	1.25	0.9778831188305442
35.0	2.5	0.9481918471517761
35.0	3.75	0.9151298825708255
35.0	5.0	0.8875479711417745
35.0	6.25	0.8489663226328947
35.0	7.5	0.8093919255249762
35.0	8.75	0.7853783599369758
35.0	10.0	0.7550149333249663
35.0	11.25	0.7109270960026713
35.0	12.5	0.6741725670901287
35.0	13.75	0.7060687365009947
35.0	15.0	0.6915950029242106
35.0	16.25	0.5876130339535518
35.0	17.5	0.44859324050139643
35.0	18.75	0.5395260793677096
35.0	20.0	0.7720696180977887
36.25	17.5	0.8433881971123959
36.25	16.25	0.42266095370577045
36.25	15.0	0.47370192340163547
36.25	13.75	0.5938567397416894
36.25	12.5	0.6832690491013582
36.25	11.25	0.7219416297518503
36.25	10.0	0.7102136692575916
36.25	8.75	0.7020900205700857
36.25	7.5	0.720721656064072
36.25	6.25	0.7451828177432271
36.25	5.0	0.7869192727922508
36.25	3.75	0.8077521878967179
36.25	2.5	0.8363799677290741
36.25	1.25	0.8567521943586655
36.25	-0.0	0.8906498018140057
36.25	-1.25	0.9185539189422192
36.25	-2.5	0.9297247432437368
36.25	-3.75	0.9427897496297504
36.25	-5.0	0.9555037284363123
36.25	-6.25	0.9668984739333756
36.25	-7.5	0.9622604021362364
36.25	-8.75	0.9313571175724963
36.25	-10.0	0.8955807930584703
36.25	-11.25	0.8798196995026805
36.25	-12.5	0.8939914874730757
36.25	-13.75	0.8381375399917609
36.25	-15.0	0.7093137200959386
36.25	-16.25	0.5203470559719965
36.25	-17.5	0.48784553021990096
37.5	-15.0	0.8180223513165454
37.5	-13.75	0.5668687128563391
37.5	-12.5	0.6075385044588816
37.5	-11.25	0.6922763861858896
37.5	-10.0	0.7659973862956212
37.5	-8.75	0.7815184036944525
37.5	-7.5	0.8128564794243534
37.5	-6.25	0.7957173268605985
37.5	-5.0	0.7837241202190144
37.5	-3.75	0.7794751307263109
37.5	-2.5	0.7803846959424903
37.5	-1.25	0.7672038113656396
37.5	0.0	0.757171607443449
37.5	1.25	0.750572305839743
37.5	2.5	0.7547582035867766
37.5	3.75	0.7390604463358786
37.5	5.0	0.7375611127757997
37.5	6.25	0.7343609188689775
37.5	7.5	0.7263446402538382
37.5	8.75	0.700110956377954
37.5	10.0	0.6445334421964771
37.5	11.25	0.5621803670900372
37.5	12.5	0.46970566754085835
37.5	13.75	0.6480209358706838
37.5	15.0	0.8482641922889053
38.75	11.25	0.8308198187060328
38.75	10.0	0.6381432803584568
38.75	8.75	0.6012024339685197
38.75	7.5	0.6316982891279599
38.75	6.25	0.6631652139967001
38.75	5.0	0.6897930684707158
38.75	3.75	0.7128645929531298
38.75	2.5	0.7342351042686857
38.75	1.25	0.7436964357160178
38.75	-0.0	0.7399046473946598
38.75	-1.25	0.7363781160041816
38.75	-2.5	0.7327610015971635
38.75	-3.75	0.7239447145637928
38.75	-5.0	0.70699601333933
38.75	-6.25	0.6873605364519886
38.75	-7.5	0.6579413755892709
38.75	-8.75	0.6260284323879228
38.75	-10.0	0.6224343320876151
38.75	-11.25	0.6922928014728803
40.0	-6.25	0.8232748869032173
40.0	-5.0	0.8065607267007937
40.0	-3.75	0.7499538588364075
40.0	-2.5	0.7314359141885031
40.0	-1.25	0.7755121560725597
40.0	0.0	0.7430337974899935
40.0	1.25	0.7399627254612293
40.0	2.5	0.7823789656994053
40.0	3.75	0.8542071786682605
40.0	5.0	0.8532888709170304
40.0	6.25	0.8774145404363107
