-40.0	6.25	2.4115070017965508
-40.0	5.0	2.5649852580774084
-40.0	3.75	3.7264144408190507
-40.0	2.5	2.398226531769674
-40.0	1.25	2.1376832915159447
-40.0	-0.0	1.9751361646806505
-40.0	-1.25	1.9601401304864883
-40.0	-2.5	1.956428607818351
-40.0	-3.75	2.159644666959899
-40.0	-5.0	2.4250928701248924
-40.0	-6.25	2.3106532467184113
-38.75	-11.25	1.869208350458715
-38.75	-10.0	1.5011863572115995
-38.75	-8.75	1.414987238125792
-38.75	-7.5	1.378579163528899
-38.75	-6.25	1.3918480380773346
-38.75	-5.0	1.3880286355638294
-38.75	-3.75	1.373992808310267
-38.75	-2.5	1.3673791059753473
-38.75	-1.25	1.3600309234682237
-38.75	0.0	1.3474897195964832
-38.75	1.25	1.3870705023985463
-38.75	2.5	1.4042978318403376
-38.75	3.75	1.4387887177058385
-38.75	5.0	1.4887205491107771
-38.75	6.25	1.5669951177340824
-38.75	7.5	1.7450644831020163
-38.75	8.75	1.9911168631353604
-38.75	10.0	3.5195822882606347
-38.75	11.25	2.3376338870302966
-37.5	15.0	2.1742651049437
-37.5	13.75	2.8206277417789103
-37.5	12.5	1.9049677490527728
-37.5	11.25	1.5435862978292985
-37.5	10.0	1.3158900779687732
-37.5	8.75	1.2496250970419585
-37.5	7.5	1.2388837551110887
-37.5	6.25	1.324484110279017
-37.5	5.0	1.4010443812220474
-37.5	3.75	1.5767001267973644
-37.5	2.5	1.606247877421164
-37.5	1.25	1.600399781664887
-37.5	-0.0	1.5641682099439347
-37.5	-1.25	1.501613293309319
-37.5	-2.5	1.48805976759032
-37.5	-3.75	1.407687676317054
-37.5	-5.0	1.3412649296076493
-37.5	-6.25	1.2502788009612509
-37.5	-7.5	1.153415852442837
-37.5	-8.75	1.1375978235201787
-37.5	-10.0	1.1407920179691091
-37.5	-11.25	1.2079132700578068
-37.5	-12.5	1.305125192614252
-37.5	-13.75	1.3900533130379058
-37.5	-15.0	1.9516621582486229
-36.25	-17.5	1.821958035817513
-36.25	-16.25	1.2542824623101012
-36.25	-15.0	1.0814131031540946
-36.25	-13.75	1.0115471086638061
-36.25	-12.5	1.0345247067541479
-36.25	-11.25	1.160071647613666
-36.25	-10.0	1.3170930450910587
-36.25	-8.75	1.3644675861030429
-36.25	-7.5	1.3671596950528295
-36.25	-6.25	1.3306294840189548
-36.25	-5.0	1.2663062467494113
-36.25	-3.75	1.2180527598567998
-36.25	-2.5	1.215726880532248
-36.25	-1.25	1.2239399385100178
-36.25	0.0	1.21008016138589
-36.25	1.25	1.2290812877362818
-36.25	2.5	1.2862152284418817
-36.25	3.75	1.3937520767779752
-36.25	5.0	1.5682758491020143
-36.25	6.25	1.7604961853827064
-36.25	7.5	1.9783364593661048
-36.25	8.75	2.0082047055402343
-36.25	10.0	1.5562694807643602
-36.25	11.25	1.3002625650306037
-36.25	12.5	1.198247632175967
-36.25	13.75	1.2854954318240601
-36.25	15.0	1.5760152190602383
-36.25	16.25	2.6316623408606628
-36.25	17.5	2.231860311696291
-35.0	20.0	1.9134268745896108
-35.0	18.75	2.723299915810099
-35.0	17.5	1.4893231726954408
-35.0	16.25	1.2219017578829643
-35.0	15.0	1.1979904969687807
-35.0	13.75	1.4895317377591404
-35.0	12.5	1.9667199886920592
-35.0	11.25	2.0438500761417107
-35.0	10.0	1.592680480677724
-35.0	8.75	1.385568729124155
-35.0	7.5	1.3758262760590059
-35.0	6.25	1.3392412109353273
-35.0	5.0	1.3412707706848277
-35.0	3.75	1.3321741524278714
-35.0	2.5	1.3209527232228888
-35.0	1.25	1.286374801954957
-35.0	-0.0	1.2490378816423506
-35.0	-1.25	1.2382236717680515
-35.0	-2.5	1.2325984258017524
-35.0	-3.75	1.2512348564276188
-35.0	-5.0	1.2560144526398194
-35.0	-6.25	1.2668739434636667
-35.0	-7.5	1.2188482710054132
-35.0	-8.75	1.147235492430088
-35.0	-10.0	1.1260954027247205
-35.0	-11.25	1.135518008725061
-35.0	-12.5	1.2401609486127008
-35.0	-13.75	1.196230173879984
-35.0	-15.0	1.0210189218589836
-35.0	-16.25	0.9584665301657589
-35.0	-17.5	0.9478574222201903
-35.0	-18.75	1.1346391239985678
-35.0	-20.0	1.7153264435389186
-33.75	-21.25	1.1745810864291606
-33.75	-20.0	0.9296751364123113
-33.75	-18.75	0.8868977165219496
-33.75	-17.5	0.9859959761263752
-33.75	-16.25	1.1507393699912942
-33.75	-15.0	1.1220633802269022
-33.75	-13.75	1.0762160022291303
-33.75	-12.5	1.1431013798003011
-33.75	-11.25	1.1973281210141309
-33.75	-10.0	1.137755220627465
-33.75	-8.75	1.0464739049933893
-33.75	-7.5	0.9824809285730023
-33.75	-6.25	0.9603186908325521
-33.75	-5.0	0.9692123546078939
-33.75	-3.75	1.0035381760124338
-33.75	-2.5	1.0247496798125972
-33.75	-1.25	1.0170686402482438
-33.75	0.0	1.0378348915917401
-33.75	1.25	1.0358046379366908
-33.75	2.5	1.0553829749489836
-33.75	3.75	1.0503353234228463
-33.75	5.0	1.0678905828661902
-33.75	6.25	1.1367856049668044
-33.75	7.5	1.2999547332997308
-33.75	8.75	1.4055454462532673
-33.75	10.0	1.4535408446805098
-33.75	11.25	1.4972675353411873
-33.75	12.5	1.481881309014657
-33.75	13.75	1.7677048348216307
-33.75	15.0	2.015922719576259
-33.75	16.25	1.6293017775912366
-33.75	17.5	1.1834862658734169
-33.75	18.75	1.1965019378790709
-33.75	20.0	1.4875114625945693
-33.75	21.25	3.172216406431975
-32.5	23.75	2.1207945335923073
-32.5	22.5	1.9636679622114652
-32.5	21.25	1.240783932612727
-32.5	20.0	1.1451573460995625
-32.5	18.75	1.3609057076748767
-32.5	17.5	1.9997228597435015
-32.5	16.25	1.6724370513842315
-32.5	15.0	1.5769619341773575
-32.5	13.75	1.5940373637493295
-32.5	12.5	1.4920802851649642
-32.5	11.25	1.3189856378701768
-32.5	10.0	1.1516448476597017
-32.5	8.75	1.1018193410874684
-32.5	7.5	1.0786345621765667
-32.5	6.25	1.0239494485813347
-32.5	5.0	0.9621288856528469
-32.5	3.75	0.9559861788118038
-32.5	2.5	0.9360807893156071
-32.5	1.25	0.9397309138889645
-32.5	-0.0	0.9245737433503987
-32.5	-1.25	0.9272846885987889
-32.5	-2.5	0.9466777344168031
-32.5	-3.75	0.9581926137098238
-32.5	-5.0	0.9582762880297402
-32.5	-6.25	0.9649199054514064
-32.5	-7.5	0.9922159429540276
-32.5	-8.75	0.9912030494420137
-32.5	-10.0	0.998596075733591
-32.5	-11.25	0.9705738439534901
-32.5	-12.5	0.9941965883274717
-32.5	-13.75	1.100760773194028
-32.5	-15.0	1.117124423184964
-32.5	-16.25	1.0410142106054074
-32.5	-17.5	1.053579784518397
-32.5	-18.75	1.0725302202089004
-32.5	-20.0	0.9352550066058463
-32.5	-21.25	0.881837715484707
-32.5	-22.5	0.9570889702708616
-32.5	-23.75	1.6879939034196667
-31.25	-25.0	1.495431450666329
-31.25	-23.75	0.9036004525919674
-31.25	-22.5	0.8585000726177938
-31.25	-21.25	1.0463296995199425
-31.25	-20.0	1.0446916520453708
-31.25	-18.75	1.0117604809272134
-31.25	-17.5	1.0669663132340315
-31.25	-16.25	1.070868749353413
-31.25	-15.0	0.9994041480349845
-31.25	-13.75	1.0293629621030096
-31.25	-12.5	1.049906845714946
-31.25	-11.25	1.0188671665907183
-31.25	-10.0	1.0089803897687668
-31.25	-8.75	1.040291348616634
-31.25	-7.5	1.0910481478014225
-31.25	-6.25	1.099529526860918
-31.25	-5.0	1.0808506138616618
-31.25	-3.75	1.0831184642626512
-31.25	-2.5	1.0721982192846191
-31.25	-1.25	1.095220108893436
-31.25	0.0	1.1146057574460375
-31.25	1.25	1.0923202185360896
-31.25	2.5	1.0831462318418321
-31.25	3.75	1.0594195544624005
-31.25	5.0	1.0310019426205033
-31.25	6.25	1.013693345782328
-31.25	7.5	0.9733862362183734
-31.25	8.75	0.9890380937788601
-31.25	10.0	1.0454239199819195
-31.25	11.25	1.120176920642141
-31.25	12.5	1.182206007087938
-31.25	13.75	1.298324202074789
-31.25	15.0	1.5341045611232529
-31.25	16.25	1.6774609867508827
-31.25	17.5	1.5891841174015644
-31.25	18.75	1.9348891275356603
-31.25	20.0	1.923209001964917
-31.25	21.25	1.190756849450648
-31.25	22.5	1.226913176334408
-31.25	23.75	1.6942037392274356
-31.25	25.0	2.1625557912839515
-30.0	26.25	2.35908631525958
-30.0	25.0	1.4628390352826752
-30.0	23.75	1.1215539352330879
-30.0	22.5	1.2714386736690306
-30.0	21.25	1.940846894894209
-30.0	20.0	1.526385664836564
-30.0	18.75	1.72545434772357
-30.0	17.5	1.631957109995831
-30.0	16.25	1.3360377287460334
-30.0	15.0	1.1876160433521985
-30.0	13.75	1.1277042807038367
-30.0	12.5	1.0340242257223515
-30.0	11.25	0.9842349294172594
-30.0	10.0	1.0228480565155493
-30.0	8.75	1.064140171535552
-30.0	7.5	1.0513834062515581
-30.0	6.25	1.0474533324874988
-30.0	5.0	0.9948708996029687
-30.0	3.75	0.9921005413961126
-30.0	2.5	0.9719203311710976
-30.0	1.25	0.9729143571542584
-30.0	-0.0	0.972515410628163
-30.0	-1.25	0.976014781977451
-30.0	-2.5	0.9887645422646285
-30.0	-3.75	0.9863094816057725
-30.0	-5.0	1.0279775746235078
-30.0	-6.25	1.0322495851505646
-30.0	-7.5	1.0502978323865069
-30.0	-8.75	1.09853191592439
-30.0	-10.0	1.1128719056210192
-30.0	-11.25	1.1162584407241871
-30.0	-12.5	1.0899008140564046
-30.0	-13.75	1.0531222035479892
-30.0	-15.0	1.0799261282401886
-30.0	-16.25	1.0794818512385636
-30.0	-17.5	0.9933577881734053
-30.0	-18.75	1.003600456967476
-30.0	-20.0	0.9753131515547633
-30.0	-21.25	0.9492498930109408
-30.0	-22.5	0.9600124309591536
-30.0	-23.75	0.8955836985746828
-30.0	-25.0	0.8935862664254266
-30.0	-26.25	1.420294170618015
-28.75	-27.5	1.4457809304835152
-28.75	-26.25	0.9038929230064348
-28.75	-25.0	0.9041071228141977
-28.75	-23.75	0.9803118558417054
-28.75	-22.5	0.9524027658906338
-28.75	-21.25	0.971497579594315
-28.75	-20.0	0.992069644247648
-28.75	-18.75	1.1014536803035995
-28.75	-17.5	1.1066989127166824
-28.75	-16.25	1.1120395782418404
-28.75	-15.0	1.1448007555776503
-28.75	-13.75	1.156309023921657
-28.75	-12.5	1.1228518180322444
-28.75	-11.25	1.0579792389989446
-28.75	-10.0	0.9893533541069406
-28.75	-8.75	0.9572582381704198
-28.75	-7.5	0.9336275465921027
-28.75	-6.25	0.9322848653381133
-28.75	-5.0	0.9328854827356556
-28.75	-3.75	0.9560761783453211
-28.75	-2.5	0.9484420063545258
-28.75	-1.25	0.9783717442942965
-28.75	0.0	0.9639382081040724
-28.75	1.25	0.9397271318427975
-28.75	2.5	0.9706228503613268
-28.75	3.75	0.9438295083373491
-28.75	5.0	0.9244736982645332
-28.75	6.25	0.9583741254777163
-28.75	7.5	0.9586949453903015
-28.75	8.75	0.9630696542545181
-28.75	10.0	0.9888116825147497
-28.75	11.25	1.0496665029765921
-28.75	12.5	1.051679049766829
-28.75	13.75	1.010949291501122
-28.75	15.0	1.047406831148793
-28.75	16.25	1.1906013142122784
-28.75	17.5	1.2383450217315994
-28.75	18.75	1.481651701084452
-28.75	20.0	1.7727482781351833
-28.75	21.25	1.4563468051546637
-28.75	22.5	1.7224126961532082
-28.75	23.75	1.3125297260272948
-28.75	25.0	1.133636269162663
-28.75	26.25	1.384746449585795
-28.75	27.5	2.4694290645835224
-27.5	28.75	2.3167282558048496
-27.5	27.5	1.3568188608432639
-27.5	26.25	1.148422897988226
-27.5	25.0	1.730231214145932
-27.5	23.75	1.7706161053729215
-27.5	22.5	1.7398702222659237
-27.5	21.25	1.6865738742069416
-27.5	20.0	1.389188379868501
-27.5	18.75	1.2337229941188097
-27.5	17.5	1.1319144269335961
-27.5	16.25	1.0129443154186113
-27.5	15.0	1.0533129969658432
-27.5	13.75	1.0126259215046565
-27.5	12.5	0.9449194932308869
-27.5	11.25	0.9586474449516
-27.5	10.0	0.9623832738654459
-27.5	8.75	0.9501854641841376
-27.5	7.5	1.0026161093597787
-27.5	6.25	1.015218355863679
-27.5	5.0	1.0133532188204466
-27.5	3.75	1.01351598805934
-27.5	2.5	1.0442369308865018
-27.5	1.25	1.0469985954680716
-27.5	-0.0	1.013758429075608
-27.5	-1.25	0.9989288436805648
-27.5	-2.5	1.0170835425147517
-27.5	-3.75	1.0085803573853758
-27.5	-5.0	1.040531780875499
-27.5	-6.25	1.0331622490868053
-27.5	-7.5	1.0048985546752887
-27.5	-8.75	0.9600747700994887
-27.5	-10.0	0.9470806849078128
-27.5	-11.25	0.9298969025539208
-27.5	-12.5	0.9503271671372282
-27.5	-13.75	1.0124179735402876
-27.5	-15.0	1.1098435875080916
-27.5	-16.25	1.1824813549290365
-27.5	-17.5	1.1644355147238556
-27.5	-18.75	1.162559144853046
-27.5	-20.0	1.1637765824793478
-27.5	-21.25	1.0315349329279009
-27.5	-22.5	0.9654397596418391
-27.5	-23.75	0.9304116995835123
-27.5	-25.0	0.9722043026752107
-27.5	-26.25	0.8907947265829943
-27.5	-27.5	0.8771946768216088
-27.5	-28.75	1.6328589874230808
-26.25	-30.0	2.211130396964821
-26.25	-28.75	0.912244875374868
-26.25	-27.5	0.858517947767572
-26.25	-26.25	0.8984107853074663
-26.25	-25.0	0.973289219791007
-26.25	-23.75	0.9421879881628143
-26.25	-22.5	1.0782792989946852
-26.25	-21.25	1.1980206925183223
-26.25	-20.0	1.1940736473393283
-26.25	-18.75	1.2072607682801912
-26.25	-17.5	1.1460075220582926
-26.25	-16.25	1.030178225545189
-26.25	-15.0	0.9268619745521018
-26.25	-13.75	0.9125879478571131
-26.25	-12.5	0.9382090746878644
-26.25	-11.25	0.9919756258863499
-26.25	-10.0	0.9909041451629363
-26.25	-8.75	1.0168076566926825
-26.25	-7.5	1.0184917672926126
-26.25	-6.25	1.0166481377758707
-26.25	-5.0	1.049369393650843
-26.25	-3.75	1.0280314189940585
-26.25	-2.5	1.0228317567729608
-26.25	-1.25	1.0881994056615287
-26.25	0.0	1.1079309374090087
-26.25	1.25	1.1295812304078527
-26.25	2.5	1.1433709510931696
-26.25	3.75	1.1048812887596684
-26.25	5.0	1.025915762262124
-26.25	6.25	1.0527083028378819
-26.25	7.5	1.0314535218354255
-26.25	8.75	1.0066429834988497
-26.25	10.0	1.003256588465204
-26.25	11.25	0.9630530699142401
-26.25	12.5	0.9316521611819333
-26.25	13.75	0.924560602170736
-26.25	15.0	0.9151288894300986
-26.25	16.25	1.0683644452781893
-26.25	17.5	1.0403905174160775
-26.25	18.75	1.0610819809191803
-26.25	20.0	1.261961831530578
-26.25	21.25	1.3351619774172976
-26.25	22.5	1.6642375717942937
-26.25	23.75	1.8176066676871478
-26.25	25.0	1.6469239134391902
-26.25	26.25	1.6948889879243145
-26.25	27.5	1.137546355736613
-26.25	28.75	1.4001935371607388
-26.25	30.0	2.374441962885273
-25.0	31.25	1.8933401425961316
-25.0	30.0	1.5252238119973018
-25.0	28.75	1.125435312233824
-25.0	27.5	1.3003093461351067
-25.0	26.25	1.7184951978909364
-25.0	25.0	1.8171882032646973
-25.0	23.75	1.6240967656145688
-25.0	22.5	1.3416337483742735
-25.0	21.25	1.2478994940551917
-25.0	20.0	1.0377504337935441
-25.0	18.75	1.0534195744722608
-25.0	17.5	0.9294020730234394
-25.0	16.25	0.9150810747304039
-25.0	15.0	0.9300484883515825
-25.0	13.75	0.952673632214819
-25.0	12.5	0.9910499626564304
-25.0	11.25	1.013358318707434
-25.0	10.0	1.0558463825093565
-25.0	8.75	1.0342984063749183
-25.0	7.5	1.180183127214728
-25.0	6.25	1.3311372951139147
-25.0	5.0	1.2458429485462696
-25.0	3.75	1.131882360497098
-25.0	2.5	1.0211011845879003
-25.0	1.25	0.95009847150423
-25.0	-0.0	0.9152478479913189
-25.0	-1.25	0.9128587989667301
-25.0	-2.5	0.8831617877136999
-25.0	-3.75	0.8838686016863564
-25.0	-5.0	0.9254128263214128
-25.0	-6.25	0.9641388394112216
-25.0	-7.5	1.0251873289628115
-25.0	-8.75	1.0876533742824313
-25.0	-10.0	0.968517942121478
-25.0	-11.25	0.9455495493316395
-25.0	-12.5	0.9343788080715782
-25.0	-13.75	0.9503943582178547
-25.0	-15.0	0.9323105617562613
-25.0	-16.25	0.9148285175788953
-25.0	-17.5	0.9410130880458603
-25.0	-18.75	1.075467228584528
-25.0	-20.0	1.1872068566970437
-25.0	-21.25	1.2274513533887195
-25.0	-22.5	1.229563628331782
-25.0	-23.75	1.1355612743764043
-25.0	-25.0	0.9484677117767228
-25.0	-26.25	0.9117885162161876
-25.0	-27.5	0.8944074295700659
-25.0	-28.75	0.8561788583211127
-25.0	-30.0	1.010326920875233
-25.0	-31.25	2.305463641069019
-23.75	-32.5	2.489684948586741
-23.75	-31.25	1.3477140775352225
-23.75	-30.0	0.868727878764675
-23.75	-28.75	0.9296407643431532
-23.75	-27.5	0.9280248781301594
-23.75	-26.25	0.9156734067262366
-23.75	-25.0	1.1747060218514918
-23.75	-23.75	1.2389484091069471
-23.75	-22.5	1.2741974511733822
-23.75	-21.25	1.1827712211646082
-23.75	-20.0	1.0091668860437162
-23.75	-18.75	0.8988950342248758
-23.75	-17.5	0.8889432123980114
-23.75	-16.25	0.9260139069882616
-23.75	-15.0	0.9181099327221922
-23.75	-13.75	0.9036826373800775
-23.75	-12.5	0.9387538930662487
-23.75	-11.25	0.9638938914653385
-23.75	-10.0	0.9029427059812658
-23.75	-8.75	0.8692805900998195
-23.75	-7.5	0.8732650135146702
-23.75	-6.25	0.873540066867541
-23.75	-5.0	0.8442901902011801
-23.75	-3.75	0.8580837281738143
-23.75	-2.5	0.846601357661183
-23.75	-1.25	0.8583928486134802
-23.75	0.0	0.8366348216774266
-23.75	1.25	0.8628049310025743
-23.75	2.5	0.8729053980630468
-23.75	3.75	0.8773245501435643
-23.75	5.0	0.9281996872114195
-23.75	6.25	1.019546415890992
-23.75	7.5	1.1773379172994254
-23.75	8.75	1.270462694567077
-23.75	10.0	1.21874726731477
-23.75	11.25	1.0491256078600886
-23.75	12.5	1.0465893260265071
-23.75	13.75	0.9531446401102075
-23.75	15.0	0.935584178945998
-23.75	16.25	0.8954533252484769
-23.75	17.5	0.9063365737059339
-23.75	18.75	0.9226609300425492
-23.75	20.0	1.1041163563361298
-23.75	21.25	1.0538840650933423
-23.75	22.5	1.2396231618876117
-23.75	23.75	1.3535790099295708
-23.75	25.0	1.6484671705193623
-23.75	26.25	1.7588458104683191
-23.75	27.5	1.5100286775867993
-23.75	28.75	1.249087061543067
-23.75	30.0	1.1277559321900448
-23.75	31.25	1.7554280389336006
-23.75	32.5	1.798446332694649
-22.5	32.5	2.4835026183054616
-22.5	31.25	1.1674690186680357
-22.5	30.0	1.1377591751253844
-22.5	28.75	1.4625507280462529
-22.5	27.5	1.5540101673934021
-22.5	26.25	1.7020718850883672
-22.5	25.0	1.4117868967722718
-22.5	23.75	1.2733676187839933
-22.5	22.5	1.0428500486097612
-22.5	21.25	1.0866135634624232
-22.5	20.0	0.9153493441936353
-22.5	18.75	0.8926600151318205
-22.5	17.5	0.8919017281539423
-22.5	16.25	0.9194081472689586
-22.5	15.0	0.9635520528056327
-22.5	13.75	0.9626991738325463
-22.5	12.5	1.0803248106847203
-22.5	11.25	1.079334825367587
-22.5	10.0	0.9456435365183449
-22.5	8.75	0.9012884682061415
-22.5	7.5	0.8924047437223788
-22.5	6.25	0.8880765540680926
-22.5	5.0	0.8840578071683192
-22.5	3.75	0.9351112671039754
-22.5	2.5	0.9503517394867833
-22.5	1.25	0.951776797229325
-22.5	-0.0	0.9352204496866667
-22.5	-1.25	0.9402258746334109
-22.5	-2.5	0.9505224130946566
-22.5	-3.75	0.9370050812705619
-22.5	-5.0	0.9022264027836222
-22.5	-6.25	0.897710448056336
-22.5	-7.5	0.8688352259750776
-22.5	-8.75	0.8546264095807485
-22.5	-10.0	0.8675933397841762
-22.5	-11.25	0.8842606784820175
-22.5	-12.5	0.9163920510764747
-22.5	-13.75	1.0356981112235975
-22.5	-15.0	0.9515273908539275
-22.5	-16.25	0.8829747175437754
-22.5	-17.5	0.9036843594143011
-22.5	-18.75	0.897722664279355
-22.5	-20.0	0.8794163906113894
-22.5	-21.25	0.9646440208232416
-22.5	-22.5	1.1755386768080323
-22.5	-23.75	1.2903625217269221
-22.5	-25.0	1.3003902598797694
-22.5	-26.25	1.1530940094258586
-22.5	-27.5	0.9135177618965153
-22.5	-28.75	0.9340708659373176
-22.5	-30.0	0.9179226366993873
-22.5	-31.25	0.9305271473593564
-22.5	-32.5	2.22765100841632
-21.25	-33.75	-2.4046487626951594
-21.25	-32.5	1.1064382375746762
-21.25	-31.25	0.9319897975030198
-21.25	-30.0	0.922743579724548
-21.25	-28.75	0.911905759643334
-21.25	-27.5	1.1271687917104884
-21.25	-26.25	1.2962594322851597
-21.25	-25.0	1.2983588150964191
-21.25	-23.75	1.1887064090373913
-21.25	-22.5	0.9438319421092443
-21.25	-21.25	0.8700138221619271
-21.25	-20.0	0.8835251348990649
-21.25	-18.75	0.8727560095884481
-21.25	-17.5	0.895351131750802
-21.25	-16.25	1.0174655189727027
-21.25	-15.0	0.9334460783234002
-21.25	-13.75	0.8348975861260177
-21.25	-12.5	0.8399710186567235
-21.25	-11.25	0.8391836675760871
-21.25	-10.0	0.872829888473281
-21.25	-8.75	0.9072824774251789
-21.25	-7.5	0.9165406393312363
-21.25	-6.25	0.9059748012418147
-21.25	-5.0	0.8979507249947005
-21.25	-3.75	0.8917823140709382
-21.25	-2.5	0.8844511083565401
-21.25	-1.25	0.8892491751061851
-21.25	0.0	0.873402512521599
-21.25	1.25	0.8810514116324999
-21.25	2.5	0.9166195255745837
-21.25	3.75	0.9351599912403223
-21.25	5.0	0.9299843489349815
-21.25	6.25	0.9801784506419313
-21.25	7.5	0.9040012411701444
-21.25	8.75	0.9025482282928001
-21.25	10.0	0.9060623760513531
-21.25	11.25	0.9163499334502978
-21.25	12.5	0.9200038915381024
-21.25	13.75	0.9651076944250336
-21.25	15.0	0.9446186741998446
-21.25	16.25	0.9222062991252571
-21.25	17.5	0.9131408625339779
-21.25	18.75	0.9049151698865625
-21.25	20.0	0.9034129815108116
-21.25	21.25	0.9248235810751222
-21.25	22.5	1.1011158568261497
-21.25	23.75	1.0654816492746546
-21.25	25.0	1.2845186938035287
-21.25	26.25	1.5230419207503596
-21.25	27.5	1.8022366475577538
-21.25	28.75	1.4473416443877438
-21.25	30.0	1.5793118384544194
-21.25	31.25	1.096375174860233
-21.25	32.5	1.3182341807723343
-21.25	33.75	2.003010811143686
-20.0	35.0	1.8684650881461495
-20.0	33.75	1.9085419980958829
-20.0	32.5	1.0988655067732562
-20.0	31.25	1.6589353293324605
-20.0	30.0	1.6328930320663755
-20.0	28.75	1.8224551025166722
-20.0	27.5	1.5839955322047867
-20.0	26.25	1.3572123286033557
-20.0	25.0	1.091206764819427
-20.0	23.75	1.1390712899103095
-20.0	22.5	0.936791893124159
-20.0	21.25	0.9024473868678031
-20.0	20.0	0.8998331970066573
-20.0	18.75	0.9733380786589976
-20.0	17.5	0.9768974356910176
-20.0	16.25	0.9442602471703312
-20.0	15.0	0.9556085833126122
-20.0	13.75	0.9067453150580294
-20.0	12.5	0.9111706953330927
-20.0	11.25	0.9148085853930619
-20.0	10.0	0.9587067660612174
-20.0	8.75	0.9924667880618108
-20.0	7.5	0.926520338121195
-20.0	6.25	0.9330875103310028
-20.0	5.0	0.9001461110920914
-20.0	3.75	0.8790557316881049
-20.0	2.5	0.8750805391818242
-20.0	1.25	0.9007676390840116
-20.0	-0.0	0.8718642026291459
-20.0	-1.25	0.8712353029279019
-20.0	-2.5	0.8834057061714233
-20.0	-3.75	0.8739607344932265
-20.0	-5.0	0.8947600454697726
-20.0	-6.25	0.85463981211098
-20.0	-7.5	0.8577957251950359
-20.0	-8.75	0.8847914253424749
-20.0	-10.0	0.8684909236240586
-20.0	-11.25	0.8853809339422183
-20.0	-12.5	0.8449597273056044
-20.0	-13.75	0.8383538424301058
-20.0	-15.0	0.8444117006985374
-20.0	-16.25	0.8646668333402463
-20.0	-17.5	1.0020327140310856
-20.0	-18.75	0.8823559529291858
-20.0	-20.0	0.8836352738073039
-20.0	-21.25	0.8886112757608009
-20.0	-22.5	0.8722208343824045
-20.0	-23.75	0.9437730902766734
-20.0	-25.0	1.207948081719712
-20.0	-26.25	1.3152920296779103
-20.0	-27.5	1.3161278570904278
-20.0	-28.75	1.0597782381705443
-20.0	-30.0	0.9619702086835682
-20.0	-31.25	0.9242502496690648
-20.0	-32.5	0.887058174212422
-20.0	-33.75	2.022007816403727
-20.0	-35.0	2.298031241109653
-18.75	-35.0	2.623670685227399
-18.75	-33.75	1.0829404635213784
-18.75	-32.5	0.9167598722926957
-18.75	-31.25	0.9952024491678415
-18.75	-30.0	0.9838146132203551
-18.75	-28.75	1.2996958979007989
-18.75	-27.5	1.3338569014120338
-18.75	-26.25	1.2167340797099886
-18.75	-25.0	0.9972980182924811
-18.75	-23.75	0.8664726104186489
-18.75	-22.5	0.8714911422993783
-18.75	-21.25	0.8747333014527481
-18.75	-20.0	0.8937690052492382
-18.75	-18.75	0.8798296584850167
-18.75	-17.5	0.8405338939870708
-18.75	-16.25	0.8322634495885168
-18.75	-15.0	0.8455543381564539
-18.75	-13.75	0.8543186059395582
-18.75	-12.5	0.8679391878749456
-18.75	-11.25	0.8643019238855505
-18.75	-10.0	0.8489358904693205
-18.75	-8.75	0.8533591520441295
-18.75	-7.5	0.859530700260156
-18.75	-6.25	0.8810048945448754
-18.75	-5.0	0.8921651950110459
-18.75	-3.75	0.9030588485920052
-18.75	-2.5	0.9456248633514663
-18.75	-1.25	0.8870454536320826
-18.75	0.0	0.8995300136386692
-18.75	1.25	0.9792672929280659
-18.75	2.5	0.9462190485319333
-18.75	3.75	0.9572186549764545
-18.75	5.0	0.9765833901835883
-18.75	6.25	0.9622950658257023
-18.75	7.5	0.9414703015791073
-18.75	8.75	0.9534309577503315
-18.75	10.0	0.9392236448237004
-18.75	11.25	0.9841812011749944
-18.75	12.5	0.9139183779602131
-18.75	13.75	0.9009303583886403
-18.75	15.0	0.9253419850224915
-18.75	16.25	0.9605469322522531
-18.75	17.5	0.9501147037650206
-18.75	18.75	0.9972151086039123
-18.75	20.0	0.923621173046401
-18.75	21.25	0.8801513204873483
-18.75	22.5	0.9045412220520745
-18.75	23.75	0.967176899709087
-18.75	25.0	1.1259695652478001
-18.75	26.25	1.1690958648457404
-18.75	27.5	1.381682759407501
-18.75	28.75	1.6353637633958886
-18.75	30.0	1.6719055041593016
-18.75	31.25	1.7136237411848612
-18.75	32.5	1.085282430656143
-18.75	33.75	1.2639662109566956
-18.75	35.0	2.147850422292727
-17.5	36.25	1.8153065619345474
-17.5	35.0	1.7877881269667917
-17.5	33.75	1.0654615083495944
-17.5	32.5	1.7017936712453272
-17.5	31.25	1.4968946736418616
-17.5	30.0	1.7796352228484658
-17.5	28.75	1.4632319056105505
-17.5	27.5	1.328382153669443
-17.5	26.25	1.066316962653091
-17.5	25.0	1.028135403691664
-17.5	23.75	0.9030324313263023
-17.5	22.5	0.9207985238675898
-17.5	21.25	0.9275472914207548
-17.5	20.0	0.9958725513654487
-17.5	18.75	0.9655603743808978
-17.5	17.5	0.9514003913537481
-17.5	16.25	0.937637642124094
-17.5	15.0	0.9320631388153897
-17.5	13.75	0.962476914603644
-17.5	12.5	0.9733122887510977
-17.5	11.25	0.9245919674135568
-17.5	10.0	0.9834839633019392
-17.5	8.75	0.9270989277313166
-17.5	7.5	0.917706169036169
-17.5	6.25	0.9032566930196708
-17.5	5.0	0.915083431327699
-17.5	3.75	0.9094915210079604
-17.5	2.5	0.9157360021606102
-17.5	1.25	0.928059066379511
-17.5	-0.0	0.9133818910315199
-17.5	-1.25	0.91639484436792
-17.5	-2.5	0.9017919795806586
-17.5	-3.75	0.924419083780796
-17.5	-5.0	0.9360820796052751
-17.5	-6.25	0.9278585495946645
-17.5	-7.5	0.9146472753879404
-17.5	-8.75	0.8804365495404163
-17.5	-10.0	0.8572279300726358
-17.5	-11.25	0.842462325255422
-17.5	-12.5	0.8400351716339785
-17.5	-13.75	0.8512824694325802
-17.5	-15.0	0.8605258744497535
-17.5	-16.25	0.8530880124842213
-17.5	-17.5	0.8208706825807264
-17.5	-18.75	0.8476602443698313
-17.5	-20.0	0.8627373468791291
-17.5	-21.25	0.8776109947495989
-17.5	-22.5	0.8991064889377443
-17.5	-23.75	0.873073436198121
-17.5	-25.0	0.8715988494995317
-17.5	-26.25	1.0341087183465554
-17.5	-27.5	1.2864767541052053
-17.5	-28.75	1.3837077844952406
-17.5	-30.0	1.2204461302676908
-17.5	-31.25	0.9840494759092149
-17.5	-32.5	0.9155541651697297
-17.5	-33.75	0.9505890680134934
-17.5	-35.0	1.9163780237186723
-17.5	-36.25	2.2056152840726764
-16.25	-36.25	2.5161690669664116
-16.25	-35.0	1.230374782789526
-16.25	-33.75	0.9365082959006719
-16.25	-32.5	0.9679007755628888
-16.25	-31.25	1.0780705380017963
-16.25	-30.0	1.3664759793479657
-16.25	-28.75	1.3773978374988634
-16.25	-27.5	1.125544488345243
-16.25	-26.25	0.8912314318301542
-16.25	-25.0	0.8918008340568928
-16.25	-23.75	0.8664674702753636
-16.25	-22.5	0.8933168596376753
-16.25	-21.25	0.8909580317748791
-16.25	-20.0	0.8452026629471154
-16.25	-18.75	0.8383954944493741
-16.25	-17.5	0.8368952675532828
-16.25	-16.25	0.8495671719713505
-16.25	-15.0	0.8510672001523245
-16.25	-13.75	0.8393210523123464
-16.25	-12.5	0.8647644752805466
-16.25	-11.25	0.8806861366359229
-16.25	-10.0	0.8705781924008482
-16.25	-8.75	0.9013338918242129
-16.25	-7.5	0.9304226744872519
-16.25	-6.25	0.922192966104384
-16.25	-5.0	0.9292853005096919
-16.25	-3.75	0.93674335355196
-16.25	-2.5	0.9253568295105863
-16.25	-1.25	0.9273779723515911
-16.25	0.0	0.9256080601188232
-16.25	1.25	0.9793414678625858
-16.25	2.5	0.9625004655410656
-16.25	3.75	0.9668004688289251
-16.25	5.0	0.9635519772153316
-16.25	6.25	0.9508654800506102
-16.25	7.5	1.0041061853752877
-16.25	8.75	0.9702965144985622
-16.25	10.0	0.9367260334091938
-16.25	11.25	0.9741872805111882
-16.25	12.5	0.9389548750407659
-16.25	13.75	0.9637240285651583
-16.25	15.0	0.9484554899500921
-16.25	16.25	0.925951018680669
-16.25	17.5	0.9216012172819514
-16.25	18.75	0.9731453574877138
-16.25	20.0	0.9674651917627539
-16.25	21.25	0.99277293652412
-16.25	22.5	0.9211668382219962
-16.25	23.75	0.8999582473488772
-16.25	25.0	0.9619548118966321
-16.25	26.25	1.0717417322200031
-16.25	27.5	1.124398082517228
-16.25	28.75	1.3615260560527753
-16.25	30.0	1.5322142594201935
-16.25	31.25	1.8154687161090388
-16.25	32.5	1.6532594966049228
-16.25	33.75	1.231625957765715
-16.25	35.0	1.2171544808304455
-16.25	36.25	2.0262247243333533
-15.0	37.5	2.128591523149036
-15.0	36.25	2.0176872525667218
-15.0	35.0	1.1006087771015194
-15.0	33.75	1.610613868485622
-15.0	32.5	1.578844853286352
-15.0	31.25	1.7629008160955975
-15.0	30.0	1.4175513041170458
-15.0	28.75	1.2539232939429388
-15.0	27.5	1.0788927843748617
-15.0	26.25	1.0170688152107212
-15.0	25.0	0.9207181507497264
-15.0	23.75	0.9034544170301375
-15.0	22.5	0.9751729353820178
-15.0	21.25	0.9735535678047533
-15.0	20.0	1.025758916565973
-15.0	18.75	0.9441944364544206
-15.0	17.5	0.9489627403142205
-15.0	16.25	0.9646623596640405
-15.0	15.0	0.995724418725553
-15.0	13.75	0.9463669274883184
-15.0	12.5	0.9935840785895351
-15.0	11.25	0.9320632612739885
-15.0	10.0	0.915060556894546
-15.0	8.75	0.9462726187051915
-15.0	7.5	0.9620455652792845
-15.0	6.25	0.9363791301746618
-15.0	5.0	0.9382634113650319
-15.0	3.75	0.9411768015119284
-15.0	2.5	0.943285405373774
-15.0	1.25	0.94509775761437
-15.0	-0.0	0.9248691541102794
-15.0	-1.25	0.9164248311920931
-15.0	-2.5	0.8984898190914699
-15.0	-3.75	0.9068653073068624
-15.0	-5.0	0.8803762543544824
-15.0	-6.25	0.8916824054958408
-15.0	-7.5	0.8903498726384171
-15.0	-8.75	0.9112636933071077
-15.0	-10.0	0.8926027717021734
-15.0	-11.25	0.8705681758260972
-15.0	-12.5	0.9201180949619259
-15.0	-13.75	0.8782127006768903
-15.0	-15.0	0.8447467220343441
-15.0	-16.25	0.83889394679038
-15.0	-17.5	0.8340226403174631
-15.0	-18.75	0.8218524347946623
-15.0	-20.0	0.8344918884654762
-15.0	-21.25	0.8368499192840515
-15.0	-22.5	1.0014096086629634
-15.0	-23.75	0.8749891348188754
-15.0	-25.0	0.8884642598684325
-15.0	-26.25	0.8792754339191964
-15.0	-27.5	0.943109205222326
-15.0	-28.75	1.2519470809063993
-15.0	-30.0	1.4413222519391393
-15.0	-31.25	1.308364659015969
-15.0	-32.5	0.9766605124521259
-15.0	-33.75	0.9182387911898537
-15.0	-35.0	1.0145052462047008
-15.0	-36.25	4.999999999999957
-15.0	-37.5	2.186644679486318
-13.75	-37.5	2.4250054783982877
-13.75	-36.25	1.715216586345539
-13.75	-35.0	0.9726680783933217
-13.75	-33.75	1.0070119959350778
-13.75	-32.5	1.061150020269893
-13.75	-31.25	1.4097072526971077
-13.75	-30.0	1.394925974574579
-13.75	-28.75	1.0868481639610135
-13.75	-27.5	0.8965137125845697
-13.75	-26.25	0.8780192350380256
-13.75	-25.0	0.8741572362649164
-13.75	-23.75	0.9407626183564544
-13.75	-22.5	0.9076381414247177
-13.75	-21.25	0.8468061497739532
-13.75	-20.0	0.8348161815869082
-13.75	-18.75	0.8445227210362969
-13.75	-17.5	0.8358915759294971
-13.75	-16.25	0.8250565321933419
-13.75	-15.0	0.8666145070895421
-13.75	-13.75	0.891302682204528
-13.75	-12.5	0.8852796957621383
-13.75	-11.25	0.8878977315895709
-13.75	-10.0	0.8821592979410822
-13.75	-8.75	0.8722692914763748
-13.75	-7.5	0.8640485080738225
-13.75	-6.25	0.8721282232607983
-13.75	-5.0	0.8809935112324592
-13.75	-3.75	0.8820436519851214
-13.75	-2.5	0.8953828492274134
-13.75	-1.25	0.8633292551088179
-13.75	0.0	0.8900512249572312
-13.75	1.25	0.9052721588350945
-13.75	2.5	0.8976425969165645
-13.75	3.75	0.9033420095714799
-13.75	5.0	0.9026762566457327
-13.75	6.25	0.9047707826637419
-13.75	7.5	0.9112380075346236
-13.75	8.75	0.915149824379105
-13.75	10.0	0.919048198199981
-13.75	11.25	0.9169458628789862
-13.75	12.5	0.9378992725131656
-13.75	13.75	0.9860212725467941
-13.75	15.0	0.9564199950981234
-13.75	16.25	1.021456564625085
-13.75	17.5	0.961886167671314
-13.75	18.75	0.9486227506014249
-13.75	20.0	0.9607355365689578
-13.75	21.25	0.9960612357816023
-13.75	22.5	1.008406557950586
-13.75	23.75	0.9428530344679773
-13.75	25.0	0.9119156153145038
-13.75	26.25	0.9719301697658373
-13.75	27.5	1.1013218076661202
-13.75	28.75	1.137259773322251
-13.75	30.0	1.3583179444120042
-13.75	31.25	1.549573028672886
-13.75	32.5	1.7861210670450411
-13.75	33.75	1.714570645609216
-13.75	35.0	1.1828450820567715
-13.75	36.25	1.3880037818715483
-13.75	37.5	2.018685345281046
-12.5	37.5	2.394374121153911
-12.5	36.25	1.1547991244057965
-12.5	35.0	1.4585700510609643
-12.5	33.75	1.7317172947881083
-12.5	32.5	1.8410899665918752
-12.5	31.25	1.4415764397505715
-12.5	30.0	1.30214440800028
-12.5	28.75	1.1235231357766775
-12.5	27.5	1.0265414225028566
-12.5	26.25	0.9347381824889309
-12.5	25.0	0.9074958989607591
-12.5	23.75	0.9920601245563674
-12.5	22.5	0.9874602045335354
-12.5	21.25	0.9567900525944761
-12.5	20.0	0.9634549921018287
-12.5	18.75	0.9569495667364647
-12.5	17.5	1.0414009682087695
-12.5	16.25	0.9848503461485691
-12.5	15.0	0.9943466571816897
-12.5	13.75	0.9459319307179133
-12.5	12.5	0.942403230038046
-12.5	11.25	0.9335417321959518
-12.5	10.0	0.9262035083270712
-12.5	8.75	0.8999715329582916
-12.5	7.5	0.8951828462769811
-12.5	6.25	0.9090382390878284
-12.5	5.0	0.9273039689477134
-12.5	3.75	0.9423614233552566
-12.5	2.5	0.9302612995101196
-12.5	1.25	0.9293320885701162
-12.5	-0.0	0.9413459201058529
-12.5	-1.25	0.9299909022817872
-12.5	-2.5	0.9608007331699921
-12.5	-3.75	0.9534684814766212
-12.5	-5.0	0.9698762091571034
-12.5	-6.25	0.8967219803174693
-12.5	-7.5	0.885809777941585
-12.5	-8.75	0.8707327635776831
-12.5	-10.0	0.8842687954568689
-12.5	-11.25	0.8702518207612497
-12.5	-12.5	0.875097741978232
-12.5	-13.75	0.8700176716945425
-12.5	-15.0	0.9055333538106698
-12.5	-16.25	0.8629641798906267
-12.5	-17.5	0.8470086428360233
-12.5	-18.75	0.8432961317659524
-12.5	-20.0	0.8294189916529016
-12.5	21.25	0.9608277791408444
-12.5	22.5	0.982952270127643
-12.5	23.75	0.9979657231839045
-12.5	25.0	0.9010972920473694
-12.5	26.25	0.9263958061032582
-12.5	27.5	1.0377863623904275
-12.5	28.75	1.117190390193623
-12.5	30.0	1.3026880031529453
-12.5	31.25	1.440053331746551
-12.5	32.5	1.8358986321737971
-12.5	33.75	1.7422548389006103
-12.5	35.0	1.4395413851374546
-12.5	36.25	1.1590428451643628
-12.5	37.5	2.2929972899058972
-11.25	38.75	2.128681042383363
-11.25	37.5	1.953464029453988
-11.25	36.25	1.073537493282961
-11.25	35.0	1.6112746424299873
-11.25	33.75	1.6241821994167793
-11.25	32.5	-1.6894036487943214
-11.25	31.25	1.3738433272165027
-11.25	30.0	1.2112399467144774
-11.25	28.75	1.1116118330152203
-11.25	27.5	0.9733636533175316
-11.25	26.25	0.9087706573111367
-11.25	25.0	0.9333970929609787
-11.25	23.75	1.0251583850437935
-11.25	22.5	0.9704810880491443
-11.25	21.25	0.9655159095824182
-11.25	20.0	0.9752998168646396
-11.25	18.75	1.0210365102291181
-11.25	17.5	1.013592689488937
-11.25	16.25	1.0329022724873305
-11.25	15.0	0.9724350921645755
-11.25	13.75	0.9582691394217102
-11.25	12.5	0.9274057063236372
-11.25	11.25	0.9395554298178999
-11.25	10.0	0.9340957562205965
-11.25	8.75	0.921580212175499
-11.25	7.5	0.9182763251381223
-11.25	6.25	0.9034699271182314
-11.25	5.0	0.8901130077771917
-11.25	3.75	0.9146009561755069
-11.25	2.5	0.9036743617316203
-11.25	1.25	0.8927008649490915
-11.25	-0.0	0.908247391740991
-11.25	-1.25	0.8980826045672714
-11.25	-2.5	0.8884956233641974
-11.25	-3.75	0.8942322509145022
-11.25	-5.0	0.901244303354126
-11.25	-6.25	0.9009324627770159
-11.25	-7.5	0.8934947412830931
-11.25	-8.75	0.8971212046250399
-11.25	-10.0	0.8943427260210255
-11.25	-11.25	0.8636676159270262
-11.25	-12.5	0.8614499437552201
-11.25	-13.75	0.8800899356635732
-11.25	-15.0	0.8940516477812475
-11.25	-16.25	0.8725606498959415
-11.25	-17.5	0.8620119034038591
-11.25	-18.75	0.8800050853871504
-11.25	-20.0	0.8415777619727312
-11.25	-21.25	0.8402482228114376
-11.25	-22.5	0.8528014443468717
-11.25	-23.75	0.8683804535640052
-11.25	-25.0	0.928541857965465
-11.25	-26.25	0.8928728250968732
-11.25	-27.5	0.8762120263379742
-11.25	-28.75	0.9021861459983294
-11.25	-30.0	1.1303177598974345
-11.25	-31.25	1.41725095336231
-11.25	-32.5	1.410018778467479
-11.25	-33.75	1.0677024514111686
-11.25	-35.0	0.9790177854416395
-11.25	-36.25	1.0699789113626306
-11.25	-37.5	4.129064172195983
-11.25	-38.75	2.2431466486769267
-10.0	-38.75	2.585500141130515
-10.0	-37.5	-2.1771355480043852
-10.0	-36.25	1.0235230085737212
-10.0	-35.0	1.0493406031295525
-10.0	-33.75	1.1997386524062401
-10.0	-32.5	1.4819798724046374
-10.0	-31.25	1.3602432070485584
-10.0	-30.0	1.0021296845713499
-10.0	-28.75	0.9044510032453541
-10.0	-27.5	0.8813308906557795
-10.0	-26.25	0.9058711939945336
-10.0	-25.0	1.030923182989926
-10.0	-23.75	0.8526519414391931
-10.0	-22.5	0.8326403733818211
-10.0	-21.25	0.8363816208180062
-10.0	-20.0	0.8519330270846641
-10.0	-18.75	0.8705097776602457
-10.0	-17.5	0.8408212729734572
-10.0	-16.25	0.8754796400407088
-10.0	-15.0	0.8890697383744106
-10.0	-13.75	0.8905361560149805
-10.0	-12.5	0.8820179066309111
-10.0	-11.25	0.8767268530016725
-10.0	-10.0	0.8804607812202994
-10.0	-8.75	0.8748857906275775
-10.0	-7.5	0.8731102294950501
-10.0	-6.25	0.8699130334725069
-10.0	-5.0	0.901968165070314
-10.0	-3.75	0.9110695765423262
-10.0	-2.5	0.8991432139029936
-10.0	-1.25	0.9017109493953068
-10.0	0.0	0.8900549303705354
-10.0	1.25	0.9134642922098966
-10.0	2.5	0.9061260867898326
-10.0	3.75	0.893295650373009
-10.0	5.0	0.9056747971645631
-10.0	6.25	0.8879544107932
-10.0	7.5	0.8906902270728478
-10.0	8.75	0.9021944015690941
-10.0	10.0	0.9386057447010367
-10.0	11.25	0.9346067930317421
-10.0	12.5	0.9415650893607719
-10.0	13.75	0.9884445463168845
-10.0	15.0	0.970143451728454
-10.0	16.25	0.9627935901902234
-10.0	17.5	1.0116837529948253
-10.0	18.75	1.0455516841853685
-10.0	20.0	0.9622749508544004
-10.0	21.25	0.9907242612572054
-10.0	22.5	0.9554498471215433
-10.0	23.75	0.9950661644427283
-10.0	25.0	0.9975468518404433
-10.0	26.25	0.9006478947290883
-10.0	27.5	0.9482534976708212
-10.0	28.75	1.0809873253868982
-10.0	30.0	1.1028659037670154
-10.0	31.25	1.4073520516974058
-10.0	32.5	1.5454212612992135
-10.0	33.75	1.8128016847019124
-10.0	35.0	1.6417907136956273
-10.0	36.25	1.1089594874031716
-10.0	37.5	1.5045109754892314
-10.0	38.75	2.2350909862944786
-8.75	38.75	2.1570528795271304
-8.75	37.5	1.2624528206852759
-8.75	36.25	1.277419710632028
-8.75	35.0	1.4691911877750297
-8.75	33.75	1.7827555894649816
-8.75	32.5	1.451262794319998
-8.75	31.25	1.3387894080219
-8.75	30.0	1.103155927758496
-8.75	28.75	1.0459352241148823
-8.75	27.5	0.914235064544231
-8.75	26.25	0.915913008750131
-8.75	25.0	1.0475944110171396
-8.75	23.75	0.988876627889268
-8.75	22.5	0.9699764706375351
-8.75	21.25	0.9832981490942423
-8.75	20.0	0.9935869417922998
-8.75	18.75	1.029634631212998
-8.75	17.5	0.9976126639358709
-8.75	16.25	0.9847722041798201
-8.75	15.0	0.9388246210831372
-8.75	13.75	0.9439267366666071
-8.75	12.5	1.0105728925361115
-8.75	11.25	0.977935595854408
-8.75	10.0	0.9071173808080815
-8.75	8.75	0.9037586246991793
-8.75	7.5	0.916366324598183
-8.75	6.25	0.9031285392026511
-8.75	5.0	0.8796490002561663
-8.75	3.75	0.8888988616840976
-8.75	2.5	0.8682896935821125
-8.75	1.25	0.8854887766893826
-8.75	-0.0	0.8766118730968167
-8.75	-1.25	0.8933950997770381
-8.75	-2.5	0.9174485004126263
-8.75	-3.75	0.9087098016154895
-8.75	-5.0	0.8859865890292191
-8.75	-6.25	0.880208169341218
-8.75	-7.5	0.8765035695019119
-8.75	-8.75	0.8854182117543354
-8.75	-10.0	0.8720322651754175
-8.75	-11.25	0.8661600303724768
-8.75	-12.5	0.890891635217173
-8.75	-13.75	0.9208812023010164
-8.75	-15.0	0.8808887036431043
-8.75	-16.25	0.8754623939284674
-8.75	-17.5	0.8663770122596421
-8.75	-18.75	0.8463130817588453
-8.75	-20.0	0.840836694909207
-8.75	-21.25	0.8371103951094527
-8.75	-22.5	0.8292827729756187
-8.75	-23.75	0.8449808845804228
-8.75	-25.0	0.9057951199417502
-8.75	-26.25	0.921654037061634
-8.75	-27.5	0.8840871655323399
-8.75	-28.75	0.8983151505856952
-8.75	-30.0	0.9361556078398365
-8.75	-31.25	1.263880020117691
-8.75	-32.5	1.4741951356407137
-8.75	-33.75	1.3243726279307761
-8.75	-35.0	1.090300198449662
-8.75	-36.25	0.9680762435144521
-8.75	-37.5	1.5864252303519386
-8.75	-38.75	2.926671465175823
-7.5	-38.75	3.1480397753290585
-7.5	-37.5	1.294598965880926
-7.5	-36.25	0.989489113373553
-7.5	-35.0	1.121666605894549
-7.5	-33.75	1.444171364252015
-7.5	-32.5	1.4534007779898515
-7.5	-31.25	1.162705240879239
-7.5	-30.0	0.8977883313020278
-7.5	-28.75	0.8847852168251915
-7.5	-27.5	0.8610889696753867
-7.5	-26.25	0.9913514352738018
-7.5	-25.0	0.8338956180112991
-7.5	-23.75	0.8339818798070908
-7.5	-22.5	0.8347802978796519
-7.5	-21.25	0.8489685108108036
-7.5	-20.0	0.838891385538302
-7.5	-18.75	0.8592036460421575
-7.5	-17.5	0.862360533558828
-7.5	-16.25	0.875198473713982
-7.5	-15.0	0.9013480425831064
-7.5	-13.75	0.8949294855989143
-7.5	-12.5	0.8774689829551932
-7.5	-11.25	0.8754053577767227
-7.5	-10.0	0.8860601200644993
-7.5	-8.75	0.8656304991700363
-7.5	-7.5	0.8641041938650424
-7.5	-6.25	0.8835361447594412
-7.5	-5.0	0.8866943428028868
-7.5	-3.75	0.9219386000297414
-7.5	-2.5	0.9220914020951687
-7.5	-1.25	0.8715220171383358
-7.5	0.0	0.8775525745977095
-7.5	1.25	0.8774507716496665
-7.5	2.5	0.8842229041673058
-7.5	3.75	0.8974451190800012
-7.5	5.0	0.8841359818720642
-7.5	6.25	0.872679298183443
-7.5	7.5	0.9131545841578994
-7.5	8.75	0.9059926283463335
-7.5	10.0	0.9044725730497758
-7.5	11.25	0.9470566616755871
-7.5	12.5	0.963485585107879
-7.5	13.75	0.942269638778451
-7.5	15.0	0.9500923120118365
-7.5	16.25	0.9998825925570269
-7.5	17.5	0.9917964019440646
-7.5	18.75	0.9837719833180749
-7.5	20.0	1.0627002600948385
-7.5	21.25	0.9776049891225691
-7.5	22.5	0.9908894156657322
-7.5	23.75	1.0007071618718477
-7.5	25.0	1.035581544939454
-7.5	26.25	0.944228043266139
-7.5	27.5	0.9181828934324221
-7.5	28.75	0.9944262954128966
-7.5	30.0	1.0956452462805721
-7.5	31.25	1.2927315334003122
-7.5	32.5	1.435606565669465
-7.5	33.75	1.7282322834681318
-7.5	35.0	1.5916495700268518
-7.5	36.25	1.459503886755419
-7.5	37.5	1.1408143316334263
-7.5	38.75	2.5959127547600698
-6.25	40.0	2.1894714041604146
-6.25	38.75	2.2851619601888924
-6.25	37.5	1.0727862437020628
-6.25	36.25	1.544155764613084
-6.25	35.0	1.641482366456244
-6.25	33.75	1.6558685955700785
-6.25	32.5	1.4285028205233026
-6.25	31.25	1.1907359436293437
-6.25	30.0	1.0942714855951472
-6.25	28.75	0.9556798229306303
-6.25	27.5	0.899962823608977
-6.25	26.25	1.000377287355997
-6.25	25.0	0.99289755493984
-6.25	23.75	0.9906491959778769
-6.25	22.5	0.9796113152473307
-6.25	21.25	0.9892540010195541
-6.25	20.0	1.0319905585102322
-6.25	18.75	0.9894964841752438
-6.25	17.5	0.9863062636838453
-6.25	16.25	0.9724099084034847
-6.25	15.0	0.9422695276500921
-6.25	13.75	0.9422663889382275
-6.25	12.5	0.9688042322137855
-6.25	11.25	0.9619405210629806
-6.25	10.0	0.9040296150958298
-6.25	8.75	0.9054559053474689
-6.25	7.5	0.8993527831939385
-6.25	6.25	0.8842433214027619
-6.25	5.0	0.8924583202177114
-6.25	3.75	0.8832610098886278
-6.25	2.5	0.8747129806843832
-6.25	1.25	0.8685918269856838
-6.25	-0.0	0.8562602658798779
-6.25	-1.25	0.8783956333224623
-6.25	-2.5	0.9100280122770279
-6.25	-3.75	0.9104476864073332
-6.25	-5.0	0.8693926925957811
-6.25	-6.25	0.8668286000615666
-6.25	-7.5	0.8627778912295607
-6.25	-8.75	0.8785440867287271
-6.25	-10.0	0.8783197161016707
-6.25	-11.25	0.8725275540888422
-6.25	-12.5	0.849254393558569
-6.25	-13.75	0.911049386711527
-6.25	-15.0	0.9057459267984322
-6.25	-16.25	0.8943389250707412
-6.25	-17.5	0.845553494270086
-6.25	-18.75	0.8627951120220008
-6.25	-20.0	0.8328913058990208
-6.25	-21.25	0.8389620339573298
-6.25	-22.5	0.8371202478024742
-6.25	-23.75	0.8385360678447649
-6.25	-25.0	0.8502032954550813
-6.25	-26.25	0.9799319780516305
-6.25	-27.5	0.890621541357933
-6.25	-28.75	0.8890501658589152
-6.25	-30.0	0.9026482673015579
-6.25	-31.25	1.0746602328487267
-6.25	-32.5	1.430991472164611
-6.25	-33.75	1.448615997327666
-6.25	-35.0	1.1299002527143482
-6.25	-36.25	1.0186451212094276
-6.25	-37.5	1.188033213663915
-6.25	-38.75	3.023008065056173
-6.25	-40.0	3.2190990068556538
-5.0	-40.0	2.9329231576858747
-5.0	-38.75	4.999999999999925
-5.0	-37.5	1.0765701219136332
-5.0	-36.25	1.0791732674818757
-5.0	-35.0	1.1618945814941926
-5.0	-33.75	1.4898219252631435
-5.0	-32.5	1.381284025975182
-5.0	-31.25	0.9933545263546781
-5.0	-30.0	0.908682356038895
-5.0	-28.75	0.8771362410007715
-5.0	-27.5	0.8950132172426954
-5.0	-26.25	0.9364151699210819
-5.0	-25.0	0.8434517685766698
-5.0	-23.75	0.8438864232317744
-5.0	-22.5	0.8317649340320363
-5.0	-21.25	0.8352482056711974
-5.0	-20.0	0.8468857438686372
-5.0	-18.75	0.8761553845348748
-5.0	-17.5	0.8542479594347752
-5.0	-16.25	0.9075749696029733
-5.0	-15.0	0.8981665047326937
-5.0	-13.75	0.8872138452755118
-5.0	-12.5	0.8907405212669719
-5.0	-11.25	0.8664533033135768
-5.0	-10.0	0.8790159395287152
-5.0	-8.75	0.8582521262613065
-5.0	-7.5	0.8684676087353695
-5.0	-6.25	0.8862434221403532
-5.0	-5.0	0.8924480622535018
-5.0	-3.75	0.9174881131014487
-5.0	-2.5	0.9116567439287779
-5.0	-1.25	0.8805289242684013
-5.0	0.0	0.8923235044392772
-5.0	1.25	0.8876627586180375
-5.0	2.5	0.887047117914399
-5.0	3.75	0.891111122342787
-5.0	5.0	0.8838156965408404
-5.0	6.25	0.9020594228477643
-5.0	7.5	0.8802062742729024
-5.0	8.75	0.9016694952331159
-5.0	10.0	0.9160816806888299
-5.0	11.25	0.9517518960123823
-5.0	12.5	0.9698278131809257
-5.0	13.75	0.9256507060172359
-5.0	15.0	0.9396579979865027
-5.0	16.25	0.9751129862105481
-5.0	17.5	0.9801171745276758
-5.0	18.75	0.9895009054976533
-5.0	20.0	1.017431483726301
-5.0	21.25	0.999970655693387
-5.0	22.5	0.9963539027834951
-5.0	23.75	0.9771543261251718
-5.0	25.0	1.0236069956011118
-5.0	26.25	1.0584772906557642
-5.0	27.5	0.8986659963708021
-5.0	28.75	0.9464001959739141
-5.0	30.0	1.128629566532485
-5.0	31.25	1.1320399391873703
-5.0	32.5	1.4711359421287806
-5.0	33.75	1.5961543435691548
-5.0	35.0	1.7006505005848105
-5.0	36.25	1.5901432696480322
-5.0	37.5	1.0741305861345838
-5.0	38.75	1.8619841106528368
-5.0	40.0	2.2062459387109987
-3.75	40.0	2.495271184797714
-3.75	38.75	1.6171481048361844
-3.75	37.5	1.0628166599176865
-3.75	36.25	1.6637684716646621
-3.75	35.0	1.7989794225325442
-3.75	33.75	1.5659545223235813
-3.75	32.5	1.4702388224361869
-3.75	31.25	1.1271300885085598
-3.75	30.0	1.112238739536938
-3.75	28.75	0.9201381805474282
-3.75	27.5	0.9060427241281976
-3.75	26.25	1.0562637377045823
-3.75	25.0	0.9932183123181968
-3.75	23.75	0.9910236400577723
-3.75	22.5	0.9772159159750435
-3.75	21.25	1.0710181234726672
-3.75	20.0	1.0386808859256487
-3.75	18.75	0.9912111492827957
-3.75	17.5	0.9989727164721138
-3.75	16.25	0.9707847575128925
-3.75	15.0	0.944591513431428
-3.75	13.75	0.9255983396539929
-3.75	12.5	0.977136018396445
-3.75	11.25	0.9506613992602686
-3.75	10.0	0.9070575083138301
-3.75	8.75	0.9160629250109587
-3.75	7.5	0.9062331704827145
-3.75	6.25	0.8924727952159861
-3.75	5.0	0.8825646058305239
-3.75	3.75	0.8939607443572068
-3.75	2.5	0.8776234419129008
-3.75	1.25	0.8701332076329109
-3.75	-0.0	0.8890017924769991
-3.75	-1.25	0.8802194023483425
-3.75	-2.5	0.9200769264600908
-3.75	-3.75	0.93255561523927
-3.75	-5.0	0.8837667821178243
-3.75	-6.25	0.8663009960174737
-3.75	-7.5	0.8926043744723886
-3.75	-8.75	0.8714218329849253
-3.75	-10.0	0.8882964053978712
-3.75	-11.25	0.8885885316657705
-3.75	-12.5	0.8940616054091617
-3.75	-13.75	0.8830243401629261
-3.75	-15.0	0.9030345146567331
-3.75	-16.25	0.8568599679212872
-3.75	-17.5	0.8596448454990169
-3.75	-18.75	0.8575584434224472
-3.75	-20.0	0.8429245575490976
-3.75	-21.25	0.8213618075403453
-3.75	-22.5	0.839822292245664
-3.75	-23.75	0.860525111983419
-3.75	-25.0	0.8242098309617063
-3.75	-26.25	0.9028220466293178
-3.75	-27.5	0.9274031388428039
-3.75	-28.75	0.8852448663180565
-3.75	-30.0	0.8976146287310751
-3.75	-31.25	0.954257921758134
-3.75	-32.5	1.3455793096869613
-3.75	-33.75	1.4609791506021494
-3.75	-35.0	1.2357685010267838
-3.75	-36.25	1.1210205684258447
-3.75	-37.5	1.0236420780596625
-3.75	-38.75	5.0
-3.75	-40.0	3.54438046638405
-2.5	-40.0	2.497400639696461
-2.5	-38.75	2.4313989985114564
-2.5	-37.5	1.0439888817230427
-2.5	-36.25	1.152274313083299
-2.5	-35.0	1.2830304049170485
-2.5	-33.75	1.4750649706380559
-2.5	-32.5	1.3171652909472575
-2.5	-31.25	0.9482588382988837
-2.5	-30.0	0.931140473774942
-2.5	-28.75	0.8790739272531765
-2.5	-27.5	0.9484241377617213
-2.5	-26.25	0.8780250530514238
-2.5	-25.0	0.8428966211964912
-2.5	-23.75	0.8415291226415693
-2.5	-22.5	0.8327096600506838
-2.5	-21.25	0.8281026364626962
-2.5	-20.0	0.8486599059483657
-2.5	-18.75	0.8484383205221411
-2.5	-17.5	0.8743597303468835
-2.5	-16.25	0.8673899644320029
-2.5	-15.0	0.8851350750703322
-2.5	-13.75	0.9109046722142704
-2.5	-12.5	0.9184547946467978
-2.5	-11.25	0.8789890850855073
-2.5	-10.0	0.870423518461843
-2.5	-8.75	0.875838280584043
-2.5	-7.5	0.8805146067369787
-2.5	-6.25	0.8834513963630242
-2.5	-5.0	0.8974928523891625
-2.5	-3.75	0.9244482481185532
-2.5	-2.5	0.9052468375229665
-2.5	-1.25	0.890655444942472
-2.5	0.0	0.8884206099755767
-2.5	1.25	0.8781501996063881
-2.5	2.5	0.88340951824736
-2.5	3.75	0.8790275241294774
-2.5	5.0	0.8849287088000191
-2.5	6.25	0.9083687052306697
-2.5	7.5	0.8787099743411444
-2.5	8.75	0.9163997340992216
-2.5	10.0	0.8931091079381437
-2.5	11.25	0.975162774583719
-2.5	12.5	0.9582423787231491
-2.5	13.75	0.934309211812641
-2.5	15.0	0.9503856662543422
-2.5	16.25	0.9703829355613856
-2.5	17.5	0.9857276406599658
-2.5	18.75	0.9992840827237393
-2.5	20.0	1.0224861586001754
-2.5	21.25	1.060631191897694
-2.5	22.5	0.9962243260239179
-2.5	23.75	0.986905249084618
-2.5	25.0	1.0030339400447996
-2.5	26.25	1.0496880479117898
-2.5	27.5	0.9216370284049944
-2.5	28.75	0.9233662515940599
-2.5	30.0	1.0819002606558499
-2.5	31.25	1.1334094632484382
-2.5	32.5	1.4746954260496725
-2.5	33.75	1.5663594168761321
-2.5	35.0	1.8257894001443606
-2.5	36.25	1.6300871916315671
-2.5	37.5	1.0777559189150896
-2.5	38.75	1.471231205606732
-2.5	40.0	2.42916565499832
-1.25	40.0	2.7367066449458317
-1.25	38.75	1.4713287020055033
-1.25	37.5	1.1084538096044714
-1.25	36.25	1.6003140679551926
-1.25	35.0	1.8199760088755665
-1.25	33.75	1.5489311240257049
-1.25	32.5	1.4577551456383055
-1.25	31.25	1.1310436621906383
-1.25	30.0	1.0812402845185431
-1.25	28.75	0.9194589698419193
-1.25	27.5	0.9280249910408589
-1.25	26.25	1.0635150544726173
-1.25	25.0	0.9984537769891819
-1.25	23.75	0.999083939429215
-1.25	22.5	1.0180068051056974
-1.25	21.25	1.0817547170297557
-1.25	20.0	1.0010601306369615
-1.25	18.75	0.9906724759955852
-1.25	17.5	0.9731512497143928
-1.25	16.25	0.9755148313136672
-1.25	15.0	0.9344367595711809
-1.25	13.75	0.9316389266781231
-1.25	12.5	0.967009253579989
-1.25	11.25	0.9571925985974206
-1.25	10.0	0.8879391047941478
-1.25	8.75	0.9166720877749839
-1.25	7.5	0.8807740337378354
-1.25	6.25	0.9064323256296234
-1.25	5.0	0.8789113138688007
-1.25	3.75	0.880029371724631
-1.25	2.5	0.8724849653896154
-1.25	1.25	0.8747375386189526
-1.25	-0.0	0.8955999025303196
-1.25	-1.25	0.8723763224563879
-1.25	-2.5	0.9284246282235111
-1.25	-3.75	0.926411965663883
-1.25	-5.0	0.9123806171358151
-1.25	-6.25	0.8986035342275409
-1.25	-7.5	0.871627847573957
-1.25	-8.75	0.8901144431528234
-1.25	-10.0	0.8805393895975353
-1.25	-11.25	0.8959705944110112
-1.25	-12.5	0.9088813321452225
-1.25	-13.75	0.8928621459737442
-1.25	-15.0	0.8937585506966599
-1.25	-16.25	0.8602160249830417
-1.25	-17.5	0.871624573184004
-1.25	-18.75	0.8574027043628512
-1.25	-20.0	0.8609884778692036
-1.25	-21.25	0.8442729375744147
-1.25	-22.5	0.836231503589131
-1.25	-23.75	0.8451335178270947
-1.25	-25.0	0.8358602943841067
-1.25	-26.25	0.8626291924787406
-1.25	-27.5	0.9441755066970465
-1.25	-28.75	0.8813862619280428
-1.25	-30.0	0.892100179608649
-1.25	-31.25	0.9056413707774151
-1.25	-32.5	1.271584209488628
-1.25	-33.75	1.4526239457071721
-1.25	-35.0	1.3156193729274301
-1.25	-36.25	1.1485832268158784
-1.25	-37.5	1.0139015645828495
-1.25	-38.75	2.3218082500481865
-1.25	-40.0	2.3777648067917267
0.0	-40.0	2.593489203543946
0.0	-38.75	2.1945009478196447
0.0	-37.5	1.0042764874702623
0.0	-36.25	1.1822820511480403
0.0	-35.0	1.3487104895168294
0.0	-33.75	1.4662194363853036
0.0	-32.5	1.2728235688397174
0.0	-31.25	0.9278344479850436
0.0	-30.0	0.9080589986600973
0.0	-28.75	0.8699982404725581
0.0	-27.5	0.9496170093427825
0.0	-26.25	0.8621045826666673
0.0	-25.0	0.8267628820268156
0.0	-23.75	0.8342917943839616
0.0	-22.5	0.8344747091651552
0.0	-21.25	0.8389707253442786
0.0	-20.0	0.8571254725103259
0.0	-18.75	0.8557187419518613
0.0	-17.5	0.8817676947559825
0.0	-16.25	0.8660993518628342
0.0	-15.0	0.8988355977512432
0.0	-13.75	0.8878847579094131
0.0	-12.5	0.9092348707207263
0.0	-11.25	0.8629027756031151
0.0	-10.0	0.8925442293987542
0.0	-8.75	0.8802609864307156
0.0	-7.5	0.8907347053876835
0.0	-6.25	0.8908469306061972
0.0	-5.0	0.908486311022636
0.0	-3.75	0.9271337130296553
0.0	-2.5	0.9228851603081729
0.0	-1.25	0.8914838986589846
0.0	0.0	0.8766319483080567
0.0	1.25	0.8905633801669444
0.0	2.5	0.887800085753252
0.0	3.75	0.8758811308485894
0.0	5.0	0.8747179286543627
0.0	6.25	0.8986214394541472
0.0	7.5	0.8940298204363089
0.0	8.75	0.9095891176576076
0.0	10.0	0.9110290490338224
0.0	11.25	0.9514340204452845
0.0	12.5	0.9676939437817103
0.0	13.75	0.9233166260760797
0.0	15.0	0.9256974997922374
0.0	16.25	0.9805599991295235
0.0	17.5	0.9803046880819464
0.0	18.75	0.9931747295070412
0.0	20.0	1.0383662612342803
0.0	21.25	1.0771168265300082
0.0	22.5	0.9586795134247419
0.0	23.75	0.9990723216961239
0.0	25.0	1.0034712318334504
0.0	26.25	1.082965295958065
0.0	27.5	0.9305238194197232
0.0	28.75	0.8990948675466113
0.0	30.0	1.0885726919818257
0.0	31.25	1.1168444855016961
0.0	32.5	1.375648288372319
0.0	33.75	1.550988062288675
0.0	35.0	1.8151887383635597
0.0	36.25	1.598989266402958
0.0	37.5	1.1221584403694411
0.0	38.75	1.453251635296203
0.0	40.0	2.5326794813545117
1.25	40.0	2.6993315093690633
1.25	38.75	1.4796510888008392
1.25	37.5	1.0941596948783268
1.25	36.25	1.5843460814843668
1.25	35.0	1.8126520852467802
1.25	33.75	1.5682841437025434
1.25	32.5	1.434687912629295
1.25	31.25	1.112391038975062
1.25	30.0	1.087588673756164
1.25	28.75	0.9145341355557868
1.25	27.5	0.9213441554445359
1.25	26.25	1.096441712476822
1.25	25.0	1.0038328531407839
1.25	23.75	0.9992017509104176
1.25	22.5	0.9541928900492955
1.25	21.25	1.092584864270827
1.25	20.0	1.0405006987620897
1.25	18.75	0.9944353036769744
1.25	17.5	0.9807133490141817
1.25	16.25	0.9582709169292247
1.25	15.0	0.9506302023961783
1.25	13.75	0.9283872940123539
1.25	12.5	0.9741672444644411
1.25	11.25	0.9450623843303996
1.25	10.0	0.8982072495226001
1.25	8.75	0.9099986113010097
1.25	7.5	0.8959488753878384
1.25	6.25	0.8986282746932588
1.25	5.0	0.8927668734668845
1.25	3.75	0.8955007917453042
1.25	2.5	0.8707710937939792
1.25	1.25	0.8579064318299636
1.25	-0.0	0.8740305068328311
1.25	-1.25	0.9035780548153918
1.25	-2.5	0.9101327798249814
1.25	-3.75	0.923366173590205
1.25	-5.0	0.9171916707946002
1.25	-6.25	0.892260508191991
1.25	-7.5	0.8784298808326074
1.25	-8.75	0.8735398893991251
1.25	-10.0	0.8807517221566687
1.25	-11.25	0.8609189790436034
1.25	-12.5	0.9205979588451205
1.25	-13.75	0.8806910807370194
1.25	-15.0	0.8806254696144142
1.25	-16.25	0.8925525334366124
1.25	-17.5	0.8736815510289864
1.25	-18.75	0.8592266151642107
1.25	-20.0	0.8533329438220729
1.25	-21.25	0.8443760486588339
1.25	-22.5	0.8503194747487157
1.25	-23.75	0.8482572173451537
1.25	-25.0	0.8292820934816447
1.25	-26.25	0.8621459212707263
1.25	-27.5	0.959238077302369
1.25	-28.75	0.8960926729657537
1.25	-30.0	0.9123040189112883
1.25	-31.25	0.9119336020181423
1.25	-32.5	1.268326193100199
1.25	-33.75	1.471237989002705
1.25	-35.0	1.2999097705220795
1.25	-36.25	1.1568081841284963
1.25	-37.5	1.0088773117721308
1.25	-38.75	2.1827766110813442
1.25	-40.0	2.71878329141348
2.5	-40.0	2.615530124740772
2.5	-38.75	2.407519146416867
2.5	-37.5	1.0214931546355377
2.5	-36.25	1.1538744435505777
2.5	-35.0	1.266633913881381
2.5	-33.75	1.4556779508979218
2.5	-32.5	1.2992348571406982
2.5	-31.25	0.9196487976552925
2.5	-30.0	0.8812025254520703
2.5	-28.75	0.8678820598658241
2.5	-27.5	0.9477186546474066
2.5	-26.25	0.8750945448418275
2.5	-25.0	0.845755670375202
2.5	-23.75	0.852989830898121
2.5	-22.5	0.837221829647385
2.5	-21.25	0.8348953375091437
2.5	-20.0	0.8636223375292378
2.5	-18.75	0.8755965963531773
2.5	-17.5	0.8951738638182682
2.5	-16.25	0.8707701000345738
2.5	-15.0	0.9028665059534902
2.5	-13.75	0.874813842734488
2.5	-12.5	0.8918556554699011
2.5	-11.25	0.8803093956881982
2.5	-10.0	0.8671334446549857
2.5	-8.75	0.8898432560158929
2.5	-7.5	0.9140167259971026
2.5	-6.25	0.8815353047229912
2.5	-5.0	0.9098566098483332
2.5	-3.75	0.9228437461301411
2.5	-2.5	0.9238555879718362
2.5	-1.25	0.8924405982449821
2.5	0.0	0.8987852419398843
2.5	1.25	0.8706344624911644
2.5	2.5	0.8758247335341469
2.5	3.75	0.8956181626849418
2.5	5.0	0.889384448724277
2.5	6.25	0.8988477206583365
2.5	7.5	0.874234762527232
2.5	8.75	0.8907209411787376
2.5	10.0	0.9027929795596439
2.5	11.25	0.9484901168284736
2.5	12.5	0.9837492360422209
2.5	13.75	0.9439570838131424
2.5	15.0	0.9371004954130928
2.5	16.25	0.9844875565163687
2.5	17.5	0.98869668670023
2.5	18.75	0.9785105347469631
2.5	20.0	1.0445080717778135
2.5	21.25	1.0297003949813766
2.5	22.5	0.9835716185826264
2.5	23.75	1.0005146438792476
2.5	25.0	1.006473410758825
2.5	26.25	1.06794470833976
2.5	27.5	0.9118413523814661
2.5	28.75	0.909751677517936
2.5	30.0	1.0913996413346627
2.5	31.25	1.1046572734651257
2.5	32.5	1.429077896780564
2.5	33.75	1.5630560140036902
2.5	35.0	1.8148283218375934
2.5	36.25	1.6060112964672735
2.5	37.5	1.0968374011661322
2.5	38.75	1.4812334036036923
2.5	40.0	2.5040132000481288
3.75	40.0	2.770473377482219
3.75	38.75	1.6297136063476554
3.75	37.5	1.0455395469813116
3.75	36.25	1.6202744810970637
3.75	35.0	1.7420029514910071
3.75	33.75	1.5825011943554532
3.75	32.5	1.4782948484531495
3.75	31.25	1.088681066553007
3.75	30.0	1.098731550542996
3.75	28.75	0.9070116356546132
3.75	27.5	0.892685712930458
3.75	26.25	1.052241394826603
3.75	25.0	1.018743607298589
3.75	23.75	0.9932194904950009
3.75	22.5	0.9530766220654137
3.75	21.25	1.027909501827951
3.75	20.0	1.0394905331269086
3.75	18.75	0.9650350155974552
3.75	17.5	0.9892265804374665
3.75	16.25	0.9749551310269915
3.75	15.0	0.9371858145829393
3.75	13.75	0.9483298077611622
3.75	12.5	0.9581458889759826
3.75	11.25	0.9514005812425941
3.75	10.0	0.8916186007127846
3.75	8.75	0.905980194109012
3.75	7.5	0.8957161257629478
3.75	6.25	0.8761400700160547
3.75	5.0	0.908591850927535
3.75	3.75	0.8809543173891274
3.75	2.5	0.8720920255389251
3.75	1.25	0.8776924506401986
3.75	-0.0	0.8773766462334223
3.75	-1.25	0.8934679654914373
3.75	-2.5	0.9157448267121326
3.75	-3.75	0.9113189233778183
3.75	-5.0	0.9049020540958361
3.75	-6.25	0.8814352223286974
3.75	-7.5	0.8600947755870099
3.75	-8.75	0.8870984979358081
3.75	-10.0	0.8682203392605619
3.75	-11.25	0.8698368169005661
3.75	-12.5	0.8886344738166851
3.75	-13.75	0.861660614793327
3.75	-15.0	0.9024136619886347
3.75	-16.25	0.8853395208231918
3.75	-17.5	0.8901837709753488
3.75	-18.75	0.8559497710070048
3.75	-20.0	0.8675550099751961
3.75	-21.25	0.8429033508167505
3.75	-22.5	0.8607011982305393
3.75	-23.75	0.8459621547983387
3.75	-25.0	0.8464273420830049
3.75	-26.25	0.888239424836561
3.75	-27.5	0.914526257229995
3.75	-28.75	0.878777572251793
3.75	-30.0	0.8913924063436562
3.75	-31.25	0.9301083884513419
3.75	-32.5	1.3544092180649114
3.75	-33.75	1.4683169977594304
3.75	-35.0	1.212751557146846
3.75	-36.25	1.1040636429591704
3.75	-37.5	1.0381654934040991
3.75	-38.75	2.759955665472318
3.75	-40.0	2.655799369481178
5.0	-40.0	2.3035779246473176
5.0	-38.75	2.904777583532705
5.0	-37.5	1.072775042556212
5.0	-36.25	1.0910540241817301
5.0	-35.0	1.1807833674156223
5.0	-33.75	1.4569784829374965
5.0	-32.5	1.37357987760174
5.0	-31.25	0.9843136209766881
5.0	-30.0	0.8972554002950446
5.0	-28.75	0.8707986713441063
5.0	-27.5	0.9220794976648152
5.0	-26.25	0.9621647600028052
5.0	-25.0	0.8548618224953621
5.0	-23.75	0.83951572528348
5.0	-22.5	0.8421797787650895
5.0	-21.25	0.8319315172121939
5.0	-20.0	0.8363463179684727
5.0	-18.75	0.8774525699351301
5.0	-17.5	0.8840016459010558
5.0	-16.25	0.876382891259107
5.0	-15.0	0.9046807235758116
5.0	-13.75	0.8892351292257761
5.0	-12.5	0.8871399672617519
5.0	-11.25	0.8669401348594068
5.0	-10.0	0.8746338506057008
5.0	-8.75	0.8752598156660483
5.0	-7.5	0.8736785330633907
5.0	-6.25	0.8932665607249044
5.0	-5.0	0.8930915619446536
5.0	-3.75	0.9090204847001262
5.0	-2.5	0.9144417004019889
5.0	-1.25	0.8537219692652451
5.0	0.0	0.8646372907152724
5.0	1.25	0.8751787256531349
5.0	2.5	0.8837908219959845
5.0	3.75	0.872775269903272
5.0	5.0	0.8757889822865872
5.0	6.25	0.8982716341420343
5.0	7.5	0.8872283628380382
5.0	8.75	0.9028751717999315
5.0	10.0	0.9201104882396169
5.0	11.25	0.962766150047603
5.0	12.5	0.9819919957191168
5.0	13.75	0.9405212971660237
5.0	15.0	0.9422045723534502
5.0	16.25	0.9805536925610747
5.0	17.5	0.9986113017157452
5.0	18.75	1.0084810007541272
5.0	20.0	1.0532335644521487
5.0	21.25	0.9912067518736514
5.0	22.5	1.0039899025673797
5.0	23.75	0.9721077836320857
5.0	25.0	1.0116272920204041
5.0	26.25	1.0254026744993974
5.0	27.5	0.9098057595673978
5.0	28.75	0.9382443575820325
5.0	30.0	1.124825227279338
5.0	31.25	1.0554488741135781
5.0	32.5	1.4829691567992107
5.0	33.75	1.598288246369747
5.0	35.0	1.6609719490770027
5.0	36.25	1.6291926691735128
5.0	37.5	1.0314528976175605
5.0	38.75	1.8025457734484664
5.0	40.0	2.587525301928732
6.25	40.0	2.6706006940792726
6.25	38.75	2.5641793285263663
6.25	37.5	1.072473610004292
6.25	36.25	1.5601904221907636
6.25	35.0	1.615510411069815
6.25	33.75	1.6453332166324124
6.25	32.5	1.4542179141069989
6.25	31.25	1.0795755999036079
6.25	30.0	1.092185598206477
6.25	28.75	0.9889187504567518
6.25	27.5	0.8966737317572022
6.25	26.25	0.973423572773723
6.25	25.0	1.038080940471814
6.25	23.75	0.9828600359666968
6.25	22.5	1.0016280727736016
6.25	21.25	0.9383216654683446
6.25	20.0	1.0723503012488314
6.25	18.75	1.018563808839569
6.25	17.5	0.9750209893286925
6.25	16.25	0.9645544919987419
6.25	15.0	0.9576659178432223
6.25	13.75	0.9265775752935372
6.25	12.5	0.9573260898426783
6.25	11.25	0.9710536661481513
6.25	10.0	0.8988082381382743
6.25	8.75	0.9113388287486419
6.25	7.5	0.884828791708764
6.25	6.25	0.9086561483472719
6.25	5.0	0.8877659985612318
6.25	3.75	0.8724210949565467
6.25	2.5	0.8737579752470221
6.25	1.25	0.855236064463595
6.25	-0.0	0.8805330299786949
6.25	-1.25	0.8753538956603695
6.25	-2.5	0.9071889953975116
6.25	-3.75	0.9172478446675267
6.25	-5.0	0.8753923873042506
6.25	-6.25	0.8704742434267798
6.25	-7.5	0.8657317349502138
6.25	-8.75	0.8573133929250272
6.25	-10.0	0.8826690904352086
6.25	-11.25	0.8758558786642396
6.25	-12.5	0.8698923102220455
6.25	-13.75	0.8724992476655817
6.25	-15.0	0.9065638177041784
6.25	-16.25	0.8803935424171456
6.25	-17.5	0.8667889645546003
6.25	-18.75	0.854916069767949
6.25	-20.0	0.8364160617481637
6.25	-21.25	0.848325068178478
6.25	-22.5	0.8396211187746347
6.25	-23.75	0.8379615321623168
6.25	-25.0	0.8498572959072517
6.25	-26.25	1.0373434306196128
6.25	-27.5	0.8828556911890129
6.25	-28.75	0.875888947318554
6.25	-30.0	0.8945213414132791
6.25	-31.25	1.0348798780537933
6.25	-32.5	1.4164435266694806
6.25	-33.75	1.4636757368220739
6.25	-35.0	1.1250257168777553
6.25	-36.25	1.0039893760599972
6.25	-37.5	1.0947002085286437
6.25	-38.75	4.999999999998511
6.25	-40.0	2.5616219974655525
7.5	-38.75	4.999999999994898
7.5	-37.5	1.2055966675241336
7.5	-36.25	0.962325896608089
7.5	-35.0	1.1178593836975903
7.5	-33.75	1.4278969694328492
7.5	-32.5	1.4471818048256955
7.5	-31.25	1.1165389830281525
7.5	-30.0	0.8765971222952409
7.5	-28.75	0.8984570799972218
7.5	-27.5	0.8586771250833491
7.5	-26.25	0.9868034940334978
7.5	-25.0	0.8450021614118182
7.5	-23.75	0.8281293506361571
7.5	-22.5	0.8494135795154012
7.5	-21.25	0.840963945691156
7.5	-20.0	0.8458282510667514
7.5	-18.75	0.8427309720047393
7.5	-17.5	0.870581378822223
7.5	-16.25	0.8702148982822404
7.5	-15.0	0.8781313991712221
7.5	-13.75	0.8732141200649739
7.5	-12.5	0.8597580684827513
7.5	-11.25	0.9013891505107487
7.5	-10.0	0.8759381823193078
7.5	-8.75	0.8747120745810522
7.5	-7.5	0.8585762295048589
7.5	-6.25	0.8867338661006832
7.5	-5.0	0.8809588853027925
7.5	-3.75	0.9134929037704502
7.5	-2.5	0.9083980693866875
7.5	-1.25	0.8871320009901673
7.5	0.0	0.8491019344835946
7.5	1.25	0.8808177701503244
7.5	2.5	0.8900874726967665
7.5	3.75	0.8790987167334263
7.5	5.0	0.9092726929043815
7.5	6.25	0.895964110058749
7.5	7.5	0.9155921385975585
7.5	8.75	0.9017153759538798
7.5	10.0	0.9117774578089044
7.5	11.25	0.9232506880749938
7.5	12.5	0.9417123137733174
7.5	13.75	0.9804049633230179
7.5	15.0	0.9443980680388551
7.5	16.25	0.9664249513293566
7.5	17.5	0.9841666101818314
7.5	18.75	1.0497774348710722
7.5	20.0	1.0145775661031688
7.5	21.25	0.9646996025707866
7.5	22.5	0.9879446883376319
7.5	23.75	0.9934427264004277
7.5	25.0	1.0754237012739551
7.5	26.25	0.919762257899114
7.5	27.5	0.8751732508007626
7.5	28.75	1.0236024050492132
7.5	30.0	1.0598334954512918
7.5	31.25	1.1811981176171216
7.5	32.5	1.4672383462430236
7.5	33.75	1.7279967291561587
7.5	35.0	1.6342701380436946
7.5	36.25	1.4586987795476904
7.5	37.5	1.1230355119777595
7.5	38.75	2.6363662630013778
8.75	38.75	2.642598029153877
8.75	37.5	1.2364382527603546
8.75	36.25	1.2479917836035472
8.75	35.0	1.5142003931711665
8.75	33.75	1.7927817986808119
8.75	32.5	1.5013509690481897
8.75	31.25	1.2830167650338566
8.75	30.0	0.9568154950792449
8.75	28.75	1.0803627139659362
8.75	27.5	0.884105305385992
8.75	26.25	0.9129438783721566
8.75	25.0	1.066641667227736
8.75	23.75	0.9816258995433103
8.75	22.5	0.9822846650121262
8.75	21.25	0.9964640127419253
8.75	20.0	0.9639378083594856
8.75	18.75	1.064780880597242
8.75	17.5	1.01215052670676
8.75	16.25	0.9882878248209481
8.75	15.0	0.9534123434112027
8.75	13.75	0.9517241048228255
8.75	12.5	0.9355929542805335
8.75	11.25	0.9267581451746354
8.75	10.0	0.9022325301520215
8.75	8.75	0.9122567487373079
8.75	7.5	0.8929357726738623
8.75	6.25	0.8988420150163554
8.75	5.0	0.8937596889192676
8.75	3.75	0.8672267160325138
8.75	2.5	0.8794331020908706
8.75	1.25	0.8920329781449272
8.75	-0.0	0.8704584941688491
8.75	-1.25	0.8839902663708088
8.75	-2.5	0.8979876482845848
8.75	-3.75	0.887629112531334
8.75	-5.0	0.8996684995558821
8.75	-6.25	0.8765343381463344
8.75	-7.5	0.8726511798243184
8.75	-8.75	0.8701910123010652
8.75	-10.0	0.8755302300409067
8.75	-11.25	0.8656096199146202
8.75	-12.5	0.8421483867721271
8.75	-13.75	0.876033733314979
8.75	-15.0	0.8942673219335697
8.75	-16.25	0.8782031856206904
8.75	-17.5	0.8552141882052089
8.75	-18.75	0.857263059630017
8.75	-20.0	0.8494762851785591
8.75	-21.25	0.8202059198493412
8.75	-22.5	0.8261488287078569
8.75	-23.75	0.8364199678286326
8.75	-25.0	0.8814538108991314
8.75	-26.25	0.9171468996695076
8.75	-27.5	0.8621130853332275
8.75	-28.75	0.8899198385151816
8.75	-30.0	0.900371079786666
8.75	-31.25	1.2175941675920683
8.75	-32.5	1.480759920763881
8.75	-33.75	1.3250287330118908
8.75	-35.0	1.1019811825687373
8.75	-36.25	0.9561272887604586
8.75	-37.5	1.379642914717012
8.75	-38.75	2.779272861644264
10.0	-38.75	2.5190540349495265
10.0	-37.5	1.7534025405686382
10.0	-36.25	0.9960340279402411
10.0	-35.0	1.0456359765573842
10.0	-33.75	1.188559494849705
10.0	-32.5	1.5015810315478317
10.0	-31.25	1.3806938006057878
10.0	-30.0	0.9681050295166385
10.0	-28.75	0.8760615871097404
10.0	-27.5	0.8793811506399312
10.0	-26.25	0.8657188522805761
10.0	-25.0	1.00555559664466
10.0	-23.75	0.845990060071788
10.0	-22.5	0.8358081710201715
10.0	-21.25	0.8219222524786174
10.0	-20.0	0.842959825826604
10.0	-18.75	0.8790471747838211
10.0	-17.5	0.8535634851478671
10.0	-16.25	0.8613543814356976
10.0	-15.0	0.8852424717888718
10.0	-13.75	0.8419169250302092
10.0	-12.5	0.8501951746862249
10.0	-11.25	0.8820635253984674
10.0	-10.0	0.8736225215352489
10.0	-8.75	0.8833346875677641
10.0	-7.5	0.8977672886979837
10.0	-6.25	0.8848283041779919
10.0	-5.0	0.9139985572633567
10.0	-3.75	0.9179383575225586
10.0	-2.5	0.8993535726008739
10.0	-1.25	0.8941544537665083
10.0	0.0	0.8937132671936521
10.0	1.25	0.9150267617062449
10.0	2.5	0.921731566184512
10.0	3.75	0.9172904916966873
10.0	5.0	0.9330015931599309
10.0	6.25	0.9228008064380067
10.0	7.5	0.9081706573286699
10.0	8.75	0.9315004343985889
10.0	10.0	0.9053174174458247
10.0	11.25	0.9284728196281495
10.0	12.5	0.9527573670861109
10.0	13.75	0.9618613645546716
10.0	15.0	0.9667650926716647
10.0	16.25	1.070325739341536
10.0	17.5	1.0564882041814592
10.0	18.75	1.0629929403473781
10.0	20.0	0.9705255698448587
10.0	21.25	0.987731624611242
10.0	22.5	0.9669719442543743
10.0	23.75	1.0155915331296983
10.0	25.0	0.9679257531272079
10.0	26.25	0.9006912956565873
10.0	27.5	0.9042922374974696
10.0	28.75	1.0905961235796626
10.0	30.0	0.9688017144287855
10.0	31.25	1.4229197603985728
10.0	32.5	1.5492633966780733
10.0	33.75	1.7680023916906737
10.0	35.0	1.6385803586605014
10.0	36.25	1.0867387998364277
10.0	37.5	1.4038779937670762
10.0	38.75	2.553674255664326
11.25	38.75	2.8042694882788215
11.25	37.5	1.9103844916772896
11.25	36.25	1.0304886749194235
11.25	35.0	1.6026647320675025
11.25	33.75	1.5687121610303212
11.25	32.5	1.6447323092109132
11.25	31.25	1.424699892966986
11.25	30.0	1.0629405909792702
11.25	28.75	1.0190418099186793
11.25	27.5	1.0270483105748207
11.25	26.25	0.8898172146333412
11.25	25.0	0.9250228408012529
11.25	23.75	1.0479998977960827
11.25	22.5	0.9948582955646792
11.25	21.25	0.9948230094508119
11.25	20.0	0.98839444259188
11.25	18.75	0.9775821329814791
11.25	17.5	1.0541828248866931
11.25	16.25	1.0436362958862713
11.25	15.0	0.9857986712826285
11.25	13.75	0.965169710352968
11.25	12.5	0.9953468420736922
11.25	11.25	0.9271339672044547
11.25	10.0	0.9359335797928008
11.25	8.75	0.9173175161311855
11.25	7.5	0.8990283089716735
11.25	6.25	0.9094995634985548
11.25	5.0	0.9156915999645996
11.25	3.75	0.9280431948813348
11.25	2.5	0.9254908836554945
11.25	1.25	0.9320412428631322
11.25	-0.0	0.9332604700384906
11.25	-1.25	0.9329793731432616
11.25	-2.5	0.9119009201809822
11.25	-3.75	0.9243141348596406
11.25	-5.0	0.8933823126435128
11.25	-6.25	0.8865331168976294
11.25	-7.5	0.8630528547107827
11.25	-8.75	0.8635375331417023
11.25	-10.0	0.8722670902300695
11.25	-11.25	0.8720695500749969
11.25	-12.5	0.8846834001972015
11.25	-13.75	0.8654206580811259
11.25	-15.0	0.8726762854119361
11.25	-16.25	0.8419422726852694
11.25	-17.5	0.8482779096937865
11.25	-18.75	0.8491281719581822
11.25	-20.0	0.8425992782324121
11.25	-21.25	0.8308502677147764
11.25	-22.5	0.8158008081734058
11.25	-23.75	0.8683470448417712
11.25	-25.0	0.927991499667713
11.25	-26.25	0.8653110605899794
11.25	-27.5	0.896952151340578
11.25	-28.75	0.8932050742539381
11.25	-30.0	1.0979453184979615
11.25	-31.25	1.4232363644750379
11.25	-32.5	1.4180255747974657
11.25	-33.75	1.0580116972163056
11.25	-35.0	0.9787696598357734
11.25	-36.25	1.0281467609694293
11.25	-37.5	2.911669950479954
11.25	-38.75	2.191452986689021
12.5	-37.5	2.7819318720877746
12.5	-36.25	1.1599900164459527
12.5	-35.0	0.9605775674016606
12.5	-33.75	1.045545747333919
12.5	-32.5	1.299570655772957
12.5	-31.25	1.479045321615783
12.5	-30.0	1.2772624893548343
12.5	-28.75	0.930127216566687
12.5	-27.5	0.8766977770609703
12.5	-26.25	0.8650967142754675
12.5	-25.0	0.8931410341528423
12.5	-23.75	0.9963946763331943
12.5	-22.5	0.8504748602369459
12.5	-21.25	0.8317894669138228
12.5	-20.0	0.8473681697898092
12.5	-18.75	0.8433025997534171
12.5	-17.5	0.8809367155477066
12.5	-16.25	0.8649344921125266
12.5	-15.0	0.8790577125730632
12.5	-13.75	0.8726344646443351
12.5	-12.5	0.8876715712758614
12.5	-11.25	0.8837854644007717
12.5	-10.0	0.8795400510693288
12.5	-8.75	0.8591102036519551
12.5	-7.5	0.8550385371990021
12.5	-6.25	0.870224445520674
12.5	-5.0	0.8740932455269625
12.5	-3.75	0.8690777497830879
12.5	-2.5	0.8812168400440559
12.5	-1.25	0.8791259267989595
12.5	0.0	0.9144177180143007
12.5	1.25	0.9426607592051948
12.5	2.5	0.9208390455413831
12.5	3.75	0.9003070245678995
12.5	5.0	0.8877899932402089
12.5	6.25	0.8979207470254211
12.5	7.5	0.920321109898361
12.5	8.75	0.9126458741599901
12.5	10.0	0.9443654667774926
12.5	11.25	0.9407377933415431
12.5	12.5	1.0018997791771014
12.5	13.75	0.9771499446097875
12.5	15.0	0.9798415662238193
12.5	16.25	1.023795123401504
12.5	17.5	1.0374457379866362
12.5	18.75	0.9627979485786256
12.5	20.0	1.0008299424365141
12.5	21.25	1.03283151282369
12.5	22.5	1.0082753893845808
12.5	23.75	0.996859733417482
12.5	25.0	0.9230191596378932
12.5	26.25	0.899436753517814
12.5	27.5	1.077253807992725
12.5	28.75	0.94290757716744
12.5	30.0	1.2568745389280744
12.5	31.25	1.4485343386789609
12.5	32.5	1.7828423677728322
12.5	33.75	1.7764972529598975
12.5	35.0	1.4115558297869146
12.5	36.25	1.1553790991968116
12.5	37.5	2.8497609275515368
13.75	37.5	2.7757642354421392
13.75	36.25	1.3767930528033192
13.75	35.0	1.0852715935872936
13.75	33.75	1.759837966074146
13.75	32.5	1.7901412405175288
13.75	31.25	1.5317916372856786
13.75	30.0	1.401127736649789
13.75	28.75	0.9840847880866068
13.75	27.5	1.0013144277160642
13.75	26.25	1.0201111411267458
13.75	25.0	0.8860190859379848
13.75	23.75	0.9279137062029683
13.75	22.5	1.0266322597865205
13.75	21.25	0.9659595150923339
13.75	20.0	0.9733937152204657
13.75	18.75	0.9969413906846247
13.75	17.5	0.9604375460706365
13.75	16.25	1.037849475445471
13.75	15.0	1.0007807839681107
13.75	13.75	0.9806021235128659
13.75	12.5	0.9728390809317826
13.75	11.25	0.9649964008718968
13.75	10.0	0.934293349866536
13.75	8.75	0.9237591955749895
13.75	7.5	0.9233164711742905
13.75	6.25	0.9234337553598415
13.75	5.0	0.9136055102746612
13.75	3.75	0.8976964723932621
13.75	2.5	0.897449941897146
13.75	1.25	0.8951112036218367
13.75	-0.0	0.9002431435462714
13.75	-1.25	0.8694437882011616
13.75	-2.5	0.8810603727310049
13.75	-3.75	0.8754460878186006
13.75	-5.0	0.8806618269628572
13.75	-6.25	0.883800600346345
13.75	-7.5	0.8720381333178286
13.75	-8.75	0.8848098178697921
13.75	-10.0	0.8563741428506386
13.75	-11.25	0.8746236076892107
13.75	-12.5	0.8719644808203828
13.75	-13.75	0.8708501174224246
13.75	-15.0	0.8651235835756559
13.75	-16.25	0.8636333631027124
13.75	-17.5	0.8427792231300906
13.75	-18.75	0.8650459566830602
13.75	-20.0	0.8225822799870901
13.75	-21.25	0.8611219005203008
13.75	-22.5	0.8866232225069979
13.75	-23.75	0.967269111995356
13.75	-25.0	0.8755650406613409
13.75	-26.25	0.8809274027254785
13.75	-27.5	0.8860948211794151
13.75	-28.75	1.0458049603348734
13.75	-30.0	1.3974244928235393
13.75	-31.25	1.4608172767761456
13.75	-32.5	1.1042678118721527
13.75	-33.75	1.0149952060167529
13.75	-35.0	0.9571549573497062
13.75	-36.25	1.451349744461413
13.75	-37.5	3.7732841691049774
15.0	-37.5	2.5280469616141215
15.0	-36.25	2.2483395243960835
15.0	-35.0	0.9910833447221616
15.0	-33.75	0.9104042695791206
15.0	-32.5	1.0116570154481295
15.0	-31.25	1.3719580570742682
15.0	-30.0	1.452719932687888
15.0	-28.75	1.2519609798344913
15.0	-27.5	0.9133223457268222
15.0	-26.25	0.8694179966230733
15.0	-25.0	0.8705914130292394
15.0	-23.75	0.8685443832637096
15.0	-22.5	0.9069033736031784
15.0	-21.25	0.8696935787676239
15.0	-20.0	0.8207874133309954
15.0	-18.75	0.8395468024480888
15.0	-17.5	0.8450477352510397
15.0	-16.25	0.8513486625607154
15.0	-15.0	0.8649494414948933
15.0	-13.75	0.8561145718825216
15.0	-12.5	0.8880033315310998
15.0	-11.25	0.8850104471119913
15.0	-10.0	0.9030769524892008
15.0	-8.75	0.9010367233441849
15.0	-7.5	0.8987066092083209
15.0	-6.25	0.9011616686933808
15.0	-5.0	0.9130983025172812
15.0	-3.75	0.9057908823703134
15.0	-2.5	0.9265586748897006
15.0	-1.25	0.9193149405369656
15.0	0.0	0.9464267507788326
15.0	1.25	0.9629984481045097
15.0	2.5	0.9415162412995324
15.0	3.75	0.9611110092365562
15.0	5.0	0.913926248383568
15.0	6.25	0.9155773460417693
15.0	7.5	0.9219181230365407
15.0	8.75	0.973574314050567
15.0	10.0	0.9673785304915921
15.0	11.25	0.937148068886704
15.0	12.5	1.0005904996989265
15.0	13.75	0.9976495378883552
15.0	15.0	1.0275754726381283
15.0	16.25	0.9551021339637265
15.0	17.5	0.9414169996995998
15.0	18.75	0.9698034967254916
15.0	20.0	0.9771190493461379
15.0	21.25	1.0498700822651532
15.0	22.5	0.9600123695247564
15.0	23.75	0.9004557238404809
15.0	25.0	0.8564169883158606
15.0	26.25	1.0247199279727486
15.0	27.5	0.9431022746058169
15.0	28.75	1.1963815260969284
15.0	30.0	1.403953653881369
15.0	31.25	1.7376087617878833
15.0	32.5	1.5940764127715017
15.0	33.75	1.6305528278289145
15.0	35.0	1.0299705848579253
15.0	36.25	2.0550233315574857
15.0	37.5	2.5444757737362522
16.25	36.25	3.1518885599115247
16.25	35.0	1.220852385734017
16.25	33.75	1.1565782032906355
16.25	32.5	1.723793666558036
16.25	31.25	1.7563231526554768
16.25	30.0	1.5035556685740978
16.25	28.75	1.3620775598080144
16.25	27.5	0.9990662806937483
16.25	26.25	0.9966826030661284
16.25	25.0	0.9595283130509467
16.25	23.75	0.8722586499960183
16.25	22.5	0.906088182031989
16.25	21.25	1.004699746810445
16.25	20.0	0.9998551986498194
16.25	18.75	0.994954023016108
16.25	17.5	0.9702232079402631
16.25	16.25	0.928482165406102
16.25	15.0	0.9341614648908534
16.25	13.75	1.019147192715196
16.25	12.5	0.9928066553336858
16.25	11.25	0.9980505439018028
16.25	10.0	0.9496243060386798
16.25	8.75	0.9225924842771329
16.25	7.5	0.9205776351014974
16.25	6.25	0.9206223008204706
16.25	5.0	0.9367826471410883
16.25	3.75	0.9816765953002609
16.25	2.5	0.9747465201201848
16.25	1.25	0.9937398653015839
16.25	-0.0	0.9610251580417604
16.25	-1.25	0.9675821827522455
16.25	-2.5	0.9656483189816631
16.25	-3.75	0.9370709379420212
16.25	-5.0	0.9545408432201308
16.25	-6.25	0.9177267710783195
16.25	-7.5	0.9195287663720197
16.25	-8.75	0.9320138550153301
16.25	-10.0	0.9242989055451902
16.25	-11.25	0.8696518587903279
16.25	-12.5	0.8707832158563171
16.25	-13.75	0.867974525275792
16.25	-15.0	0.8500643323602759
16.25	-16.25	0.8682590266172143
16.25	-17.5	0.8218103877997756
16.25	-18.75	0.8239076124251019
16.25	-20.0	0.8430273033479576
16.25	-21.25	0.8976046091881269
16.25	-22.5	0.8778932508869595
16.25	-23.75	0.9057020523944992
16.25	-25.0	0.8712677286816861
16.25	-26.25	0.8783017767715133
16.25	-27.5	1.0876920668327195
16.25	-28.75	1.4007117061827863
16.25	-30.0	1.4470536813753165
16.25	-31.25	1.0947815253809985
16.25	-32.5	0.9935346389324682
16.25	-33.75	0.9278272783676123
16.25	-35.0	1.0789210592314449
16.25	-36.25	3.333340479021466
17.5	-36.25	2.780314847519011
17.5	-35.0	1.7191863123388673
17.5	-33.75	0.9826313007089009
17.5	-32.5	0.9042313699348901
17.5	-31.25	1.0054839991494378
17.5	-30.0	1.2894650959265004
17.5	-28.75	1.4471258905245854
17.5	-27.5	1.3145213715922202
17.5	-26.25	0.9848062619867086
17.5	-25.0	0.8639071480495915
17.5	-23.75	0.8994082241507328
17.5	-22.5	0.9050243539721627
17.5	-21.25	0.884446677711975
17.5	-20.0	0.8884452961974318
17.5	-18.75	0.8556311736950137
17.5	-17.5	0.8418963810573583
17.5	-16.25	0.8350879115994019
17.5	-15.0	0.8744468872229678
17.5	-13.75	0.8562793962579462
17.5	-12.5	0.8837012567431977
17.5	-11.25	0.8708312493900907
17.5	-10.0	0.8874071398367755
17.5	-8.75	0.8700633511504741
17.5	-7.5	0.8829553261081173
17.5	-6.25	0.8879281990730838
17.5	-5.0	0.8950349273237732
17.5	-3.75	0.9025019133625767
17.5	-2.5	0.930153465655021
17.5	-1.25	0.9139134238004711
17.5	0.0	0.9427749742385174
17.5	1.25	0.9330289091104005
17.5	2.5	0.9307993887175687
17.5	3.75	0.9160099050202755
17.5	5.0	0.9248804881756971
17.5	6.25	0.916659402615859
17.5	7.5	0.9105716989281074
17.5	8.75	0.9618311234641581
17.5	10.0	0.955143338580795
17.5	11.25	0.9928584437912331
17.5	12.5	1.0043036718693346
17.5	13.75	0.9231478501908175
17.5	15.0	0.9198827222849797
17.5	16.25	0.9565348262434927
17.5	17.5	0.9882318158123056
17.5	18.75	0.9880232254122028
17.5	20.0	1.0655724280363623
17.5	21.25	0.8990314719783976
17.5	22.5	0.8827861022759667
17.5	23.75	0.9445361383390853
17.5	25.0	1.0266938951114124
17.5	26.25	0.9577800346438581
17.5	27.5	1.224631817781118
17.5	28.75	1.368074063925616
17.5	30.0	1.7558250868683984
17.5	31.25	1.5671770013477158
17.5	32.5	1.6612443379550532
17.5	33.75	1.0273161124016594
17.5	35.0	1.6455279564531047
17.5	36.25	3.1819749982472434
18.75	35.0	2.9996889732349885
18.75	33.75	1.2159159476413777
18.75	32.5	1.1074743191941403
18.75	31.25	1.6763534611149753
18.75	30.0	1.638928334552773
18.75	28.75	-1.5575587420106043
18.75	27.5	1.3186427703595367
18.75	26.25	1.0888016110255938
18.75	25.0	0.9906002752183856
18.75	23.75	0.9777177598075522
18.75	22.5	0.9276857743664717
18.75	21.25	0.8863945162890721
18.75	20.0	0.9129102375635902
18.75	18.75	0.99027623699802
18.75	17.5	0.9721980238471586
18.75	16.25	0.9979434016741369
18.75	15.0	0.9758511674504176
18.75	13.75	0.9199514626542022
18.75	12.5	0.8957694051827261
18.75	11.25	0.9460631738640091
18.75	10.0	1.0281357531072004
18.75	8.75	0.9661764622184075
18.75	7.5	0.9629084934602332
18.75	6.25	0.9504500931974231
18.75	5.0	0.9355788691387543
18.75	3.75	0.8919264967095657
18.75	2.5	0.8914577962096226
18.75	1.25	0.891375720284576
18.75	-0.0	0.9256799009969736
18.75	-1.25	0.8738218627050429
18.75	-2.5	0.9181909208449799
18.75	-3.75	0.9212732466128983
18.75	-5.0	0.9037693748701328
18.75	-6.25	0.8742959211347294
18.75	-7.5	0.8769740833995527
18.75	-8.75	0.8826956783327233
18.75	-10.0	0.8845045086099601
18.75	-11.25	0.885021209847161
18.75	-12.5	0.890351186278572
18.75	-13.75	0.8710331911604285
18.75	-15.0	0.8291196498895577
18.75	-16.25	0.8272703990003301
18.75	-17.5	0.841121223317538
18.75	-18.75	0.9172681994408736
18.75	-20.0	0.8877722444902423
18.75	-21.25	0.8765127960778862
18.75	-22.5	0.8970036333738864
18.75	-23.75	0.8787119669709913
18.75	-25.0	0.9103232965887109
18.75	-26.25	1.2346428342521332
18.75	-27.5	1.37439276262511
18.75	-28.75	1.377699108820619
18.75	-30.0	1.033300294434878
18.75	-31.25	0.9544252435844545
18.75	-32.5	0.9883833603834198
18.75	-33.75	1.0221163278670868
18.75	-35.0	2.566824453721228
20.0	-35.0	2.9066086656476218
20.0	-33.75	1.402572324447834
20.0	-32.5	0.9525636926342784
20.0	-31.25	0.8806382062030993
20.0	-30.0	0.9780578559843978
20.0	-28.75	1.149049150192055
20.0	-27.5	1.408710804770804
20.0	-26.25	1.3630814623058116
20.0	-25.0	1.1485308153358869
20.0	-23.75	0.9148188067545151
20.0	-22.5	0.8708623534915922
20.0	-21.25	0.8742468226126379
20.0	-20.0	0.8794962356110432
20.0	-18.75	0.879446387073866
20.0	-17.5	0.9798166073878667
20.0	-16.25	0.8659668534306526
20.0	-15.0	0.8403043832633363
20.0	-13.75	0.836409400356871
20.0	-12.5	0.8286909709885517
20.0	-11.25	0.9061242535180973
20.0	-10.0	0.9446535776189009
20.0	-8.75	0.9474328548349034
20.0	-7.5	0.8965053145727904
20.0	-6.25	0.895752205808038
20.0	-5.0	0.8918514909233153
20.0	-3.75	0.8834819329718329
20.0	-2.5	0.9108813001586258
20.0	-1.25	0.9238243825981023
20.0	0.0	0.9087044134519751
20.0	1.25	0.9249197664937316
20.0	2.5	0.9249986698564054
20.0	3.75	0.9414881383143925
20.0	5.0	0.9476506476484339
20.0	6.25	0.9513380455691509
20.0	7.5	0.9996819238252206
20.0	8.75	0.9710688636104479
20.0	10.0	0.8975889179468153
20.0	11.25	0.8964914318921107
20.0	12.5	0.9404735408243479
20.0	13.75	0.987159063423749
20.0	15.0	1.0093923262290438
20.0	16.25	0.9479640040154855
20.0	17.5	0.9807411987474888
20.0	18.75	0.9039835638768139
20.0	20.0	0.8846260232803482
20.0	21.25	0.8833029951063001
20.0	22.5	0.9525830563830446
20.0	23.75	1.0307877839508546
20.0	25.0	1.0108759756205066
20.0	26.25	1.3004572576497537
20.0	27.5	1.4169663896777784
20.0	28.75	1.7623525219171938
20.0	30.0	1.6523190919354107
20.0	31.25	1.4665064470806026
20.0	32.5	1.0127392082883997
20.0	33.75	1.854864636685317
20.0	35.0	3.2292441533873344
21.25	33.75	3.4382481349252902
21.25	32.5	1.2779484450151433
21.25	31.25	0.9816254114649281
21.25	30.0	1.6578624668972441
21.25	28.75	1.4429568305117524
21.25	27.5	1.6638498265370218
21.25	26.25	1.291258065950764
21.25	25.0	1.1864801700551277
21.25	23.75	1.013439613014171
21.25	22.5	1.0195591384667964
21.25	21.25	0.9117672357350752
21.25	20.0	0.8910996809541549
21.25	18.75	0.8644449888725214
21.25	17.5	0.8969377261317408
21.25	16.25	0.9762442495605423
21.25	15.0	0.9638544885033671
21.25	13.75	1.0014036855811046
21.25	12.5	1.0335067205938318
21.25	11.25	0.9642989326228157
21.25	10.0	0.9194478907266612
21.25	8.75	0.8700206815616998
21.25	7.5	0.8633905218149991
21.25	6.25	0.8981122057623345
21.25	5.0	0.9866944775177
21.25	3.75	0.9870043076394399
21.25	2.5	0.9834813630666321
21.25	1.25	0.9840544332857082
21.25	-0.0	0.9576178187582407
21.25	-1.25	0.9184717373503295
21.25	-2.5	0.9562173607094158
21.25	-3.75	0.9779556107416356
21.25	-5.0	1.0074295307258279
21.25	-6.25	1.0022540340040065
21.25	-7.5	0.9736436225505907
21.25	-8.75	0.8722628376780817
21.25	-10.0	0.8306957567488471
21.25	-11.25	0.8229371919885349
21.25	-12.5	0.8643714215795351
21.25	-13.75	0.8931498883863505
21.25	-15.0	0.8927813902449007
21.25	-16.25	0.8995685599930461
21.25	-17.5	0.8921144256551301
21.25	-18.75	0.8777483269511261
21.25	-20.0	0.8860520366240916
21.25	-21.25	0.8833511609936657
21.25	-22.5	0.9017309949448666
21.25	-23.75	1.123409320046366
21.25	-25.0	1.313921910288986
21.25	-26.25	1.365634369345364
21.25	-27.5	1.2252214204496177
21.25	-28.75	0.9514641844202876
21.25	-30.0	0.9242242557926037
21.25	-31.25	0.892272519321943
21.25	-32.5	0.9444574366678342
21.25	-33.75	2.5366242583890752
22.5	-32.5	1.5740961719948565
22.5	-31.25	0.8987445356736723
22.5	-30.0	0.9148391143862913
22.5	-28.75	0.9382823526257784
22.5	-27.5	0.9704155615359058
22.5	-26.25	1.2428085130086668
22.5	-25.0	1.3417430480045498
22.5	-23.75	1.3204311372214539
22.5	-22.5	1.1300104402831561
22.5	-21.25	0.9231263845274142
22.5	-20.0	0.877266704436579
22.5	-18.75	0.8887553794687655
22.5	-17.5	0.8761928646766819
22.5	-16.25	0.8700133517043209
22.5	-15.0	0.8691177863492738
22.5	-13.75	0.9619774692047223
22.5	-12.5	0.9473021086405709
22.5	-11.25	0.9001899854444311
22.5	-10.0	0.8556285998805695
22.5	-8.75	0.8417627681786497
22.5	-7.5	0.8314691995181445
22.5	-6.25	0.8398394004690122
22.5	-5.0	0.8597497548114745
22.5	-3.75	0.8450234044755085
22.5	-2.5	0.854496519805954
22.5	-1.25	0.8852079403017976
22.5	0.0	0.8603365659133608
22.5	1.25	0.8568482559926638
22.5	2.5	0.8363583369825811
22.5	3.75	0.8678039178658947
22.5	5.0	0.8668855245053475
22.5	6.25	0.8555556408644849
22.5	7.5	0.9048532938395981
22.5	8.75	0.9541255071444334
22.5	10.0	1.08525624604688
22.5	11.25	1.0996940372123634
22.5	12.5	0.9823890761914909
22.5	13.75	0.9944354429977924
22.5	15.0	0.944210809654721
22.5	16.25	0.8954625170926196
22.5	17.5	0.8973408832594822
22.5	18.75	0.8853522921267505
22.5	20.0	0.9083595897295993
22.5	21.25	1.0133185503886466
22.5	22.5	1.0168196606694409
22.5	23.75	1.1910125740868507
22.5	25.0	1.232804530433981
22.5	26.25	1.6048220133722246
22.5	27.5	1.4662586499981476
22.5	28.75	1.6087120066860727
22.5	30.0	1.014747736176263
22.5	31.25	1.1019665335778441
22.5	32.5	2.6753599821940712
23.75	32.5	4.487923963073827
23.75	31.25	1.559827719247461
23.75	30.0	0.9901600814377476
23.75	28.75	1.2757682227716067
23.75	27.5	1.7018858969215014
23.75	26.25	1.5605377284537658
23.75	25.0	1.5431970201216867
23.75	23.75	1.214282938021948
23.75	22.5	1.1199796429182634
23.75	21.25	1.0268251361890668
23.75	20.0	0.9945683768709888
23.75	18.75	0.9142647955725636
23.75	17.5	0.8999401655420858
23.75	16.25	0.9179930942740819
23.75	15.0	0.8860648643424893
23.75	13.75	0.9299480879096205
23.75	12.5	0.9966925367039465
23.75	11.25	0.9884651419963006
23.75	10.0	1.0150748917799994
23.75	8.75	1.2156877654494078
23.75	7.5	1.2400804518920587
23.75	6.25	1.1572330058971936
23.75	5.0	1.0291609474151713
23.75	3.75	0.9571253908161381
23.75	2.5	0.8691530540485362
23.75	1.25	0.8663488439466924
23.75	-0.0	0.8527389946500694
23.75	-1.25	0.8562915250081762
23.75	-2.5	0.8430721023504928
23.75	-3.75	0.8646413929979078
23.75	-5.0	0.8503055971942128
23.75	-6.25	0.8634688986171355
23.75	-7.5	0.8922668452818217
23.75	-8.75	0.9273880534114305
23.75	-10.0	0.9434675419744201
23.75	-11.25	0.9850422487841302
23.75	-12.5	0.9276070294964818
23.75	-13.75	0.8930790519446692
23.75	-15.0	0.9013380980658425
23.75	-16.25	0.8972584128289549
23.75	-17.5	0.8873118147545043
23.75	-18.75	0.8840795388506537
23.75	-20.0	0.9408424705285503
23.75	-21.25	1.1473252878835059
23.75	-22.5	1.2989893830454422
23.75	-23.75	1.3185053506269888
23.75	-25.0	1.2494644926818363
23.75	-26.25	0.9604252437949956
23.75	-27.5	0.9315807747349307
23.75	-28.75	0.8993381224371335
23.75	-30.0	0.874742149732918
23.75	-31.25	1.1359264588610767
23.75	-32.5	2.739164623015925
25.0	-31.25	2.2145584750484666
25.0	-30.0	0.916526669768639
25.0	-28.75	0.881932351874843
25.0	-27.5	0.8884559536830938
25.0	-26.25	0.9227394887040141
25.0	-25.0	0.9663815843559327
25.0	-23.75	1.2169008656335558
25.0	-22.5	1.3210025966246262
25.0	-21.25	1.3161235386604435
25.0	-20.0	1.2222799430106503
25.0	-18.75	1.0163805605550538
25.0	-17.5	0.8959658781970692
25.0	-16.25	0.8941356118022075
25.0	-15.0	0.9471282783961064
25.0	-13.75	0.9477377172049097
25.0	-12.5	0.923231963944799
25.0	-11.25	0.9354138655723334
25.0	-10.0	0.9722927275260496
25.0	-8.75	1.0233730119522324
25.0	-7.5	1.0017268783314375
25.0	-6.25	1.0096213976165958
25.0	-5.0	0.9680460453640762
25.0	-3.75	0.9697956407543469
25.0	-2.5	0.9746981218197188
25.0	-1.25	1.007453246919086
25.0	0.0	1.106348426229438
25.0	1.25	1.1954802983717894
25.0	2.5	1.283446391507578
25.0	3.75	1.322585591833077
25.0	5.0	1.2904896731727522
25.0	6.25	1.1909269301454293
25.0	7.5	1.0198116135073176
25.0	8.75	1.01049206712484
25.0	10.0	1.012116444551542
25.0	11.25	0.9430108288586192
25.0	12.5	0.9103995477707993
25.0	13.75	0.8944961966033835
25.0	15.0	0.9051688482557516
25.0	16.25	0.9065001326337434
25.0	17.5	0.9043114650370168
25.0	18.75	0.9826235555812897
25.0	20.0	1.0251620905405616
25.0	21.25	1.120010477419381
25.0	22.5	1.1717627253272092
25.0	23.75	1.5233358608201994
25.0	25.0	1.5851262697852562
25.0	26.25	1.5616599527765338
25.0	27.5	1.29807840257868
25.0	28.75	0.978186332398634
25.0	30.0	1.3558741987690386
25.0	31.25	3.3992146412335167
26.25	30.0	4.999999734343259
26.25	28.75	1.2449679178023034
26.25	27.5	0.9728127263331023
26.25	26.25	1.3553576125727895
26.25	25.0	1.5434389711059602
26.25	23.75	1.590968310235974
26.25	22.5	1.5115613885508559
26.25	21.25	1.1800903145332722
26.25	20.0	1.079144541462309
26.25	18.75	1.0405987471503453
26.25	17.5	1.0506682253114228
26.25	16.25	0.9214139822624627
26.25	15.0	0.9280832548426767
26.25	13.75	0.9346375078765892
26.25	12.5	0.9307750934030778
26.25	11.25	0.93075268068832
26.25	10.0	0.9306267289891954
26.25	8.75	0.9572977278298804
26.25	7.5	0.9719937153676508
26.25	6.25	1.0145803210892401
26.25	5.0	1.0029015977304025
26.25	3.75	1.0029607565474654
26.25	2.5	1.0108643084801505
26.25	1.25	1.0397498199562172
26.25	-0.0	1.0601409735994967
26.25	-1.25	1.0842820035730947
26.25	-2.5	1.036975971643857
26.25	-3.75	1.0243369626252488
26.25	-5.0	1.0196395319223495
26.25	-6.25	0.9920099687589055
26.25	-7.5	1.0015024554004759
26.25	-8.75	0.9848771392564215
26.25	-10.0	0.9945100587425966
26.25	-11.25	1.0236572061024507
26.25	-12.5	0.9773701564335031
26.25	-13.75	0.9096449163428062
26.25	-15.0	0.910305888326226
26.25	-16.25	0.9758957887281925
26.25	-17.5	1.1255858055912675
26.25	-18.75	1.2307508711063022
26.25	-20.0	1.2861151654604521
26.25	-21.25	1.2953994408779215
26.25	-22.5	1.1569005312747063
26.25	-23.75	0.9380141331997951
26.25	-25.0	0.9237941972688555
26.25	-26.25	0.8942919444686037
26.25	-27.5	0.8894242267724692
26.25	-28.75	0.8509621033440817
26.25	-30.0	1.506798192293573
27.5	-28.75	1.195693312685929
27.5	-27.5	0.841164740366251
27.5	-26.25	0.8790485825998058
27.5	-25.0	0.9061929158378668
27.5	-23.75	0.94677101987733
27.5	-22.5	0.9454915005620821
27.5	-21.25	1.086160768547952
27.5	-20.0	1.2432515407357139
27.5	-18.75	1.2696691522384178
27.5	-17.5	1.233408645490055
27.5	-16.25	1.2102201333114362
27.5	-15.0	1.097828256821348
27.5	-13.75	0.9863041396200192
27.5	-12.5	0.9437031674996259
27.5	-11.25	0.9084206333872249
27.5	-10.0	0.9368083376319616
27.5	-8.75	1.0038894600099022
27.5	-7.5	1.0466288070268615
27.5	-6.25	1.0580742319853425
27.5	-5.0	1.0323806358851968
27.5	-3.75	1.00502850480132
27.5	-2.5	1.009398090859932
27.5	-1.25	0.9736047493037923
27.5	0.0	0.9913055853954491
27.5	1.25	0.9763967826955273
27.5	2.5	0.9716965597477607
27.5	3.75	0.9795387368342245
27.5	5.0	0.9653884041125584
27.5	6.25	0.9406076700579451
27.5	7.5	0.9333315216513061
27.5	8.75	0.9245565444107919
27.5	10.0	0.9526765039777993
27.5	11.25	0.9539748039895715
27.5	12.5	0.9355267682164081
27.5	13.75	0.9397756518630151
27.5	15.0	0.9559610736436142
27.5	16.25	1.0666019567447282
27.5	17.5	1.0677427414735705
27.5	18.75	1.0778600617935554
27.5	20.0	1.2176658258961375
27.5	21.25	1.5559998292969457
27.5	22.5	1.5184094620614763
27.5	23.75	1.6525723869426825
27.5	25.0	1.4496685786924086
27.5	26.25	0.9634468924344954
27.5	27.5	1.1646443637946726
27.5	28.75	4.641438380502352
28.75	27.5	3.3732985608034305
28.75	26.25	1.1935471827628996
28.75	25.0	0.9788802274385358
28.75	23.75	1.380976383564418
28.75	22.5	1.8765499858556076
28.75	21.25	1.375803408678859
28.75	20.0	1.5522731836143606
28.75	18.75	1.3376475528266027
28.75	17.5	1.0775093260295643
28.75	16.25	1.0076721446266559
28.75	15.0	1.069370612131487
28.75	13.75	1.087246471080964
28.75	12.5	0.9676688303413705
28.75	11.25	0.9452048412437648
28.75	10.0	0.9687293904933121
28.75	8.75	0.9775454827498908
28.75	7.5	0.9798520827697459
28.75	6.25	0.9717896466848019
28.75	5.0	0.9245004608178036
28.75	3.75	0.9294149604158051
28.75	2.5	0.9159128003128858
28.75	1.25	0.9263492745782864
28.75	-0.0	0.9412983736777232
28.75	-1.25	0.9338357583778967
28.75	-2.5	0.9394193405047782
28.75	-3.75	0.9434711107725704
28.75	-5.0	0.9045804604616992
28.75	-6.25	0.9299011509811201
28.75	-7.5	0.9423989356885834
28.75	-8.75	0.975109323076194
28.75	-10.0	0.9970669829988132
28.75	-11.25	1.0523721682337728
28.75	-12.5	1.1166774984524626
28.75	-13.75	1.1846909523765872
28.75	-15.0	1.2172263871649447
28.75	-16.25	1.223245235399233
28.75	-17.5	1.2018556809415735
28.75	-18.75	1.129507262134557
28.75	-20.0	0.9651284601652357
28.75	-21.25	0.9485882974391346
28.75	-22.5	0.9446867552427722
28.75	-23.75	0.9392391391011357
28.75	-25.0	0.8991650875649757
28.75	-26.25	0.8322890231369016
28.75	-27.5	1.0960115177493792
30.0	-26.25	1.1211051076850698
30.0	-25.0	0.8861288340092113
30.0	-23.75	0.9024996216519652
30.0	-22.5	0.9497685801897795
30.0	-21.25	0.9359808023364913
30.0	-20.0	0.9601991444389757
30.0	-18.75	0.942272833963794
30.0	-17.5	0.9947401133072074
30.0	-16.25	1.1243271648150284
30.0	-15.0	1.17369101494043
30.0	-13.75	1.1915999497825247
30.0	-12.5	1.1864024564271416
30.0	-11.25	1.1962057946578941
30.0	-10.0	1.1442722473362945
30.0	-8.75	1.1174250932896088
30.0	-7.5	1.0848022137838278
30.0	-6.25	1.0488568671438427
30.0	-5.0	1.032055705598264
30.0	-3.75	1.027659128621135
30.0	-2.5	1.0311647847413665
30.0	-1.25	1.017964464874348
30.0	0.0	1.0118300502289461
30.0	1.25	1.0037658492791381
30.0	2.5	1.0083789630088429
30.0	3.75	1.015147960251256
30.0	5.0	1.0426981696575215
30.0	6.25	1.0165675567383854
30.0	7.5	1.0156681059458172
30.0	8.75	0.9895226890323308
30.0	10.0	1.1190753895814591
30.0	11.25	1.0985490264392084
30.0	12.5	1.05249663010974
30.0	13.75	0.9857092771414964
30.0	15.0	1.010196953202371
30.0	16.25	1.195434646675019
30.0	17.5	1.4517951955660378
30.0	18.75	1.5260716921818984
30.0	20.0	1.4626516851513038
30.0	21.25	1.7543200209475067
30.0	22.5	1.0854660292547553
30.0	23.75	1.004301893949794
30.0	25.0	1.2465422150557188
30.0	26.25	3.428095065513176
31.25	25.0	3.612782379373723
31.25	23.75	1.4059576019154916
31.25	22.5	1.0332417260419628
31.25	21.25	1.0156219009814462
31.25	20.0	1.6561536768312113
31.25	18.75	1.8421384054884022
31.25	17.5	1.3595806616704085
31.25	16.25	1.5043782689285425
31.25	15.0	1.3677575814844456
31.25	13.75	1.1459731823564372
31.25	12.5	0.9952987542778597
31.25	11.25	0.929345347108331
31.25	10.0	1.0058651851719258
31.25	8.75	1.068286656379989
31.25	7.5	1.1111375279924474
31.25	6.25	1.1166277445305859
31.25	5.0	1.016521812136773
31.25	3.75	1.069294673756806
31.25	2.5	1.0763143632062029
31.25	1.25	1.109487040751218
31.25	-0.0	1.0936793279461652
31.25	-1.25	1.0979251889406623
31.25	-2.5	1.106774441291039
31.25	-3.75	1.1259573763755686
31.25	-5.0	1.1281569260985869
31.25	-6.25	1.1569242879109236
31.25	-7.5	1.161362862917505
31.25	-8.75	1.1910234651583398
31.25	-10.0	1.1824827948222278
31.25	-11.25	1.1673120833931812
31.25	-12.5	1.1109755778306685
31.25	-13.75	1.0527872677222305
31.25	-15.0	0.9758277048853117
31.25	-16.25	0.958853476568037
31.25	-17.5	1.001426727291399
31.25	-18.75	0.9567234335984782
31.25	-20.0	0.9453949297404582
31.25	-21.25	0.9392598550142957
31.25	-22.5	0.8604561727440849
31.25	-23.75	0.8796484035663221
31.25	-25.0	1.192867362049003
32.5	-23.75	1.3447850337601652
32.5	-22.5	0.9049587327976125
32.5	-21.25	0.8768487283202031
32.5	-20.0	0.9385585267394534
32.5	-18.75	1.0098986023525622
32.5	-17.5	1.0028228064443017
32.5	-16.25	1.0150827825123763
32.5	-15.0	1.0474777664880435
32.5	-13.75	1.0145414089731917
32.5	-12.5	0.9600930255358211
32.5	-11.25	0.9882935752828619
32.5	-10.0	1.0207321552884716
32.5	-8.75	1.066539907555545
32.5	-7.5	1.1041866903424458
32.5	-6.25	1.1738545050871751
32.5	-5.0	1.2069818561790537
32.5	-3.75	1.2428038677340991
32.5	-2.5	1.2420055338249192
32.5	-1.25	1.2331862376211946
32.5	0.0	1.177651502616282
32.5	1.25	1.1056519775900462
32.5	2.5	1.062181249985784
32.5	3.75	1.0711210701682532
32.5	5.0	1.0420470419162822
32.5	6.25	0.993859423853082
32.5	7.5	0.9531214155258114
32.5	8.75	0.9956087208017639
32.5	10.0	1.0560441177975752
32.5	11.25	1.205838302504497
32.5	12.5	1.364773709133705
32.5	13.75	1.452476369198381
32.5	15.0	1.3633273681962415
32.5	16.25	1.7304827116339734
32.5	17.5	2.0381193197499066
32.5	18.75	1.27435957461738
32.5	20.0	1.0050715877822363
32.5	21.25	1.1502524755331311
32.5	22.5	1.8268304050246194
32.5	23.75	-3.032742434479041
33.75	21.25	4.300620422330349
33.75	20.0	1.3312595640618907
33.75	18.75	1.0839500946366183
33.75	17.5	1.0065667329996693
33.75	16.25	1.3385229760530493
33.75	15.0	1.9346942919812253
33.75	13.75	1.7449071870804786
33.75	12.5	1.3691967905481626
33.75	11.25	1.3615889172612405
33.75	10.0	1.3928872014144105
33.75	8.75	1.308273005850456
33.75	7.5	1.1969272427479414
33.75	6.25	1.094182083179497
33.75	5.0	1.012998450038701
33.75	3.75	0.9764682533045299
33.75	2.5	0.9609964716093149
33.75	1.25	0.932502365099972
33.75	-0.0	0.9526874493339701
33.75	-1.25	0.960064202908657
33.75	-2.5	0.9593364579614629
33.75	-3.75	0.9619036968858836
33.75	-5.0	0.9506048645355953
33.75	-6.25	0.9465827969531233
33.75	-7.5	0.9620247903021557
33.75	-8.75	0.9786124800332701
33.75	-10.0	1.0354983274200134
33.75	-11.25	1.0906266574844823
33.75	-12.5	1.0649588559733427
33.75	-13.75	1.0207976719498744
33.75	-15.0	1.021246482836852
33.75	-16.25	1.0648233609464324
33.75	-17.5	0.9808731621037401
33.75	-18.75	0.890926163955637
33.75	-20.0	0.9293028266342249
33.75	-21.25	1.0435403242729082
35.0	-20.0	1.5442786269285484
35.0	-18.75	1.0229377609129662
35.0	-17.5	0.9245060657346453
35.0	-16.25	0.9406561561667051
35.0	-15.0	1.00543598601657
35.0	-13.75	1.122523621881192
35.0	-12.5	1.1249288445418753
35.0	-11.25	1.0791409890517931
35.0	-10.0	1.0498524392340167
35.0	-8.75	1.0766231956835473
35.0	-7.5	1.1115832085032569
35.0	-6.25	1.1376671054192222
35.0	-5.0	1.1552436195598208
35.0	-3.75	1.131217198469848
35.0	-2.5	1.1485020526094205
35.0	-1.25	1.150711546734784
35.0	0.0	1.1715445351605371
35.0	1.25	1.1836876482270355
35.0	2.5	1.2319037909671504
35.0	3.75	1.2603599502678664
35.0	5.0	1.291999311311308
35.0	6.25	1.3027411245983913
35.0	7.5	1.2698293513267274
35.0	8.75	1.319051354402779
35.0	10.0	1.6078476065732037
35.0	11.25	1.9423439365427946
35.0	12.5	1.813524214858524
35.0	13.75	1.2481657684929512
35.0	15.0	1.0301987754940942
35.0	16.25	1.0719776881701018
35.0	17.5	1.3055743319824202
35.0	18.75	2.1531540011709707
35.0	20.0	3.960307554791523
36.25	17.5	2.8449451982297074
36.25	16.25	2.017007793550368
36.25	15.0	1.3426248074553353
36.25	13.75	1.143090202062802
36.25	12.5	1.0479666616417056
36.25	11.25	1.095235314129818
36.25	10.0	1.3288101900878218
36.25	8.75	1.7405773319323075
36.25	7.5	1.8569331295478957
36.25	6.25	1.734144009594778
36.25	5.0	1.5246966103776707
36.25	3.75	1.363253455542064
36.25	2.5	1.241481360555241
36.25	1.25	1.189273685495575
36.25	-0.0	1.1341825140710853
36.25	-1.25	1.135679179084386
36.25	-2.5	1.106606694003216
36.25	-3.75	1.1219037473958267
36.25	-5.0	1.1461897096146556
36.25	-6.25	1.2008863704006023
36.25	-7.5	1.2229015800746303
36.25	-8.75	1.270087059982692
36.25	-10.0	1.2452240393157243
36.25	-11.25	1.1297730607204883
36.25	-12.5	0.9790839076756361
36.25	-13.75	0.9791455644771858
36.25	-15.0	1.0419373472175941
36.25	-16.25	1.1451572237819896
36.25	-17.5	1.6176411897345044
37.5	-15.0	2.127050618003951
37.5	-13.75	1.4266767607113824
37.5	-12.5	1.2431872912155697
37.5	-11.25	1.1503390682126309
37.5	-10.0	1.089413856713433
37.5	-8.75	1.062222501550826
37.5	-7.5	1.083538086884774
37.5	-6.25	1.1943093311241064
37.5	-5.0	1.287159119125092
37.5	-3.75	1.3666041745114699
37.5	-2.5	1.4038620346418202
37.5	-1.25	1.4491367808104227
37.5	0.0	1.4908850213377018
37.5	1.25	1.4905422758456455
37.5	2.5	1.4847730114339077
37.5	3.75	1.3952595890291066
37.5	5.0	1.2621231488443705
37.5	6.25	1.1320717230745458
37.5	7.5	1.1141371983738413
37.5	8.75	1.1485021676771643
37.5	10.0	1.1973973464342125
37.5	11.25	1.3561389520503466
37.5	12.5	1.5221216419344703
37.5	13.75	3.3407737524192544
37.5	15.0	2.9076577814030724
38.75	11.25	2.958334431070895
38.75	10.0	4.999999999999993
38.75	8.75	1.740857577308736
38.75	7.5	1.4836923659928436
38.75	6.25	1.4450185533034032
38.75	5.0	1.354898684624338
38.75	3.75	1.3304796629728592
38.75	2.5	1.3007007510439816
38.75	1.25	1.2783532353253069
38.75	-0.0	1.2716582686835798
38.75	-1.25	1.2813979594444893
38.75	-2.5	1.3005348087544952
38.75	-3.75	1.3208644844608646
38.75	-5.0	1.3468842893317685
38.75	-6.25	1.360464733020362
38.75	-7.5	1.3893667753755743
38.75	-8.75	1.4498330851057872
38.75	-10.0	1.8143994625397735
38.75	-11.25	2.2182518137578855
40.0	-6.25	3.075122203020694
40.0	-5.0	4.224834885412015
40.0	-3.75	3.820961044605829
40.0	-2.5	2.454857593071792
40.0	-1.25	2.3188795537234146
40.0	0.0	2.4061811472321875
40.0	1.25	2.7182403875189776
40.0	2.5	3.1792960079866095
40.0	3.75	3.71637491556786
40.0	5.0	2.6126649421344137
40.0	6.25	2.6835662851684496
