-40.0	6.25	2.5499354100603426
-40.0	5.0	2.7080574252887697
-40.0	3.75	3.1284792783706443
-40.0	2.5	2.4593975856426473
-40.0	1.25	2.249148159569991
-40.0	-0.0	2.0341161831374848
-40.0	-1.25	1.9402944450467334
-40.0	-2.5	1.9673162168222502
-40.0	-3.75	2.2503195820385615
-40.0	-5.0	2.2622199043866154
-40.0	-6.25	2.255587337004842
-38.75	-11.25	1.9145386763520742
-38.75	-10.0	1.5741568546676028
-38.75	-8.75	1.535279031239849
-38.75	-7.5	1.5372679738271477
-38.75	-6.25	1.548435179972028
-38.75	-5.0	1.5526450873787967
-38.75	-3.75	1.490349770981978
-38.75	-2.5	1.4783959251567849
-38.75	-1.25	1.4558138174642608
-38.75	0.0	1.4495694582840883
-38.75	1.25	1.4540508507429646
-38.75	2.5	1.4486710725926883
-38.75	3.75	1.480964105232978
-38.75	5.0	1.539687789373553
-38.75	6.25	1.6004651521930686
-38.75	7.5	1.7796171091480488
-38.75	8.75	2.0363378228681617
-38.75	10.0	3.80212098795794
-38.75	11.25	2.4625881598181856
-37.5	15.0	2.2020082841206605
-37.5	13.75	3.5626579650633357
-37.5	12.5	1.8763685694052912
-37.5	11.25	1.5845689801620626
-37.5	10.0	1.3953372159055277
-37.5	8.75	1.2873075123263567
-37.5	7.5	1.2841815650176924
-37.5	6.25	1.309939951819647
-37.5	5.0	1.3800459753339194
-37.5	3.75	1.4685839137322354
-37.5	2.5	1.499574808423084
-37.5	1.25	1.4912099242216712
-37.5	-0.0	1.446817801078561
-37.5	-1.25	1.4537369605064177
-37.5	-2.5	1.4363434838487974
-37.5	-3.75	1.3830324156214697
-37.5	-5.0	1.341492308464666
-37.5	-6.25	1.302000143793788
-37.5	-7.5	1.2427807069255135
-37.5	-8.75	1.270949853007317
-37.5	-10.0	1.341793367179374
-37.5	-11.25	1.415936341560899
-37.5	-12.5	1.500414739822304
-37.5	-13.75	1.5831952319707412
-37.5	-15.0	2.1350710826126162
-36.25	-17.5	1.794046390376148
-36.25	-16.25	1.4776781730855895
-36.25	-15.0	1.2937340897296412
-36.25	-13.75	1.1799963455204567
-36.25	-12.5	1.1653091395925639
-36.25	-11.25	1.2191293962051937
-36.25	-10.0	1.272570342214192
-36.25	-8.75	1.300960712983354
-36.25	-7.5	1.2834558465306394
-36.25	-6.25	1.262883618787071
-36.25	-5.0	1.2121927824717549
-36.25	-3.75	1.177642410772739
-36.25	-2.5	1.1670671731839448
-36.25	-1.25	1.1489608940026823
-36.25	0.0	1.1739153723818943
-36.25	1.25	1.1622206805357793
-36.25	2.5	1.192171699053148
-36.25	3.75	1.2820021535057604
-36.25	5.0	1.3811267210173863
-36.25	6.25	1.528487877517386
-36.25	7.5	1.6735746956561233
-36.25	8.75	1.739063619636367
-36.25	10.0	1.4798736851592977
-36.25	11.25	1.2844644015157591
-36.25	12.5	1.2126083205433549
-36.25	13.75	1.3281922513263975
-36.25	15.0	1.637360252461713
-36.25	16.25	3.092141680711901
-36.25	17.5	2.2230079528137097
-35.0	20.0	2.123811308342014
-35.0	18.75	2.613222421375127
-35.0	17.5	1.5032265693585556
-35.0	16.25	1.2424861322553635
-35.0	15.0	1.1813842352192827
-35.0	13.75	1.4157778483903343
-35.0	12.5	1.7994171606862484
-35.0	11.25	1.691833024292957
-35.0	10.0	1.4144836127664417
-35.0	8.75	1.2600785456184482
-35.0	7.5	1.2602079801301524
-35.0	6.25	1.1975415405511427
-35.0	5.0	1.175382734002115
-35.0	3.75	1.156384868132645
-35.0	2.5	1.1391739832962413
-35.0	1.25	1.1333920945630727
-35.0	-0.0	1.1369809849735235
-35.0	-1.25	1.1370637450171808
-35.0	-2.5	1.1534386418348417
-35.0	-3.75	1.1570737349095817
-35.0	-5.0	1.1585971681657226
-35.0	-6.25	1.190857564739762
-35.0	-7.5	1.193661358279698
-35.0	-8.75	1.15936642781279
-35.0	-10.0	1.1648469239139825
-35.0	-11.25	1.1883572883224787
-35.0	-12.5	1.2287983617337446
-35.0	-13.75	1.2294560288973262
-35.0	-15.0	1.1554193706474125
-35.0	-16.25	1.0961415879876277
-35.0	-17.5	1.1401575525150118
-35.0	-18.75	1.3325878900441843
-35.0	-20.0	1.9349882081444854
-33.75	-21.25	1.3724670238741972
-33.75	-20.0	1.1162753969593204
-33.75	-18.75	1.0468980461764037
-33.75	-17.5	1.1193324901994774
-33.75	-16.25	1.1933728806404158
-33.75	-15.0	1.1645231711778061
-33.75	-13.75	1.1362837426581684
-33.75	-12.5	1.206543758360496
-33.75	-11.25	1.2499956602092617
-33.75	-10.0	1.161599564734244
-33.75	-8.75	1.1027595180367644
-33.75	-7.5	1.061653732432041
-33.75	-6.25	1.0572244535126636
-33.75	-5.0	1.052243484001525
-33.75	-3.75	1.058877583409961
-33.75	-2.5	1.0614466874335164
-33.75	-1.25	1.0565822188769332
-33.75	0.0	1.0471732978541048
-33.75	1.25	1.0893865031846968
-33.75	2.5	1.0667444378194109
-33.75	3.75	1.073954688542389
-33.75	5.0	1.0764357944660823
-33.75	6.25	1.1125296538954341
-33.75	7.5	1.1438463121911369
-33.75	8.75	1.188137698902338
-33.75	10.0	1.2078628952090096
-33.75	11.25	1.2798431412804483
-33.75	12.5	1.2998869327602636
-33.75	13.75	1.5523023481117555
-33.75	15.0	1.8228809031962045
-33.75	16.25	1.491861124093563
-33.75	17.5	1.173535476201768
-33.75	18.75	1.228152464207498
-33.75	20.0	1.5665247699059046
-33.75	21.25	2.5481196353033493
-32.5	23.75	2.0920414145802724
-32.5	22.5	2.0227626319052616
-32.5	21.25	1.2985531869355516
-32.5	20.0	1.148970855921415
-32.5	18.75	1.3978511879763689
-32.5	17.5	1.8173352869442985
-32.5	16.25	1.4563333530887457
-32.5	15.0	1.3283786270052147
-32.5	13.75	1.2762008551507904
-32.5	12.5	1.2294470685127354
-32.5	11.25	1.185638110574696
-32.5	10.0	1.1191691901577636
-32.5	8.75	1.090592413532697
-32.5	7.5	1.0912109849620721
-32.5	6.25	1.034019385259688
-32.5	5.0	1.0305501110486954
-32.5	3.75	1.0260044849898708
-32.5	2.5	1.0150604890360722
-32.5	1.25	1.0169233214234161
-32.5	-0.0	1.0123950253556524
-32.5	-1.25	1.0039973191911935
-32.5	-2.5	1.0223420046254095
-32.5	-3.75	1.0599155770575797
-32.5	-5.0	1.0338478302908296
-32.5	-6.25	1.049912951386533
-32.5	-7.5	1.0811886673908147
-32.5	-8.75	1.0995937453194262
-32.5	-10.0	1.1130309299272128
-32.5	-11.25	1.105530121253146
-32.5	-12.5	1.1367234492096046
-32.5	-13.75	1.1894910196667627
-32.5	-15.0	1.2015892854889918
-32.5	-16.25	1.1205090260384232
-32.5	-17.5	1.128996670530972
-32.5	-18.75	1.1421342388994216
-32.5	-20.0	1.0564416978259183
-32.5	-21.25	1.0200680007967673
-32.5	-22.5	1.1017106448629015
-32.5	-23.75	1.8897153218909999
-31.25	-25.0	1.4271763224807463
-31.25	-23.75	1.038247738477967
-31.25	-22.5	1.0026401857245046
-31.25	-21.25	1.074961217330559
-31.25	-20.0	1.1251939277224574
-31.25	-18.75	1.1014413259852338
-31.25	-17.5	1.184830649356572
-31.25	-16.25	1.166715899478734
-31.25	-15.0	1.139249890799002
-31.25	-13.75	1.1618879819308905
-31.25	-12.5	1.1326228151448863
-31.25	-11.25	1.119445670124712
-31.25	-10.0	1.1016778429225376
-31.25	-8.75	1.098852557392778
-31.25	-7.5	1.0953888205984974
-31.25	-6.25	1.0997882696357744
-31.25	-5.0	1.0990933521960748
-31.25	-3.75	1.1006748551564858
-31.25	-2.5	1.095073439739151
-31.25	-1.25	1.0953564303859284
-31.25	0.0	1.0546813904160874
-31.25	1.25	1.0873111298532212
-31.25	2.5	1.110430793242374
-31.25	3.75	1.079376834103054
-31.25	5.0	1.0666571943324303
-31.25	6.25	1.0472403878154282
-31.25	7.5	1.0279576819242404
-31.25	8.75	1.0114156704225143
-31.25	10.0	1.0527717740877538
-31.25	11.25	1.1106855003019556
-31.25	12.5	1.131613871771222
-31.25	13.75	1.1887180867745082
-31.25	15.0	1.2872392320966224
-31.25	16.25	1.3373260478546385
-31.25	17.5	1.3502358354541268
-31.25	18.75	1.6149431327857027
-31.25	20.0	1.6030630877256424
-31.25	21.25	1.15379406976108
-31.25	22.5	1.1979058890531658
-31.25	23.75	1.6841299337658358
-31.25	25.0	2.0383219459771844
-30.0	26.25	2.0893166583624856
-30.0	25.0	1.466118298770489
-30.0	23.75	1.1390718952227132
-30.0	22.5	1.2404002472189823
-30.0	21.25	1.6268224595875473
-30.0	20.0	1.3169402695614343
-30.0	18.75	1.4309553887184183
-30.0	17.5	1.3463892579924064
-30.0	16.25	1.2351253306738261
-30.0	15.0	1.141900485305162
-30.0	13.75	1.1297631188360349
-30.0	12.5	1.0229029315360405
-30.0	11.25	1.0249534195106147
-30.0	10.0	1.0564824265209563
-30.0	8.75	1.070121419206858
-30.0	7.5	1.0899561329361198
-30.0	6.25	1.0431920103661154
-30.0	5.0	1.0359877829793342
-30.0	3.75	1.0268910773181883
-30.0	2.5	1.0238801742968215
-30.0	1.25	1.0249191113055645
-30.0	-0.0	1.033061508428613
-30.0	-1.25	1.0312743109099545
-30.0	-2.5	1.0430916660290492
-30.0	-3.75	1.038714427379153
-30.0	-5.0	1.0467446189364749
-30.0	-6.25	1.0653134204636627
-30.0	-7.5	1.0747533993747904
-30.0	-8.75	1.1089061447443047
-30.0	-10.0	1.1316187671396527
-30.0	-11.25	1.1649866523133845
-30.0	-12.5	1.17316024293922
-30.0	-13.75	1.1454664689946608
-30.0	-15.0	1.169121555078652
-30.0	-16.25	1.1621056045060811
-30.0	-17.5	1.1540679929214592
-30.0	-18.75	1.160000454629846
-30.0	-20.0	1.1405017592663231
-30.0	-21.25	1.1135315863151476
-30.0	-22.5	1.0692348118882276
-30.0	-23.75	1.0088562651765853
-30.0	-25.0	1.0202782959663743
-30.0	-26.25	1.3916180918501189
-28.75	-27.5	1.4286977957215754
-28.75	-26.25	1.0179631868344323
-28.75	-25.0	1.0228480378472362
-28.75	-23.75	1.0853993710013867
-28.75	-22.5	1.0940295791636228
-28.75	-21.25	1.1383135573636594
-28.75	-20.0	1.1459315963985608
-28.75	-18.75	1.2085274330722182
-28.75	-17.5	1.2229167274625592
-28.75	-16.25	1.185520758473622
-28.75	-15.0	1.1942393963596043
-28.75	-13.75	1.161677616452133
-28.75	-12.5	1.1467974881442924
-28.75	-11.25	1.1013859008496265
-28.75	-10.0	1.0600260940172168
-28.75	-8.75	1.0529788961291136
-28.75	-7.5	1.0470706402486174
-28.75	-6.25	1.033583006387314
-28.75	-5.0	1.0324275601543267
-28.75	-3.75	1.0304814153235151
-28.75	-2.5	1.044415848494726
-28.75	-1.25	1.03593248016813
-28.75	0.0	1.033414654620243
-28.75	1.25	1.036208227655015
-28.75	2.5	1.0399672399221727
-28.75	3.75	1.047828562043442
-28.75	5.0	1.0311115689781012
-28.75	6.25	1.034125911398153
-28.75	7.5	1.0357276395454749
-28.75	8.75	1.0240423860125691
-28.75	10.0	1.0207510927919348
-28.75	11.25	1.086680134748618
-28.75	12.5	1.070373844904303
-28.75	13.75	1.0339478398521438
-28.75	15.0	1.050073120865913
-28.75	16.25	1.131266663172383
-28.75	17.5	1.162193239669449
-28.75	18.75	1.3112178639282623
-28.75	20.0	1.4175379510075956
-28.75	21.25	1.283135095910179
-28.75	22.5	1.6702596462736086
-28.75	23.75	1.3875522699219474
-28.75	25.0	1.1231302046097458
-28.75	26.25	1.4000574413701639
-28.75	27.5	2.159862195225857
-27.5	28.75	2.3842371428081925
-27.5	27.5	1.3768236623531713
-27.5	26.25	1.1380414076270302
-27.5	25.0	1.4590102025414833
-27.5	23.75	1.4683676687895844
-27.5	22.5	1.47819048972943
-27.5	21.25	1.4440793088753026
-27.5	20.0	1.2676697716914624
-27.5	18.75	1.1919930892600652
-27.5	17.5	1.0899692584663754
-27.5	16.25	1.0407369462114087
-27.5	15.0	1.0791944920444232
-27.5	13.75	1.097040360414839
-27.5	12.5	1.026784122861403
-27.5	11.25	1.0421504011404936
-27.5	10.0	1.0329199577000097
-27.5	8.75	1.0430988171530151
-27.5	7.5	1.0500961744457458
-27.5	6.25	1.068282048106676
-27.5	5.0	1.0597306663471855
-27.5	3.75	1.0780237728323812
-27.5	2.5	1.0964176911168995
-27.5	1.25	1.1002720281265344
-27.5	-0.0	1.0800621821946654
-27.5	-1.25	1.0515649555631326
-27.5	-2.5	1.0691926703672632
-27.5	-3.75	1.0692023040567564
-27.5	-5.0	1.073159873941922
-27.5	-6.25	1.0922941029811772
-27.5	-7.5	1.0836928564337365
-27.5	-8.75	1.061310288354366
-27.5	-10.0	1.0502205322300266
-27.5	-11.25	1.0551652105961553
-27.5	-12.5	1.0677579986564236
-27.5	-13.75	1.0950030936450226
-27.5	-15.0	1.1559566937709809
-27.5	-16.25	1.2063952811316483
-27.5	-17.5	1.2325850521568915
-27.5	-18.75	1.230544507148359
-27.5	-20.0	1.2473880439298757
-27.5	-21.25	1.1657906364218427
-27.5	-22.5	1.1293541916844099
-27.5	-23.75	1.1053424130741698
-27.5	-25.0	1.0488214866771042
-27.5	-26.25	0.9942302992127292
-27.5	-27.5	0.9780832472629317
-27.5	-28.75	1.5934140605961087
-26.25	-30.0	2.008146948684109
-26.25	-28.75	1.004625732337919
-26.25	-27.5	0.9836654501884166
-26.25	-26.25	1.0248588220937913
-26.25	-25.0	1.085069759194777
-26.25	-23.75	1.1165771968626794
-26.25	-22.5	1.2030459808634753
-26.25	-21.25	1.2554094629397206
-26.25	-20.0	1.2419557476757026
-26.25	-18.75	1.2351522321681312
-26.25	-17.5	1.1753345274295581
-26.25	-16.25	1.0970225373261595
-26.25	-15.0	1.0459958676239411
-26.25	-13.75	1.060420179202703
-26.25	-12.5	1.072977927684792
-26.25	-11.25	1.0917656333696826
-26.25	-10.0	1.1096933003600942
-26.25	-8.75	1.0779169121767982
-26.25	-7.5	1.080410238843851
-26.25	-6.25	1.084346862787652
-26.25	-5.0	1.0551475875589915
-26.25	-3.75	1.0798025621743523
-26.25	-2.5	1.1002951773326792
-26.25	-1.25	1.1184115357628732
-26.25	0.0	1.1358761452828245
-26.25	1.25	1.1751566857384965
-26.25	2.5	1.117402321716563
-26.25	3.75	1.1345351270100643
-26.25	5.0	1.1135670206671175
-26.25	6.25	1.1063665639992557
-26.25	7.5	1.114585842511647
-26.25	8.75	1.0887257538371262
-26.25	10.0	1.0708118440192997
-26.25	11.25	1.0538964274533447
-26.25	12.5	1.0377050542262918
-26.25	13.75	1.041360856341588
-26.25	15.0	1.0014515920925335
-26.25	16.25	1.1107096945247097
-26.25	17.5	1.0830789631178632
-26.25	18.75	1.0392849857599362
-26.25	20.0	1.1774867210613618
-26.25	21.25	1.2484741867541969
-26.25	22.5	1.4369358623416915
-26.25	23.75	1.5148384310482212
-26.25	25.0	1.408130911384231
-26.25	26.25	1.428488415339646
-26.25	27.5	1.1136293074193802
-26.25	28.75	1.4360794417636384
-26.25	30.0	1.9992041900192028
-25.0	31.25	2.1290615148066223
-25.0	30.0	1.5753180303239853
-25.0	28.75	1.110291490168878
-25.0	27.5	1.4337879864150676
-25.0	26.25	1.443495043035985
-25.0	25.0	1.5081610316503813
-25.0	23.75	1.4400356165246269
-25.0	22.5	1.2621621382120711
-25.0	21.25	1.1812892781350781
-25.0	20.0	1.056282618869866
-25.0	18.75	1.0879090619701053
-25.0	17.5	1.0354913846509417
-25.0	16.25	1.01370304544845
-25.0	15.0	1.0312393538401636
-25.0	13.75	1.0414999920885881
-25.0	12.5	1.0905862103835107
-25.0	11.25	1.0847322416015466
-25.0	10.0	1.1187253865897837
-25.0	8.75	1.116394462699967
-25.0	7.5	1.2731194057325794
-25.0	6.25	1.4144988522695847
-25.0	5.0	1.40250421893108
-25.0	3.75	1.3154625250127499
-25.0	2.5	1.2048997826460708
-25.0	1.25	1.1269926711590923
-25.0	-0.0	1.0574658260900982
-25.0	-1.25	1.050496454223505
-25.0	-2.5	1.0112603891146943
-25.0	-3.75	1.0273270720942138
-25.0	-5.0	1.0352176033392846
-25.0	-6.25	1.0490685132513882
-25.0	-7.5	1.0692782872614393
-25.0	-8.75	1.0880274526261147
-25.0	-10.0	1.0532582213127526
-25.0	-11.25	1.0590860237046549
-25.0	-12.5	1.062404975143525
-25.0	-13.75	1.046110724116156
-25.0	-15.0	1.0632419458330151
-25.0	-16.25	1.0446432090852547
-25.0	-17.5	1.0580251490222121
-25.0	-18.75	1.1560894563464572
-25.0	-20.0	1.2367457702854656
-25.0	-21.25	1.2571566562650727
-25.0	-22.5	1.273603305661398
-25.0	-23.75	1.232319747443432
-25.0	-25.0	1.0691398123260907
-25.0	-26.25	1.050442477577028
-25.0	-27.5	1.0100348031431308
-25.0	-28.75	0.9562808696366467
-25.0	-30.0	1.0527003065898457
-25.0	-31.25	3.0820270878489247
-23.75	-32.5	4.879314090258388
-23.75	-31.25	1.2979922325631463
-23.75	-30.0	0.9633822229402504
-23.75	-28.75	0.997002711208296
-23.75	-27.5	1.0423151365256889
-23.75	-26.25	1.07395419687305
-23.75	-25.0	1.2215583460251445
-23.75	-23.75	1.2814547157885672
-23.75	-22.5	1.2676522806080923
-23.75	-21.25	1.2160972256160472
-23.75	-20.0	1.1206511468051055
-23.75	-18.75	1.0503632098081006
-23.75	-17.5	1.0274373093906846
-23.75	-16.25	1.052602963410381
-23.75	-15.0	1.0350621643166482
-23.75	-13.75	1.0217777370505532
-23.75	-12.5	1.0300315797834747
-23.75	-11.25	1.0552750387420007
-23.75	-10.0	1.0116477917975866
-23.75	-8.75	0.981692074099402
-23.75	-7.5	0.9863053085755276
-23.75	-6.25	0.9873238246585467
-23.75	-5.0	0.9814808561073356
-23.75	-3.75	0.9846122110981206
-23.75	-2.5	0.9792675609449226
-23.75	-1.25	0.9796268893327493
-23.75	0.0	0.9898578234092783
-23.75	1.25	1.006757631496277
-23.75	2.5	1.0015745547857202
-23.75	3.75	1.0070287314639224
-23.75	5.0	1.033669336004456
-23.75	6.25	1.1540717637748017
-23.75	7.5	1.3099554526503159
-23.75	8.75	1.3858165700870853
-23.75	10.0	1.2908192305802473
-23.75	11.25	1.1357468806259856
-23.75	12.5	1.115982555516318
-23.75	13.75	1.0744129307845762
-23.75	15.0	1.0590797651877644
-23.75	16.25	1.0228026777722334
-23.75	17.5	1.056731984535487
-23.75	18.75	1.0063756017050975
-23.75	20.0	1.102287291945867
-23.75	21.25	1.0460566683861918
-23.75	22.5	1.1823359707309908
-23.75	23.75	1.2688059424950593
-23.75	25.0	1.4418458237674532
-23.75	26.25	1.4709681929522755
-23.75	27.5	1.4546127665840736
-23.75	28.75	1.3252812422922595
-23.75	30.0	1.1398855106823316
-23.75	31.25	1.811884268205728
-23.75	32.5	1.9120747510653509
-22.5	32.5	-2.283698823678323
-22.5	31.25	1.233716794958509
-22.5	30.0	1.1331105783541497
-22.5	28.75	1.286792270586476
-22.5	27.5	1.4069531545626823
-22.5	26.25	1.4669856968166712
-22.5	25.0	1.288547068496019
-22.5	23.75	1.2232966082640484
-22.5	22.5	1.0452851705100752
-22.5	21.25	1.1147207697470627
-22.5	20.0	1.0092062159158388
-22.5	18.75	1.0176938383973884
-22.5	17.5	1.019991071389014
-22.5	16.25	1.0421916774701137
-22.5	15.0	1.0654600927140612
-22.5	13.75	1.0872909698640445
-22.5	12.5	1.1626171805511518
-22.5	11.25	1.2092189510579407
-22.5	10.0	1.1181805321836809
-22.5	8.75	1.03999648751787
-22.5	7.5	1.0379955315114682
-22.5	6.25	1.0285935506730404
-22.5	5.0	1.0338605674254184
-22.5	3.75	1.02810819147546
-22.5	2.5	1.0681389011637012
-22.5	1.25	1.0482489845530596
-22.5	-0.0	1.0536839144659451
-22.5	-1.25	1.0381691411423297
-22.5	-2.5	1.0447021201757911
-22.5	-3.75	1.0499656018394719
-22.5	-5.0	1.045649094620158
-22.5	-6.25	1.0096914385002753
-22.5	-7.5	0.9765150610803364
-22.5	-8.75	0.9935201097031099
-22.5	-10.0	0.9870222791427077
-22.5	-11.25	0.9974321159068689
-22.5	-12.5	1.0135482820637236
-22.5	-13.75	1.088961092518577
-22.5	-15.0	1.0497552038021425
-22.5	-16.25	1.002174463905737
-22.5	-17.5	0.9983312014436594
-22.5	-18.75	1.0438301968523556
-22.5	-20.0	1.0193048053238467
-22.5	-21.25	1.0769415208685462
-22.5	-22.5	1.2253108509069763
-22.5	-23.75	1.2910030155700465
-22.5	-25.0	1.2928073556984678
-22.5	-26.25	1.222544354560541
-22.5	-27.5	1.049044355852688
-22.5	-28.75	0.9896873324489031
-22.5	-30.0	0.9753275974998568
-22.5	-31.25	0.9769228467343405
-22.5	-32.5	2.119126908160192
-21.25	-33.75	2.6021487073508816
-21.25	-32.5	1.0837602210559183
-21.25	-31.25	0.9369800418273719
-21.25	-30.0	0.9218179014802246
-21.25	-28.75	1.0433522001450166
-21.25	-27.5	1.1890477092929785
-21.25	-26.25	1.3057614558840456
-21.25	-25.0	1.2934968233900443
-21.25	-23.75	1.2074033296410347
-21.25	-22.5	1.0704059428483612
-21.25	-21.25	1.0128555629338045
-21.25	-20.0	1.0200514418406161
-21.25	-18.75	1.007831613721586
-21.25	-17.5	1.0015094519195644
-21.25	-16.25	1.0962403544993755
-21.25	-15.0	1.0129745529848915
-21.25	-13.75	0.9767498761158695
-21.25	-12.5	0.9594300832911209
-21.25	-11.25	0.975686972170239
-21.25	-10.0	0.9965379058852228
-21.25	-8.75	1.026009378575445
-21.25	-7.5	1.0342939381970586
-21.25	-6.25	1.0273074942159433
-21.25	-5.0	1.0110368539711443
-21.25	-3.75	1.0163151031810642
-21.25	-2.5	1.029751737043492
-21.25	-1.25	1.019428377623428
-21.25	0.0	1.013710306664974
-21.25	1.25	1.0437636031230628
-21.25	2.5	1.0290887785929037
-21.25	3.75	1.0285995824806502
-21.25	5.0	1.0502135651407354
-21.25	6.25	1.0899416518930156
-21.25	7.5	1.0514847792306012
-21.25	8.75	1.0461668061697882
-21.25	10.0	1.0544774026588746
-21.25	11.25	1.0647430995179699
-21.25	12.5	1.0810408799352018
-21.25	13.75	1.1277053962554708
-21.25	15.0	1.0734605104006159
-21.25	16.25	1.0726379544022526
-21.25	17.5	1.0512729008307433
-21.25	18.75	1.0324762390120377
-21.25	20.0	1.0072602282695007
-21.25	21.25	1.013029978891577
-21.25	22.5	1.137528031109155
-21.25	23.75	1.0465014405885533
-21.25	25.0	1.246761069585137
-21.25	26.25	1.338183674241935
-21.25	27.5	1.5379580053529835
-21.25	28.75	1.2323002402671177
-21.25	30.0	1.3602981595965495
-21.25	31.25	1.1116243584405456
-21.25	32.5	1.4080981651737208
-21.25	33.75	1.9726827103787334
-20.0	35.0	1.730768499980968
-20.0	33.75	1.9504785110223457
-20.0	32.5	1.1456173854453606
-20.0	31.25	1.4137874155302814
-20.0	30.0	1.3789478853439752
-20.0	28.75	1.5444198353934082
-20.0	27.5	1.4123112841796797
-20.0	26.25	1.2679969167810201
-20.0	25.0	1.0884381239091931
-20.0	23.75	1.137813063400447
-20.0	22.5	1.0369387165435828
-20.0	21.25	1.0200135243618327
-20.0	20.0	1.0198424848160386
-20.0	18.75	1.0503030951330947
-20.0	17.5	1.097489313295652
-20.0	16.25	1.097431735286265
-20.0	15.0	1.1220193250270771
-20.0	13.75	1.0582394610265364
-20.0	12.5	1.0637164062424533
-20.0	11.25	1.0713071829327667
-20.0	10.0	1.0847713505160153
-20.0	8.75	1.0957860169628884
-20.0	7.5	1.0646786329742017
-20.0	6.25	1.0617408364872656
-20.0	5.0	1.0430951038874756
-20.0	3.75	1.0289389043440966
-20.0	2.5	1.0247541487395662
-20.0	1.25	1.0187993178978552
-20.0	-0.0	1.016947145347685
-20.0	-1.25	1.01278841010698
-20.0	-2.5	1.0001641074403276
-20.0	-3.75	0.998131148444557
-20.0	-5.0	0.9984005958474533
-20.0	-6.25	1.0004188340258446
-20.0	-7.5	0.9968293316500931
-20.0	-8.75	1.0067667440803385
-20.0	-10.0	0.994057958041795
-20.0	-11.25	1.007301871531534
-20.0	-12.5	0.9810229616965538
-20.0	-13.75	0.9721652225314887
-20.0	-15.0	0.9672975822486807
-20.0	-16.25	0.9890762267986917
-20.0	-17.5	1.0644423837949324
-20.0	-18.75	0.9931287841341065
-20.0	-20.0	1.0135517663052074
-20.0	-21.25	1.03521366472168
-20.0	-22.5	1.028953938195488
-20.0	-23.75	1.0642149109316268
-20.0	-25.0	1.224339964814635
-20.0	-26.25	1.2962933072614469
-20.0	-27.5	1.3106287513845434
-20.0	-28.75	1.120822789363909
-20.0	-30.0	1.0302841789904837
-20.0	-31.25	0.9119821609961907
-20.0	-32.5	0.944673813486486
-20.0	-33.75	1.933572278955456
-20.0	-35.0	2.67553501549643
-18.75	-35.0	2.470053913739622
-18.75	-33.75	1.074671786974375
-18.75	-32.5	0.9426477471908123
-18.75	-31.25	0.9779148471064065
-18.75	-30.0	1.0575054563079176
-18.75	-28.75	1.3002208183404296
-18.75	-27.5	1.3276594407523206
-18.75	-26.25	1.2380887981449646
-18.75	-25.0	1.0947628014355253
-18.75	-23.75	1.012538250330815
-18.75	-22.5	1.0137423793812488
-18.75	-21.25	0.9986477077001297
-18.75	-20.0	1.0052463135546938
-18.75	-18.75	0.9984528199474099
-18.75	-17.5	0.97200421981226
-18.75	-16.25	0.9692147075413011
-18.75	-15.0	0.9815875363482531
-18.75	-13.75	0.9783648662765909
-18.75	-12.5	0.9897313280281539
-18.75	-11.25	0.9881355386747623
-18.75	-10.0	0.9759429832068367
-18.75	-8.75	0.9699523041581575
-18.75	-7.5	0.9850643184444898
-18.75	-6.25	1.0208638521470768
-18.75	-5.0	1.0223874831445112
-18.75	-3.75	1.0329285773959027
-18.75	-2.5	1.038776180182711
-18.75	-1.25	1.0333697559507913
-18.75	0.0	1.0352590687537422
-18.75	1.25	1.0711779708220988
-18.75	2.5	1.0559648564267166
-18.75	3.75	1.0755129379829427
-18.75	5.0	1.0952871436974352
-18.75	6.25	1.0983724008151006
-18.75	7.5	1.0770755658291407
-18.75	8.75	1.096704154928478
-18.75	10.0	1.089184835651995
-18.75	11.25	1.1242999400541596
-18.75	12.5	1.0826256177523765
-18.75	13.75	1.0595417237791889
-18.75	15.0	1.0850951282409547
-18.75	16.25	1.1025353663175572
-18.75	17.5	1.0871197515854458
-18.75	18.75	1.0946269034770681
-18.75	20.0	1.0621583099318999
-18.75	21.25	1.014143764753392
-18.75	22.5	1.0134113506888243
-18.75	23.75	1.0355412766355245
-18.75	25.0	1.0941602422733894
-18.75	26.25	1.1274828722664676
-18.75	27.5	1.278566455279167
-18.75	28.75	1.4572039696329808
-18.75	30.0	1.4507204338005337
-18.75	31.25	1.4385710164385612
-18.75	32.5	1.16024569578021
-18.75	33.75	1.2684146508108052
-18.75	35.0	1.9020758747914233
-17.5	36.25	1.8754056511989994
-17.5	35.0	1.7546507916688938
-17.5	33.75	1.08918981011864
-17.5	32.5	1.4289464106074465
-17.5	31.25	1.2776187292596788
-17.5	30.0	1.5279165674998518
-17.5	28.75	1.3431180416430948
-17.5	27.5	1.1901494980291796
-17.5	26.25	1.0581283805256403
-17.5	25.0	1.0329044951374966
-17.5	23.75	0.9925078036218231
-17.5	22.5	1.0468680970854125
-17.5	21.25	1.068634858915125
-17.5	20.0	1.098098071493828
-17.5	18.75	1.1150446144332982
-17.5	17.5	1.1092969975891362
-17.5	16.25	1.0957689892545925
-17.5	15.0	1.0958743077183293
-17.5	13.75	1.1065732439334024
-17.5	12.5	1.1138906317408566
-17.5	11.25	1.0866321252502082
-17.5	10.0	1.1066990373121852
-17.5	8.75	1.070697216471399
-17.5	7.5	1.0613546994608178
-17.5	6.25	1.0500708722781438
-17.5	5.0	1.0516419370655896
-17.5	3.75	1.0559891235208685
-17.5	2.5	1.0550708518322391
-17.5	1.25	1.0426759487370498
-17.5	-0.0	1.0383208420721655
-17.5	-1.25	1.0459760659957613
-17.5	-2.5	1.030786764880034
-17.5	-3.75	1.0214328087501574
-17.5	-5.0	1.036820799349516
-17.5	-6.25	1.0359207455249173
-17.5	-7.5	1.0143506442131622
-17.5	-8.75	0.9873693782646633
-17.5	-10.0	0.9780662347300311
-17.5	-11.25	0.988413483626875
-17.5	-12.5	0.967167807335275
-17.5	-13.75	0.98188028162975
-17.5	-15.0	0.9701602574016732
-17.5	-16.25	0.9708678555676977
-17.5	-17.5	0.9764218408977534
-17.5	-18.75	0.9850909604368274
-17.5	-20.0	0.9858523030820319
-17.5	-21.25	0.9930576147857861
-17.5	-22.5	1.0017835058291187
-17.5	-23.75	1.0250137313094907
-17.5	-25.0	1.020917996198217
-17.5	-26.25	1.107113140124822
-17.5	-27.5	1.2808258316683414
-17.5	-28.75	1.3484143496476717
-17.5	-30.0	1.216550567853699
-17.5	-31.25	1.0117759243825635
-17.5	-32.5	0.9228450779877129
-17.5	-33.75	0.9956741593632525
-17.5	-35.0	1.9712212308771733
-17.5	-36.25	2.537958534406606
-16.25	-36.25	4.999999999999998
-16.25	-35.0	1.115321887859122
-16.25	-33.75	0.9621690904633144
-16.25	-32.5	0.992653523701204
-16.25	-31.25	1.0627159459603064
-16.25	-30.0	1.3361586899324145
-16.25	-28.75	1.320253577474702
-16.25	-27.5	1.178314480752519
-16.25	-26.25	1.016518097480457
-16.25	-25.0	1.0149414290470737
-16.25	-23.75	0.997451164769477
-16.25	-22.5	0.9975874570451317
-16.25	-21.25	1.0059366963548158
-16.25	-20.0	0.9676944889038674
-16.25	-18.75	0.9646649382761332
-16.25	-17.5	0.9798046328906036
-16.25	-16.25	0.9735188018681962
-16.25	-15.0	0.9608049132823924
-16.25	-13.75	0.9664837072062138
-16.25	-12.5	0.9817574681849024
-16.25	-11.25	0.9761562635939036
-16.25	-10.0	0.9899852630095758
-16.25	-8.75	1.0126388953429437
-16.25	-7.5	1.0228484281540364
-16.25	-6.25	1.0279899284617002
-16.25	-5.0	1.0237005597136442
-16.25	-3.75	1.015298187736927
-16.25	-2.5	1.0418700183735963
-16.25	-1.25	1.0606878447006087
-16.25	0.0	1.068583877292606
-16.25	1.25	1.086799176235802
-16.25	2.5	1.071786673078555
-16.25	3.75	1.0909798939461899
-16.25	5.0	1.0864806088498344
-16.25	6.25	1.0847784594467473
-16.25	7.5	1.10486391350606
-16.25	8.75	1.096274531717726
-16.25	10.0	1.0803933805269237
-16.25	11.25	1.1024376494249406
-16.25	12.5	1.1074819614145586
-16.25	13.75	1.1102603645523885
-16.25	15.0	1.131485496527489
-16.25	16.25	1.0971027908523778
-16.25	17.5	1.1031974182997208
-16.25	18.75	1.1321316477606915
-16.25	20.0	1.1266991548103942
-16.25	21.25	1.1167713061367266
-16.25	22.5	1.043617572182888
-16.25	23.75	1.0088766270658747
-16.25	25.0	1.0096553410688944
-16.25	26.25	1.05749887269692
-16.25	27.5	1.0768163449973152
-16.25	28.75	1.2660920886761229
-16.25	30.0	1.4243045744563396
-16.25	31.25	1.5496031810393234
-16.25	32.5	1.3832749739500274
-16.25	33.75	1.17164598867559
-16.25	35.0	1.2729983859857459
-16.25	36.25	2.041952434406822
-15.0	37.5	1.8841382681751542
-15.0	36.25	2.275470648071126
-15.0	35.0	1.0925136299780043
-15.0	33.75	1.3736899705470327
-15.0	32.5	1.319761493243627
-15.0	31.25	1.561805701985035
-15.0	30.0	1.3164336928257123
-15.0	28.75	1.1940452094675642
-15.0	27.5	1.063250885543816
-15.0	26.25	1.028673703179508
-15.0	25.0	1.0318428652638856
-15.0	23.75	1.0360246027062363
-15.0	22.5	1.096881049804228
-15.0	21.25	1.1194137743705213
-15.0	20.0	1.1605138411328522
-15.0	18.75	1.1034062602393107
-15.0	17.5	1.1033315821890426
-15.0	16.25	1.129776134026816
-15.0	15.0	1.1511692944697955
-15.0	13.75	1.1109773024667984
-15.0	12.5	1.131751875281095
-15.0	11.25	1.1066769382524981
-15.0	10.0	1.0765410256334427
-15.0	8.75	1.0895791088167153
-15.0	7.5	1.0880156075614682
-15.0	6.25	1.0663757744152917
-15.0	5.0	1.070208637090503
-15.0	3.75	1.0649070136816512
-15.0	2.5	1.0837142913812068
-15.0	1.25	1.0531143159867753
-15.0	-0.0	1.0455863546533042
-15.0	-1.25	1.0433223001890042
-15.0	-2.5	1.034247812057588
-15.0	-3.75	1.0211435443356596
-15.0	-5.0	1.0103347958003086
-15.0	-6.25	0.9961124603111173
-15.0	-7.5	1.0100469021060121
-15.0	-8.75	1.0093470781307463
-15.0	-10.0	0.9975684674276408
-15.0	-11.25	0.9879598634999374
-15.0	-12.5	1.0155211610196027
-15.0	-13.75	0.9979067832847157
-15.0	-15.0	0.9681371563442536
-15.0	-16.25	0.9582148032942426
-15.0	-17.5	0.953756039999309
-15.0	-18.75	0.9628134393168173
-15.0	-20.0	0.9515067082280906
-15.0	-21.25	0.9805853177392843
-15.0	-22.5	1.0480759514533737
-15.0	-23.75	0.9832193054521712
-15.0	-25.0	0.99882811090791
-15.0	-26.25	0.9967399786738831
-15.0	-27.5	1.0488557504851048
-15.0	-28.75	1.2620138566624473
-15.0	-30.0	1.371500783232694
-15.0	-31.25	1.2483870816911145
-15.0	-32.5	1.0130144770461609
-15.0	-33.75	0.9117708884218914
-15.0	-35.0	1.0499264350286355
-15.0	-36.25	2.605654631721503
-15.0	-37.5	2.3027613581871
-13.75	-37.5	3.205389421389599
-13.75	-36.25	1.6988770721531319
-13.75	-35.0	0.9803940920104708
-13.75	-33.75	0.9929590089093763
-13.75	-32.5	1.0795825983749783
-13.75	-31.25	1.3378786000000131
-13.75	-30.0	1.3280958288988973
-13.75	-28.75	1.135103171290499
-13.75	-27.5	0.9886957750808625
-13.75	-26.25	0.9896307501892476
-13.75	-25.0	0.9815723244365948
-13.75	-23.75	1.034612505808516
-13.75	-22.5	0.9946592575049094
-13.75	-21.25	0.951684279896198
-13.75	-20.0	0.9626445853126668
-13.75	-18.75	0.9623292001276891
-13.75	-17.5	0.9477290450729221
-13.75	-16.25	0.9456746557193512
-13.75	-15.0	0.9898076422335569
-13.75	-13.75	0.9954102795806818
-13.75	-12.5	0.9863835712966553
-13.75	-11.25	1.007238137002017
-13.75	-10.0	0.9952454416698657
-13.75	-8.75	1.0026859750259787
-13.75	-7.5	0.9875715723867327
-13.75	-6.25	0.9954224956380067
-13.75	-5.0	1.0144910882422575
-13.75	-3.75	1.0162999087782376
-13.75	-2.5	1.0326884997112016
-13.75	-1.25	1.0206959746246538
-13.75	0.0	1.045188859869068
-13.75	1.25	1.0453198799373489
-13.75	2.5	1.030366120880526
-13.75	3.75	1.0573534108528193
-13.75	5.0	1.0471083444956308
-13.75	6.25	1.0541530488483
-13.75	7.5	1.0584951614352018
-13.75	8.75	1.064696674187669
-13.75	10.0	1.0850080249260765
-13.75	11.25	1.081903376915898
-13.75	12.5	1.0998318899798463
-13.75	13.75	1.1384018462603347
-13.75	15.0	1.1222951791572537
-13.75	16.25	1.1481094993778473
-13.75	17.5	1.1264287530331698
-13.75	18.75	1.1283263900480858
-13.75	20.0	1.1299581555204146
-13.75	21.25	1.1303992401088268
-13.75	22.5	1.1076942090487405
-13.75	23.75	1.065297723484501
-13.75	25.0	1.0172010736383106
-13.75	26.25	1.0134902053071038
-13.75	27.5	1.078772896430662
-13.75	28.75	1.090448570712665
-13.75	30.0	1.2771281797127827
-13.75	31.25	1.4524286041958838
-13.75	32.5	1.563004187356687
-13.75	33.75	1.4300548684700836
-13.75	35.0	1.102967961608318
-13.75	36.25	1.4637959861033263
-13.75	37.5	2.130657613732474
-12.5	37.5	2.107590674902257
-12.5	36.25	1.1883456784995907
-12.5	35.0	1.2820625248487296
-12.5	33.75	1.4695751429560264
-12.5	32.5	1.6115185781830483
-12.5	31.25	1.3767634751436404
-12.5	30.0	1.195356080853374
-12.5	28.75	1.0623676934028836
-12.5	27.5	1.0430273223895217
-12.5	26.25	1.0183228064839565
-12.5	25.0	1.0315301567500974
-12.5	23.75	1.0949343656870791
-12.5	22.5	1.1321426455591874
-12.5	21.25	1.1205816446472845
-12.5	20.0	1.1218995231054665
-12.5	18.75	1.129725260552612
-12.5	17.5	1.1866522452273545
-12.5	16.25	1.1454491736804764
-12.5	15.0	1.1394336242506249
-12.5	13.75	1.1255975169212915
-12.5	12.5	1.1118883597643325
-12.5	11.25	1.0869835554107983
-12.5	10.0	1.0661451763423866
-12.5	8.75	1.0698565790877463
-12.5	7.5	1.0638037601758743
-12.5	6.25	1.054435505507774
-12.5	5.0	1.0591010272221908
-12.5	3.75	1.0639639567394656
-12.5	2.5	1.0553806227985971
-12.5	1.25	1.0596303512063674
-12.5	-0.0	1.055133898819605
-12.5	-1.25	1.0585751506167203
-12.5	-2.5	1.043767649564221
-12.5	-3.75	1.0603252599292663
-12.5	-5.0	1.0733550207509701
-12.5	-6.25	1.0274451320842353
-12.5	-7.5	1.027002639425632
-12.5	-8.75	1.0191007887003911
-12.5	-10.0	1.0069931832361325
-12.5	-11.25	0.9802484288347042
-12.5	-12.5	1.0047885138597152
-12.5	-13.75	0.9922909419740193
-12.5	-15.0	0.9911370943553841
-12.5	-16.25	0.9747856975041378
-12.5	-17.5	0.9796538869337601
-12.5	-18.75	0.9689032250981917
-12.5	-20.0	0.965297003362684
-12.5	21.25	1.045929268613289
-12.5	22.5	1.1199244539498343
-12.5	23.75	1.0966201578357362
-12.5	25.0	1.0407812926516113
-12.5	26.25	1.0161787852283304
-12.5	27.5	1.0271144834120127
-12.5	28.75	1.06699346272263
-12.5	30.0	1.1971710083813285
-12.5	31.25	1.3540004216018708
-12.5	32.5	1.5974188006821342
-12.5	33.75	1.4602162731160089
-12.5	35.0	1.2920711250512458
-12.5	36.25	1.2244355806052196
-12.5	37.5	2.3242383225074086
-11.25	38.75	2.042013853972861
-11.25	37.5	2.0220734929796658
-11.25	36.25	1.091288208762375
-11.25	35.0	1.393173515392732
-11.25	33.75	1.4008694024846484
-11.25	32.5	1.5620349415476138
-11.25	31.25	1.2743570262175705
-11.25	30.0	1.12811997435304
-11.25	28.75	1.0622087936710383
-11.25	27.5	1.0243094269207518
-11.25	26.25	1.0080737590049988
-11.25	25.0	1.0502100698366412
-11.25	23.75	1.129829848503375
-11.25	22.5	1.1282502143144866
-11.25	21.25	1.1289655949886255
-11.25	20.0	1.1278287330384007
-11.25	18.75	1.1610159140746639
-11.25	17.5	1.1567538152039276
-11.25	16.25	1.1735722677319167
-11.25	15.0	1.1447806596799879
-11.25	13.75	1.1372450149221205
-11.25	12.5	1.1272999926300677
-11.25	11.25	1.1102119553277117
-11.25	10.0	1.0916357811150519
-11.25	8.75	1.0863200992912425
-11.25	7.5	1.0518427719218835
-11.25	6.25	1.0721472006758557
-11.25	5.0	1.0682766725966975
-11.25	3.75	1.056295153216075
-11.25	2.5	1.0497125754240022
-11.25	1.25	1.0479760128528879
-11.25	-0.0	1.037930793250176
-11.25	-1.25	1.0309139893589006
-11.25	-2.5	1.0214539966044276
-11.25	-3.75	1.0307976233247684
-11.25	-5.0	1.031747373025941
-11.25	-6.25	1.0141255713208386
-11.25	-7.5	1.0114734410603408
-11.25	-8.75	1.0110433931498521
-11.25	-10.0	1.0054420834654554
-11.25	-11.25	0.9958856332621702
-11.25	-12.5	0.9867229295173088
-11.25	-13.75	0.9885673941094169
-11.25	-15.0	0.9940608708329872
-11.25	-16.25	0.9700049128061714
-11.25	-17.5	0.974026508371634
-11.25	-18.75	0.9716263746525016
-11.25	-20.0	0.9602576787718755
-11.25	-21.25	0.9489253988338895
-11.25	-22.5	0.9512418402180414
-11.25	-23.75	0.9732177799096213
-11.25	-25.0	1.0142242997334243
-11.25	-26.25	0.9873134121490228
-11.25	-27.5	0.9954912046392925
-11.25	-28.75	1.0213505238792573
-11.25	-30.0	1.1561458324058727
-11.25	-31.25	1.336765359713377
-11.25	-32.5	1.3010743619275722
-11.25	-33.75	1.077771662060421
-11.25	-35.0	0.9455889863383495
-11.25	-36.25	1.056275034630203
-11.25	-37.5	4.999999999999968
-11.25	-38.75	2.980009164851597
-10.0	-38.75	2.9231941444559117
-10.0	-37.5	2.3330582918362586
-10.0	-36.25	0.9794675452074681
-10.0	-35.0	1.0153425520181045
-10.0	-33.75	1.1480811182936286
-10.0	-32.5	1.3136957125034172
-10.0	-31.25	1.3109493381483777
-10.0	-30.0	1.0640366492234712
-10.0	-28.75	1.0168940855481798
-10.0	-27.5	0.9802622584681862
-10.0	-26.25	0.9732658032286947
-10.0	-25.0	1.0726521070681114
-10.0	-23.75	0.9434275930651612
-10.0	-22.5	0.9535522865970254
-10.0	-21.25	0.9486451174408197
-10.0	-20.0	0.9680544610311337
-10.0	-18.75	0.9722049392799645
-10.0	-17.5	0.9669577918942416
-10.0	-16.25	0.991843608857085
-10.0	-15.0	0.9846140023714156
-10.0	-13.75	0.9783721622136028
-10.0	-12.5	1.006951218903378
-10.0	-11.25	1.008543153847424
-10.0	-10.0	1.0064146425172096
-10.0	-8.75	0.9871186273458434
-10.0	-7.5	0.9969130694807369
-10.0	-6.25	1.018323542208103
-10.0	-5.0	1.0127133261333192
-10.0	-3.75	1.0357798158997102
-10.0	-2.5	1.036000570432451
-10.0	-1.25	1.0179195484647625
-10.0	0.0	1.029225858850288
-10.0	1.25	1.0375609259385197
-10.0	2.5	1.0451647611236776
-10.0	3.75	1.034000538625678
-10.0	5.0	1.04424080647484
-10.0	6.25	1.0497837271632076
-10.0	7.5	1.0519694152200127
-10.0	8.75	1.062216510847919
-10.0	10.0	1.107219770042116
-10.0	11.25	1.096123167709826
-10.0	12.5	1.1061812087484686
-10.0	13.75	1.140996324606128
-10.0	15.0	1.1414930708253639
-10.0	16.25	1.138545234670949
-10.0	17.5	1.1586736026466626
-10.0	18.75	1.1916079926834255
-10.0	20.0	1.1408125576891912
-10.0	21.25	1.1307245872460792
-10.0	22.5	1.1094051598256272
-10.0	23.75	1.1170582371173907
-10.0	25.0	1.0870760933460266
-10.0	26.25	1.0271699064445539
-10.0	27.5	0.9957663352974873
-10.0	28.75	1.058977917036108
-10.0	30.0	1.0425412843121995
-10.0	31.25	1.258004927198833
-10.0	32.5	1.4274122005002372
-10.0	33.75	1.562017924139596
-10.0	35.0	1.39035064653517
-10.0	36.25	1.0874826160805737
-10.0	37.5	1.534776339002896
-10.0	38.75	2.2193052068618737
-8.75	38.75	2.1970300604763366
-8.75	37.5	1.3271569172667297
-8.75	36.25	1.1757630981623546
-8.75	35.0	1.5069161663289456
-8.75	33.75	1.5600892061834877
-8.75	32.5	1.3219978626515614
-8.75	31.25	1.2051143850372403
-8.75	30.0	1.0343545713021118
-8.75	28.75	1.0189139242526597
-8.75	27.5	1.000671702652597
-8.75	26.25	1.036235620055466
-8.75	25.0	1.1414331501503305
-8.75	23.75	1.1357162730419743
-8.75	22.5	1.1270754726092447
-8.75	21.25	1.1315853953584671
-8.75	20.0	1.1445557416801382
-8.75	18.75	1.1607144363249358
-8.75	17.5	1.1465789645207423
-8.75	16.25	1.1542841077886248
-8.75	15.0	1.1194369553200616
-8.75	13.75	1.1034023947536404
-8.75	12.5	1.138331345051772
-8.75	11.25	1.1213132871627938
-8.75	10.0	1.0750095676493077
-8.75	8.75	1.0658862401783198
-8.75	7.5	1.067854950305854
-8.75	6.25	1.0522306816189397
-8.75	5.0	1.0430666931450592
-8.75	3.75	1.020861919137337
-8.75	2.5	1.0318015290152704
-8.75	1.25	1.0263214561553449
-8.75	-0.0	1.0179220025793088
-8.75	-1.25	1.0329655053259046
-8.75	-2.5	1.0334526959695856
-8.75	-3.75	1.0458140808730274
-8.75	-5.0	1.0193027029796422
-8.75	-6.25	1.0020491399449938
-8.75	-7.5	1.0047246773472605
-8.75	-8.75	0.9906022692836478
-8.75	-10.0	1.0077387484815166
-8.75	-11.25	1.0047076191372888
-8.75	-12.5	1.0020110934741657
-8.75	-13.75	1.007352076527245
-8.75	-15.0	0.9962687342246159
-8.75	-16.25	0.9857757457714769
-8.75	-17.5	0.9751188895769305
-8.75	-18.75	0.9672207413735272
-8.75	-20.0	0.9638533483880725
-8.75	-21.25	0.9619135751478947
-8.75	-22.5	0.9449107789654203
-8.75	-23.75	0.9484402487355794
-8.75	-25.0	0.9862880553694495
-8.75	-26.25	0.9823512359227893
-8.75	-27.5	0.9682737754585267
-8.75	-28.75	1.0100381441186643
-8.75	-30.0	1.0365425649886495
-8.75	-31.25	1.2198628653029058
-8.75	-32.5	1.3463320181740084
-8.75	-33.75	1.2414642517837748
-8.75	-35.0	1.0683873825271863
-8.75	-36.25	0.9553630448562558
-8.75	-37.5	1.543864536880573
-8.75	-38.75	4.999999999999936
-7.5	-38.75	3.7477852677935672
-7.5	-37.5	1.2346152917837134
-7.5	-36.25	0.9319032697843355
-7.5	-35.0	1.1012712309078623
-7.5	-33.75	1.321861826441248
-7.5	-32.5	1.3438647211903385
-7.5	-31.25	1.1527091968543495
-7.5	-30.0	1.003882831419264
-7.5	-28.75	1.0030222360739298
-7.5	-27.5	0.9613714000413207
-7.5	-26.25	1.019932917658151
-7.5	-25.0	0.950636677896668
-7.5	-23.75	0.9456003580229773
-7.5	-22.5	0.9500985368005885
-7.5	-21.25	0.9541049142637412
-7.5	-20.0	0.951705981552684
-7.5	-18.75	0.968590974767114
-7.5	-17.5	0.9835355941220048
-7.5	-16.25	0.9868336666829318
-7.5	-15.0	0.9943158142922881
-7.5	-13.75	1.017585230515082
-7.5	-12.5	0.9929699345083929
-7.5	-11.25	0.9967249411446124
-7.5	-10.0	0.9988459410278079
-7.5	-8.75	1.0127883277504415
-7.5	-7.5	0.9997339705625858
-7.5	-6.25	1.0045619733679647
-7.5	-5.0	1.0080530151263876
-7.5	-3.75	1.0411748265495149
-7.5	-2.5	1.0411581027759533
-7.5	-1.25	1.035429125262615
-7.5	0.0	1.0197507854545442
-7.5	1.25	1.0213868183648476
-7.5	2.5	1.0293139611994544
-7.5	3.75	1.0343828753058126
-7.5	5.0	1.0384108139441839
-7.5	6.25	1.0467755370031657
-7.5	7.5	1.0445940036606984
-7.5	8.75	1.0736273043470002
-7.5	10.0	1.0685354359655825
-7.5	11.25	1.098903351479608
-7.5	12.5	1.128245008235746
-7.5	13.75	1.1081069857130128
-7.5	15.0	1.1378460981384197
-7.5	16.25	1.1716044277072903
-7.5	17.5	1.160758909125592
-7.5	18.75	1.1633256623514612
-7.5	20.0	1.2036079881089012
-7.5	21.25	1.1457403671595277
-7.5	22.5	1.1257952926709605
-7.5	23.75	1.1046569813624343
-7.5	25.0	1.1186874936802997
-7.5	26.25	1.0653508331254447
-7.5	27.5	0.9967918021397759
-7.5	28.75	1.0070114834935664
-7.5	30.0	1.0406887958732494
-7.5	31.25	1.1506757269347032
-7.5	32.5	1.3089120281143183
-7.5	33.75	1.4497209652091971
-7.5	35.0	1.3435503944162708
-7.5	36.25	1.2813424938683475
-7.5	37.5	1.1774606025626424
-7.5	38.75	2.6746391782650587
-6.25	40.0	2.1447575554044036
-6.25	38.75	2.455245531359478
-6.25	37.5	1.1164964641362403
-6.25	36.25	1.2912157288715376
-6.25	35.0	1.3507752855452484
-6.25	33.75	1.418494700383449
-6.25	32.5	1.2796725223316798
-6.25	31.25	1.0866848557769941
-6.25	30.0	1.0649101250541912
-6.25	28.75	1.0002050823176356
-6.25	27.5	1.002845624217688
-6.25	26.25	1.0821300801267322
-6.25	25.0	1.1032148768485195
-6.25	23.75	1.098978669775529
-6.25	22.5	1.148502957242962
-6.25	21.25	1.133780886904451
-6.25	20.0	1.1812441878868887
-6.25	18.75	1.1609098272824916
-6.25	17.5	1.15926633643216
-6.25	16.25	1.1430241097578335
-6.25	15.0	1.1238525847434762
-6.25	13.75	1.108701849197673
-6.25	12.5	1.1244845355792235
-6.25	11.25	1.1157670383558305
-6.25	10.0	1.0630523414365909
-6.25	8.75	1.0672099415326617
-6.25	7.5	1.0493751039025465
-6.25	6.25	1.0401814492533035
-6.25	5.0	1.0374219367284692
-6.25	3.75	1.02237604499512
-6.25	2.5	1.031460581556292
-6.25	1.25	1.0031084610054464
-6.25	-0.0	1.0178673304033081
-6.25	-1.25	1.0254754679930205
-6.25	-2.5	1.0355625910775572
-6.25	-3.75	1.039719850504813
-6.25	-5.0	1.01923000003874
-6.25	-6.25	1.0220350385136001
-6.25	-7.5	1.0086492404244733
-6.25	-8.75	0.9997330820095627
-6.25	-10.0	1.0146247957530896
-6.25	-11.25	0.9918661979552743
-6.25	-12.5	1.0071892637863211
-6.25	-13.75	1.0098291896042593
-6.25	-15.0	0.9909228828806178
-6.25	-16.25	0.9790020377436992
-6.25	-17.5	0.9755098226847139
-6.25	-18.75	0.981238267842734
-6.25	-20.0	0.954385779259268
-6.25	-21.25	0.9455383347181643
-6.25	-22.5	0.9528245193677805
-6.25	-23.75	0.9551525208106515
-6.25	-25.0	0.9394203443388989
-6.25	-26.25	1.0288880745407916
-6.25	-27.5	0.9613856907958258
-6.25	-28.75	0.9872417148894463
-6.25	-30.0	0.9992813819583706
-6.25	-31.25	1.0960533989616223
-6.25	-32.5	1.319047303255287
-6.25	-33.75	1.3107836241077138
-6.25	-35.0	1.0531310531979319
-6.25	-36.25	0.9419568001654843
-6.25	-37.5	1.1148711570578893
-6.25	-38.75	4.374799931811374
-6.25	-40.0	3.120623476323118
-5.0	-40.0	4.139739359220796
-5.0	-38.75	4.207631140545727
-5.0	-37.5	0.9983887441034351
-5.0	-36.25	0.9800624350357179
-5.0	-35.0	1.1008791661932538
-5.0	-33.75	1.320488713089457
-5.0	-32.5	1.2787993896581016
-5.0	-31.25	1.0779432242135032
-5.0	-30.0	1.0128195625226555
-5.0	-28.75	0.9604486827388197
-5.0	-27.5	0.9780675177139253
-5.0	-26.25	0.9948708144591709
-5.0	-25.0	0.9228722629329305
-5.0	-23.75	0.9370612750484195
-5.0	-22.5	0.9585546036225683
-5.0	-21.25	0.9660689064635397
-5.0	-20.0	0.9597092939196905
-5.0	-18.75	0.9701598654206105
-5.0	-17.5	0.9665837264344059
-5.0	-16.25	0.9971168896395133
-5.0	-15.0	0.9892140496027544
-5.0	-13.75	0.9991339596653379
-5.0	-12.5	1.0080241792352398
-5.0	-11.25	0.9947574952767946
-5.0	-10.0	0.9993586255465159
-5.0	-8.75	1.0030522725644975
-5.0	-7.5	1.0170832765170301
-5.0	-6.25	1.0173131399947195
-5.0	-5.0	1.0240741472793902
-5.0	-3.75	1.050533850884003
-5.0	-2.5	1.0349337218830899
-5.0	-1.25	1.0211735197620158
-5.0	0.0	1.0255022910376352
-5.0	1.25	1.0246640035017567
-5.0	2.5	1.0320517333254395
-5.0	3.75	1.0316375317357291
-5.0	5.0	1.0172687593074876
-5.0	6.25	1.0380996526689268
-5.0	7.5	1.059944827504915
-5.0	8.75	1.0617667136400577
-5.0	10.0	1.0766510128300855
-5.0	11.25	1.1066713714540626
-5.0	12.5	1.124593136566304
-5.0	13.75	1.1100784316665369
-5.0	15.0	1.1141772250114919
-5.0	16.25	1.1460733613451985
-5.0	17.5	1.1622246342300881
-5.0	18.75	1.1612504050545223
-5.0	20.0	1.1743487097195402
-5.0	21.25	1.1611866235846833
-5.0	22.5	1.124509798781662
-5.0	23.75	1.1236764891082949
-5.0	25.0	1.1271899834022996
-5.0	26.25	1.1279616261800287
-5.0	27.5	1.007853179186272
-5.0	28.75	0.9730826270868862
-5.0	30.0	1.0820861608368428
-5.0	31.25	1.0481394824795212
-5.0	32.5	1.2753671052144755
-5.0	33.75	1.3885427337286576
-5.0	35.0	1.4003392130516223
-5.0	36.25	1.34639407413691
-5.0	37.5	1.0613435068169395
-5.0	38.75	1.9910412244563158
-5.0	40.0	2.210046759274822
-3.75	40.0	2.368172018256036
-3.75	38.75	1.738833068420682
-3.75	37.5	1.0563055081993777
-3.75	36.25	1.3286224707880336
-3.75	35.0	1.4920593416055432
-3.75	33.75	1.380473578598485
-3.75	32.5	1.2704058811880063
-3.75	31.25	1.0263691985697285
-3.75	30.0	1.0610901248337
-3.75	28.75	0.9682354850240449
-3.75	27.5	1.0260670756740131
-3.75	26.25	1.1200735649494655
-3.75	25.0	1.0988051928063776
-3.75	23.75	1.1194751421366043
-3.75	22.5	1.1554327091523646
-3.75	21.25	1.21274033732203
-3.75	20.0	1.1797315782040174
-3.75	18.75	1.1544475632524742
-3.75	17.5	1.145442227513536
-3.75	16.25	1.1330593287959374
-3.75	15.0	1.123199165789197
-3.75	13.75	1.1120473925676855
-3.75	12.5	1.1305428342751398
-3.75	11.25	1.1005903419318317
-3.75	10.0	1.0729146168964547
-3.75	8.75	1.0536651492288573
-3.75	7.5	1.043856550956546
-3.75	6.25	1.0424205468735979
-3.75	5.0	1.0438181820514583
-3.75	3.75	1.0315859071548683
-3.75	2.5	1.0268339796671597
-3.75	1.25	1.0281511051540413
-3.75	-0.0	1.0109188415204384
-3.75	-1.25	1.0228806057341702
-3.75	-2.5	1.0417154576471575
-3.75	-3.75	1.040108935207754
-3.75	-5.0	1.0258687425797932
-3.75	-6.25	1.0261163064244538
-3.75	-7.5	1.011890315515835
-3.75	-8.75	0.9921067622822726
-3.75	-10.0	1.015167117438284
-3.75	-11.25	1.0097323492466153
-3.75	-12.5	1.0182255013556372
-3.75	-13.75	1.0089501643789456
-3.75	-15.0	1.0163296569251576
-3.75	-16.25	0.9822599824646403
-3.75	-17.5	0.9761095734910628
-3.75	-18.75	0.9542967604452057
-3.75	-20.0	0.9676824720052597
-3.75	-21.25	0.946958776590404
-3.75	-22.5	0.9483720767159518
-3.75	-23.75	0.9377992442019325
-3.75	-25.0	0.9479659483200598
-3.75	-26.25	0.9492131862434308
-3.75	-27.5	0.9767986261508055
-3.75	-28.75	0.9714575304216932
-3.75	-30.0	0.9970912311029387
-3.75	-31.25	1.0400748189619415
-3.75	-32.5	1.2576202268176653
-3.75	-33.75	1.3032303453138772
-3.75	-35.0	1.1542181292689317
-3.75	-36.25	1.0781814951753566
-3.75	-37.5	0.972498850356339
-3.75	-38.75	3.4596970884155986
-3.75	-40.0	2.810979695252758
-2.5	-40.0	2.6466270625786574
-2.5	-38.75	3.134647823510196
-2.5	-37.5	0.9447467754434102
-2.5	-36.25	1.1282761701657362
-2.5	-35.0	1.1782994567243579
-2.5	-33.75	1.2962666965150476
-2.5	-32.5	1.2346736082943952
-2.5	-31.25	1.020998839416416
-2.5	-30.0	0.9932441457074015
-2.5	-28.75	0.9609942547986003
-2.5	-27.5	0.9863525645753413
-2.5	-26.25	0.9643561042170727
-2.5	-25.0	0.9191713629925307
-2.5	-23.75	0.962774873523216
-2.5	-22.5	0.9514380491589165
-2.5	-21.25	0.9474467076278801
-2.5	-20.0	0.9680996971641278
-2.5	-18.75	0.978337698173096
-2.5	-17.5	0.9828652687904587
-2.5	-16.25	0.9709102707312933
-2.5	-15.0	1.0013093511736475
-2.5	-13.75	1.004707658199412
-2.5	-12.5	1.0264420221902686
-2.5	-11.25	0.9849040331224046
-2.5	-10.0	1.000246858526486
-2.5	-8.75	1.0247293214830204
-2.5	-7.5	1.0375169190734654
-2.5	-6.25	1.0177069882138667
-2.5	-5.0	1.0277248418702385
-2.5	-3.75	1.054117625747251
-2.5	-2.5	1.034221849500864
-2.5	-1.25	1.0156304520205524
-2.5	0.0	1.005451481435986
-2.5	1.25	1.0126544027427355
-2.5	2.5	1.0175838262744517
-2.5	3.75	1.016283516488076
-2.5	5.0	1.0319861259162035
-2.5	6.25	1.0425188833393992
-2.5	7.5	1.0514383646190026
-2.5	8.75	1.0681987467632528
-2.5	10.0	1.0615203387687426
-2.5	11.25	1.1037075612882958
-2.5	12.5	1.1067255787634034
-2.5	13.75	1.0989057628969867
-2.5	15.0	1.1028991585559158
-2.5	16.25	1.1469631719228657
-2.5	17.5	1.1366887329952107
-2.5	18.75	1.1540714727400196
-2.5	20.0	1.1884862516431296
-2.5	21.25	1.1892095065164234
-2.5	22.5	1.1361412662850174
-2.5	23.75	1.1263439083570645
-2.5	25.0	1.1147217040264508
-2.5	26.25	1.12083697898586
-2.5	27.5	1.0198268598007854
-2.5	28.75	0.9653052479903206
-2.5	30.0	1.0458365345954004
-2.5	31.25	1.0427322685823404
-2.5	32.5	1.2753083662352092
-2.5	33.75	1.363349602908814
-2.5	35.0	1.4944536098964285
-2.5	36.25	1.3437850701609904
-2.5	37.5	1.0446924603363268
-2.5	38.75	1.5995142225138785
-2.5	40.0	2.352815365877291
-1.25	40.0	2.574320663143145
-1.25	38.75	1.5455666548902585
-1.25	37.5	1.0433414982948586
-1.25	36.25	1.3336358605514498
-1.25	35.0	1.4900509402858901
-1.25	33.75	1.3762380141373551
-1.25	32.5	1.235730900119341
-1.25	31.25	1.0667596675219295
-1.25	30.0	1.0312610725529838
-1.25	28.75	0.9739054852604276
-1.25	27.5	1.0364984452103734
-1.25	26.25	1.133613096783118
-1.25	25.0	1.1309814038753565
-1.25	23.75	1.1385448663882114
-1.25	22.5	1.1377447527876337
-1.25	21.25	1.2041950237160401
-1.25	20.0	1.175679797604766
-1.25	18.75	1.1648661413760761
-1.25	17.5	1.1537147932012122
-1.25	16.25	1.131769744294889
-1.25	15.0	1.1142950656569504
-1.25	13.75	1.116361263379071
-1.25	12.5	1.112079914129767
-1.25	11.25	1.0879652021724118
-1.25	10.0	1.0614857677893585
-1.25	8.75	1.0592401770126845
-1.25	7.5	1.049863857601844
-1.25	6.25	1.0387271643528155
-1.25	5.0	1.021473343182949
-1.25	3.75	1.0128635217908846
-1.25	2.5	0.9977271129733447
-1.25	1.25	1.002952570640721
-1.25	-0.0	1.0135420608912638
-1.25	-1.25	1.0285494526227872
-1.25	-2.5	1.0453987815895474
-1.25	-3.75	1.0700855728792131
-1.25	-5.0	1.029892702546321
-1.25	-6.25	1.0321634496043552
-1.25	-7.5	1.0212004246714983
-1.25	-8.75	1.019952671177073
-1.25	-10.0	1.012901494194418
-1.25	-11.25	1.0050044971547454
-1.25	-12.5	1.032093951395792
-1.25	-13.75	0.9963784249627583
-1.25	-15.0	1.0006193506454233
-1.25	-16.25	0.9775393874003857
-1.25	-17.5	0.9837868805937706
-1.25	-18.75	0.9716198843541175
-1.25	-20.0	0.9593719925153259
-1.25	-21.25	0.9471963907566838
-1.25	-22.5	0.9355720838420094
-1.25	-23.75	0.9515706122388599
-1.25	-25.0	0.9321206539130262
-1.25	-26.25	0.9776246650377036
-1.25	-27.5	0.9909156487193478
-1.25	-28.75	0.960280739942796
-1.25	-30.0	1.0136366159434917
-1.25	-31.25	1.0119150998849218
-1.25	-32.5	1.2223508757184964
-1.25	-33.75	1.291584662199786
-1.25	-35.0	1.18348513522184
-1.25	-36.25	1.1421458394894461
-1.25	-37.5	0.9312469729191886
-1.25	-38.75	2.352631433442353
-1.25	-40.0	2.633758181627134
0.0	-40.0	2.7335047032771485
0.0	-38.75	2.6074848013233503
0.0	-37.5	0.9277817607984566
0.0	-36.25	1.1742836039564741
0.0	-35.0	1.2090866431651461
0.0	-33.75	1.3112190168430775
0.0	-32.5	1.2212312309527054
0.0	-31.25	1.0069876052902522
0.0	-30.0	1.0007285196601483
0.0	-28.75	0.9809574242041519
0.0	-27.5	0.9904286238432789
0.0	-26.25	0.9593121062437602
0.0	-25.0	0.9307848656277802
0.0	-23.75	0.9330733434992844
0.0	-22.5	0.9543927959455232
0.0	-21.25	0.941928248237418
0.0	-20.0	0.959923022714511
0.0	-18.75	0.97114295378804
0.0	-17.5	0.9806663504654001
0.0	-16.25	0.9752754958931611
0.0	-15.0	1.007870080370667
0.0	-13.75	0.9984042570226919
0.0	-12.5	1.0165270620730045
0.0	-11.25	0.9919393871810911
0.0	-10.0	1.0244123421509013
0.0	-8.75	1.003999113571009
0.0	-7.5	1.0164801807155381
0.0	-6.25	1.025366667572575
0.0	-5.0	1.0504913172290875
0.0	-3.75	1.0548395489254165
0.0	-2.5	1.0539138658284948
0.0	-1.25	1.0395779645836312
0.0	0.0	1.0152939193810049
0.0	1.25	1.0091200868945727
0.0	2.5	1.0168550828137466
0.0	3.75	1.0136631043494404
0.0	5.0	1.0384929897226662
0.0	6.25	1.0475721223440901
0.0	7.5	1.05413849920589
0.0	8.75	1.061402176056383
0.0	10.0	1.0705277971717564
0.0	11.25	1.0977222979449248
0.0	12.5	1.11396288075328
0.0	13.75	1.1005137003563483
0.0	15.0	1.1120078067910688
0.0	16.25	1.1273104547685104
0.0	17.5	1.1592334617338178
0.0	18.75	1.1598470981408493
0.0	20.0	1.187004644239873
0.0	21.25	1.2206799580641672
0.0	22.5	1.1325131418318168
0.0	23.75	1.1331356434973792
0.0	25.0	1.118517160640966
0.0	26.25	1.1256062582413149
0.0	27.5	1.0309612622565343
0.0	28.75	0.987088709740469
0.0	30.0	1.0389191251665881
0.0	31.25	1.0433023659140463
0.0	32.5	1.2160704981092616
0.0	33.75	1.370752683535292
0.0	35.0	1.4632311854347746
0.0	36.25	1.3100486936759639
0.0	37.5	1.0525794594611302
0.0	38.75	1.4907336915535074
0.0	40.0	2.7069242483197993
1.25	40.0	2.8268808925308697
1.25	38.75	1.5256507085630115
1.25	37.5	1.038040203058669
1.25	36.25	1.341983777836524
1.25	35.0	1.4727952258274337
1.25	33.75	1.3764981453487524
1.25	32.5	1.223772137744331
1.25	31.25	1.0368861921090975
1.25	30.0	1.0625842486792063
1.25	28.75	0.9718726456668492
1.25	27.5	1.0123027390289598
1.25	26.25	1.134922206527163
1.25	25.0	1.1186197078270945
1.25	23.75	1.143588211817712
1.25	22.5	1.1388835816540972
1.25	21.25	1.208840586805069
1.25	20.0	1.1888953236026891
1.25	18.75	1.1565782045985884
1.25	17.5	1.1512455728013515
1.25	16.25	1.1261150578615498
1.25	15.0	1.1253337220374746
1.25	13.75	1.1078796644358775
1.25	12.5	1.1083364049401814
1.25	11.25	1.095959065300339
1.25	10.0	1.0745639792405326
1.25	8.75	1.0621910604329958
1.25	7.5	1.0581350108960343
1.25	6.25	1.0543541229760445
1.25	5.0	1.0260472485947778
1.25	3.75	1.020275330266088
1.25	2.5	1.0211365574531275
1.25	1.25	1.0124840878175654
1.25	-0.0	1.0274407833185153
1.25	-1.25	1.0186096382952226
1.25	-2.5	1.0469339494244556
1.25	-3.75	1.0580785947570313
1.25	-5.0	1.0462561370010093
1.25	-6.25	1.0387892493630568
1.25	-7.5	1.0160063297147168
1.25	-8.75	1.0246553576548099
1.25	-10.0	1.0109763293577618
1.25	-11.25	1.0028232609859922
1.25	-12.5	1.0117232049657234
1.25	-13.75	1.0032043445176644
1.25	-15.0	1.0039621305176096
1.25	-16.25	0.9953642918446794
1.25	-17.5	0.9853946630846719
1.25	-18.75	0.9806543812072128
1.25	-20.0	0.948833439048026
1.25	-21.25	0.9343815659196526
1.25	-22.5	0.9420261131484367
1.25	-23.75	0.9522565053293288
1.25	-25.0	0.9395833071980402
1.25	-26.25	0.9517412808386636
1.25	-27.5	1.0010247997880928
1.25	-28.75	0.9731841763857023
1.25	-30.0	1.0029567979966991
1.25	-31.25	1.0204500212079148
1.25	-32.5	1.214817207265666
1.25	-33.75	1.3056668901405244
1.25	-35.0	1.1889238248197964
1.25	-36.25	1.1066647688360085
1.25	-37.5	0.938456141487781
1.25	-38.75	2.7292346685283784
1.25	-40.0	2.940746496948792
2.5	-40.0	3.998918883394916
2.5	-38.75	2.8850156606843713
2.5	-37.5	0.9559977779330335
2.5	-36.25	1.1208507729618944
2.5	-35.0	1.1734961642454884
2.5	-33.75	1.2983073582388185
2.5	-32.5	1.23000308054913
2.5	-31.25	1.0096527142829812
2.5	-30.0	0.9837548003332728
2.5	-28.75	0.9844806407180524
2.5	-27.5	0.9914827793559544
2.5	-26.25	0.9564653797076828
2.5	-25.0	0.9466545565228905
2.5	-23.75	0.9415682037046205
2.5	-22.5	0.9497216126589505
2.5	-21.25	0.9403178676301138
2.5	-20.0	0.9586684144590425
2.5	-18.75	0.9629697668046298
2.5	-17.5	0.9695962329165173
2.5	-16.25	0.9930555539582864
2.5	-15.0	0.9950975521990824
2.5	-13.75	1.0112586107986221
2.5	-12.5	1.0215402413040202
2.5	-11.25	0.993809708674326
2.5	-10.0	1.0071475526520013
2.5	-8.75	1.025681079262628
2.5	-7.5	1.0275588285828094
2.5	-6.25	1.0337560717387433
2.5	-5.0	1.0498774951005938
2.5	-3.75	1.0521720657138856
2.5	-2.5	1.0376353771136104
2.5	-1.25	1.0093262436189265
2.5	0.0	1.0144299022045633
2.5	1.25	1.0009246903515105
2.5	2.5	1.0162073600026442
2.5	3.75	1.032400441049952
2.5	5.0	1.0405096140510262
2.5	6.25	1.0593882585332661
2.5	7.5	1.038644559175939
2.5	8.75	1.0666417014592744
2.5	10.0	1.0769761889480485
2.5	11.25	1.1274753938143434
2.5	12.5	1.1172360184777812
2.5	13.75	1.1072159106151558
2.5	15.0	1.1057486691861795
2.5	16.25	1.1371316079664968
2.5	17.5	1.1470777814614808
2.5	18.75	1.1437459320650802
2.5	20.0	1.196358630268671
2.5	21.25	1.19836733980239
2.5	22.5	1.1530940076489626
2.5	23.75	1.1334089639826663
2.5	25.0	1.113299765666235
2.5	26.25	1.1214534743101652
2.5	27.5	1.0308389487039857
2.5	28.75	0.9832081247379119
2.5	30.0	1.050259839142571
2.5	31.25	1.0368857763586803
2.5	32.5	1.2612286728794952
2.5	33.75	1.3886202431839036
2.5	35.0	1.4592939054691847
2.5	36.25	1.3486707610421034
2.5	37.5	1.0351598876130383
2.5	38.75	1.57089776509652
2.5	40.0	2.88668321404717
3.75	40.0	2.455242800537116
3.75	38.75	1.7451272201364478
3.75	37.5	1.0265506868812677
3.75	36.25	1.3373098154823362
3.75	35.0	1.4742475298989763
3.75	33.75	1.4031797903099203
3.75	32.5	1.274992347114214
3.75	31.25	1.0284198379928124
3.75	30.0	1.060989603676612
3.75	28.75	0.9584984056772079
3.75	27.5	1.0245759942728219
3.75	26.25	1.116096492081077
3.75	25.0	1.1178546598732853
3.75	23.75	1.1423656202902315
3.75	22.5	1.1338720750748639
3.75	21.25	1.1774094534206556
3.75	20.0	1.1934680211606778
3.75	18.75	1.1530667946809032
3.75	17.5	1.147922932030804
3.75	16.25	1.1377122460752984
3.75	15.0	1.1187060779564835
3.75	13.75	1.1078224593804995
3.75	12.5	1.1174339293537594
3.75	11.25	1.0970503146919537
3.75	10.0	1.0635515515452632
3.75	8.75	1.070409046916537
3.75	7.5	1.0471335922721199
3.75	6.25	1.0409423670682578
3.75	5.0	1.0324323773103217
3.75	3.75	1.0343801375108619
3.75	2.5	1.0317876149396437
3.75	1.25	1.0314187486967574
3.75	-0.0	1.0090471424689866
3.75	-1.25	1.020927247431171
3.75	-2.5	1.0346009933890477
3.75	-3.75	1.055583466777188
3.75	-5.0	1.0275368310732755
3.75	-6.25	1.0177390341818313
3.75	-7.5	1.0199182631699868
3.75	-8.75	1.0084468407692508
3.75	-10.0	1.011224185917455
3.75	-11.25	0.98558995809928
3.75	-12.5	0.9988587924627987
3.75	-13.75	0.9867644589582429
3.75	-15.0	0.9957119513464718
3.75	-16.25	0.9941810128900563
3.75	-17.5	0.9917586799721159
3.75	-18.75	0.9625685536071336
3.75	-20.0	0.9468279729694586
3.75	-21.25	0.9461174706542588
3.75	-22.5	0.9484917210987653
3.75	-23.75	0.9468199498094352
3.75	-25.0	0.9400705579177648
3.75	-26.25	0.9773980766743184
3.75	-27.5	0.9729258945920964
3.75	-28.75	0.9734072531431268
3.75	-30.0	0.9915299418483432
3.75	-31.25	1.0386617151839221
3.75	-32.5	1.257624605929717
3.75	-33.75	1.3125748505289723
3.75	-35.0	1.1362413312484243
3.75	-36.25	1.0697975885634792
3.75	-37.5	0.9705235823419356
3.75	-38.75	4.999999999991147
3.75	-40.0	2.7658334247389105
5.0	-40.0	4.455614397601744
5.0	-38.75	4.9999999999997975
5.0	-37.5	0.9988257343886939
5.0	-36.25	1.002145176593415
5.0	-35.0	1.0891742166444995
5.0	-33.75	1.3137902958301613
5.0	-32.5	1.290792757511551
5.0	-31.25	1.0469221735358714
5.0	-30.0	1.0033942802847289
5.0	-28.75	0.9619733430778012
5.0	-27.5	0.9748094661197859
5.0	-26.25	1.0108174978733935
5.0	-25.0	0.941328651740589
5.0	-23.75	0.943754275459332
5.0	-22.5	0.9438174063156044
5.0	-21.25	0.9336626022916539
5.0	-20.0	0.9710124259435693
5.0	-18.75	0.9719272543295032
5.0	-17.5	0.9743413868374731
5.0	-16.25	0.9766743513440979
5.0	-15.0	0.9926949006969199
5.0	-13.75	0.9829064986955043
5.0	-12.5	1.0083983033781294
5.0	-11.25	0.9965900066309441
5.0	-10.0	0.9840339841706367
5.0	-8.75	1.0010547306602477
5.0	-7.5	0.9955462452040234
5.0	-6.25	1.0089808152963107
5.0	-5.0	1.0179939623038905
5.0	-3.75	1.0539563753007695
5.0	-2.5	1.039324612808132
5.0	-1.25	1.0065279644058513
5.0	0.0	1.0087937417388275
5.0	1.25	1.0137506002399332
5.0	2.5	1.01386689428979
5.0	3.75	1.0250292600734214
5.0	5.0	1.029393691724401
5.0	6.25	1.0489497213440258
5.0	7.5	1.0476889337983053
5.0	8.75	1.0835868281238739
5.0	10.0	1.0731354225973222
5.0	11.25	1.1072338627370844
5.0	12.5	1.1231954281777021
5.0	13.75	1.1130427852234526
5.0	15.0	1.1129360740083127
5.0	16.25	1.141603773380261
5.0	17.5	1.1598481764385538
5.0	18.75	1.166042434214373
5.0	20.0	1.204365343046197
5.0	21.25	1.1469508196149878
5.0	22.5	1.1343697886381943
5.0	23.75	1.1391912049844386
5.0	25.0	1.1029497907402996
5.0	26.25	1.1010413472971319
5.0	27.5	1.0061225033794328
5.0	28.75	0.9638874403029334
5.0	30.0	1.0685619158729889
5.0	31.25	1.0051725748812483
5.0	32.5	1.2895454073900137
5.0	33.75	1.3966364700047187
5.0	35.0	1.3571248229466661
5.0	36.25	1.3042078732093039
5.0	37.5	1.0407330568709696
5.0	38.75	1.8840946746889395
5.0	40.0	2.627018235459113
6.25	40.0	2.42812008542389
6.25	38.75	2.3102503023165077
6.25	37.5	1.0670846994952008
6.25	36.25	1.2674159345231493
6.25	35.0	1.3076941175632362
6.25	33.75	1.401493201934585
6.25	32.5	1.2883298933066412
6.25	31.25	1.0135129502428946
6.25	30.0	1.0408473260604802
6.25	28.75	0.9628338817458824
6.25	27.5	1.006947631107061
6.25	26.25	1.039724254631544
6.25	25.0	1.1238990071220476
6.25	23.75	1.1213012750201559
6.25	22.5	1.125291247550134
6.25	21.25	1.1504129228784477
6.25	20.0	1.2121634922448612
6.25	18.75	1.1660445371748072
6.25	17.5	1.164326516787244
6.25	16.25	1.143871872526323
6.25	15.0	1.1050615045902887
6.25	13.75	1.1063798023659963
6.25	12.5	1.1191287599094313
6.25	11.25	1.1135941847190836
6.25	10.0	1.0857094310068627
6.25	8.75	1.0658104074802255
6.25	7.5	1.04805113109835
6.25	6.25	1.0371427788911447
6.25	5.0	1.021357598312279
6.25	3.75	1.02988179265391
6.25	2.5	1.0055775687114217
6.25	1.25	1.0128788647601468
6.25	-0.0	1.0085956833402099
6.25	-1.25	1.0240542198059543
6.25	-2.5	1.0402463983942267
6.25	-3.75	1.0350638933816825
6.25	-5.0	1.0384515280721125
6.25	-6.25	1.025371353013779
6.25	-7.5	1.0030514144027585
6.25	-8.75	0.9886049903874925
6.25	-10.0	0.9963613902851964
6.25	-11.25	0.9924498550240015
6.25	-12.5	0.9949181964607394
6.25	-13.75	0.9897453854693197
6.25	-15.0	1.0077841091391146
6.25	-16.25	0.98099560392623
6.25	-17.5	0.9765174619511088
6.25	-18.75	0.9694003522296182
6.25	-20.0	0.9419380817673959
6.25	-21.25	0.9371667669048112
6.25	-22.5	0.9500611868037083
6.25	-23.75	0.9335496493992874
6.25	-25.0	0.9565600067403093
6.25	-26.25	1.0396143481151396
6.25	-27.5	0.9501713947703392
6.25	-28.75	0.9829266722476753
6.25	-30.0	1.0033956634334462
6.25	-31.25	1.096070447081451
6.25	-32.5	1.3163133359678003
6.25	-33.75	1.2918549793105827
6.25	-35.0	1.0790101455544736
6.25	-36.25	0.922731793528893
6.25	-37.5	1.085016823631686
6.25	-38.75	5.0
6.25	-40.0	3.0560919801850783
7.5	-38.75	4.199663988536859
7.5	-37.5	1.1523759399895228
7.5	-36.25	0.8669222057178807
7.5	-35.0	1.0877868956961727
7.5	-33.75	1.2844662986230908
7.5	-32.5	1.3291629685085518
7.5	-31.25	1.1327728840984381
7.5	-30.0	1.0110455554557145
7.5	-28.75	0.9906092725912359
7.5	-27.5	0.9683573440022926
7.5	-26.25	1.0267697079173699
7.5	-25.0	0.9592052103140887
7.5	-23.75	0.9330582153675193
7.5	-22.5	0.9489119555292937
7.5	-21.25	0.9493085479016816
7.5	-20.0	0.9585529792675658
7.5	-18.75	0.9546008319908985
7.5	-17.5	0.973085892792847
7.5	-16.25	0.9652528377109597
7.5	-15.0	0.9801662989488849
7.5	-13.75	1.0068392326327817
7.5	-12.5	0.9784063026106669
7.5	-11.25	1.003652513425374
7.5	-10.0	0.9918773459185548
7.5	-8.75	1.0057261208649244
7.5	-7.5	0.9950179920089646
7.5	-6.25	1.0108500469427568
7.5	-5.0	1.0046989265655712
7.5	-3.75	1.0529967556808124
7.5	-2.5	1.0402512327630546
7.5	-1.25	1.0198374628390505
7.5	0.0	1.0350103476449686
7.5	1.25	1.0183294118271853
7.5	2.5	1.0290388201936
7.5	3.75	1.0367804456106944
7.5	5.0	1.0407867214179412
7.5	6.25	1.046919623251985
7.5	7.5	1.061668137072827
7.5	8.75	1.0736477311321195
7.5	10.0	1.0851207905236322
7.5	11.25	1.0789638146089615
7.5	12.5	1.1019571161419206
7.5	13.75	1.108992612234223
7.5	15.0	1.136874826704152
7.5	16.25	1.1400221013217573
7.5	17.5	1.1625658229553304
7.5	18.75	1.185244089591598
7.5	20.0	1.1726058454138375
7.5	21.25	1.1322657728053045
7.5	22.5	1.1356524511564912
7.5	23.75	1.119268625114188
7.5	25.0	1.1384458107466706
7.5	26.25	1.0429779147550349
7.5	27.5	0.9850539440380626
7.5	28.75	1.0348765447669974
7.5	30.0	1.0078259264759213
7.5	31.25	1.081894595636804
7.5	32.5	1.3234573931889182
7.5	33.75	1.4328301958106646
7.5	35.0	1.3303241515724142
7.5	36.25	1.2124489561541774
7.5	37.5	1.1259203059691725
7.5	38.75	2.660909258031589
8.75	38.75	2.445592540216774
8.75	37.5	1.2861483861510203
8.75	36.25	1.0901177261888169
8.75	35.0	1.4371860236202743
8.75	33.75	1.4457905916678975
8.75	32.5	1.3270252089738213
8.75	31.25	1.1600132228200408
8.75	30.0	0.9651681117962108
8.75	28.75	1.056995542334688
8.75	27.5	0.9642456961302805
8.75	26.25	1.0198291983572458
8.75	25.0	1.1114039402158937
8.75	23.75	1.1399477561180404
8.75	22.5	1.1310170986198065
8.75	21.25	1.130937149696555
8.75	20.0	1.1583899390765566
8.75	18.75	1.1783215606784792
8.75	17.5	1.1648290618299093
8.75	16.25	1.1393969610466357
8.75	15.0	1.111119064154967
8.75	13.75	1.1194002654003246
8.75	12.5	1.1081612620291104
8.75	11.25	1.0931177212700334
8.75	10.0	1.0783429510275653
8.75	8.75	1.0701662392212512
8.75	7.5	1.0615944365543672
8.75	6.25	1.041665533496701
8.75	5.0	1.0527806431182762
8.75	3.75	1.0297673655769284
8.75	2.5	1.0251508559548883
8.75	1.25	1.025587020061077
8.75	-0.0	1.0308930825574203
8.75	-1.25	1.0321031147587814
8.75	-2.5	1.0209656341991913
8.75	-3.75	1.0178667764298357
8.75	-5.0	1.01197533594671
8.75	-6.25	1.0170972793339832
8.75	-7.5	0.9980928751378926
8.75	-8.75	0.9793522528639524
8.75	-10.0	0.9996922687591265
8.75	-11.25	0.9965922691933757
8.75	-12.5	0.9683941219427492
8.75	-13.75	0.9803964841739106
8.75	-15.0	0.9925458345885261
8.75	-16.25	0.9840514708487271
8.75	-17.5	0.9770600984143716
8.75	-18.75	0.9601008786241092
8.75	-20.0	0.9573870475592354
8.75	-21.25	0.9559057617149591
8.75	-22.5	0.9387669546369253
8.75	-23.75	0.9460716906630786
8.75	-25.0	0.964883261820181
8.75	-26.25	0.9882551689164369
8.75	-27.5	0.9727974898219731
8.75	-28.75	0.9969769837548732
8.75	-30.0	1.0205967790192112
8.75	-31.25	1.1994730303804957
8.75	-32.5	1.3472441572364104
8.75	-33.75	1.2241092094079349
8.75	-35.0	1.0694218489210874
8.75	-36.25	0.938778592900336
8.75	-37.5	1.3686466733158698
8.75	-38.75	3.530867445799103
10.0	-38.75	2.530935399835281
10.0	-37.5	1.7912857133502547
10.0	-36.25	0.9432469811251174
10.0	-35.0	1.0266791491632477
10.0	-33.75	1.1325947400606786
10.0	-32.5	1.3001815900302196
10.0	-31.25	1.2657588539775535
10.0	-30.0	1.0416843044477524
10.0	-28.75	1.0078796085260455
10.0	-27.5	0.9952117391013307
10.0	-26.25	0.9702219629791999
10.0	-25.0	1.0418366228389795
10.0	-23.75	0.9503966812248743
10.0	-22.5	0.9463771223508246
10.0	-21.25	0.9454762237258514
10.0	-20.0	0.9658247874147774
10.0	-18.75	0.9659533163800482
10.0	-17.5	0.9588352073269011
10.0	-16.25	0.9666685908918726
10.0	-15.0	0.965762485012438
10.0	-13.75	0.9687455247808447
10.0	-12.5	0.9770398750679714
10.0	-11.25	0.9843595343753142
10.0	-10.0	0.9976432703748976
10.0	-8.75	0.999018844418627
10.0	-7.5	1.000898796879599
10.0	-6.25	1.0131692808476487
10.0	-5.0	1.0209771145477564
10.0	-3.75	1.0299887964722743
10.0	-2.5	1.0167247373148118
10.0	-1.25	1.0342976685409822
10.0	0.0	1.0328995319556933
10.0	1.25	1.0448316857588926
10.0	2.5	1.0463211293124877
10.0	3.75	1.0540439765418563
10.0	5.0	1.0420571655672113
10.0	6.25	1.0675293362404386
10.0	7.5	1.064241356357659
10.0	8.75	1.0737925932628247
10.0	10.0	1.0813122464393778
10.0	11.25	1.0913648867557928
10.0	12.5	1.1042607750616966
10.0	13.75	1.1091325789838349
10.0	15.0	1.1254352482609677
10.0	16.25	1.1984142051110283
10.0	17.5	1.187116926112175
10.0	18.75	1.1933802961273816
10.0	20.0	1.132857815019812
10.0	21.25	1.1439932292932191
10.0	22.5	1.1173383218904522
10.0	23.75	1.1269636498800946
10.0	25.0	1.0845263827108749
10.0	26.25	0.9904626457128396
10.0	27.5	0.9678979557139815
10.0	28.75	1.0569291594077903
10.0	30.0	0.9554255023984579
10.0	31.25	1.275898926212422
10.0	32.5	1.3776091525188754
10.0	33.75	1.4527519932805752
10.0	35.0	1.3230185569929471
10.0	36.25	1.0199983017302525
10.0	37.5	1.5514234034326977
10.0	38.75	2.6400673094794307
11.25	38.75	3.3138859435158867
11.25	37.5	1.9835559175221915
11.25	36.25	1.0480193097603872
11.25	35.0	1.3231040748200584
11.25	33.75	1.288403258509268
11.25	32.5	1.4138007735788038
11.25	31.25	1.2628853875947765
11.25	30.0	1.0341061404295893
11.25	28.75	0.9921216542218154
11.25	27.5	1.0228657187184842
11.25	26.25	0.9863884758860717
11.25	25.0	1.0414085785732112
11.25	23.75	1.131019920980167
11.25	22.5	1.130930092119458
11.25	21.25	1.1261216713091295
11.25	20.0	1.12328057410524
11.25	18.75	1.1500138817757852
11.25	17.5	1.1864267599829343
11.25	16.25	1.1731684315696125
11.25	15.0	1.1531522197514965
11.25	13.75	1.13418415520038
11.25	12.5	1.1165914224655307
11.25	11.25	1.0919051802889355
11.25	10.0	1.1014465353959704
11.25	8.75	1.0705450695820273
11.25	7.5	1.0438633853969161
11.25	6.25	1.0596454773056951
11.25	5.0	1.0572290452566966
11.25	3.75	1.060687497665688
11.25	2.5	1.0533630063865491
11.25	1.25	1.0618125809878345
11.25	-0.0	1.063158743858608
11.25	-1.25	1.0492782449980655
11.25	-2.5	1.0334096756398718
11.25	-3.75	1.0404090256078282
11.25	-5.0	1.0352184867411243
11.25	-6.25	1.014340001942001
11.25	-7.5	1.0081469739325044
11.25	-8.75	0.9890118695104855
11.25	-10.0	0.988911706416534
11.25	-11.25	0.9824241787335524
11.25	-12.5	0.9965476469437959
11.25	-13.75	0.9752692469462785
11.25	-15.0	0.9802102167629068
11.25	-16.25	0.9901429798378283
11.25	-17.5	0.9620504432018979
11.25	-18.75	0.9573058183565673
11.25	-20.0	0.9416022965392612
11.25	-21.25	0.9530322817872303
11.25	-22.5	0.9477029490071942
11.25	-23.75	0.9728733512880394
11.25	-25.0	0.9829164226209075
11.25	-26.25	0.9616984202609524
11.25	-27.5	1.0037398210534079
11.25	-28.75	0.9936237420425513
11.25	-30.0	1.1104609686764686
11.25	-31.25	1.3126168404472507
11.25	-32.5	1.3006760337826417
11.25	-33.75	1.0446392572011298
11.25	-35.0	0.94832274160943
11.25	-36.25	0.9943651876334201
11.25	-37.5	2.9166314139195197
11.25	-38.75	2.532517303744827
12.5	-37.5	3.6872578167385512
12.5	-36.25	1.1558566484603539
12.5	-35.0	0.9232170818141796
12.5	-33.75	1.0299583976078015
12.5	-32.5	1.2229566575260993
12.5	-31.25	1.3409312732357677
12.5	-30.0	1.2171085133765969
12.5	-28.75	1.0355665758428048
12.5	-27.5	0.9879690020175316
12.5	-26.25	0.9801430751136699
12.5	-25.0	0.9755031210162279
12.5	-23.75	1.0596564519989684
12.5	-22.5	0.9534025364901186
12.5	-21.25	0.9509925462323068
12.5	-20.0	0.9687996218349841
12.5	-18.75	0.9447734887307382
12.5	-17.5	0.9728095052846051
12.5	-16.25	0.9682385506642666
12.5	-15.0	0.9696554466909122
12.5	-13.75	0.9784259552005405
12.5	-12.5	0.9854546603512473
12.5	-11.25	0.9916378597707833
12.5	-10.0	0.9995500401244097
12.5	-8.75	0.9754424967739741
12.5	-7.5	0.9944868850624307
12.5	-6.25	0.98364101587224
12.5	-5.0	0.9973223888088354
12.5	-3.75	1.0156147031493088
12.5	-2.5	1.0181890880335862
12.5	-1.25	1.0157623799902762
12.5	0.0	1.0260213137380427
12.5	1.25	1.0576231411344574
12.5	2.5	1.0455062157540205
12.5	3.75	1.0529871939474837
12.5	5.0	1.042579991588875
12.5	6.25	1.0592699177369358
12.5	7.5	1.059349437883622
12.5	8.75	1.0791975391899058
12.5	10.0	1.0899276595943261
12.5	11.25	1.0895100724925655
12.5	12.5	1.1277869416099184
12.5	13.75	1.1297740883142406
12.5	15.0	1.1392387789504754
12.5	16.25	1.1660206225028933
12.5	17.5	1.154490802809212
12.5	18.75	1.1348707239764018
12.5	20.0	1.129037116449922
12.5	21.25	1.1562528167015662
12.5	22.5	1.1261576177662818
12.5	23.75	1.1023594480016952
12.5	25.0	1.0264859809789524
12.5	26.25	0.9788423268660171
12.5	27.5	1.0602278987859917
12.5	28.75	0.953242648321039
12.5	30.0	1.1531703793135044
12.5	31.25	1.3133588667519414
12.5	32.5	1.4863682341348117
12.5	33.75	1.3905309227678249
12.5	35.0	1.205460534922798
12.5	36.25	1.1575030451295243
12.5	37.5	2.949595435202137
13.75	37.5	2.735245635858865
13.75	36.25	1.4114001478469094
13.75	35.0	1.0382295356123281
13.75	33.75	1.4188578291117686
13.75	32.5	1.4917791275123724
13.75	31.25	1.3866990848656577
13.75	30.0	1.266402219979863
13.75	28.75	0.9871360324772862
13.75	27.5	1.028368538813159
13.75	26.25	1.0444027238345548
13.75	25.0	1.0130970293714423
13.75	23.75	1.0445693847010107
13.75	22.5	1.1247636676482848
13.75	21.25	1.1141951962920142
13.75	20.0	1.1251697516290164
13.75	18.75	1.13839291026538
13.75	17.5	1.119933471059893
13.75	16.25	1.1702066599869134
13.75	15.0	1.1512783334530834
13.75	13.75	1.1114617802664783
13.75	12.5	1.1185719101130918
13.75	11.25	1.1098835398391795
13.75	10.0	1.0726816930563547
13.75	8.75	1.0779675233800967
13.75	7.5	1.0807624601410986
13.75	6.25	1.0575397356708374
13.75	5.0	1.0571344027443539
13.75	3.75	1.0337103141140913
13.75	2.5	1.0513113040217803
13.75	1.25	1.0400173247331672
13.75	-0.0	1.048020330893645
13.75	-1.25	1.0346883900202686
13.75	-2.5	1.0193498988284668
13.75	-3.75	1.025819481075044
13.75	-5.0	1.0111389721508148
13.75	-6.25	1.0088092713986763
13.75	-7.5	0.9880190347210496
13.75	-8.75	0.9851404027538093
13.75	-10.0	0.9684231833464612
13.75	-11.25	0.9789867334201894
13.75	-12.5	0.9785050225328815
13.75	-13.75	0.9870446710473555
13.75	-15.0	0.9656709127363357
13.75	-16.25	0.9776132349518631
13.75	-17.5	0.9554352069944549
13.75	-18.75	0.9612618496165322
13.75	-20.0	0.9312698581147991
13.75	-21.25	0.9609683582307351
13.75	-22.5	0.9888557116696761
13.75	-23.75	1.0187483180131203
13.75	-25.0	0.9756272222921414
13.75	-26.25	0.991756419072046
13.75	-27.5	1.0071136729421077
13.75	-28.75	1.1094581166569162
13.75	-30.0	1.2996172391511855
13.75	-31.25	1.290686418044496
13.75	-32.5	1.1035572832367722
13.75	-33.75	1.001374877673154
13.75	-35.0	0.9546925775694879
13.75	-36.25	1.3851254118817913
13.75	-37.5	2.9586580217678122
15.0	-37.5	3.142397304033171
15.0	-36.25	2.153388009789154
15.0	-35.0	0.9984094260941596
15.0	-33.75	0.9115942987797041
15.0	-32.5	1.020592464900246
15.0	-31.25	1.2548683630354542
15.0	-30.0	1.3703842813563014
15.0	-28.75	1.227419452144007
15.0	-27.5	1.035259626675641
15.0	-26.25	1.0030343900218384
15.0	-25.0	0.9895170111588918
15.0	-23.75	0.9659815181976477
15.0	-22.5	0.9892358915721866
15.0	-21.25	0.9708786655941006
15.0	-20.0	0.9485454989763884
15.0	-18.75	0.9538388030583302
15.0	-17.5	0.9752290265264962
15.0	-16.25	0.9710018749773495
15.0	-15.0	0.9866706144245985
15.0	-13.75	0.973350729851763
15.0	-12.5	0.9881813300374329
15.0	-11.25	0.9822497319039156
15.0	-10.0	1.0059866280804028
15.0	-8.75	1.0153806550283129
15.0	-7.5	1.0219503723238565
15.0	-6.25	1.0057076456012917
15.0	-5.0	1.0271492035150125
15.0	-3.75	1.045138174026075
15.0	-2.5	1.021187435778951
15.0	-1.25	1.0445459876620475
15.0	0.0	1.0662517341360065
15.0	1.25	1.05928290592872
15.0	2.5	1.0790508891592268
15.0	3.75	1.0675069774416812
15.0	5.0	1.0447572471937097
15.0	6.25	1.0616528445581412
15.0	7.5	1.0717106302914292
15.0	8.75	1.0911323427372919
15.0	10.0	1.1056813422476566
15.0	11.25	1.103994239872419
15.0	12.5	1.1223540990922576
15.0	13.75	1.1446892470067063
15.0	15.0	1.153549772449427
15.0	16.25	1.1040862199635884
15.0	17.5	1.100001499925468
15.0	18.75	1.124127624910674
15.0	20.0	1.116809459902969
15.0	21.25	1.137283848624727
15.0	22.5	1.0727060750516575
15.0	23.75	1.020590109480083
15.0	25.0	0.9696925324182875
15.0	26.25	1.0465752919919868
15.0	27.5	0.9556124897400542
15.0	28.75	1.09538092313902
15.0	30.0	1.2834734578780633
15.0	31.25	1.5039321698079373
15.0	32.5	1.2954210827810462
15.0	33.75	1.3123571121915525
15.0	35.0	1.0660663787937263
15.0	36.25	2.019675945650917
15.0	37.5	3.1868739722377946
16.25	36.25	2.558061172212579
16.25	35.0	1.2600726412490086
16.25	33.75	1.084883603685319
16.25	32.5	1.6446425441618606
16.25	31.25	1.477261172428273
16.25	30.0	1.3609303741583378
16.25	28.75	1.2384094136723114
16.25	27.5	1.0015375760590945
16.25	26.25	1.0214949605687407
16.25	25.0	1.0351064224519018
16.25	23.75	0.9882854561699252
16.25	22.5	1.0240470790182172
16.25	21.25	1.1116940847815515
16.25	20.0	1.1118444601269983
16.25	18.75	1.1478664371164635
16.25	17.5	1.1276720478325757
16.25	16.25	1.0909529509487736
16.25	15.0	1.101131760450535
16.25	13.75	1.1455969201492149
16.25	12.5	1.1242308756566484
16.25	11.25	1.1131046949544787
16.25	10.0	1.0848139511380577
16.25	8.75	1.0663559689731859
16.25	7.5	1.090797693546759
16.25	6.25	1.052048600864401
16.25	5.0	1.0505377956555764
16.25	3.75	1.1006719119666375
16.25	2.5	1.0651002068676796
16.25	1.25	1.0774941145592933
16.25	-0.0	1.0606016126716744
16.25	-1.25	1.0506130336143107
16.25	-2.5	1.0613620606169878
16.25	-3.75	1.0415699358306956
16.25	-5.0	1.0354792733359632
16.25	-6.25	1.0325052801150907
16.25	-7.5	1.0034180697084558
16.25	-8.75	1.0180752167536333
16.25	-10.0	1.0144426036887753
16.25	-11.25	0.9817383158876076
16.25	-12.5	0.98592397013695
16.25	-13.75	0.9841093633973834
16.25	-15.0	0.9710204303790135
16.25	-16.25	0.9689914477616242
16.25	-17.5	0.9486871547523368
16.25	-18.75	0.9417890170310139
16.25	-20.0	0.9737777717065033
16.25	-21.25	0.9845688526903773
16.25	-22.5	0.9749835776921518
16.25	-23.75	0.9925234075509284
16.25	-25.0	1.0090184807274234
16.25	-26.25	1.0193692410452648
16.25	-27.5	1.1253730766124335
16.25	-28.75	1.3282247070895092
16.25	-30.0	1.3467377743812996
16.25	-31.25	1.0856622185520166
16.25	-32.5	1.0181323078638425
16.25	-33.75	0.9383822319036783
16.25	-35.0	1.0686342160770579
16.25	-36.25	-3.0075187020578937
17.5	-36.25	3.2651546731381593
17.5	-35.0	1.4517717055151795
17.5	-33.75	0.9995887010925122
17.5	-32.5	0.9112598915223167
17.5	-31.25	1.04467162358321
17.5	-30.0	1.2275383321170814
17.5	-28.75	1.3613540610577228
17.5	-27.5	1.2578379582825638
17.5	-26.25	1.0641237093402367
17.5	-25.0	1.0110340976681131
17.5	-23.75	1.0222582620094176
17.5	-22.5	0.9824539746825911
17.5	-21.25	0.9818662158180747
17.5	-20.0	0.9895466170266776
17.5	-18.75	0.9785252648776943
17.5	-17.5	0.9550833331822428
17.5	-16.25	0.9601406539722026
17.5	-15.0	0.9762086295504071
17.5	-13.75	0.9668263406215782
17.5	-12.5	0.9876830301133861
17.5	-11.25	0.9938033694702089
17.5	-10.0	0.9869317535568998
17.5	-8.75	0.9947048966937366
17.5	-7.5	0.9970652716317989
17.5	-6.25	0.9905494484596851
17.5	-5.0	0.9993784429992214
17.5	-3.75	1.0113111298971864
17.5	-2.5	1.0231278613207992
17.5	-1.25	1.0058453169123105
17.5	0.0	1.0508481936221603
17.5	1.25	1.0501785413727207
17.5	2.5	1.0539516230322494
17.5	3.75	1.0556100935369432
17.5	5.0	1.047711469029089
17.5	6.25	1.0505509245840567
17.5	7.5	1.054203590817604
17.5	8.75	1.101550237539108
17.5	10.0	1.0950584645461445
17.5	11.25	1.1282721060523082
17.5	12.5	1.1362146883342898
17.5	13.75	1.0612840290145815
17.5	15.0	1.0755347438993512
17.5	16.25	1.1057270765197114
17.5	17.5	1.1440010223771075
17.5	18.75	1.093005554647947
17.5	20.0	1.1459876445851922
17.5	21.25	1.043161885272319
17.5	22.5	1.0145196729621153
17.5	23.75	1.0234784834633786
17.5	25.0	1.0588854220455879
17.5	26.25	0.9926529462334219
17.5	27.5	1.1568709550242415
17.5	28.75	1.2732814397123988
17.5	30.0	1.5235156690432108
17.5	31.25	1.2671403743700775
17.5	32.5	1.3657158813323367
17.5	33.75	1.0380102177797834
17.5	35.0	1.6697441209269623
17.5	36.25	2.8274033937105205
18.75	35.0	3.0514048724154392
18.75	33.75	1.2512134290320942
18.75	32.5	1.0496964300841638
18.75	31.25	1.3316770799428257
18.75	30.0	1.3983771470132407
18.75	28.75	1.4136013981763167
18.75	27.5	1.2397360692420403
18.75	26.25	1.0728007500373025
18.75	25.0	1.0141538193895663
18.75	23.75	1.0310776260763017
18.75	22.5	0.963805273246976
18.75	21.25	1.0198508402638327
18.75	20.0	1.0481698927165715
18.75	18.75	1.0999800598377183
18.75	17.5	1.1105362645744812
18.75	16.25	1.1328730149896407
18.75	15.0	1.1022566875124875
18.75	13.75	1.0869485958508776
18.75	12.5	1.0629804898714523
18.75	11.25	1.0762405898198457
18.75	10.0	1.126749642931105
18.75	8.75	1.1021507508791188
18.75	7.5	1.0804694049323915
18.75	6.25	1.092652117867833
18.75	5.0	1.0657021077981579
18.75	3.75	1.037352383186625
18.75	2.5	1.0323851417649665
18.75	1.25	1.023363059589304
18.75	-0.0	1.031382706507773
18.75	-1.25	1.0143921882792846
18.75	-2.5	1.0162961613466823
18.75	-3.75	1.0085643850236279
18.75	-5.0	1.0068155281074436
18.75	-6.25	0.9838146308492837
18.75	-7.5	0.9945675329325345
18.75	-8.75	0.9924220748659751
18.75	-10.0	0.9923816784296342
18.75	-11.25	0.9893072498344448
18.75	-12.5	0.9929872654592495
18.75	-13.75	0.9810632154178531
18.75	-15.0	0.9572186406651255
18.75	-16.25	0.95698310611815
18.75	-17.5	0.9783466665241614
18.75	-18.75	1.0114829187693424
18.75	-20.0	0.981023095795166
18.75	-21.25	0.9818941061237263
18.75	-22.5	1.0037210116951982
18.75	-23.75	1.0022859034549292
18.75	-25.0	1.033474779880259
18.75	-26.25	1.2188008573996196
18.75	-27.5	1.3340430878405627
18.75	-28.75	1.343186564448418
18.75	-30.0	1.0623792536790253
18.75	-31.25	1.0048811054875664
18.75	-32.5	0.9697974154315157
18.75	-33.75	1.0300708770683809
18.75	-35.0	3.163344834873767
20.0	-35.0	3.762687519242153
20.0	-33.75	1.3519664738954003
20.0	-32.5	1.0042626863806987
20.0	-31.25	0.9323900914926275
20.0	-30.0	1.0532967805412108
20.0	-28.75	1.1834260968654897
20.0	-27.5	1.349191659531198
20.0	-26.25	1.306592639570856
20.0	-25.0	1.1620983576063404
20.0	-23.75	1.0294290014375784
20.0	-22.5	0.9968075481777419
20.0	-21.25	1.01835851062555
20.0	-20.0	0.9891137689442351
20.0	-18.75	0.9989874184940462
20.0	-17.5	1.0521345059040836
20.0	-16.25	0.9770130994838668
20.0	-15.0	0.9566472168061733
20.0	-13.75	0.9575892234671741
20.0	-12.5	0.9608206389404037
20.0	-11.25	0.9971846392917261
20.0	-10.0	1.0148120103484723
20.0	-8.75	1.0262415726971703
20.0	-7.5	0.9999603825779513
20.0	-6.25	1.0014341763617276
20.0	-5.0	0.9925221135540063
20.0	-3.75	0.9954994278513807
20.0	-2.5	1.0213726797988922
20.0	-1.25	1.030913958179033
20.0	0.0	1.0289039199055434
20.0	1.25	1.0301024905030616
20.0	2.5	1.0395340159820678
20.0	3.75	1.0506031205574828
20.0	5.0	1.0625038870132872
20.0	6.25	1.0686544831418034
20.0	7.5	1.1045584345185242
20.0	8.75	1.09048832545085
20.0	10.0	1.0404668314170484
20.0	11.25	1.0500750337154798
20.0	12.5	1.057295801936852
20.0	13.75	1.1425187860016317
20.0	15.0	1.1310708076341234
20.0	16.25	1.0903019308897166
20.0	17.5	1.0975276577619795
20.0	18.75	1.0257179898600475
20.0	20.0	1.0228097128675273
20.0	21.25	0.9815923047358588
20.0	22.5	1.0508807751651519
20.0	23.75	1.0270240558851773
20.0	25.0	1.0304269138460587
20.0	26.25	1.2088121743748932
20.0	27.5	1.3107805704072089
20.0	28.75	1.4885938338192553
20.0	30.0	1.342710002054063
20.0	31.25	1.2375673744457307
20.0	32.5	1.0858418401329306
20.0	33.75	1.7797246211291506
20.0	35.0	3.911183194987318
21.25	33.75	3.6590188818681746
21.25	32.5	1.3598832589168524
21.25	31.25	1.0147637669047116
21.25	30.0	1.3258020411639322
21.25	28.75	1.2191089576512955
21.25	27.5	1.5025277035076137
21.25	26.25	1.2311483560502232
21.25	25.0	1.1593446301872126
21.25	23.75	1.027643842880713
21.25	22.5	1.0417576637591264
21.25	21.25	1.0221084279366996
21.25	20.0	0.9902010281171254
21.25	18.75	1.024292676879755
21.25	17.5	1.038183844391142
21.25	16.25	1.0954980359439928
21.25	15.0	1.105416271038834
21.25	13.75	1.1399843440095525
21.25	12.5	1.1646056340392432
21.25	11.25	1.1013192993787468
21.25	10.0	1.0432077809867444
21.25	8.75	1.0332364210019982
21.25	7.5	1.0344636532743277
21.25	6.25	1.0330798824750236
21.25	5.0	1.0779091860319854
21.25	3.75	1.100822840475299
21.25	2.5	1.0764093919299693
21.25	1.25	1.0628932946096885
21.25	-0.0	1.0349862437791195
21.25	-1.25	1.0417043562257486
21.25	-2.5	1.0363980994598379
21.25	-3.75	1.0536113190878442
21.25	-5.0	1.06638958906807
21.25	-6.25	1.0626396419255322
21.25	-7.5	1.0416479920496187
21.25	-8.75	0.9844938078949248
21.25	-10.0	0.9693402979000041
21.25	-11.25	0.9610781277748393
21.25	-12.5	0.968235627603061
21.25	-13.75	0.9854878884492333
21.25	-15.0	0.9868558428157845
21.25	-16.25	0.9912432655876486
21.25	-17.5	0.9821666258510007
21.25	-18.75	1.0027114358482283
21.25	-20.0	1.0204099113210408
21.25	-21.25	0.9993792210932808
21.25	-22.5	1.0389694256453819
21.25	-23.75	1.1531182870011456
21.25	-25.0	1.2793331358380584
21.25	-26.25	1.341949941354022
21.25	-27.5	1.2424242074874385
21.25	-28.75	1.05912801795606
21.25	-30.0	0.9680846230600899
21.25	-31.25	0.959272103103034
21.25	-32.5	1.0104615246657067
21.25	-33.75	2.4465661735559108
22.5	-32.5	1.4832583850472947
22.5	-31.25	0.9434267041103901
22.5	-30.0	0.9627823898168391
22.5	-28.75	0.9921287844300828
22.5	-27.5	1.0797595563704991
22.5	-26.25	1.2773342333146696
22.5	-25.0	1.32988182762519
22.5	-23.75	1.261313059756647
22.5	-22.5	1.1448865138107838
22.5	-21.25	1.0376055297442797
22.5	-20.0	1.0135288217516027
22.5	-18.75	1.0258344715586265
22.5	-17.5	1.0048823024761173
22.5	-16.25	1.0099019446162938
22.5	-15.0	1.0092002628560781
22.5	-13.75	1.0298242170368734
22.5	-12.5	1.0102039282642314
22.5	-11.25	1.0012308348754733
22.5	-10.0	0.961387307866266
22.5	-8.75	0.9468878108444194
22.5	-7.5	0.9511230433866018
22.5	-6.25	0.9523795059427123
22.5	-5.0	0.9651214491071194
22.5	-3.75	0.9713409063550857
22.5	-2.5	0.9875476912209438
22.5	-1.25	0.9732666370454988
22.5	0.0	0.9955300778892724
22.5	1.25	1.0086165582614717
22.5	2.5	1.0041994395178735
22.5	3.75	1.011942185254603
22.5	5.0	0.9997772438753927
22.5	6.25	1.0149517674530415
22.5	7.5	1.0377625792485716
22.5	8.75	1.1099078843952004
22.5	10.0	1.2123498309444747
22.5	11.25	1.1958206764102428
22.5	12.5	1.1105019656986235
22.5	13.75	1.0883240647677557
22.5	15.0	1.0727990282746402
22.5	16.25	1.0281816479173784
22.5	17.5	1.02526789112021
22.5	18.75	1.0091092191214717
22.5	20.0	1.020429052226346
22.5	21.25	1.042110835654868
22.5	22.5	1.0416304925811657
22.5	23.75	1.1525434295361636
22.5	25.0	1.2126164719739352
22.5	26.25	1.4565569152658684
22.5	27.5	1.2726258295452304
22.5	28.75	1.320272963223914
22.5	30.0	1.0750728776938798
22.5	31.25	1.1654049921371703
22.5	32.5	2.799174431512731
23.75	32.5	4.9999999999999964
23.75	31.25	1.6745079211867928
23.75	30.0	1.0779894218388684
23.75	28.75	1.1500045509213113
23.75	27.5	1.3917654985708827
23.75	26.25	1.340519624189172
23.75	25.0	1.4162840351545931
23.75	23.75	1.1708898663000467
23.75	22.5	1.115439803559637
23.75	21.25	1.0347421477803564
23.75	20.0	1.060440436699861
23.75	18.75	1.004144034211162
23.75	17.5	1.0067870273008204
23.75	16.25	1.011076076210644
23.75	15.0	1.0321681455440004
23.75	13.75	1.0676263541744815
23.75	12.5	1.099409059417134
23.75	11.25	1.0856046256494123
23.75	10.0	1.1326970268662997
23.75	8.75	1.2479019783611989
23.75	7.5	1.336327716701824
23.75	6.25	1.3003844819202923
23.75	5.0	1.1765238875593056
23.75	3.75	1.0753454074276476
23.75	2.5	1.0060670055808547
23.75	1.25	0.9971596208752462
23.75	-0.0	1.000614876539232
23.75	-1.25	0.9738841880282578
23.75	-2.5	0.9682076997873548
23.75	-3.75	0.9724183671792961
23.75	-5.0	0.9701685063726506
23.75	-6.25	0.9705671362260269
23.75	-7.5	0.9797669604110713
23.75	-8.75	1.0029055112233376
23.75	-10.0	1.0228103639772907
23.75	-11.25	1.0266630253328346
23.75	-12.5	1.0036044867919616
23.75	-13.75	0.9975241887876845
23.75	-15.0	1.0084394616343388
23.75	-16.25	1.0322210253009043
23.75	-17.5	1.0151825101253422
23.75	-18.75	1.0162200377561952
23.75	-20.0	1.0622076336506456
23.75	-21.25	1.1759640782512735
23.75	-22.5	1.270974901182809
23.75	-23.75	1.3056274387202214
23.75	-25.0	1.270404898409156
23.75	-26.25	1.0930762913020757
23.75	-27.5	1.0502738186180238
23.75	-28.75	0.9812918294529558
23.75	-30.0	0.9693670560852832
23.75	-31.25	1.125769297863533
23.75	-32.5	3.2084787925723717
25.0	-31.25	2.0004605488943747
25.0	-30.0	1.0129585281991513
25.0	-28.75	0.9902582689932977
25.0	-27.5	1.0301760075355766
25.0	-26.25	1.0785013592452541
25.0	-25.0	1.089583997213749
25.0	-23.75	1.2479297063672288
25.0	-22.5	1.299923354328297
25.0	-21.25	1.2719094382742497
25.0	-20.0	1.2069923361997894
25.0	-18.75	1.0899486319570606
25.0	-17.5	1.0350690572522936
25.0	-16.25	1.0109312573366402
25.0	-15.0	1.0374908971564096
25.0	-13.75	1.026456982233702
25.0	-12.5	1.0126567649801395
25.0	-11.25	1.0260871792610846
25.0	-10.0	1.0364004255297266
25.0	-8.75	1.0504948055339325
25.0	-7.5	1.0368617225583403
25.0	-6.25	1.0559974547104023
25.0	-5.0	1.0471438855870456
25.0	-3.75	1.0456761803412995
25.0	-2.5	1.0630343523739132
25.0	-1.25	1.110672421310789
25.0	0.0	1.2105602555652606
25.0	1.25	1.2937236492551207
25.0	2.5	1.337496794167146
25.0	3.75	1.3548640322306449
25.0	5.0	1.3085007826367612
25.0	6.25	1.2202018571309736
25.0	7.5	1.1393147870010791
25.0	8.75	1.0832526352991776
25.0	10.0	1.0760940114020547
25.0	11.25	1.0527587189495904
25.0	12.5	1.0215977180498736
25.0	13.75	1.035036936554528
25.0	15.0	1.0376263287972698
25.0	16.25	1.009059518512725
25.0	17.5	0.9899008318599458
25.0	18.75	1.0427243567413296
25.0	20.0	1.0772342175101084
25.0	21.25	1.128951598926272
25.0	22.5	1.1609645426894364
25.0	23.75	1.3926154436721738
25.0	25.0	1.3722344551845804
25.0	26.25	1.3333042385268845
25.0	27.5	1.1596916445290244
25.0	28.75	1.025624562405664
25.0	30.0	1.441602050126635
25.0	31.25	3.9958412505111305
26.25	30.0	4.8615049990707
26.25	28.75	1.3182524186626008
26.25	27.5	1.0016536912017067
26.25	26.25	1.2025108664372963
26.25	25.0	1.3319148559259464
26.25	23.75	1.3722491744736276
26.25	22.5	1.3754113327833162
26.25	21.25	1.149778541868117
26.25	20.0	1.0948687325258
26.25	18.75	1.0592759215894851
26.25	17.5	1.0604131016155218
26.25	16.25	1.0133828018089606
26.25	15.0	1.0338004639992304
26.25	13.75	1.0298613855669503
26.25	12.5	1.0145311390705842
26.25	11.25	1.014591851300085
26.25	10.0	1.0285533493502506
26.25	8.75	1.0538008030840391
26.25	7.5	1.054107166218495
26.25	6.25	1.0563379421967598
26.25	5.0	1.0721418573959474
26.25	3.75	1.0636343422826524
26.25	2.5	1.0951281524300498
26.25	1.25	1.094172865429785
26.25	-0.0	1.1046079473857606
26.25	-1.25	1.0747437031511433
26.25	-2.5	1.0740996785206196
26.25	-3.75	1.044304919813074
26.25	-5.0	1.0457768971809482
26.25	-6.25	1.0197183344409133
26.25	-7.5	1.0163547516852205
26.25	-8.75	1.02093705385934
26.25	-10.0	1.0432877396797515
26.25	-11.25	1.0710825902769532
26.25	-12.5	1.0426242153924195
26.25	-13.75	1.0194820106306581
26.25	-15.0	1.0267462809913592
26.25	-16.25	1.060457276992322
26.25	-17.5	1.1458264202282766
26.25	-18.75	1.218741941955809
26.25	-20.0	1.276180925396499
26.25	-21.25	1.3107131792523123
26.25	-22.5	1.2382432412851605
26.25	-23.75	1.1056716439860148
26.25	-25.0	1.0869935798239725
26.25	-26.25	1.0593271586517838
26.25	-27.5	1.0115520773113484
26.25	-28.75	0.9797655731370227
26.25	-30.0	1.4238907957739695
27.5	-28.75	1.231360073731742
27.5	-27.5	1.004734017998068
27.5	-26.25	1.0218308709893522
27.5	-25.0	1.0345599333734992
27.5	-23.75	1.0808371198929168
27.5	-22.5	1.1050300811534726
27.5	-21.25	1.2110045801302842
27.5	-20.0	1.3277271598369769
27.5	-18.75	1.2682300340048158
27.5	-17.5	1.2297007632392667
27.5	-16.25	1.1792947681056498
27.5	-15.0	1.1023319548212864
27.5	-13.75	1.048822101301453
27.5	-12.5	1.0323642868465086
27.5	-11.25	1.028416951852674
27.5	-10.0	1.0157886429284444
27.5	-8.75	1.0211369908329804
27.5	-7.5	1.0814547233036365
27.5	-6.25	1.0612981814292723
27.5	-5.0	1.0346831125700326
27.5	-3.75	1.0311216681467252
27.5	-2.5	1.0377963501421847
27.5	-1.25	1.0305801606700253
27.5	0.0	1.0350226699357545
27.5	1.25	1.0263977074346187
27.5	2.5	1.0284471321488322
27.5	3.75	1.022370393309135
27.5	5.0	1.0396351167978946
27.5	6.25	1.0213832898388926
27.5	7.5	1.032210990663602
27.5	8.75	1.0004940049221078
27.5	10.0	1.0362048785715858
27.5	11.25	1.0195204668865205
27.5	12.5	1.0172227881900948
27.5	13.75	1.0349266754225672
27.5	15.0	1.0336753990833039
27.5	16.25	1.0784785104548957
27.5	17.5	1.0800782613259408
27.5	18.75	1.086592259315477
27.5	20.0	1.1844301187966488
27.5	21.25	1.3958853784661196
27.5	22.5	1.2988675209063292
27.5	23.75	1.3919675459405596
27.5	25.0	1.2616878166195091
27.5	26.25	0.9982989697559432
27.5	27.5	1.248079373415532
27.5	28.75	3.664631478835629
28.75	27.5	4.459870428508047
28.75	26.25	1.2682191942132999
28.75	25.0	1.0179864390299205
28.75	23.75	1.2027338362702071
28.75	22.5	1.5299624922731683
28.75	21.25	1.2274270426253153
28.75	20.0	1.4030066783796702
28.75	18.75	1.2356927104486504
28.75	17.5	1.0974908892192916
28.75	16.25	1.0645068819748982
28.75	15.0	1.0702615693450914
28.75	13.75	1.0832527943199057
28.75	12.5	1.0318896625251037
28.75	11.25	1.027939691768598
28.75	10.0	1.0424615297592164
28.75	8.75	1.023412401703176
28.75	7.5	1.0294948955567351
28.75	6.25	1.0169578219362032
28.75	5.0	1.019156690795418
28.75	3.75	0.9885443658109221
28.75	2.5	1.0066087323572326
28.75	1.25	0.9957101750346595
28.75	-0.0	1.0028861170726433
28.75	-1.25	1.0181283518001276
28.75	-2.5	0.9916737492743444
28.75	-3.75	0.9963247226193817
28.75	-5.0	1.0040063400044392
28.75	-6.25	0.994573509990337
28.75	-7.5	1.016107112243354
28.75	-8.75	1.0116891603472098
28.75	-10.0	1.0339531910840192
28.75	-11.25	1.0480963632465734
28.75	-12.5	1.0908096080372598
28.75	-13.75	1.1569593809356151
28.75	-15.0	1.1901077168609326
28.75	-16.25	1.214880894602226
28.75	-17.5	1.2315337682611158
28.75	-18.75	1.2163173403557028
28.75	-20.0	1.1430424263124532
28.75	-21.25	1.132559108006303
28.75	-22.5	1.0935820206565037
28.75	-23.75	1.0682814335423432
28.75	-25.0	1.031767199438585
28.75	-26.25	0.9875664017104748
28.75	-27.5	1.1664061314523044
30.0	-26.25	1.2040134246233647
30.0	-25.0	1.0024451546391866
30.0	-23.75	1.0255191116987419
30.0	-22.5	1.1069338393735864
30.0	-21.25	1.1150548386894732
30.0	-20.0	1.1421011958209633
30.0	-18.75	1.1282867158338172
30.0	-17.5	1.1478805540193582
30.0	-16.25	1.1897251163133795
30.0	-15.0	1.1833290641843526
30.0	-13.75	1.1978373266654234
30.0	-12.5	1.1411050856906666
30.0	-11.25	1.1348956064408098
30.0	-10.0	1.1115111042075512
30.0	-8.75	1.081760586589401
30.0	-7.5	1.0486250575656175
30.0	-6.25	1.0311218874131702
30.0	-5.0	1.0169034060991073
30.0	-3.75	1.0114875118963234
30.0	-2.5	1.0180008292349951
30.0	-1.25	1.0280704135560867
30.0	0.0	1.0062258950457217
30.0	1.25	1.0070357875034102
30.0	2.5	1.016996457882331
30.0	3.75	1.0314314671304476
30.0	5.0	1.037136073913933
30.0	6.25	1.0525901361018004
30.0	7.5	1.0441393665513976
30.0	8.75	1.0386679375366805
30.0	10.0	1.0196954587780844
30.0	11.25	1.0887567346746527
30.0	12.5	1.0634744139588523
30.0	13.75	1.0347465848962027
30.0	15.0	1.063173691103434
30.0	16.25	1.1396799090129903
30.0	17.5	1.2752918519622538
30.0	18.75	1.3239152578202509
30.0	20.0	1.2926980644159292
30.0	21.25	1.5996633410260097
30.0	22.5	1.1275173900835824
30.0	23.75	1.0597800403448696
30.0	25.0	1.3250771584678596
30.0	26.25	4.578015749367998
31.25	25.0	4.999999999240758
31.25	23.75	1.374200735759068
31.25	22.5	1.086235461870011
31.25	21.25	1.0555110733170672
31.25	20.0	1.426234190347662
31.25	18.75	1.5203211405963355
31.25	17.5	1.2276669263957496
31.25	16.25	1.3056758421782932
31.25	15.0	1.2116472615953917
31.25	13.75	1.1167451185450696
31.25	12.5	1.0441726043752126
31.25	11.25	1.0172584421695596
31.25	10.0	1.0578444619506353
31.25	8.75	1.0793644288673683
31.25	7.5	1.0691395313158196
31.25	6.25	1.0426195250506778
31.25	5.0	1.017796662545165
31.25	3.75	1.068563787383491
31.25	2.5	1.0589322881375551
31.25	1.25	1.042179168581459
31.25	-0.0	1.04351408958005
31.25	-1.25	1.042299216763233
31.25	-2.5	1.0552551456951775
31.25	-3.75	1.0645656408185804
31.25	-5.0	1.0598873496620609
31.25	-6.25	1.0739971107451671
31.25	-7.5	1.1059070192737677
31.25	-8.75	1.1311751979413076
31.25	-10.0	1.1454293820983832
31.25	-11.25	1.1392608303497216
31.25	-12.5	1.1420495561445367
31.25	-13.75	1.1371182192921108
31.25	-15.0	1.0912596144489495
31.25	-16.25	1.1291378062375559
31.25	-17.5	1.1292642300618452
31.25	-18.75	1.1195990685129953
31.25	-20.0	1.1124843777282747
31.25	-21.25	1.1070373385842807
31.25	-22.5	1.0490766694128384
31.25	-23.75	1.0529911213154612
31.25	-25.0	1.2068227939620186
32.5	-23.75	1.580772689358822
32.5	-22.5	1.0783628742232443
32.5	-21.25	1.0456180310993801
32.5	-20.0	1.064739416853664
32.5	-18.75	1.1317963516762042
32.5	-17.5	1.1173504675381114
32.5	-16.25	1.1384456204225266
32.5	-15.0	1.175092482784339
32.5	-13.75	1.1364724801272876
32.5	-12.5	1.0766278938519225
32.5	-11.25	1.0810527110224708
32.5	-10.0	1.0898192248635148
32.5	-8.75	1.0747371410395923
32.5	-7.5	1.0781911746177517
32.5	-6.25	1.1137454761591066
32.5	-5.0	1.1455553745496196
32.5	-3.75	1.1281953610046944
32.5	-2.5	1.1145813416457102
32.5	-1.25	1.0715922227330266
32.5	0.0	1.1407304902020794
32.5	1.25	1.073547576871876
32.5	2.5	1.0878719401360213
32.5	3.75	1.0626683057789243
32.5	5.0	1.0448918764661226
32.5	6.25	1.0441907176175675
32.5	7.5	1.0128578118464446
32.5	8.75	0.9994851138905725
32.5	10.0	1.0438647895010824
32.5	11.25	1.1142111136878334
32.5	12.5	1.1911317602818325
32.5	13.75	1.2662094507485175
32.5	15.0	1.2283690976633066
32.5	16.25	1.4770013503837127
32.5	17.5	1.6583568019129755
32.5	18.75	1.2101406281481069
32.5	20.0	1.0417718349583884
32.5	21.25	1.2025477119397205
32.5	22.5	1.8473855130142214
32.5	23.75	4.339035173910181
33.75	21.25	3.46410463426173
33.75	20.0	1.386610151314719
33.75	18.75	1.102016923657878
33.75	17.5	1.0533522909283324
33.75	16.25	1.2706306548091737
33.75	15.0	1.6459815790802406
33.75	13.75	1.4844804465920731
33.75	12.5	1.238250945615337
33.75	11.25	1.2249438477977819
33.75	10.0	1.194910696050707
33.75	8.75	1.1278024584233055
33.75	7.5	1.1213589126694323
33.75	6.25	1.048322582582859
33.75	5.0	1.0315061920202897
33.75	3.75	1.0096630637854274
33.75	2.5	0.9908374733963567
33.75	1.25	0.9986074205077236
33.75	-0.0	1.000942288751121
33.75	-1.25	1.0153570526981968
33.75	-2.5	1.0097909525079576
33.75	-3.75	1.0187662172554468
33.75	-5.0	1.0212298795692298
33.75	-6.25	1.031496032139093
33.75	-7.5	1.0420033249801408
33.75	-8.75	1.072146341999792
33.75	-10.0	1.120208840383845
33.75	-11.25	1.1661739314770072
33.75	-12.5	1.1435220102408072
33.75	-13.75	1.0977848724250432
33.75	-15.0	1.132471063390331
33.75	-16.25	1.1663812671231923
33.75	-17.5	1.1228524873138221
33.75	-18.75	1.066589916624789
33.75	-20.0	1.0660120859825444
33.75	-21.25	1.2415181265500372
35.0	-20.0	1.85143387354257
35.0	-18.75	1.2510264384615315
35.0	-17.5	1.116038542634202
35.0	-16.25	1.0726325769115128
35.0	-15.0	1.128030521344618
35.0	-13.75	1.2022464222975282
35.0	-12.5	1.1533795855455349
35.0	-11.25	1.1376764555796264
35.0	-10.0	1.0989897894008784
35.0	-8.75	1.1415377855212991
35.0	-7.5	1.138295990376026
35.0	-6.25	1.136399384306376
35.0	-5.0	1.1028781241386145
35.0	-3.75	1.0811572761022523
35.0	-2.5	1.073745280800516
35.0	-1.25	1.0928445882589743
35.0	0.0	1.0738227554472388
35.0	1.25	1.0878998546940988
35.0	2.5	1.0997605640570276
35.0	3.75	1.1028395411755056
35.0	5.0	1.143206585978385
35.0	6.25	1.1833751276865758
35.0	7.5	1.1603210647691302
35.0	8.75	1.1954122731944983
35.0	10.0	1.3776890660064547
35.0	11.25	1.6227115651282054
35.0	12.5	1.6104873031738753
35.0	13.75	1.2278052173358311
35.0	15.0	1.084899410312854
35.0	16.25	1.1171723124407738
35.0	17.5	1.3344233907299898
35.0	18.75	2.1195284238785783
35.0	20.0	4.865788437532837
36.25	17.5	4.240916992502257
36.25	16.25	2.2146833216487636
36.25	15.0	1.3817176408163103
36.25	13.75	1.2037972227229297
36.25	12.5	1.1092586758623248
36.25	11.25	1.1201238544889067
36.25	10.0	1.2982055994229444
36.25	8.75	1.5939314805893332
36.25	7.5	1.6165536131209528
36.25	6.25	1.5264418610085357
36.25	5.0	1.3691209335802839
36.25	3.75	1.2422180987503761
36.25	2.5	1.1667532609334703
36.25	1.25	1.145652825813257
36.25	-0.0	1.1300720454616595
36.25	-1.25	1.1127556960057934
36.25	-2.5	1.1123952853076213
36.25	-3.75	1.1094465936489915
36.25	-5.0	1.1298149422878092
36.25	-6.25	1.1557060084718653
36.25	-7.5	1.1809944368218348
36.25	-8.75	1.2366046020070005
36.25	-10.0	1.2466018628995998
36.25	-11.25	1.193604563918563
36.25	-12.5	1.1367333072410393
36.25	-13.75	1.1606995988352136
36.25	-15.0	1.2254016073679281
36.25	-16.25	1.332039484484402
36.25	-17.5	2.045849484004454
37.5	-15.0	2.4497823999698154
37.5	-13.75	1.5816397717635855
37.5	-12.5	1.4312929913883643
37.5	-11.25	1.341725752181513
37.5	-10.0	1.251282988826393
37.5	-8.75	1.205133606988075
37.5	-7.5	1.1876376903228172
37.5	-6.25	1.2554941145198475
37.5	-5.0	1.2684996284471728
37.5	-3.75	1.3343601926335396
37.5	-2.5	1.3486899907419945
37.5	-1.25	1.424778157918471
37.5	0.0	1.449515289514176
37.5	1.25	1.4617445867382841
37.5	2.5	1.4230057453015919
37.5	3.75	1.3613746698937534
37.5	5.0	1.247323087725544
37.5	6.25	1.1825699966508987
37.5	7.5	1.1551239298271145
37.5	8.75	1.1665867312698062
37.5	10.0	1.2398448101935555
37.5	11.25	1.3789486946849436
37.5	12.5	1.6184661821135036
37.5	13.75	3.961390593444122
37.5	15.0	5.0
38.75	11.25	4.999999999999325
38.75	10.0	3.240060674193453
38.75	8.75	1.86036181739105
38.75	7.5	1.5596408984355783
38.75	6.25	1.4567133418396496
38.75	5.0	1.395638978245799
38.75	3.75	1.356947505000079
38.75	2.5	1.3279158086587897
38.75	1.25	1.3329675478798455
38.75	-0.0	1.3572624767524255
38.75	-1.25	1.3567598082775625
38.75	-2.5	1.3844387967772054
38.75	-3.75	1.4300998395865383
38.75	-5.0	1.4860084965587497
38.75	-6.25	1.5204336018431448
38.75	-7.5	1.5360872841042887
38.75	-8.75	1.6094908919981865
38.75	-10.0	1.9131785610009988
38.75	-11.25	2.9710711964157044
40.0	-6.25	3.001704000106315
40.0	-5.0	3.480971816634298
40.0	-3.75	3.3265164717958218
40.0	-2.5	2.9618389294902148
40.0	-1.25	2.839970900451549
40.0	0.0	2.8802340381148532
40.0	1.25	2.9054873981278897
40.0	2.5	4.389563502087302
40.0	3.75	3.9876951703156607
40.0	5.0	4.168994839479861
40.0	6.25	3.704046203215217
