-40.0	6.25	2.787045323421009
-40.0	5.0	3.10651954477526
-40.0	3.75	3.5559595106905455
-40.0	2.5	2.588747876520948
-40.0	1.25	2.218914867230234
-40.0	-0.0	1.960371531384542
-40.0	-1.25	2.050372740927937
-40.0	-2.5	2.074924213154646
-40.0	-3.75	2.087769481490972
-40.0	-5.0	2.450531758039089
-40.0	-6.25	2.495001475775389
-38.75	-11.25	2.008273882605847
-38.75	-10.0	1.4800175644470244
-38.75	-8.75	1.391220854251971
-38.75	-7.5	1.378292372194121
-38.75	-6.25	1.370969310028336
-38.75	-5.0	1.3824382827032355
-38.75	-3.75	1.3605604306744663
-38.75	-2.5	1.3453079537776595
-38.75	-1.25	1.3355935587640175
-38.75	0.0	1.3640563205446279
-38.75	1.25	1.363243233882116
-38.75	2.5	1.4095748604923273
-38.75	3.75	1.4416629671788108
-38.75	5.0	1.481980457118686
-38.75	6.25	1.554883317784963
-38.75	7.5	1.7374801541808749
-38.75	8.75	2.033880092441235
-38.75	10.0	4.0025644311212325
-38.75	11.25	2.11835992218583
-37.5	15.0	2.074790940763773
-37.5	13.75	4.256531700250058
-37.5	12.5	1.9800224286237889
-37.5	11.25	1.5557156858200685
-37.5	10.0	1.3416367689151354
-37.5	8.75	1.2316645842977412
-37.5	7.5	1.2459353048759283
-37.5	6.25	1.3015715617323655
-37.5	5.0	1.4052773175625966
-37.5	3.75	1.6040393202407568
-37.5	2.5	1.6308460601759576
-37.5	1.25	1.626509556507557
-37.5	-0.0	1.5709614323047925
-37.5	-1.25	1.5275265999873096
-37.5	-2.5	1.5055889990694737
-37.5	-3.75	1.4740770023009464
-37.5	-5.0	1.3585681408327108
-37.5	-6.25	1.2485127317668674
-37.5	-7.5	1.1420183381526448
-37.5	-8.75	1.1092611940188366
-37.5	-10.0	1.1488024561818158
-37.5	-11.25	1.1787609876408673
-37.5	-12.5	1.239238621074584
-37.5	-13.75	1.363249659235156
-37.5	-15.0	1.9340890609014485
-36.25	-17.5	1.5949761554780695
-36.25	-16.25	1.1836266645497968
-36.25	-15.0	1.0411195129033315
-36.25	-13.75	0.9587621830890578
-36.25	-12.5	1.0382996974982177
-36.25	-11.25	1.158735633363646
-36.25	-10.0	1.3285478201125223
-36.25	-8.75	1.4038117247945276
-36.25	-7.5	1.3878795440357594
-36.25	-6.25	1.3545344603937277
-36.25	-5.0	1.2804611582565206
-36.25	-3.75	1.238310311042805
-36.25	-2.5	1.2453602920216795
-36.25	-1.25	1.231057181773867
-36.25	0.0	1.2477175288324034
-36.25	1.25	1.2493884972783942
-36.25	2.5	1.3530328599396215
-36.25	3.75	1.4280946259119993
-36.25	5.0	1.5835419758511238
-36.25	6.25	1.8379427207700623
-36.25	7.5	1.9848896223902637
-36.25	8.75	2.0366968140169774
-36.25	10.0	1.5870844111419498
-36.25	11.25	1.248615922628482
-36.25	12.5	1.200980984120518
-36.25	13.75	1.2833247221486301
-36.25	15.0	1.5619384330770973
-36.25	16.25	2.371186057234704
-36.25	17.5	2.3080072177321975
-35.0	20.0	2.4141563712020897
-35.0	18.75	2.6517975078025486
-35.0	17.5	1.4652014113689837
-35.0	16.25	1.2046827251758785
-35.0	15.0	1.1830991649192821
-35.0	13.75	1.53905760351598
-35.0	12.5	1.9917212094432726
-35.0	11.25	2.08912144090762
-35.0	10.0	1.640295224717729
-35.0	8.75	1.454712986395994
-35.0	7.5	1.4221307704161337
-35.0	6.25	1.4546835746941085
-35.0	5.0	1.4259271409395904
-35.0	3.75	1.411576674717983
-35.0	2.5	1.3700600615611611
-35.0	1.25	1.3450370190755958
-35.0	-0.0	1.2956934282954098
-35.0	-1.25	1.2605349960357213
-35.0	-2.5	1.2632742317583245
-35.0	-3.75	1.2709679527377569
-35.0	-5.0	1.2846395799867514
-35.0	-6.25	1.2683507390175688
-35.0	-7.5	1.2362294913074408
-35.0	-8.75	1.1789504301003442
-35.0	-10.0	1.1278387099209475
-35.0	-11.25	1.177276590107132
-35.0	-12.5	1.2515560247837856
-35.0	-13.75	1.1903524998727608
-35.0	-15.0	1.0219601235845897
-35.0	-16.25	0.9270961201095931
-35.0	-17.5	0.9573288754552935
-35.0	-18.75	1.080057859548285
-35.0	-20.0	1.8506103191710466
-33.75	-21.25	1.1517087039702743
-33.75	-20.0	0.8970854354735271
-33.75	-18.75	0.8816931538552009
-33.75	-17.5	0.996740479844755
-33.75	-16.25	1.136092944892538
-33.75	-15.0	1.1346755490824663
-33.75	-13.75	1.073447931907645
-33.75	-12.5	1.1241614633184156
-33.75	-11.25	1.190030616685167
-33.75	-10.0	1.1485401832201658
-33.75	-8.75	1.046549331207829
-33.75	-7.5	0.980087564912071
-33.75	-6.25	0.998844310820016
-33.75	-5.0	0.9968697020015558
-33.75	-3.75	1.0094789981014118
-33.75	-2.5	1.0117169488323627
-33.75	-1.25	1.0107145158235546
-33.75	0.0	1.0300080701214558
-33.75	1.25	1.0251686187233702
-33.75	2.5	1.0494453133035107
-33.75	3.75	1.0735667704614595
-33.75	5.0	1.0868545015768305
-33.75	6.25	1.1608733175256845
-33.75	7.5	1.3308794815526053
-33.75	8.75	1.4832939092011745
-33.75	10.0	1.5383391407621936
-33.75	11.25	1.5706883155941842
-33.75	12.5	1.5255113135598144
-33.75	13.75	1.8256464194327222
-33.75	15.0	2.031269764762116
-33.75	16.25	1.6666437205447622
-33.75	17.5	1.1750119105426124
-33.75	18.75	1.1661463721100738
-33.75	20.0	1.5270423864937026
-33.75	21.25	2.902743609143937
-32.5	23.75	2.0536805477034417
-32.5	22.5	2.0389516526170706
-32.5	21.25	1.2627675733259167
-32.5	20.0	1.1661951408253879
-32.5	18.75	1.3824752465908752
-32.5	17.5	2.0710168212476043
-32.5	16.25	1.7176658925287054
-32.5	15.0	1.5983941684327956
-32.5	13.75	1.6714179779706235
-32.5	12.5	1.5471679885046878
-32.5	11.25	1.3507738649601588
-32.5	10.0	1.1690363941417203
-32.5	8.75	1.1133602979900736
-32.5	7.5	1.0959254882583576
-32.5	6.25	1.0286212519064541
-32.5	5.0	0.9792907155606176
-32.5	3.75	0.9374934179164622
-32.5	2.5	0.9374668113152582
-32.5	1.25	0.9172398008081029
-32.5	-0.0	0.9285162828059477
-32.5	-1.25	0.9363925131578776
-32.5	-2.5	0.9389801735707559
-32.5	-3.75	0.9358160843705328
-32.5	-5.0	0.9404504551563919
-32.5	-6.25	0.9580761980922903
-32.5	-7.5	0.9752561257418133
-32.5	-8.75	1.0134136288718496
-32.5	-10.0	0.9937077919477266
-32.5	-11.25	0.9859988377710538
-32.5	-12.5	1.0012756168777752
-32.5	-13.75	1.079681956829262
-32.5	-15.0	1.134335000109492
-32.5	-16.25	1.0151795205540148
-32.5	-17.5	1.0443333644843236
-32.5	-18.75	1.0515625381270368
-32.5	-20.0	0.9138671963640501
-32.5	-21.25	0.8714626792410352
-32.5	-22.5	0.9734953649356992
-32.5	-23.75	1.689395873992967
-31.25	-25.0	1.5339758217900323
-31.25	-23.75	0.8820620309566127
-31.25	-22.5	0.8745900300102516
-31.25	-21.25	1.0267517800452914
-31.25	-20.0	1.070740870357822
-31.25	-18.75	0.992583635661787
-31.25	-17.5	1.0383725669193762
-31.25	-16.25	1.0654126111237918
-31.25	-15.0	0.985707660915315
-31.25	-13.75	1.025030297598727
-31.25	-12.5	1.0229878190355466
-31.25	-11.25	1.0020492153103602
-31.25	-10.0	1.0022236420177233
-31.25	-8.75	1.0558322730317817
-31.25	-7.5	1.0952362514498706
-31.25	-6.25	1.105755193378113
-31.25	-5.0	1.1387048358969665
-31.25	-3.75	1.1305537459070178
-31.25	-2.5	1.1151082400574586
-31.25	-1.25	1.1314541657267672
-31.25	0.0	1.1129260107284278
-31.25	1.25	1.0992221677926297
-31.25	2.5	1.0988224315277781
-31.25	3.75	1.0762639500279363
-31.25	5.0	1.0222705935600374
-31.25	6.25	1.015548474990748
-31.25	7.5	0.9912437020823823
-31.25	8.75	0.9710613641058057
-31.25	10.0	1.055018320389638
-31.25	11.25	1.1227454571779871
-31.25	12.5	1.1579029937997571
-31.25	13.75	1.3128577602130909
-31.25	15.0	-1.5611054902750467
-31.25	16.25	1.7359135015624805
-31.25	17.5	1.605677076587849
-31.25	18.75	2.0533018680576234
-31.25	20.0	1.9731109825367525
-31.25	21.25	1.1978914655488007
-31.25	22.5	1.1552875469603672
-31.25	23.75	1.52708091531448
-31.25	25.0	2.2692528947295134
-30.0	26.25	2.6476850887024934
-30.0	25.0	1.4260990445977182
-30.0	23.75	1.1406540562465342
-30.0	22.5	1.2540055528323366
-30.0	21.25	1.999732836843318
-30.0	20.0	1.622240122848515
-30.0	18.75	1.7823963253846191
-30.0	17.5	-1.6684711484852812
-30.0	16.25	1.3600954826874831
-30.0	15.0	1.1895419237509604
-30.0	13.75	1.1761014652220902
-30.0	12.5	1.0508532927886751
-30.0	11.25	1.0103878093262182
-30.0	10.0	1.0263012170561048
-30.0	8.75	1.059895918160871
-30.0	7.5	1.0541047807100412
-30.0	6.25	1.051080598658574
-30.0	5.0	1.0167637113464476
-30.0	3.75	0.9721439462666615
-30.0	2.5	0.9647508628653529
-30.0	1.25	0.9557577781873903
-30.0	-0.0	0.9642035645264322
-30.0	-1.25	0.9625850316691897
-30.0	-2.5	0.9848482369707137
-30.0	-3.75	0.9843373947781551
-30.0	-5.0	1.0090744380229726
-30.0	-6.25	1.0483719328574272
-30.0	-7.5	1.0571832011263602
-30.0	-8.75	1.1042195744163372
-30.0	-10.0	1.1439700549099285
-30.0	-11.25	1.121309310252121
-30.0	-12.5	1.0834201099410299
-30.0	-13.75	1.0704846884200814
-30.0	-15.0	1.063722102551738
-30.0	-16.25	1.0677963041285379
-30.0	-17.5	0.9979863623494722
-30.0	-18.75	1.0174268947199039
-30.0	-20.0	0.9799677186120945
-30.0	-21.25	0.9356802683311631
-30.0	-22.5	0.9605500735160195
-30.0	-23.75	0.8645983257670711
-30.0	-25.0	0.8901560277300753
-30.0	-26.25	1.3912582595718037
-28.75	-27.5	1.5340027113253827
-28.75	-26.25	0.8683752183726039
-28.75	-25.0	0.8875907474767395
-28.75	-23.75	0.958488650677161
-28.75	-22.5	0.9313239189941687
-28.75	-21.25	0.9699493863817015
-28.75	-20.0	0.9698722649809302
-28.75	-18.75	1.0755021387194503
-28.75	-17.5	1.1058814795993843
-28.75	-16.25	1.0967370781755639
-28.75	-15.0	1.1481177084285399
-28.75	-13.75	1.1365181968749223
-28.75	-12.5	1.1162729023725273
-28.75	-11.25	1.0586250052899402
-28.75	-10.0	0.9938752095557666
-28.75	-8.75	0.9736832196231262
-28.75	-7.5	0.9300026228137215
-28.75	-6.25	0.9134736053252048
-28.75	-5.0	0.9159251487115272
-28.75	-3.75	0.9406569188606966
-28.75	-2.5	0.942702151176916
-28.75	-1.25	0.9522446565313301
-28.75	0.0	0.954201802833766
-28.75	1.25	0.9391375564685216
-28.75	2.5	0.9538989348516562
-28.75	3.75	0.9503166694034269
-28.75	5.0	0.9659267736304784
-28.75	6.25	0.954861268980407
-28.75	7.5	0.9311298869153077
-28.75	8.75	0.9430307644042832
-28.75	10.0	1.0039722597650709
-28.75	11.25	1.0616713173502212
-28.75	12.5	1.0415150049055288
-28.75	13.75	1.0044360392722904
-28.75	15.0	1.0488664697441248
-28.75	16.25	1.2226500136730856
-28.75	17.5	1.249277360193898
-28.75	18.75	1.4853753459107688
-28.75	20.0	1.8410973080524018
-28.75	21.25	1.4677431940101489
-28.75	22.5	1.7863175754057128
-28.75	23.75	1.3477459633410245
-28.75	25.0	1.1298401328824728
-28.75	26.25	1.377682563842538
-28.75	27.5	2.707186348926119
-27.5	28.75	-2.402933063953822
-27.5	27.5	1.371893011707149
-27.5	26.25	1.1239651984995174
-27.5	25.0	1.3660532101794267
-27.5	23.75	1.5394424207568136
-27.5	22.5	1.7956890108103334
-27.5	21.25	1.789461421460948
-27.5	20.0	1.3783012302959117
-27.5	18.75	1.2398789457160353
-27.5	17.5	1.1455270318878705
-27.5	16.25	1.0214145068460905
-27.5	15.0	1.0559445842268387
-27.5	13.75	1.0217957772614605
-27.5	12.5	0.9158824463726418
-27.5	11.25	0.9518771211959791
-27.5	10.0	0.9506526034828591
-27.5	8.75	0.9283600168755157
-27.5	7.5	0.9933665452329503
-27.5	6.25	0.9914434543588069
-27.5	5.0	0.9887038181606398
-27.5	3.75	0.9977788201516358
-27.5	2.5	1.0451964390337132
-27.5	1.25	1.0570213822772976
-27.5	-0.0	1.023448655312694
-27.5	-1.25	0.9834296473331943
-27.5	-2.5	0.9850513223438915
-27.5	-3.75	1.0020178309550989
-27.5	-5.0	1.0482753053111518
-27.5	-6.25	1.0074265607332382
-27.5	-7.5	1.0008320210731831
-27.5	-8.75	0.9283289757847513
-27.5	-10.0	0.9082086413072687
-27.5	-11.25	0.9351738991803913
-27.5	-12.5	0.9485704008419615
-27.5	-13.75	1.0149356555072302
-27.5	-15.0	1.1138136166800985
-27.5	-16.25	1.1754609127175932
-27.5	-17.5	1.1658801771029834
-27.5	-18.75	1.1476283212357181
-27.5	-20.0	1.171089998876468
-27.5	-21.25	1.0314203573775185
-27.5	-22.5	0.9718368088389546
-27.5	-23.75	0.9461907457976713
-27.5	-25.0	0.9653038425692735
-27.5	-26.25	0.8981485729274796
-27.5	-27.5	0.9092723896229913
-27.5	-28.75	1.8285879850142202
-26.25	-30.0	2.079456538133069
-26.25	-28.75	0.9170376611646276
-26.25	-27.5	0.8367994658956519
-26.25	-26.25	0.9378802703507301
-26.25	-25.0	0.9326660183980762
-26.25	-23.75	0.943239400692053
-26.25	-22.5	1.0638031846502845
-26.25	-21.25	1.1870126476805387
-26.25	-20.0	1.210796167924447
-26.25	-18.75	1.2076438494385675
-26.25	-17.5	1.152587095939115
-26.25	-16.25	1.0316420315183104
-26.25	-15.0	0.9158502715051089
-26.25	-13.75	0.8961621640187616
-26.25	-12.5	0.940400038017688
-26.25	-11.25	0.9744947643665567
-26.25	-10.0	0.9737227651749851
-26.25	-8.75	1.0118476916857322
-26.25	-7.5	1.0284296071181922
-26.25	-6.25	1.0145325524168989
-26.25	-5.0	1.0122133888190064
-26.25	-3.75	1.022241566603653
-26.25	-2.5	1.0572907356117387
-26.25	-1.25	1.084442429209485
-26.25	0.0	1.0968759891935287
-26.25	1.25	1.1224093427269901
-26.25	2.5	1.1384414923315411
-26.25	3.75	1.085545335199102
-26.25	5.0	1.0327232397841755
-26.25	6.25	1.0297397604112337
-26.25	7.5	1.0303383181322259
-26.25	8.75	0.9837933129179932
-26.25	10.0	0.9839472284192006
-26.25	11.25	0.9358941020757374
-26.25	12.5	0.9347110095413891
-26.25	13.75	0.9021178082196908
-26.25	15.0	0.9211297520042558
-26.25	16.25	1.0639800573434055
-26.25	17.5	1.0435889839183243
-26.25	18.75	1.0704445476926727
-26.25	20.0	1.2345338631863818
-26.25	21.25	1.3502475339007125
-26.25	22.5	1.651231816239699
-26.25	23.75	1.8628319420434405
-26.25	25.0	1.7078502431215137
-26.25	26.25	1.3639455858669525
-26.25	27.5	1.132850603510569
-26.25	28.75	1.3752327816077514
-26.25	30.0	2.0923324252644893
-25.0	31.25	1.958278838068538
-25.0	30.0	1.4908623691674103
-25.0	28.75	1.1223637160555793
-25.0	27.5	1.3230772951240404
-25.0	26.25	1.7761984955816947
-25.0	25.0	1.8773668394473617
-25.0	23.75	1.6553952505082776
-25.0	22.5	1.3464774127292163
-25.0	21.25	1.2465304680597766
-25.0	20.0	1.0521060963323992
-25.0	18.75	1.0751250500886211
-25.0	17.5	1.0033948353657358
-25.0	16.25	0.9059388748820965
-25.0	15.0	0.9266859090555783
-25.0	13.75	0.9287806562386365
-25.0	12.5	0.9563609617301969
-25.0	11.25	0.9744444869191398
-25.0	10.0	1.0616419551062855
-25.0	8.75	1.016873705357674
-25.0	7.5	1.1833667007069266
-25.0	6.25	1.2381942843362816
-25.0	5.0	1.242328715356802
-25.0	3.75	1.118001028952202
-25.0	2.5	1.004363882947212
-25.0	1.25	0.9187779632154065
-25.0	-0.0	0.9025900365044928
-25.0	-1.25	0.8859914808413683
-25.0	-2.5	0.8855801499840528
-25.0	-3.75	0.8763693090375604
-25.0	-5.0	0.9168055174041694
-25.0	-6.25	0.9637546422504943
-25.0	-7.5	1.018352021416736
-25.0	-8.75	1.090096706165994
-25.0	-10.0	0.9536007886235875
-25.0	-11.25	0.9234980074747003
-25.0	-12.5	0.9194725074704779
-25.0	-13.75	0.932793687789788
-25.0	-15.0	0.9040887102493214
-25.0	-16.25	0.8982568498980008
-25.0	-17.5	0.919735224250589
-25.0	-18.75	1.097790589259322
-25.0	-20.0	1.210834497461807
-25.0	-21.25	1.2325619173659943
-25.0	-22.5	1.2277571895932793
-25.0	-23.75	1.1489002006581188
-25.0	-25.0	0.9388340587616035
-25.0	-26.25	0.8982001052320214
-25.0	-27.5	0.8827116368284873
-25.0	-28.75	0.8483595783038869
-25.0	-30.0	0.9800075950705907
-25.0	-31.25	2.5163195097255784
-23.75	-32.5	3.2414294935681998
-23.75	-31.25	1.2605582084931077
-23.75	-30.0	0.8420466261001422
-23.75	-28.75	0.8978228646503226
-23.75	-27.5	0.8973238347751238
-23.75	-26.25	0.9130119231109326
-23.75	-25.0	1.1536834656895572
-23.75	-23.75	1.2668266451699743
-23.75	-22.5	1.2702237944523649
-23.75	-21.25	1.1755868455486613
-23.75	-20.0	1.0142430706711414
-23.75	-18.75	0.8997362410606975
-23.75	-17.5	0.8760873622231333
-23.75	-16.25	0.9004349740633888
-23.75	-15.0	0.9170657605968655
-23.75	-13.75	0.9027115950100404
-23.75	-12.5	0.9169518478171979
-23.75	-11.25	0.9504769507061965
-23.75	-10.0	0.8731814299688274
-23.75	-8.75	0.8726336280274127
-23.75	-7.5	0.8480186756877695
-23.75	-6.25	0.8508140275015608
-23.75	-5.0	0.8252834299543013
-23.75	-3.75	0.8402128045055974
-23.75	-2.5	0.833814822210762
-23.75	-1.25	0.8174604605741571
-23.75	0.0	0.8443925961291265
-23.75	1.25	0.8495911945778287
-23.75	2.5	0.8498243130714602
-23.75	3.75	0.8549841232273794
-23.75	5.0	0.8975883209336075
-23.75	6.25	1.0086458100407016
-23.75	7.5	1.1731293795245215
-23.75	8.75	1.29072526587718
-23.75	10.0	1.2282901792843344
-23.75	11.25	1.0350535745620757
-23.75	12.5	1.0198214321348296
-23.75	13.75	0.9465226569827152
-23.75	15.0	0.9292499425842546
-23.75	16.25	0.8901770859230194
-23.75	17.5	0.9015645471978173
-23.75	18.75	0.9356724295332111
-23.75	20.0	1.081610437173648
-23.75	21.25	1.0616527135226042
-23.75	22.5	1.2588636370296413
-23.75	23.75	1.3640360624589505
-23.75	25.0	-1.6785636235286976
-23.75	26.25	1.7771185585608809
-23.75	27.5	1.5900060330268175
-23.75	28.75	1.267537151145774
-23.75	30.0	1.1462854001962528
-23.75	31.25	1.7217800510078156
-23.75	32.5	2.0513097988457645
-22.5	32.5	2.6446605632810964
-22.5	31.25	1.1763448991668746
-22.5	30.0	1.1437058880607465
-22.5	28.75	1.5057115067681774
-22.5	27.5	1.641752536242529
-22.5	26.25	1.7189304637210743
-22.5	25.0	1.429870403399617
-22.5	23.75	1.274544743401016
-22.5	22.5	1.0459684538480367
-22.5	21.25	1.095084733925356
-22.5	20.0	0.8999382211174449
-22.5	18.75	0.8999697380862308
-22.5	17.5	0.9101453442704983
-22.5	16.25	0.8966182543740517
-22.5	15.0	0.9436120182586949
-22.5	13.75	0.9551446976343803
-22.5	12.5	1.0589965506598045
-22.5	11.25	1.056640282939183
-22.5	10.0	0.9394911974461762
-22.5	8.75	0.9005762372048007
-22.5	7.5	0.8772933137327321
-22.5	6.25	0.8677367381205698
-22.5	5.0	0.8601669456924075
-22.5	3.75	0.9081796482969704
-22.5	2.5	0.9336833537740823
-22.5	1.25	0.937650034721992
-22.5	-0.0	0.9338375919169657
-22.5	-1.25	0.932429628737756
-22.5	-2.5	0.9394121976557237
-22.5	-3.75	0.9287773820678504
-22.5	-5.0	0.9105454094523981
-22.5	-6.25	0.8828769228018816
-22.5	-7.5	0.8480461571227371
-22.5	-8.75	0.8418194200776128
-22.5	-10.0	0.8685846816375555
-22.5	-11.25	0.8844883357550613
-22.5	-12.5	0.9059066460310508
-22.5	-13.75	1.0649414343894446
-22.5	-15.0	0.945899589346415
-22.5	-16.25	0.874448055950042
-22.5	-17.5	0.9011222401199381
-22.5	-18.75	0.8793060820963206
-22.5	-20.0	0.8796207323546579
-22.5	-21.25	0.9631469549520997
-22.5	-22.5	1.1577790396136471
-22.5	-23.75	1.3085345596518998
-22.5	-25.0	1.2948656525672213
-22.5	-26.25	1.1479650278482794
-22.5	-27.5	0.8982685546994515
-22.5	-28.75	0.9128107077497019
-22.5	-30.0	0.8989364144238081
-22.5	-31.25	0.9023129656530227
-22.5	-32.5	2.0439391665470126
-21.25	-33.75	2.72729897461155
-21.25	-32.5	1.0607786569337208
-21.25	-31.25	0.9090900294357729
-21.25	-30.0	0.9321339969077638
-21.25	-28.75	0.8977783196625282
-21.25	-27.5	1.1156349411398283
-21.25	-26.25	1.2922525620277625
-21.25	-25.0	1.3001232751758547
-21.25	-23.75	1.1788396527750304
-21.25	-22.5	0.9264197435884372
-21.25	-21.25	0.8675686630964758
-21.25	-20.0	0.8688755136865574
-21.25	-18.75	0.8540506425369854
-21.25	-17.5	0.8891680215274791
-21.25	-16.25	1.0249660423586509
-21.25	-15.0	0.9333581494913954
-21.25	-13.75	0.8483644826582202
-21.25	-12.5	0.8213775318675438
-21.25	-11.25	0.8357432433196283
-21.25	-10.0	0.8627375169291049
-21.25	-8.75	0.8939319338078366
-21.25	-7.5	0.8835024454330052
-21.25	-6.25	0.89872011865641
-21.25	-5.0	0.8726976348238686
-21.25	-3.75	0.8846608042587922
-21.25	-2.5	0.8883150869415175
-21.25	-1.25	0.8830740406056545
-21.25	0.0	0.8690282018016218
-21.25	1.25	0.8957760390508671
-21.25	2.5	0.89618972744245
-21.25	3.75	0.9075523205121838
-21.25	5.0	0.9340530646677863
-21.25	6.25	0.9627728303784533
-21.25	7.5	0.8987076017506883
-21.25	8.75	0.8701267531044348
-21.25	10.0	0.8752916304599809
-21.25	11.25	0.9078142813125449
-21.25	12.5	0.9028957699199864
-21.25	13.75	0.988478500832807
-21.25	15.0	0.9522636113087559
-21.25	16.25	0.9430103758862955
-21.25	17.5	0.8972200077004642
-21.25	18.75	0.8767405102511354
-21.25	20.0	0.8787600937797082
-21.25	21.25	0.9217470600480002
-21.25	22.5	1.1155313387553312
-21.25	23.75	1.0548159665697128
-21.25	25.0	1.3180945692123096
-21.25	26.25	1.5600577627863368
-21.25	27.5	1.8428046878316051
-21.25	28.75	1.4773633118488263
-21.25	30.0	1.6403416054599607
-21.25	31.25	1.0809286496283708
-21.25	32.5	1.3243946479089042
-21.25	33.75	1.9369735311311906
-20.0	35.0	1.8672520166138202
-20.0	33.75	1.9485396750375692
-20.0	32.5	1.1076074190289393
-20.0	31.25	1.2901594565452887
-20.0	30.0	1.6547803297099195
-20.0	28.75	1.843657858183109
-20.0	27.5	1.6014400743613777
-20.0	26.25	1.3541825566124288
-20.0	25.0	1.0865276368251386
-20.0	23.75	1.1194699644127653
-20.0	22.5	0.9280186802291226
-20.0	21.25	0.8775957598937154
-20.0	20.0	0.8861472636355652
-20.0	18.75	0.9572831681835234
-20.0	17.5	0.9584420453355333
-20.0	16.25	0.9497741542902034
-20.0	15.0	0.9445611746730576
-20.0	13.75	0.9077623957229157
-20.0	12.5	0.8893833394801556
-20.0	11.25	0.8781860995875945
-20.0	10.0	0.9319172906820272
-20.0	8.75	0.9666072418621567
-20.0	7.5	0.9025227975837478
-20.0	6.25	0.9184793285017756
-20.0	5.0	0.8995424805012906
-20.0	3.75	0.8651739637505687
-20.0	2.5	0.8723789052344735
-20.0	1.25	0.8948611120491012
-20.0	-0.0	0.8803384708341593
-20.0	-1.25	0.8693767428609425
-20.0	-2.5	0.8527153239050644
-20.0	-3.75	0.8517290619264406
-20.0	-5.0	0.8639185565606571
-20.0	-6.25	0.8571535266829411
-20.0	-7.5	0.8472900947017026
-20.0	-8.75	0.8359686790893832
-20.0	-10.0	0.8302375327013571
-20.0	-11.25	0.861117334569558
-20.0	-12.5	0.8413881644354859
-20.0	-13.75	0.8351675779500614
-20.0	-15.0	0.8502093002161439
-20.0	-16.25	0.857290078947476
-20.0	-17.5	1.0024915285183678
-20.0	-18.75	0.866273838101379
-20.0	-20.0	0.871837087717652
-20.0	-21.25	0.890052828747141
-20.0	-22.5	0.8487070774169609
-20.0	-23.75	0.9469985653073696
-20.0	-25.0	1.2031120191613756
-20.0	-26.25	1.290549137339152
-20.0	-27.5	1.3115835641074796
-20.0	-28.75	1.0713859354396895
-20.0	-30.0	0.9421780343771893
-20.0	-31.25	0.9394333334973997
-20.0	-32.5	0.9004275865986298
-20.0	-33.75	2.1662945357907386
-20.0	-35.0	2.3613639601358862
-18.75	-35.0	2.4906580668835465
-18.75	-33.75	1.0578668570854148
-18.75	-32.5	0.9310036136144202
-18.75	-31.25	1.0033676165848746
-18.75	-30.0	0.974110366788433
-18.75	-28.75	1.2869958525938259
-18.75	-27.5	1.3456422737408715
-18.75	-26.25	1.2306106298035253
-18.75	-25.0	0.9924260189281409
-18.75	-23.75	0.8422555736595472
-18.75	-22.5	0.857884602322426
-18.75	-21.25	0.8589244572758616
-18.75	-20.0	0.8450724914048333
-18.75	-18.75	0.8817327032698579
-18.75	-17.5	0.844862676322049
-18.75	-16.25	0.8093130254089616
-18.75	-15.0	0.8309434186286646
-18.75	-13.75	0.8462329147218925
-18.75	-12.5	0.8515918243883931
-18.75	-11.25	0.8546360585926482
-18.75	-10.0	0.8454995995959367
-18.75	-8.75	0.838333254891344
-18.75	-7.5	0.8386027849024567
-18.75	-6.25	0.8492551704689033
-18.75	-5.0	0.8814261954764575
-18.75	-3.75	0.8903881966034808
-18.75	-2.5	0.9396252186825551
-18.75	-1.25	0.9143253228387538
-18.75	0.0	0.8791046189171414
-18.75	1.25	0.9554219489291773
-18.75	2.5	0.9406446190302917
-18.75	3.75	0.945291774980868
-18.75	5.0	0.9833335086373252
-18.75	6.25	0.9610944707653175
-18.75	7.5	0.9146425021840017
-18.75	8.75	0.9404819900853063
-18.75	10.0	0.9162735812306853
-18.75	11.25	0.9663801652302055
-18.75	12.5	0.8914249346215009
-18.75	13.75	0.9019961438595363
-18.75	15.0	0.9081051632275194
-18.75	16.25	0.9308927841643753
-18.75	17.5	0.9361227150113596
-18.75	18.75	0.9702194531764103
-18.75	20.0	0.9643214394637205
-18.75	21.25	0.8771869427514831
-18.75	22.5	0.8906319592958507
-18.75	23.75	0.9574548974930366
-18.75	25.0	1.1260358349409758
-18.75	26.25	1.186858305142163
-18.75	27.5	1.397107475634595
-18.75	28.75	1.6234349504901857
-18.75	30.0	1.7153903096721335
-18.75	31.25	1.7266297927344283
-18.75	32.5	1.1177561802148226
-18.75	33.75	1.2637310174756964
-18.75	35.0	2.360682263470089
-17.5	36.25	1.9704856704289577
-17.5	35.0	1.6821215217667387
-17.5	33.75	1.044189043483211
-17.5	32.5	1.7434034526476676
-17.5	31.25	1.5525690988041667
-17.5	30.0	1.7618685713491802
-17.5	28.75	1.4664052610121843
-17.5	27.5	1.323792723299392
-17.5	26.25	1.0750165729771606
-17.5	25.0	1.0045186059591495
-17.5	23.75	0.9090619336764858
-17.5	22.5	0.9186909485136976
-17.5	21.25	0.9278160543817817
-17.5	20.0	0.9752680545800585
-17.5	18.75	0.9607103082972843
-17.5	17.5	0.9390974932959679
-17.5	16.25	0.924605140230863
-17.5	15.0	0.9055846277811632
-17.5	13.75	0.9316645401687165
-17.5	12.5	0.9606753902178742
-17.5	11.25	0.9173213924568362
-17.5	10.0	0.9469715772664209
-17.5	8.75	0.9099826240221613
-17.5	7.5	0.9165127027741162
-17.5	6.25	0.8961050774945161
-17.5	5.0	0.9009202456646639
-17.5	3.75	0.9147846381144511
-17.5	2.5	0.9305943776536463
-17.5	1.25	0.8883703994409418
-17.5	-0.0	0.9103120272402503
-17.5	-1.25	0.921107704860967
-17.5	-2.5	0.9108380869503314
-17.5	-3.75	0.9261891871645478
-17.5	-5.0	0.9525463055233399
-17.5	-6.25	0.9272762419899809
-17.5	-7.5	0.8944954981516222
-17.5	-8.75	0.869699216648705
-17.5	-10.0	0.8397023186147923
-17.5	-11.25	0.8408564401793504
-17.5	-12.5	0.8433657450272474
-17.5	-13.75	0.8448820138375579
-17.5	-15.0	0.8325711073251156
-17.5	-16.25	0.8360437442832094
-17.5	-17.5	0.8096033387620523
-17.5	-18.75	0.8246813416262331
-17.5	-20.0	0.8620559923178375
-17.5	-21.25	0.8605297266267966
-17.5	-22.5	0.8714196069538147
-17.5	-23.75	0.8762733175367918
-17.5	-25.0	0.8601258120442621
-17.5	-26.25	1.060816739563073
-17.5	-27.5	1.2869237646901732
-17.5	-28.75	1.3947456763478492
-17.5	-30.0	1.2312682871513623
-17.5	-31.25	0.9761518475616358
-17.5	-32.5	0.9103307706078025
-17.5	-33.75	0.95196739423384
-17.5	-35.0	2.0080703704173217
-17.5	-36.25	2.349733810460548
-16.25	-36.25	2.3763495454670007
-16.25	-35.0	1.1976532508690614
-16.25	-33.75	0.9106123041810292
-16.25	-32.5	0.9543833380168092
-16.25	-31.25	1.0614850094310748
-16.25	-30.0	1.385908841495615
-16.25	-28.75	1.3590779954424264
-16.25	-27.5	1.1232859934861175
-16.25	-26.25	0.8898631860138657
-16.25	-25.0	0.8598185584996365
-16.25	-23.75	0.8437710631324036
-16.25	-22.5	0.8759010837525754
-16.25	-21.25	0.8739964474470785
-16.25	-20.0	0.8418661170965347
-16.25	-18.75	0.7974194585531071
-16.25	-17.5	0.8017035114311071
-16.25	-16.25	0.8302116383769906
-16.25	-15.0	0.8521600370731086
-16.25	-13.75	0.824512531111222
-16.25	-12.5	0.8340478103975375
-16.25	-11.25	0.8435092531250401
-16.25	-10.0	0.8472948364805042
-16.25	-8.75	0.870320170616341
-16.25	-7.5	0.9159446183262618
-16.25	-6.25	0.9110971089583835
-16.25	-5.0	0.900928642940162
-16.25	-3.75	0.9166275517086531
-16.25	-2.5	0.9042248428223196
-16.25	-1.25	0.9367103066181048
-16.25	0.0	0.9345091022918739
-16.25	1.25	0.9395240476629514
-16.25	2.5	0.9188966033039572
-16.25	3.75	0.9664902271318674
-16.25	5.0	0.9540778933699183
-16.25	6.25	0.9392212290270363
-16.25	7.5	0.9912144028351486
-16.25	8.75	0.9543520319339578
-16.25	10.0	0.8955157850131146
-16.25	11.25	0.9575128065770233
-16.25	12.5	0.9104219412826886
-16.25	13.75	0.9498943014820291
-16.25	15.0	0.9524053343944958
-16.25	16.25	0.8927699166831182
-16.25	17.5	0.9146884601285334
-16.25	18.75	0.9281578321045671
-16.25	20.0	0.9560264231332196
-16.25	21.25	0.9938008311612201
-16.25	22.5	0.9306515612697597
-16.25	23.75	0.9181326219261532
-16.25	25.0	0.9307369811015862
-16.25	26.25	1.092118679077716
-16.25	27.5	1.1270997859527814
-16.25	28.75	1.3567301564722465
-16.25	30.0	1.5452390118612662
-16.25	31.25	1.8508351313166003
-16.25	32.5	1.7019626923776716
-16.25	33.75	1.088732687315761
-16.25	35.0	1.2448245188111509
-16.25	36.25	2.122772547598033
-15.0	37.5	1.8689402303042009
-15.0	36.25	1.964984842518808
-15.0	35.0	1.1003057799909852
-15.0	33.75	1.6729765369013379
-15.0	32.5	1.613012082974553
-15.0	31.25	1.7451356521581287
-15.0	30.0	1.392568822430289
-15.0	28.75	1.2400026696786082
-15.0	27.5	1.1050349145863692
-15.0	26.25	1.0191544323634592
-15.0	25.0	0.904173259366436
-15.0	23.75	0.9277522924735804
-15.0	22.5	0.970349790678247
-15.0	21.25	0.9630510575568172
-15.0	20.0	1.0139267766706777
-15.0	18.75	0.943708475200042
-15.0	17.5	0.9284618499113906
-15.0	16.25	0.9511114419501698
-15.0	15.0	0.9705870822839184
-15.0	13.75	0.9232606989827268
-15.0	12.5	0.9623009862906589
-15.0	11.25	0.9101968842983919
-15.0	10.0	0.9171858482282857
-15.0	8.75	0.940839062228422
-15.0	7.5	0.9379548252882453
-15.0	6.25	0.9122725508600817
-15.0	5.0	0.937430905985619
-15.0	3.75	0.9215129603969219
-15.0	2.5	0.9331267497706142
-15.0	1.25	0.9320284526833937
-15.0	-0.0	0.9265646972016031
-15.0	-1.25	0.916484278011894
-15.0	-2.5	0.9110389636811416
-15.0	-3.75	0.8901191565857278
-15.0	-5.0	0.8991316598629009
-15.0	-6.25	0.8785168632494074
-15.0	-7.5	0.8826577829915516
-15.0	-8.75	0.8823567498254112
-15.0	-10.0	0.8741137338808116
-15.0	-11.25	0.8655495961483703
-15.0	-12.5	0.9094646999520783
-15.0	-13.75	0.8804193378841099
-15.0	-15.0	0.8335693169508085
-15.0	-16.25	0.8308553293295979
-15.0	-17.5	0.8202508573092793
-15.0	-18.75	0.8182655575666509
-15.0	-20.0	0.8291403266313164
-15.0	-21.25	0.8314383317062308
-15.0	-22.5	0.9778515852580263
-15.0	-23.75	0.8627096679088408
-15.0	-25.0	0.8778554533015095
-15.0	-26.25	0.8742674861146114
-15.0	-27.5	0.9440814192866362
-15.0	-28.75	1.2589754709129428
-15.0	-30.0	1.419110535629633
-15.0	-31.25	1.3124204464032232
-15.0	-32.5	0.9930416781451896
-15.0	-33.75	0.9305363313001855
-15.0	-35.0	1.015066737359403
-15.0	-36.25	3.353607340437808
-15.0	-37.5	2.207061523736975
-13.75	-37.5	2.9957204224719813
-13.75	-36.25	1.6380719545578497
-13.75	-35.0	0.9639441816320353
-13.75	-33.75	0.9973668547460202
-13.75	-32.5	1.0720785892791138
-13.75	-31.25	1.4281329194140575
-13.75	-30.0	1.4024772939423258
-13.75	-28.75	1.0775709927577823
-13.75	-27.5	0.8607147098863566
-13.75	-26.25	0.8682120905716708
-13.75	-25.0	0.8768121846240433
-13.75	-23.75	0.9422287490589447
-13.75	-22.5	0.901091454799225
-13.75	-21.25	0.8225848416961847
-13.75	-20.0	0.8146317701195303
-13.75	-18.75	0.8250170611254015
-13.75	-17.5	0.825989112701901
-13.75	-16.25	0.8323343930728591
-13.75	-15.0	0.8680567977963101
-13.75	-13.75	0.8704251326797436
-13.75	-12.5	0.8726530574514566
-13.75	-11.25	0.8560075054723395
-13.75	-10.0	0.8914325599570638
-13.75	-8.75	0.8690220430735431
-13.75	-7.5	0.8446756676202005
-13.75	-6.25	0.8604295363932204
-13.75	-5.0	0.8618523224531005
-13.75	-3.75	0.8665434719491136
-13.75	-2.5	0.8862249472922734
-13.75	-1.25	0.8703365821920164
-13.75	0.0	0.8663869043771406
-13.75	1.25	0.8777327226390366
-13.75	2.5	0.9030265023686299
-13.75	3.75	0.8783962051536527
-13.75	5.0	0.8847284101225288
-13.75	6.25	0.8943253291195408
-13.75	7.5	0.9053654292429503
-13.75	8.75	0.8962808059755378
-13.75	10.0	0.9070570659116086
-13.75	11.25	0.9153415297569669
-13.75	12.5	0.9149883963998438
-13.75	13.75	0.9752075708865426
-13.75	15.0	0.9554117743191037
-13.75	16.25	1.003446831888695
-13.75	17.5	0.9431290820746465
-13.75	18.75	0.9487435595435434
-13.75	20.0	0.9625304127605077
-13.75	21.25	0.9783853984118496
-13.75	22.5	1.0184282143215064
-13.75	23.75	0.9221478116270738
-13.75	25.0	0.936412080631067
-13.75	26.25	0.9750825688869611
-13.75	27.5	1.1118801588449214
-13.75	28.75	1.169297332516721
-13.75	30.0	1.361212312807769
-13.75	31.25	1.5445563769928805
-13.75	32.5	1.81970696539355
-13.75	33.75	1.7069603552239787
-13.75	35.0	1.044324370004838
-13.75	36.25	1.3516047234519846
-13.75	37.5	2.067562922554014
-12.5	37.5	2.3502828420402793
-12.5	36.25	1.167947721377959
-12.5	35.0	1.468110174543666
-12.5	33.75	1.7543702848709328
-12.5	32.5	1.8333037958910072
-12.5	31.25	1.4268816206627841
-12.5	30.0	1.3074675611262325
-12.5	28.75	1.1581096292907116
-12.5	27.5	1.0294323749143608
-12.5	26.25	0.9118319032542175
-12.5	25.0	0.8896872586345967
-12.5	23.75	0.9672468294262293
-12.5	22.5	0.9866408375849254
-12.5	21.25	0.9484050164872873
-12.5	20.0	0.9580449322084936
-12.5	18.75	0.9421884108691305
-12.5	17.5	1.0489083321752073
-12.5	16.25	0.965378640132327
-12.5	15.0	0.9750633653625336
-12.5	13.75	0.9548271614033759
-12.5	12.5	0.9017951854523822
-12.5	11.25	0.9258642975145968
-12.5	10.0	0.9221152914204858
-12.5	8.75	0.8870182044453738
-12.5	7.5	0.8888596274479141
-12.5	6.25	0.8907112092159633
-12.5	5.0	0.915126934074836
-12.5	3.75	0.934351833943456
-12.5	2.5	0.926113551878263
-12.5	1.25	0.93723848714514
-12.5	-0.0	0.9118589007897571
-12.5	-1.25	0.9439518138148522
-12.5	-2.5	0.9463842520493397
-12.5	-3.75	0.9449055000418163
-12.5	-5.0	0.9502924028160269
-12.5	-6.25	0.9176086141150472
-12.5	-7.5	0.8915461937689448
-12.5	-8.75	0.8546727428234835
-12.5	-10.0	0.8619594077991639
-12.5	-11.25	0.8680820995273315
-12.5	-12.5	0.8675731629917021
-12.5	-13.75	0.8574243393694267
-12.5	-15.0	0.8860608674578305
-12.5	-16.25	0.8775615613204204
-12.5	-17.5	0.843795200729315
-12.5	-18.75	0.8535929236821813
-12.5	-20.0	0.810801311269703
-12.5	21.25	0.9253592192758227
-12.5	22.5	0.9764003312150926
-12.5	23.75	0.9805210963587019
-12.5	25.0	0.8935164140612661
-12.5	26.25	0.9314991769359446
-12.5	27.5	1.0230557619040948
-12.5	28.75	1.1722860084560471
-12.5	30.0	1.3177912311878899
-12.5	31.25	1.41271893230223
-12.5	32.5	1.8093189452852254
-12.5	33.75	1.765219843981499
-12.5	35.0	1.4325085302466594
-12.5	36.25	1.1709287177397627
-12.5	37.5	2.486597863903251
-11.25	38.75	2.117570560533803
-11.25	37.5	1.9504980512958525
-11.25	36.25	1.064813465900368
-11.25	35.0	1.6637881565668522
-11.25	33.75	1.6342226106431301
-11.25	32.5	1.670268758763111
-11.25	31.25	1.372879682027853
-11.25	30.0	1.2296363139739954
-11.25	28.75	1.1529275642380057
-11.25	27.5	0.9839932925858594
-11.25	26.25	0.8943571835339403
-11.25	25.0	0.9332986447732683
-11.25	23.75	1.031336243164942
-11.25	22.5	0.9490669503939797
-11.25	21.25	0.9602547484474
-11.25	20.0	0.9547293413956286
-11.25	18.75	1.0093626729207648
-11.25	17.5	1.007753201011269
-11.25	16.25	1.0379690897586098
-11.25	15.0	0.9861722212075543
-11.25	13.75	0.9722703477617101
-11.25	12.5	0.9476668535413921
-11.25	11.25	0.9344907372751399
-11.25	10.0	0.922889988088742
-11.25	8.75	0.9171677158120337
-11.25	7.5	0.896430888375841
-11.25	6.25	0.8907482072283166
-11.25	5.0	0.8971600826655042
-11.25	3.75	0.885917523537473
-11.25	2.5	0.906161397241954
-11.25	1.25	0.8926204640286333
-11.25	-0.0	0.8749982484770822
-11.25	-1.25	0.8981226142354934
-11.25	-2.5	0.8964406103252269
-11.25	-3.75	0.9110021343185091
-11.25	-5.0	0.8846231469328352
-11.25	-6.25	0.8839659112124432
-11.25	-7.5	0.9047139556801618
-11.25	-8.75	0.8911510267516709
-11.25	-10.0	0.8880223153870572
-11.25	-11.25	0.8539551351493682
-11.25	-12.5	0.8705044300263367
-11.25	-13.75	0.8723141215732033
-11.25	-15.0	0.9259956076726379
-11.25	-16.25	0.8534647063203469
-11.25	-17.5	0.8305905026729654
-11.25	-18.75	0.850210748259399
-11.25	-20.0	0.8388890121053949
-11.25	-21.25	0.8245877245903337
-11.25	-22.5	0.8380435511071518
-11.25	-23.75	0.8812134395079099
-11.25	-25.0	0.9418664186477912
-11.25	-26.25	0.8933351984216431
-11.25	-27.5	0.8816533490131295
-11.25	-28.75	0.8953196170494673
-11.25	-30.0	1.1285895368027123
-11.25	-31.25	1.4568433803754441
-11.25	-32.5	1.4130223573642215
-11.25	-33.75	1.0645811937357337
-11.25	-35.0	0.9976269168460501
-11.25	-36.25	1.0670886021000392
-11.25	-37.5	4.999999999999998
-11.25	-38.75	2.58991608565686
-10.0	-38.75	2.6403191952207123
-10.0	-37.5	2.301582572779753
-10.0	-36.25	1.0015770008748506
-10.0	-35.0	1.0486753857255149
-10.0	-33.75	1.2182074447900524
-10.0	-32.5	1.5094710111339253
-10.0	-31.25	1.3926985854264649
-10.0	-30.0	1.0190278751310666
-10.0	-28.75	0.8983123598775062
-10.0	-27.5	0.8854523427180814
-10.0	-26.25	0.8900261627566399
-10.0	-25.0	1.008387743931082
-10.0	-23.75	0.8323302514456232
-10.0	-22.5	0.8486485132734423
-10.0	-21.25	0.8296259959890477
-10.0	-20.0	0.8513456301060094
-10.0	-18.75	0.8642813435213874
-10.0	-17.5	0.8460784561464951
-10.0	-16.25	0.8726153277152928
-10.0	-15.0	0.8621385784023268
-10.0	-13.75	0.8742040877837054
-10.0	-12.5	0.8912188408218569
-10.0	-11.25	0.8773341734946003
-10.0	-10.0	0.8599915760091212
-10.0	-8.75	0.8657511894860122
-10.0	-7.5	0.8699081920845035
-10.0	-6.25	0.8628834861139012
-10.0	-5.0	0.8814431367469862
-10.0	-3.75	0.8946462295784237
-10.0	-2.5	0.9181666861918858
-10.0	-1.25	0.8750750320732017
-10.0	0.0	0.881436628688407
-10.0	1.25	0.8867430300186712
-10.0	2.5	0.8781836898021558
-10.0	3.75	0.8844319166838162
-10.0	5.0	0.894355483899286
-10.0	6.25	0.8832356985884555
-10.0	7.5	0.8969819802699703
-10.0	8.75	0.9059116364282049
-10.0	10.0	0.90960471913864
-10.0	11.25	0.9199460681271185
-10.0	12.5	0.968571271859485
-10.0	13.75	0.9590364401862361
-10.0	15.0	0.9714877171951208
-10.0	16.25	0.9446029723247387
-10.0	17.5	0.9862400979782819
-10.0	18.75	1.0315916621931933
-10.0	20.0	0.9660970617790463
-10.0	21.25	0.9493057352785792
-10.0	22.5	0.96216737975314
-10.0	23.75	0.9893580484795805
-10.0	25.0	0.9868453794329106
-10.0	26.25	0.8682180056171926
-10.0	27.5	0.9454319903222972
-10.0	28.75	1.0871468132849227
-10.0	30.0	1.1476675854334761
-10.0	31.25	1.415357142322069
-10.0	32.5	1.5182798095791652
-10.0	33.75	1.7710122587335722
-10.0	35.0	1.638029498422732
-10.0	36.25	1.1425822173473987
-10.0	37.5	1.4528308182524308
-10.0	38.75	2.1774190832219045
-8.75	38.75	2.2320832312907335
-8.75	37.5	1.2568895325004785
-8.75	36.25	1.2915127850658292
-8.75	35.0	1.4846044041737239
-8.75	33.75	-1.744102151052882
-8.75	32.5	1.495625228658513
-8.75	31.25	1.3825778393782713
-8.75	30.0	1.1243491616769639
-8.75	28.75	1.041390977918705
-8.75	27.5	0.9060880129713365
-8.75	26.25	0.90358534488416
-8.75	25.0	1.0336673211350442
-8.75	23.75	0.9712778112039349
-8.75	22.5	0.9388488560199848
-8.75	21.25	0.9741486740760568
-8.75	20.0	0.9947301994767859
-8.75	18.75	1.007905311238071
-8.75	17.5	0.9709241000280642
-8.75	16.25	0.9614979250490325
-8.75	15.0	0.9311976202728118
-8.75	13.75	0.9261454699904714
-8.75	12.5	0.9985729628155191
-8.75	11.25	0.9458820640776082
-8.75	10.0	0.8923334468278297
-8.75	8.75	0.9057435233415978
-8.75	7.5	0.8818718193906614
-8.75	6.25	0.858184466295846
-8.75	5.0	0.8732179526521602
-8.75	3.75	0.8786187912588952
-8.75	2.5	0.8514633118313695
-8.75	1.25	0.8818980634768305
-8.75	-0.0	0.8847154015581182
-8.75	-1.25	0.8718917130221389
-8.75	-2.5	0.8805811299984914
-8.75	-3.75	0.9167462418580126
-8.75	-5.0	0.8925370502012147
-8.75	-6.25	0.8641320773957819
-8.75	-7.5	0.8575299303850166
-8.75	-8.75	0.8636479255414233
-8.75	-10.0	0.87867394016906
-8.75	-11.25	0.855457027296973
-8.75	-12.5	0.864344270339994
-8.75	-13.75	0.8901138955567225
-8.75	-15.0	0.8755088230878876
-8.75	-16.25	0.874895713209991
-8.75	-17.5	0.8518086572067229
-8.75	-18.75	0.8438879491047935
-8.75	-20.0	0.8167963306144221
-8.75	-21.25	0.8468110143502816
-8.75	-22.5	0.8463715185533625
-8.75	-23.75	0.8499494375657068
-8.75	-25.0	0.8813548348358582
-8.75	-26.25	0.9234332970515755
-8.75	-27.5	0.876695570294606
-8.75	-28.75	0.8936060048750054
-8.75	-30.0	0.9226646682037565
-8.75	-31.25	1.2818143604525023
-8.75	-32.5	1.5008351541670981
-8.75	-33.75	1.3356019733612605
-8.75	-35.0	1.1021157652254177
-8.75	-36.25	0.9876718959409843
-8.75	-37.5	1.5416311639386695
-8.75	-38.75	2.881491602919171
-7.5	-38.75	2.8431954289313115
-7.5	-37.5	1.2986473051240335
-7.5	-36.25	0.9937690897479392
-7.5	-35.0	1.124139400071562
-7.5	-33.75	1.4501464157419512
-7.5	-32.5	1.4497370827805023
-7.5	-31.25	1.1616127502729876
-7.5	-30.0	0.9162423426098041
-7.5	-28.75	0.9052619232552219
-7.5	-27.5	0.8820467036143729
-7.5	-26.25	0.9846195817675572
-7.5	-25.0	0.8670896266495216
-7.5	-23.75	0.8537025733080794
-7.5	-22.5	0.8374230678973591
-7.5	-21.25	0.8415917617333415
-7.5	-20.0	0.8305737506893269
-7.5	-18.75	0.820259048931355
-7.5	-17.5	0.8769660111694533
-7.5	-16.25	0.8837731849858068
-7.5	-15.0	0.8840081921984897
-7.5	-13.75	0.9013657608723546
-7.5	-12.5	0.8578136232471323
-7.5	-11.25	0.8671293099786936
-7.5	-10.0	0.8698721453793841
-7.5	-8.75	0.8749983408070694
-7.5	-7.5	0.8639737626290263
-7.5	-6.25	0.8577158961622988
-7.5	-5.0	0.8900429673186743
-7.5	-3.75	0.9032503730370021
-7.5	-2.5	0.8799430391064824
-7.5	-1.25	0.8726653381855503
-7.5	0.0	0.8900647634948129
-7.5	1.25	0.866761006854702
-7.5	2.5	0.8731518986416331
-7.5	3.75	0.8763320243972004
-7.5	5.0	0.870708510127832
-7.5	6.25	0.892562454859962
-7.5	7.5	0.8945650379017138
-7.5	8.75	0.9110899124406924
-7.5	10.0	0.9003526947383458
-7.5	11.25	0.9436504035287774
-7.5	12.5	0.9657437717983095
-7.5	13.75	0.936849074923626
-7.5	15.0	0.917826592498149
-7.5	16.25	0.9772662982398925
-7.5	17.5	0.9546843220540415
-7.5	18.75	0.9846773446101142
-7.5	20.0	1.0703913035104922
-7.5	21.25	0.9434092958624474
-7.5	22.5	0.9629476513547521
-7.5	23.75	0.9820170891229631
-7.5	25.0	1.0100616771319437
-7.5	26.25	0.9650872723357473
-7.5	27.5	0.887259581347509
-7.5	28.75	1.012116840811279
-7.5	30.0	1.1355799392564325
-7.5	31.25	1.3054561238717124
-7.5	32.5	1.4705033032200596
-7.5	33.75	1.7444539377481219
-7.5	35.0	1.6035338350175143
-7.5	36.25	1.4941412757123924
-7.5	37.5	1.1503778686184774
-7.5	38.75	2.4403627126764746
-6.25	40.0	2.2546219455331133
-6.25	38.75	2.2851740889930614
-6.25	37.5	1.0874108397854751
-6.25	36.25	1.5433212388605018
-6.25	35.0	1.6705396870198053
-6.25	33.75	1.683562982653676
-6.25	32.5	1.4477017510450665
-6.25	31.25	1.2313767086975824
-6.25	30.0	1.1293158931143088
-6.25	28.75	0.9760556473398001
-6.25	27.5	0.9093044063409881
-6.25	26.25	0.9840046532226276
-6.25	25.0	0.9952363484030382
-6.25	23.75	0.9743017943044139
-6.25	22.5	0.9748526333828202
-6.25	21.25	0.9746374479214559
-6.25	20.0	1.0288087986277228
-6.25	18.75	0.9950757115429241
-6.25	17.5	0.9760579666188454
-6.25	16.25	0.970020398785354
-6.25	15.0	0.9196518061257608
-6.25	13.75	0.9134154799882737
-6.25	12.5	0.9739701481580463
-6.25	11.25	0.9593755508490815
-6.25	10.0	0.8974925050725755
-6.25	8.75	0.8967244418720988
-6.25	7.5	0.8882235817931896
-6.25	6.25	0.875039300691764
-6.25	5.0	0.863839959249848
-6.25	3.75	0.8652409911430698
-6.25	2.5	0.879140917676354
-6.25	1.25	0.859536125224655
-6.25	-0.0	0.8657854243510013
-6.25	-1.25	0.8777279070191799
-6.25	-2.5	0.9114850085264559
-6.25	-3.75	0.9134524654172518
-6.25	-5.0	0.8617649739460003
-6.25	-6.25	0.8660897387140558
-6.25	-7.5	0.8646335574511932
-6.25	-8.75	0.8677761385639746
-6.25	-10.0	0.8723316664130056
-6.25	-11.25	0.8774790395490015
-6.25	-12.5	0.8700731661113226
-6.25	-13.75	0.8820800378492226
-6.25	-15.0	0.9051274971848011
-6.25	-16.25	0.8882750436871749
-6.25	-17.5	0.8459606163504674
-6.25	-18.75	0.8706469761807378
-6.25	-20.0	0.8460327642678935
-6.25	-21.25	0.8371835582354068
-6.25	-22.5	0.8436670369102259
-6.25	-23.75	0.8309539388439955
-6.25	-25.0	0.8596229418756725
-6.25	-26.25	0.9868223929634965
-6.25	-27.5	0.8915630893129833
-6.25	-28.75	0.8903912001477945
-6.25	-30.0	0.8922656829456201
-6.25	-31.25	1.0829433739307888
-6.25	-32.5	1.4373221865712038
-6.25	-33.75	1.4840488412135713
-6.25	-35.0	1.1283371404505615
-6.25	-36.25	1.0387635514186382
-6.25	-37.5	1.1589814845707336
-6.25	-38.75	4.999999999998888
-6.25	-40.0	2.546704068625144
-5.0	-40.0	2.707349591238094
-5.0	-38.75	3.055181794498841
-5.0	-37.5	1.0672094991943375
-5.0	-36.25	1.0791998653209776
-5.0	-35.0	1.18202422046219
-5.0	-33.75	1.5276626587915976
-5.0	-32.5	1.3955975539656222
-5.0	-31.25	1.006055541704301
-5.0	-30.0	0.9033807920427268
-5.0	-28.75	0.8578269119313582
-5.0	-27.5	0.9124304286667897
-5.0	-26.25	0.9412051433118513
-5.0	-25.0	0.8272422820447503
-5.0	-23.75	0.8379899767686281
-5.0	-22.5	0.8603782245400655
-5.0	-21.25	0.8463341384409828
-5.0	-20.0	0.8457392953646643
-5.0	-18.75	0.8530890989622115
-5.0	-17.5	0.8682004953366951
-5.0	-16.25	0.8810255214476284
-5.0	-15.0	0.9096490300532984
-5.0	-13.75	0.8805800946133227
-5.0	-12.5	0.8694903102839522
-5.0	-11.25	0.8943839589716855
-5.0	-10.0	0.8802608722356897
-5.0	-8.75	0.8719037227383595
-5.0	-7.5	0.8793959572000576
-5.0	-6.25	0.8611862074912864
-5.0	-5.0	0.887431034932213
-5.0	-3.75	0.9277337135909836
-5.0	-2.5	0.8981545597666374
-5.0	-1.25	0.8739701941027844
-5.0	0.0	0.8737093247489289
-5.0	1.25	0.8598652725399782
-5.0	2.5	0.8886936487923407
-5.0	3.75	0.8647310253204736
-5.0	5.0	0.8884259100350134
-5.0	6.25	0.8851179052637743
-5.0	7.5	0.894373217978929
-5.0	8.75	0.8985825506299747
-5.0	10.0	0.8936648509330176
-5.0	11.25	0.938929539555442
-5.0	12.5	0.9585300874541076
-5.0	13.75	0.9218516802316081
-5.0	15.0	0.9284937942848686
-5.0	16.25	0.9430212544215522
-5.0	17.5	0.9678335364639787
-5.0	18.75	0.9778238910673114
-5.0	20.0	0.9881038500902246
-5.0	21.25	1.0034556234140162
-5.0	22.5	0.9730478382423975
-5.0	23.75	0.991618311599682
-5.0	25.0	1.0000326965179074
-5.0	26.25	1.0735037094450215
-5.0	27.5	0.8973964911432297
-5.0	28.75	0.9779848512851217
-5.0	30.0	1.0988971192877646
-5.0	31.25	1.1764904668946183
-5.0	32.5	1.5120481887320683
-5.0	33.75	1.6306544221248682
-5.0	35.0	1.7595836753018563
-5.0	36.25	1.6591610959443095
-5.0	37.5	1.0457736027651148
-5.0	38.75	1.8225250444284562
-5.0	40.0	2.419491052579489
-3.75	40.0	2.1751766842680844
-3.75	38.75	1.6075826444570493
-3.75	37.5	1.0941914853106862
-3.75	36.25	1.6932207808061337
-3.75	35.0	1.857814979137677
-3.75	33.75	4.999995430051776
-3.75	32.5	1.5134215403279132
-3.75	31.25	1.170344761462374
-3.75	30.0	1.1204556970289028
-3.75	28.75	0.9272437684174326
-3.75	27.5	0.9003481761418053
-3.75	26.25	1.0549662159651998
-3.75	25.0	1.0213603072310669
-3.75	23.75	0.9832747554709229
-3.75	22.5	0.9781795735480445
-3.75	21.25	1.0817044301352414
-3.75	20.0	1.013909085829785
-3.75	18.75	0.9725786591535934
-3.75	17.5	0.9569936643251147
-3.75	16.25	0.9587539411207509
-3.75	15.0	0.9133526792262359
-3.75	13.75	0.938291430874072
-3.75	12.5	0.9690978277556814
-3.75	11.25	0.9638003368641144
-3.75	10.0	0.8852498210187143
-3.75	8.75	0.8904362912377115
-3.75	7.5	0.9030355536934973
-3.75	6.25	0.8923711232230591
-3.75	5.0	0.8841158076938651
-3.75	3.75	0.8667256514979211
-3.75	2.5	0.8612478186169508
-3.75	1.25	0.8399472085581916
-3.75	-0.0	0.8782776618244457
-3.75	-1.25	0.8884394382579961
-3.75	-2.5	0.8817782077583551
-3.75	-3.75	0.8907337159921678
-3.75	-5.0	0.8819310307407981
-3.75	-6.25	0.8648449539009695
-3.75	-7.5	0.8719635652292856
-3.75	-8.75	0.8825600226132702
-3.75	-10.0	0.8781997492184139
-3.75	-11.25	0.8864891870394818
-3.75	-12.5	0.8925070351287339
-3.75	-13.75	0.8774664266174685
-3.75	-15.0	0.8955569283960338
-3.75	-16.25	0.859742757787755
-3.75	-17.5	0.848343177840361
-3.75	-18.75	0.8593224087237559
-3.75	-20.0	0.8489704318851086
-3.75	-21.25	0.8322515474844705
-3.75	-22.5	0.8383120560053232
-3.75	-23.75	0.8426997614390643
-3.75	-25.0	0.8374810323206185
-3.75	-26.25	0.8951886597458127
-3.75	-27.5	0.9585837446489611
-3.75	-28.75	0.866269132855173
-3.75	-30.0	0.891877362272071
-3.75	-31.25	0.9634869141554256
-3.75	-32.5	1.3585098218430671
-3.75	-33.75	1.499448900245178
-3.75	-35.0	1.2446830928244168
-3.75	-36.25	1.1348010330989897
-3.75	-37.5	1.0470905582004768
-3.75	-38.75	3.2171890331655604
-3.75	-40.0	3.822344513090542
-2.5	-40.0	2.637401164262714
-2.5	-38.75	2.361597106712826
-2.5	-37.5	1.0028765391706953
-2.5	-36.25	1.161822001131851
-2.5	-35.0	1.2953404750583353
-2.5	-33.75	1.4958528645844353
-2.5	-32.5	1.3015266067321267
-2.5	-31.25	0.9350150032686075
-2.5	-30.0	0.889628780093437
-2.5	-28.75	0.8776671069214901
-2.5	-27.5	0.9473741397691651
-2.5	-26.25	0.876778225189617
-2.5	-25.0	0.8391887099991653
-2.5	-23.75	0.8252189942038655
-2.5	-22.5	0.8473856654656604
-2.5	-21.25	0.8260756440547112
-2.5	-20.0	0.8529208135859703
-2.5	-18.75	0.8561683166112166
-2.5	-17.5	0.8796590202041177
-2.5	-16.25	0.8670290915722836
-2.5	-15.0	0.9033362881872904
-2.5	-13.75	0.9110453060234693
-2.5	-12.5	0.9072720498342468
-2.5	-11.25	0.8725990289227763
-2.5	-10.0	0.8656923841041593
-2.5	-8.75	0.8662004709735127
-2.5	-7.5	0.8711783503821486
-2.5	-6.25	0.8793232760994059
-2.5	-5.0	0.8845314578502119
-2.5	-3.75	0.9260387342083138
-2.5	-2.5	0.924331819867831
-2.5	-1.25	0.8701203550491368
-2.5	0.0	0.8842175688857701
-2.5	1.25	0.8746842105740207
-2.5	2.5	0.8596875697429489
-2.5	3.75	0.8481504748160198
-2.5	5.0	0.8746871010592363
-2.5	6.25	0.8666893789962238
-2.5	7.5	0.867298379927095
-2.5	8.75	0.8975213342562318
-2.5	10.0	0.8762494124135038
-2.5	11.25	0.9374582086233083
-2.5	12.5	0.9428971487438531
-2.5	13.75	0.9151674479894467
-2.5	15.0	0.9249525997205268
-2.5	16.25	0.9582757932195687
-2.5	17.5	0.9675250831827498
-2.5	18.75	0.9829106443276716
-2.5	20.0	1.0155986144361995
-2.5	21.25	1.0505041547687055
-2.5	22.5	0.987363852733739
-2.5	23.75	0.9700883394569431
-2.5	25.0	1.0156616062542225
-2.5	26.25	1.0787660437897895
-2.5	27.5	0.9137548526846162
-2.5	28.75	0.905325548405739
-2.5	30.0	1.0895163151895275
-2.5	31.25	1.1610153126474785
-2.5	32.5	1.48300925791112
-2.5	33.75	1.5949862664565888
-2.5	35.0	1.9188048580717147
-2.5	36.25	1.6587584550117596
-2.5	37.5	1.0627569426531487
-2.5	38.75	1.5024454230416904
-2.5	40.0	2.383809154976781
-1.25	40.0	2.4738062048027523
-1.25	38.75	1.4755652458262958
-1.25	37.5	1.110725644401203
-1.25	36.25	1.643804519865446
-1.25	35.0	1.8720478039709674
-1.25	33.75	1.6175448306604112
-1.25	32.5	1.4608442137680102
-1.25	31.25	1.1521278597807623
-1.25	30.0	1.1082848622645773
-1.25	28.75	0.8962715472585199
-1.25	27.5	0.9290784395028764
-1.25	26.25	1.073863053529525
-1.25	25.0	0.9919694246384845
-1.25	23.75	0.9633595497693204
-1.25	22.5	0.9595571013799216
-1.25	21.25	1.0957295854893543
-1.25	20.0	1.0045773972764565
-1.25	18.75	0.9675737455716868
-1.25	17.5	0.9745664365572413
-1.25	16.25	0.9393558370435287
-1.25	15.0	0.9097882732190135
-1.25	13.75	0.9118257197084443
-1.25	12.5	0.9508246687796795
-1.25	11.25	0.9605693342173254
-1.25	10.0	0.8904980978611432
-1.25	8.75	0.8774803316826931
-1.25	7.5	0.8901090085221703
-1.25	6.25	0.8828183627923805
-1.25	5.0	0.8621879777588859
-1.25	3.75	0.8582550118881542
-1.25	2.5	0.8584347483451857
-1.25	1.25	0.8506520093530545
-1.25	-0.0	0.8559323229356597
-1.25	-1.25	0.8494972183964764
-1.25	-2.5	0.9048665249440182
-1.25	-3.75	0.9041443758281567
-1.25	-5.0	0.8923298370217037
-1.25	-6.25	0.87130492247781
-1.25	-7.5	0.8762602513498958
-1.25	-8.75	0.8803891502550947
-1.25	-10.0	0.8676501101534031
-1.25	-11.25	0.8632530956381865
-1.25	-12.5	0.9195496163620254
-1.25	-13.75	0.885041264260531
-1.25	-15.0	0.8840787526689411
-1.25	-16.25	0.8668806543132268
-1.25	-17.5	0.8504150364324943
-1.25	-18.75	0.8404788696360823
-1.25	-20.0	0.8370547597485771
-1.25	-21.25	0.8224402206023687
-1.25	-22.5	0.8377605378449893
-1.25	-23.75	0.8546461078293097
-1.25	-25.0	0.8283554713220003
-1.25	-26.25	0.878236317416885
-1.25	-27.5	0.9736274445774997
-1.25	-28.75	0.8756617303823759
-1.25	-30.0	0.8987319501695072
-1.25	-31.25	0.9285894235366623
-1.25	-32.5	1.2899532948651764
-1.25	-33.75	1.4862821131073192
-1.25	-35.0	1.3036206891773858
-1.25	-36.25	1.1657495033952916
-1.25	-37.5	1.012001020674564
-1.25	-38.75	2.235407081095814
-1.25	-40.0	2.4975826113116684
0.0	-40.0	2.9293344524181943
0.0	-38.75	2.1601369093633433
0.0	-37.5	1.0121831225322229
0.0	-36.25	1.1900533347987192
0.0	-35.0	1.3399606181522845
0.0	-33.75	1.4962519614598513
0.0	-32.5	1.2928192591164915
0.0	-31.25	0.9048104700906423
0.0	-30.0	0.8869538864116304
0.0	-28.75	0.8926742392341867
0.0	-27.5	0.9648662805211163
0.0	-26.25	0.8446153796354396
0.0	-25.0	0.838446831096431
0.0	-23.75	0.8661582169193629
0.0	-22.5	0.8306623262655979
0.0	-21.25	0.8297584968063205
0.0	-20.0	0.8639842475435184
0.0	-18.75	0.8621607896391517
0.0	-17.5	0.8717077293770528
0.0	-16.25	0.8759076378017339
0.0	-15.0	0.9043154165611824
0.0	-13.75	0.8874705640891944
0.0	-12.5	0.8925089381406668
0.0	-11.25	0.8561958520317647
0.0	-10.0	0.8893947925291457
0.0	-8.75	0.8724464809267278
0.0	-7.5	0.8840960045691881
0.0	-6.25	0.8836008308635872
0.0	-5.0	0.9026746951500915
0.0	-3.75	0.9276136863356834
0.0	-2.5	0.8920360264342815
0.0	-1.25	0.8831512684519192
0.0	0.0	0.8858620314017385
0.0	1.25	0.8698399489097506
0.0	2.5	0.853263456890236
0.0	3.75	0.8748053627340653
0.0	5.0	0.9087116725978461
0.0	6.25	0.9014828271833331
0.0	7.5	0.8809518645555015
0.0	8.75	0.8903057577399744
0.0	10.0	0.8790051754094543
0.0	11.25	0.9258084503581845
0.0	12.5	0.9544341994630656
0.0	13.75	0.9182173854198536
0.0	15.0	0.919706987727964
0.0	16.25	0.9693045620148011
0.0	17.5	0.9604809451385972
0.0	18.75	0.9652468591201284
0.0	20.0	1.0124704615639013
0.0	21.25	1.0730704861161664
0.0	22.5	0.954425166897356
0.0	23.75	1.0019296564488398
0.0	25.0	1.004037693617656
0.0	26.25	1.058284162472825
0.0	27.5	0.9187840597302221
0.0	28.75	0.9220207102066063
0.0	30.0	1.0944930205543946
0.0	31.25	1.1550935058070424
0.0	32.5	1.4538329512766826
0.0	33.75	1.5785550946075784
0.0	35.0	1.895622480848358
0.0	36.25	1.6443982433747903
0.0	37.5	1.1181476305143008
0.0	38.75	1.4260321769031856
0.0	40.0	2.698194635378366
1.25	40.0	2.453151894979926
1.25	38.75	1.4595344301896898
1.25	37.5	1.1106954337149313
1.25	36.25	1.6325543461904948
1.25	35.0	1.882760986083336
1.25	33.75	1.6064336956105283
1.25	32.5	1.4827279965230975
1.25	31.25	1.1512639824499438
1.25	30.0	1.1041265796407895
1.25	28.75	0.9188593060942729
1.25	27.5	0.912676637881523
1.25	26.25	1.1095416145165826
1.25	25.0	1.0139502219634373
1.25	23.75	0.9960406974880858
1.25	22.5	0.9751083517420405
1.25	21.25	1.0508570359762324
1.25	20.0	0.9954621543125954
1.25	18.75	0.9791664578822479
1.25	17.5	0.9593919838310141
1.25	16.25	0.9672431272379489
1.25	15.0	0.8978744611711118
1.25	13.75	0.9133662996857446
1.25	12.5	0.9754154444106558
1.25	11.25	0.9500368374829185
1.25	10.0	0.8718029580836788
1.25	8.75	0.8839941981417354
1.25	7.5	0.872924485613515
1.25	6.25	0.8834609989670819
1.25	5.0	0.893493473430814
1.25	3.75	0.8708077967907935
1.25	2.5	0.8857115684966645
1.25	1.25	0.8825208169748784
1.25	-0.0	0.8720090197571171
1.25	-1.25	0.8858677773832078
1.25	-2.5	0.9297599455319636
1.25	-3.75	0.9279000311009291
1.25	-5.0	0.9080380340429093
1.25	-6.25	0.8727550885079776
1.25	-7.5	0.8633481167345298
1.25	-8.75	0.8979548522925471
1.25	-10.0	0.8671751048579885
1.25	-11.25	0.8527762341162681
1.25	-12.5	0.9254477336142743
1.25	-13.75	0.8967734271214596
1.25	-15.0	0.8982860323552986
1.25	-16.25	0.8721489757153211
1.25	-17.5	0.8622304990938066
1.25	-18.75	0.8447959061754728
1.25	-20.0	0.8645950267221174
1.25	-21.25	0.806684566367398
1.25	-22.5	0.8323833769243629
1.25	-23.75	0.8500821774704939
1.25	-25.0	0.8220792120220333
1.25	-26.25	0.8721668213844165
1.25	-27.5	0.9252941817503038
1.25	-28.75	0.8898803274324951
1.25	-30.0	0.8884002226782597
1.25	-31.25	0.9087341146359238
1.25	-32.5	1.2950503617845008
1.25	-33.75	1.4903412010654984
1.25	-35.0	1.317552787599217
1.25	-36.25	1.162138466658945
1.25	-37.5	1.0171750773418964
1.25	-38.75	2.308303244547492
1.25	-40.0	2.6601442223735887
2.5	-40.0	2.6935262958497823
2.5	-38.75	2.492606497191659
2.5	-37.5	1.0307287972203882
2.5	-36.25	1.1416702384229938
2.5	-35.0	1.2707691294133836
2.5	-33.75	1.4802992510405133
2.5	-32.5	1.3114354976125178
2.5	-31.25	0.9138791655325225
2.5	-30.0	0.9133943341193049
2.5	-28.75	0.866842338268297
2.5	-27.5	0.9538287352760761
2.5	-26.25	0.8626543302471035
2.5	-25.0	0.8274634625917168
2.5	-23.75	0.8563490039690969
2.5	-22.5	0.8366898534782949
2.5	-21.25	0.8368938366720684
2.5	-20.0	0.8606751378849982
2.5	-18.75	0.8714550913598629
2.5	-17.5	0.8649969483544497
2.5	-16.25	0.8753029853737342
2.5	-15.0	0.8938897514900042
2.5	-13.75	0.8978435681912327
2.5	-12.5	0.9037399852982997
2.5	-11.25	0.882881252733398
2.5	-10.0	0.8493212572328055
2.5	-8.75	0.8780763482249165
2.5	-7.5	0.87048937483139
2.5	-6.25	0.8642139491177492
2.5	-5.0	0.8852339601410293
2.5	-3.75	0.9127604646039007
2.5	-2.5	0.8960066955920629
2.5	-1.25	0.8800377932417627
2.5	0.0	0.8686952476060448
2.5	1.25	0.8719986137895646
2.5	2.5	0.8731253811102304
2.5	3.75	0.8569747882883236
2.5	5.0	0.88673261302716
2.5	6.25	0.8917240784949723
2.5	7.5	0.8558992006205219
2.5	8.75	0.8877175216212443
2.5	10.0	0.8973463027883746
2.5	11.25	0.9174967581508939
2.5	12.5	0.9630907062517178
2.5	13.75	0.9266811510989044
2.5	15.0	0.9149518131752981
2.5	16.25	0.9584891825204878
2.5	17.5	0.9928571973278686
2.5	18.75	0.9657799062826111
2.5	20.0	1.013794612099936
2.5	21.25	1.1061616708071975
2.5	22.5	0.942914977265862
2.5	23.75	1.014244278235581
2.5	25.0	1.0035910447606398
2.5	26.25	1.079425445149087
2.5	27.5	0.9207613791419877
2.5	28.75	0.9237071409557585
2.5	30.0	1.11309352198107
2.5	31.25	1.1239015887758006
2.5	32.5	1.4813987516367488
2.5	33.75	1.6248087062045862
2.5	35.0	1.8959689120928864
2.5	36.25	1.7176914598477877
2.5	37.5	1.0969109710113152
2.5	38.75	1.5008081276268959
2.5	40.0	2.6883176196171927
3.75	40.0	2.7971835584516747
3.75	38.75	1.6078018827269238
3.75	37.5	1.0523624802419338
3.75	36.25	1.6821470462178816
3.75	35.0	1.8098651385181324
3.75	33.75	1.6133471051044443
3.75	32.5	1.5026103344779855
3.75	31.25	1.1222857727733189
3.75	30.0	1.1155067696010503
3.75	28.75	0.8951033814490392
3.75	27.5	0.9309252903211318
3.75	26.25	1.0398850180484942
3.75	25.0	1.0157252389372324
3.75	23.75	0.9813026764407731
3.75	22.5	0.9504471705321453
3.75	21.25	0.9840459884998598
3.75	20.0	1.0352718528004026
3.75	18.75	0.982996375588348
3.75	17.5	0.9909473554131862
3.75	16.25	0.9816999897155707
3.75	15.0	0.9476266087761438
3.75	13.75	0.9058828983580716
3.75	12.5	0.9564387974372011
3.75	11.25	0.9486015465128039
3.75	10.0	0.8766782972459266
3.75	8.75	0.8951760868703538
3.75	7.5	0.8953058559030254
3.75	6.25	0.8729113138523727
3.75	5.0	0.8891945191657582
3.75	3.75	0.8566146294045396
3.75	2.5	0.8813956438954582
3.75	1.25	0.8658965904323406
3.75	-0.0	0.8837613236226112
3.75	-1.25	0.873586847249836
3.75	-2.5	0.9156388068805015
3.75	-3.75	0.8869945392078895
3.75	-5.0	0.8846738456348096
3.75	-6.25	0.8752952804164957
3.75	-7.5	0.8564564849141938
3.75	-8.75	0.8562224897088733
3.75	-10.0	0.8811318311964156
3.75	-11.25	0.8670281798779556
3.75	-12.5	0.8881472972221403
3.75	-13.75	0.8990197856170914
3.75	-15.0	0.9174643882028501
3.75	-16.25	0.8716850839344925
3.75	-17.5	0.8681201622215458
3.75	-18.75	0.8523470209436912
3.75	-20.0	0.8404219462498785
3.75	-21.25	0.830523239639418
3.75	-22.5	0.837752375766387
3.75	-23.75	0.8263228759123784
3.75	-25.0	0.8281531456786002
3.75	-26.25	0.9013666598479393
3.75	-27.5	0.9200244569704434
3.75	-28.75	0.8891096993841474
3.75	-30.0	0.8898762416982517
3.75	-31.25	0.9471727077919958
3.75	-32.5	1.3563346262578833
3.75	-33.75	1.5255159861370169
3.75	-35.0	1.2178854030450488
3.75	-36.25	1.1157942284543543
3.75	-37.5	1.0537991212054507
3.75	-38.75	2.398399177390039
3.75	-40.0	2.763759360639871
5.0	-40.0	2.7156873256787772
5.0	-38.75	3.8509053144528664
5.0	-37.5	1.0302687449675174
5.0	-36.25	1.0867618147685771
5.0	-35.0	1.178795282028271
5.0	-33.75	1.4828167658459517
5.0	-32.5	1.414595316238934
5.0	-31.25	0.9629802535254335
5.0	-30.0	0.8799406050866061
5.0	-28.75	0.871515624104477
5.0	-27.5	0.9092564652303725
5.0	-26.25	0.9872231332633588
5.0	-25.0	0.8401703061737607
5.0	-23.75	0.831291188237568
5.0	-22.5	0.8411714544282445
5.0	-21.25	0.829913080846266
5.0	-20.0	0.842320895285785
5.0	-18.75	0.8609898494068213
5.0	-17.5	0.8845437973866357
5.0	-16.25	0.873900358525618
5.0	-15.0	0.9047533060284918
5.0	-13.75	0.890168849824553
5.0	-12.5	0.8592578309609502
5.0	-11.25	0.8880852377425006
5.0	-10.0	0.8718593135783141
5.0	-8.75	0.8720661405010119
5.0	-7.5	0.8525408545297406
5.0	-6.25	0.8669192927853766
5.0	-5.0	0.8893091127059627
5.0	-3.75	0.9053532765977774
5.0	-2.5	0.8882739589520314
5.0	-1.25	0.866313813032642
5.0	0.0	0.8677799744838399
5.0	1.25	0.8489555908922082
5.0	2.5	0.8786238527894579
5.0	3.75	0.8667053951217563
5.0	5.0	0.8587249005918016
5.0	6.25	0.8915085669500735
5.0	7.5	0.8862651247603264
5.0	8.75	0.8977248594777816
5.0	10.0	0.8812450736745117
5.0	11.25	0.9615139183360917
5.0	12.5	0.967209347483486
5.0	13.75	0.916710199718179
5.0	15.0	0.9113716884043797
5.0	16.25	0.972575788459638
5.0	17.5	0.978208989204159
5.0	18.75	0.9840325765839042
5.0	20.0	1.0479303251953827
5.0	21.25	1.0049316266400528
5.0	22.5	0.9991218682907004
5.0	23.75	0.9660077125535418
5.0	25.0	1.0059977369011897
5.0	26.25	1.008261320764218
5.0	27.5	0.9064412202003558
5.0	28.75	0.9284657747743328
5.0	30.0	1.1326717611901032
5.0	31.25	1.0754046223528313
5.0	32.5	1.5086874165907203
5.0	33.75	1.615472832359437
5.0	35.0	1.7477680033313607
5.0	36.25	1.6492003368194963
5.0	37.5	1.0535895137086149
5.0	38.75	1.8808752145050045
5.0	40.0	2.511060659627658
6.25	40.0	2.8765195091646145
6.25	38.75	2.404880134687275
6.25	37.5	1.0802804506990906
6.25	36.25	1.6034456626887348
6.25	35.0	1.7031897823257474
6.25	33.75	1.6830362197360307
6.25	32.5	1.5188114662400558
6.25	31.25	1.1223907429123443
6.25	30.0	1.1223421982576456
6.25	28.75	0.9391580132789095
6.25	27.5	0.8804455433805938
6.25	26.25	0.9613810282318749
6.25	25.0	1.0377081143546398
6.25	23.75	0.9633324686975664
6.25	22.5	0.9874580646520634
6.25	21.25	0.911043496918019
6.25	20.0	1.0715614096581625
6.25	18.75	0.990090656004984
6.25	17.5	0.9818582648379204
6.25	16.25	0.9570435494945002
6.25	15.0	0.9015613834014875
6.25	13.75	0.9119527089522137
6.25	12.5	0.975829086833321
6.25	11.25	0.9601035304061778
6.25	10.0	0.8938128796943126
6.25	8.75	0.8944687622088754
6.25	7.5	0.8773812763896345
6.25	6.25	0.8735600227439377
6.25	5.0	0.8603922594776714
6.25	3.75	0.8677462725760261
6.25	2.5	0.8636446310676611
6.25	1.25	0.8465485790311789
6.25	-0.0	0.8623571212623027
6.25	-1.25	0.8793096136556517
6.25	-2.5	0.8989097095347596
6.25	-3.75	0.8943512657811787
6.25	-5.0	0.8973101236720371
6.25	-6.25	0.8545425983295605
6.25	-7.5	0.8712907843131816
6.25	-8.75	0.8518589377601877
6.25	-10.0	0.8740439583064044
6.25	-11.25	0.8718596641323106
6.25	-12.5	0.8620996451218232
6.25	-13.75	0.8687576171041291
6.25	-15.0	0.8884055490283727
6.25	-16.25	0.8661182777397967
6.25	-17.5	0.8706135957470877
6.25	-18.75	0.8711888688826885
6.25	-20.0	0.8350049339646155
6.25	-21.25	0.8289818471027566
6.25	-22.5	0.852136546095922
6.25	-23.75	0.8274938356077506
6.25	-25.0	0.8400502525362574
6.25	-26.25	1.0574434282896288
6.25	-27.5	0.8857079722702537
6.25	-28.75	0.8748492109571497
6.25	-30.0	0.8779427494315959
6.25	-31.25	1.051344297558928
6.25	-32.5	1.4348392167808814
6.25	-33.75	1.469307918913982
6.25	-35.0	1.1267134576853959
6.25	-36.25	1.0447750536780012
6.25	-37.5	1.122474204503586
6.25	-38.75	4.677423472252231
6.25	-40.0	2.2925463117663236
7.5	-38.75	4.9999999999989555
7.5	-37.5	1.1648432409764293
7.5	-36.25	0.9839107174586257
7.5	-35.0	1.1362379720193019
7.5	-33.75	1.4337706498418212
7.5	-32.5	1.4664281183732486
7.5	-31.25	1.1258924804257608
7.5	-30.0	0.8921695827117926
7.5	-28.75	0.875772559090886
7.5	-27.5	0.8609131199496076
7.5	-26.25	0.9747959037788236
7.5	-25.0	0.8537053613729926
7.5	-23.75	0.8383587274342341
7.5	-22.5	0.8185607017590302
7.5	-21.25	0.8251295841686588
7.5	-20.0	0.858439463711588
7.5	-18.75	0.8434181088402806
7.5	-17.5	0.8627552430597083
7.5	-16.25	0.8727305204275275
7.5	-15.0	0.8813659012698318
7.5	-13.75	0.8676260958351918
7.5	-12.5	0.8660979489844003
7.5	-11.25	0.8660857306430092
7.5	-10.0	0.8764734322811147
7.5	-8.75	0.8624012212934904
7.5	-7.5	0.8552857776458094
7.5	-6.25	0.8567125044522879
7.5	-5.0	0.8503396581582461
7.5	-3.75	0.927093178587266
7.5	-2.5	0.8939628054194451
7.5	-1.25	0.87136265126576
7.5	0.0	0.8714322055023942
7.5	1.25	0.8619546524537451
7.5	2.5	0.8739820236529514
7.5	3.75	0.8646838399181203
7.5	5.0	0.8795511455062357
7.5	6.25	0.8773442107955152
7.5	7.5	0.8840379651160646
7.5	8.75	0.896941252497748
7.5	10.0	0.8800803675618845
7.5	11.25	0.916610439550051
7.5	12.5	0.9323677324148409
7.5	13.75	0.9361048827280714
7.5	15.0	0.9366321234196384
7.5	16.25	0.9533793833482118
7.5	17.5	0.9555953733168483
7.5	18.75	1.023477048273489
7.5	20.0	1.0097973918178234
7.5	21.25	0.9515272296553974
7.5	22.5	0.9656323202242483
7.5	23.75	0.9995939771972981
7.5	25.0	1.0844865549203808
7.5	26.25	0.9400625445786028
7.5	27.5	0.8795183999427367
7.5	28.75	1.0563046253738566
7.5	30.0	1.0592972106597989
7.5	31.25	1.169204601434803
7.5	32.5	1.4923970157604636
7.5	33.75	1.776618579961939
7.5	35.0	1.7001646488079878
7.5	36.25	1.4735024196416093
7.5	37.5	1.103716362870819
7.5	38.75	3.2545960371974534
8.75	38.75	2.7648282739487833
8.75	37.5	1.220000807536568
8.75	36.25	1.3037245849292063
8.75	35.0	1.5548710268094474
8.75	33.75	1.8557223074728117
8.75	32.5	1.5563196639221406
8.75	31.25	1.2917606967160742
8.75	30.0	0.984281172974236
8.75	28.75	1.05369260360228
8.75	27.5	0.8819343946207967
8.75	26.25	0.9022085445171326
8.75	25.0	1.0356146123048564
8.75	23.75	0.987303870457767
8.75	22.5	0.9850565542469072
8.75	21.25	0.9850008800969432
8.75	20.0	0.9620469441279305
8.75	18.75	1.0405819125657487
8.75	17.5	0.9957911933347869
8.75	16.25	0.9425029240272673
8.75	15.0	0.9353250394058019
8.75	13.75	0.9149898732287509
8.75	12.5	0.9208042198115969
8.75	11.25	0.9130272839156355
8.75	10.0	0.9109245605332035
8.75	8.75	0.9080871474272776
8.75	7.5	0.892405796079796
8.75	6.25	0.9030900096546297
8.75	5.0	0.8811550788212532
8.75	3.75	0.8776484509299829
8.75	2.5	0.8763615923751598
8.75	1.25	0.8856176564698517
8.75	-0.0	0.8712665263970356
8.75	-1.25	0.8609408873986073
8.75	-2.5	0.8863636043655463
8.75	-3.75	0.891773385819068
8.75	-5.0	0.8826497042443107
8.75	-6.25	0.8434783793131757
8.75	-7.5	0.8545111171598228
8.75	-8.75	0.8725047527181973
8.75	-10.0	0.8458145339298309
8.75	-11.25	0.8800045271145169
8.75	-12.5	0.8419523314524788
8.75	-13.75	0.8641660395086834
8.75	-15.0	0.9073573016241321
8.75	-16.25	0.872992326696532
8.75	-17.5	0.8814477239242793
8.75	-18.75	0.8318847275826267
8.75	-20.0	0.8101093250102709
8.75	-21.25	0.8426123539427692
8.75	-22.5	0.8461911456846858
8.75	-23.75	0.8363854144085998
8.75	-25.0	0.8840730260744811
8.75	-26.25	0.9368465495284468
8.75	-27.5	0.8639657988974996
8.75	-28.75	0.8765017280231167
8.75	-30.0	0.9110543502060997
8.75	-31.25	1.2368739864717693
8.75	-32.5	1.5159813880277717
8.75	-33.75	1.3361142225883853
8.75	-35.0	1.0991527917913064
8.75	-36.25	0.9815979471454277
8.75	-37.5	1.3739908724664884
8.75	-38.75	4.7749653436325445
10.0	-38.75	3.128098076054407
10.0	-37.5	1.8817762652221504
10.0	-36.25	0.982216930961509
10.0	-35.0	1.0602929177529488
10.0	-33.75	1.1857333576619205
10.0	-32.5	1.545684524206889
10.0	-31.25	1.4085614016357546
10.0	-30.0	0.9770991687331243
10.0	-28.75	0.8751355692708955
10.0	-27.5	0.8818715839768698
10.0	-26.25	0.892857606243183
10.0	-25.0	1.0182427917796861
10.0	-23.75	0.8441375644783236
10.0	-22.5	0.8356738842040379
10.0	-21.25	0.8163878031217138
10.0	-20.0	0.8134850432959295
10.0	-18.75	0.8873810292287203
10.0	-17.5	0.8306588468891896
10.0	-16.25	0.8584170604819477
10.0	-15.0	0.8784060875616797
10.0	-13.75	0.8673418743290391
10.0	-12.5	0.8644972684087824
10.0	-11.25	0.8663379276514869
10.0	-10.0	0.8762898993625976
10.0	-8.75	0.8682512262443476
10.0	-7.5	0.8944623442639008
10.0	-6.25	0.8865810633450213
10.0	-5.0	0.879451580609711
10.0	-3.75	0.9030108776126253
10.0	-2.5	0.9176327262943911
10.0	-1.25	0.892515322382117
10.0	0.0	0.9039200676824874
10.0	1.25	0.9111499642050003
10.0	2.5	0.9230266271272924
10.0	3.75	0.9027844000729104
10.0	5.0	0.9049643555588718
10.0	6.25	0.9084007337104456
10.0	7.5	0.9028015561710321
10.0	8.75	0.9153122018560191
10.0	10.0	0.9068392945174182
10.0	11.25	0.9080870778239962
10.0	12.5	0.9473835808491096
10.0	13.75	0.9365964611168573
10.0	15.0	0.9424095331293616
10.0	16.25	1.0513324358628298
10.0	17.5	1.0442881919551228
10.0	18.75	1.0574865868458518
10.0	20.0	0.9365289063738702
10.0	21.25	0.9694164298261052
10.0	22.5	0.9567120478968727
10.0	23.75	1.0232739813052731
10.0	25.0	0.9684645281415536
10.0	26.25	0.9022673789963784
10.0	27.5	0.8975448650099356
10.0	28.75	1.0882542931142716
10.0	30.0	1.0062120364449374
10.0	31.25	1.4389899771909276
10.0	32.5	1.5713074553182649
10.0	33.75	1.8352978909225577
10.0	35.0	1.714667393939572
10.0	36.25	1.0867305753766967
10.0	37.5	1.4366485470354426
10.0	38.75	2.919273858656604
11.25	38.75	3.133108860094616
11.25	37.5	1.821122616159779
11.25	36.25	1.0385300856756787
11.25	35.0	1.6922154067748316
11.25	33.75	1.6819382451408673
11.25	32.5	-1.6545762863664146
11.25	31.25	1.4631607255183843
11.25	30.0	1.0931385137020957
11.25	28.75	1.015392710812204
11.25	27.5	1.0236785404415505
11.25	26.25	0.9244341061186043
11.25	25.0	0.9160959939178532
11.25	23.75	1.0521014270568347
11.25	22.5	0.9674265786590039
11.25	21.25	0.9777362915051926
11.25	20.0	0.9429872137159503
11.25	18.75	0.9588331857100094
11.25	17.5	1.049063430642276
11.25	16.25	1.0443987051392423
11.25	15.0	0.9710879899766329
11.25	13.75	0.9818868127568425
11.25	12.5	0.9820548304990453
11.25	11.25	0.9500922805695051
11.25	10.0	0.9571796406272881
11.25	8.75	0.9251824236584927
11.25	7.5	0.8973424985694267
11.25	6.25	0.8875014238293382
11.25	5.0	0.9076136558418462
11.25	3.75	0.9171986926424225
11.25	2.5	0.8867607672791067
11.25	1.25	0.9310681547520927
11.25	-0.0	0.9186470492675367
11.25	-1.25	0.9011679293317973
11.25	-2.5	0.9309996698813112
11.25	-3.75	0.8981795356193469
11.25	-5.0	0.8894860578273249
11.25	-6.25	0.880119592134645
11.25	-7.5	0.8530988675431583
11.25	-8.75	0.8602897605668449
11.25	-10.0	0.8557447269624525
11.25	-11.25	0.8421850151494255
11.25	-12.5	0.8731155149750744
11.25	-13.75	0.8643615567107332
11.25	-15.0	0.8786658040032265
11.25	-16.25	0.8729472506553844
11.25	-17.5	0.8742259579717038
11.25	-18.75	0.8456011292741783
11.25	-20.0	0.833548195652738
11.25	-21.25	0.82925765455093
11.25	-22.5	0.8199507254189475
11.25	-23.75	0.8673512594113264
11.25	-25.0	0.9068440791462553
11.25	-26.25	0.8500767975597139
11.25	-27.5	0.8691579900753315
11.25	-28.75	0.8808112124839678
11.25	-30.0	1.1107630755554698
11.25	-31.25	1.5018497073695851
11.25	-32.5	1.490333221968144
11.25	-33.75	1.065629227971698
11.25	-35.0	0.9959027212435299
11.25	-36.25	1.0164170436235986
11.25	-37.5	4.026408881983057
11.25	-38.75	2.563425960274741
12.5	-37.5	3.2517870371890805
12.5	-36.25	1.1002548816350144
12.5	-35.0	0.9364323718328205
12.5	-33.75	1.0352865918255452
12.5	-32.5	1.3520321659026378
12.5	-31.25	1.5327567154950161
12.5	-30.0	1.311366099389816
12.5	-28.75	0.9256649998743267
12.5	-27.5	0.8786828431958789
12.5	-26.25	0.8741820711958272
12.5	-25.0	0.8960860469111083
12.5	-23.75	1.0104562012986609
12.5	-22.5	0.8341624478103604
12.5	-21.25	0.8242873273239741
12.5	-20.0	0.8401275619148798
12.5	-18.75	0.8352408656259911
12.5	-17.5	0.8753876726637886
12.5	-16.25	0.8417950570583299
12.5	-15.0	0.85550067015593
12.5	-13.75	0.8607734350808149
12.5	-12.5	0.8614864454804163
12.5	-11.25	0.8847242221738103
12.5	-10.0	0.8938796620408107
12.5	-8.75	0.8409650064058436
12.5	-7.5	0.864831426290273
12.5	-6.25	0.8636873025637186
12.5	-5.0	0.892427279891578
12.5	-3.75	0.8676696903006285
12.5	-2.5	0.8731756901288517
12.5	-1.25	0.870993041811527
12.5	0.0	0.8936611182170227
12.5	1.25	0.9294410065361252
12.5	2.5	0.904582449650631
12.5	3.75	0.8863141078163705
12.5	5.0	0.874119734828672
12.5	6.25	0.8882726607238753
12.5	7.5	0.8899245647887515
12.5	8.75	0.9163464222008058
12.5	10.0	0.9069825589161145
12.5	11.25	0.9208575016066796
12.5	12.5	0.9563091801092005
12.5	13.75	0.9748093098499151
12.5	15.0	0.9984057939119593
12.5	16.25	1.0449731618223312
12.5	17.5	1.0153641968703404
12.5	18.75	0.9371530604372591
12.5	20.0	1.009539609014296
12.5	21.25	1.0153605070680873
12.5	22.5	1.0259358680019783
12.5	23.75	0.9738669307979197
12.5	25.0	0.8749948719679823
12.5	26.25	0.895758832617803
12.5	27.5	1.0881290824766365
12.5	28.75	0.9225833222710111
12.5	30.0	1.2671097976332142
12.5	31.25	1.4459246568991446
12.5	32.5	1.8255223555499498
12.5	33.75	1.800778682205351
12.5	35.0	1.474201470208003
12.5	36.25	1.1443473495977887
12.5	37.5	3.020288360168408
13.75	37.5	2.574630826867617
13.75	36.25	1.3376594334359213
13.75	35.0	1.146182989076113
13.75	33.75	1.8372810214768585
13.75	32.5	1.7975937975571288
13.75	31.25	1.552086197845453
13.75	30.0	1.4422718844627038
13.75	28.75	1.0012283212450166
13.75	27.5	1.045990338560065
13.75	26.25	0.9839860905386768
13.75	25.0	0.8689386435349409
13.75	23.75	0.9285849402085677
13.75	22.5	1.0000123685848443
13.75	21.25	0.987682240617004
13.75	20.0	0.987048882408633
13.75	18.75	0.9730076883094245
13.75	17.5	0.9358227232747911
13.75	16.25	1.0379462404353017
13.75	15.0	0.9999676668535677
13.75	13.75	0.9545595916472562
13.75	12.5	0.9764191193060876
13.75	11.25	0.9462229640203894
13.75	10.0	0.9107289912293286
13.75	8.75	0.9115558213123309
13.75	7.5	0.9085993623946269
13.75	6.25	0.8956335250704548
13.75	5.0	0.919602255317626
13.75	3.75	0.8883933765482208
13.75	2.5	0.907882363528203
13.75	1.25	0.9058272798293654
13.75	-0.0	0.86972816907124
13.75	-1.25	0.8715891192039837
13.75	-2.5	0.856443882140514
13.75	-3.75	0.8578126387487366
13.75	-5.0	0.8591458445728684
13.75	-6.25	0.8746087962198885
13.75	-7.5	0.872667392050154
13.75	-8.75	0.8637198194294626
13.75	-10.0	0.844237018259923
13.75	-11.25	0.863078713607413
13.75	-12.5	0.862046139043863
13.75	-13.75	0.8781089049281467
13.75	-15.0	0.8442189370549951
13.75	-16.25	0.8837865834648699
13.75	-17.5	0.8341880942272848
13.75	-18.75	0.8386173437342492
13.75	-20.0	0.833065309621821
13.75	-21.25	0.8308536388346965
13.75	-22.5	0.8719410383976989
13.75	-23.75	0.9678042072141029
13.75	-25.0	0.8741619007512398
13.75	-26.25	0.8982413154762048
13.75	-27.5	0.8567467164511147
13.75	-28.75	1.051827315524278
13.75	-30.0	1.4566859898577889
13.75	-31.25	1.5261971180086888
13.75	-32.5	1.1242845285706498
13.75	-33.75	1.013933675772317
13.75	-35.0	0.9560039690186564
13.75	-36.25	1.4412289262261861
13.75	-37.5	2.7978871719739464
15.0	-37.5	2.6990580580850034
15.0	-36.25	2.4457412679472545
15.0	-35.0	0.9594150755196118
15.0	-33.75	0.9434846550601055
15.0	-32.5	1.0091553344978923
15.0	-31.25	1.3901359730696932
15.0	-30.0	1.511760828079833
15.0	-28.75	1.2882043643690855
15.0	-27.5	0.9066664125438137
15.0	-26.25	0.8590357775761079
15.0	-25.0	0.8729788231769584
15.0	-23.75	0.8746583169407458
15.0	-22.5	0.9128529908223424
15.0	-21.25	0.8776892152860949
15.0	-20.0	0.8268604190986366
15.0	-18.75	0.8163162956591288
15.0	-17.5	0.851665990723073
15.0	-16.25	0.859639998840934
15.0	-15.0	0.8970739076650052
15.0	-13.75	0.8637724193424443
15.0	-12.5	0.8799487253512384
15.0	-11.25	0.8624786815945011
15.0	-10.0	0.8924727887553816
15.0	-8.75	0.9183944798069552
15.0	-7.5	0.8950397815137654
15.0	-6.25	0.9035472042184445
15.0	-5.0	0.913009404802442
15.0	-3.75	0.916236954458375
15.0	-2.5	0.9244977952737434
15.0	-1.25	0.9298359128704003
15.0	0.0	0.9348523548369041
15.0	1.25	0.9568627178559055
15.0	2.5	0.9516863391543158
15.0	3.75	0.955241286753461
15.0	5.0	0.9012502194282614
15.0	6.25	0.9171898912793637
15.0	7.5	0.9153269861774422
15.0	8.75	0.9726079200298496
15.0	10.0	0.9645825551038101
15.0	11.25	0.9346157459986815
15.0	12.5	0.9783463176528624
15.0	13.75	0.9572088605378726
15.0	15.0	1.023912153348653
15.0	16.25	0.9261207936185443
15.0	17.5	0.9291444686439556
15.0	18.75	0.9795615059762772
15.0	20.0	0.9679468232711708
15.0	21.25	1.0469387160321908
15.0	22.5	0.9460694364121576
15.0	23.75	0.8841416258539772
15.0	25.0	0.8486188238685335
15.0	26.25	1.0150115435987388
15.0	27.5	0.9708580293299303
15.0	28.75	1.198697024234919
15.0	30.0	1.408312044610902
15.0	31.25	1.7868713171207187
15.0	32.5	1.653083537666432
15.0	33.75	1.6775811287815046
15.0	35.0	1.0329360333010396
15.0	36.25	2.0389858935428364
15.0	37.5	2.9887599080730745
16.25	36.25	3.2265555356443496
16.25	35.0	1.1898874991593615
16.25	33.75	1.0270222808423224
16.25	32.5	1.789767316276225
16.25	31.25	1.8292429416737193
16.25	30.0	1.5171534608323611
16.25	28.75	1.395803384586749
16.25	27.5	1.011891962242828
16.25	26.25	1.010954259506942
16.25	25.0	0.9644745859663502
16.25	23.75	0.86544240447299
16.25	22.5	0.8983870439775332
16.25	21.25	1.0075172706568711
16.25	20.0	0.9817852264593991
16.25	18.75	0.990790431673342
16.25	17.5	0.9497494943570643
16.25	16.25	0.9139640928986541
16.25	15.0	0.9211001599407691
16.25	13.75	1.0142572283595843
16.25	12.5	0.9783660148687465
16.25	11.25	0.9654795305643917
16.25	10.0	0.9247542844128853
16.25	8.75	0.9275603485248265
16.25	7.5	0.9308665197684522
16.25	6.25	0.9132471480533502
16.25	5.0	0.913945789993531
16.25	3.75	0.9771334342441733
16.25	2.5	1.0037338712155384
16.25	1.25	0.9635938672485187
16.25	-0.0	0.9739972321927572
16.25	-1.25	0.9618483578009513
16.25	-2.5	0.9486544898123119
16.25	-3.75	0.9465276614571678
16.25	-5.0	0.9218849784743819
16.25	-6.25	0.9286847664412798
16.25	-7.5	0.9273743614682894
16.25	-8.75	0.9363631771090564
16.25	-10.0	0.9167541447847691
16.25	-11.25	0.8652830110183292
16.25	-12.5	0.8655016720481923
16.25	-13.75	0.8745776405892691
16.25	-15.0	0.8653238717437333
16.25	-16.25	0.8528525917188512
16.25	-17.5	0.8337993184367747
16.25	-18.75	0.8307184164919583
16.25	-20.0	0.856106957142635
16.25	-21.25	0.8761995094990427
16.25	-22.5	0.8751082065251055
16.25	-23.75	0.9387069132543182
16.25	-25.0	0.8648567015288675
16.25	-26.25	0.8707109857776363
16.25	-27.5	1.078721369032528
16.25	-28.75	1.4262705398000204
16.25	-30.0	1.472589044366317
16.25	-31.25	1.121713264003212
16.25	-32.5	0.9883866328465354
16.25	-33.75	0.9469837516371378
16.25	-35.0	1.0718269631005644
16.25	-36.25	3.6496757141103267
17.5	-36.25	3.5578203808623243
17.5	-35.0	1.6166635348690779
17.5	-33.75	0.9704264527332143
17.5	-32.5	0.907915441959803
17.5	-31.25	0.994459040196717
17.5	-30.0	1.3348822235920554
17.5	-28.75	1.4725691265655705
17.5	-27.5	1.3400187508955348
17.5	-26.25	0.9976526051318686
17.5	-25.0	0.8460647738293039
17.5	-23.75	0.8748245109142232
17.5	-22.5	0.8782415173005012
17.5	-21.25	0.8681796281025669
17.5	-20.0	0.8708263802709304
17.5	-18.75	0.8465273761059668
17.5	-17.5	0.822855943687788
17.5	-16.25	0.8140898747931322
17.5	-15.0	0.8657027102750581
17.5	-13.75	0.8497369092981284
17.5	-12.5	0.8792411851219217
17.5	-11.25	0.8592649247908071
17.5	-10.0	0.8769687245443603
17.5	-8.75	0.8833514804875247
17.5	-7.5	0.8677906215380098
17.5	-6.25	0.8769301990123433
17.5	-5.0	0.903486237684838
17.5	-3.75	0.8888048123791972
17.5	-2.5	0.9162707747790666
17.5	-1.25	0.8713460445753309
17.5	0.0	0.945688476156386
17.5	1.25	0.9338271949159118
17.5	2.5	0.9371550251110232
17.5	3.75	0.9273342188005333
17.5	5.0	0.8812996285086001
17.5	6.25	0.8978034318579633
17.5	7.5	0.9030092302477
17.5	8.75	0.9439140641344181
17.5	10.0	0.9575075349036677
17.5	11.25	0.9960058560496057
17.5	12.5	0.9999969291834336
17.5	13.75	0.9082020695993123
17.5	15.0	0.9081734259504195
17.5	16.25	0.9524917640546544
17.5	17.5	0.9899270320130693
17.5	18.75	0.9777303203209016
17.5	20.0	1.0440871975602661
17.5	21.25	0.8995264410360049
17.5	22.5	0.883296561133788
17.5	23.75	0.9141366893473926
17.5	25.0	1.0659053342241211
17.5	26.25	0.9550149768440228
17.5	27.5	1.2285571905957324
17.5	28.75	1.3753259476480224
17.5	30.0	1.7889933778109723
17.5	31.25	1.5960236837558561
17.5	32.5	1.7578146814551037
17.5	33.75	1.0053739347810016
17.5	35.0	1.6436071172441817
17.5	36.25	2.9790330206798483
18.75	35.0	3.8945726433373125
18.75	33.75	1.1744720327985316
18.75	32.5	1.0124829049626847
18.75	31.25	1.7614600414465862
18.75	30.0	1.715694907375993
18.75	28.75	1.560677267955322
18.75	27.5	1.3359603837734868
18.75	26.25	1.1118833514218966
18.75	25.0	0.9971941598894443
18.75	23.75	0.9893247172630772
18.75	22.5	0.9186390861696472
18.75	21.25	0.8947194650008585
18.75	20.0	0.9027081435793347
18.75	18.75	0.9836663182016023
18.75	17.5	0.9583561586060707
18.75	16.25	1.0184940279672468
18.75	15.0	0.9395754946956982
18.75	13.75	0.8996338123513254
18.75	12.5	0.8720168436069038
18.75	11.25	0.9543246462761301
18.75	10.0	1.0286492495165165
18.75	8.75	0.9752197039377855
18.75	7.5	0.9216771234698085
18.75	6.25	0.9240194573875193
18.75	5.0	0.9113955541320005
18.75	3.75	0.8914815392317843
18.75	2.5	0.8637796068322912
18.75	1.25	0.8831295363841054
18.75	-0.0	0.9043167841074009
18.75	-1.25	0.8568286598736554
18.75	-2.5	0.9131957062611473
18.75	-3.75	0.8967005589817356
18.75	-5.0	0.8929404280875888
18.75	-6.25	0.8870045419429857
18.75	-7.5	0.8708939558361202
18.75	-8.75	0.8780637853308013
18.75	-10.0	0.8898014524674869
18.75	-11.25	0.8856010369927327
18.75	-12.5	0.872687596597804
18.75	-13.75	0.8539834985668566
18.75	-15.0	0.8041420310411755
18.75	-16.25	0.8343096315716583
18.75	-17.5	0.832612009354408
18.75	-18.75	0.9180375001003078
18.75	-20.0	0.8927205949809371
18.75	-21.25	0.8785571494049202
18.75	-22.5	0.8650824301931515
18.75	-23.75	0.8432534774607037
18.75	-25.0	0.9280776456239543
18.75	-26.25	1.2477033662962533
18.75	-27.5	1.4205781547484015
18.75	-28.75	1.4144247158421264
18.75	-30.0	1.0230847097989004
18.75	-31.25	0.9488802565816918
18.75	-32.5	0.9650595665398392
18.75	-33.75	0.9912426887954782
18.75	-35.0	2.742650432905542
20.0	-35.0	3.09087059685889
20.0	-33.75	1.4597068838460734
20.0	-32.5	0.9374730809208787
20.0	-31.25	0.8799486442516944
20.0	-30.0	0.9701227913346147
20.0	-28.75	1.1441656663084787
20.0	-27.5	1.4070376289160205
20.0	-26.25	1.3992905159248004
20.0	-25.0	1.152638471423769
20.0	-23.75	0.905791435804125
20.0	-22.5	0.8605687011088232
20.0	-21.25	0.8691370362844157
20.0	-20.0	0.8664493563154485
20.0	-18.75	0.8926699439465793
20.0	-17.5	0.9519454463723642
20.0	-16.25	0.8612268765146034
20.0	-15.0	0.8395882057064039
20.0	-13.75	0.8208265058769451
20.0	-12.5	0.8306913271422864
20.0	-11.25	0.9016066745221609
20.0	-10.0	0.9402235713174667
20.0	-8.75	0.9239551928764662
20.0	-7.5	0.9136431394500129
20.0	-6.25	0.9013987464011777
20.0	-5.0	0.8957420606157065
20.0	-3.75	0.8885664678424998
20.0	-2.5	0.9002220742211833
20.0	-1.25	0.8884866891965224
20.0	0.0	0.9083590099654124
20.0	1.25	0.9121948156609765
20.0	2.5	0.9141102948894257
20.0	3.75	0.9365214939413811
20.0	5.0	0.9605955228092924
20.0	6.25	0.9770166950450108
20.0	7.5	1.0055174937414364
20.0	8.75	0.9746708908409927
20.0	10.0	0.8665002852078434
20.0	11.25	0.8995157432956526
20.0	12.5	0.9026179715953742
20.0	13.75	0.9789965417002726
20.0	15.0	1.0159468136545824
20.0	16.25	0.9404773380864277
20.0	17.5	0.9887057664573717
20.0	18.75	0.8874235562451727
20.0	20.0	0.8839150165828702
20.0	21.25	0.898833619069972
20.0	22.5	0.9583812078600875
20.0	23.75	1.0268968203413964
20.0	25.0	1.0297412150479976
20.0	26.25	1.3138142774456094
20.0	27.5	1.4381067206064388
20.0	28.75	1.7946910128352904
20.0	30.0	1.7659469469467375
20.0	31.25	1.5252325152032764
20.0	32.5	1.0107408805763916
20.0	33.75	1.7747596116841011
20.0	35.0	4.786392683072631
21.25	33.75	3.204015312121907
21.25	32.5	1.3048238959202987
21.25	31.25	0.9747258087704394
21.25	30.0	1.744456707751361
21.25	28.75	1.4819518044714686
21.25	27.5	1.7874304469822366
21.25	26.25	1.325831695245765
21.25	25.0	1.1892519902695557
21.25	23.75	1.0162009276385557
21.25	22.5	1.0278257481754984
21.25	21.25	0.9098369640918591
21.25	20.0	0.879338002189126
21.25	18.75	0.8766655866017867
21.25	17.5	0.8853193113507984
21.25	16.25	0.980274509963218
21.25	15.0	0.9581610997143315
21.25	13.75	0.9900247117473846
21.25	12.5	1.055403360005779
21.25	11.25	0.9421445133588655
21.25	10.0	0.8717578859432864
21.25	8.75	0.8676925543836234
21.25	7.5	0.8599564296096798
21.25	6.25	0.8871120223454003
21.25	5.0	0.972684775387699
21.25	3.75	0.9885443496262347
21.25	2.5	1.0008815972457983
21.25	1.25	0.9831543243630003
21.25	-0.0	0.9479244465874848
21.25	-1.25	0.9597185289875814
21.25	-2.5	0.9547909314642737
21.25	-3.75	0.9536004934671514
21.25	-5.0	0.9921787802801116
21.25	-6.25	0.9969989018120184
21.25	-7.5	0.9612741540495744
21.25	-8.75	0.8855640021136928
21.25	-10.0	0.8315983353884508
21.25	-11.25	0.817362176551609
21.25	-12.5	0.8561049279440613
21.25	-13.75	0.8949403183888638
21.25	-15.0	0.8857096768591592
21.25	-16.25	0.8936702888648353
21.25	-17.5	0.8702164887550614
21.25	-18.75	0.8785433392622615
21.25	-20.0	0.8618375435386625
21.25	-21.25	0.8470411464167231
21.25	-22.5	0.8904444110097698
21.25	-23.75	1.1122575481276487
21.25	-25.0	1.3548696065334038
21.25	-26.25	1.381935356670576
21.25	-27.5	1.2276962632881254
21.25	-28.75	0.9287940147798937
21.25	-30.0	0.9282730327585291
21.25	-31.25	0.9318031608267017
21.25	-32.5	0.9558079405951823
21.25	-33.75	2.383561702164439
22.5	-32.5	1.607853360000398
22.5	-31.25	0.8531304286294841
22.5	-30.0	0.9346603381581309
22.5	-28.75	0.9361726861825135
22.5	-27.5	0.924505130512129
22.5	-26.25	1.2483312228312933
22.5	-25.0	1.3509346563495885
22.5	-23.75	1.314358953649391
22.5	-22.5	1.144859034338519
22.5	-21.25	0.9210244734696582
22.5	-20.0	0.8569943177788533
22.5	-18.75	0.8834662690234669
22.5	-17.5	0.8771164656371342
22.5	-16.25	0.8746162123458383
22.5	-15.0	0.8729225300990464
22.5	-13.75	0.9719727027518053
22.5	-12.5	0.9393892048639421
22.5	-11.25	0.8959096465012113
22.5	-10.0	0.8549403979871997
22.5	-8.75	0.821339566511897
22.5	-7.5	0.8209501602312796
22.5	-6.25	0.8235255730932085
22.5	-5.0	0.8249978289729984
22.5	-3.75	0.8462709598585496
22.5	-2.5	0.8697864687122241
22.5	-1.25	0.8591864322061653
22.5	0.0	0.8750086604150074
22.5	1.25	0.837584669024606
22.5	2.5	0.8493608293492692
22.5	3.75	0.8425363535067074
22.5	5.0	0.8324620205141331
22.5	6.25	0.8653516502437384
22.5	7.5	0.8848512380838072
22.5	8.75	0.944955470712979
22.5	10.0	1.088569674542633
22.5	11.25	1.0740499625552467
22.5	12.5	0.9635529305967614
22.5	13.75	0.9784545121148351
22.5	15.0	0.9545709791874017
22.5	16.25	0.8783982981075145
22.5	17.5	0.8758852765102763
22.5	18.75	0.8742448879011766
22.5	20.0	0.9135476071935775
22.5	21.25	1.0021192556333025
22.5	22.5	1.0194070597834024
22.5	23.75	1.151333087359852
22.5	25.0	1.2571969861657104
22.5	26.25	1.635618140423965
22.5	27.5	1.4664010946880124
22.5	28.75	1.6962798534678036
22.5	30.0	1.0251786609693605
22.5	31.25	1.0813602732287375
22.5	32.5	2.6223857325029236
23.75	32.5	3.797717412521644
23.75	31.25	1.6613955023880633
23.75	30.0	0.9895255949644097
23.75	28.75	1.115854351319042
23.75	27.5	1.518376885839153
23.75	26.25	1.5983757655270985
23.75	25.0	1.5685286991633056
23.75	23.75	1.1990737864350587
23.75	22.5	1.1264763196265024
23.75	21.25	1.0362333954247624
23.75	20.0	0.9912534338666319
23.75	18.75	0.8927342896818882
23.75	17.5	0.9050085498219618
23.75	16.25	0.9040628708933927
23.75	15.0	0.889081264715605
23.75	13.75	0.9282926388216461
23.75	12.5	0.988372145318646
23.75	11.25	0.9801865760665409
23.75	10.0	1.0065200965849863
23.75	8.75	1.1928002945172889
23.75	7.5	1.2372877640768092
23.75	6.25	1.1263788800682608
23.75	5.0	1.0353238407450238
23.75	3.75	0.9204788233524273
23.75	2.5	0.892552101333731
23.75	1.25	0.853608871284985
23.75	-0.0	0.8693453179816624
23.75	-1.25	0.8433818546452265
23.75	-2.5	0.8449852158276006
23.75	-3.75	0.865693367040202
23.75	-5.0	0.8283789345891046
23.75	-6.25	0.863966451509163
23.75	-7.5	0.857026307072033
23.75	-8.75	0.924518196806198
23.75	-10.0	0.9532794224863697
23.75	-11.25	0.9909741364821203
23.75	-12.5	0.9040693784037757
23.75	-13.75	0.8984051973271079
23.75	-15.0	0.9094714998225566
23.75	-16.25	0.8964499499519709
23.75	-17.5	0.875509023064712
23.75	-18.75	0.8764794314672724
23.75	-20.0	0.9356309382259873
23.75	-21.25	1.1555314393600646
23.75	-22.5	1.3235738514202229
23.75	-23.75	1.3154804824160902
23.75	-25.0	1.2380766262604066
23.75	-26.25	0.9367359677500673
23.75	-27.5	0.9312304608111353
23.75	-28.75	0.9282749770941701
23.75	-30.0	0.8638880186506146
23.75	-31.25	1.0912545732565535
23.75	-32.5	2.5757918708304226
25.0	-31.25	2.3933281259207266
25.0	-30.0	0.9203482773071778
25.0	-28.75	0.8682587989981103
25.0	-27.5	0.9009248375623908
25.0	-26.25	0.9195702774661818
25.0	-25.0	0.9298122169153729
25.0	-23.75	1.1917702556099048
25.0	-22.5	1.32627158982557
25.0	-21.25	1.3193475953326361
25.0	-20.0	1.2108886136414974
25.0	-18.75	1.0190449697138728
25.0	-17.5	0.8974527478541567
25.0	-16.25	0.8956176519855195
25.0	-15.0	0.9132714533481661
25.0	-13.75	0.9214222059087245
25.0	-12.5	0.9176792218954901
25.0	-11.25	0.9382323211600152
25.0	-10.0	0.9766653235616101
25.0	-8.75	0.9865871113436997
25.0	-7.5	1.01484092321315
25.0	-6.25	1.0098575763846496
25.0	-5.0	0.9846912159114929
25.0	-3.75	0.959326551697643
25.0	-2.5	0.947444296862086
25.0	-1.25	0.9915235274548202
25.0	0.0	1.0556715491201203
25.0	1.25	1.1642322430686587
25.0	2.5	1.2476841163418708
25.0	3.75	1.2989175381186495
25.0	5.0	1.2769315990971783
25.0	6.25	1.1512500889580446
25.0	7.5	1.0188757704599825
25.0	8.75	1.000293996581334
25.0	10.0	0.99145976626414
25.0	11.25	0.9248400919828415
25.0	12.5	0.9130264820293874
25.0	13.75	0.8790454255167219
25.0	15.0	0.9165073954919603
25.0	16.25	0.9114993142676262
25.0	17.5	0.8887086404321849
25.0	18.75	0.9756147384717373
25.0	20.0	1.0308646917775421
25.0	21.25	1.1000535155324123
25.0	22.5	1.193289002404521
25.0	23.75	1.5218769526442886
25.0	25.0	1.6405488525450975
25.0	26.25	1.645687626953256
25.0	27.5	1.311585915933752
25.0	28.75	0.9716794499295958
25.0	30.0	1.3119878329214245
25.0	31.25	3.894002372392695
26.25	30.0	3.9416720336402857
26.25	28.75	1.2864930570034776
26.25	27.5	0.9717306681057716
26.25	26.25	1.4269926436511344
26.25	25.0	1.6037821877679352
26.25	23.75	1.6216148628663438
26.25	22.5	1.537553153694419
26.25	21.25	1.1766255762254847
26.25	20.0	1.0602986875792686
26.25	18.75	1.040251022600045
26.25	17.5	1.0496878874174422
26.25	16.25	0.9304951511895831
26.25	15.0	0.9248625763428384
26.25	13.75	0.935640136779079
26.25	12.5	0.917584476251422
26.25	11.25	0.922485557969912
26.25	10.0	0.9116944164994898
26.25	8.75	0.9512791099505824
26.25	7.5	0.993924530818111
26.25	6.25	1.0141921089997918
26.25	5.0	0.9814738315915399
26.25	3.75	0.9885860157717268
26.25	2.5	1.038314789511567
26.25	1.25	1.0576840337089255
26.25	-0.0	1.0805457017285462
26.25	-1.25	1.0475064328367978
26.25	-2.5	1.066964874969277
26.25	-3.75	1.019438227734799
26.25	-5.0	1.0250219333110033
26.25	-6.25	1.00341048114295
26.25	-7.5	0.9969667147648131
26.25	-8.75	0.9767880782776404
26.25	-10.0	0.9945842517421948
26.25	-11.25	1.005479533966552
26.25	-12.5	0.9744485328954324
26.25	-13.75	0.8931236120014177
26.25	-15.0	0.9018893678165334
26.25	-16.25	0.9742719336384633
26.25	-17.5	1.130044244135778
26.25	-18.75	1.2463874393227794
26.25	-20.0	1.3031518554258419
26.25	-21.25	1.3000737144620356
26.25	-22.5	1.1746572379249969
26.25	-23.75	0.9497706563842678
26.25	-25.0	0.899481425526921
26.25	-26.25	0.8687244095131952
26.25	-27.5	0.8661345590973326
26.25	-28.75	0.8544322932891992
26.25	-30.0	1.6352740608420548
27.5	-28.75	1.2312884878325692
27.5	-27.5	0.8307263563833933
27.5	-26.25	0.8519820144467456
27.5	-25.0	0.9285191117980904
27.5	-23.75	0.9065297722907584
27.5	-22.5	0.9267709289197787
27.5	-21.25	1.067196595962053
27.5	-20.0	1.2310652157180613
27.5	-18.75	1.2546953102626102
27.5	-17.5	1.2562923344649768
27.5	-16.25	1.2007393810888054
27.5	-15.0	1.1084087316383702
27.5	-13.75	0.9847354405769888
27.5	-12.5	0.9368269473869697
27.5	-11.25	0.8990928929926998
27.5	-10.0	0.9424428796422841
27.5	-8.75	0.9969825466128857
27.5	-7.5	1.084455832774676
27.5	-6.25	1.0570369967692521
27.5	-5.0	1.026671865518649
27.5	-3.75	1.018193741694187
27.5	-2.5	0.9976503268721304
27.5	-1.25	0.9959450662697193
27.5	0.0	0.9825419253754166
27.5	1.25	0.9696140726482492
27.5	2.5	0.9776370853340737
27.5	3.75	0.9607835251760886
27.5	5.0	0.9530952208720826
27.5	6.25	0.942829458334705
27.5	7.5	0.9399209081536508
27.5	8.75	0.9176918402403347
27.5	10.0	0.9684443715071183
27.5	11.25	0.9524242366166593
27.5	12.5	0.9456912328308
27.5	13.75	0.9379127997990144
27.5	15.0	1.071334227693697
27.5	16.25	1.0718190348182963
27.5	17.5	1.0602007361286425
27.5	18.75	1.0597398085086782
27.5	20.0	1.213224158248618
27.5	21.25	1.5581980909135034
27.5	22.5	1.5426590516025946
27.5	23.75	1.7195806180672548
27.5	25.0	1.5022561704265964
27.5	26.25	0.9647488645918383
27.5	27.5	1.2123779953336662
27.5	28.75	4.477609939393503
28.75	27.5	4.043069579178622
28.75	26.25	1.229442337755728
28.75	25.0	0.996658040146218
28.75	23.75	1.1342770725401223
28.75	22.5	1.902943215856471
28.75	21.25	1.401942523000372
28.75	20.0	1.5745416413788167
28.75	18.75	1.3425534716013754
28.75	17.5	1.0643550922225806
28.75	16.25	0.9861872191515904
28.75	15.0	1.0619236381548696
28.75	13.75	1.0856775052072845
28.75	12.5	1.0862340357244733
28.75	11.25	0.9701453053665894
28.75	10.0	0.9752714774754248
28.75	8.75	1.0070374379726772
28.75	7.5	0.9872232129521308
28.75	6.25	0.975616039558159
28.75	5.0	0.9476070971178405
28.75	3.75	0.9444758422410038
28.75	2.5	0.931908895104816
28.75	1.25	0.93121156773294
28.75	-0.0	0.9143291383185499
28.75	-1.25	0.9389006284142649
28.75	-2.5	0.9311790926803578
28.75	-3.75	0.920122271241155
28.75	-5.0	0.9275657802298918
28.75	-6.25	0.9465159445995646
28.75	-7.5	0.9525379082695817
28.75	-8.75	0.9832288136265879
28.75	-10.0	0.9899627510927944
28.75	-11.25	1.0607975833463223
28.75	-12.5	1.137166324876322
28.75	-13.75	1.195343212757722
28.75	-15.0	1.231417616913232
28.75	-16.25	1.238698924043815
28.75	-17.5	1.204812172813793
28.75	-18.75	1.1317751621771253
28.75	-20.0	0.9557589422075701
28.75	-21.25	0.9104947665648098
28.75	-22.5	0.9262219880174083
28.75	-23.75	0.9125407876476288
28.75	-25.0	0.86956421933575
28.75	-26.25	0.8648038666744728
28.75	-27.5	1.112841713117735
30.0	-26.25	1.0893649975128472
30.0	-25.0	0.8298882851755813
30.0	-23.75	0.8648334542797969
30.0	-22.5	0.8887703144727439
30.0	-21.25	0.9058468061856653
30.0	-20.0	0.9285489995544598
30.0	-18.75	0.9394428586447585
30.0	-17.5	1.0096290575673637
30.0	-16.25	1.1161247664855107
30.0	-15.0	1.170593008592097
30.0	-13.75	1.184161836410576
30.0	-12.5	1.201600246672676
30.0	-11.25	1.1881388802504755
30.0	-10.0	1.187255859730075
30.0	-8.75	1.1314406536485944
30.0	-7.5	1.0939908516250743
30.0	-6.25	1.065382905884312
30.0	-5.0	1.048631351141454
30.0	-3.75	1.0538686763403158
30.0	-2.5	1.042226940446218
30.0	-1.25	1.0318776043052083
30.0	0.0	1.0400130600045632
30.0	1.25	1.024365715159008
30.0	2.5	1.021383161927588
30.0	3.75	1.0095368875019597
30.0	5.0	1.0305154456107655
30.0	6.25	1.013070388270192
30.0	7.5	1.020464189913711
30.0	8.75	0.993286202867754
30.0	10.0	1.1017187553503218
30.0	11.25	1.09489623447873
30.0	12.5	1.0399591669667005
30.0	13.75	0.9947809650570463
30.0	15.0	1.0362898089472505
30.0	16.25	1.187227339722286
30.0	17.5	1.4601473340711806
30.0	18.75	1.5589998855285536
30.0	20.0	1.4797976571561762
30.0	21.25	1.777503446526417
30.0	22.5	1.0878317416406968
30.0	23.75	1.0074106095242872
30.0	25.0	1.278236128008123
30.0	26.25	3.7838122338162226
31.25	25.0	3.8444759915030318
31.25	23.75	1.4188614400669906
31.25	22.5	1.040766007924459
31.25	21.25	1.0285482713484706
31.25	20.0	1.7108362313422347
31.25	18.75	1.883634647101772
31.25	17.5	1.4089665860799139
31.25	16.25	1.526920300268908
31.25	15.0	1.382814175166339
31.25	13.75	1.1489660465948637
31.25	12.5	0.999671829733904
31.25	11.25	0.9555165119224558
31.25	10.0	1.0529597359643859
31.25	8.75	1.0938453622632283
31.25	7.5	1.1108153704507302
31.25	6.25	1.1192729943182407
31.25	5.0	1.0266024355796075
31.25	3.75	1.0558621038992388
31.25	2.5	1.0783853314837266
31.25	1.25	1.0964538518081755
31.25	-0.0	1.0989977154719526
31.25	-1.25	1.1118005850002426
31.25	-2.5	1.1196329608807307
31.25	-3.75	1.136409399236598
31.25	-5.0	1.1451748423504569
31.25	-6.25	1.1719733200372149
31.25	-7.5	1.18791459297947
31.25	-8.75	1.189924337643971
31.25	-10.0	1.1987736732791223
31.25	-11.25	1.1781348685866622
31.25	-12.5	1.1191444499089016
31.25	-13.75	1.0685507971944874
31.25	-15.0	0.969035385438425
31.25	-16.25	0.9418159566299664
31.25	-17.5	0.9854294894379549
31.25	-18.75	0.9402461940593785
31.25	-20.0	0.9315186444878831
31.25	-21.25	0.918981823538636
31.25	-22.5	0.8411974372172875
31.25	-23.75	0.86859294903772
31.25	-25.0	1.0885035047007028
32.5	-23.75	1.3593249503288387
32.5	-22.5	0.8662320742038379
32.5	-21.25	0.864238191871582
32.5	-20.0	0.918109533964703
32.5	-18.75	1.004033153542876
32.5	-17.5	0.98789244064195
32.5	-16.25	0.9692225728928925
32.5	-15.0	1.02609523979074
32.5	-13.75	1.0341751589516672
32.5	-12.5	0.9372008851588678
32.5	-11.25	0.9880911345500243
32.5	-10.0	1.0564995771465782
32.5	-8.75	1.071483577830251
32.5	-7.5	1.100479759641484
32.5	-6.25	1.169667513372877
32.5	-5.0	1.2137953588175154
32.5	-3.75	1.243474061273778
32.5	-2.5	1.2161700476774806
32.5	-1.25	1.1974501020967034
32.5	0.0	1.16827281401034
32.5	1.25	1.111881977465825
32.5	2.5	1.0982714481918174
32.5	3.75	1.079761306949612
32.5	5.0	1.0534630861420986
32.5	6.25	1.0087485053398044
32.5	7.5	0.9575094765590961
32.5	8.75	0.9700725102609091
32.5	10.0	1.0503349351991638
32.5	11.25	1.2242357997143145
32.5	12.5	1.406579149397266
32.5	13.75	1.5018417967064828
32.5	15.0	1.4115212193119353
32.5	16.25	1.7926999553852845
32.5	17.5	1.8709416446150051
32.5	18.75	1.2792603218586862
32.5	20.0	1.0099480144694928
32.5	21.25	1.139186941879336
32.5	22.5	1.8797695551088944
32.5	23.75	2.801999486596899
33.75	21.25	3.92031418396574
33.75	20.0	1.355521112895861
33.75	18.75	1.0763652689973817
33.75	17.5	1.0134115060681381
33.75	16.25	1.3446078373425507
33.75	15.0	1.9557071112361246
33.75	13.75	1.8194079773856355
33.75	12.5	1.4117236168150162
33.75	11.25	1.3916409055728538
33.75	10.0	1.423632936258449
33.75	8.75	1.353598837501134
33.75	7.5	1.2399453469865227
33.75	6.25	1.1053398607754001
33.75	5.0	1.0247557282059505
33.75	3.75	0.9808612109278716
33.75	2.5	0.9700633935103937
33.75	1.25	0.9814287799338173
33.75	-0.0	0.946906908624717
33.75	-1.25	0.9524531143374055
33.75	-2.5	0.9619767584367169
33.75	-3.75	0.9589480099111825
33.75	-5.0	0.9466667693757946
33.75	-6.25	0.9438797871704727
33.75	-7.5	0.9567780025630608
33.75	-8.75	1.0118192196085696
33.75	-10.0	1.0457449049112464
33.75	-11.25	1.0787989135864162
33.75	-12.5	1.047466464332527
33.75	-13.75	1.006912254691131
33.75	-15.0	1.0105323504122756
33.75	-16.25	1.033583426214431
33.75	-17.5	0.9642786404195576
33.75	-18.75	0.8711252277522359
33.75	-20.0	0.8832348682465359
33.75	-21.25	1.0155308222637167
35.0	-20.0	1.608174420918857
35.0	-18.75	1.0083221988196778
35.0	-17.5	0.9020028583999782
35.0	-16.25	0.9297421980695129
35.0	-15.0	1.0090763249023098
35.0	-13.75	1.1153581750287245
35.0	-12.5	1.1323942096064705
35.0	-11.25	1.0650282533005768
35.0	-10.0	1.0608145191712222
35.0	-8.75	1.08084896128135
35.0	-7.5	1.1199152275119664
35.0	-6.25	1.129813239820054
35.0	-5.0	1.164205945623829
35.0	-3.75	1.162549081374049
35.0	-2.5	1.178738615469853
35.0	-1.25	1.2025650183151102
35.0	0.0	1.2055782426690271
35.0	1.25	1.2292544474295228
35.0	2.5	1.2623788842517154
35.0	3.75	1.2857778625240552
35.0	5.0	1.3246581889947109
35.0	6.25	1.3359086628191816
35.0	7.5	1.2832613951220768
35.0	8.75	1.3276184794914938
35.0	10.0	1.6707095340364875
35.0	11.25	1.9733000105021645
35.0	12.5	1.8394070242831315
35.0	13.75	1.248228924962791
35.0	15.0	1.0583696503419056
35.0	16.25	1.0743882620267096
35.0	17.5	1.2513376421261473
35.0	18.75	2.4219882403171633
35.0	20.0	4.33902650682551
36.25	17.5	3.510436959228535
36.25	16.25	2.0130255570852658
36.25	15.0	1.3736527063967765
36.25	13.75	1.166230613734733
36.25	12.5	1.051478310088835
36.25	11.25	1.1205359529923058
36.25	10.0	1.3111820387216477
36.25	8.75	1.7135670216794265
36.25	7.5	1.8673327414158116
36.25	6.25	1.7497389663918996
36.25	5.0	1.5778829233612957
36.25	3.75	1.3870703268684377
36.25	2.5	1.2725379407220236
36.25	1.25	1.2093375989161403
36.25	-0.0	1.1664942405404837
36.25	-1.25	1.1483979917577347
36.25	-2.5	1.1452704118961998
36.25	-3.75	1.1240219217514014
36.25	-5.0	1.1572808256189564
36.25	-6.25	1.192760636238325
36.25	-7.5	1.238893125355597
36.25	-8.75	1.272336348475048
36.25	-10.0	1.238266062175903
36.25	-11.25	1.12608953148208
36.25	-12.5	1.0076240372165657
36.25	-13.75	0.9455021150449134
36.25	-15.0	1.0141869547565294
36.25	-16.25	1.0922115241556094
36.25	-17.5	1.59392073141772
37.5	-15.0	2.2671151928346447
37.5	-13.75	1.4023004360394804
37.5	-12.5	1.2195107660689768
37.5	-11.25	1.1262052237870446
37.5	-10.0	1.0759711605345688
37.5	-8.75	1.0420959700993828
37.5	-7.5	1.0799969912950056
37.5	-6.25	1.1891789105168327
37.5	-5.0	1.2768320859722504
37.5	-3.75	1.349215599764067
37.5	-2.5	1.3973546411819004
37.5	-1.25	1.460388114814669
37.5	0.0	1.525305798087187
37.5	1.25	1.4965170693845913
37.5	2.5	1.4892822088123605
37.5	3.75	1.3978843541347796
37.5	5.0	1.2737017724097548
37.5	6.25	1.115888018676622
37.5	7.5	1.1085855439417642
37.5	8.75	1.1433040954301754
37.5	10.0	1.2028997530972863
37.5	11.25	1.3225628975235582
37.5	12.5	1.5762130919111526
37.5	13.75	3.3957861560386
37.5	15.0	3.3578316803285286
38.75	11.25	3.434781318972181
38.75	10.0	3.3392071381979243
38.75	8.75	2.012219462976179
38.75	7.5	1.4816510497601048
38.75	6.25	1.4333728850392742
38.75	5.0	1.3658336846538521
38.75	3.75	1.3134889551875917
38.75	2.5	1.2953427704269025
38.75	1.25	1.2685158074278258
38.75	-0.0	1.2830384856181993
38.75	-1.25	1.2816250835952347
38.75	-2.5	1.2919135731517724
38.75	-3.75	1.2971562889900037
38.75	-5.0	1.3171783026025095
38.75	-6.25	1.354660110893688
38.75	-7.5	1.3691795787890992
38.75	-8.75	1.4550098730558876
38.75	-10.0	1.7575458094294403
38.75	-11.25	2.41157745488513
40.0	-6.25	2.825946957732005
40.0	-5.0	3.5914456407238955
40.0	-3.75	2.9842820191806796
40.0	-2.5	2.4791460372066956
40.0	-1.25	2.7029271483705486
40.0	0.0	2.5007987465466748
40.0	1.25	2.6341807800142014
40.0	2.5	3.551614185812795
40.0	3.75	3.8509646156988335
40.0	5.0	3.967894864871374
40.0	6.25	2.903170783481194
