-40.0	6.25	3.0244368313210774
-40.0	5.0	4.999999960722096
-40.0	3.75	3.189364739809866
-40.0	2.5	2.1083425865795373
-40.0	1.25	2.0210873422369167
-40.0	-0.0	1.8581935235220648
-40.0	-1.25	1.8728218759173263
-40.0	-2.5	1.8473536939162418
-40.0	-3.75	1.9896331807170462
-40.0	-5.0	2.230112940517257
-40.0	-6.25	3.0324646699912456
-38.75	-11.25	1.868436268222931
-38.75	-10.0	1.4939898838795944
-38.75	-8.75	1.3563971102345098
-38.75	-7.5	1.3509420197105886
-38.75	-6.25	1.3280231893375358
-38.75	-5.0	1.3304252038965974
-38.75	-3.75	1.3251928604155703
-38.75	-2.5	1.3204735371194243
-38.75	-1.25	1.3220992788969248
-38.75	0.0	1.349744567518468
-38.75	1.25	1.3582092108335573
-38.75	2.5	1.37860968630351
-38.75	3.75	1.4103675568468343
-38.75	5.0	1.4381018542235928
-38.75	6.25	1.5207812553674769
-38.75	7.5	1.6531098650075364
-38.75	8.75	1.800697981772359
-38.75	10.0	3.7781220282997374
-38.75	11.25	2.870070934853275
-37.5	15.0	2.376992188436706
-37.5	13.75	3.1204551491909864
-37.5	12.5	1.7825341685674942
-37.5	11.25	1.4918344712883744
-37.5	10.0	1.3135148489450081
-37.5	8.75	1.2165895995313303
-37.5	7.5	1.2104593727834354
-37.5	6.25	1.2973589386224926
-37.5	5.0	1.4147381475366387
-37.5	3.75	1.6188323411825536
-37.5	2.5	1.638040388444142
-37.5	1.25	1.6519501369021814
-37.5	-0.0	1.58591330476842
-37.5	-1.25	1.539202317221279
-37.5	-2.5	1.5171873198964514
-37.5	-3.75	1.459031598358047
-37.5	-5.0	1.3384268458799218
-37.5	-6.25	1.2306211821768294
-37.5	-7.5	1.1245093862187874
-37.5	-8.75	1.0874401597849692
-37.5	-10.0	1.108407177454084
-37.5	-11.25	1.1259190652723063
-37.5	-12.5	1.2085368935473593
-37.5	-13.75	1.291547533378285
-37.5	-15.0	1.7000755212513035
-36.25	-17.5	1.5978516310082842
-36.25	-16.25	1.1178077826869925
-36.25	-15.0	1.0228607708209934
-36.25	-13.75	0.9741846475771982
-36.25	-12.5	0.9755927647420259
-36.25	-11.25	1.161304024232603
-36.25	-10.0	1.3609672588168964
-36.25	-8.75	1.3980995949912378
-36.25	-7.5	1.3837023611382326
-36.25	-6.25	1.3386567081923655
-36.25	-5.0	1.3025658860464002
-36.25	-3.75	1.267762957858105
-36.25	-2.5	1.2929675549908506
-36.25	-1.25	1.2698003884207516
-36.25	0.0	1.307211076304018
-36.25	1.25	1.3033501114084531
-36.25	2.5	1.373463463730217
-36.25	3.75	1.4502124001096455
-36.25	5.0	1.6468367815355789
-36.25	6.25	1.8674431269072915
-36.25	7.5	2.099330712403362
-36.25	8.75	1.8906852663207747
-36.25	10.0	1.6195373174087058
-36.25	11.25	1.2141574116883795
-36.25	12.5	1.167883197381654
-36.25	13.75	1.216075000014686
-36.25	15.0	1.4455023866343364
-36.25	16.25	2.4796946553772496
-36.25	17.5	2.3672959070980877
-35.0	20.0	2.0289548462575375
-35.0	18.75	2.2664589682355665
-35.0	17.5	1.386516002084603
-35.0	16.25	1.1477413974475148
-35.0	15.0	1.1654969549935608
-35.0	13.75	1.4009426709652057
-35.0	12.5	2.014019935535978
-35.0	11.25	2.201164676025142
-35.0	10.0	1.6712419376039547
-35.0	8.75	1.4953726606826034
-35.0	7.5	1.4929755173597439
-35.0	6.25	1.4859343620838352
-35.0	5.0	1.481961114228354
-35.0	3.75	1.4372064888652787
-35.0	2.5	1.3935928634996948
-35.0	1.25	1.3705316074480232
-35.0	-0.0	1.332126129722222
-35.0	-1.25	1.2818689758904824
-35.0	-2.5	1.2599643710540933
-35.0	-3.75	1.3082081578081963
-35.0	-5.0	1.2967877215733612
-35.0	-6.25	1.3063684368878894
-35.0	-7.5	1.2440759936545707
-35.0	-8.75	1.1688886516549015
-35.0	-10.0	1.1516218915153944
-35.0	-11.25	1.1617237684403614
-35.0	-12.5	1.2459796698409855
-35.0	-13.75	1.1984665558056342
-35.0	-15.0	0.9797323886456377
-35.0	-16.25	0.9024321451932042
-35.0	-17.5	0.9220506531921107
-35.0	-18.75	0.9821616689804475
-35.0	-20.0	1.7225132490075037
-33.75	-21.25	1.130758664449524
-33.75	-20.0	0.8717426990314543
-33.75	-18.75	0.8385255002855905
-33.75	-17.5	0.9799479860256746
-33.75	-16.25	1.1261829108416883
-33.75	-15.0	1.1345810846967153
-33.75	-13.75	1.0642723409558217
-33.75	-12.5	1.145978627301921
-33.75	-11.25	1.194420214960581
-33.75	-10.0	1.1410541486365835
-33.75	-8.75	1.060477262920144
-33.75	-7.5	1.024597583257723
-33.75	-6.25	0.9940840219190816
-33.75	-5.0	0.9940308225711316
-33.75	-3.75	0.9930933799210901
-33.75	-2.5	1.016275287717443
-33.75	-1.25	1.031879959673562
-33.75	0.0	1.0208151480206098
-33.75	1.25	1.0327962691046766
-33.75	2.5	1.0362928237780968
-33.75	3.75	1.0483830577961069
-33.75	5.0	1.090655123036016
-33.75	6.25	1.1656718846030447
-33.75	7.5	1.3634524703294915
-33.75	8.75	1.4978654314404771
-33.75	10.0	1.641855908876595
-33.75	11.25	1.6221356110425091
-33.75	12.5	1.5601040223682192
-33.75	13.75	1.9155030608028127
-33.75	15.0	2.0728195395633424
-33.75	16.25	1.7140483523883692
-33.75	17.5	1.1436122118269392
-33.75	18.75	1.1240980098057731
-33.75	20.0	1.4174247949147194
-33.75	21.25	4.999999992684629
-32.5	23.75	2.36446749079834
-32.5	22.5	1.849753278862785
-32.5	21.25	1.1889256927689242
-32.5	20.0	1.0989164336891069
-32.5	18.75	1.3607205571308878
-32.5	17.5	2.1278272920998678
-32.5	16.25	1.7891392611724344
-32.5	15.0	1.6717808268528085
-32.5	13.75	1.7302513334157776
-32.5	12.5	1.5953923311803742
-32.5	11.25	1.3752905311466854
-32.5	10.0	1.191152878380107
-32.5	8.75	1.1091602158712348
-32.5	7.5	1.0926407701421912
-32.5	6.25	1.035169366531611
-32.5	5.0	0.9673769437045525
-32.5	3.75	0.9428823067288281
-32.5	2.5	0.9281898893265854
-32.5	1.25	0.9039036237702938
-32.5	-0.0	0.9298250953160494
-32.5	-1.25	0.9274823876108318
-32.5	-2.5	0.9166005021534644
-32.5	-3.75	0.9292261969585871
-32.5	-5.0	0.9503517285224827
-32.5	-6.25	0.9575973415386771
-32.5	-7.5	0.9734328930221299
-32.5	-8.75	0.9926772735188072
-32.5	-10.0	0.9943974459023641
-32.5	-11.25	0.9685277865255895
-32.5	-12.5	0.9840488335769457
-32.5	-13.75	1.1082223034973007
-32.5	-15.0	1.1098365146650755
-32.5	-16.25	1.0039710063233809
-32.5	-17.5	1.0321724243437167
-32.5	-18.75	1.0441594020242517
-32.5	-20.0	0.8837148688136747
-32.5	-21.25	0.8177311360781854
-32.5	-22.5	0.9140188586219136
-32.5	-23.75	1.6192462735483604
-31.25	-25.0	1.4731723020036958
-31.25	-23.75	0.8616845208507993
-31.25	-22.5	0.8254621963814053
-31.25	-21.25	1.0140541590819838
-31.25	-20.0	1.034332769008902
-31.25	-18.75	0.9917387587489044
-31.25	-17.5	1.0331816335122443
-31.25	-16.25	1.044784897797383
-31.25	-15.0	0.9597142319232255
-31.25	-13.75	1.0128197777664347
-31.25	-12.5	1.002646689231545
-31.25	-11.25	0.987422343022196
-31.25	-10.0	0.9898847736129408
-31.25	-8.75	1.0125372628843596
-31.25	-7.5	1.0689793751782792
-31.25	-6.25	1.1141363725030127
-31.25	-5.0	1.1250518450101055
-31.25	-3.75	1.1135482460402901
-31.25	-2.5	1.1104556792402631
-31.25	-1.25	1.0955388677948612
-31.25	0.0	1.112098485014938
-31.25	1.25	1.094221232323668
-31.25	2.5	1.0876997994815625
-31.25	3.75	1.0740461277285984
-31.25	5.0	1.024120142026936
-31.25	6.25	0.9848176825705384
-31.25	7.5	0.9669391524809923
-31.25	8.75	0.9637688536008691
-31.25	10.0	1.0547917368332698
-31.25	11.25	1.141733533388467
-31.25	12.5	1.1540945658917785
-31.25	13.75	1.3119132649293537
-31.25	15.0	1.5955738995732194
-31.25	16.25	1.812902659884763
-31.25	17.5	1.6588805622926923
-31.25	18.75	2.150939003714482
-31.25	20.0	2.061975589394507
-31.25	21.25	1.1606214380336288
-31.25	22.5	1.0953068024927335
-31.25	23.75	1.4650344949154759
-31.25	25.0	2.678040455912729
-30.0	26.25	2.8888749349181655
-30.0	25.0	1.297802554109336
-30.0	23.75	1.0937616956953455
-30.0	22.5	1.2609302737234032
-30.0	21.25	2.1323740985644593
-30.0	20.0	1.6643388341253829
-30.0	18.75	1.8591188686356706
-30.0	17.5	1.6814106835383713
-30.0	16.25	1.367247928067659
-30.0	15.0	1.1753914686168931
-30.0	13.75	1.1578242830031318
-30.0	12.5	1.017744427865388
-30.0	11.25	0.9930276350299696
-30.0	10.0	1.006220074946702
-30.0	8.75	1.0484731300623853
-30.0	7.5	1.0365483436131004
-30.0	6.25	1.0167989989704225
-30.0	5.0	1.00699970475151
-30.0	3.75	0.968396337077837
-30.0	2.5	0.9464761411226474
-30.0	1.25	0.9624597809109741
-30.0	-0.0	0.951673310447104
-30.0	-1.25	0.9648554525437341
-30.0	-2.5	0.9860146175290456
-30.0	-3.75	0.9674637497182523
-30.0	-5.0	1.0093720944144078
-30.0	-6.25	1.0220140841648284
-30.0	-7.5	1.0684391404815852
-30.0	-8.75	1.1055345568573172
-30.0	-10.0	1.1208208350185345
-30.0	-11.25	1.1116924922823648
-30.0	-12.5	1.056812796210079
-30.0	-13.75	1.0621653408317258
-30.0	-15.0	1.0577649501928548
-30.0	-16.25	1.059578598748371
-30.0	-17.5	1.0019466910328507
-30.0	-18.75	0.998827574654447
-30.0	-20.0	0.951086122348018
-30.0	-21.25	0.9681274509266258
-30.0	-22.5	0.9140961572948711
-30.0	-23.75	0.8198062145593017
-30.0	-25.0	0.8373216523703331
-30.0	-26.25	1.3785732130722117
-28.75	-27.5	1.3413159733653224
-28.75	-26.25	0.8605454121304943
-28.75	-25.0	0.8437367330458905
-28.75	-23.75	0.9342546155143889
-28.75	-22.5	0.8923184722078057
-28.75	-21.25	0.9507231863825183
-28.75	-20.0	0.9474681559678144
-28.75	-18.75	1.0699352298747877
-28.75	-17.5	1.0834128366562528
-28.75	-16.25	1.0943094991834368
-28.75	-15.0	1.1298046582216799
-28.75	-13.75	1.1606856246568658
-28.75	-12.5	1.1142812106705868
-28.75	-11.25	1.0376426555438112
-28.75	-10.0	0.982484346544692
-28.75	-8.75	0.9308411603540856
-28.75	-7.5	0.9068720566632846
-28.75	-6.25	0.9278921889949157
-28.75	-5.0	0.9091937875650373
-28.75	-3.75	0.9023607995675365
-28.75	-2.5	0.9005869205594488
-28.75	-1.25	0.9210382441171729
-28.75	0.0	0.9303687076205778
-28.75	1.25	0.9074170583493304
-28.75	2.5	0.9180106242481578
-28.75	3.75	0.9127167659203819
-28.75	5.0	0.919583442444476
-28.75	6.25	0.9105816524323851
-28.75	7.5	0.9204374276809055
-28.75	8.75	0.9218138840482704
-28.75	10.0	0.9833879466006916
-28.75	11.25	1.0294793197811556
-28.75	12.5	1.0426396336175037
-28.75	13.75	1.0035351612072185
-28.75	15.0	1.0454804341052846
-28.75	16.25	1.1899320441661736
-28.75	17.5	1.228467501288618
-28.75	18.75	1.5150203424442275
-28.75	20.0	1.8681548326165789
-28.75	21.25	1.5479443279330463
-28.75	22.5	1.799271581741662
-28.75	23.75	1.3281997733849904
-28.75	25.0	1.094269734714545
-28.75	26.25	1.2569791784468514
-28.75	27.5	3.0433039738183627
-27.5	28.75	2.8310631609329073
-27.5	27.5	1.2469199177658075
-27.5	26.25	1.0837456479684757
-27.5	25.0	1.3741043979274092
-27.5	23.75	1.5708507185897407
-27.5	22.5	1.840904799261275
-27.5	21.25	1.843600646255097
-27.5	20.0	1.3998724957486548
-27.5	18.75	1.2437114772819164
-27.5	17.5	1.1118048464011823
-27.5	16.25	1.0104306734717072
-27.5	15.0	1.0569825374850499
-27.5	13.75	1.0098451122879144
-27.5	12.5	0.9288773890038584
-27.5	11.25	0.9197064956768628
-27.5	10.0	0.9238772713819206
-27.5	8.75	0.9136938896523095
-27.5	7.5	0.9566860044255474
-27.5	6.25	0.9676711719955469
-27.5	5.0	0.9460471080417001
-27.5	3.75	0.9762862167978925
-27.5	2.5	1.0175318404721594
-27.5	1.25	1.0262047844235038
-27.5	-0.0	0.9823782318513103
-27.5	-1.25	0.9762880178558921
-27.5	-2.5	0.9755070399910037
-27.5	-3.75	0.9867614196479346
-27.5	-5.0	0.9946894393733361
-27.5	-6.25	0.9901726087716334
-27.5	-7.5	0.9682050661630379
-27.5	-8.75	0.9251028496247731
-27.5	-10.0	0.8972682599379036
-27.5	-11.25	0.9046845687769363
-27.5	-12.5	0.9296751639654444
-27.5	-13.75	1.0095180202266398
-27.5	-15.0	1.1068468716534792
-27.5	-16.25	1.16713595375135
-27.5	-17.5	1.1813625587583543
-27.5	-18.75	1.1402298839856426
-27.5	-20.0	1.146224125416195
-27.5	-21.25	1.0029202509098303
-27.5	-22.5	0.9058480722988369
-27.5	-23.75	0.9070573681582701
-27.5	-25.0	0.9185122177859695
-27.5	-26.25	0.8524268546675877
-27.5	-27.5	0.86750770808605
-27.5	-28.75	1.798995835695779
-26.25	-30.0	2.0800056929557575
-26.25	-28.75	0.8770969209692883
-26.25	-27.5	0.8187873906666319
-26.25	-26.25	0.9449265636706325
-26.25	-25.0	0.9075357337998398
-26.25	-23.75	0.907110681677489
-26.25	-22.5	1.0641769463707496
-26.25	-21.25	1.1806510725083381
-26.25	-20.0	1.196455686914371
-26.25	-18.75	1.218967543139775
-26.25	-17.5	1.1553789892031583
-26.25	-16.25	1.0208181556067704
-26.25	-15.0	0.9076271238052822
-26.25	-13.75	0.8897010241751415
-26.25	-12.5	0.9089142488987187
-26.25	-11.25	0.9623826722888911
-26.25	-10.0	0.9653007120320929
-26.25	-8.75	0.9901332391682294
-26.25	-7.5	1.010939283391295
-26.25	-6.25	0.9978671916895827
-26.25	-5.0	1.00422015235646
-26.25	-3.75	1.0126541754099811
-26.25	-2.5	1.0213100868762037
-26.25	-1.25	1.0896923998950907
-26.25	0.0	1.1147772622147265
-26.25	1.25	1.0912091766569842
-26.25	2.5	1.10213931830571
-26.25	3.75	1.0765448487784637
-26.25	5.0	0.9956552260024676
-26.25	6.25	0.9782860888987166
-26.25	7.5	0.9936334111135352
-26.25	8.75	0.9563519521194586
-26.25	10.0	0.956392895682856
-26.25	11.25	0.9318196052778571
-26.25	12.5	0.9181792776190578
-26.25	13.75	0.8933619375235136
-26.25	15.0	0.9357936561769256
-26.25	16.25	1.043126705929379
-26.25	17.5	1.013302046371054
-26.25	18.75	1.0679130963053627
-26.25	20.0	1.24759197900811
-26.25	21.25	1.3573434927957884
-26.25	22.5	1.7012074368182581
-26.25	23.75	1.9017823428651424
-26.25	25.0	1.7697955447476366
-26.25	26.25	1.3034219890711576
-26.25	27.5	1.0695839337088975
-26.25	28.75	1.2946186624656235
-26.25	30.0	2.5215856861255714
-25.0	31.25	2.20081782455945
-25.0	30.0	1.4180397988240205
-25.0	28.75	1.0676331282310345
-25.0	27.5	1.3299944852104968
-25.0	26.25	1.5480080641284246
-25.0	25.0	1.9146206718334042
-25.0	23.75	1.6698468070915284
-25.0	22.5	1.3419426665610246
-25.0	21.25	1.2527104723191957
-25.0	20.0	1.024845270431313
-25.0	18.75	1.058056102042352
-25.0	17.5	0.9974401982911916
-25.0	16.25	0.8934067594367203
-25.0	15.0	0.8910870028889466
-25.0	13.75	0.8834765129333757
-25.0	12.5	0.9416184715587903
-25.0	11.25	0.9718407612822846
-25.0	10.0	0.9990547071368452
-25.0	8.75	1.0115985868836503
-25.0	7.5	1.164848397692432
-25.0	6.25	1.2271575958912004
-25.0	5.0	1.0629234411573218
-25.0	3.75	1.0717318131912084
-25.0	2.5	0.9814610493909193
-25.0	1.25	0.9148407488619732
-25.0	-0.0	0.8617603610854241
-25.0	-1.25	0.879352671794436
-25.0	-2.5	0.8575627826704952
-25.0	-3.75	0.8730147732128035
-25.0	-5.0	0.9016171365692092
-25.0	-6.25	0.9355604204727879
-25.0	-7.5	1.0025886903712973
-25.0	-8.75	1.0579207201357201
-25.0	-10.0	0.9484224697965988
-25.0	-11.25	0.8897772268961219
-25.0	-12.5	0.8976704191803
-25.0	-13.75	0.9053602493769786
-25.0	-15.0	0.8979941202061816
-25.0	-16.25	0.8661584461990399
-25.0	-17.5	0.9141158467710611
-25.0	-18.75	1.0778917884641697
-25.0	-20.0	1.2084062118875334
-25.0	-21.25	1.2241366947562717
-25.0	-22.5	1.2131504631588363
-25.0	-23.75	1.119482338520986
-25.0	-25.0	0.9303808017806716
-25.0	-26.25	0.9496637891605841
-25.0	-27.5	0.8548209612820994
-25.0	-28.75	0.8010395005007656
-25.0	-30.0	0.9235763261683498
-25.0	-31.25	2.7193904422274207
-23.75	-32.5	2.972996013477747
-23.75	-31.25	1.1885521740027292
-23.75	-30.0	0.8250424707533996
-23.75	-28.75	0.8975957708392865
-23.75	-27.5	0.898679222059986
-23.75	-26.25	0.9043942999587387
-23.75	-25.0	1.1590755715372527
-23.75	-23.75	1.2650224203272353
-23.75	-22.5	1.2606100841262027
-23.75	-21.25	1.1944894642757555
-23.75	-20.0	0.9856926726044879
-23.75	-18.75	0.8656419190442843
-23.75	-17.5	0.879430403321467
-23.75	-16.25	0.8926848031330898
-23.75	-15.0	0.8856569829382055
-23.75	-13.75	0.8766446979448137
-23.75	-12.5	0.9071924683833714
-23.75	-11.25	0.9245138909117596
-23.75	-10.0	0.8627457651137282
-23.75	-8.75	0.8480258901223188
-23.75	-7.5	0.8367580849705272
-23.75	-6.25	0.8339732852743555
-23.75	-5.0	0.8108498533236519
-23.75	-3.75	0.7927518074216477
-23.75	-2.5	0.8033595063603247
-23.75	-1.25	0.8039708766948461
-23.75	0.0	0.8116858569726357
-23.75	1.25	0.8113922121078438
-23.75	2.5	0.8201212112527543
-23.75	3.75	0.8421804539628557
-23.75	5.0	0.8539234528220927
-23.75	6.25	0.9576118970225806
-23.75	7.5	1.1373411736848746
-23.75	8.75	1.2666155055871853
-23.75	10.0	1.2154694906697516
-23.75	11.25	1.018030628811105
-23.75	12.5	0.992877482488014
-23.75	13.75	0.9161779877378944
-23.75	15.0	0.9137915816153512
-23.75	16.25	0.8682025649263565
-23.75	17.5	0.8906523894125149
-23.75	18.75	0.8727809095203938
-23.75	20.0	1.0375704192223196
-23.75	21.25	1.054457507611688
-23.75	22.5	1.234639054372738
-23.75	23.75	1.3531510058912009
-23.75	25.0	1.6978756795750076
-23.75	26.25	1.8636415076125505
-23.75	27.5	1.6067133044792055
-23.75	28.75	1.236987862011584
-23.75	30.0	1.048397903811563
-23.75	31.25	1.5972479331485072
-23.75	32.5	2.152230139576627
-22.5	32.5	2.350997347895146
-22.5	31.25	1.1188300076483406
-22.5	30.0	1.1141145797915009
-22.5	28.75	1.6088530118452304
-22.5	27.5	1.6809226374949109
-22.5	26.25	1.7460509818701215
-22.5	25.0	1.4408248341092822
-22.5	23.75	1.278834316452092
-22.5	22.5	1.0492321978933674
-22.5	21.25	1.0698334281857047
-22.5	20.0	0.8690609113071135
-22.5	18.75	0.8754334630403635
-22.5	17.5	0.8661917474876919
-22.5	16.25	0.8864683695261846
-22.5	15.0	0.9501584999342167
-22.5	13.75	0.9747783403617829
-22.5	12.5	1.0456971030047137
-22.5	11.25	1.0376613482473331
-22.5	10.0	0.905729710756427
-22.5	8.75	0.8746445384341968
-22.5	7.5	0.8454973902745451
-22.5	6.25	0.8168604200382035
-22.5	5.0	0.8252452284738219
-22.5	3.75	0.8814656154706233
-22.5	2.5	0.9131834768646812
-22.5	1.25	0.9225047499715551
-22.5	-0.0	0.9313077366173346
-22.5	-1.25	0.8947302012435543
-22.5	-2.5	0.9015745838932441
-22.5	-3.75	0.882758468989767
-22.5	-5.0	0.9004178043315711
-22.5	-6.25	0.8641209299497383
-22.5	-7.5	0.8534551609105883
-22.5	-8.75	0.823054871761947
-22.5	-10.0	0.8280570993990324
-22.5	-11.25	0.841086715378343
-22.5	-12.5	0.90042045750873
-22.5	-13.75	1.0306112644048815
-22.5	-15.0	0.9242414765024893
-22.5	-16.25	0.8714712619560592
-22.5	-17.5	0.8713061540756044
-22.5	-18.75	0.8698724378081968
-22.5	-20.0	0.845396452432353
-22.5	-21.25	0.9371118453289995
-22.5	-22.5	1.158971617963621
-22.5	-23.75	1.2811159255421227
-22.5	-25.0	1.2822050615294964
-22.5	-26.25	1.1394480004678487
-22.5	-27.5	0.9002101908365283
-22.5	-28.75	0.8850192547525246
-22.5	-30.0	0.8825620287336715
-22.5	-31.25	0.880648296356938
-22.5	-32.5	1.9811655783060562
-21.25	-33.75	2.4956114557062836
-21.25	-32.5	1.0644793880013248
-21.25	-31.25	0.8918947467532687
-21.25	-30.0	0.8881578534431798
-21.25	-28.75	0.8879332161835585
-21.25	-27.5	1.0965784890610415
-21.25	-26.25	1.2927924101099197
-21.25	-25.0	1.2865788078700202
-21.25	-23.75	1.1536889366717649
-21.25	-22.5	0.9192587917890975
-21.25	-21.25	0.8231038148715522
-21.25	-20.0	0.8573539979578149
-21.25	-18.75	0.864690765317726
-21.25	-17.5	0.8787874717783684
-21.25	-16.25	1.008897853049687
-21.25	-15.0	0.9198975269964516
-21.25	-13.75	0.8349480893974217
-21.25	-12.5	0.8048428520996058
-21.25	-11.25	0.8109941545856962
-21.25	-10.0	0.84653840991969
-21.25	-8.75	0.8740483977519684
-21.25	-7.5	0.8678856582692944
-21.25	-6.25	0.8600658371030807
-21.25	-5.0	0.859848084793323
-21.25	-3.75	0.880322714855363
-21.25	-2.5	0.8550029786896216
-21.25	-1.25	0.8473084605945935
-21.25	0.0	0.8597991025120457
-21.25	1.25	0.8750195107878351
-21.25	2.5	0.8836573319980907
-21.25	3.75	0.8756154093604254
-21.25	5.0	0.891928533006979
-21.25	6.25	0.9201070883459579
-21.25	7.5	0.8755501753531982
-21.25	8.75	0.8482969496961692
-21.25	10.0	0.842850892932625
-21.25	11.25	0.8475032822167616
-21.25	12.5	0.8928713143856832
-21.25	13.75	0.9614372692233495
-21.25	15.0	0.9042606880707593
-21.25	16.25	0.9178433390279999
-21.25	17.5	0.8618924962644563
-21.25	18.75	0.8620691707737906
-21.25	20.0	0.8458812903733826
-21.25	21.25	0.8982856341451386
-21.25	22.5	1.0957192191797214
-21.25	23.75	1.0640928274986035
-21.25	25.0	1.3208065147808092
-21.25	26.25	1.5401622444491458
-21.25	27.5	1.8437032218881546
-21.25	28.75	1.5181038951175267
-21.25	30.0	1.6387531070201211
-21.25	31.25	1.020655710846441
-21.25	32.5	1.2406859430089865
-21.25	33.75	2.1701935726094304
-20.0	35.0	1.9542319533593666
-20.0	33.75	1.6698621035437267
-20.0	32.5	1.0337831387906737
-20.0	31.25	1.2630526751370326
-20.0	30.0	1.7070379431205112
-20.0	28.75	1.8963971137857216
-20.0	27.5	1.6170617369175257
-20.0	26.25	1.353362177360368
-20.0	25.0	1.0976415223026237
-20.0	23.75	1.1244938869776817
-20.0	22.5	0.9076495240930971
-20.0	21.25	0.8502169054347686
-20.0	20.0	0.8529515792265112
-20.0	18.75	0.9321311667320797
-20.0	17.5	0.9329355008208235
-20.0	16.25	0.9258558112153743
-20.0	15.0	0.9139576473666686
-20.0	13.75	0.8690279498842655
-20.0	12.5	0.8409690256245881
-20.0	11.25	0.8587591660123124
-20.0	10.0	0.8930631538041025
-20.0	8.75	0.9320342017035168
-20.0	7.5	0.8864398824220698
-20.0	6.25	0.8708875648921257
-20.0	5.0	0.8729994546968687
-20.0	3.75	0.8417011373540726
-20.0	2.5	0.831782957462547
-20.0	1.25	0.8528043259210261
-20.0	-0.0	0.8414481730011447
-20.0	-1.25	0.8451168292733655
-20.0	-2.5	0.824867055105365
-20.0	-3.75	0.8434110476846204
-20.0	-5.0	0.8362686310903742
-20.0	-6.25	0.8294177169529888
-20.0	-7.5	0.8370000457744045
-20.0	-8.75	0.8429988691452834
-20.0	-10.0	0.8366787399849454
-20.0	-11.25	0.8492814881699644
-20.0	-12.5	0.8255451290205427
-20.0	-13.75	0.7960006728855404
-20.0	-15.0	0.808029399845954
-20.0	-16.25	0.8463757592322887
-20.0	-17.5	0.9923378329649708
-20.0	-18.75	0.8484769391612605
-20.0	-20.0	0.8370036761777175
-20.0	-21.25	0.8874561457578789
-20.0	-22.5	0.8482727052141223
-20.0	-23.75	0.9238543651546358
-20.0	-25.0	1.196345793708785
-20.0	-26.25	1.3096410644804308
-20.0	-27.5	1.2830689633763646
-20.0	-28.75	1.0313325422431374
-20.0	-30.0	0.9334784205157902
-20.0	-31.25	0.9086719882011574
-20.0	-32.5	0.9213299100753645
-20.0	-33.75	1.8773313546450066
-20.0	-35.0	2.820318824259954
-18.75	-35.0	2.4808354237274717
-18.75	-33.75	0.9715618149829446
-18.75	-32.5	0.9266804786869001
-18.75	-31.25	0.9337676188154731
-18.75	-30.0	0.9749687759879428
-18.75	-28.75	1.3001183873400226
-18.75	-27.5	1.3211604869121505
-18.75	-26.25	1.2292502802873368
-18.75	-25.0	0.9613879548793749
-18.75	-23.75	0.8413705964618581
-18.75	-22.5	0.8334721167456234
-18.75	-21.25	0.8543814388023305
-18.75	-20.0	0.8555614338737918
-18.75	-18.75	0.8308072692494486
-18.75	-17.5	0.8089417108895507
-18.75	-16.25	0.8162968886920616
-18.75	-15.0	0.8149514032854892
-18.75	-13.75	0.8250993680993792
-18.75	-12.5	0.8219809764594057
-18.75	-11.25	0.8226899635678411
-18.75	-10.0	0.8343540443948658
-18.75	-8.75	0.8338523015461208
-18.75	-7.5	0.8154621414171936
-18.75	-6.25	0.8385852847127753
-18.75	-5.0	0.8455184447478832
-18.75	-3.75	0.8730571360497539
-18.75	-2.5	0.9172448016760555
-18.75	-1.25	0.8742407536720069
-18.75	0.0	0.8697281491899878
-18.75	1.25	0.9344431217615368
-18.75	2.5	0.9109408929934935
-18.75	3.75	0.9032299733100206
-18.75	5.0	0.9248311702483845
-18.75	6.25	0.9283911763868202
-18.75	7.5	0.8843366167769373
-18.75	8.75	0.913034498978682
-18.75	10.0	0.8970796834525663
-18.75	11.25	0.9222349220684318
-18.75	12.5	0.8808067347110624
-18.75	13.75	0.8675855569090807
-18.75	15.0	0.8675170091044269
-18.75	16.25	0.8859590696467361
-18.75	17.5	0.9292821113548042
-18.75	18.75	0.9553374649055089
-18.75	20.0	0.9204861232102495
-18.75	21.25	0.8603797655926293
-18.75	22.5	0.8615088906832806
-18.75	23.75	0.9277425453040467
-18.75	25.0	1.1184083283672566
-18.75	26.25	1.1557737747538086
-18.75	27.5	1.387142575739233
-18.75	28.75	1.6393288281151204
-18.75	30.0	1.6864517938943768
-18.75	31.25	1.769479603500642
-18.75	32.5	1.0927269400326614
-18.75	33.75	1.1685289077977572
-18.75	35.0	2.5811338703187676
-17.5	36.25	2.4659615650165705
-17.5	35.0	1.6278341042376265
-17.5	33.75	1.0104850967768169
-17.5	32.5	1.7518484558423228
-17.5	31.25	1.5228482247152808
-17.5	30.0	1.786488429740249
-17.5	28.75	1.4594896407934543
-17.5	27.5	1.321306530361995
-17.5	26.25	1.0719063608887485
-17.5	25.0	0.9833708938854429
-17.5	23.75	0.8608676106424262
-17.5	22.5	0.861294497327096
-17.5	21.25	0.8956234321612389
-17.5	20.0	0.9596078578261933
-17.5	18.75	0.9294301536163925
-17.5	17.5	0.9089457403530901
-17.5	16.25	0.9066220807037126
-17.5	15.0	0.8628043859540471
-17.5	13.75	0.9030301955152513
-17.5	12.5	0.9174800450069824
-17.5	11.25	0.8880816715251321
-17.5	10.0	0.9143746091911247
-17.5	8.75	0.8718973039718767
-17.5	7.5	0.8678447871797799
-17.5	6.25	0.864403060179427
-17.5	5.0	0.8923726518250401
-17.5	3.75	0.9127225713699261
-17.5	2.5	0.8970196218399522
-17.5	1.25	0.8894409262556611
-17.5	-0.0	0.8671065374936759
-17.5	-1.25	0.8794007307430407
-17.5	-2.5	0.8741393633804311
-17.5	-3.75	0.8869446339375644
-17.5	-5.0	0.9124494223443129
-17.5	-6.25	0.9121251435162065
-17.5	-7.5	0.8660906151424648
-17.5	-8.75	0.839503097177257
-17.5	-10.0	0.8308302269905266
-17.5	-11.25	0.8122528431038099
-17.5	-12.5	0.8206135387077325
-17.5	-13.75	0.8167629016387066
-17.5	-15.0	0.810803180589498
-17.5	-16.25	0.8038833123707274
-17.5	-17.5	0.7768848202186067
-17.5	-18.75	0.8135342537908832
-17.5	-20.0	0.8624260459092472
-17.5	-21.25	0.8501344539947713
-17.5	-22.5	0.8680285315016807
-17.5	-23.75	0.8297826779477404
-17.5	-25.0	0.8541437594029899
-17.5	-26.25	1.0252330355520654
-17.5	-27.5	1.2882736371224768
-17.5	-28.75	1.374673535116858
-17.5	-30.0	1.2117959769639421
-17.5	-31.25	0.9565092499239514
-17.5	-32.5	0.8777648514056597
-17.5	-33.75	0.9030288238911153
-17.5	-35.0	1.942838774786992
-17.5	-36.25	2.2075858103663375
-16.25	-36.25	3.14515991399934
-16.25	-35.0	1.1271537772013414
-16.25	-33.75	0.8752880587235632
-16.25	-32.5	0.9664526086469429
-16.25	-31.25	1.0644355687605263
-16.25	-30.0	1.3803064326798564
-16.25	-28.75	1.3476701447629686
-16.25	-27.5	1.1229676780281794
-16.25	-26.25	0.8754304629883531
-16.25	-25.0	0.8266304207490638
-16.25	-23.75	0.8555762557305311
-16.25	-22.5	0.8536321809039391
-16.25	-21.25	0.8795179326186533
-16.25	-20.0	0.809206354061109
-16.25	-18.75	0.8054776221641617
-16.25	-17.5	0.8025438002309526
-16.25	-16.25	0.8254789312946373
-16.25	-15.0	0.8352997248550214
-16.25	-13.75	0.8121434397997787
-16.25	-12.5	0.821095475811048
-16.25	-11.25	0.8200782578819767
-16.25	-10.0	0.8443383663597528
-16.25	-8.75	0.8733295823285303
-16.25	-7.5	0.9054789119190421
-16.25	-6.25	0.8937896782606618
-16.25	-5.0	0.8894356645281354
-16.25	-3.75	0.8817377431609774
-16.25	-2.5	0.9038470485773367
-16.25	-1.25	0.9337851024390833
-16.25	0.0	0.8839508396582065
-16.25	1.25	0.9062531894887673
-16.25	2.5	0.9442620957829977
-16.25	3.75	0.9301506197096483
-16.25	5.0	0.9383117861180974
-16.25	6.25	0.9015137575816299
-16.25	7.5	0.9948144411748068
-16.25	8.75	0.9408530515618718
-16.25	10.0	0.8731960699636154
-16.25	11.25	0.9196326510965269
-16.25	12.5	0.8904652975102954
-16.25	13.75	0.9163280794123105
-16.25	15.0	0.929006170981741
-16.25	16.25	0.8636384571801381
-16.25	17.5	0.8593388201023844
-16.25	18.75	0.9453732352688871
-16.25	20.0	0.9438192277352666
-16.25	21.25	0.9683497589573955
-16.25	22.5	0.9173121065842196
-16.25	23.75	0.8669729724300375
-16.25	25.0	0.9042259536710713
-16.25	26.25	1.0612523276737384
-16.25	27.5	1.1177806883753831
-16.25	28.75	1.3599404467238463
-16.25	30.0	1.5173104356380964
-16.25	31.25	1.8256104682514778
-16.25	32.5	1.6433267704289207
-16.25	33.75	1.0783630691592583
-16.25	35.0	1.2004654375794797
-16.25	36.25	2.3842438155352426
-15.0	37.5	2.096128438009554
-15.0	36.25	1.8493400932686699
-15.0	35.0	1.0461775503172754
-15.0	33.75	1.6595179267618398
-15.0	32.5	1.5949783426459323
-15.0	31.25	1.747350072036288
-15.0	30.0	1.3731032296681889
-15.0	28.75	1.2272448449072115
-15.0	27.5	1.1353915781778676
-15.0	26.25	0.9841104337162001
-15.0	25.0	0.8865936007047504
-15.0	23.75	0.8772803967313205
-15.0	22.5	0.9603240016673409
-15.0	21.25	0.9248277769095132
-15.0	20.0	0.9855764119806025
-15.0	18.75	0.8946987396228305
-15.0	17.5	0.8964109564461262
-15.0	16.25	0.936402642018975
-15.0	15.0	0.921563589295463
-15.0	13.75	0.8965445283924609
-15.0	12.5	0.910426730233846
-15.0	11.25	0.8676826641433353
-15.0	10.0	0.8707115042082822
-15.0	8.75	0.9053177031075865
-15.0	7.5	0.8991194149474406
-15.0	6.25	0.8752676536663735
-15.0	5.0	0.9176587999199377
-15.0	3.75	0.9100880744564099
-15.0	2.5	0.8986110314210212
-15.0	1.25	0.9000444193678057
-15.0	-0.0	0.8975147179050147
-15.0	-1.25	0.8954917042403352
-15.0	-2.5	0.8618104714277006
-15.0	-3.75	0.8711330231257133
-15.0	-5.0	0.8748933067828215
-15.0	-6.25	0.8539013379576517
-15.0	-7.5	0.8516967074019091
-15.0	-8.75	0.8722036765692351
-15.0	-10.0	0.8343450034854509
-15.0	-11.25	0.8485534831870165
-15.0	-12.5	0.8941492403620046
-15.0	-13.75	0.8370282302421224
-15.0	-15.0	0.8104225349467686
-15.0	-16.25	0.8251376949202305
-15.0	-17.5	0.8003321288201928
-15.0	-18.75	0.8100608006347869
-15.0	-20.0	0.7911047576993502
-15.0	-21.25	0.829606537507174
-15.0	-22.5	0.9632241740592153
-15.0	-23.75	0.8723991626777572
-15.0	-25.0	0.8385216866368239
-15.0	-26.25	0.8502106146037054
-15.0	-27.5	0.943036685019818
-15.0	-28.75	1.2606271924769406
-15.0	-30.0	1.441142731012114
-15.0	-31.25	1.3075418945756887
-15.0	-32.5	0.9851566340894262
-15.0	-33.75	0.9181061232722243
-15.0	-35.0	0.9342186527866128
-15.0	-36.25	2.9190687973262985
-15.0	-37.5	-2.357190425214019
-13.75	-37.5	2.6022471444562694
-13.75	-36.25	1.5799370756961553
-13.75	-35.0	0.9272853204918423
-13.75	-33.75	0.9970923998530186
-13.75	-32.5	1.0781771483167715
-13.75	-31.25	1.4311969801104958
-13.75	-30.0	1.394127224779215
-13.75	-28.75	1.0823869871490022
-13.75	-27.5	0.8437635025854924
-13.75	-26.25	0.8511097946684618
-13.75	-25.0	0.8362198594590335
-13.75	-23.75	0.924256922158051
-13.75	-22.5	0.9091413127590346
-13.75	-21.25	0.8124577243091586
-13.75	-20.0	0.80789091611123
-13.75	-18.75	0.8158727711893166
-13.75	-17.5	0.7933082013143711
-13.75	-16.25	0.8163804754982449
-13.75	-15.0	0.8450973214936628
-13.75	-13.75	0.8496376418505047
-13.75	-12.5	0.8533610039173221
-13.75	-11.25	0.840649314097293
-13.75	-10.0	0.8774173042317219
-13.75	-8.75	0.9503413146019799
-13.75	-7.5	0.8579498517020507
-13.75	-6.25	0.8471689573946151
-13.75	-5.0	0.8464616422271387
-13.75	-3.75	0.8775346739484533
-13.75	-2.5	0.8626114668830676
-13.75	-1.25	0.8488882586248003
-13.75	0.0	0.8414647664651511
-13.75	1.25	0.865478574604241
-13.75	2.5	0.8763289455202283
-13.75	3.75	0.855035895938788
-13.75	5.0	0.866908743358799
-13.75	6.25	0.864798786971952
-13.75	7.5	0.8689534663430738
-13.75	8.75	0.8622075777874647
-13.75	10.0	0.876077617419206
-13.75	11.25	0.8766408803868977
-13.75	12.5	0.8837988922153359
-13.75	13.75	0.9149155545304088
-13.75	15.0	0.9032997634114128
-13.75	16.25	0.959230078481986
-13.75	17.5	0.8971049947586902
-13.75	18.75	0.9036953681591076
-13.75	20.0	0.9191967905094325
-13.75	21.25	0.968022049907999
-13.75	22.5	0.9687633002190719
-13.75	23.75	0.9145313570816329
-13.75	25.0	0.8824047564682536
-13.75	26.25	0.9678272777733508
-13.75	27.5	1.1030019181622706
-13.75	28.75	1.1653625459005879
-13.75	30.0	1.3475031893414338
-13.75	31.25	1.510613570868875
-13.75	32.5	1.705490801496932
-13.75	33.75	1.6762703365598508
-13.75	35.0	1.0347810982583558
-13.75	36.25	1.2981564248059385
-13.75	37.5	2.2413580204109156
-12.5	37.5	2.6220717164687866
-12.5	36.25	1.1417286553416162
-12.5	35.0	1.4283618025949716
-12.5	33.75	1.7002565829435952
-12.5	32.5	1.781851107805994
-12.5	31.25	1.3929655847330116
-12.5	30.0	1.3731707324881137
-12.5	28.75	1.1716153502459914
-12.5	27.5	1.019432700200868
-12.5	26.25	0.902744092523621
-12.5	25.0	0.8598460973104682
-12.5	23.75	0.9566482144566884
-12.5	22.5	0.9396509357477552
-12.5	21.25	0.9154037495704612
-12.5	20.0	0.9324339799643404
-12.5	18.75	0.8989847533236448
-12.5	17.5	0.9887400920772862
-12.5	16.25	0.9198336505442262
-12.5	15.0	0.9766819542215099
-12.5	13.75	0.908145732066231
-12.5	12.5	0.8966364666696061
-12.5	11.25	0.893017231506291
-12.5	10.0	0.8769841857275278
-12.5	8.75	0.8599182227684281
-12.5	7.5	0.8542142070054517
-12.5	6.25	0.8665318630152825
-12.5	5.0	0.8914839597602953
-12.5	3.75	0.9200669789920957
-12.5	2.5	0.8975418154945523
-12.5	1.25	0.8999792689329773
-12.5	-0.0	0.9023502826556076
-12.5	-1.25	0.9147139039279493
-12.5	-2.5	0.9309968230674892
-12.5	-3.75	0.934036238458571
-12.5	-5.0	0.9302438477336867
-12.5	-6.25	0.8939173617442435
-12.5	-7.5	0.8623882575123654
-12.5	-8.75	0.8518370133636735
-12.5	-10.0	0.8395446087119582
-12.5	-11.25	0.8478826248193174
-12.5	-12.5	0.9129372477382169
-12.5	-13.75	0.8785641051317175
-12.5	-15.0	0.9063380445584359
-12.5	-16.25	0.884395161271895
-12.5	-17.5	0.8374165478677149
-12.5	-18.75	0.8161235986034878
-12.5	-20.0	0.813514100716751
-12.5	21.25	0.892945098145769
-12.5	22.5	0.9603322427486249
-12.5	23.75	0.9510322103988749
-12.5	25.0	0.8582840544002508
-12.5	26.25	0.9098536804478998
-12.5	27.5	1.0233625065837426
-12.5	28.75	1.1703904370173692
-12.5	30.0	1.3126394678027875
-12.5	31.25	1.3835769378095542
-12.5	32.5	1.7809363674704661
-12.5	33.75	1.696721201548792
-12.5	35.0	1.4565455363663027
-12.5	36.25	1.1213279539225702
-12.5	37.5	3.022521274203477
-11.25	38.75	2.7414420199189173
-11.25	37.5	1.7664824372326464
-11.25	36.25	1.066203736031099
-11.25	35.0	1.625814554992676
-11.25	33.75	1.5688454115420924
-11.25	32.5	1.6326379897389076
-11.25	31.25	1.363572969537966
-11.25	30.0	1.258247898740712
-11.25	28.75	1.133013030944956
-11.25	27.5	0.9663246610618881
-11.25	26.25	0.8969693134627343
-11.25	25.0	0.9023804639582238
-11.25	23.75	0.9970433321876202
-11.25	22.5	0.9240704622312537
-11.25	21.25	0.9335623476175385
-11.25	20.0	0.9065962529228146
-11.25	18.75	0.9949046075453758
-11.25	17.5	0.947646055045583
-11.25	16.25	0.9879093899922706
-11.25	15.0	0.9525880032450154
-11.25	13.75	0.9523941742734445
-11.25	12.5	0.9376818029327687
-11.25	11.25	0.9367089452743205
-11.25	10.0	0.9221265700122849
-11.25	8.75	0.8848439467845388
-11.25	7.5	0.8704163061658186
-11.25	6.25	0.8700009229939818
-11.25	5.0	0.8722203118465188
-11.25	3.75	0.8736279525984081
-11.25	2.5	0.8647172524158062
-11.25	1.25	0.8663418763734798
-11.25	-0.0	0.8644853541306405
-11.25	-1.25	0.8644950044932482
-11.25	-2.5	0.8751276385800573
-11.25	-3.75	0.8639775708070339
-11.25	-5.0	0.8669680361713885
-11.25	-6.25	0.8602251283431954
-11.25	-7.5	0.8829150509083972
-11.25	-8.75	0.8620976354116969
-11.25	-10.0	0.8471131348743075
-11.25	-11.25	0.8682935177850357
-11.25	-12.5	0.861086961860047
-11.25	-13.75	0.8649347504281524
-11.25	-15.0	0.8702694593987985
-11.25	-16.25	0.8454072757737201
-11.25	-17.5	0.8185382593005759
-11.25	-18.75	0.8593714612045904
-11.25	-20.0	0.8054365586770533
-11.25	-21.25	0.8129452293576156
-11.25	-22.5	0.8161002876652246
-11.25	-23.75	0.8478838221854108
-11.25	-25.0	0.951046138116947
-11.25	-26.25	0.8572590527895176
-11.25	-27.5	0.8627158637503118
-11.25	-28.75	0.8624245426978074
-11.25	-30.0	1.137149193400191
-11.25	-31.25	1.4356040583317755
-11.25	-32.5	1.4448061022763437
-11.25	-33.75	1.0599840625695034
-11.25	-35.0	0.9872020391270029
-11.25	-36.25	1.017033609719915
-11.25	-37.5	4.999999999999998
-11.25	-38.75	2.4654683526106247
-10.0	-38.75	2.9937308564731113
-10.0	-37.5	2.00474657203695
-10.0	-36.25	0.9596481168676618
-10.0	-35.0	1.0338088762165345
-10.0	-33.75	1.189614198314234
-10.0	-32.5	1.4813716985204506
-10.0	-31.25	1.3706509535023903
-10.0	-30.0	0.9871778932017117
-10.0	-28.75	0.8895494503036518
-10.0	-27.5	0.8771018671900235
-10.0	-26.25	0.8688240981068542
-10.0	-25.0	1.0011087339554612
-10.0	-23.75	0.8241092158008119
-10.0	-22.5	0.8291293523412566
-10.0	-21.25	0.8135076120728959
-10.0	-20.0	0.8438304759127888
-10.0	-18.75	0.8346900247838107
-10.0	-17.5	0.8368169478023635
-10.0	-16.25	0.85002162700345
-10.0	-15.0	0.8561438460353932
-10.0	-13.75	0.8580960574505436
-10.0	-12.5	0.8479365102836702
-10.0	-11.25	0.8535924448278038
-10.0	-10.0	0.8542704980236424
-10.0	-8.75	0.8316873120983912
-10.0	-7.5	0.8551365895934682
-10.0	-6.25	0.847047947808167
-10.0	-5.0	0.8555131435265926
-10.0	-3.75	0.8679926883032927
-10.0	-2.5	0.877195913423888
-10.0	-1.25	0.8823947854993799
-10.0	0.0	0.8491797033637098
-10.0	1.25	0.867667261228374
-10.0	2.5	0.8464000635146309
-10.0	3.75	0.849491693362352
-10.0	5.0	0.8727263383584685
-10.0	6.25	0.8769052727641569
-10.0	7.5	0.8867985972386965
-10.0	8.75	0.8892504800158214
-10.0	10.0	0.909045056795815
-10.0	11.25	0.9022289885596511
-10.0	12.5	0.9285418459433368
-10.0	13.75	0.9475622943899555
-10.0	15.0	0.9323388194336255
-10.0	16.25	0.9139341137284385
-10.0	17.5	0.9763620200960332
-10.0	18.75	1.0297916429677638
-10.0	20.0	0.8987144433441028
-10.0	21.25	0.9410128603922594
-10.0	22.5	0.9276883034832428
-10.0	23.75	0.9642964776662897
-10.0	25.0	0.9761818588251661
-10.0	26.25	0.8570232367786224
-10.0	27.5	0.9413109243208044
-10.0	28.75	1.0855994456836129
-10.0	30.0	1.1632599479925574
-10.0	31.25	1.4179156361992264
-10.0	32.5	-1.4886072332485245
-10.0	33.75	1.7019872976586559
-10.0	35.0	1.5748565902243392
-10.0	36.25	1.0967790575660459
-10.0	37.5	1.383297358972957
-10.0	38.75	2.41859919620508
-8.75	38.75	2.4308365060524437
-8.75	37.5	1.1969779034413932
-8.75	36.25	1.2863406910690225
-8.75	35.0	1.4638224357305578
-8.75	33.75	-1.728870198447746
-8.75	32.5	1.469797225043239
-8.75	31.25	1.391795891802774
-8.75	30.0	1.167938714592431
-8.75	28.75	1.0658166237250724
-8.75	27.5	0.9158494541871267
-8.75	26.25	0.8885723622807342
-8.75	25.0	1.048923862212253
-8.75	23.75	0.9341337755575916
-8.75	22.5	0.9120663291526263
-8.75	21.25	0.9233528383139156
-8.75	20.0	0.9527840951359989
-8.75	18.75	0.9919376834156681
-8.75	17.5	0.9498619734031388
-8.75	16.25	0.9409999508361642
-8.75	15.0	0.9145777578907888
-8.75	13.75	0.9026587965282618
-8.75	12.5	0.9516335252353887
-8.75	11.25	0.9575088566542682
-8.75	10.0	0.8669786319933088
-8.75	8.75	0.8770889688228678
-8.75	7.5	0.8597026354808843
-8.75	6.25	0.8695866728754194
-8.75	5.0	0.8558788793780723
-8.75	3.75	0.8370779878803081
-8.75	2.5	0.8369524099541179
-8.75	1.25	0.8501503373558075
-8.75	-0.0	0.8445083118425689
-8.75	-1.25	0.8741759919190635
-8.75	-2.5	0.9009248108850096
-8.75	-3.75	0.8983409987990569
-8.75	-5.0	0.862562235561624
-8.75	-6.25	0.8242397837231064
-8.75	-7.5	0.8529755984797704
-8.75	-8.75	0.8430393668521772
-8.75	-10.0	0.8488486001526283
-8.75	-11.25	0.8557315743236042
-8.75	-12.5	0.8509110412782492
-8.75	-13.75	0.9086052877524056
-8.75	-15.0	0.8847683656223415
-8.75	-16.25	0.8766300110085092
-8.75	-17.5	0.8546648868626461
-8.75	-18.75	0.8167788852817894
-8.75	-20.0	0.8109497974291191
-8.75	-21.25	0.8100030999956562
-8.75	-22.5	0.8334860585650326
-8.75	-23.75	0.8056570743788676
-8.75	-25.0	0.8758604921335138
-8.75	-26.25	0.9083640815883882
-8.75	-27.5	0.8525800662880387
-8.75	-28.75	0.8647425495746504
-8.75	-30.0	0.9191069295618393
-8.75	-31.25	1.275341576228012
-8.75	-32.5	1.50040907786647
-8.75	-33.75	1.3394936636081942
-8.75	-35.0	1.0874172067354246
-8.75	-36.25	0.9581748627877165
-8.75	-37.5	1.5057412044641634
-8.75	-38.75	2.7338827701468364
-7.5	-38.75	3.3473934817246267
-7.5	-37.5	1.1920201868144256
-7.5	-36.25	0.9755741042804198
-7.5	-35.0	1.114611812941475
-7.5	-33.75	1.416786690688836
-7.5	-32.5	1.4834498867314005
-7.5	-31.25	1.159935850459445
-7.5	-30.0	0.8775786935869823
-7.5	-28.75	0.8796988403402528
-7.5	-27.5	0.8425766888465391
-7.5	-26.25	0.9855545537265078
-7.5	-25.0	0.8577907836441323
-7.5	-23.75	0.8116588663973525
-7.5	-22.5	0.8401749712854336
-7.5	-21.25	0.82448585868688
-7.5	-20.0	0.8208450907519307
-7.5	-18.75	0.8344993177709092
-7.5	-17.5	0.8430258717752315
-7.5	-16.25	0.8673061392828361
-7.5	-15.0	0.8780028776134419
-7.5	-13.75	0.8810340351592583
-7.5	-12.5	0.8408950031365325
-7.5	-11.25	0.8538680292342606
-7.5	-10.0	0.8508682563423706
-7.5	-8.75	0.8407427324020569
-7.5	-7.5	0.830964838679872
-7.5	-6.25	0.8364824657712733
-7.5	-5.0	0.842548867456598
-7.5	-3.75	0.8703248433883015
-7.5	-2.5	0.8741384474148699
-7.5	-1.25	0.8444732736569822
-7.5	0.0	0.849472947038949
-7.5	1.25	0.8403331474590061
-7.5	2.5	0.874077581052374
-7.5	3.75	0.8473509980654184
-7.5	5.0	0.8376871640327144
-7.5	6.25	0.8658271496972745
-7.5	7.5	0.876220980279049
-7.5	8.75	0.8731717955047209
-7.5	10.0	0.8446340714393248
-7.5	11.25	0.9223266125258487
-7.5	12.5	0.9386825765183016
-7.5	13.75	0.8894308044086054
-7.5	15.0	0.8961831152052859
-7.5	16.25	0.9388119771779015
-7.5	17.5	0.9343834296346154
-7.5	18.75	0.9521220597317237
-7.5	20.0	1.0318956862119784
-7.5	21.25	0.9330672117138361
-7.5	22.5	0.9295243056652112
-7.5	23.75	0.9305408522311982
-7.5	25.0	1.0228837897663592
-7.5	26.25	0.9325306134483577
-7.5	27.5	0.8885151978730637
-7.5	28.75	0.9943300402682942
-7.5	30.0	1.1625277442538176
-7.5	31.25	1.3711025003523627
-7.5	32.5	1.4930041927123305
-7.5	33.75	1.7254683362893974
-7.5	35.0	1.5663119605609115
-7.5	36.25	1.487096312032933
-7.5	37.5	1.1299877725430356
-7.5	38.75	2.901999512352573
-6.25	40.0	2.3619285267318766
-6.25	38.75	1.9784730347187338
-6.25	37.5	1.0059925708215438
-6.25	36.25	1.5654001502506247
-6.25	35.0	1.675518698132036
-6.25	33.75	1.6938290212273488
-6.25	32.5	1.4939521814442305
-6.25	31.25	1.2770096301686031
-6.25	30.0	1.171373188260584
-6.25	28.75	0.9689503507598936
-6.25	27.5	0.8780334580836548
-6.25	26.25	0.980789381488222
-6.25	25.0	0.9928793381270351
-6.25	23.75	0.9313525191849372
-6.25	22.5	0.9157774981818605
-6.25	21.25	0.9111842169225781
-6.25	20.0	0.9760841481867111
-6.25	18.75	0.9447905716337441
-6.25	17.5	0.9595820960448389
-6.25	16.25	0.9676444850162707
-6.25	15.0	0.8876849358428966
-6.25	13.75	0.9033298154300287
-6.25	12.5	0.9564688656965927
-6.25	11.25	0.9461024188877332
-6.25	10.0	0.8580930786718621
-6.25	8.75	0.8595638853896128
-6.25	7.5	0.8602927195967229
-6.25	6.25	0.8604862891480458
-6.25	5.0	0.8613966401175119
-6.25	3.75	0.8564315796940694
-6.25	2.5	0.8430721700854624
-6.25	1.25	0.8520171103440219
-6.25	-0.0	0.8274718451985699
-6.25	-1.25	0.85113501633937
-6.25	-2.5	0.8705816815244134
-6.25	-3.75	0.8844214741995247
-6.25	-5.0	0.8617996047127665
-6.25	-6.25	0.8535830582879189
-6.25	-7.5	0.8329766361159141
-6.25	-8.75	0.8465797375000372
-6.25	-10.0	0.845484213575415
-6.25	-11.25	0.84441497826122
-6.25	-12.5	0.8334647722148709
-6.25	-13.75	0.8808171853120079
-6.25	-15.0	0.9229165567471567
-6.25	-16.25	0.8675254431508819
-6.25	-17.5	0.8366873729609576
-6.25	-18.75	0.8430878334087577
-6.25	-20.0	0.8169345608936096
-6.25	-21.25	0.825074620882642
-6.25	-22.5	0.8139309541381534
-6.25	-23.75	0.8195826602818084
-6.25	-25.0	0.8416303003626044
-6.25	-26.25	1.0064179652427319
-6.25	-27.5	0.8765284100347293
-6.25	-28.75	0.8892386620377728
-6.25	-30.0	0.9054358785082961
-6.25	-31.25	1.0561964358795723
-6.25	-32.5	1.4487885044363038
-6.25	-33.75	1.471892207586949
-6.25	-35.0	1.1510576793332312
-6.25	-36.25	1.0110597167650415
-6.25	-37.5	1.085711442793773
-6.25	-38.75	3.5559257950303014
-6.25	-40.0	3.9147724638549057
-5.0	-40.0	2.5648184836867527
-5.0	-38.75	3.0406009092162822
-5.0	-37.5	1.031701506481486
-5.0	-36.25	1.0695495308043466
-5.0	-35.0	1.2078798922243204
-5.0	-33.75	1.509194063464979
-5.0	-32.5	1.410728432793995
-5.0	-31.25	0.980715174359208
-5.0	-30.0	0.8658300648581916
-5.0	-28.75	0.8467906941806795
-5.0	-27.5	0.8942609886125377
-5.0	-26.25	0.93731757214087
-5.0	-25.0	0.851200399687082
-5.0	-23.75	0.8324499274314503
-5.0	-22.5	0.8227626553056844
-5.0	-21.25	0.8071743386843337
-5.0	-20.0	0.825375369266931
-5.0	-18.75	0.8424171170426087
-5.0	-17.5	0.8321871296791494
-5.0	-16.25	0.8750980442197207
-5.0	-15.0	0.8900427896470609
-5.0	-13.75	0.8751015796971382
-5.0	-12.5	0.8539717738291408
-5.0	-11.25	0.85876438897232
-5.0	-10.0	0.8513692677644826
-5.0	-8.75	0.8700220497880107
-5.0	-7.5	0.8414852870834499
-5.0	-6.25	0.8434403457326276
-5.0	-5.0	0.8640167158184084
-5.0	-3.75	0.8983710008506591
-5.0	-2.5	0.8913707010215912
-5.0	-1.25	0.8437670065712606
-5.0	0.0	0.8324097075481003
-5.0	1.25	0.8629840007243388
-5.0	2.5	0.851209202665455
-5.0	3.75	0.8545769464628812
-5.0	5.0	0.8445552766518647
-5.0	6.25	0.840028326279656
-5.0	7.5	0.8680220926755577
-5.0	8.75	0.8798309324829621
-5.0	10.0	0.8497972650527412
-5.0	11.25	0.9155577403165136
-5.0	12.5	0.9364622271172305
-5.0	13.75	0.8966654989455431
-5.0	15.0	0.8826846783977205
-5.0	16.25	0.9198891798835636
-5.0	17.5	0.9253860841489931
-5.0	18.75	0.9401910374703979
-5.0	20.0	0.9849983098013428
-5.0	21.25	0.9595128243950164
-5.0	22.5	0.9293721518766906
-5.0	23.75	0.9400951734983689
-5.0	25.0	0.9666617618077478
-5.0	26.25	1.0733927232604303
-5.0	27.5	0.8784964752701381
-5.0	28.75	0.9704057382122286
-5.0	30.0	1.1280620270478998
-5.0	31.25	1.1782294561889053
-5.0	32.5	1.532490809534318
-5.0	33.75	1.654886724058664
-5.0	35.0	1.8112401168824253
-5.0	36.25	1.6608034277366333
-5.0	37.5	1.0209449279266947
-5.0	38.75	1.7414670520082067
-5.0	40.0	2.45166274334699
-3.75	40.0	2.4246433239802485
-3.75	38.75	1.5920617281208704
-3.75	37.5	1.0850852114994103
-3.75	36.25	1.713307116692146
-3.75	35.0	1.9029971244065766
-3.75	33.75	1.640467828326316
-3.75	32.5	1.5227797168280883
-3.75	31.25	1.163806596667345
-3.75	30.0	1.1067939903281143
-3.75	28.75	0.9234525376481351
-3.75	27.5	0.885604859012723
-3.75	26.25	1.0526001258580298
-3.75	25.0	0.9850243212120873
-3.75	23.75	0.9489016316938574
-3.75	22.5	0.9114260752638392
-3.75	21.25	1.0601672678554301
-3.75	20.0	0.9704708148435781
-3.75	18.75	0.9570645247210052
-3.75	17.5	0.9445082035403898
-3.75	16.25	0.9289993545198012
-3.75	15.0	0.898673085894405
-3.75	13.75	0.8960659968506199
-3.75	12.5	0.946767761307326
-3.75	11.25	0.9293994611846879
-3.75	10.0	0.8527763454864541
-3.75	8.75	0.8836737640408012
-3.75	7.5	0.8825001083088866
-3.75	6.25	0.8837692751436608
-3.75	5.0	0.8482278534108314
-3.75	3.75	0.8417136034562924
-3.75	2.5	0.8481419381817332
-3.75	1.25	0.8483031002172767
-3.75	-0.0	0.8425433147594674
-3.75	-1.25	0.8370888512701953
-3.75	-2.5	0.8766323294697678
-3.75	-3.75	0.8870078994768278
-3.75	-5.0	0.8722985245696808
-3.75	-6.25	0.8351818487409002
-3.75	-7.5	0.8342701348496888
-3.75	-8.75	0.8518076967451815
-3.75	-10.0	0.8347552326168115
-3.75	-11.25	0.8332364814235413
-3.75	-12.5	0.8534263151180008
-3.75	-13.75	0.8684597525276914
-3.75	-15.0	0.8996923473016851
-3.75	-16.25	0.847687253881249
-3.75	-17.5	0.8340048061917287
-3.75	-18.75	0.8272020489653258
-3.75	-20.0	0.8127992776092832
-3.75	-21.25	0.8112952507435995
-3.75	-22.5	0.8298229469855407
-3.75	-23.75	0.8112445008808091
-3.75	-25.0	0.8077711156323
-3.75	-26.25	0.8868074872747069
-3.75	-27.5	0.915534588750595
-3.75	-28.75	0.8760580010241661
-3.75	-30.0	0.8745856799245733
-3.75	-31.25	0.954843610207532
-3.75	-32.5	1.3498115787533447
-3.75	-33.75	1.5334781399626083
-3.75	-35.0	1.2195006488773146
-3.75	-36.25	1.1223830239576404
-3.75	-37.5	0.9980348456247476
-3.75	-38.75	3.119171101081701
-3.75	-40.0	2.9509024879966024
-2.5	-40.0	2.936709327630097
-2.5	-38.75	2.3763890696123227
-2.5	-37.5	0.9783660121315743
-2.5	-36.25	1.1307603709556266
-2.5	-35.0	1.301028840736942
-2.5	-33.75	1.5247336682924262
-2.5	-32.5	1.324868462613198
-2.5	-31.25	0.9318961803860573
-2.5	-30.0	0.8861321427520608
-2.5	-28.75	0.8685709479809418
-2.5	-27.5	0.9278342382653051
-2.5	-26.25	0.8709228807401708
-2.5	-25.0	0.8188290053832867
-2.5	-23.75	0.8169632756949401
-2.5	-22.5	0.8211304021456343
-2.5	-21.25	0.829468022776787
-2.5	-20.0	0.8474135026022118
-2.5	-18.75	0.8407095285451369
-2.5	-17.5	0.8289230949909729
-2.5	-16.25	0.8664643964169638
-2.5	-15.0	0.8875547531186401
-2.5	-13.75	0.8856299000716481
-2.5	-12.5	0.8800224064846853
-2.5	-11.25	0.8614543583953633
-2.5	-10.0	0.853288786336103
-2.5	-8.75	0.8486828419573804
-2.5	-7.5	0.8500596504810467
-2.5	-6.25	0.8339876187133823
-2.5	-5.0	0.8580952945226699
-2.5	-3.75	0.8942163833154275
-2.5	-2.5	0.8929248720959748
-2.5	-1.25	0.8513806266727144
-2.5	0.0	0.8667806929079891
-2.5	1.25	0.8559556363095355
-2.5	2.5	0.8342618693031687
-2.5	3.75	0.8693930340064178
-2.5	5.0	0.8624369932248293
-2.5	6.25	0.8383776554766449
-2.5	7.5	0.8290283876951943
-2.5	8.75	0.8474130874334387
-2.5	10.0	0.8489796972916883
-2.5	11.25	0.9273938199540952
-2.5	12.5	0.9187015288833802
-2.5	13.75	0.8802794623797991
-2.5	15.0	0.8932726918972502
-2.5	16.25	0.9422957539589705
-2.5	17.5	0.9408334599444999
-2.5	18.75	0.9325436334253299
-2.5	20.0	0.9799070052328398
-2.5	21.25	1.03174627727903
-2.5	22.5	0.952264765183549
-2.5	23.75	0.9576780821811282
-2.5	25.0	0.9911820923651335
-2.5	26.25	1.0635913923223335
-2.5	27.5	0.9296295941569426
-2.5	28.75	0.9061963972248055
-2.5	30.0	1.1160987725815819
-2.5	31.25	1.15285922308761
-2.5	32.5	1.5190430541772297
-2.5	33.75	1.6106093164382624
-2.5	35.0	1.966160810082065
-2.5	36.25	1.7243834332810355
-2.5	37.5	1.0724777658697278
-2.5	38.75	1.4464231311326259
-2.5	40.0	2.756794262557687
-1.25	40.0	2.746451897838118
-1.25	38.75	1.3830739163450385
-1.25	37.5	1.098314429166427
-1.25	36.25	1.694061272454257
-1.25	35.0	1.9558556511314231
-1.25	33.75	1.6000619686186157
-1.25	32.5	1.5297505985810567
-1.25	31.25	1.141933240545903
-1.25	30.0	1.078529220882607
-1.25	28.75	0.9230585725670064
-1.25	27.5	0.8953011703632097
-1.25	26.25	1.0683528703794813
-1.25	25.0	0.9702992065119442
-1.25	23.75	0.951299239770302
-1.25	22.5	0.9399577050724144
-1.25	21.25	1.050273462614017
-1.25	20.0	0.9991061778893613
-1.25	18.75	0.9315474616139081
-1.25	17.5	0.933664560868964
-1.25	16.25	0.9220121032570638
-1.25	15.0	0.8912162844707083
-1.25	13.75	0.8828584982787016
-1.25	12.5	0.9299979047103877
-1.25	11.25	0.9232037969711948
-1.25	10.0	0.869946679089713
-1.25	8.75	0.8845590862024828
-1.25	7.5	0.8508089341573797
-1.25	6.25	0.8521679746852149
-1.25	5.0	0.8553244873831396
-1.25	3.75	0.8517474409976753
-1.25	2.5	0.846687803223956
-1.25	1.25	0.8429010144157543
-1.25	-0.0	0.8550773112989605
-1.25	-1.25	0.8842696020182323
-1.25	-2.5	0.8829886906084496
-1.25	-3.75	0.8710304960527253
-1.25	-5.0	0.8699525986872434
-1.25	-6.25	0.8490467136094981
-1.25	-7.5	0.8413025162643342
-1.25	-8.75	0.8356370607678132
-1.25	-10.0	0.841738688699154
-1.25	-11.25	0.8510233709643966
-1.25	-12.5	0.8869268233849095
-1.25	-13.75	0.8713092529752053
-1.25	-15.0	0.8783672654710148
-1.25	-16.25	0.8667422481236153
-1.25	-17.5	0.831389321004198
-1.25	-18.75	0.8380316300436421
-1.25	-20.0	0.8198809640915652
-1.25	-21.25	0.8308272208988168
-1.25	-22.5	0.8171313135870237
-1.25	-23.75	0.8480614422100627
-1.25	-25.0	0.8297981803506582
-1.25	-26.25	0.8432665997812219
-1.25	-27.5	0.9563255538525697
-1.25	-28.75	0.8703805355985272
-1.25	-30.0	0.8778194191291346
-1.25	-31.25	0.8882168773732078
-1.25	-32.5	1.3054583369008892
-1.25	-33.75	1.5215257102997715
-1.25	-35.0	1.3071417334032622
-1.25	-36.25	1.1742622367528677
-1.25	-37.5	0.994217338603633
-1.25	-38.75	2.1696270058383407
-1.25	-40.0	2.7055318111365896
0.0	-40.0	2.726960469651935
0.0	-38.75	2.0754165157604474
0.0	-37.5	1.004827816501451
0.0	-36.25	1.1642691627689095
0.0	-35.0	1.3343037125775714
0.0	-33.75	1.5569682554350797
0.0	-32.5	1.2842311230223107
0.0	-31.25	0.9111706422139756
0.0	-30.0	0.881522571192475
0.0	-28.75	0.8655016090088807
0.0	-27.5	0.9527172726176056
0.0	-26.25	0.8529175679420566
0.0	-25.0	0.8405994047276968
0.0	-23.75	0.8760438604146259
0.0	-22.5	0.8340373023997181
0.0	-21.25	0.8390289990601882
0.0	-20.0	0.8334845703540985
0.0	-18.75	0.851083902086879
0.0	-17.5	0.8507221666883407
0.0	-16.25	0.8794721970835617
0.0	-15.0	0.8882026949806399
0.0	-13.75	0.8685491499470741
0.0	-12.5	0.9112388077806255
0.0	-11.25	0.8444058919509896
0.0	-10.0	0.8585974325613339
0.0	-8.75	0.8477709724207969
0.0	-7.5	0.8509512995173374
0.0	-6.25	0.84005901461909
0.0	-5.0	0.8620775144049801
0.0	-3.75	0.8699854331642163
0.0	-2.5	0.8919495160901079
0.0	-1.25	0.8754567355066101
0.0	0.0	0.8352129692760286
0.0	1.25	0.8555115045057962
0.0	2.5	0.8694514461526648
0.0	3.75	0.8635305584288089
0.0	5.0	0.8432132795986993
0.0	6.25	0.8627438271227934
0.0	7.5	0.8400792968798623
0.0	8.75	0.8596970068635947
0.0	10.0	0.8506401559072962
0.0	11.25	0.9299513232069545
0.0	12.5	0.9293466857916419
0.0	13.75	0.8974316900374957
0.0	15.0	0.9007285340138562
0.0	16.25	0.9363077052755937
0.0	17.5	0.9402031132158273
0.0	18.75	0.9375672666989221
0.0	20.0	0.9651358788601474
0.0	21.25	1.0147751032621235
0.0	22.5	0.938900795816834
0.0	23.75	0.9687530012540666
0.0	25.0	0.9689833405251491
0.0	26.25	1.0880511522840006
0.0	27.5	0.9108884701972562
0.0	28.75	0.9225219141382102
0.0	30.0	1.0954421578779066
0.0	31.25	1.1562383107288179
0.0	32.5	1.5282601666040296
0.0	33.75	1.62171777844335
0.0	35.0	1.9026604553664708
0.0	36.25	1.686356218194497
0.0	37.5	1.1119044755995189
0.0	38.75	1.363249485879762
0.0	40.0	3.4717191342788656
1.25	40.0	2.8631715512682945
1.25	38.75	1.36523793067947
1.25	37.5	1.1200688951463764
1.25	36.25	1.6970170904984432
1.25	35.0	1.9543146120788402
1.25	33.75	1.6173856898156114
1.25	32.5	1.4656030066344776
1.25	31.25	1.1607541476083636
1.25	30.0	1.110141075647367
1.25	28.75	0.9036478782345618
1.25	27.5	0.9010912542347294
1.25	26.25	1.0926354074736535
1.25	25.0	0.977627373503303
1.25	23.75	0.9675290426483105
1.25	22.5	0.9076076058979581
1.25	21.25	1.0436144655351942
1.25	20.0	0.9770495361281775
1.25	18.75	0.944476898820378
1.25	17.5	0.942030476008016
1.25	16.25	0.9387358916169646
1.25	15.0	0.8776021192477952
1.25	13.75	0.8856289772204349
1.25	12.5	0.9172514072885987
1.25	11.25	0.9179062604738233
1.25	10.0	0.848724678751756
1.25	8.75	0.8744154689152284
1.25	7.5	0.8587782177128638
1.25	6.25	0.869046498739122
1.25	5.0	0.8524992334094383
1.25	3.75	0.8465321429455326
1.25	2.5	0.8579201697785841
1.25	1.25	0.8581673933193805
1.25	-0.0	0.8790702331169973
1.25	-1.25	0.8614023268593591
1.25	-2.5	0.8937333290627656
1.25	-3.75	0.8836344123985826
1.25	-5.0	0.8530482007421334
1.25	-6.25	0.8633857091443575
1.25	-7.5	0.8424039353122996
1.25	-8.75	0.839319487523241
1.25	-10.0	0.8482967259672058
1.25	-11.25	0.8444711068428701
1.25	-12.5	0.885098694808705
1.25	-13.75	0.8625100089816637
1.25	-15.0	0.8895230639480527
1.25	-16.25	0.8809135952505285
1.25	-17.5	0.8574862433326835
1.25	-18.75	0.8549523666805445
1.25	-20.0	0.8409243463706373
1.25	-21.25	0.8208294457301477
1.25	-22.5	0.8270900740107816
1.25	-23.75	0.8250734492677925
1.25	-25.0	0.817894805039149
1.25	-26.25	0.8583442981011036
1.25	-27.5	0.9463005830073961
1.25	-28.75	0.8776698172598651
1.25	-30.0	0.8663575779870447
1.25	-31.25	0.8876906190445926
1.25	-32.5	1.3030965036210196
1.25	-33.75	1.5527634544053415
1.25	-35.0	1.2994634620075454
1.25	-36.25	1.1702934810705585
1.25	-37.5	0.9713499056901753
1.25	-38.75	2.363349573773256
1.25	-40.0	2.6748017594011326
2.5	-40.0	2.6428527816252414
2.5	-38.75	2.3443101644467204
2.5	-37.5	0.9903261194829724
2.5	-36.25	1.145218826382342
2.5	-35.0	1.3151547529091907
2.5	-33.75	1.5411196336481918
2.5	-32.5	1.3602201401748566
2.5	-31.25	0.8999246697524388
2.5	-30.0	0.8591120629318478
2.5	-28.75	0.8526412189068422
2.5	-27.5	0.9391751346273907
2.5	-26.25	0.8578690908460498
2.5	-25.0	0.8314362887097779
2.5	-23.75	0.8381965059001146
2.5	-22.5	0.834773827537882
2.5	-21.25	0.822939413509987
2.5	-20.0	0.8320227237716358
2.5	-18.75	0.8519852634471974
2.5	-17.5	0.8644245718401375
2.5	-16.25	0.8593726014145382
2.5	-15.0	0.903675072863944
2.5	-13.75	0.899314088841253
2.5	-12.5	0.8843125840392707
2.5	-11.25	0.8703676955639548
2.5	-10.0	0.8321695946436414
2.5	-8.75	0.8344093456394717
2.5	-7.5	0.8419470948321557
2.5	-6.25	0.8552312719966251
2.5	-5.0	0.8524180710923428
2.5	-3.75	0.8755918005457088
2.5	-2.5	0.8868802145821881
2.5	-1.25	0.850690774444792
2.5	0.0	0.8442666178489642
2.5	1.25	0.8577297621896216
2.5	2.5	0.8491176139010221
2.5	3.75	0.8652656842503941
2.5	5.0	0.8472207521679245
2.5	6.25	0.8773536358226828
2.5	7.5	0.8575139379192906
2.5	8.75	0.8741300936970609
2.5	10.0	0.8536778138184484
2.5	11.25	0.9334443887424468
2.5	12.5	0.9168876745907824
2.5	13.75	0.8728592829602597
2.5	15.0	0.903533657009044
2.5	16.25	0.9354863563292124
2.5	17.5	0.9436500437347899
2.5	18.75	0.9476571525073929
2.5	20.0	1.0036530207548813
2.5	21.25	1.0757709835234675
2.5	22.5	0.913691803034915
2.5	23.75	0.9680998135996717
2.5	25.0	0.9956825937661993
2.5	26.25	1.0744144008101841
2.5	27.5	0.9177769093491142
2.5	28.75	0.9095213307386798
2.5	30.0	1.100385803310731
2.5	31.25	1.123248113978769
2.5	32.5	1.5204865378873116
2.5	33.75	1.6113665604573901
2.5	35.0	1.9473098221521612
2.5	36.25	1.715622779339272
2.5	37.5	1.1004955127888358
2.5	38.75	1.4798499844545727
2.5	40.0	2.5883012449494203
3.75	40.0	3.107153748097181
3.75	38.75	1.6019487255320826
3.75	37.5	1.0549931285871388
3.75	36.25	1.7129415281777272
3.75	35.0	1.847138326192387
3.75	33.75	1.6449646881315152
3.75	32.5	1.5137500686883634
3.75	31.25	1.116797825730007
3.75	30.0	1.1191665783757898
3.75	28.75	0.8957776476790222
3.75	27.5	0.8891603786828899
3.75	26.25	1.0561280156051946
3.75	25.0	0.9992184542305704
3.75	23.75	0.9506422893911282
3.75	22.5	0.9190884130129637
3.75	21.25	0.9991546527816002
3.75	20.0	1.0051908963641605
3.75	18.75	0.9502138227766999
3.75	17.5	0.9364767431909176
3.75	16.25	0.9288252073941416
3.75	15.0	0.8910469836772075
3.75	13.75	0.8884837126629179
3.75	12.5	0.931454470141535
3.75	11.25	0.9283497717143616
3.75	10.0	0.8545697178432823
3.75	8.75	0.8599277888231587
3.75	7.5	0.8707167952463646
3.75	6.25	0.8501242072881094
3.75	5.0	0.8619675362137293
3.75	3.75	0.865833079702492
3.75	2.5	0.850376854733387
3.75	1.25	0.8375445587517021
3.75	-0.0	0.863447024157149
3.75	-1.25	0.8612560994425147
3.75	-2.5	0.8802271577974787
3.75	-3.75	0.8718857885823574
3.75	-5.0	0.8445672739054473
3.75	-6.25	0.8484581331518619
3.75	-7.5	0.8457825919477147
3.75	-8.75	0.8228275007426848
3.75	-10.0	0.8365496936953196
3.75	-11.25	0.8475127999641252
3.75	-12.5	0.8810129882005926
3.75	-13.75	0.8668692635298996
3.75	-15.0	0.8895854840692872
3.75	-16.25	0.8776369697252218
3.75	-17.5	0.8570816570206627
3.75	-18.75	0.843153038545978
3.75	-20.0	0.84743005851678
3.75	-21.25	0.8294105008287147
3.75	-22.5	0.822433209313961
3.75	-23.75	0.8491301814161156
3.75	-25.0	0.83532469635675
3.75	-26.25	0.8871061536502776
3.75	-27.5	0.916039964520059
3.75	-28.75	0.8630796753599377
3.75	-30.0	0.8909100893940645
3.75	-31.25	0.9214974985505453
3.75	-32.5	1.3587560198200332
3.75	-33.75	1.50930816841091
3.75	-35.0	1.2272203185607067
3.75	-36.25	1.1075325921909451
3.75	-37.5	1.0198035338689149
3.75	-38.75	2.6814195028556034
3.75	-40.0	2.399737043849708
5.0	-40.0	2.9067139366107035
5.0	-38.75	2.667421898031397
5.0	-37.5	1.0167950964471046
5.0	-36.25	1.0832000482120545
5.0	-35.0	1.197875256815606
5.0	-33.75	1.5007772006782627
5.0	-32.5	1.4173292475563901
5.0	-31.25	0.9773695157971352
5.0	-30.0	0.8614439068156177
5.0	-28.75	0.8759835187394174
5.0	-27.5	0.9199018293691648
5.0	-26.25	0.9746118294561326
5.0	-25.0	0.8437334445518836
5.0	-23.75	0.8218608204705529
5.0	-22.5	0.822343758543111
5.0	-21.25	0.820949575031106
5.0	-20.0	0.8144321355403168
5.0	-18.75	0.8494386299128625
5.0	-17.5	0.8772332891935175
5.0	-16.25	0.8699230435959882
5.0	-15.0	0.9023587847334769
5.0	-13.75	0.8705580767334098
5.0	-12.5	0.8304755891487039
5.0	-11.25	0.8589934892553792
5.0	-10.0	0.8452177078886427
5.0	-8.75	0.8336681544000619
5.0	-7.5	0.8228634613889705
5.0	-6.25	0.8636368882861314
5.0	-5.0	0.8581468504281329
5.0	-3.75	0.872542850438089
5.0	-2.5	0.8568223241780215
5.0	-1.25	0.8632452359085363
5.0	0.0	0.851919274235521
5.0	1.25	0.8375129142906346
5.0	2.5	0.8643214831817723
5.0	3.75	0.8365972177658278
5.0	5.0	0.8467721131349757
5.0	6.25	0.8576960413545098
5.0	7.5	0.8485651053883725
5.0	8.75	0.8779496630136796
5.0	10.0	0.8640791036584838
5.0	11.25	0.9253210371815861
5.0	12.5	0.932862089685921
5.0	13.75	0.9156575501590236
5.0	15.0	0.9018310485807692
5.0	16.25	0.9134973553003691
5.0	17.5	0.9558921382073198
5.0	18.75	0.9402362069652757
5.0	20.0	1.0167912793956582
5.0	21.25	0.9356461589210756
5.0	22.5	0.9437415714598689
5.0	23.75	0.9518007909533868
5.0	25.0	0.9995058798066498
5.0	26.25	1.0092656215650155
5.0	27.5	0.8724835993260474
5.0	28.75	0.9237273063783871
5.0	30.0	1.1289650554061215
5.0	31.25	1.0748875197289252
5.0	32.5	1.5388402296935215
5.0	33.75	1.6688862046025887
5.0	35.0	1.8136932997838304
5.0	36.25	1.678476433907492
5.0	37.5	1.0209541491323835
5.0	38.75	1.784544641295895
5.0	40.0	2.860950065213107
6.25	40.0	3.407816115964401
6.25	38.75	2.101894371871823
6.25	37.5	1.0477415795851606
6.25	36.25	1.6713480541653531
6.25	35.0	1.7449472040417193
6.25	33.75	1.7052488622765427
6.25	32.5	1.5251685151637853
6.25	31.25	1.1138336852682817
6.25	30.0	1.1068858165272069
6.25	28.75	1.000134016032006
6.25	27.5	0.8680904522363173
6.25	26.25	0.9628986207523837
6.25	25.0	1.0203346294575555
6.25	23.75	0.9673280309190595
6.25	22.5	0.9537418952350363
6.25	21.25	0.8936615330567239
6.25	20.0	1.0168991557257971
6.25	18.75	0.9826771485949681
6.25	17.5	0.9575153732994313
6.25	16.25	0.9106513814693562
6.25	15.0	0.9159167582392467
6.25	13.75	0.882887046197034
6.25	12.5	0.9294013152139735
6.25	11.25	0.9185478116385521
6.25	10.0	0.8592465525830288
6.25	8.75	0.8560986896767941
6.25	7.5	0.844556651684992
6.25	6.25	0.8368566437566347
6.25	5.0	0.8284788806147425
6.25	3.75	0.8426026300238405
6.25	2.5	0.8275320611240105
6.25	1.25	0.851294862832292
6.25	-0.0	0.8293323361185294
6.25	-1.25	0.8408125129876982
6.25	-2.5	0.859223163433354
6.25	-3.75	0.8636882533011256
6.25	-5.0	0.8458301170018521
6.25	-6.25	0.8217328714901297
6.25	-7.5	0.8317522168121716
6.25	-8.75	0.8197966956203162
6.25	-10.0	0.8591139528656413
6.25	-11.25	0.8408685682967469
6.25	-12.5	0.8367818307941377
6.25	-13.75	0.8772711399080615
6.25	-15.0	0.906346944250692
6.25	-16.25	0.8637811236301554
6.25	-17.5	0.8561088317545495
6.25	-18.75	0.8592117542891211
6.25	-20.0	0.839776607975308
6.25	-21.25	0.8248976165516897
6.25	-22.5	0.8305365247919037
6.25	-23.75	0.808669621906926
6.25	-25.0	0.8158248533958972
6.25	-26.25	1.1004567223326056
6.25	-27.5	0.8666150464418232
6.25	-28.75	0.8538523055638532
6.25	-30.0	0.8756379272841963
6.25	-31.25	1.0286430369565451
6.25	-32.5	1.4396945449893908
6.25	-33.75	1.4977121387638235
6.25	-35.0	1.1578315327457123
6.25	-36.25	1.0180315513170104
6.25	-37.5	1.0982529976310307
6.25	-38.75	5.0
6.25	-40.0	2.601301287210635
7.5	-38.75	4.999999999677009
7.5	-37.5	1.15962569209856
7.5	-36.25	0.959082888287198
7.5	-35.0	1.1398576222089671
7.5	-33.75	1.4611704775924341
7.5	-32.5	1.5125722284553174
7.5	-31.25	1.1256569530663967
7.5	-30.0	0.8543139772406851
7.5	-28.75	0.8602299871466155
7.5	-27.5	0.8635681179186481
7.5	-26.25	0.9965497380532709
7.5	-25.0	0.8677231766069449
7.5	-23.75	0.822584451885426
7.5	-22.5	0.821812774227829
7.5	-21.25	0.8278534284383792
7.5	-20.0	0.8325905315735334
7.5	-18.75	0.8435293558579975
7.5	-17.5	0.8508558703167264
7.5	-16.25	0.8652151805899999
7.5	-15.0	0.8746984151586261
7.5	-13.75	0.8506111411446939
7.5	-12.5	0.8275800793365331
7.5	-11.25	0.8568708430801975
7.5	-10.0	0.8532478866736062
7.5	-8.75	0.8442079569954464
7.5	-7.5	0.8455318586219498
7.5	-6.25	0.8531985565349087
7.5	-5.0	0.8548411459174767
7.5	-3.75	0.8472956361768693
7.5	-2.5	0.8758642940316674
7.5	-1.25	0.8619984008894965
7.5	0.0	0.8230405078664358
7.5	1.25	0.8387536907431938
7.5	2.5	0.8418355355229608
7.5	3.75	0.8324205338316908
7.5	5.0	0.8357045058622408
7.5	6.25	0.8366899359372502
7.5	7.5	0.840005418586669
7.5	8.75	0.8879722978639091
7.5	10.0	0.8689543781220106
7.5	11.25	0.8794000841503085
7.5	12.5	0.9021295798494089
7.5	13.75	0.8945835155255377
7.5	15.0	0.9118079658861546
7.5	16.25	0.9355706046622903
7.5	17.5	0.9563416681993484
7.5	18.75	0.996905689531622
7.5	20.0	0.9809998625051195
7.5	21.25	0.9237414594598192
7.5	22.5	0.9516016245299834
7.5	23.75	0.9756828402936213
7.5	25.0	1.079709495091583
7.5	26.25	0.9373623322356615
7.5	27.5	0.8947812023731592
7.5	28.75	1.0625651959006346
7.5	30.0	1.091026894746614
7.5	31.25	1.2088718975320152
7.5	32.5	1.523456377261235
7.5	33.75	1.8278994623796985
7.5	35.0	1.7766955458017808
7.5	36.25	1.4858343435129218
7.5	37.5	1.0900072258106448
7.5	38.75	3.837775754916647
8.75	38.75	3.6724314127981827
8.75	37.5	1.2117825196837506
8.75	36.25	1.2993266779288595
8.75	35.0	1.6002325546575467
8.75	33.75	1.8786875518573698
8.75	32.5	1.5805801186633879
8.75	31.25	1.318304060978135
8.75	30.0	1.0014723327264097
8.75	28.75	1.0972229248889054
8.75	27.5	0.8693656814253341
8.75	26.25	0.8968493052356923
8.75	25.0	1.0731145571381937
8.75	23.75	0.9814678271054404
8.75	22.5	0.9679570477468751
8.75	21.25	0.9356198104612821
8.75	20.0	0.9489051773416799
8.75	18.75	1.0277594225729452
8.75	17.5	0.9697682104983905
8.75	16.25	0.9419099328935419
8.75	15.0	0.9296602106413712
8.75	13.75	0.9083552071648491
8.75	12.5	0.886483997329826
8.75	11.25	0.8777294957760056
8.75	10.0	0.8746823478267531
8.75	8.75	0.870417462144446
8.75	7.5	0.8357413491024541
8.75	6.25	0.8512366486604588
8.75	5.0	0.8726016441289435
8.75	3.75	0.8429455508963146
8.75	2.5	0.8584616743674669
8.75	1.25	0.8410230485703956
8.75	-0.0	0.8495627962226413
8.75	-1.25	0.8412488793262982
8.75	-2.5	0.8505632822442522
8.75	-3.75	0.8754980731501298
8.75	-5.0	0.8656993871889753
8.75	-6.25	0.8446489672651802
8.75	-7.5	0.8344354902440365
8.75	-8.75	0.8387904645313773
8.75	-10.0	0.8450507070098254
8.75	-11.25	0.8536462249662744
8.75	-12.5	0.8447689375464211
8.75	-13.75	0.8611567763698265
8.75	-15.0	0.8816420968285694
8.75	-16.25	0.8754027169272982
8.75	-17.5	0.8517513927800326
8.75	-18.75	0.8266952946865853
8.75	-20.0	0.8167281466396545
8.75	-21.25	0.8132413134446264
8.75	-22.5	0.8124593402301574
8.75	-23.75	0.8332733705167943
8.75	-25.0	0.8971153949572717
8.75	-26.25	0.9638318158043084
8.75	-27.5	0.8597459942510612
8.75	-28.75	0.8652641401946823
8.75	-30.0	0.9005293559709475
8.75	-31.25	1.2454540221416064
8.75	-32.5	1.5511333713576345
8.75	-33.75	1.3335307013350928
8.75	-35.0	1.0750865479825125
8.75	-36.25	0.9627328027255553
8.75	-37.5	1.28896150390434
8.75	-38.75	4.1623231575587525
10.0	-38.75	2.665922263666821
10.0	-37.5	1.7628530441107593
10.0	-36.25	0.9700077927620789
10.0	-35.0	1.0572977572647337
10.0	-33.75	1.1925710929381053
10.0	-32.5	1.590587034676413
10.0	-31.25	1.4636451066681637
10.0	-30.0	0.9633770192895312
10.0	-28.75	0.8635627357404205
10.0	-27.5	0.8672462300128885
10.0	-26.25	0.8776696817901017
10.0	-25.0	1.0430278706495617
10.0	-23.75	0.8371111741785606
10.0	-22.5	0.8186882931681314
10.0	-21.25	0.8264494575156567
10.0	-20.0	0.8281633129881794
10.0	-18.75	0.8791847322127779
10.0	-17.5	0.8406339061135686
10.0	-16.25	0.8384486448477899
10.0	-15.0	0.8420089022394084
10.0	-13.75	0.8419008932226504
10.0	-12.5	0.8314252051339208
10.0	-11.25	0.8561700329683486
10.0	-10.0	0.8492742445478365
10.0	-8.75	0.8487054194195665
10.0	-7.5	0.8563480336085121
10.0	-6.25	0.8563489364572598
10.0	-5.0	0.8938723612394757
10.0	-3.75	0.8838241149255506
10.0	-2.5	0.8681992635774609
10.0	-1.25	0.8501689883121788
10.0	0.0	0.8585907322639716
10.0	1.25	0.8894073121212118
10.0	2.5	0.8681138209833676
10.0	3.75	0.8731057178154513
10.0	5.0	0.8674693479530768
10.0	6.25	0.857185917748394
10.0	7.5	0.8701543359513515
10.0	8.75	0.881431538013886
10.0	10.0	0.8745512412238652
10.0	11.25	0.8903892809318723
10.0	12.5	0.9317357277834297
10.0	13.75	0.9110687023075448
10.0	15.0	0.9252798959713608
10.0	16.25	1.0489462626901052
10.0	17.5	1.0469872488774046
10.0	18.75	1.018840890871732
10.0	20.0	0.9081601467945957
10.0	21.25	0.9640596159252146
10.0	22.5	0.9181323467836489
10.0	23.75	1.0106343420368233
10.0	25.0	0.9454917211920453
10.0	26.25	0.8725686698841528
10.0	27.5	0.9022543934264142
10.0	28.75	1.1121095670543388
10.0	30.0	0.9930053052738579
10.0	31.25	1.4902751417930489
10.0	32.5	-1.5927401137806085
10.0	33.75	1.8153245921607306
10.0	35.0	1.7243782885012973
10.0	36.25	1.068730291289536
10.0	37.5	1.3874216731009135
10.0	38.75	3.210017829587912
11.25	38.75	3.2414084866383863
11.25	37.5	1.7366334943540176
11.25	36.25	1.040012201537719
11.25	35.0	1.716729633989753
11.25	33.75	1.6995981934046123
11.25	32.5	1.6944735830864328
11.25	31.25	1.487155516108536
11.25	30.0	1.1082635048779341
11.25	28.75	1.025691514247427
11.25	27.5	1.0215596765931414
11.25	26.25	0.8824729406735354
11.25	25.0	0.8887909803618745
11.25	23.75	1.0528105374812
11.25	22.5	0.9390891175298641
11.25	21.25	0.9496429560981481
11.25	20.0	0.9228530201703213
11.25	18.75	0.9120062092172967
11.25	17.5	1.0437535124475774
11.25	16.25	1.0222825118682781
11.25	15.0	1.0045664080090289
11.25	13.75	0.9619371418078062
11.25	12.5	0.9926115347075797
11.25	11.25	0.930653022221386
11.25	10.0	0.9347610544230207
11.25	8.75	0.8848572107561283
11.25	7.5	0.8691939497140178
11.25	6.25	0.8721042587671546
11.25	5.0	0.8878055358453016
11.25	3.75	0.8869297583378977
11.25	2.5	0.8935403833338569
11.25	1.25	0.9184369871721216
11.25	-0.0	0.8874474736162359
11.25	-1.25	0.8871406354331821
11.25	-2.5	0.9045388614955021
11.25	-3.75	0.9020868745367672
11.25	-5.0	0.8944035791311746
11.25	-6.25	0.8525625684142266
11.25	-7.5	0.8461644640199273
11.25	-8.75	0.8538534181849382
11.25	-10.0	0.8445112825597523
11.25	-11.25	0.8625680677352356
11.25	-12.5	0.9280411296809357
11.25	-13.75	0.9024500323864277
11.25	-15.0	0.8911779286374086
11.25	-16.25	0.8725960915727224
11.25	-17.5	0.8588551469127816
11.25	-18.75	0.8437960114001815
11.25	-20.0	0.8267797800438927
11.25	-21.25	0.8004457218720082
11.25	-22.5	0.8073324419818162
11.25	-23.75	0.8646457338462321
11.25	-25.0	0.9331445435637029
11.25	-26.25	0.8638148511619628
11.25	-27.5	0.8749385369053355
11.25	-28.75	0.87885110400308
11.25	-30.0	1.114222280528355
11.25	-31.25	1.5766344220047834
11.25	-32.5	1.54121777529042
11.25	-33.75	1.0696552372741355
11.25	-35.0	0.9957318291049493
11.25	-36.25	1.0116234238730275
11.25	-37.5	2.60664627704191
11.25	-38.75	3.1899644152335487
12.5	-37.5	2.7628132982513476
12.5	-36.25	1.0514919439268668
12.5	-35.0	0.9473516435509506
12.5	-33.75	1.034885905618136
12.5	-32.5	1.3684634684911572
12.5	-31.25	1.6105007306825412
12.5	-30.0	1.3437370493686647
12.5	-28.75	0.912561720213521
12.5	-27.5	0.8621607787349994
12.5	-26.25	0.8586099467326331
12.5	-25.0	0.8383270242101464
12.5	-23.75	1.0052606091810334
12.5	-22.5	0.8246916622321159
12.5	-21.25	0.8189433668696555
12.5	-20.0	0.8256626895624244
12.5	-18.75	0.8273918168381122
12.5	-17.5	0.85986600013449
12.5	-16.25	0.8655918413654584
12.5	-15.0	0.8429630785091717
12.5	-13.75	0.8387878017482651
12.5	-12.5	0.8482250502903135
12.5	-11.25	0.8576719553284518
12.5	-10.0	0.8579222434941549
12.5	-8.75	0.820683468846342
12.5	-7.5	0.8241379654526879
12.5	-6.25	0.8429757013309374
12.5	-5.0	0.8524359307907536
12.5	-3.75	0.8515506882180564
12.5	-2.5	0.8541129901953202
12.5	-1.25	0.8556771406506698
12.5	0.0	0.8533779855486596
12.5	1.25	0.9143890747146735
12.5	2.5	0.8823677540106694
12.5	3.75	0.8614300763472249
12.5	5.0	0.8592462321312997
12.5	6.25	0.8545766186637147
12.5	7.5	0.8777570793318006
12.5	8.75	0.9007062477891807
12.5	10.0	0.9019875432789011
12.5	11.25	0.8948779723750535
12.5	12.5	0.9600007455030397
12.5	13.75	0.950258113638065
12.5	15.0	0.9717243441266774
12.5	16.25	1.0019830387316393
12.5	17.5	1.0125843374465093
12.5	18.75	0.924959442666788
12.5	20.0	0.9752607857675191
12.5	21.25	0.9920611404646609
12.5	22.5	0.9591605127509348
12.5	23.75	0.9776024868740691
12.5	25.0	0.8900381328762839
12.5	26.25	0.8837607662667715
12.5	27.5	1.056344982001967
12.5	28.75	0.9723438543955538
12.5	30.0	1.283605611000458
12.5	31.25	1.4772045224455805
12.5	32.5	1.8959246744753973
12.5	33.75	1.8762014108878544
12.5	35.0	1.4675619959291488
12.5	36.25	1.1205497135413207
12.5	37.5	3.3935249027595145
13.75	37.5	3.5224546630579816
13.75	36.25	1.2865042109452745
13.75	35.0	0.995798338480844
13.75	33.75	1.9078630033080781
13.75	32.5	1.8118965509555505
13.75	31.25	1.5788998655985225
13.75	30.0	1.4502859571000757
13.75	28.75	1.026043607509898
13.75	27.5	1.0402590707376067
13.75	26.25	0.9965064904496916
13.75	25.0	0.8625105872845857
13.75	23.75	0.8879001235143358
13.75	22.5	1.019892986423745
13.75	21.25	0.9516172050043163
13.75	20.0	0.9627810851007848
13.75	18.75	0.9430851294754214
13.75	17.5	0.9163426447237057
13.75	16.25	1.0188062600303809
13.75	15.0	0.9863327056275759
13.75	13.75	0.9320916772325072
13.75	12.5	0.9317620626642595
13.75	11.25	0.9508683256897452
13.75	10.0	0.887864407727081
13.75	8.75	0.8820531459074035
13.75	7.5	0.8754576604887703
13.75	6.25	0.8856297756932294
13.75	5.0	0.8818091559418111
13.75	3.75	0.8730590857750462
13.75	2.5	0.873782675302726
13.75	1.25	0.8708078529476317
13.75	-0.0	0.8523883396649286
13.75	-1.25	0.8450031079240761
13.75	-2.5	0.8352076355356699
13.75	-3.75	0.833351785810792
13.75	-5.0	0.832645492607722
13.75	-6.25	0.841475535344359
13.75	-7.5	0.8557955491726528
13.75	-8.75	0.8345657103054904
13.75	-10.0	0.8267695060555491
13.75	-11.25	0.857707715836189
13.75	-12.5	0.8447565650050093
13.75	-13.75	0.8438162230945379
13.75	-15.0	0.8469336366808271
13.75	-16.25	0.8770670388624389
13.75	-17.5	0.8251143497600557
13.75	-18.75	0.8380655902972913
13.75	-20.0	0.8011613537028932
13.75	-21.25	0.850370967304217
13.75	-22.5	0.8981056495660571
13.75	-23.75	0.9609876174624574
13.75	-25.0	0.8267255913975244
13.75	-26.25	0.8699991128182631
13.75	-27.5	0.8721218008211018
13.75	-28.75	1.055400829990985
13.75	-30.0	1.5342083926538619
13.75	-31.25	1.5818546060808263
13.75	-32.5	1.1046402820086954
13.75	-33.75	1.001763632179987
13.75	-35.0	0.9205679302127212
13.75	-36.25	1.3252278415881928
13.75	-37.5	2.917636317294723
15.0	-37.5	2.8567682569108888
15.0	-36.25	2.706202269663124
15.0	-35.0	0.9695189827356341
15.0	-33.75	0.9291040674695683
15.0	-32.5	0.9758218833260592
15.0	-31.25	1.411154948978659
15.0	-30.0	1.5824046074275309
15.0	-28.75	1.3273704793777714
15.0	-27.5	0.8973907152125404
15.0	-26.25	0.8406575909012197
15.0	-25.0	0.8540799144357898
15.0	-23.75	0.8635232915629656
15.0	-22.5	0.9044267829347241
15.0	-21.25	0.8583223959786581
15.0	-20.0	0.8174931400420329
15.0	-18.75	0.8236291439256416
15.0	-17.5	0.8182955501430955
15.0	-16.25	0.8355881071634865
15.0	-15.0	0.870465533439301
15.0	-13.75	0.8292151596334971
15.0	-12.5	0.859068102653687
15.0	-11.25	0.8460725429950378
15.0	-10.0	0.9029735733030728
15.0	-8.75	0.8874319078273372
15.0	-7.5	0.8879625283905987
15.0	-6.25	0.8970569598302403
15.0	-5.0	0.9006757724313879
15.0	-3.75	0.8940460901610514
15.0	-2.5	0.8947608513536682
15.0	-1.25	0.9162443749402822
15.0	0.0	0.9310315899736938
15.0	1.25	0.9378472731862155
15.0	2.5	0.9284378936726334
15.0	3.75	0.9300206585754687
15.0	5.0	0.8908173536769777
15.0	6.25	0.8897425306274016
15.0	7.5	0.9245453998287765
15.0	8.75	0.9259642409316857
15.0	10.0	0.9342766302267727
15.0	11.25	0.893244159962995
15.0	12.5	0.9579531745418741
15.0	13.75	0.9407703779593195
15.0	15.0	1.0163562105307662
15.0	16.25	0.9019245903746622
15.0	17.5	0.8908916006565963
15.0	18.75	1.0067796079652975
15.0	20.0	0.9441579182716175
15.0	21.25	1.0296815856409989
15.0	22.5	0.9288306859973572
15.0	23.75	0.8706624800314833
15.0	25.0	0.877936304368701
15.0	26.25	1.0329797105851934
15.0	27.5	0.9679855025246127
15.0	28.75	1.2350364277053805
15.0	30.0	1.4451334676434344
15.0	31.25	1.8174311144898958
15.0	32.5	1.7343716916848653
15.0	33.75	1.722134005567816
15.0	35.0	1.0189482504529792
15.0	36.25	1.8754296259345429
15.0	37.5	3.6152754877287947
16.25	36.25	3.986101880281616
16.25	35.0	1.1461489100152242
16.25	33.75	1.0337199181686705
16.25	32.5	1.8298483561185837
16.25	31.25	1.8796354886059348
16.25	30.0	1.5368234692869622
16.25	28.75	1.4265759290016264
16.25	27.5	1.028954198452599
16.25	26.25	1.028318532069954
16.25	25.0	0.9615755905286445
16.25	23.75	0.8333221554237031
16.25	22.5	0.8873104465031467
16.25	21.25	0.9976332964521593
16.25	20.0	0.9728765660768754
16.25	18.75	0.9822759093236311
16.25	17.5	0.9654204448012891
16.25	16.25	0.8971097512067194
16.25	15.0	0.8875177681831667
16.25	13.75	0.9888192552348922
16.25	12.5	0.9488053953109921
16.25	11.25	0.9509677483417125
16.25	10.0	0.9050993219811865
16.25	8.75	0.8786996003266045
16.25	7.5	0.8886119715248606
16.25	6.25	0.9042187225849174
16.25	5.0	0.8811718450143049
16.25	3.75	0.9431474547164767
16.25	2.5	0.9481443070130826
16.25	1.25	0.966033747062153
16.25	-0.0	0.9470877956216208
16.25	-1.25	0.9450771765178967
16.25	-2.5	0.9396524817292047
16.25	-3.75	0.9280496389752457
16.25	-5.0	0.9341548321567128
16.25	-6.25	0.8979262961230994
16.25	-7.5	0.9256824122796594
16.25	-8.75	0.9159883260533324
16.25	-10.0	0.9076314539399766
16.25	-11.25	0.8518968680869445
16.25	-12.5	0.8483392975404014
16.25	-13.75	0.8528624453148472
16.25	-15.0	0.8387233518296995
16.25	-16.25	0.8417312171431846
16.25	-17.5	0.8040201579012596
16.25	-18.75	0.7954908227365909
16.25	-20.0	0.8512333545171025
16.25	-21.25	0.901999346130089
16.25	-22.5	0.8640823969164133
16.25	-23.75	0.9312053777239342
16.25	-25.0	0.871196411424723
16.25	-26.25	0.8621923053376861
16.25	-27.5	1.1002788826538872
16.25	-28.75	1.4851346082268515
16.25	-30.0	1.5413279721061794
16.25	-31.25	1.1338400008020901
16.25	-32.5	0.9770438583702568
16.25	-33.75	0.927116306637199
16.25	-35.0	1.0843384248162238
16.25	-36.25	4.999999702177263
17.5	-36.25	3.190121172382547
17.5	-35.0	1.7098727102662181
17.5	-33.75	0.9626689371553194
17.5	-32.5	0.8904472782361905
17.5	-31.25	0.9839501358819147
17.5	-30.0	1.3191577863704396
17.5	-28.75	1.523564518778672
17.5	-27.5	1.356190110942494
17.5	-26.25	0.9575170925003
17.5	-25.0	0.8366281428429616
17.5	-23.75	0.8887994399228454
17.5	-22.5	0.8785687363011094
17.5	-21.25	0.8621814542765733
17.5	-20.0	0.8720197256204951
17.5	-18.75	0.8182197670760436
17.5	-17.5	0.7943364858051876
17.5	-16.25	0.8168724975378989
17.5	-15.0	0.8411836394546661
17.5	-13.75	0.8376015985235252
17.5	-12.5	0.8765169181728485
17.5	-11.25	0.8425258662047694
17.5	-10.0	0.8630117646317537
17.5	-8.75	0.8639938558138418
17.5	-7.5	0.8684567295013519
17.5	-6.25	0.8604100868726627
17.5	-5.0	0.8898537739923267
17.5	-3.75	0.8856192242634897
17.5	-2.5	0.9048195956570995
17.5	-1.25	0.8615191142055609
17.5	0.0	0.9243997465654088
17.5	1.25	0.8883294094140819
17.5	2.5	0.8992033809405324
17.5	3.75	0.8864757699116375
17.5	5.0	0.8953713544417639
17.5	6.25	0.8884101664867288
17.5	7.5	0.9004900766244974
17.5	8.75	0.9138649875420146
17.5	10.0	0.9281322465959274
17.5	11.25	0.9729224580485285
17.5	12.5	0.9613013090466174
17.5	13.75	0.8720581615297274
17.5	15.0	0.8599623928774776
17.5	16.25	0.9115514304943018
17.5	17.5	0.9888547529573968
17.5	18.75	0.9670287975536676
17.5	20.0	1.0383099391550799
17.5	21.25	0.8917470832671359
17.5	22.5	0.8549288473554526
17.5	23.75	0.8721933863577824
17.5	25.0	1.0090920478486467
17.5	26.25	0.9583626091883657
17.5	27.5	1.2293061149437996
17.5	28.75	1.3804240064277344
17.5	30.0	-1.8430170366606031
17.5	31.25	1.653588836322002
17.5	32.5	1.8030365610014796
17.5	33.75	1.0035173291609798
17.5	35.0	1.6052866099240877
17.5	36.25	3.4285523328091667
18.75	35.0	3.4583183586410744
18.75	33.75	1.1709084591841226
18.75	32.5	0.9852746204937652
18.75	31.25	1.7748884737616288
18.75	30.0	1.7248661380525387
18.75	28.75	1.59452291346732
18.75	27.5	1.3196389191126512
18.75	26.25	1.1057608611633647
18.75	25.0	0.9859241724367562
18.75	23.75	0.998710833576971
18.75	22.5	0.8953072530470862
18.75	21.25	0.8660701485795173
18.75	20.0	0.8948497808777347
18.75	18.75	0.9585196284768358
18.75	17.5	0.934548395383433
18.75	16.25	0.9950991433276961
18.75	15.0	0.9328962496697013
18.75	13.75	0.8689495745878464
18.75	12.5	0.8486271616863439
18.75	11.25	0.9254438769795641
18.75	10.0	1.009683055087189
18.75	8.75	0.9403228376258799
18.75	7.5	0.9349463894705075
18.75	6.25	0.9117852816831213
18.75	5.0	0.9044282193818445
18.75	3.75	0.858961805452628
18.75	2.5	0.8710783083249618
18.75	1.25	0.8476536328144535
18.75	-0.0	0.8921098930064275
18.75	-1.25	0.8583853868833069
18.75	-2.5	0.8963490093677589
18.75	-3.75	0.8966778618732709
18.75	-5.0	0.8662798462558925
18.75	-6.25	0.8666782071324199
18.75	-7.5	0.8502921028388153
18.75	-8.75	0.8742707456610441
18.75	-10.0	0.873096475614366
18.75	-11.25	0.8871952294288743
18.75	-12.5	0.8672290706320984
18.75	-13.75	0.8413712280139407
18.75	-15.0	0.8263581225882373
18.75	-16.25	0.7939741079810858
18.75	-17.5	0.8506296892747836
18.75	-18.75	0.9167887168781421
18.75	-20.0	0.8540115574644069
18.75	-21.25	0.8655604288328433
18.75	-22.5	0.8605893982835155
18.75	-23.75	0.8557941351000622
18.75	-25.0	0.913255771676937
18.75	-26.25	1.2528622949026413
18.75	-27.5	1.4367652066285448
18.75	-28.75	1.4234952557090308
18.75	-30.0	0.9849715455391195
18.75	-31.25	0.9276771016874168
18.75	-32.5	0.938885173364536
18.75	-33.75	0.9754509243133969
18.75	-35.0	2.8622421258536495
20.0	-35.0	3.351535136610547
20.0	-33.75	1.4895475094679878
20.0	-32.5	0.9326040431975269
20.0	-31.25	0.8776970518027083
20.0	-30.0	0.9433343273002261
20.0	-28.75	1.138286571836213
20.0	-27.5	1.4202824812433592
20.0	-26.25	1.3931329851731462
20.0	-25.0	1.1550045342312787
20.0	-23.75	0.8709709855633747
20.0	-22.5	0.8444022864137235
20.0	-21.25	0.8636192322002483
20.0	-20.0	0.8843143251292229
20.0	-18.75	0.8566941890380475
20.0	-17.5	0.9411141489173156
20.0	-16.25	0.8315992677555686
20.0	-15.0	0.8147790068979388
20.0	-13.75	0.8004734616827474
20.0	-12.5	0.8132839363674558
20.0	-11.25	0.8856329875828983
20.0	-10.0	0.9245147066450645
20.0	-8.75	0.9265966838651121
20.0	-7.5	0.8736026447525003
20.0	-6.25	0.8692050218435243
20.0	-5.0	0.864172158215414
20.0	-3.75	0.851485996052407
20.0	-2.5	0.8894042230935639
20.0	-1.25	0.8975160880728881
20.0	0.0	0.874152460877248
20.0	1.25	0.8887920685181641
20.0	2.5	0.9050671686427192
20.0	3.75	0.917812527998981
20.0	5.0	0.9461780494101744
20.0	6.25	0.9696712722499434
20.0	7.5	0.9795551333479358
20.0	8.75	0.9382682096858606
20.0	10.0	0.8366889824294068
20.0	11.25	0.840532478168039
20.0	12.5	0.8803726650192978
20.0	13.75	0.9579578779805296
20.0	15.0	1.0007764229823746
20.0	16.25	0.9496732680201276
20.0	17.5	0.9776597647706513
20.0	18.75	0.8926717384878913
20.0	20.0	0.8802036169461989
20.0	21.25	0.8727593129398237
20.0	22.5	0.9369110485195318
20.0	23.75	1.0147956589130924
20.0	25.0	1.0425818861150207
20.0	26.25	1.3175760177047824
20.0	27.5	1.4474072710891353
20.0	28.75	1.7988488365545754
20.0	30.0	1.77925435491413
20.0	31.25	1.504574564350265
20.0	32.5	0.9785489758103143
20.0	33.75	1.5483022688062462
20.0	35.0	4.113714622996623
21.25	33.75	4.386586952232989
21.25	32.5	1.2130721423523383
21.25	31.25	0.9511217874171516
21.25	30.0	1.8015811301945028
21.25	28.75	1.4993072504014568
21.25	27.5	1.7648956950726227
21.25	26.25	1.322948173672991
21.25	25.0	1.1969934141414216
21.25	23.75	1.0076696770485203
21.25	22.5	1.0096771604529469
21.25	21.25	0.8889575970765637
21.25	20.0	0.8864371896644911
21.25	18.75	0.8609671809620698
21.25	17.5	0.8748142429322057
21.25	16.25	0.9440642117967526
21.25	15.0	0.9538229883069267
21.25	13.75	1.007861401157733
21.25	12.5	1.0070806590100059
21.25	11.25	0.9400693810415532
21.25	10.0	0.8483400487830215
21.25	8.75	0.8302610082718758
21.25	7.5	0.8362897943255021
21.25	6.25	0.8782175333241549
21.25	5.0	0.9333537001037335
21.25	3.75	0.9955217937173817
21.25	2.5	0.9788162567053496
21.25	1.25	0.9568214650115836
21.25	-0.0	0.9398304091299217
21.25	-1.25	0.9246333444159465
21.25	-2.5	0.9393755142726379
21.25	-3.75	0.9542290420948607
21.25	-5.0	0.9688698417586821
21.25	-6.25	0.9745371670466563
21.25	-7.5	0.9752404266713821
21.25	-8.75	0.8666220454389446
21.25	-10.0	0.819643401672332
21.25	-11.25	0.8046704995174743
21.25	-12.5	0.8285744735604723
21.25	-13.75	0.8803539844108998
21.25	-15.0	0.8716826799403288
21.25	-16.25	0.8663843921508265
21.25	-17.5	0.866351966359165
21.25	-18.75	0.8248137417991019
21.25	-20.0	0.8539649403089502
21.25	-21.25	0.8480658947690785
21.25	-22.5	0.9037250377596342
21.25	-23.75	1.1390145490965669
21.25	-25.0	1.3634809657356817
21.25	-26.25	1.3868438549393627
21.25	-27.5	1.2243835205877929
21.25	-28.75	0.9144954936959637
21.25	-30.0	0.8966577983418187
21.25	-31.25	0.9275852155660065
21.25	-32.5	0.9423176492826943
21.25	-33.75	3.206857273354329
22.5	-32.5	1.5908582981425639
22.5	-31.25	0.8589646560359574
22.5	-30.0	0.914805161520138
22.5	-28.75	0.898281859174225
22.5	-27.5	0.9143555215611521
22.5	-26.25	1.2565569553742169
22.5	-25.0	1.3539255252711087
22.5	-23.75	1.3083445994929397
22.5	-22.5	1.1409331636258653
22.5	-21.25	0.911329329944012
22.5	-20.0	0.8408976888102861
22.5	-18.75	0.852413781677499
22.5	-17.5	0.8667077343221585
22.5	-16.25	0.8598160620760398
22.5	-15.0	0.8686017118469049
22.5	-13.75	0.9678898223861507
22.5	-12.5	0.9218064456236092
22.5	-11.25	0.866972604405623
22.5	-10.0	0.8329712418185817
22.5	-8.75	0.797790394483199
22.5	-7.5	0.8099847168346113
22.5	-6.25	0.8129454368706623
22.5	-5.0	0.8354678083084366
22.5	-3.75	0.8112253161399892
22.5	-2.5	0.8480848191863819
22.5	-1.25	0.8560811640050803
22.5	0.0	0.840889850337394
22.5	1.25	0.8294302293212823
22.5	2.5	0.8252348973238135
22.5	3.75	0.8275146808164706
22.5	5.0	0.8256685802379398
22.5	6.25	0.8363287781107376
22.5	7.5	0.8822275852531636
22.5	8.75	0.9531550274889211
22.5	10.0	1.0750301935310667
22.5	11.25	1.0775285088838853
22.5	12.5	0.954948068176793
22.5	13.75	0.966614707954335
22.5	15.0	0.9396532490343095
22.5	16.25	0.8840860783551419
22.5	17.5	0.8710446671101746
22.5	18.75	0.8556396954471577
22.5	20.0	0.904983698097328
22.5	21.25	0.9935845059782347
22.5	22.5	1.0273090762672954
22.5	23.75	1.1437471976969782
22.5	25.0	1.2597081848878933
22.5	26.25	1.6289080961553655
22.5	27.5	1.4862333700104458
22.5	28.75	1.751043991552761
22.5	30.0	0.9974769521766111
22.5	31.25	1.0795491256776923
22.5	32.5	2.513278842757231
23.75	32.5	4.9999999999972715
23.75	31.25	1.539896508064098
23.75	30.0	0.9688879897342497
23.75	28.75	1.1179463675885426
23.75	27.5	1.5870003089416764
23.75	26.25	1.6422361540911812
23.75	25.0	1.5383113673152238
23.75	23.75	1.2207892438706462
23.75	22.5	1.1111500756728478
23.75	21.25	1.0438820098154036
23.75	20.0	0.9924621472880171
23.75	18.75	0.8960513649142055
23.75	17.5	0.8711158902171068
23.75	16.25	0.8850989100334594
23.75	15.0	0.8644900706848606
23.75	13.75	0.8879884970214338
23.75	12.5	0.9655760767094161
23.75	11.25	0.9625320615094326
23.75	10.0	0.9935936484549082
23.75	8.75	1.150647950347886
23.75	7.5	1.1984443161272296
23.75	6.25	1.119174331393559
23.75	5.0	0.9922166793622811
23.75	3.75	0.9020671786424206
23.75	2.5	0.87377478732538
23.75	1.25	0.8337175981607547
23.75	-0.0	0.8511081016489053
23.75	-1.25	0.8241625118546612
23.75	-2.5	0.8103194180927424
23.75	-3.75	0.845400724708913
23.75	-5.0	0.8423561474200412
23.75	-6.25	0.8486384192842475
23.75	-7.5	0.8668523036326468
23.75	-8.75	0.891574235951353
23.75	-10.0	0.9283763078329246
23.75	-11.25	0.961782438104053
23.75	-12.5	0.8933598447960485
23.75	-13.75	0.8849520552723789
23.75	-15.0	0.8688390438079283
23.75	-16.25	0.8803582586074166
23.75	-17.5	0.8718852948585614
23.75	-18.75	0.8612760515133644
23.75	-20.0	0.9499548795220054
23.75	-21.25	1.1516394123665785
23.75	-22.5	1.322893138221314
23.75	-23.75	1.3379325684723398
23.75	-25.0	1.2224821149795968
23.75	-26.25	0.9190466374066677
23.75	-27.5	0.8912045613646118
23.75	-28.75	0.8991189129470794
23.75	-30.0	0.8526362686889524
23.75	-31.25	1.0533446208365653
23.75	-32.5	2.448670487335588
25.0	-31.25	2.4590968284249337
25.0	-30.0	0.8923461356878883
25.0	-28.75	0.8633593468005607
25.0	-27.5	0.8774405228039726
25.0	-26.25	0.8881092043507133
25.0	-25.0	0.941300579519396
25.0	-23.75	1.219154235242426
25.0	-22.5	1.3116274353907267
25.0	-21.25	1.288251627004854
25.0	-20.0	1.2012505718805002
25.0	-18.75	1.0146257820363669
25.0	-17.5	0.9033941476570453
25.0	-16.25	0.8844251832735672
25.0	-15.0	0.8971869484891704
25.0	-13.75	0.908174930735866
25.0	-12.5	0.9138647852276769
25.0	-11.25	0.9178573448333305
25.0	-10.0	0.951964230314017
25.0	-8.75	0.9785456916169828
25.0	-7.5	1.0070792761833616
25.0	-6.25	0.9962411494772185
25.0	-5.0	0.9742157217598271
25.0	-3.75	0.9464474497917061
25.0	-2.5	0.9454757345998441
25.0	-1.25	0.9910481389736496
25.0	0.0	1.0361216858757514
25.0	1.25	1.1141935320246912
25.0	2.5	1.1921010920126083
25.0	3.75	1.2431632437429503
25.0	5.0	1.2349626832220135
25.0	6.25	1.1478694751532412
25.0	7.5	0.9816833577942221
25.0	8.75	0.9568982548390359
25.0	10.0	0.9593877688611858
25.0	11.25	0.919029907847988
25.0	12.5	0.876714435578454
25.0	13.75	0.9007627091279762
25.0	15.0	0.901685430569918
25.0	16.25	0.9151526064598992
25.0	17.5	0.8858670953636363
25.0	18.75	0.9829952294499602
25.0	20.0	1.047715072923637
25.0	21.25	1.102480932449751
25.0	22.5	1.1828791730265085
25.0	23.75	1.5415752352642382
25.0	25.0	1.689205688454086
25.0	26.25	1.6790653712466845
25.0	27.5	1.1136141762957834
25.0	28.75	0.9502921245867144
25.0	30.0	1.2810819233493378
25.0	31.25	3.6047705950016162
26.25	30.0	4.9999999998193
26.25	28.75	1.20232494333687
26.25	27.5	0.9754035310015929
26.25	26.25	1.3784966039753481
26.25	25.0	1.6410937503578795
26.25	23.75	1.6427544613842677
26.25	22.5	1.5379686548050566
26.25	21.25	1.184945061204978
26.25	20.0	1.0625950918659752
26.25	18.75	1.0505020958582731
26.25	17.5	1.0467368107744877
26.25	16.25	0.9059914246281195
26.25	15.0	0.9091012187702674
26.25	13.75	0.9114449376733589
26.25	12.5	0.9124702099244955
26.25	11.25	0.887042780802151
26.25	10.0	0.9041498922676396
26.25	8.75	0.9239166722657588
26.25	7.5	0.9713205850343387
26.25	6.25	0.9724004345505435
26.25	5.0	0.9807589867607689
26.25	3.75	0.9867946674739851
26.25	2.5	0.9914460122874207
26.25	1.25	1.026458771161204
26.25	-0.0	1.0442009270324633
26.25	-1.25	1.021110133698583
26.25	-2.5	1.0398470162315174
26.25	-3.75	0.9891524108302718
26.25	-5.0	0.9932673465005752
26.25	-6.25	0.9604543378537622
26.25	-7.5	0.9843822603635077
26.25	-8.75	0.9778741878418318
26.25	-10.0	0.9936604485643219
26.25	-11.25	1.0196599119427248
26.25	-12.5	0.9343002443542385
26.25	-13.75	0.9020073329628353
26.25	-15.0	0.9088166393117287
26.25	-16.25	0.9444681503603753
26.25	-17.5	1.136300936576773
26.25	-18.75	1.249605106080864
26.25	-20.0	1.2849507198921195
26.25	-21.25	1.2683223070270877
26.25	-22.5	1.14103195739112
26.25	-23.75	0.9200136262238479
26.25	-25.0	0.9117379887032584
26.25	-26.25	0.8727976639373045
26.25	-27.5	0.846071734083127
26.25	-28.75	0.8231504139524155
26.25	-30.0	1.618559966561179
27.5	-28.75	1.1451241098826532
27.5	-27.5	0.8062037196627383
27.5	-26.25	0.8770320318373406
27.5	-25.0	0.8951999422548891
27.5	-23.75	0.9109082570688267
27.5	-22.5	0.8911721248821376
27.5	-21.25	1.0480534564482236
27.5	-20.0	1.2264457279708374
27.5	-18.75	1.2589236439147697
27.5	-17.5	1.2439234105854444
27.5	-16.25	1.2124508106377974
27.5	-15.0	1.0990426643673885
27.5	-13.75	0.9795380868752082
27.5	-12.5	0.9298739685974873
27.5	-11.25	0.919394065416479
27.5	-10.0	0.9341228296955038
27.5	-8.75	0.9979189964633832
27.5	-7.5	1.0293149316142047
27.5	-6.25	1.042485342831414
27.5	-5.0	1.0054844894015726
27.5	-3.75	0.9994194129197602
27.5	-2.5	0.9919511921684911
27.5	-1.25	0.9856933650867807
27.5	0.0	0.9801656644649706
27.5	1.25	0.963358015209419
27.5	2.5	0.9420089285188489
27.5	3.75	0.923749179162038
27.5	5.0	0.9399873292879519
27.5	6.25	0.928541747410792
27.5	7.5	0.8989063244075304
27.5	8.75	0.9215061105730289
27.5	10.0	0.9329698243663787
27.5	11.25	0.952922673301904
27.5	12.5	0.9327640476439703
27.5	13.75	0.9046398956408295
27.5	15.0	1.0490391840270599
27.5	16.25	1.0683779931011514
27.5	17.5	1.048926407886114
27.5	18.75	1.0572762468052046
27.5	20.0	1.2244167789553275
27.5	21.25	1.5571440741258176
27.5	22.5	1.5804137631714568
27.5	23.75	1.7664930876377527
27.5	25.0	1.4694030938410378
27.5	26.25	0.9428674297425177
27.5	27.5	1.1612251450017999
27.5	28.75	3.938481121936224
28.75	27.5	3.5730970380962805
28.75	26.25	1.1765344377119575
28.75	25.0	0.9374127408212036
28.75	23.75	1.128441780197818
28.75	22.5	1.961810137607122
28.75	21.25	1.4466154394576431
28.75	20.0	1.6366439602206153
28.75	18.75	1.345808672382784
28.75	17.5	1.058277199818991
28.75	16.25	0.9812697122656244
28.75	15.0	1.0516502504529015
28.75	13.75	1.0911535428397556
28.75	12.5	1.0657247841017448
28.75	11.25	0.9545389813576026
28.75	10.0	0.9740079852105197
28.75	8.75	0.9839550534025419
28.75	7.5	0.9884680399446202
28.75	6.25	0.9721517810543041
28.75	5.0	0.9402274835562094
28.75	3.75	0.9373063517512437
28.75	2.5	0.9182727052473494
28.75	1.25	0.9120996126471823
28.75	-0.0	0.8883798730857153
28.75	-1.25	0.8941158910598146
28.75	-2.5	0.8995971095394388
28.75	-3.75	0.8853509135885718
28.75	-5.0	0.9243818199881098
28.75	-6.25	0.9475064114664642
28.75	-7.5	0.9252933409980502
28.75	-8.75	0.9862009731929735
28.75	-10.0	1.0078455125534136
28.75	-11.25	1.0543846277735467
28.75	-12.5	1.133404349844568
28.75	-13.75	1.1955626158881403
28.75	-15.0	1.2313363981489704
28.75	-16.25	1.229415703687068
28.75	-17.5	1.1986828169577954
28.75	-18.75	1.1175261162176806
28.75	-20.0	0.9365759026108353
28.75	-21.25	0.8931078015215563
28.75	-22.5	0.8559462915309055
28.75	-23.75	0.8719024581644463
28.75	-25.0	0.840052222715487
28.75	-26.25	0.8045350007162897
28.75	-27.5	1.1163077311600764
30.0	-26.25	1.0698967087577884
30.0	-25.0	0.8220872000047841
30.0	-23.75	0.8346457661087623
30.0	-22.5	0.9210872080730184
30.0	-21.25	0.8853109318762522
30.0	-20.0	0.9004782002925174
30.0	-18.75	0.9269062249268742
30.0	-17.5	0.9786163632718434
30.0	-16.25	1.113230190028136
30.0	-15.0	1.1648909934000944
30.0	-13.75	1.2035790161195834
30.0	-12.5	1.2064622655447987
30.0	-11.25	1.210250052779661
30.0	-10.0	1.1664486786087576
30.0	-8.75	1.1381856218991393
30.0	-7.5	1.1103263417149476
30.0	-6.25	1.0738705775170576
30.0	-5.0	1.0675930422231206
30.0	-3.75	1.0555429418223703
30.0	-2.5	1.0558999023594602
30.0	-1.25	1.058509024028229
30.0	0.0	1.034909896510234
30.0	1.25	1.0166196450147904
30.0	2.5	1.0372265159106462
30.0	3.75	1.0224750148450124
30.0	5.0	1.039466670093403
30.0	6.25	1.020272501825568
30.0	7.5	0.9962844797099724
30.0	8.75	0.9647119352247344
30.0	10.0	1.0965117436901926
30.0	11.25	1.099109454935804
30.0	12.5	1.053108648432321
30.0	13.75	0.9671475362120958
30.0	15.0	1.0070959763307696
30.0	16.25	1.1838353784543534
30.0	17.5	1.472042123744414
30.0	18.75	1.5633247720544041
30.0	20.0	1.5320222906606578
30.0	21.25	1.8122340701707884
30.0	22.5	1.0747610982878175
30.0	23.75	0.9751922955629668
30.0	25.0	1.2147755307180663
30.0	26.25	4.081954438667063
31.25	25.0	4.202329194429563
31.25	23.75	1.381617647711133
31.25	22.5	1.0225377674988252
31.25	21.25	1.0204688231897086
31.25	20.0	1.7614919639962405
31.25	18.75	1.9011495024992264
31.25	17.5	1.411239466037694
31.25	16.25	1.5566496204913864
31.25	15.0	1.4000789048035722
31.25	13.75	1.1623942186488918
31.25	12.5	0.9989480605110934
31.25	11.25	1.024701048258347
31.25	10.0	1.0313573152282443
31.25	8.75	1.0902829982922801
31.25	7.5	1.1048362501930429
31.25	6.25	1.1270096780108139
31.25	5.0	1.124376172675965
31.25	3.75	1.0652206441912613
31.25	2.5	1.1087570859713738
31.25	1.25	1.119692429996694
31.25	-0.0	1.1051218608986275
31.25	-1.25	1.1119557033880065
31.25	-2.5	1.1308574889881342
31.25	-3.75	1.1480834068290768
31.25	-5.0	1.1727317425735793
31.25	-6.25	1.1878263767159192
31.25	-7.5	1.1784108390760846
31.25	-8.75	1.2094284788165695
31.25	-10.0	1.2039279477594258
31.25	-11.25	1.156212530863435
31.25	-12.5	1.1128326619113995
31.25	-13.75	1.0478554760561583
31.25	-15.0	0.9549210586398722
31.25	-16.25	0.9299203808864238
31.25	-17.5	0.9695525539148786
31.25	-18.75	0.9396086946562932
31.25	-20.0	0.93684963491111
31.25	-21.25	0.9097472594967835
31.25	-22.5	0.8242462060487092
31.25	-23.75	0.8195694193278911
31.25	-25.0	1.099496385744409
32.5	-23.75	1.4447601729571602
32.5	-22.5	0.8756508381258747
32.5	-21.25	0.8188048189982542
32.5	-20.0	0.900117191928822
32.5	-18.75	0.9932275983490584
32.5	-17.5	0.9641529949372885
32.5	-16.25	0.9766759756391084
32.5	-15.0	1.0355514068084029
32.5	-13.75	0.9808767472270823
32.5	-12.5	0.9545058771872128
32.5	-11.25	0.9673740835025146
32.5	-10.0	1.016320039494751
32.5	-8.75	1.0692386966655754
32.5	-7.5	1.1222694150745056
32.5	-6.25	1.171774665409643
32.5	-5.0	1.2022849661414314
32.5	-3.75	1.2275912421774393
32.5	-2.5	1.1997690613721081
32.5	-1.25	1.1887830482196637
32.5	0.0	1.151191320144739
32.5	1.25	1.1023143685116663
32.5	2.5	1.0976333842615302
32.5	3.75	1.081437557226824
32.5	5.0	1.0252951956273115
32.5	6.25	0.9746111111280422
32.5	7.5	0.9898091704436478
32.5	8.75	0.9769807258119094
32.5	10.0	1.0642649816760938
32.5	11.25	1.2417086125475851
32.5	12.5	1.419151837869621
32.5	13.75	1.5060771891832108
32.5	15.0	1.3975651959369628
32.5	16.25	1.7948132598726954
32.5	17.5	1.8566959310332178
32.5	18.75	1.153027316002789
32.5	20.0	1.0021742831268154
32.5	21.25	1.1292329926726747
32.5	22.5	1.7616033067182961
32.5	23.75	5.0
33.75	21.25	3.6585944033752575
33.75	20.0	1.3124372635243997
33.75	18.75	1.0437183669772647
33.75	17.5	1.013866067169248
33.75	16.25	1.3671261395587955
33.75	15.0	1.9536656217872403
33.75	13.75	1.8020144594348508
33.75	12.5	1.4406702036802468
33.75	11.25	1.4368539688824171
33.75	10.0	1.4569592998255256
33.75	8.75	1.3740906732639582
33.75	7.5	1.2444414761304632
33.75	6.25	1.1542995265172928
33.75	5.0	1.0491812867878858
33.75	3.75	0.9742948965601572
33.75	2.5	0.9739096385792507
33.75	1.25	0.9672624127836027
33.75	-0.0	0.9709135399126261
33.75	-1.25	0.9745012375127153
33.75	-2.5	0.9649770159225346
33.75	-3.75	0.9587774287269131
33.75	-5.0	0.9626213518071447
33.75	-6.25	0.9412365859184488
33.75	-7.5	0.9370264459425854
33.75	-8.75	0.996205657728412
33.75	-10.0	1.0568949392930342
33.75	-11.25	1.0893989234145103
33.75	-12.5	1.055607073843186
33.75	-13.75	0.9912632505737671
33.75	-15.0	1.0207387319616927
33.75	-16.25	1.0312778145650991
33.75	-17.5	0.9402122705333191
33.75	-18.75	0.8284515165854325
33.75	-20.0	0.8530244485077354
33.75	-21.25	0.9817727650360686
35.0	-20.0	1.7119780144260544
35.0	-18.75	0.9757212815309426
35.0	-17.5	0.9100572511578298
35.0	-16.25	0.8834089548703368
35.0	-15.0	0.9722270992723816
35.0	-13.75	1.1149801007857576
35.0	-12.5	1.1264313001237962
35.0	-11.25	1.0567958776733146
35.0	-10.0	1.0127364503883598
35.0	-8.75	1.091838753367309
35.0	-7.5	1.1262685410006954
35.0	-6.25	1.1605241214174473
35.0	-5.0	1.1817357949320098
35.0	-3.75	1.1863943867053752
35.0	-2.5	1.1831028289364092
35.0	-1.25	1.192366579729578
35.0	0.0	1.230904492217232
35.0	1.25	1.2481756971062534
35.0	2.5	1.287128889846941
35.0	3.75	1.3227366450359046
35.0	5.0	1.368316050117552
35.0	6.25	1.3598603818952801
35.0	7.5	1.3360596380855334
35.0	8.75	1.3772886717975386
35.0	10.0	1.6847943637952927
35.0	11.25	1.9817100282461544
35.0	12.5	1.8379197125493532
35.0	13.75	1.2479693601591375
35.0	15.0	1.0248960893347352
35.0	16.25	1.0721109019905883
35.0	17.5	1.271987930331874
35.0	18.75	2.1127609019754416
35.0	20.0	3.74616119590533
36.25	17.5	3.55632924005857
36.25	16.25	2.016837879057757
36.25	15.0	1.2827862407120305
36.25	13.75	1.1170516087734486
36.25	12.5	1.04869234680854
36.25	11.25	1.0916630781623402
36.25	10.0	1.314203443094395
36.25	8.75	1.6854217382201906
36.25	7.5	1.8529197236629198
36.25	6.25	1.7715665878584925
36.25	5.0	1.5968684102452846
36.25	3.75	1.4309919886015265
36.25	2.5	1.3035818118206421
36.25	1.25	1.2314741182579798
36.25	-0.0	1.1764120680311851
36.25	-1.25	1.1705913598343445
36.25	-2.5	1.1520887194864464
36.25	-3.75	1.1488075018790145
36.25	-5.0	1.1693073631982687
36.25	-6.25	1.2001221501913228
36.25	-7.5	1.2598500043263137
36.25	-8.75	1.2648144369302674
36.25	-10.0	1.2314273579248605
36.25	-11.25	1.0785704153453075
36.25	-12.5	0.9687092071519938
36.25	-13.75	0.9232131176261973
36.25	-15.0	0.9726407538905955
36.25	-16.25	1.074171892500675
36.25	-17.5	1.5099458492658355
37.5	-15.0	2.066190765125306
37.5	-13.75	1.3872269167072933
37.5	-12.5	1.1835230133384282
37.5	-11.25	1.08853657957372
37.5	-10.0	1.0526509204418169
37.5	-8.75	0.9971587348151996
37.5	-7.5	1.0594386479126703
37.5	-6.25	1.133333901518788
37.5	-5.0	1.2393718783774919
37.5	-3.75	1.2948057997131777
37.5	-2.5	1.386340076191991
37.5	-1.25	1.4218978656263346
37.5	0.0	1.4651573995249656
37.5	1.25	1.494913045324222
37.5	2.5	1.497324198999273
37.5	3.75	1.3632548184942017
37.5	5.0	1.2282667564953167
37.5	6.25	1.1192452908341979
37.5	7.5	1.0771228340124726
37.5	8.75	1.0993258481147938
37.5	10.0	1.1639701927850243
37.5	11.25	1.2785579190576621
37.5	12.5	1.480804404219863
37.5	13.75	3.2212628143738993
37.5	15.0	4.999999999989093
38.75	11.25	3.8864195945725015
38.75	10.0	2.9940564301794472
38.75	8.75	1.8512813084248325
38.75	7.5	1.5105875234984047
38.75	6.25	1.3838828926955813
38.75	5.0	1.3159068767896454
38.75	3.75	1.269474465878333
38.75	2.5	1.2914082328619365
38.75	1.25	1.25509218762482
38.75	-0.0	1.260069208473805
38.75	-1.25	1.25030822101985
38.75	-2.5	1.2622640851187548
38.75	-3.75	1.2919270502129176
38.75	-5.0	1.3054814988468042
38.75	-6.25	1.3160408145700835
38.75	-7.5	1.326247789818689
38.75	-8.75	1.3960167960129821
38.75	-10.0	1.711765045892772
38.75	-11.25	2.795263421478258
40.0	-6.25	3.4226678925639433
40.0	-5.0	3.96468648617911
40.0	-3.75	2.687923676696844
40.0	-2.5	2.766940658921433
40.0	-1.25	2.29497821259646
40.0	0.0	2.2498386028793984
40.0	1.25	2.4799765215544873
40.0	2.5	2.6825415293090273
40.0	3.75	3.548955292451538
40.0	5.0	4.999999991292711
40.0	6.25	3.0399398507598363
