-40.0	6.25	4.999999999999993
-40.0	5.0	3.487048258829809
-40.0	3.75	2.389945375999053
-40.0	2.5	1.9863475358184601
-40.0	1.25	1.8859469641162896
-40.0	-0.0	1.737887871763375
-40.0	-1.25	1.7987555758999392
-40.0	-2.5	1.9455228027708324
-40.0	-3.75	2.0031698659012793
-40.0	-5.0	2.2618649703151847
-40.0	-6.25	2.7144118011435747
-38.75	-11.25	1.7911301548703094
-38.75	-10.0	1.4741083731309734
-38.75	-8.75	1.3486455667073223
-38.75	-7.5	1.3316935892122217
-38.75	-6.25	1.3463051832585577
-38.75	-5.0	1.3005518142837822
-38.75	-3.75	1.3037398833338765
-38.75	-2.5	1.3247887962401315
-38.75	-1.25	1.318745655282127
-38.75	0.0	1.342853683019296
-38.75	1.25	1.3443115741482305
-38.75	2.5	1.3791567338322874
-38.75	3.75	1.4042299706427608
-38.75	5.0	1.4594536369144944
-38.75	6.25	1.5156245707864144
-38.75	7.5	1.5760707336946114
-38.75	8.75	1.750790359042007
-38.75	10.0	2.425567133158088
-38.75	11.25	3.0045394003501507
-37.5	15.0	2.8690028398871013
-37.5	13.75	3.0094801196138903
-37.5	12.5	1.6671853232269367
-37.5	11.25	1.4397724892920998
-37.5	10.0	1.3114604289542466
-37.5	8.75	1.2181286511779348
-37.5	7.5	1.2120765340978688
-37.5	6.25	1.2954887996594397
-37.5	5.0	1.4142739138028917
-37.5	3.75	1.5394446248569418
-37.5	2.5	1.7367880072057567
-37.5	1.25	1.7337915000117254
-37.5	-0.0	1.6485431996103816
-37.5	-1.25	1.6166444642906894
-37.5	-2.5	1.5539162298446874
-37.5	-3.75	1.4449240057200763
-37.5	-5.0	1.35991745445728
-37.5	-6.25	1.2865297513730685
-37.5	-7.5	1.1242583195467812
-37.5	-8.75	1.104344100379194
-37.5	-10.0	1.073411739101883
-37.5	-11.25	1.1506541095054121
-37.5	-12.5	1.2032400590914563
-37.5	-13.75	1.3384581685533785
-37.5	-15.0	1.9212258639872832
-36.25	-17.5	1.5057826561375753
-36.25	-16.25	1.163621362136313
-36.25	-15.0	0.9909056724715439
-36.25	-13.75	0.967881897161444
-36.25	-12.5	0.9809506463073863
-36.25	-11.25	1.1652204975858176
-36.25	-10.0	1.3677651367945902
-36.25	-8.75	1.4557325275477817
-36.25	-7.5	1.4707643300729059
-36.25	-6.25	1.405783241388347
-36.25	-5.0	1.3519599507816649
-36.25	-3.75	1.3051659291774822
-36.25	-2.5	1.318841648892831
-36.25	-1.25	1.3382353635952402
-36.25	0.0	1.3276236858557606
-36.25	1.25	1.376922556650869
-36.25	2.5	1.3991866789566068
-36.25	3.75	1.4938106028352882
-36.25	5.0	1.6999964019961853
-36.25	6.25	1.9535546169591145
-36.25	7.5	2.165678802253094
-36.25	8.75	1.934178937469504
-36.25	10.0	1.654540261521424
-36.25	11.25	1.2198407623527885
-36.25	12.5	1.1670625639646035
-36.25	13.75	1.2304024324491607
-36.25	15.0	1.4774483841183947
-36.25	16.25	2.049482110774891
-36.25	17.5	3.4564156476898553
-35.0	20.0	2.945026542388316
-35.0	18.75	2.204423114484406
-35.0	17.5	1.3340561649327265
-35.0	16.25	1.1370394809675224
-35.0	15.0	1.1312896616151917
-35.0	13.75	1.4123569556776232
-35.0	12.5	2.119470481067779
-35.0	11.25	2.2750145432264732
-35.0	10.0	1.7672746275330642
-35.0	8.75	1.5232160248793551
-35.0	7.5	1.5499728408654834
-35.0	6.25	1.5487689409757248
-35.0	5.0	1.5202747055438328
-35.0	3.75	1.5071755758104306
-35.0	2.5	1.4644831479778926
-35.0	1.25	1.3842588533999756
-35.0	-0.0	1.3486606958359921
-35.0	-1.25	1.3534695128575933
-35.0	-2.5	1.3298461713460918
-35.0	-3.75	1.3275769758130345
-35.0	-5.0	1.3334325394765676
-35.0	-6.25	1.3071157897216787
-35.0	-7.5	1.2834478282650412
-35.0	-8.75	1.2195384132893095
-35.0	-10.0	1.181486448188914
-35.0	-11.25	1.2220309845686668
-35.0	-12.5	1.2765855884400938
-35.0	-13.75	1.212486825432527
-35.0	-15.0	1.0038124220207854
-35.0	-16.25	0.8735027582538581
-35.0	-17.5	0.9070887041343392
-35.0	-18.75	1.0772871724279458
-35.0	-20.0	1.625056582750597
-33.75	-21.25	1.0796264953915413
-33.75	-20.0	0.8571408364631958
-33.75	-18.75	0.8801233400777306
-33.75	-17.5	0.973538213125682
-33.75	-16.25	1.1868231838945853
-33.75	-15.0	1.149642879615456
-33.75	-13.75	1.067994658454701
-33.75	-12.5	1.1497500885170968
-33.75	-11.25	1.2136033864173115
-33.75	-10.0	1.1926632484487474
-33.75	-8.75	1.0735610440396623
-33.75	-7.5	1.0066955246773617
-33.75	-6.25	1.0098668178443235
-33.75	-5.0	1.026387713481915
-33.75	-3.75	1.0053629445526493
-33.75	-2.5	1.0498426237983889
-33.75	-1.25	1.0331612922256799
-33.75	0.0	1.0382879350833827
-33.75	1.25	1.0519171884493197
-33.75	2.5	1.0618631961949196
-33.75	3.75	1.0983981040986883
-33.75	5.0	1.0968908557669792
-33.75	6.25	1.1976376995395066
-33.75	7.5	1.3923136170392567
-33.75	8.75	1.568188867052557
-33.75	10.0	1.7071427115284612
-33.75	11.25	1.6850345295188358
-33.75	12.5	1.621017383712882
-33.75	13.75	2.020647882258462
-33.75	15.0	2.2320920027389004
-33.75	16.25	1.5070824561494778
-33.75	17.5	1.1145199640782613
-33.75	18.75	1.145715676652122
-33.75	20.0	1.3468527982105103
-33.75	21.25	3.572295139726453
-32.5	23.75	2.7062113016973033
-32.5	22.5	1.7330480476631305
-32.5	21.25	1.1723014484091046
-32.5	20.0	1.0567273631614107
-32.5	18.75	1.336484745421104
-32.5	17.5	2.295544287414719
-32.5	16.25	1.8801937485819833
-32.5	15.0	1.737376539845493
-32.5	13.75	1.8174014002563013
-32.5	12.5	1.6306505448558406
-32.5	11.25	1.4042116046789204
-32.5	10.0	1.1584932092572142
-32.5	8.75	1.1253094866841096
-32.5	7.5	1.0998955497065381
-32.5	6.25	1.052032995925667
-32.5	5.0	0.9992400192617001
-32.5	3.75	0.9452674949282605
-32.5	2.5	0.9354443735639606
-32.5	1.25	0.9356828686102103
-32.5	-0.0	0.908682326147467
-32.5	-1.25	0.9164095659013958
-32.5	-2.5	0.9534718284874755
-32.5	-3.75	0.9276457512289102
-32.5	-5.0	0.9541878168975284
-32.5	-6.25	0.9631716736705798
-32.5	-7.5	0.9789939443354179
-32.5	-8.75	0.9841366347611729
-32.5	-10.0	1.0079801895462728
-32.5	-11.25	0.9877743852019734
-32.5	-12.5	0.9975089879465759
-32.5	-13.75	1.1044205034952768
-32.5	-15.0	1.1167470377263378
-32.5	-16.25	1.0192044861416587
-32.5	-17.5	1.033332724753258
-32.5	-18.75	1.044368170727454
-32.5	-20.0	0.8881981496839657
-32.5	-21.25	0.8170589759256233
-32.5	-22.5	0.9561773283479678
-32.5	-23.75	1.7237418215572253
-31.25	-25.0	1.4414800975204933
-31.25	-23.75	0.8616679087226577
-31.25	-22.5	0.8206467692430337
-31.25	-21.25	0.9925962152368566
-31.25	-20.0	1.0747643119270043
-31.25	-18.75	0.9653044680419995
-31.25	-17.5	1.0164690554305356
-31.25	-16.25	1.0644662630279136
-31.25	-15.0	0.983785089002791
-31.25	-13.75	1.0109064272989245
-31.25	-12.5	1.0078977967119673
-31.25	-11.25	1.006489078446969
-31.25	-10.0	0.9949093606889683
-31.25	-8.75	1.0289228781784079
-31.25	-7.5	1.0898200791618207
-31.25	-6.25	1.114022051864735
-31.25	-5.0	1.1237063236290812
-31.25	-3.75	1.1173018707345728
-31.25	-2.5	1.141182753962374
-31.25	-1.25	1.1339799932257293
-31.25	0.0	1.1177223140738368
-31.25	1.25	1.099206156012265
-31.25	2.5	1.095264991114723
-31.25	3.75	1.0437175633774363
-31.25	5.0	1.0239600531694943
-31.25	6.25	0.9911981505100265
-31.25	7.5	0.9812198771254623
-31.25	8.75	0.976484823409324
-31.25	10.0	1.0455525511684218
-31.25	11.25	1.131920889961311
-31.25	12.5	1.1984800333932384
-31.25	13.75	1.3347361357812968
-31.25	15.0	-1.6549262510503224
-31.25	16.25	2.5606773002896555
-31.25	17.5	1.7268408793473746
-31.25	18.75	2.200141268888652
-31.25	20.0	2.1449406908047948
-31.25	21.25	1.170101158353054
-31.25	22.5	1.0921387107218958
-31.25	23.75	1.3742403544107429
-31.25	25.0	2.849081819450829
-30.0	26.25	3.222140380688197
-30.0	25.0	1.2485464701095195
-30.0	23.75	1.041339017535159
-30.0	22.5	1.2781481908569479
-30.0	21.25	2.1343576119545276
-30.0	20.0	1.7134736525511514
-30.0	18.75	1.9340833112678393
-30.0	17.5	1.7274572677785551
-30.0	16.25	1.3701827050937245
-30.0	15.0	1.190386796305079
-30.0	13.75	1.1495871695705144
-30.0	12.5	1.0412955210690171
-30.0	11.25	0.9877813257946908
-30.0	10.0	1.0200650360597585
-30.0	8.75	1.042321026797401
-30.0	7.5	1.0659059567739906
-30.0	6.25	1.0365816939415033
-30.0	5.0	1.0251847837810288
-30.0	3.75	0.9790867895131905
-30.0	2.5	0.9763488249471681
-30.0	1.25	0.953409474062048
-30.0	-0.0	0.9481347998636913
-30.0	-1.25	0.9749861817209986
-30.0	-2.5	0.9771049940978447
-30.0	-3.75	0.9767123420490069
-30.0	-5.0	1.0184936331728203
-30.0	-6.25	1.0550560041922878
-30.0	-7.5	1.0674374788102554
-30.0	-8.75	1.1055095263640924
-30.0	-10.0	1.1308551405559486
-30.0	-11.25	1.108499164435801
-30.0	-12.5	1.0883156730514099
-30.0	-13.75	1.072465778322953
-30.0	-15.0	1.0517083087626178
-30.0	-16.25	1.047088688664413
-30.0	-17.5	1.0137469311750111
-30.0	-18.75	1.0105318761860849
-30.0	-20.0	0.995596568322485
-30.0	-21.25	0.9801859116308798
-30.0	-22.5	0.9932710010630199
-30.0	-23.75	0.8435980451090694
-30.0	-25.0	0.8306501857500335
-30.0	-26.25	1.4142355243774496
-28.75	-27.5	1.281461478325003
-28.75	-26.25	0.8414849819177403
-28.75	-25.0	0.8628296478807052
-28.75	-23.75	0.9332684662691335
-28.75	-22.5	0.93748187015398
-28.75	-21.25	0.9409189741574497
-28.75	-20.0	0.9632326177635786
-28.75	-18.75	1.0685767513717686
-28.75	-17.5	1.105007465917451
-28.75	-16.25	1.0852901375009303
-28.75	-15.0	1.1587491838266466
-28.75	-13.75	1.160505801765293
-28.75	-12.5	1.1211052228208462
-28.75	-11.25	1.0518180628763254
-28.75	-10.0	1.0011848894484556
-28.75	-8.75	0.965043806467893
-28.75	-7.5	0.9348291107051718
-28.75	-6.25	0.9092585999893865
-28.75	-5.0	0.8972015773842967
-28.75	-3.75	0.9258442485208835
-28.75	-2.5	0.9039080667409074
-28.75	-1.25	0.9152631202156725
-28.75	0.0	0.9338505480404722
-28.75	1.25	0.9177052065926041
-28.75	2.5	0.9113454049662453
-28.75	3.75	0.9300323110863165
-28.75	5.0	0.9184671541378195
-28.75	6.25	0.9259221813088914
-28.75	7.5	0.9393471554880906
-28.75	8.75	0.9675009390007681
-28.75	10.0	1.0054497938611862
-28.75	11.25	1.0220023460330188
-28.75	12.5	1.0283826924492967
-28.75	13.75	1.0149762853749733
-28.75	15.0	1.0389495183201216
-28.75	16.25	1.2040648761565667
-28.75	17.5	1.2471516071984778
-28.75	18.75	1.5382084592351175
-28.75	20.0	1.9410085453634016
-28.75	21.25	1.5910808519107897
-28.75	22.5	1.8480877206503523
-28.75	23.75	1.2882186177421007
-28.75	25.0	1.0734624743923327
-28.75	26.25	1.2127771209200668
-28.75	27.5	2.8483291987283854
-27.5	28.75	3.9382274468369367
-27.5	27.5	1.2424672644557955
-27.5	26.25	1.058595691211127
-27.5	25.0	1.375516159728405
-27.5	23.75	1.6389382779392037
-27.5	22.5	1.8667110225029218
-27.5	21.25	1.878090914146492
-27.5	20.0	1.4065031228344749
-27.5	18.75	1.2463743996031615
-27.5	17.5	1.1206034668660134
-27.5	16.25	0.977426037919102
-27.5	15.0	1.0313971852491335
-27.5	13.75	1.018778722319647
-27.5	12.5	0.9489531452515276
-27.5	11.25	0.9592276589451831
-27.5	10.0	0.9314203031067612
-27.5	8.75	0.926809837761839
-27.5	7.5	0.9558415156498823
-27.5	6.25	0.9405777533522155
-27.5	5.0	0.9592539458960108
-27.5	3.75	0.972107464884278
-27.5	2.5	1.0389574947902354
-27.5	1.25	1.0217343712934586
-27.5	-0.0	0.9732488723096413
-27.5	-1.25	0.9508799220377995
-27.5	-2.5	0.970770750405002
-27.5	-3.75	0.9800708476396958
-27.5	-5.0	0.981566788225078
-27.5	-6.25	0.9900334575448166
-27.5	-7.5	0.9553405056458333
-27.5	-8.75	0.9134909517942678
-27.5	-10.0	0.9206228352079835
-27.5	-11.25	0.892709154108883
-27.5	-12.5	0.9277918385319133
-27.5	-13.75	1.0022277532534325
-27.5	-15.0	1.1235784510640876
-27.5	-16.25	1.2064445717217787
-27.5	-17.5	1.1724947940260684
-27.5	-18.75	1.1699016671416782
-27.5	-20.0	1.1261073463675766
-27.5	-21.25	0.9748203812769809
-27.5	-22.5	0.942174252217419
-27.5	-23.75	0.9134376643883755
-27.5	-25.0	0.9096581596515048
-27.5	-26.25	0.8488946389585799
-27.5	-27.5	0.8532734841570777
-27.5	-28.75	1.6426988552587733
-26.25	-30.0	2.3371607573501008
-26.25	-28.75	0.8611282619737111
-26.25	-27.5	0.8690839687258496
-26.25	-26.25	0.91802749379855
-26.25	-25.0	0.9411697417303433
-26.25	-23.75	0.9264871842874056
-26.25	-22.5	1.0688781251006043
-26.25	-21.25	1.1807308520960182
-26.25	-20.0	1.20909739969819
-26.25	-18.75	1.2274619132978115
-26.25	-17.5	1.1699318128158644
-26.25	-16.25	1.0181895418086437
-26.25	-15.0	0.9050499063191877
-26.25	-13.75	0.8753390011422821
-26.25	-12.5	0.9187178594050893
-26.25	-11.25	0.9701647474579627
-26.25	-10.0	0.9881029518862992
-26.25	-8.75	0.9620551401199586
-26.25	-7.5	1.0134579203702607
-26.25	-6.25	1.0066327002605027
-26.25	-5.0	1.0310790744593277
-26.25	-3.75	0.9849460465177788
-26.25	-2.5	1.0031731479922392
-26.25	-1.25	1.0946016106681267
-26.25	0.0	1.114914613024844
-26.25	1.25	1.0873467222673208
-26.25	2.5	1.1219794606229216
-26.25	3.75	1.0557250763021582
-26.25	5.0	0.9874329820247398
-26.25	6.25	0.9991677792680287
-26.25	7.5	1.0018078943273263
-26.25	8.75	0.9691282348612198
-26.25	10.0	0.9377592088326034
-26.25	11.25	0.9283918270566414
-26.25	12.5	0.9102795846911329
-26.25	13.75	0.9145812723630087
-26.25	15.0	0.9644336619076093
-26.25	16.25	1.0306076281293457
-26.25	17.5	1.0352956607348691
-26.25	18.75	1.0559252491816107
-26.25	20.0	1.244312039232664
-26.25	21.25	1.3808018786957375
-26.25	22.5	1.715898795139685
-26.25	23.75	1.9741323537084305
-26.25	25.0	1.595339543799339
-26.25	26.25	1.3586912341894095
-26.25	27.5	1.0598710864788874
-26.25	28.75	1.232292725690681
-26.25	30.0	2.7136211590878867
-25.0	31.25	2.5705798532866364
-25.0	30.0	1.303110971330561
-25.0	28.75	1.0374545623995566
-25.0	27.5	1.306056514546876
-25.0	26.25	1.6447239581940405
-25.0	25.0	-1.9688175312368927
-25.0	23.75	1.6969912701842667
-25.0	22.5	1.3863765522437657
-25.0	21.25	1.2548616005254978
-25.0	20.0	1.0368847756880317
-25.0	18.75	1.0211137172509623
-25.0	17.5	0.9665717173428723
-25.0	16.25	0.8792842861615284
-25.0	15.0	0.8739135133432399
-25.0	13.75	0.8877016661752766
-25.0	12.5	0.9493888809041797
-25.0	11.25	0.9688827095780441
-25.0	10.0	1.0081677112831944
-25.0	8.75	0.9982845769409359
-25.0	7.5	1.1670734820906645
-25.0	6.25	1.1953810255540462
-25.0	5.0	1.0358202098916136
-25.0	3.75	0.9424133645601573
-25.0	2.5	0.892260829851395
-25.0	1.25	0.9035466213948018
-25.0	-0.0	0.8892857508419727
-25.0	-1.25	0.8509586244727281
-25.0	-2.5	0.8442375605886019
-25.0	-3.75	0.8730798037962515
-25.0	-5.0	0.9150541126127765
-25.0	-6.25	0.943007278013984
-25.0	-7.5	1.0134908607532456
-25.0	-8.75	1.081747068675524
-25.0	-10.0	0.9453712998220354
-25.0	-11.25	0.8881423506563992
-25.0	-12.5	0.8988680374516189
-25.0	-13.75	0.8999664342893112
-25.0	-15.0	0.8993403599241603
-25.0	-16.25	0.8719259864283586
-25.0	-17.5	0.9072311157735928
-25.0	-18.75	1.0839223257179817
-25.0	-20.0	1.2092217677664854
-25.0	-21.25	1.2371578348030043
-25.0	-22.5	1.2170644168200404
-25.0	-23.75	1.1120287289655026
-25.0	-25.0	0.8882193991455889
-25.0	-26.25	0.9084939366489699
-25.0	-27.5	0.8654401856298897
-25.0	-28.75	0.8091257170946768
-25.0	-30.0	0.9687672503211564
-25.0	-31.25	2.847793949333637
-23.75	-32.5	3.1098913977694416
-23.75	-31.25	1.2298975942842114
-23.75	-30.0	0.8207572097294937
-23.75	-28.75	0.9125327420297129
-23.75	-27.5	0.8720573888760903
-23.75	-26.25	0.9217320134881168
-23.75	-25.0	1.1638986351358334
-23.75	-23.75	1.2631147844472839
-23.75	-22.5	1.2769002754652305
-23.75	-21.25	1.1828291602041796
-23.75	-20.0	0.9782204460115773
-23.75	-18.75	0.8864802517627615
-23.75	-17.5	0.8840349159131788
-23.75	-16.25	0.8972525422262079
-23.75	-15.0	0.8787564393846283
-23.75	-13.75	0.8934457752963398
-23.75	-12.5	0.9416385569577574
-23.75	-11.25	0.9301372364812002
-23.75	-10.0	0.8662788893983899
-23.75	-8.75	0.8486559534143847
-23.75	-7.5	0.8176192604900265
-23.75	-6.25	0.8262081315104801
-23.75	-5.0	0.8030107366199344
-23.75	-3.75	0.8183556536535219
-23.75	-2.5	0.8127268033526942
-23.75	-1.25	0.8129483230548127
-23.75	0.0	0.8267578271344691
-23.75	1.25	0.7971021724292848
-23.75	2.5	0.8167843406143751
-23.75	3.75	0.8188729307344413
-23.75	5.0	0.8457306877065243
-23.75	6.25	0.9659728971578545
-23.75	7.5	1.136149145603306
-23.75	8.75	1.289373645861871
-23.75	10.0	1.173160810452174
-23.75	11.25	1.0244720068537632
-23.75	12.5	1.0083677107360973
-23.75	13.75	0.9195418742261294
-23.75	15.0	0.8936348313671028
-23.75	16.25	0.8631953835494084
-23.75	17.5	0.8778108131995843
-23.75	18.75	0.8869703622171512
-23.75	20.0	1.0379079140392067
-23.75	21.25	1.0703670726640127
-23.75	22.5	1.248545321083654
-23.75	23.75	1.4103926994138405
-23.75	25.0	1.6947678732968487
-23.75	26.25	1.8850898260772286
-23.75	27.5	1.6860687570972264
-23.75	28.75	1.2676733343645985
-23.75	30.0	1.0464443796263314
-23.75	31.25	1.5737271364244974
-23.75	32.5	2.185624797347506
-22.5	32.5	2.1240337259407083
-22.5	31.25	1.0887384040681267
-22.5	30.0	1.1157849275796936
-22.5	28.75	1.5943489237409159
-22.5	27.5	1.7756793277028393
-22.5	26.25	1.8243465472115874
-22.5	25.0	1.4865862626244368
-22.5	23.75	1.2616684353636707
-22.5	22.5	1.0541409230093244
-22.5	21.25	1.0394735631727157
-22.5	20.0	0.8745116685481449
-22.5	18.75	0.8522365335681856
-22.5	17.5	0.8668295850558003
-22.5	16.25	0.8814468827066388
-22.5	15.0	0.9141783355896802
-22.5	13.75	0.9503359859818676
-22.5	12.5	1.0877410890279755
-22.5	11.25	1.0504800541311905
-22.5	10.0	0.9344458469591554
-22.5	8.75	0.8503103140457444
-22.5	7.5	0.8330232562667703
-22.5	6.25	0.830042550335012
-22.5	5.0	0.8340517528725622
-22.5	3.75	0.8605348566964244
-22.5	2.5	0.9105982472720839
-22.5	1.25	0.9141430925387635
-22.5	-0.0	0.9151247340586002
-22.5	-1.25	0.8946236547065052
-22.5	-2.5	0.8713177448622256
-22.5	-3.75	0.8784947426454446
-22.5	-5.0	0.8671702115182516
-22.5	-6.25	0.8404420705777031
-22.5	-7.5	0.8269163323966584
-22.5	-8.75	0.804380593064046
-22.5	-10.0	0.8319355359209792
-22.5	-11.25	0.8231325753006891
-22.5	-12.5	0.8951615636830459
-22.5	-13.75	1.0484525054195775
-22.5	-15.0	0.9299284226138553
-22.5	-16.25	0.8898910149681507
-22.5	-17.5	0.8706330632651369
-22.5	-18.75	0.8496456715298306
-22.5	-20.0	0.8491202126842836
-22.5	-21.25	0.9570041501287063
-22.5	-22.5	1.1812676666777495
-22.5	-23.75	1.2624409688968168
-22.5	-25.0	1.2879664501903223
-22.5	-26.25	1.1712180386941302
-22.5	-27.5	0.8868391137921785
-22.5	-28.75	0.8922026768370923
-22.5	-30.0	0.8894214592115457
-22.5	-31.25	0.8713441211705755
-22.5	-32.5	2.100886062407092
-21.25	-33.75	2.6685194493594704
-21.25	-32.5	1.0383204196445996
-21.25	-31.25	0.8671117896081881
-21.25	-30.0	0.8867115950427129
-21.25	-28.75	0.8816378129006663
-21.25	-27.5	1.0984479758998633
-21.25	-26.25	1.2892261499001343
-21.25	-25.0	1.2930985119510066
-21.25	-23.75	1.161892908374612
-21.25	-22.5	0.913533840505889
-21.25	-21.25	0.8486728194966258
-21.25	-20.0	0.8492519739476032
-21.25	-18.75	0.8741000271911972
-21.25	-17.5	0.9235703597493403
-21.25	-16.25	1.0104913469301904
-21.25	-15.0	0.9226086296834506
-21.25	-13.75	0.8201915509952054
-21.25	-12.5	0.8076274466326954
-21.25	-11.25	0.8058940778837922
-21.25	-10.0	0.8556321759096805
-21.25	-8.75	0.8546798596373524
-21.25	-7.5	0.8761478974622703
-21.25	-6.25	0.8560201422979947
-21.25	-5.0	0.8508393875414688
-21.25	-3.75	0.8410081234727684
-21.25	-2.5	0.8396088216436919
-21.25	-1.25	0.8464411771481037
-21.25	0.0	0.8454525595797424
-21.25	1.25	0.8497832272988877
-21.25	2.5	0.8739990726297773
-21.25	3.75	0.8597804814627423
-21.25	5.0	0.9076290924577979
-21.25	6.25	0.9136488618746155
-21.25	7.5	0.8633978074727899
-21.25	8.75	0.8416131362989869
-21.25	10.0	0.8310421074477699
-21.25	11.25	0.8500159104191827
-21.25	12.5	0.8757139798648739
-21.25	13.75	0.9599112039167776
-21.25	15.0	0.9046545851758765
-21.25	16.25	0.9381358269200373
-21.25	17.5	0.8763678013955527
-21.25	18.75	0.859445629484088
-21.25	20.0	0.8454358127630908
-21.25	21.25	0.8648248529468123
-21.25	22.5	1.0839313136818438
-21.25	23.75	1.0571020894753929
-21.25	25.0	1.322717382437908
-21.25	26.25	1.5633712694880106
-21.25	27.5	1.8464031516401302
-21.25	28.75	1.5773184714415658
-21.25	30.0	1.6870279728896955
-21.25	31.25	1.014323598970841
-21.25	32.5	1.2282029639567984
-21.25	33.75	2.7487770358849497
-20.0	35.0	2.157415110709506
-20.0	33.75	1.5941525425376089
-20.0	32.5	1.0283279909178553
-20.0	31.25	1.2590364790023063
-20.0	30.0	1.4565288146390163
-20.0	28.75	1.8759294296100997
-20.0	27.5	1.6191050276514467
-20.0	26.25	1.3535608636295349
-20.0	25.0	1.0896567416020293
-20.0	23.75	1.1188665970785667
-20.0	22.5	0.9192672451675055
-20.0	21.25	0.8526891341705101
-20.0	20.0	0.847342364524243
-20.0	18.75	0.9320901050504249
-20.0	17.5	0.9752879182971528
-20.0	16.25	0.9131355278383619
-20.0	15.0	0.9259811551658483
-20.0	13.75	0.8502874763250299
-20.0	12.5	0.8412280059608266
-20.0	11.25	0.8429195862261167
-20.0	10.0	0.8876903543399708
-20.0	8.75	0.9150600647732325
-20.0	7.5	0.8795488568812431
-20.0	6.25	0.8840900369527604
-20.0	5.0	0.8568937328166868
-20.0	3.75	0.8319345770517987
-20.0	2.5	0.8400683621338443
-20.0	1.25	0.8504720446555787
-20.0	-0.0	0.8508602465083843
-20.0	-1.25	0.8408823189830663
-20.0	-2.5	0.8494995268183132
-20.0	-3.75	0.8210115177727593
-20.0	-5.0	0.830663439556961
-20.0	-6.25	0.8357207430323221
-20.0	-7.5	0.8487475155602988
-20.0	-8.75	0.8429968181519616
-20.0	-10.0	0.835620016268904
-20.0	-11.25	0.8439360140521206
-20.0	-12.5	0.8131112289788973
-20.0	-13.75	0.7979656452925585
-20.0	-15.0	0.8098999224956938
-20.0	-16.25	0.8285874055050364
-20.0	-17.5	1.013324606652839
-20.0	-18.75	0.8499068729516148
-20.0	-20.0	0.8491641772437486
-20.0	-21.25	0.8627619433915088
-20.0	-22.5	0.8526159573791245
-20.0	-23.75	0.936582140637797
-20.0	-25.0	1.1727858584523467
-20.0	-26.25	1.324785419689615
-20.0	-27.5	1.3023398777360304
-20.0	-28.75	1.0421119748844285
-20.0	-30.0	0.9173859628873711
-20.0	-31.25	0.8824880678353892
-20.0	-32.5	0.8840115881811172
-20.0	-33.75	1.9656187767089959
-20.0	-35.0	2.4160002271669505
-18.75	-35.0	3.0175297037460584
-18.75	-33.75	0.9856442847114302
-18.75	-32.5	0.9175569128374406
-18.75	-31.25	0.9726604294280108
-18.75	-30.0	0.9684903851337356
-18.75	-28.75	1.2696668860922289
-18.75	-27.5	1.3298605183915049
-18.75	-26.25	1.2195591183679886
-18.75	-25.0	0.9905634949519886
-18.75	-23.75	0.8429324581539541
-18.75	-22.5	0.8516377218817963
-18.75	-21.25	0.8619810500278984
-18.75	-20.0	0.8393234792331157
-18.75	-18.75	0.8558597694403991
-18.75	-17.5	0.8505716683746467
-18.75	-16.25	0.8021566596250418
-18.75	-15.0	0.8136748315358835
-18.75	-13.75	0.807906923179412
-18.75	-12.5	0.8410135902816087
-18.75	-11.25	0.8359454413828278
-18.75	-10.0	0.807890807872214
-18.75	-8.75	0.8055573618160397
-18.75	-7.5	0.8346251240125042
-18.75	-6.25	0.8271230661079372
-18.75	-5.0	0.8601153623573818
-18.75	-3.75	0.8763044003389879
-18.75	-2.5	0.9193227174332854
-18.75	-1.25	0.8585386448330183
-18.75	0.0	0.8564256456283825
-18.75	1.25	0.9386889084244121
-18.75	2.5	0.8891091341603508
-18.75	3.75	0.9188235457555578
-18.75	5.0	0.9182081288978408
-18.75	6.25	0.9244597986482432
-18.75	7.5	0.8708525425341129
-18.75	8.75	0.9218974528184027
-18.75	10.0	0.8764430073907921
-18.75	11.25	0.8961623471802094
-18.75	12.5	0.8634875368168782
-18.75	13.75	0.849530984491035
-18.75	15.0	0.8642065383783848
-18.75	16.25	0.9017299780219767
-18.75	17.5	0.9211175631936843
-18.75	18.75	0.9434931996249452
-18.75	20.0	0.9488670576990756
-18.75	21.25	0.8547800524534521
-18.75	22.5	0.8608769614986489
-18.75	23.75	0.9388484792234397
-18.75	25.0	1.1248242695317003
-18.75	26.25	1.161996395702614
-18.75	27.5	1.4087031116289968
-18.75	28.75	1.6083151012732344
-18.75	30.0	1.7385221208584314
-18.75	31.25	1.748922953942417
-18.75	32.5	1.0836602098342922
-18.75	33.75	1.1355236014247883
-18.75	35.0	3.160593916046441
-17.5	36.25	2.6004536903782505
-17.5	35.0	1.567305065195768
-17.5	33.75	0.9955690774281027
-17.5	32.5	1.7110265969664802
-17.5	31.25	1.600963625140487
-17.5	30.0	1.744582173770799
-17.5	28.75	1.4890961279888941
-17.5	27.5	1.2848790633147447
-17.5	26.25	1.088928240989171
-17.5	25.0	1.0425212126655916
-17.5	23.75	0.8773596411652518
-17.5	22.5	0.8585274244653016
-17.5	21.25	0.9181163710423981
-17.5	20.0	0.9402085762818144
-17.5	18.75	0.9262008546604186
-17.5	17.5	0.9368261161467366
-17.5	16.25	0.8730895948858972
-17.5	15.0	0.8408041004574232
-17.5	13.75	0.9167608244485601
-17.5	12.5	0.9104917149621983
-17.5	11.25	0.8712334352441324
-17.5	10.0	0.918536071046347
-17.5	8.75	0.8562907132694182
-17.5	7.5	0.8874002683641082
-17.5	6.25	0.8562248226791898
-17.5	5.0	0.8870233356848489
-17.5	3.75	0.8664175501823976
-17.5	2.5	0.8931414393977475
-17.5	1.25	0.8734300848735863
-17.5	-0.0	0.8961192869824686
-17.5	-1.25	0.8887372879202609
-17.5	-2.5	0.8752304924641567
-17.5	-3.75	0.893617961286183
-17.5	-5.0	0.9089358070834708
-17.5	-6.25	0.9300882324452564
-17.5	-7.5	0.8820020624542746
-17.5	-8.75	0.8545181852724522
-17.5	-10.0	0.8175982843523961
-17.5	-11.25	0.8060172975399826
-17.5	-12.5	0.8243393265862329
-17.5	-13.75	0.826517025571416
-17.5	-15.0	0.8286377253656951
-17.5	-16.25	0.8205847876198913
-17.5	-17.5	0.8001960917478392
-17.5	-18.75	0.8058773946788298
-17.5	-20.0	0.8563443381965055
-17.5	-21.25	0.8558044185848379
-17.5	-22.5	0.8630136616662121
-17.5	-23.75	0.8519171029001864
-17.5	-25.0	0.847906638423356
-17.5	-26.25	1.014252825350976
-17.5	-27.5	1.2898761379700288
-17.5	-28.75	1.3513317769137068
-17.5	-30.0	1.2057215868786582
-17.5	-31.25	0.9630287129056816
-17.5	-32.5	0.8867241088260318
-17.5	-33.75	0.8888943782904963
-17.5	-35.0	2.082152992092264
-17.5	-36.25	2.589350449572496
-16.25	-36.25	2.957524197957813
-16.25	-35.0	1.1258691550990632
-16.25	-33.75	0.883447454739934
-16.25	-32.5	1.0054921590320722
-16.25	-31.25	1.070471910868882
-16.25	-30.0	1.3894310463161226
-16.25	-28.75	1.3430344840698716
-16.25	-27.5	1.1662327410946052
-16.25	-26.25	0.8858121673079191
-16.25	-25.0	0.8385800040851894
-16.25	-23.75	0.853354825447389
-16.25	-22.5	0.8468062577098578
-16.25	-21.25	0.854470543111514
-16.25	-20.0	0.8161733434978409
-16.25	-18.75	0.813576993524654
-16.25	-17.5	0.7732454424842228
-16.25	-16.25	0.820670213065001
-16.25	-15.0	0.8266074178350991
-16.25	-13.75	0.8101074145467866
-16.25	-12.5	0.8312716112866481
-16.25	-11.25	0.8372483734742708
-16.25	-10.0	0.8438847262082092
-16.25	-8.75	0.8581357960577201
-16.25	-7.5	0.9153866762831466
-16.25	-6.25	0.8874700237989419
-16.25	-5.0	0.8943234426440441
-16.25	-3.75	0.9010950518283121
-16.25	-2.5	0.8962671049045898
-16.25	-1.25	0.9121355456949924
-16.25	0.0	0.9061777978610994
-16.25	1.25	0.8978122188819517
-16.25	2.5	0.9258041505773704
-16.25	3.75	0.9426409104469302
-16.25	5.0	0.9243957656581747
-16.25	6.25	0.9061904645503187
-16.25	7.5	0.9664228718083132
-16.25	8.75	0.9372639499962077
-16.25	10.0	0.8555510153649513
-16.25	11.25	0.9051164528376354
-16.25	12.5	0.8602111101875582
-16.25	13.75	0.9052500822678482
-16.25	15.0	0.925542669224221
-16.25	16.25	0.8391242034028803
-16.25	17.5	0.8557219690297462
-16.25	18.75	0.9323317057543248
-16.25	20.0	0.9116385292165177
-16.25	21.25	0.9891428698788474
-16.25	22.5	0.8871929560000353
-16.25	23.75	0.8839455100065807
-16.25	25.0	0.9621014807085873
-16.25	26.25	1.096331124145351
-16.25	27.5	1.1449920973730343
-16.25	28.75	1.3285757585165676
-16.25	30.0	1.4842247818055263
-16.25	31.25	1.7754080976886888
-16.25	32.5	1.6099687935388811
-16.25	33.75	1.017982814109498
-16.25	35.0	1.117601393444959
-16.25	36.25	3.1808782567829237
-15.0	37.5	2.461001169937095
-15.0	36.25	1.7340013765688749
-15.0	35.0	1.006264071172697
-15.0	33.75	1.5869545894402304
-15.0	32.5	1.5451640604175632
-15.0	31.25	1.6402661392526943
-15.0	30.0	1.3305454916775812
-15.0	28.75	1.2525130593881126
-15.0	27.5	1.150879995817478
-15.0	26.25	1.0204721226912508
-15.0	25.0	0.8880265031683159
-15.0	23.75	0.9062378055025411
-15.0	22.5	0.9794549396198633
-15.0	21.25	0.9390227157261481
-15.0	20.0	0.9798965275824596
-15.0	18.75	0.9135216238032076
-15.0	17.5	0.8596837019530579
-15.0	16.25	0.9084478027963687
-15.0	15.0	0.9125134016344516
-15.0	13.75	0.8803264139172375
-15.0	12.5	0.9297446809057082
-15.0	11.25	0.8760526844677674
-15.0	10.0	0.8513044212112728
-15.0	8.75	0.8824421362705603
-15.0	7.5	0.919269830779057
-15.0	6.25	0.8905227626779455
-15.0	5.0	0.88830488127671
-15.0	3.75	0.9067929908002768
-15.0	2.5	0.9278012926333821
-15.0	1.25	0.8977240093141408
-15.0	-0.0	0.8924782009553578
-15.0	-1.25	0.8663243752819936
-15.0	-2.5	0.881246238098985
-15.0	-3.75	0.8716746951115599
-15.0	-5.0	0.8461050098867515
-15.0	-6.25	0.8760917080862232
-15.0	-7.5	0.8591206427870599
-15.0	-8.75	0.8707075175154237
-15.0	-10.0	0.8582752760470722
-15.0	-11.25	0.8485782961123931
-15.0	-12.5	0.8868673975372534
-15.0	-13.75	0.8803100715780232
-15.0	-15.0	0.8216931173048447
-15.0	-16.25	0.8178479716576259
-15.0	-17.5	0.8056640127946357
-15.0	-18.75	0.8045593583021002
-15.0	-20.0	0.834110214823296
-15.0	-21.25	0.8511535424039405
-15.0	-22.5	0.9455922523650635
-15.0	-23.75	0.8700807025736479
-15.0	-25.0	0.8363346391304569
-15.0	-26.25	0.8583848910180887
-15.0	-27.5	0.9454602092521744
-15.0	-28.75	1.2534828072389992
-15.0	-30.0	1.4225748945511807
-15.0	-31.25	1.2893663210004185
-15.0	-32.5	0.983780025620062
-15.0	-33.75	0.9040344422680846
-15.0	-35.0	0.9173133471453818
-15.0	-36.25	3.4283650908257997
-15.0	-37.5	2.802282401479652
-13.75	-37.5	2.9348335964917744
-13.75	-36.25	1.4447973138936918
-13.75	-35.0	0.8847574115013117
-13.75	-33.75	1.0141218692396894
-13.75	-32.5	1.049486591232931
-13.75	-31.25	1.430223182152207
-13.75	-30.0	1.3904831783812623
-13.75	-28.75	1.0803039066467868
-13.75	-27.5	0.8439326251302717
-13.75	-26.25	0.8536068418811134
-13.75	-25.0	0.857155255193593
-13.75	-23.75	0.9262139946079113
-13.75	-22.5	0.8985987054995235
-13.75	-21.25	0.8135640959807589
-13.75	-20.0	0.8111568198995194
-13.75	-18.75	0.8082449123779387
-13.75	-17.5	0.8144472144781325
-13.75	-16.25	0.8410002872699431
-13.75	-15.0	0.8502301331840689
-13.75	-13.75	0.8594204104781582
-13.75	-12.5	0.8441586561743373
-13.75	-11.25	0.8672352782549151
-13.75	-10.0	0.858391245540755
-13.75	-8.75	0.8547757470487838
-13.75	-7.5	0.8424352443155421
-13.75	-6.25	0.8295612464389279
-13.75	-5.0	0.8553321574467283
-13.75	-3.75	0.8667491607502704
-13.75	-2.5	0.8582985874830769
-13.75	-1.25	0.8504638887935165
-13.75	0.0	0.850313399361414
-13.75	1.25	0.8600703802052676
-13.75	2.5	0.8908777924064974
-13.75	3.75	0.8829405076489287
-13.75	5.0	0.8813070102603904
-13.75	6.25	0.8499875923533597
-13.75	7.5	0.8462335386675477
-13.75	8.75	0.8467637636588314
-13.75	10.0	0.8726600917241196
-13.75	11.25	0.8713648863987284
-13.75	12.5	0.8709409220204396
-13.75	13.75	0.9260477850388273
-13.75	15.0	0.8845551628392041
-13.75	16.25	0.9610253793356431
-13.75	17.5	0.917400452899706
-13.75	18.75	0.9032192049381829
-13.75	20.0	0.9277429409489439
-13.75	21.25	0.9605512862653285
-13.75	22.5	0.9933484962987134
-13.75	23.75	0.9025279943441156
-13.75	25.0	0.9041080472282221
-13.75	26.25	0.97182925806377
-13.75	27.5	1.1752120528852572
-13.75	28.75	1.1885705936726847
-13.75	30.0	1.320784619457207
-13.75	31.25	1.4525024201544543
-13.75	32.5	1.6352271122378434
-13.75	33.75	1.6188400354691543
-13.75	35.0	1.011182538169157
-13.75	36.25	1.3027227152543341
-13.75	37.5	2.7340856105901423
-12.5	37.5	3.212343549765567
-12.5	36.25	1.0941392138853718
-12.5	35.0	1.3947785587929555
-12.5	33.75	1.3875842663876368
-12.5	32.5	1.674457202405966
-12.5	31.25	1.3608264702998767
-12.5	30.0	1.3898118373511998
-12.5	28.75	1.2145923462717647
-12.5	27.5	1.033144833231586
-12.5	26.25	0.8853096482785006
-12.5	25.0	0.8742201327383086
-12.5	23.75	0.9646988190966042
-12.5	22.5	0.9458148580323442
-12.5	21.25	0.9315830710987854
-12.5	20.0	0.9408995026411668
-12.5	18.75	0.8965332544191176
-12.5	17.5	1.0185558388787719
-12.5	16.25	0.9106064540582324
-12.5	15.0	0.9557438302552601
-12.5	13.75	0.9308287469668368
-12.5	12.5	0.9147181455734259
-12.5	11.25	0.9207705990285131
-12.5	10.0	0.8894654171423424
-12.5	8.75	0.8636064929172775
-12.5	7.5	0.8483027310549254
-12.5	6.25	0.8800035876931425
-12.5	5.0	0.8990603189080693
-12.5	3.75	0.9177516810076085
-12.5	2.5	0.9214848559749882
-12.5	1.25	0.9089038982665576
-12.5	-0.0	0.9214446021208831
-12.5	-1.25	0.9120189336428144
-12.5	-2.5	0.9271754022903984
-12.5	-3.75	0.9425758594503675
-12.5	-5.0	0.9467926676517182
-12.5	-6.25	0.8895258602666889
-12.5	-7.5	0.8732656120445164
-12.5	-8.75	0.860285257897015
-12.5	-10.0	0.856943278363258
-12.5	-11.25	0.8749103668272751
-12.5	-12.5	0.9273839972281532
-12.5	-13.75	0.9123000496975608
-12.5	-15.0	0.9078830228792478
-12.5	-16.25	0.913299308102574
-12.5	-17.5	0.844003913751731
-12.5	-18.75	0.8482526450164842
-12.5	-20.0	0.8254941799690787
-12.5	21.25	0.9245820500711988
-12.5	22.5	0.9571285938824525
-12.5	23.75	0.9639370040543627
-12.5	25.0	0.8841108492737053
-12.5	26.25	0.9431722552915218
-12.5	27.5	1.0252003479942582
-12.5	28.75	1.2176595060258872
-12.5	30.0	1.374867325967144
-12.5	31.25	1.3307557818981355
-12.5	32.5	1.6767114412281252
-12.5	33.75	1.3834722432108322
-12.5	35.0	1.0870630991618704
-12.5	36.25	1.0787758552142046
-12.5	37.5	2.5260618382909295
-11.25	38.75	2.5691532598958533
-11.25	37.5	1.6722202040549323
-11.25	36.25	1.0278247314204814
-11.25	35.0	1.5345032002636945
-11.25	33.75	1.4881598231416362
-11.25	32.5	1.5576502214116346
-11.25	31.25	1.3124573049261574
-11.25	30.0	1.3350643144226844
-11.25	28.75	1.197078399594293
-11.25	27.5	0.9932775651178698
-11.25	26.25	0.9056028036319477
-11.25	25.0	0.9179733781687771
-11.25	23.75	1.036194583738368
-11.25	22.5	0.899808152097652
-11.25	21.25	0.9269329688856143
-11.25	20.0	0.9193349955193897
-11.25	18.75	1.0008557529813435
-11.25	17.5	0.9701504561652854
-11.25	16.25	0.9816394611179682
-11.25	15.0	0.9789559859978372
-11.25	13.75	0.970507762466065
-11.25	12.5	0.9516121203532393
-11.25	11.25	0.9251894247956329
-11.25	10.0	0.9396072430662326
-11.25	8.75	0.8820886055886321
-11.25	7.5	0.842476758580256
-11.25	6.25	0.8664988614212454
-11.25	5.0	0.8699764786553175
-11.25	3.75	0.8676233428046496
-11.25	2.5	0.8491886660569232
-11.25	1.25	0.8768886817019617
-11.25	-0.0	0.8601803983450207
-11.25	-1.25	0.8926977171195274
-11.25	-2.5	0.8629672653032205
-11.25	-3.75	0.8876892917043673
-11.25	-5.0	0.8617724797969437
-11.25	-6.25	0.8659219340325564
-11.25	-7.5	0.8684295112344476
-11.25	-8.75	0.8500543500981506
-11.25	-10.0	0.855791891860413
-11.25	-11.25	0.869448879892003
-11.25	-12.5	0.8842789224206111
-11.25	-13.75	0.8910042321486786
-11.25	-15.0	0.9113962048230331
-11.25	-16.25	0.8642943826126892
-11.25	-17.5	0.8095977873124216
-11.25	-18.75	0.8333985354275182
-11.25	-20.0	0.8285773141352824
-11.25	-21.25	0.7975455708499606
-11.25	-22.5	0.8037461509722066
-11.25	-23.75	0.8501481618390834
-11.25	-25.0	0.9610490335829267
-11.25	-26.25	0.8799159530463294
-11.25	-27.5	0.8476717089641728
-11.25	-28.75	0.8889808813137536
-11.25	-30.0	1.1462392523284448
-11.25	-31.25	1.4422630992762553
-11.25	-32.5	1.459661911184198
-11.25	-33.75	1.0469769261991138
-11.25	-35.0	1.0002628017255235
-11.25	-36.25	0.9889175826614283
-11.25	-37.5	3.1035412145709813
-11.25	-38.75	2.7873438486408357
-10.0	-38.75	3.086292310097175
-10.0	-37.5	2.0739669885245977
-10.0	-36.25	0.9679511762687287
-10.0	-35.0	1.049099101937955
-10.0	-33.75	1.1668890015741162
-10.0	-32.5	1.483636081570447
-10.0	-31.25	1.3944520686243322
-10.0	-30.0	0.9901475519305638
-10.0	-28.75	0.9016005306693202
-10.0	-27.5	0.8744520515335852
-10.0	-26.25	0.9144310162744329
-10.0	-25.0	1.0346600178361047
-10.0	-23.75	0.8397965367731164
-10.0	-22.5	0.8562834967983504
-10.0	-21.25	0.825930457328723
-10.0	-20.0	0.8432615846602083
-10.0	-18.75	0.8658314454947336
-10.0	-17.5	0.8267274966893261
-10.0	-16.25	0.8865974570469071
-10.0	-15.0	0.8676365897418892
-10.0	-13.75	0.8565049470809738
-10.0	-12.5	0.8661043653798517
-10.0	-11.25	0.8457913019203431
-10.0	-10.0	0.8610583284150408
-10.0	-8.75	0.8404808200844629
-10.0	-7.5	0.8508772890782623
-10.0	-6.25	0.8644051175751377
-10.0	-5.0	0.8380668768954322
-10.0	-3.75	0.8845629379379112
-10.0	-2.5	0.898936175065491
-10.0	-1.25	0.8739169071952446
-10.0	0.0	0.8503534310596432
-10.0	1.25	0.8778435103465458
-10.0	2.5	0.886697591926259
-10.0	3.75	0.8633286274272152
-10.0	5.0	0.839787457586616
-10.0	6.25	0.846230585485543
-10.0	7.5	0.8478442654506164
-10.0	8.75	0.8782652342585564
-10.0	10.0	0.8908747993563884
-10.0	11.25	0.9167729996372067
-10.0	12.5	0.8952464475543636
-10.0	13.75	0.9309480248928983
-10.0	15.0	0.9366570758423638
-10.0	16.25	0.9113324571137102
-10.0	17.5	0.9716974876478721
-10.0	18.75	1.0132441337301366
-10.0	20.0	0.9009050920990314
-10.0	21.25	0.9305050639977894
-10.0	22.5	0.9384243158129948
-10.0	23.75	0.9911493485504472
-10.0	25.0	1.0069779595330424
-10.0	26.25	0.9036623758174178
-10.0	27.5	0.9589320485489452
-10.0	28.75	1.1490454934339152
-10.0	30.0	1.227885290203055
-10.0	31.25	1.4228992595668863
-10.0	32.5	1.430103924379777
-10.0	33.75	1.559927157265383
-10.0	35.0	1.4740675522289326
-10.0	36.25	0.9783553669332825
-10.0	37.5	1.3820072649132324
-10.0	38.75	3.7860907664625962
-8.75	38.75	2.6878746583816664
-8.75	37.5	1.1860970464800449
-8.75	36.25	1.247568884008774
-8.75	35.0	1.3705680035461487
-8.75	33.75	1.6388431974260893
-8.75	32.5	1.4809588441995247
-8.75	31.25	1.4333882151458237
-8.75	30.0	1.2317086932456789
-8.75	28.75	1.069827815258888
-8.75	27.5	0.9489335826711107
-8.75	26.25	0.8732003714157655
-8.75	25.0	1.0802296819229102
-8.75	23.75	0.9629120582614323
-8.75	22.5	0.9128849769753984
-8.75	21.25	0.9187105754431943
-8.75	20.0	0.9585966705007696
-8.75	18.75	1.0126683783623758
-8.75	17.5	0.9409620989789778
-8.75	16.25	0.9375825593810374
-8.75	15.0	0.9025468873453661
-8.75	13.75	0.9133982914008651
-8.75	12.5	0.9789437806247259
-8.75	11.25	0.9375979430421832
-8.75	10.0	0.8736749376722974
-8.75	8.75	0.8721000559513579
-8.75	7.5	0.8679202564085218
-8.75	6.25	0.8641629708645411
-8.75	5.0	0.8584037222556793
-8.75	3.75	0.8339316053010162
-8.75	2.5	0.8318921200216796
-8.75	1.25	0.8434797773339655
-8.75	-0.0	0.864002413021093
-8.75	-1.25	0.8701172543942395
-8.75	-2.5	0.91787814745439
-8.75	-3.75	0.9215538792927287
-8.75	-5.0	0.874757509309914
-8.75	-6.25	0.8593106182897872
-8.75	-7.5	0.8385550693739514
-8.75	-8.75	0.8445813705242857
-8.75	-10.0	0.8421510013856413
-8.75	-11.25	0.8697806791518738
-8.75	-12.5	0.8390919250454241
-8.75	-13.75	0.9136538635909108
-8.75	-15.0	0.8823344605411947
-8.75	-16.25	0.8432132934056789
-8.75	-17.5	0.8493283417833641
-8.75	-18.75	0.8150296271514756
-8.75	-20.0	0.8186185665462418
-8.75	-21.25	0.8309898761843009
-8.75	-22.5	0.8346599869138638
-8.75	-23.75	0.8493347442981047
-8.75	-25.0	0.9067837700010184
-8.75	-26.25	0.9360027539585598
-8.75	-27.5	0.8802132950111954
-8.75	-28.75	0.8874180739141844
-8.75	-30.0	0.9183658048427779
-8.75	-31.25	1.2887640090854298
-8.75	-32.5	1.5009163207245901
-8.75	-33.75	1.3353417102419387
-8.75	-35.0	1.0793100676866523
-8.75	-36.25	0.9525618984246798
-8.75	-37.5	1.4323805268218104
-8.75	-38.75	3.3494874371326233
-7.5	-38.75	3.144505265741447
-7.5	-37.5	1.163102500889659
-7.5	-36.25	0.9837003440592396
-7.5	-35.0	1.1119709333707046
-7.5	-33.75	1.4380315883840495
-7.5	-32.5	1.5058084268086702
-7.5	-31.25	1.1671415659518756
-7.5	-30.0	0.8986096764586202
-7.5	-28.75	0.8830272205088905
-7.5	-27.5	0.8939315140512676
-7.5	-26.25	1.005853264791094
-7.5	-25.0	0.8739910536464848
-7.5	-23.75	0.8433176970118925
-7.5	-22.5	0.8212055842550994
-7.5	-21.25	0.8287711424193791
-7.5	-20.0	0.8238392374412404
-7.5	-18.75	0.8341448109641618
-7.5	-17.5	0.8515113550691469
-7.5	-16.25	0.8917158878344154
-7.5	-15.0	0.8716578504171046
-7.5	-13.75	0.906822821786748
-7.5	-12.5	0.8412932429099387
-7.5	-11.25	0.8643296306730006
-7.5	-10.0	0.8641346771008775
-7.5	-8.75	0.8367582406276108
-7.5	-7.5	0.8471557243141339
-7.5	-6.25	0.8449590166887644
-7.5	-5.0	0.8939733273142023
-7.5	-3.75	0.9239140002579616
-7.5	-2.5	0.9205165494257797
-7.5	-1.25	0.8753848027879849
-7.5	0.0	0.8349121612542101
-7.5	1.25	0.8356964099171806
-7.5	2.5	0.8590748333849767
-7.5	3.75	0.8498440201690629
-7.5	5.0	0.8642365835014445
-7.5	6.25	0.8304000763990675
-7.5	7.5	0.8380832716639652
-7.5	8.75	0.8767532145952162
-7.5	10.0	0.8797819216118707
-7.5	11.25	0.9272248816026014
-7.5	12.5	0.9350161250585405
-7.5	13.75	0.8840297607082013
-7.5	15.0	0.8721801093116266
-7.5	16.25	0.9526754986522787
-7.5	17.5	0.9296704152358437
-7.5	18.75	0.9974495889714996
-7.5	20.0	1.0666446158229759
-7.5	21.25	0.9115628189908298
-7.5	22.5	0.9319973037115226
-7.5	23.75	0.9419910508498841
-7.5	25.0	1.0755242069977982
-7.5	26.25	0.9424968921932164
-7.5	27.5	0.8835362435631673
-7.5	28.75	1.0193857412422087
-7.5	30.0	1.2391671742149635
-7.5	31.25	1.458586383607468
-7.5	32.5	1.4883743789812094
-7.5	33.75	1.7228913058911255
-7.5	35.0	1.5523881616433695
-7.5	36.25	1.375108195577658
-7.5	37.5	1.105430563830109
-7.5	38.75	2.6114214605120134
-6.25	40.0	4.463615296123503
-6.25	38.75	2.0116547824153646
-6.25	37.5	1.0392283311724508
-6.25	36.25	1.5603291609955257
-6.25	35.0	1.634891793450434
-6.25	33.75	1.7030786033148138
-6.25	32.5	1.5525807102894449
-6.25	31.25	1.363515283233621
-6.25	30.0	1.2130838534862196
-6.25	28.75	0.9899792025752774
-6.25	27.5	0.9068522760645239
-6.25	26.25	1.028441063125758
-6.25	25.0	1.0160155696083528
-6.25	23.75	0.9657151267521051
-6.25	22.5	0.9388027535887051
-6.25	21.25	0.9110362028685763
-6.25	20.0	1.0007398847344193
-6.25	18.75	0.9409783576307174
-6.25	17.5	0.9445987497255315
-6.25	16.25	0.9398401482712124
-6.25	15.0	0.9027420763312746
-6.25	13.75	0.9070221671366756
-6.25	12.5	0.9754659965012991
-6.25	11.25	0.9286402033674239
-6.25	10.0	0.8594744580112579
-6.25	8.75	0.8930104131315906
-6.25	7.5	0.8800339526101597
-6.25	6.25	0.8537408294101532
-6.25	5.0	0.8611370315088358
-6.25	3.75	0.859424766789914
-6.25	2.5	0.856106618055307
-6.25	1.25	0.8523998246394093
-6.25	-0.0	0.8651232701441067
-6.25	-1.25	0.8662058204856287
-6.25	-2.5	0.8968223530974475
-6.25	-3.75	0.9117241093955464
-6.25	-5.0	0.8663421520721677
-6.25	-6.25	0.8383787849651991
-6.25	-7.5	0.8427220405902585
-6.25	-8.75	0.8577872855289055
-6.25	-10.0	0.8944398215461131
-6.25	-11.25	0.8511504454688978
-6.25	-12.5	0.8533789890097037
-6.25	-13.75	0.8848693701148225
-6.25	-15.0	0.8807090978587642
-6.25	-16.25	0.8552245152391302
-6.25	-17.5	0.823742015977075
-6.25	-18.75	0.8568188168319137
-6.25	-20.0	0.8661560734572502
-6.25	-21.25	0.820238249164797
-6.25	-22.5	0.8359789968884161
-6.25	-23.75	0.8221724896118365
-6.25	-25.0	0.874093490094003
-6.25	-26.25	1.0408736151259195
-6.25	-27.5	0.8913928748985045
-6.25	-28.75	0.9080419436737017
-6.25	-30.0	0.8929264521973188
-6.25	-31.25	1.0794944510810236
-6.25	-32.5	1.4448703195529644
-6.25	-33.75	1.4610033608287676
-6.25	-35.0	1.144716152630492
-6.25	-36.25	1.0013124288605013
-6.25	-37.5	1.0933790314704677
-6.25	-38.75	3.4346565608294792
-6.25	-40.0	3.200889953868826
-5.0	-40.0	3.1733655036293413
-5.0	-38.75	2.96307505801178
-5.0	-37.5	1.043562645260824
-5.0	-36.25	1.0803074599820652
-5.0	-35.0	1.1839270798198864
-5.0	-33.75	1.5332753545490867
-5.0	-32.5	1.4396128835237203
-5.0	-31.25	1.0052410490246197
-5.0	-30.0	0.8910348917378652
-5.0	-28.75	0.8649176807539147
-5.0	-27.5	0.9479346221230482
-5.0	-26.25	0.9908490800512411
-5.0	-25.0	0.8701305793347824
-5.0	-23.75	0.8514139963851104
-5.0	-22.5	0.8297910729326148
-5.0	-21.25	0.841665248482057
-5.0	-20.0	0.83814029628103
-5.0	-18.75	0.8536218633750794
-5.0	-17.5	0.8246971096631972
-5.0	-16.25	0.875465472603759
-5.0	-15.0	0.9234387125383865
-5.0	-13.75	0.8984208444664485
-5.0	-12.5	0.8897648525142081
-5.0	-11.25	0.8653151383376123
-5.0	-10.0	0.8854971435150416
-5.0	-8.75	0.8542989774485621
-5.0	-7.5	0.823786794307706
-5.0	-6.25	0.8525314054698949
-5.0	-5.0	0.8632146280172979
-5.0	-3.75	0.8889471302095622
-5.0	-2.5	0.8884531298016016
-5.0	-1.25	0.8710814301116798
-5.0	0.0	0.854315135184657
-5.0	1.25	0.8320798065136863
-5.0	2.5	0.8322248521061937
-5.0	3.75	0.8402911782167877
-5.0	5.0	0.8602629372618775
-5.0	6.25	0.8356057673067152
-5.0	7.5	0.8863064469321733
-5.0	8.75	0.8686764476682063
-5.0	10.0	0.8687126344234688
-5.0	11.25	0.9598960095391815
-5.0	12.5	0.9587954171495898
-5.0	13.75	0.8697649638153848
-5.0	15.0	0.900604600031266
-5.0	16.25	0.9199486884120329
-5.0	17.5	0.9402441951189306
-5.0	18.75	0.9476690548813842
-5.0	20.0	1.0009671711559012
-5.0	21.25	0.9744455322931351
-5.0	22.5	0.9326945816849239
-5.0	23.75	0.9511096784005524
-5.0	25.0	1.0158359244073711
-5.0	26.25	1.1286387291507216
-5.0	27.5	0.9221325692541793
-5.0	28.75	0.998602664410841
-5.0	30.0	1.1634277877905417
-5.0	31.25	1.2561361094253032
-5.0	32.5	1.5917724599434209
-5.0	33.75	1.6622229786326148
-5.0	35.0	1.8561490321289682
-5.0	36.25	1.6152189307434668
-5.0	37.5	1.0304098494866354
-5.0	38.75	1.6786894819733442
-5.0	40.0	3.5524265498740455
-3.75	40.0	3.477235447650804
-3.75	38.75	1.5162299963262829
-3.75	37.5	1.0583245676667445
-3.75	36.25	1.731029057164676
-3.75	35.0	1.9364660137245675
-3.75	33.75	1.6415296436761206
-3.75	32.5	1.5874493545662673
-3.75	31.25	1.2111379610543143
-3.75	30.0	1.1661519636225428
-3.75	28.75	0.9375472379456102
-3.75	27.5	0.9151055930108978
-3.75	26.25	1.0790513679747162
-3.75	25.0	0.9905340689523134
-3.75	23.75	0.9309053613053528
-3.75	22.5	0.9429582597735635
-3.75	21.25	1.0458510701412802
-3.75	20.0	0.9697242394281771
-3.75	18.75	0.9297778228129374
-3.75	17.5	0.9557703799729156
-3.75	16.25	0.929606101065886
-3.75	15.0	0.8859624114299445
-3.75	13.75	0.8854701414185273
-3.75	12.5	0.9403671645877072
-3.75	11.25	0.9013386728511872
-3.75	10.0	0.8581856541849202
-3.75	8.75	0.8635921449377015
-3.75	7.5	0.8414587176883037
-3.75	6.25	0.8541770311566843
-3.75	5.0	0.8619556925366147
-3.75	3.75	0.859433369714858
-3.75	2.5	0.8371179197172518
-3.75	1.25	0.864615839253684
-3.75	-0.0	0.8686069556066878
-3.75	-1.25	0.8399675421232375
-3.75	-2.5	0.8982944758493963
-3.75	-3.75	0.882525865461484
-3.75	-5.0	0.8723738092418865
-3.75	-6.25	0.8542607174869357
-3.75	-7.5	0.8474847259741312
-3.75	-8.75	0.8410866936410475
-3.75	-10.0	0.8673251154149355
-3.75	-11.25	0.8731924515618497
-3.75	-12.5	0.8712984435216606
-3.75	-13.75	0.8887478432215179
-3.75	-15.0	0.8950196222404072
-3.75	-16.25	0.8664521872386297
-3.75	-17.5	0.8273069706573901
-3.75	-18.75	0.8457186032157882
-3.75	-20.0	0.8458224270145287
-3.75	-21.25	0.8336052836608054
-3.75	-22.5	0.8363676770034445
-3.75	-23.75	0.8534536763903962
-3.75	-25.0	0.8394145964903696
-3.75	-26.25	0.9128189377221751
-3.75	-27.5	0.9318743595714665
-3.75	-28.75	0.9068181029470432
-3.75	-30.0	0.8905318068061474
-3.75	-31.25	0.9599036052207852
-3.75	-32.5	1.4065169083718319
-3.75	-33.75	1.5134942690713915
-3.75	-35.0	1.224714107126946
-3.75	-36.25	1.1186919999248417
-3.75	-37.5	0.9918436855508448
-3.75	-38.75	2.767251606263981
-3.75	-40.0	2.974966114529842
-2.5	-40.0	2.9150782726636217
-2.5	-38.75	2.608978170634657
-2.5	-37.5	0.995270828846115
-2.5	-36.25	1.152892837928733
-2.5	-35.0	1.3194979299589953
-2.5	-33.75	1.563732769963483
-2.5	-32.5	1.3454954872802212
-2.5	-31.25	0.9099668500895488
-2.5	-30.0	0.8887633524558547
-2.5	-28.75	0.8869056156059161
-2.5	-27.5	0.9439197356803799
-2.5	-26.25	0.8614748147895117
-2.5	-25.0	0.821764192867013
-2.5	-23.75	0.8399347537465669
-2.5	-22.5	0.8232357448517469
-2.5	-21.25	0.8161476015358211
-2.5	-20.0	0.844281057736616
-2.5	-18.75	0.8529305134203149
-2.5	-17.5	0.8364053508026528
-2.5	-16.25	0.8573990748819078
-2.5	-15.0	0.9278238933917056
-2.5	-13.75	0.8975494946219262
-2.5	-12.5	0.9079809226905633
-2.5	-11.25	0.8426203433960433
-2.5	-10.0	0.8660974851686021
-2.5	-8.75	0.8436974032197897
-2.5	-7.5	0.8386024939927692
-2.5	-6.25	0.8591673888256821
-2.5	-5.0	0.8724632114238045
-2.5	-3.75	0.8702834553104024
-2.5	-2.5	0.9315273196614839
-2.5	-1.25	0.8591231633764904
-2.5	0.0	0.8216158439660965
-2.5	1.25	0.8656456243069286
-2.5	2.5	0.8676113014998759
-2.5	3.75	0.847185664178312
-2.5	5.0	0.8588463679499423
-2.5	6.25	0.8918488610381203
-2.5	7.5	0.8449967411263515
-2.5	8.75	0.8700552029009456
-2.5	10.0	0.8528488687203639
-2.5	11.25	0.9254801177295153
-2.5	12.5	0.9395797362413605
-2.5	13.75	0.8883916554473306
-2.5	15.0	0.8914932552144847
-2.5	16.25	0.9314505197058285
-2.5	17.5	0.956207492705067
-2.5	18.75	0.957174489358108
-2.5	20.0	0.999905532004437
-2.5	21.25	1.0317818944988026
-2.5	22.5	0.947457511851403
-2.5	23.75	0.9594665379962937
-2.5	25.0	1.0010355323319367
-2.5	26.25	1.0834539274436183
-2.5	27.5	0.9123915439802062
-2.5	28.75	0.9450253771460133
-2.5	30.0	1.134891798226639
-2.5	31.25	1.2229002454816165
-2.5	32.5	1.5978650067140237
-2.5	33.75	1.6416879666228068
-2.5	35.0	1.9570521099753506
-2.5	36.25	1.7724006326114061
-2.5	37.5	1.0902914854693169
-2.5	38.75	1.415052311016706
-2.5	40.0	4.930156208833614
-1.25	40.0	3.8989647158148806
-1.25	38.75	1.3790529607184654
-1.25	37.5	1.1104410309649113
-1.25	36.25	1.7536110902454594
-1.25	35.0	1.9956625044116647
-1.25	33.75	1.620039951119984
-1.25	32.5	1.5195227196070773
-1.25	31.25	1.228782689863218
-1.25	30.0	1.1131824270209032
-1.25	28.75	0.9240112135128751
-1.25	27.5	0.9054763554696716
-1.25	26.25	1.1026732109472484
-1.25	25.0	0.9740228007888341
-1.25	23.75	0.9915569615704234
-1.25	22.5	0.9132676837245102
-1.25	21.25	1.0539301123222868
-1.25	20.0	1.0026563843308196
-1.25	18.75	0.9554286203150921
-1.25	17.5	0.9401927512858954
-1.25	16.25	0.9344876429714581
-1.25	15.0	0.890970851304381
-1.25	13.75	0.8713400236876705
-1.25	12.5	0.9073279295862777
-1.25	11.25	0.9147444418408739
-1.25	10.0	0.8481294294446524
-1.25	8.75	0.8853855761438556
-1.25	7.5	0.8567656235331702
-1.25	6.25	0.8490109881474392
-1.25	5.0	0.8473665446815195
-1.25	3.75	0.8546522071408305
-1.25	2.5	0.8713794573438172
-1.25	1.25	0.8470038849111265
-1.25	-0.0	0.8891823654647162
-1.25	-1.25	0.8622539203577944
-1.25	-2.5	0.9012895074841119
-1.25	-3.75	0.902809815316238
-1.25	-5.0	0.892007151381784
-1.25	-6.25	0.8841135067825414
-1.25	-7.5	0.8621798705423327
-1.25	-8.75	0.8526188078375005
-1.25	-10.0	0.8740883491025508
-1.25	-11.25	0.867003336000125
-1.25	-12.5	0.9073578454452509
-1.25	-13.75	0.8949909932428
-1.25	-15.0	0.9097095799749386
-1.25	-16.25	0.8839848156733829
-1.25	-17.5	0.8634360037450151
-1.25	-18.75	0.8495249157631468
-1.25	-20.0	0.8347121346714257
-1.25	-21.25	0.8372224305567002
-1.25	-22.5	0.8644542730321225
-1.25	-23.75	0.836252993532657
-1.25	-25.0	0.8216082823032504
-1.25	-26.25	0.8466570901892361
-1.25	-27.5	0.9850738428110137
-1.25	-28.75	0.8984711007780444
-1.25	-30.0	0.9135243873970742
-1.25	-31.25	0.9249899896802862
-1.25	-32.5	1.3137531203344777
-1.25	-33.75	1.5596457421510257
-1.25	-35.0	1.3138745645406926
-1.25	-36.25	1.202481350081058
-1.25	-37.5	0.9915524340546087
-1.25	-38.75	2.0002477160817023
-1.25	-40.0	2.7700748491625893
0.0	-40.0	-2.799410416663088
0.0	-38.75	1.9710585462506316
0.0	-37.5	1.010788939872965
0.0	-36.25	1.1855441343547701
0.0	-35.0	1.3389488626496737
0.0	-33.75	1.5452367891526162
0.0	-32.5	1.293149164593233
0.0	-31.25	0.9281024257657844
0.0	-30.0	0.9052678392144156
0.0	-28.75	0.8955325382825885
0.0	-27.5	1.0012916286133855
0.0	-26.25	0.8495940328347338
0.0	-25.0	0.8254254374860182
0.0	-23.75	0.8537399930679257
0.0	-22.5	0.8416739231854624
0.0	-21.25	0.8253818243902442
0.0	-20.0	0.8344719446504456
0.0	-18.75	0.8446753295858471
0.0	-17.5	0.8477808304697998
0.0	-16.25	0.8681519925265473
0.0	-15.0	0.9143720936373381
0.0	-13.75	0.8956941978481359
0.0	-12.5	0.9107369628574364
0.0	-11.25	0.8573461556346915
0.0	-10.0	0.8626406844779613
0.0	-8.75	0.865774265880531
0.0	-7.5	0.8850650124014141
0.0	-6.25	0.8558627390825908
0.0	-5.0	0.8396703908939118
0.0	-3.75	0.9104781954337762
0.0	-2.5	0.8688044331482665
0.0	-1.25	0.8418242507453355
0.0	0.0	0.8710086370305756
0.0	1.25	0.876318479101772
0.0	2.5	0.8474706635204656
0.0	3.75	0.8532069654296457
0.0	5.0	0.8308123797677913
0.0	6.25	0.8614174871716642
0.0	7.5	0.8858363852164928
0.0	8.75	0.8532571465308356
0.0	10.0	0.846000487787137
0.0	11.25	0.9349146550100498
0.0	12.5	0.8992663150081084
0.0	13.75	0.899750495647778
0.0	15.0	0.9037005995526375
0.0	16.25	0.9399206053123121
0.0	17.5	0.9371902450848681
0.0	18.75	0.9403936707398692
0.0	20.0	0.9945695956275449
0.0	21.25	1.0648720206590392
0.0	22.5	0.9410449630333284
0.0	23.75	0.9858462266736332
0.0	25.0	1.014498553507095
0.0	26.25	1.0830327283289094
0.0	27.5	0.9333039660083386
0.0	28.75	0.9312201894485304
0.0	30.0	1.1404540787522262
0.0	31.25	1.208284340471124
0.0	32.5	1.5384555518782204
0.0	33.75	1.6562600003077481
0.0	35.0	1.9558204091237439
0.0	36.25	1.7572611523022532
0.0	37.5	1.0122037091199152
0.0	38.75	1.3705286924612121
0.0	40.0	3.706736787653318
1.25	40.0	4.156892742223073
1.25	38.75	1.3830091863198426
1.25	37.5	1.1212293742614783
1.25	36.25	1.7213531927894445
1.25	35.0	1.9717952197458741
1.25	33.75	1.6106840512390086
1.25	32.5	1.53988105943907
1.25	31.25	1.1668742322671468
1.25	30.0	1.1439852683112015
1.25	28.75	0.9554804723648003
1.25	27.5	0.9112083202889387
1.25	26.25	1.147897671452366
1.25	25.0	0.9833341431439244
1.25	23.75	0.9834293631380078
1.25	22.5	0.920380123416531
1.25	21.25	1.0760720432677733
1.25	20.0	0.9890057148812206
1.25	18.75	0.95132719225544
1.25	17.5	0.975425984135283
1.25	16.25	0.9560174448278609
1.25	15.0	0.8771402349903941
1.25	13.75	0.8896888559039855
1.25	12.5	0.9362331038902729
1.25	11.25	0.9431203743833407
1.25	10.0	0.8477067853406117
1.25	8.75	0.8785951695845977
1.25	7.5	0.8606803964075249
1.25	6.25	0.8687771947963352
1.25	5.0	0.8489511716578271
1.25	3.75	0.8518196550028065
1.25	2.5	0.8480887573572771
1.25	1.25	0.8529926084106778
1.25	-0.0	0.8839623298456374
1.25	-1.25	0.9146680196053758
1.25	-2.5	0.8828089571629629
1.25	-3.75	0.899230015699441
1.25	-5.0	0.8543225843956126
1.25	-6.25	0.8629627293980446
1.25	-7.5	0.8542030537623448
1.25	-8.75	0.845058750213477
1.25	-10.0	0.8458122430803785
1.25	-11.25	0.8563595541774944
1.25	-12.5	0.9091560068462083
1.25	-13.75	0.8584435800070587
1.25	-15.0	0.9307256129269277
1.25	-16.25	0.8966879714127272
1.25	-17.5	0.8629297368451461
1.25	-18.75	0.8308020399232339
1.25	-20.0	0.8630929756563077
1.25	-21.25	0.7927483437918879
1.25	-22.5	0.8622992529025728
1.25	-23.75	0.8463401264522918
1.25	-25.0	0.8210791619862778
1.25	-26.25	0.8986291016265744
1.25	-27.5	0.9999475575838286
1.25	-28.75	0.8867765777578827
1.25	-30.0	0.8937706512039938
1.25	-31.25	0.9455434159890714
1.25	-32.5	1.3233433492473772
1.25	-33.75	1.5859470880353177
1.25	-35.0	1.3333602992409768
1.25	-36.25	1.1957148654966208
1.25	-37.5	0.9545072033096256
1.25	-38.75	2.0651736418094764
1.25	-40.0	2.9394926500370477
2.5	-40.0	2.9958614703708246
2.5	-38.75	2.574451041882659
2.5	-37.5	0.9720235457832915
2.5	-36.25	1.1586869005366873
2.5	-35.0	1.2911637123022732
2.5	-33.75	1.5458481400035478
2.5	-32.5	1.3639904944825503
2.5	-31.25	0.955548464915327
2.5	-30.0	0.9017907632983748
2.5	-28.75	0.8782149860333224
2.5	-27.5	0.9509376472381268
2.5	-26.25	0.8824426216405614
2.5	-25.0	0.8441888745494275
2.5	-23.75	0.8489064630029484
2.5	-22.5	0.8532569622645081
2.5	-21.25	0.8221981610016202
2.5	-20.0	0.8480640388666796
2.5	-18.75	0.8467430848829736
2.5	-17.5	0.8661112548991365
2.5	-16.25	0.8935403894253202
2.5	-15.0	0.9467223575374053
2.5	-13.75	0.8818986414030183
2.5	-12.5	0.9347301683759168
2.5	-11.25	0.8522263827782215
2.5	-10.0	0.8655370099733881
2.5	-8.75	0.8316497146066473
2.5	-7.5	0.8254941560217848
2.5	-6.25	0.8617130623556228
2.5	-5.0	0.8898715849773389
2.5	-3.75	0.8988148368175946
2.5	-2.5	0.8803288709914678
2.5	-1.25	0.8840680192213002
2.5	0.0	0.8753517725260878
2.5	1.25	0.886916949133127
2.5	2.5	0.8342973256607813
2.5	3.75	0.8729422881267901
2.5	5.0	0.8565597163669398
2.5	6.25	0.8794396644837486
2.5	7.5	0.8654849705291401
2.5	8.75	0.8635623030963249
2.5	10.0	0.8784415586836101
2.5	11.25	0.9147431499002492
2.5	12.5	0.9331533899571953
2.5	13.75	0.891767070051972
2.5	15.0	0.8865885164347524
2.5	16.25	0.9599319637009014
2.5	17.5	0.944756628869273
2.5	18.75	0.9636774295630968
2.5	20.0	1.0133837523132891
2.5	21.25	1.078354222374605
2.5	22.5	0.9587328652854819
2.5	23.75	0.9859815538936552
2.5	25.0	1.037107423501701
2.5	26.25	1.0641036722576978
2.5	27.5	0.928113875554887
2.5	28.75	0.9074684524735659
2.5	30.0	1.152657906866935
2.5	31.25	1.159968297807671
2.5	32.5	1.5765126872430502
2.5	33.75	1.6560244589656525
2.5	35.0	1.9840762786115391
2.5	36.25	1.7391285935687755
2.5	37.5	1.0862830796854706
2.5	38.75	1.4340889872691873
2.5	40.0	3.2769735308007153
3.75	40.0	2.8240873834019897
3.75	38.75	1.5533354228779563
3.75	37.5	1.037746524925451
3.75	36.25	1.7199713054944654
3.75	35.0	1.8902292425709888
3.75	33.75	1.6477674419872343
3.75	32.5	1.5702996569809233
3.75	31.25	1.14410556047173
3.75	30.0	1.1519402697794465
3.75	28.75	0.9378312080468358
3.75	27.5	0.9084585422046008
3.75	26.25	1.0936760793835543
3.75	25.0	1.0322370214613752
3.75	23.75	0.9936317982528573
3.75	22.5	0.9503315408492767
3.75	21.25	1.0083044727484625
3.75	20.0	1.0097162827639714
3.75	18.75	0.9515475048629964
3.75	17.5	0.9184114225492701
3.75	16.25	0.9153336558898655
3.75	15.0	0.9038628392516745
3.75	13.75	0.9063488465521257
3.75	12.5	0.934669864482065
3.75	11.25	0.9429805133575018
3.75	10.0	0.8533894172861869
3.75	8.75	0.886303005017913
3.75	7.5	0.8602054789399514
3.75	6.25	0.8854743506732232
3.75	5.0	0.8560897929714928
3.75	3.75	0.8432146758915451
3.75	2.5	0.8607114476145883
3.75	1.25	0.8451635661798518
3.75	-0.0	0.88659659458731
3.75	-1.25	0.8896710819637441
3.75	-2.5	0.8596452732343227
3.75	-3.75	0.8857602855192281
3.75	-5.0	0.8690416439999975
3.75	-6.25	0.8380256546786526
3.75	-7.5	0.8561664672518363
3.75	-8.75	0.8412379041884632
3.75	-10.0	0.8593639603054735
3.75	-11.25	0.8485384998506129
3.75	-12.5	0.8780562159293313
3.75	-13.75	0.907797798588998
3.75	-15.0	0.928599353096276
3.75	-16.25	0.8999985718959636
3.75	-17.5	0.9041620053091641
3.75	-18.75	0.8844119742280654
3.75	-20.0	0.8376223344901268
3.75	-21.25	0.8325801654324394
3.75	-22.5	0.8246761505745006
3.75	-23.75	0.8479309727203219
3.75	-25.0	0.8717665152824319
3.75	-26.25	0.9226153596437552
3.75	-27.5	0.9459905560978914
3.75	-28.75	0.8765779621425294
3.75	-30.0	0.8824456189430627
3.75	-31.25	0.9231644722072643
3.75	-32.5	1.3625088847832068
3.75	-33.75	1.5466738405531881
3.75	-35.0	1.2254017808832174
3.75	-36.25	1.138194451993435
3.75	-37.5	1.0014829043425362
3.75	-38.75	2.745331859897999
3.75	-40.0	2.8568600789735576
5.0	-40.0	2.7738641873033316
5.0	-38.75	2.8657597279859983
5.0	-37.5	1.0257093059951936
5.0	-36.25	1.0844617386870539
5.0	-35.0	1.1862779846976368
5.0	-33.75	1.5475191616918451
5.0	-32.5	1.4576177651150877
5.0	-31.25	0.9990323422422538
5.0	-30.0	0.9018981503751977
5.0	-28.75	0.8997946812921569
5.0	-27.5	0.9309655817949309
5.0	-26.25	1.0179295811028766
5.0	-25.0	0.8461714679019323
5.0	-23.75	0.8604547396185946
5.0	-22.5	0.8274305256216543
5.0	-21.25	0.8068213958953061
5.0	-20.0	0.8426467879391639
5.0	-18.75	0.8295307708366062
5.0	-17.5	0.8916885136556658
5.0	-16.25	0.8879943998895099
5.0	-15.0	0.9244022988478324
5.0	-13.75	0.9039582170800564
5.0	-12.5	0.8543866298082321
5.0	-11.25	0.8864727816323503
5.0	-10.0	0.8661724900616639
5.0	-8.75	0.8346224388951127
5.0	-7.5	0.8416900354402559
5.0	-6.25	0.8228498149101853
5.0	-5.0	0.8638870595203771
5.0	-3.75	0.882040031623605
5.0	-2.5	0.8786823625554092
5.0	-1.25	0.864156309453441
5.0	0.0	0.8602047794624461
5.0	1.25	0.8362341517021274
5.0	2.5	0.8381289971167689
5.0	3.75	0.8553394898925459
5.0	5.0	0.8431382660469522
5.0	6.25	0.8397893342930862
5.0	7.5	0.8553668973170714
5.0	8.75	0.8861690891671099
5.0	10.0	0.8614339523741172
5.0	11.25	0.9107782197178071
5.0	12.5	0.9569150918053655
5.0	13.75	0.9047310179537789
5.0	15.0	0.9058578141684483
5.0	16.25	0.9319409859877847
5.0	17.5	0.9851846639362787
5.0	18.75	0.9717762989807675
5.0	20.0	1.0277637796562322
5.0	21.25	0.9527351788065372
5.0	22.5	0.9414276052523327
5.0	23.75	0.9671881796563593
5.0	25.0	1.0248080809904963
5.0	26.25	1.0200043886807215
5.0	27.5	0.8876624264146376
5.0	28.75	0.9483218989632647
5.0	30.0	1.160082001930654
5.0	31.25	1.1064960032680995
5.0	32.5	1.5939975785577065
5.0	33.75	1.6954437488202494
5.0	35.0	1.8832076600615721
5.0	36.25	1.717211740616527
5.0	37.5	1.0455386590317666
5.0	38.75	1.7310188527100028
5.0	40.0	5.0
6.25	40.0	3.6826339835996666
6.25	38.75	2.090888942854038
6.25	37.5	1.0523697744325977
6.25	36.25	1.6833557123871392
6.25	35.0	1.8465765182884635
6.25	33.75	1.7320490101240926
6.25	32.5	1.5804150784961477
6.25	31.25	1.1466240925732665
6.25	30.0	1.141213412411398
6.25	28.75	0.963811503877567
6.25	27.5	0.8930785008108924
6.25	26.25	0.9876331881934082
6.25	25.0	1.060781950908587
6.25	23.75	0.9388841488558644
6.25	22.5	0.955716243545714
6.25	21.25	0.9640452143934315
6.25	20.0	1.0493894750755697
6.25	18.75	0.9801767616731212
6.25	17.5	0.9461647204024874
6.25	16.25	0.9443235249654203
6.25	15.0	0.9060411513902169
6.25	13.75	0.8747303938317996
6.25	12.5	0.9593544321168928
6.25	11.25	0.9164298051903144
6.25	10.0	0.8659661222043056
6.25	8.75	0.8586085151141205
6.25	7.5	0.8393625938637772
6.25	6.25	0.8367076316075224
6.25	5.0	0.8496924899988736
6.25	3.75	0.8589583409209487
6.25	2.5	0.8448695064760852
6.25	1.25	0.8375404685108965
6.25	-0.0	0.8513643681148286
6.25	-1.25	0.8462446594719513
6.25	-2.5	0.8947914228940128
6.25	-3.75	0.8745823574283769
6.25	-5.0	0.8629564316416891
6.25	-6.25	0.8341401441369145
6.25	-7.5	0.8386319614843742
6.25	-8.75	0.8659605434673434
6.25	-10.0	0.8685688382045553
6.25	-11.25	0.8708882816537677
6.25	-12.5	0.881959044635007
6.25	-13.75	0.8782074064675811
6.25	-15.0	0.9030817342534174
6.25	-16.25	0.8900793213034675
6.25	-17.5	0.9098655130362934
6.25	-18.75	0.87218854493665
6.25	-20.0	0.8466515269503834
6.25	-21.25	0.8593298792303568
6.25	-22.5	0.8407752742808672
6.25	-23.75	0.8515934719669191
6.25	-25.0	0.8632600787730311
6.25	-26.25	1.117278632245017
6.25	-27.5	0.9018568170016543
6.25	-28.75	0.8702524795735309
6.25	-30.0	0.8873491624259415
6.25	-31.25	1.0501672940343756
6.25	-32.5	1.443131539720131
6.25	-33.75	1.4963473305077724
6.25	-35.0	1.1991500074576393
6.25	-36.25	1.0415755869593557
6.25	-37.5	1.0717675243045317
6.25	-38.75	3.2753267026653976
6.25	-40.0	2.697194918876944
7.5	-38.75	3.1758290802507236
7.5	-37.5	1.1174036967998768
7.5	-36.25	0.9830519108947575
7.5	-35.0	1.1537637390128976
7.5	-33.75	1.4393164895277213
7.5	-32.5	1.4728288120347122
7.5	-31.25	1.1502293658285536
7.5	-30.0	0.9139873888179615
7.5	-28.75	0.8759366044565553
7.5	-27.5	0.8687487761106594
7.5	-26.25	1.0681033400161555
7.5	-25.0	0.8767681908788836
7.5	-23.75	0.8173288684666176
7.5	-22.5	0.8470318300533446
7.5	-21.25	0.8494552722556108
7.5	-20.0	0.8456176266101556
7.5	-18.75	0.8100537018815785
7.5	-17.5	0.8534434282954972
7.5	-16.25	0.8807913300390924
7.5	-15.0	0.8734467888952153
7.5	-13.75	0.8697299314643221
7.5	-12.5	0.8647241907242194
7.5	-11.25	0.8614666098071062
7.5	-10.0	0.8799182662387919
7.5	-8.75	0.8479852157392678
7.5	-7.5	0.8304201478097406
7.5	-6.25	0.8563663796027408
7.5	-5.0	0.8557362433247508
7.5	-3.75	0.8631336985819793
7.5	-2.5	0.864088051983499
7.5	-1.25	0.8666072802812508
7.5	0.0	0.8357495735768508
7.5	1.25	0.8644951774854883
7.5	2.5	0.848217628927209
7.5	3.75	0.8643060064511898
7.5	5.0	0.8488220999580465
7.5	6.25	0.8667431598387161
7.5	7.5	0.8587788272670434
7.5	8.75	0.8912856322927745
7.5	10.0	0.8659631765992231
7.5	11.25	0.8866397101471009
7.5	12.5	0.8910774158579615
7.5	13.75	0.8979477187278748
7.5	15.0	0.9303652738876984
7.5	16.25	0.9526281863111974
7.5	17.5	0.9133408844095969
7.5	18.75	1.0391195391124644
7.5	20.0	0.9951398929303945
7.5	21.25	0.9100641683990665
7.5	22.5	0.9841799537353824
7.5	23.75	0.9455105723342072
7.5	25.0	1.1084932877764295
7.5	26.25	0.9382568755601719
7.5	27.5	0.8962448528872891
7.5	28.75	1.071222651652965
7.5	30.0	1.0795504659549504
7.5	31.25	1.2189284257465545
7.5	32.5	1.5515073172805325
7.5	33.75	1.844234346750845
7.5	35.0	1.8465854495630953
7.5	36.25	1.5090042248291855
7.5	37.5	1.0997969885154308
7.5	38.75	3.0360350951267954
8.75	38.75	4.484685212064139
8.75	37.5	1.2011691202507615
8.75	36.25	1.0574223699063374
8.75	35.0	1.6470474745590202
8.75	33.75	1.929132483946388
8.75	32.5	1.6039467068502216
8.75	31.25	1.3381116495302345
8.75	30.0	1.0195305170626447
8.75	28.75	1.1092142530140814
8.75	27.5	0.9070502623116887
8.75	26.25	0.9061591152090678
8.75	25.0	1.0857969522954818
8.75	23.75	0.9786865561636908
8.75	22.5	0.9398235390196668
8.75	21.25	0.9323746774063926
8.75	20.0	0.9148929975085851
8.75	18.75	1.0697783584216323
8.75	17.5	0.9633343237075138
8.75	16.25	0.9606094852861986
8.75	15.0	0.9328726973092412
8.75	13.75	0.9246161745978281
8.75	12.5	0.8997455090617805
8.75	11.25	0.874679367138322
8.75	10.0	0.8811853299036008
8.75	8.75	0.8644592908446658
8.75	7.5	0.8649376883260427
8.75	6.25	0.8566219425322963
8.75	5.0	0.8479973749189149
8.75	3.75	0.8382019917176677
8.75	2.5	0.8786459405707028
8.75	1.25	0.8650115847939261
8.75	-0.0	0.8411974340015105
8.75	-1.25	0.8617482862048895
8.75	-2.5	0.8851514482049865
8.75	-3.75	0.8705218651638127
8.75	-5.0	0.8178815342624146
8.75	-6.25	0.8465063762111917
8.75	-7.5	0.8156338169685498
8.75	-8.75	0.8764385137271269
8.75	-10.0	0.8577911927329671
8.75	-11.25	0.8576271187443165
8.75	-12.5	0.8844940066306783
8.75	-13.75	0.8853629692637899
8.75	-15.0	0.923253537103637
8.75	-16.25	0.8837841751694997
8.75	-17.5	0.8791878261139221
8.75	-18.75	0.8126318696638766
8.75	-20.0	0.8211327117053049
8.75	-21.25	0.8294845466304501
8.75	-22.5	0.8329189312645235
8.75	-23.75	0.8689059077296877
8.75	-25.0	0.9424393999141909
8.75	-26.25	0.9917766611475463
8.75	-27.5	0.8712263631739079
8.75	-28.75	0.8674396458256712
8.75	-30.0	0.9151796882768624
8.75	-31.25	1.2926651125793054
8.75	-32.5	1.6340002224508607
8.75	-33.75	1.3556952351362916
8.75	-35.0	1.129050919037061
8.75	-36.25	0.9750439574058136
8.75	-37.5	1.285247504082676
8.75	-38.75	3.2781754068251594
10.0	-38.75	3.14764666887735
10.0	-37.5	1.773383382477256
10.0	-36.25	0.9607257744941045
10.0	-35.0	1.055346749936855
10.0	-33.75	1.2359947396394801
10.0	-32.5	1.642860829141675
10.0	-31.25	1.5566501003168458
10.0	-30.0	0.9634078111106135
10.0	-28.75	0.867175147383012
10.0	-27.5	0.8707267434833561
10.0	-26.25	0.8692990059696175
10.0	-25.0	1.0862225555558167
10.0	-23.75	0.8430395005564186
10.0	-22.5	0.8257383096589779
10.0	-21.25	0.820105490721784
10.0	-20.0	0.8189636370647264
10.0	-18.75	0.8805077512964798
10.0	-17.5	0.8288379632510683
10.0	-16.25	0.8766905465096366
10.0	-15.0	0.8748342669410505
10.0	-13.75	0.842682592451065
10.0	-12.5	0.8522775408933736
10.0	-11.25	0.8891199354701982
10.0	-10.0	0.8876580349994381
10.0	-8.75	0.8507027038843056
10.0	-7.5	0.8937853386137178
10.0	-6.25	0.8897793380846108
10.0	-5.0	0.9187318293979079
10.0	-3.75	0.8875550888650716
10.0	-2.5	0.8911044329508222
10.0	-1.25	0.8797518438479681
10.0	0.0	0.879728089508081
10.0	1.25	0.8995049115081111
10.0	2.5	0.8979413026760819
10.0	3.75	0.881630850499036
10.0	5.0	0.8941261115278278
10.0	6.25	0.8673011402402206
10.0	7.5	0.8749858297455804
10.0	8.75	0.8857304579719099
10.0	10.0	0.8947921098153593
10.0	11.25	0.8704855428484981
10.0	12.5	0.9137802447897254
10.0	13.75	0.9244414564282399
10.0	15.0	0.947523305704828
10.0	16.25	1.0706377669334755
10.0	17.5	1.0638285320243135
10.0	18.75	1.0272229724822708
10.0	20.0	0.933322742362872
10.0	21.25	0.9648612333973814
10.0	22.5	0.9308449665050489
10.0	23.75	1.0465789976426372
10.0	25.0	0.9767668500900504
10.0	26.25	0.8963025708403549
10.0	27.5	0.9337053890325864
10.0	28.75	1.1481299721548641
10.0	30.0	1.0162574237504893
10.0	31.25	1.5223830034718544
10.0	32.5	1.6034818421420631
10.0	33.75	1.920694957116691
10.0	35.0	1.8222911697672428
10.0	36.25	1.0242901157136055
10.0	37.5	1.3630479241612736
10.0	38.75	3.6850881856647355
11.25	38.75	3.1603490946963646
11.25	37.5	1.730806501414044
11.25	36.25	0.9941871582740731
11.25	35.0	1.8129925091167873
11.25	33.75	1.7993978423251775
11.25	32.5	1.711835545656303
11.25	31.25	1.5373836416715436
11.25	30.0	1.108290705285933
11.25	28.75	1.0325038821668189
11.25	27.5	1.0333956639312047
11.25	26.25	0.8928981832989624
11.25	25.0	0.923950514111568
11.25	23.75	1.065783959764265
11.25	22.5	0.9854923311538784
11.25	21.25	0.972353992198868
11.25	20.0	0.9373279268806076
11.25	18.75	0.9084351598465812
11.25	17.5	1.0576725165959893
11.25	16.25	1.0465182015187313
11.25	15.0	1.047344087761692
11.25	13.75	1.0213298368588273
11.25	12.5	1.0093929416947187
11.25	11.25	0.9847402878927216
11.25	10.0	0.9714393592521278
11.25	8.75	0.8697300753796711
11.25	7.5	0.8781091987104954
11.25	6.25	0.8567949847842646
11.25	5.0	0.8788678441684628
11.25	3.75	0.9004172051994406
11.25	2.5	0.9012048652898859
11.25	1.25	0.9113422511871718
11.25	-0.0	0.8966574010407404
11.25	-1.25	0.9020451941595606
11.25	-2.5	0.883865854373119
11.25	-3.75	0.8822939802256435
11.25	-5.0	0.8554755286860853
11.25	-6.25	0.8388231658914389
11.25	-7.5	0.840563314103882
11.25	-8.75	0.8275752297957784
11.25	-10.0	0.8348845273285921
11.25	-11.25	0.8385661801815587
11.25	-12.5	0.9384633052172289
11.25	-13.75	0.9499420549859412
11.25	-15.0	0.8926648800823278
11.25	-16.25	0.909755407556192
11.25	-17.5	0.8965331776588235
11.25	-18.75	0.8300447049316482
11.25	-20.0	0.82844827609558
11.25	-21.25	0.812346071678065
11.25	-22.5	0.811930748940437
11.25	-23.75	0.8772408829603044
11.25	-25.0	0.9583272632500917
11.25	-26.25	0.8543970826576501
11.25	-27.5	0.8483283918205631
11.25	-28.75	0.873367421283783
11.25	-30.0	1.1730989637524658
11.25	-31.25	1.7025901439184814
11.25	-32.5	1.614300954244177
11.25	-33.75	1.0825429992128033
11.25	-35.0	0.996636086965279
11.25	-36.25	1.010354626789205
11.25	-37.5	3.443973940526252
11.25	-38.75	2.903303345971441
12.5	-37.5	4.426351493151042
12.5	-36.25	1.1097521902467724
12.5	-35.0	0.9518250208487551
12.5	-33.75	1.070755514716181
12.5	-32.5	1.431866311436881
12.5	-31.25	1.7147337921235062
12.5	-30.0	1.4431279917184936
12.5	-28.75	0.9390925585215557
12.5	-27.5	0.8875469299491172
12.5	-26.25	0.8612093709513937
12.5	-25.0	0.8690015665925603
12.5	-23.75	1.0797213669438772
12.5	-22.5	0.8553688599077542
12.5	-21.25	0.7973246229638233
12.5	-20.0	0.8337122674238762
12.5	-18.75	0.8332188030438932
12.5	-17.5	0.8906090846522439
12.5	-16.25	0.8706370435245834
12.5	-15.0	0.8990981963162827
12.5	-13.75	0.895732195305512
12.5	-12.5	0.8537991564390035
12.5	-11.25	0.861571991637188
12.5	-10.0	0.8788183087888513
12.5	-8.75	0.872225424511023
12.5	-7.5	0.8408222112189891
12.5	-6.25	0.8437844589650654
12.5	-5.0	0.8637387833388201
12.5	-3.75	0.8452767682663422
12.5	-2.5	0.8773582024427125
12.5	-1.25	0.8706882481966254
12.5	0.0	0.878808342081645
12.5	1.25	0.9052118765979174
12.5	2.5	0.8887291029241418
12.5	3.75	0.867025785266966
12.5	5.0	0.8762984459562446
12.5	6.25	0.8521408656762794
12.5	7.5	0.879926543495567
12.5	8.75	0.8924529244618213
12.5	10.0	0.9085818648886352
12.5	11.25	0.9412440172596614
12.5	12.5	0.9499168193773757
12.5	13.75	0.9497345403000246
12.5	15.0	0.9728736313153181
12.5	16.25	1.009007607596378
12.5	17.5	1.0178891557760616
12.5	18.75	0.9152616997074583
12.5	20.0	0.9672200375081488
12.5	21.25	1.04431274844994
12.5	22.5	0.9946102433622634
12.5	23.75	0.9799756618138904
12.5	25.0	0.9114057720148825
12.5	26.25	0.896951428306366
12.5	27.5	1.082559239236792
12.5	28.75	0.9662431852585609
12.5	30.0	1.3152647008850522
12.5	31.25	1.5158505438725864
12.5	32.5	1.9111538903110166
12.5	33.75	1.6814265715263055
12.5	35.0	1.1092278459428195
12.5	36.25	1.1083381269194241
12.5	37.5	3.0659404618261377
13.75	37.5	4.043176881225175
13.75	36.25	1.2674551155510914
13.75	35.0	1.0100967772984593
13.75	33.75	1.9437648456568635
13.75	32.5	1.8442728139440865
13.75	31.25	1.612151012919849
13.75	30.0	1.4977300887709752
13.75	28.75	1.0390996120890392
13.75	27.5	1.0709093215312198
13.75	26.25	1.002308446224994
13.75	25.0	0.8816739273699632
13.75	23.75	0.9214500519376454
13.75	22.5	1.0216206989007413
13.75	21.25	0.9780524844513607
13.75	20.0	0.9771588998818892
13.75	18.75	0.9541916131433181
13.75	17.5	0.9037309890534919
13.75	16.25	1.0268506865578981
13.75	15.0	1.0021366293820853
13.75	13.75	0.9429877148154784
13.75	12.5	0.9766685869433278
13.75	11.25	0.9633111944468862
13.75	10.0	0.9148464751092593
13.75	8.75	0.8742933230398666
13.75	7.5	0.9037682423394546
13.75	6.25	0.8906209115451471
13.75	5.0	0.9075789620957275
13.75	3.75	0.8910913095204123
13.75	2.5	0.8782705739306449
13.75	1.25	0.8682930146065075
13.75	-0.0	0.873698613046181
13.75	-1.25	0.8451282880181505
13.75	-2.5	0.8469372708251788
13.75	-3.75	0.8514832906105845
13.75	-5.0	0.855949461363231
13.75	-6.25	0.8784886701253303
13.75	-7.5	0.8604454036372893
13.75	-8.75	0.8355835010579806
13.75	-10.0	0.8280018776504523
13.75	-11.25	0.8411378186157243
13.75	-12.5	0.8676554514294903
13.75	-13.75	0.8509810116937153
13.75	-15.0	0.8468436409741038
13.75	-16.25	0.8936799589175752
13.75	-17.5	0.8370813878991656
13.75	-18.75	0.8472865593579648
13.75	-20.0	0.839109834113021
13.75	-21.25	0.8373732396671576
13.75	-22.5	0.8953093819845463
13.75	-23.75	1.01197553367723
13.75	-25.0	0.8781979026126816
13.75	-26.25	0.8824279974212086
13.75	-27.5	0.8747297325334227
13.75	-28.75	1.1284210582632141
13.75	-30.0	-1.681281559701151
13.75	-31.25	1.694679906726301
13.75	-32.5	1.1409421844046141
13.75	-33.75	1.0119644831067687
13.75	-35.0	0.9398297669990914
13.75	-36.25	1.3755848314310848
13.75	-37.5	4.773231543190239
15.0	-37.5	3.342828265122513
15.0	-36.25	-2.49112233450251
15.0	-35.0	0.9451761891959887
15.0	-33.75	0.9473725318747981
15.0	-32.5	1.02808161828308
15.0	-31.25	1.5021664974881945
15.0	-30.0	1.679262253760232
15.0	-28.75	1.4053755691161491
15.0	-27.5	0.9194840390422829
15.0	-26.25	0.8588096641723109
15.0	-25.0	0.911344647758562
15.0	-23.75	0.8297300157060032
15.0	-22.5	0.91045123740445
15.0	-21.25	0.9054261651967295
15.0	-20.0	0.8410402393142968
15.0	-18.75	0.8219989181456091
15.0	-17.5	0.8375532046005336
15.0	-16.25	0.8463189239239002
15.0	-15.0	0.8645958420412896
15.0	-13.75	0.8350686150543805
15.0	-12.5	0.8700212962217169
15.0	-11.25	0.8785144603421102
15.0	-10.0	0.8934853706189338
15.0	-8.75	0.9163889457091638
15.0	-7.5	0.889497351965419
15.0	-6.25	0.912214355880173
15.0	-5.0	0.8916626704987527
15.0	-3.75	0.9369339229851281
15.0	-2.5	0.9063429727979821
15.0	-1.25	0.9435528791952565
15.0	0.0	0.9245844194151873
15.0	1.25	0.9480857527575459
15.0	2.5	0.9412347095219076
15.0	3.75	0.9275450625412107
15.0	5.0	0.8966195096066549
15.0	6.25	0.9018562775908823
15.0	7.5	0.9087994986242798
15.0	8.75	0.9411905259045472
15.0	10.0	0.9621754166613616
15.0	11.25	0.9296081842824915
15.0	12.5	0.9586787382376549
15.0	13.75	0.9652872719744217
15.0	15.0	1.0407645387001931
15.0	16.25	0.9108745260480235
15.0	17.5	0.9423842799101969
15.0	18.75	1.0364705811453216
15.0	20.0	0.9727126181717649
15.0	21.25	1.0651195674023173
15.0	22.5	0.9329436953762116
15.0	23.75	0.8780634565303922
15.0	25.0	0.8733396585475548
15.0	26.25	1.0490873346096699
15.0	27.5	0.982024524751087
15.0	28.75	1.236023173559646
15.0	30.0	1.4561902040956998
15.0	31.25	1.8543211318148831
15.0	32.5	1.7764530130429232
15.0	33.75	1.7597959674968795
15.0	35.0	0.9861671588516057
15.0	36.25	1.692986223723839
15.0	37.5	4.095106821112793
16.25	36.25	3.8649450192043773
16.25	35.0	1.158272122076184
16.25	33.75	1.0624078474282488
16.25	32.5	1.9019245436060883
16.25	31.25	1.8916768332498135
16.25	30.0	1.564236138519953
16.25	28.75	1.4149288487508453
16.25	27.5	1.0477001974173863
16.25	26.25	1.0318458926965466
16.25	25.0	0.9836183653542765
16.25	23.75	0.8514647982567434
16.25	22.5	0.8823795145833548
16.25	21.25	1.0031290934586519
16.25	20.0	1.006345896830835
16.25	18.75	1.039691468350597
16.25	17.5	0.9557080868934689
16.25	16.25	0.885796289142994
16.25	15.0	0.8933394332238951
16.25	13.75	0.9916575046108047
16.25	12.5	0.9604083632819105
16.25	11.25	0.9421519110330223
16.25	10.0	0.8966071641112938
16.25	8.75	0.8817709680913302
16.25	7.5	0.9068747102464156
16.25	6.25	0.871300891370236
16.25	5.0	0.9035438666044682
16.25	3.75	0.9834449115304338
16.25	2.5	0.9795038507146057
16.25	1.25	0.9865299321214804
16.25	-0.0	0.9510278522809141
16.25	-1.25	0.9605964364735726
16.25	-2.5	0.9900648816699693
16.25	-3.75	0.909626426510445
16.25	-5.0	0.9488147756089234
16.25	-6.25	0.9262725555974516
16.25	-7.5	0.9273064875813333
16.25	-8.75	0.9076474560953853
16.25	-10.0	0.9185794043010054
16.25	-11.25	0.8592339175812569
16.25	-12.5	0.8725521032630157
16.25	-13.75	0.8782869451172886
16.25	-15.0	0.8401458478869213
16.25	-16.25	0.8558302330562251
16.25	-17.5	0.8316203061430896
16.25	-18.75	0.8152157682940429
16.25	-20.0	0.8699835680977666
16.25	-21.25	0.907763685880953
16.25	-22.5	0.8822783973509392
16.25	-23.75	0.9645048288643139
16.25	-25.0	0.8566305343306677
16.25	-26.25	0.8939140133674419
16.25	-27.5	1.1484286707203983
16.25	-28.75	1.573104722667984
16.25	-30.0	-1.6245397732963434
16.25	-31.25	1.133116847536276
16.25	-32.5	0.9456157275692059
16.25	-33.75	0.9167225752428738
16.25	-35.0	1.073836064199777
16.25	-36.25	3.541911912076806
17.5	-36.25	3.1136561164312937
17.5	-35.0	1.737428658953986
17.5	-33.75	0.9458727502630477
17.5	-32.5	0.8941317571347884
17.5	-31.25	0.9912743077502117
17.5	-30.0	1.3845190054726366
17.5	-28.75	1.5735484098810009
17.5	-27.5	1.4297191310185013
17.5	-26.25	0.9848707961601919
17.5	-25.0	0.8574395606391594
17.5	-23.75	0.8808552537705854
17.5	-22.5	0.9057834163718317
17.5	-21.25	0.8959478191244452
17.5	-20.0	0.8824730348334597
17.5	-18.75	0.8127856600752148
17.5	-17.5	0.8400060119642818
17.5	-16.25	0.7975125059213788
17.5	-15.0	0.8525692394688473
17.5	-13.75	0.8536340596770007
17.5	-12.5	0.8915547522818512
17.5	-11.25	0.8559363552117158
17.5	-10.0	0.8592302348049294
17.5	-8.75	0.8929766100014422
17.5	-7.5	0.8727824091443317
17.5	-6.25	0.8802082606780122
17.5	-5.0	0.8735680915508262
17.5	-3.75	0.9088699187721136
17.5	-2.5	0.91511935651718
17.5	-1.25	0.8936174628066906
17.5	0.0	0.9519366746824955
17.5	1.25	0.9115275794118647
17.5	2.5	0.9049251049118858
17.5	3.75	0.8793689966775098
17.5	5.0	0.8738571172189022
17.5	6.25	0.8841002372170408
17.5	7.5	0.8932087204484151
17.5	8.75	0.9372225053059271
17.5	10.0	0.9637905607430923
17.5	11.25	1.0066130396951598
17.5	12.5	0.984490820199281
17.5	13.75	0.8536012589519659
17.5	15.0	0.8760261259873872
17.5	16.25	0.9491848835638041
17.5	17.5	1.0302827860230837
17.5	18.75	0.9829851919863541
17.5	20.0	1.0527057450389723
17.5	21.25	0.9090133457908038
17.5	22.5	0.8847562212232489
17.5	23.75	0.9469608550152877
17.5	25.0	1.0550906442371302
17.5	26.25	1.0038796057196695
17.5	27.5	1.2675776823246494
17.5	28.75	1.4066071965607563
17.5	30.0	1.8460897382984909
17.5	31.25	1.6928325319233117
17.5	32.5	1.822897374897817
17.5	33.75	0.9797346037488728
17.5	35.0	1.5486615110324964
17.5	36.25	4.200267351619866
18.75	35.0	4.0269694185842795
18.75	33.75	1.1633509612458255
18.75	32.5	1.0358741223240076
18.75	31.25	1.8225044543585778
18.75	30.0	1.7336405704364566
18.75	28.75	1.6099427935180977
18.75	27.5	1.3635734173240524
18.75	26.25	1.1310307626236344
18.75	25.0	1.0076245233594427
18.75	23.75	1.0014972705246752
18.75	22.5	0.9342994707046239
18.75	21.25	0.8834994680135217
18.75	20.0	0.8958800120661294
18.75	18.75	0.9851877651743779
18.75	17.5	0.950580400546178
18.75	16.25	1.0023856936834052
18.75	15.0	0.9310025266646749
18.75	13.75	0.8833458271500056
18.75	12.5	0.880488158795723
18.75	11.25	0.9279521639769905
18.75	10.0	1.0191797175519302
18.75	8.75	0.9491828034726604
18.75	7.5	0.9298498737873873
18.75	6.25	0.9440818339653774
18.75	5.0	0.8973891985321503
18.75	3.75	0.8515731649547789
18.75	2.5	0.8449002546398168
18.75	1.25	0.8722495796781429
18.75	-0.0	0.9097230693835243
18.75	-1.25	0.8528993866295149
18.75	-2.5	0.9092908713419696
18.75	-3.75	0.9062488055998195
18.75	-5.0	0.8702396589419923
18.75	-6.25	0.8553677787974046
18.75	-7.5	0.8528802236072437
18.75	-8.75	0.8778391618818713
18.75	-10.0	0.8812460323312408
18.75	-11.25	0.8716538662520321
18.75	-12.5	0.8793069296725857
18.75	-13.75	0.8536806280395126
18.75	-15.0	0.8134695481493974
18.75	-16.25	0.8177924624776765
18.75	-17.5	0.8618873011216301
18.75	-18.75	0.9208844280068842
18.75	-20.0	0.8729546701488022
18.75	-21.25	0.875937808074009
18.75	-22.5	0.8608456748626612
18.75	-23.75	0.8327765269458833
18.75	-25.0	0.9376864401266687
18.75	-26.25	1.2903212297281037
18.75	-27.5	1.5014588680804133
18.75	-28.75	1.4696616018837556
18.75	-30.0	1.039351716373325
18.75	-31.25	0.9697253215621959
18.75	-32.5	0.9830249696544371
18.75	-33.75	0.9527520622514851
18.75	-35.0	3.7250243407402266
20.0	-35.0	3.335624616524072
20.0	-33.75	1.5149857317126436
20.0	-32.5	0.9294293754097795
20.0	-31.25	0.91658047091674
20.0	-30.0	0.9504182400408512
20.0	-28.75	1.1612908607083838
20.0	-27.5	1.479129481848953
20.0	-26.25	1.4316173329931638
20.0	-25.0	1.189063139338967
20.0	-23.75	0.8810355063291446
20.0	-22.5	0.8635791682715146
20.0	-21.25	0.8503436711291261
20.0	-20.0	0.8629308894135956
20.0	-18.75	0.8764497485689375
20.0	-17.5	0.9455774992920585
20.0	-16.25	0.8572729014502967
20.0	-15.0	0.8302532483720393
20.0	-13.75	0.805540058434941
20.0	-12.5	0.8081676256277586
20.0	-11.25	0.8837751246807821
20.0	-10.0	0.9196573553852403
20.0	-8.75	0.9281185904721934
20.0	-7.5	0.8974426823135744
20.0	-6.25	0.8795251779746236
20.0	-5.0	0.8933283012663606
20.0	-3.75	0.861851528290396
20.0	-2.5	0.8936209925681275
20.0	-1.25	0.9069402804116304
20.0	0.0	0.8499269044253399
20.0	1.25	0.8740918398764101
20.0	2.5	0.9036380512798718
20.0	3.75	0.9283760576321392
20.0	5.0	0.9141907112556691
20.0	6.25	0.9741272391343561
20.0	7.5	0.9818472106482314
20.0	8.75	0.9449876990493689
20.0	10.0	0.835179210781857
20.0	11.25	0.8291765366732831
20.0	12.5	0.8797207394028224
20.0	13.75	0.9600437434655316
20.0	15.0	1.0073693653669675
20.0	16.25	0.9528682993403015
20.0	17.5	1.0025252138482523
20.0	18.75	0.9009288132717597
20.0	20.0	0.8835919824032823
20.0	21.25	0.8906597430256848
20.0	22.5	0.9266206293809827
20.0	23.75	1.0571906658331631
20.0	25.0	1.0724338971170546
20.0	26.25	1.3485231255170955
20.0	27.5	1.4548447582000712
20.0	28.75	1.8719642125803322
20.0	30.0	1.8552829078606798
20.0	31.25	1.1744947686188905
20.0	32.5	0.9827313697412112
20.0	33.75	1.6922750062214265
20.0	35.0	3.8078133308986093
21.25	33.75	4.999999999999975
21.25	32.5	1.21375942471614
21.25	31.25	0.9983056415843894
21.25	30.0	1.8657060309701299
21.25	28.75	1.6052175957097248
21.25	27.5	1.7851291823375792
21.25	26.25	1.3483619994688194
21.25	25.0	1.1859925669153162
21.25	23.75	1.0317784308978357
21.25	22.5	1.032297601775917
21.25	21.25	0.9289419499050124
21.25	20.0	0.8508031536083029
21.25	18.75	0.8687294856152121
21.25	17.5	0.8795020452089739
21.25	16.25	0.9887008004344189
21.25	15.0	0.9675436041707117
21.25	13.75	1.008226992174544
21.25	12.5	1.03336800856394
21.25	11.25	0.9442104629846524
21.25	10.0	0.8430541509300857
21.25	8.75	0.818084749879576
21.25	7.5	0.8445656517818376
21.25	6.25	0.8653722344437185
21.25	5.0	0.958762105456846
21.25	3.75	0.9899537877192168
21.25	2.5	0.9714351111550741
21.25	1.25	0.9525133458660129
21.25	-0.0	0.944230750090318
21.25	-1.25	0.9485070734429657
21.25	-2.5	0.947328450799092
21.25	-3.75	0.9183256892677107
21.25	-5.0	0.9750669819135727
21.25	-6.25	0.9821053437500096
21.25	-7.5	0.9605967203539612
21.25	-8.75	0.8698798917315989
21.25	-10.0	0.8031400962033857
21.25	-11.25	0.7714447744480761
21.25	-12.5	0.8201241700619839
21.25	-13.75	0.8642149160167136
21.25	-15.0	0.8879212765251232
21.25	-16.25	0.8858093695506675
21.25	-17.5	0.8810991433999371
21.25	-18.75	0.859659735864879
21.25	-20.0	0.849613317752195
21.25	-21.25	0.8358017581369523
21.25	-22.5	0.920696564511867
21.25	-23.75	1.1351973727698494
21.25	-25.0	1.3744891561988934
21.25	-26.25	1.4333255876853146
21.25	-27.5	1.2296300757617464
21.25	-28.75	0.9361476708455179
21.25	-30.0	0.8814162877141847
21.25	-31.25	0.9505127700961191
21.25	-32.5	0.9643461474734245
21.25	-33.75	2.9319957323358974
22.5	-32.5	1.70464409087554
22.5	-31.25	0.8457450095649941
22.5	-30.0	0.886449376248958
22.5	-28.75	0.903467840281218
22.5	-27.5	0.9203194365525169
22.5	-26.25	1.2641988822691914
22.5	-25.0	1.3970061646495218
22.5	-23.75	1.3484865896109834
22.5	-22.5	1.1506513097870252
22.5	-21.25	0.9186659692385106
22.5	-20.0	0.8454015258034762
22.5	-18.75	0.8543446920285271
22.5	-17.5	0.8689273218901796
22.5	-16.25	0.8601511154945074
22.5	-15.0	0.8612896054303887
22.5	-13.75	0.9707502615778907
22.5	-12.5	0.9414875634189315
22.5	-11.25	0.8874037982451943
22.5	-10.0	0.8221693308871778
22.5	-8.75	0.8087809459213791
22.5	-7.5	0.8033860370355326
22.5	-6.25	0.788262729199376
22.5	-5.0	0.8272433811035027
22.5	-3.75	0.8382321176832619
22.5	-2.5	0.8574077873475874
22.5	-1.25	0.8506798201727399
22.5	0.0	0.844013040995371
22.5	1.25	0.8516405497897237
22.5	2.5	0.8297606640700916
22.5	3.75	0.8038783268704819
22.5	5.0	0.8204877239313202
22.5	6.25	0.8291663692298279
22.5	7.5	0.8495180204473964
22.5	8.75	0.9214775109982227
22.5	10.0	1.0622755849730243
22.5	11.25	1.0740875138553827
22.5	12.5	0.9775755618857005
22.5	13.75	0.9975783318047711
22.5	15.0	0.9188494296374294
22.5	16.25	0.868382684592568
22.5	17.5	0.865513221951363
22.5	18.75	0.8625055778686299
22.5	20.0	0.885274697595122
22.5	21.25	0.9936532450658744
22.5	22.5	1.0281441036436334
22.5	23.75	1.1579713593495526
22.5	25.0	1.296136522975222
22.5	26.25	1.6792674261088223
22.5	27.5	1.5636603372352473
22.5	28.75	1.8633537945555858
22.5	30.0	1.0123942750617063
22.5	31.25	1.0535120581174384
22.5	32.5	2.23918455295464
23.75	32.5	4.999999999990985
23.75	31.25	1.517063876036751
23.75	30.0	0.984297643674461
23.75	28.75	1.1093236180574468
23.75	27.5	1.653111275880697
23.75	26.25	1.6683157359103662
23.75	25.0	1.5748813265626609
23.75	23.75	1.231489264230932
23.75	22.5	1.1176291602177768
23.75	21.25	1.041334061667274
23.75	20.0	1.019846452986397
23.75	18.75	0.8957398338479301
23.75	17.5	0.8900030912398895
23.75	16.25	0.9031754464543598
23.75	15.0	0.8833705610232432
23.75	13.75	0.9117716349509672
23.75	12.5	0.9730297022750811
23.75	11.25	0.9706567673678599
23.75	10.0	1.0166620801179693
23.75	8.75	1.15869845591011
23.75	7.5	1.1937267362645372
23.75	6.25	1.079537840064658
23.75	5.0	0.9692806097544535
23.75	3.75	0.9074429435420086
23.75	2.5	0.8422288547025651
23.75	1.25	0.8689793037929583
23.75	-0.0	0.8473573750063279
23.75	-1.25	0.8136290665440074
23.75	-2.5	0.8341024833971691
23.75	-3.75	0.838602843979829
23.75	-5.0	0.8200841718616907
23.75	-6.25	0.8492708334733141
23.75	-7.5	0.871947938778205
23.75	-8.75	0.928789499473119
23.75	-10.0	0.9384908731735484
23.75	-11.25	0.9845144251970428
23.75	-12.5	0.914518262092928
23.75	-13.75	0.8754357272400188
23.75	-15.0	0.9035826254995483
23.75	-16.25	0.8848191083101788
23.75	-17.5	0.8712485118920554
23.75	-18.75	0.869576204907708
23.75	-20.0	0.9316581654298695
23.75	-21.25	1.1594932072878041
23.75	-22.5	1.322160144193914
23.75	-23.75	1.3406438265741762
23.75	-25.0	1.245276710363128
23.75	-26.25	0.9301742546447667
23.75	-27.5	0.9100090152220099
23.75	-28.75	0.8941024405270266
23.75	-30.0	0.85681700894113
23.75	-31.25	1.0624176627730737
23.75	-32.5	3.4403760760672686
25.0	-31.25	2.748620962807501
25.0	-30.0	0.893996200536594
25.0	-28.75	0.8420884268497577
25.0	-27.5	0.8620041574465551
25.0	-26.25	0.897504427213283
25.0	-25.0	0.9389241400254615
25.0	-23.75	1.2064008616285804
25.0	-22.5	1.3063336794322193
25.0	-21.25	1.3181444725251668
25.0	-20.0	1.2324563483064255
25.0	-18.75	1.0361306579816665
25.0	-17.5	0.885424555734283
25.0	-16.25	0.8767204971426326
25.0	-15.0	0.9129424183672255
25.0	-13.75	0.9276929445244795
25.0	-12.5	0.9063859099575389
25.0	-11.25	0.9361990673632086
25.0	-10.0	0.9700486976095082
25.0	-8.75	0.9841367242553911
25.0	-7.5	1.0114735025260053
25.0	-6.25	0.9919087326205887
25.0	-5.0	0.9882204101994496
25.0	-3.75	0.9535898271082486
25.0	-2.5	0.9075157530399727
25.0	-1.25	0.9750818298399118
25.0	0.0	1.0124665244492714
25.0	1.25	1.1002306222648928
25.0	2.5	1.1664570841403519
25.0	3.75	1.2068031372117662
25.0	5.0	1.2279171553604984
25.0	6.25	1.1252996956778016
25.0	7.5	1.0181852484614398
25.0	8.75	0.9832570813168147
25.0	10.0	0.9749343171319182
25.0	11.25	0.9347195210496331
25.0	12.5	0.9121746161371993
25.0	13.75	0.8990266621879153
25.0	15.0	0.9090224353504492
25.0	16.25	0.9008962138129473
25.0	17.5	0.9004940802720407
25.0	18.75	1.067872850621522
25.0	20.0	1.0415268341121928
25.0	21.25	1.0989769478092573
25.0	22.5	1.1825221188646386
25.0	23.75	1.550456065512753
25.0	25.0	1.7154713777574564
25.0	26.25	1.7456359785030848
25.0	27.5	1.1279479228409652
25.0	28.75	0.9497079920346501
25.0	30.0	1.2591159716239613
25.0	31.25	4.999999958964732
26.25	30.0	4.429023580163447
26.25	28.75	1.236160882189469
26.25	27.5	0.9459089563586556
26.25	26.25	1.1888315023726514
26.25	25.0	1.7046065847840053
26.25	23.75	1.7071661958532083
26.25	22.5	-1.5583124220738171
26.25	21.25	1.1753934176272764
26.25	20.0	1.1607286470992015
26.25	18.75	1.0530027007163065
26.25	17.5	1.0620440693348474
26.25	16.25	0.9422387289945542
26.25	15.0	0.9355117999033977
26.25	13.75	0.8932029797526742
26.25	12.5	0.9205531214177114
26.25	11.25	0.889169038470162
26.25	10.0	0.8908480703814785
26.25	8.75	0.9185551124150972
26.25	7.5	0.9583891725327316
26.25	6.25	0.9892780446535809
26.25	5.0	0.9959336841918232
26.25	3.75	0.9501876814145991
26.25	2.5	1.021025555412609
26.25	1.25	1.0195872310436442
26.25	-0.0	1.025978960801317
26.25	-1.25	1.0551890348399233
26.25	-2.5	1.056497565889102
26.25	-3.75	0.9904540472880523
26.25	-5.0	0.9669406919471655
26.25	-6.25	0.983937165054936
26.25	-7.5	0.962216831490819
26.25	-8.75	0.9920591627750754
26.25	-10.0	1.001285028204581
26.25	-11.25	1.0373148324260626
26.25	-12.5	0.9460040604742073
26.25	-13.75	0.9225197272940893
26.25	-15.0	0.9065600971270467
26.25	-16.25	0.9637942172021319
26.25	-17.5	1.1225992826557283
26.25	-18.75	1.2411020784659685
26.25	-20.0	1.2820452126817896
26.25	-21.25	1.285440447952304
26.25	-22.5	1.147832906223205
26.25	-23.75	0.9100028011249641
26.25	-25.0	0.8985646642012011
26.25	-26.25	0.8683524811561538
26.25	-27.5	0.8672076106361901
26.25	-28.75	0.810554071962879
26.25	-30.0	1.529083914062264
27.5	-28.75	1.2647069989004667
27.5	-27.5	0.8074911089079979
27.5	-26.25	0.9069841898282451
27.5	-25.0	0.893047644964077
27.5	-23.75	0.8877127923913664
27.5	-22.5	0.9054103814595136
27.5	-21.25	1.0243943071036234
27.5	-20.0	1.2264908600882478
27.5	-18.75	1.2447574582076673
27.5	-17.5	1.270841438900348
27.5	-16.25	1.201656187455109
27.5	-15.0	1.1148202444977127
27.5	-13.75	0.9858594763440998
27.5	-12.5	0.9565050778381909
27.5	-11.25	0.9095209000527458
27.5	-10.0	0.9275695358868248
27.5	-8.75	0.9643843236300453
27.5	-7.5	1.0399821591011769
27.5	-6.25	1.0461900491132141
27.5	-5.0	1.012902207599689
27.5	-3.75	0.9861756922924192
27.5	-2.5	0.9924735952058574
27.5	-1.25	0.9902812310580797
27.5	0.0	0.9971368243456187
27.5	1.25	0.978983930242264
27.5	2.5	0.9618531037827953
27.5	3.75	0.9558789101483054
27.5	5.0	0.9383894711127629
27.5	6.25	0.9242157426161146
27.5	7.5	0.9253793766236562
27.5	8.75	0.9310454962665071
27.5	10.0	0.9588440981921966
27.5	11.25	0.958895768719791
27.5	12.5	0.9561940962037223
27.5	13.75	0.9152384441138768
27.5	15.0	1.095797583764674
27.5	16.25	1.0706911847348124
27.5	17.5	1.0448323801591277
27.5	18.75	1.0736341850017883
27.5	20.0	1.2348427931992356
27.5	21.25	1.5889909555721733
27.5	22.5	1.5814684415039437
27.5	23.75	1.8169723965157942
27.5	25.0	1.2134254868945993
27.5	26.25	0.9978915724541988
27.5	27.5	1.1709943204727793
27.5	28.75	4.05849115323517
28.75	27.5	3.2744263420672866
28.75	26.25	1.1675388379719518
28.75	25.0	0.9542971921740273
28.75	23.75	1.1449709287043195
28.75	22.5	1.748474308720347
28.75	21.25	1.454004288099088
28.75	20.0	-1.6560937312099955
28.75	18.75	1.3420419579259226
28.75	17.5	1.0911932926437338
28.75	16.25	0.9932426023447141
28.75	15.0	1.0699066557378138
28.75	13.75	1.0841119217432222
28.75	12.5	1.1231343873372035
28.75	11.25	0.9639587743640092
28.75	10.0	0.9802233974162045
28.75	8.75	1.0163553114910275
28.75	7.5	0.9910830253497238
28.75	6.25	0.9949395341774103
28.75	5.0	0.9218800615737166
28.75	3.75	0.9294751142386577
28.75	2.5	0.9333672840959375
28.75	1.25	0.912415208903151
28.75	-0.0	0.9103752685597524
28.75	-1.25	0.9315073677352288
28.75	-2.5	0.9108694320484059
28.75	-3.75	0.8961573238100575
28.75	-5.0	0.9306700658382514
28.75	-6.25	0.9285522271688578
28.75	-7.5	0.9705314486269243
28.75	-8.75	0.9921595714267557
28.75	-10.0	1.0183661878807264
28.75	-11.25	1.05741783438347
28.75	-12.5	1.150413311191901
28.75	-13.75	1.2227961448466047
28.75	-15.0	1.2194830088904984
28.75	-16.25	1.234683030240288
28.75	-17.5	1.1947426593723272
28.75	-18.75	1.1096138232688642
28.75	-20.0	0.9350152169384529
28.75	-21.25	0.9099420930974924
28.75	-22.5	0.8904446976213123
28.75	-23.75	0.8766719963775742
28.75	-25.0	0.8456369735866565
28.75	-26.25	0.825742936533822
28.75	-27.5	1.1736034347745639
30.0	-26.25	1.0651533007622982
30.0	-25.0	0.790343594776207
30.0	-23.75	0.8400546854916024
30.0	-22.5	0.9041257465692585
30.0	-21.25	0.9002324304734133
30.0	-20.0	0.9251092418600031
30.0	-18.75	0.9313564789063484
30.0	-17.5	0.9679784069312616
30.0	-16.25	1.1150556256052297
30.0	-15.0	1.1754042575695625
30.0	-13.75	1.1944090476406641
30.0	-12.5	1.216164425386653
30.0	-11.25	1.2131376212028675
30.0	-10.0	1.2033904122859065
30.0	-8.75	1.1828058031003819
30.0	-7.5	1.134753096758593
30.0	-6.25	1.0987443066267142
30.0	-5.0	1.0640157610743728
30.0	-3.75	1.0958419799586219
30.0	-2.5	1.0813477695217752
30.0	-1.25	1.058896573969058
30.0	0.0	1.0665185154269397
30.0	1.25	1.045837285763353
30.0	2.5	1.0694790897762774
30.0	3.75	1.0345557175195008
30.0	5.0	1.0715570868774975
30.0	6.25	1.0321302834080912
30.0	7.5	1.0184663837451282
30.0	8.75	1.1117474321273715
30.0	10.0	1.1199149445085297
30.0	11.25	1.1166444847215695
30.0	12.5	1.073075938983151
30.0	13.75	0.9671214159359973
30.0	15.0	1.0300382503562826
30.0	16.25	1.2001746391935306
30.0	17.5	1.4851433866644514
30.0	18.75	1.5700809099300468
30.0	20.0	1.5785140742782788
30.0	21.25	1.8592883448430575
30.0	22.5	1.110381139901131
30.0	23.75	0.9984640017799506
30.0	25.0	1.1879050482071483
30.0	26.25	3.378353776114462
31.25	25.0	4.9999999990103365
31.25	23.75	1.3889668620384175
31.25	22.5	1.009895301164942
31.25	21.25	1.002361755058745
31.25	20.0	1.749477572618451
31.25	18.75	1.9533706370896802
31.25	17.5	1.426627070014983
31.25	16.25	1.5754873494895651
31.25	15.0	1.4408725462656573
31.25	13.75	1.1590556525599371
31.25	12.5	1.0007586058436626
31.25	11.25	1.0346647940306264
31.25	10.0	1.040469754177872
31.25	8.75	1.1144954189333909
31.25	7.5	1.1597924990450936
31.25	6.25	1.1434045195886728
31.25	5.0	1.1140358799945762
31.25	3.75	1.0506815298631258
31.25	2.5	1.0943610593806232
31.25	1.25	1.1299611405052161
31.25	-0.0	1.156869713955782
31.25	-1.25	1.1572196390250378
31.25	-2.5	1.1655042659739738
31.25	-3.75	1.2001693251113643
31.25	-5.0	1.1930163068585564
31.25	-6.25	1.2089321855954571
31.25	-7.5	1.2338435824854574
31.25	-8.75	1.2107414896682966
31.25	-10.0	1.2193708568603974
31.25	-11.25	1.183194765514477
31.25	-12.5	1.116792559471257
31.25	-13.75	1.0664825770278785
31.25	-15.0	0.9702376539683533
31.25	-16.25	0.9558289543370844
31.25	-17.5	0.9689975268024575
31.25	-18.75	0.9471316800575291
31.25	-20.0	0.9440956951182375
31.25	-21.25	0.9323950006045125
31.25	-22.5	0.8156221753551236
31.25	-23.75	0.8205976132798902
31.25	-25.0	1.0930559533647326
32.5	-23.75	1.4659914029401673
32.5	-22.5	0.856784865889491
32.5	-21.25	0.8314137403788804
32.5	-20.0	0.8730209382398009
32.5	-18.75	0.967122486216879
32.5	-17.5	0.9627152439119318
32.5	-16.25	0.9758795134302449
32.5	-15.0	1.0703161681925133
32.5	-13.75	1.0048733805404684
32.5	-12.5	0.9655018110275897
32.5	-11.25	0.9700277810408009
32.5	-10.0	1.0504858685480247
32.5	-8.75	1.1004647558480638
32.5	-7.5	1.136066662492702
32.5	-6.25	1.1850646265970255
32.5	-5.0	1.212043471816627
32.5	-3.75	1.2443832204295466
32.5	-2.5	1.1856049669234414
32.5	-1.25	1.2080230594679175
32.5	0.0	1.1731924915797016
32.5	1.25	1.109849937832843
32.5	2.5	1.1207146240394659
32.5	3.75	1.098565727048876
32.5	5.0	1.0766024414271875
32.5	6.25	0.9731879859937029
32.5	7.5	1.0012134393306056
32.5	8.75	1.013753294717981
32.5	10.0	1.0932520449159
32.5	11.25	1.2605687290912098
32.5	12.5	-1.462176657505677
32.5	13.75	1.5457820024357165
32.5	15.0	1.4567375340570337
32.5	16.25	1.838820227611616
32.5	17.5	1.8633062406520517
32.5	18.75	1.1343002623015286
32.5	20.0	0.9860562026878146
32.5	21.25	1.102390905198364
32.5	22.5	1.8592791817852037
32.5	23.75	4.999999999992621
33.75	21.25	4.569377018056807
33.75	20.0	1.3206850541227748
33.75	18.75	1.0463569376052586
33.75	17.5	1.0100656412026972
33.75	16.25	1.3848650646618088
33.75	15.0	1.9800868771359648
33.75	13.75	1.850520845991399
33.75	12.5	1.4790457119689364
33.75	11.25	1.476963273223845
33.75	10.0	1.4647092921905376
33.75	8.75	1.407921006079289
33.75	7.5	1.2767144653235345
33.75	6.25	1.1375058013171522
33.75	5.0	1.05305275180201
33.75	3.75	1.0045850520004382
33.75	2.5	1.001271354343741
33.75	1.25	0.9999265574370195
33.75	-0.0	0.9969569882377183
33.75	-1.25	1.0054911398888748
33.75	-2.5	0.9791095705547299
33.75	-3.75	0.9967273747015764
33.75	-5.0	0.9873755421875554
33.75	-6.25	0.9748868609352943
33.75	-7.5	0.9920501522789973
33.75	-8.75	1.0293588515970589
33.75	-10.0	1.0813868464019265
33.75	-11.25	1.1035900814796404
33.75	-12.5	1.0489170028634582
33.75	-13.75	1.019863011190603
33.75	-15.0	1.0772343471672468
33.75	-16.25	1.0742661087926635
33.75	-17.5	0.9737417113163085
33.75	-18.75	0.8376883750550057
33.75	-20.0	0.8565475043795772
33.75	-21.25	0.9585471606869405
35.0	-20.0	1.498211220488309
35.0	-18.75	0.9608588779735676
35.0	-17.5	0.890753047656375
35.0	-16.25	0.866736030866802
35.0	-15.0	0.9646240781241282
35.0	-13.75	1.0850611235648024
35.0	-12.5	1.1241244217516577
35.0	-11.25	1.07646470457329
35.0	-10.0	1.073513327844604
35.0	-8.75	1.1224134681469389
35.0	-7.5	1.1538105155026823
35.0	-6.25	1.1962544957957988
35.0	-5.0	1.2162887218429566
35.0	-3.75	1.2101847832402957
35.0	-2.5	1.2220524336421317
35.0	-1.25	1.2498258061592704
35.0	0.0	1.237062332394851
35.0	1.25	1.303800438790108
35.0	2.5	1.3496585986818923
35.0	3.75	1.3719382307106187
35.0	5.0	1.4157672645088777
35.0	6.25	1.3931558066943026
35.0	7.5	1.348932352376063
35.0	8.75	1.431372487822716
35.0	10.0	1.709912592044395
35.0	11.25	2.00808018729791
35.0	12.5	1.8382686975732865
35.0	13.75	1.238726511438605
35.0	15.0	1.0456383957326265
35.0	16.25	1.0626117876626493
35.0	17.5	1.2255717909261694
35.0	18.75	2.1698663578912534
35.0	20.0	4.999999999990479
36.25	17.5	3.3338329205613686
36.25	16.25	1.8612053902243169
36.25	15.0	1.2753416375635087
36.25	13.75	1.0987837209838212
36.25	12.5	1.05902625545097
36.25	11.25	1.0795396294488153
36.25	10.0	1.320775424119402
36.25	8.75	1.6942121459298454
36.25	7.5	1.8811218102276488
36.25	6.25	1.8129650761078233
36.25	5.0	1.631284254092468
36.25	3.75	1.4897260647668764
36.25	2.5	1.323973637058124
36.25	1.25	1.2703816119012448
36.25	-0.0	1.216890770484885
36.25	-1.25	1.190080424433856
36.25	-2.5	1.1711012686411024
36.25	-3.75	1.1755604594746867
36.25	-5.0	1.2084191001686397
36.25	-6.25	1.2343168882037485
36.25	-7.5	1.2618945628967566
36.25	-8.75	1.2950919697935
36.25	-10.0	1.2320063082677066
36.25	-11.25	1.08364958194323
36.25	-12.5	0.9669140119181776
36.25	-13.75	0.9183754925898624
36.25	-15.0	0.9627730282839506
36.25	-16.25	1.0379184810308528
36.25	-17.5	1.6579149297536544
37.5	-15.0	2.3456409001777185
37.5	-13.75	1.3823072779245305
37.5	-12.5	1.152024793833565
37.5	-11.25	1.1001011997836585
37.5	-10.0	1.0247682329729448
37.5	-8.75	1.0173842880097972
37.5	-7.5	1.0601962876554722
37.5	-6.25	1.1328700878683247
37.5	-5.0	1.2329781452563005
37.5	-3.75	1.3096982693455503
37.5	-2.5	1.3692867193878406
37.5	-1.25	1.413605577822274
37.5	0.0	1.4596254697963058
37.5	1.25	1.4741765473917479
37.5	2.5	1.4728100023259572
37.5	3.75	1.3591633923742839
37.5	5.0	1.2384039607314339
37.5	6.25	1.1223821022336455
37.5	7.5	1.103883940124728
37.5	8.75	1.098438738766891
37.5	10.0	1.1828688654172712
37.5	11.25	1.298975736987435
37.5	12.5	1.4932149406912938
37.5	13.75	2.2280362084654346
37.5	15.0	4.999999339068864
38.75	11.25	3.754608248975318
38.75	10.0	3.047831600432737
38.75	8.75	1.905879846084698
38.75	7.5	1.5024715019384853
38.75	6.25	1.3923098289811886
38.75	5.0	1.3289764904360606
38.75	3.75	1.2896221816929776
38.75	2.5	1.2800449101396172
38.75	1.25	1.2643808106949024
38.75	-0.0	1.2387414437339759
38.75	-1.25	1.258870869695297
38.75	-2.5	1.2716315371141196
38.75	-3.75	1.2750529396247483
38.75	-5.0	1.2933517274595232
38.75	-6.25	1.3162458856371417
38.75	-7.5	1.3063914885182264
38.75	-8.75	1.369434989577078
38.75	-10.0	1.699763458567296
38.75	-11.25	2.6988608319361855
40.0	-6.25	4.752289545238803
40.0	-5.0	3.577984396220435
40.0	-3.75	3.0472597137331974
40.0	-2.5	2.4518255311026493
40.0	-1.25	2.1689737961194933
40.0	0.0	2.2157419338487134
40.0	1.25	2.450725517543094
40.0	2.5	2.8504157882502685
40.0	3.75	4.5819299476460955
40.0	5.0	4.124801101286135
40.0	6.25	3.767515566503901
