-40.0	6.25	2.5546112588915246
-40.0	5.0	2.5867696751487053
-40.0	3.75	2.997984828791111
-40.0	2.5	2.559164864209328
-40.0	1.25	2.182347846221613
-40.0	-0.0	2.029460768109196
-40.0	-1.25	1.998899483048044
-40.0	-2.5	1.979449556531212
-40.0	-3.75	1.9110325278067481
-40.0	-5.0	2.198452794475755
-40.0	-6.25	2.3208120345183065
-38.75	-11.25	1.9953400871502547
-38.75	-10.0	1.5420252028478387
-38.75	-8.75	1.4896097418402192
-38.75	-7.5	1.4840828501784307
-38.75	-6.25	1.4865267424913986
-38.75	-5.0	1.4677475296735363
-38.75	-3.75	1.4626115787774285
-38.75	-2.5	1.4087741521057815
-38.75	-1.25	1.4169442384817863
-38.75	0.0	1.4108375394967556
-38.75	1.25	1.398928050530337
-38.75	2.5	1.4247687245674978
-38.75	3.75	1.4563955370807236
-38.75	5.0	1.5104306344890972
-38.75	6.25	1.5832604813572893
-38.75	7.5	1.736997099730604
-38.75	8.75	2.1373721299451622
-38.75	10.0	3.905462237235083
-38.75	11.25	2.494580139478831
-37.5	15.0	2.030132491828768
-37.5	13.75	3.3290404905498647
-37.5	12.5	1.8524939082017697
-37.5	11.25	1.5687084007072905
-37.5	10.0	1.3490023361632346
-37.5	8.75	1.2700647470834454
-37.5	7.5	1.2503859230074132
-37.5	6.25	1.2756289197408899
-37.5	5.0	1.3709105629236955
-37.5	3.75	1.4666249678777294
-37.5	2.5	1.4926899700745588
-37.5	1.25	1.490580118922752
-37.5	-0.0	1.459105600023701
-37.5	-1.25	1.4217451093048687
-37.5	-2.5	1.3914282079571265
-37.5	-3.75	1.3742994921864664
-37.5	-5.0	1.3126871162096752
-37.5	-6.25	1.26772092219713
-37.5	-7.5	1.2131029499437727
-37.5	-8.75	1.211449740636227
-37.5	-10.0	1.269275871595081
-37.5	-11.25	1.343642198944801
-37.5	-12.5	1.4142079836552623
-37.5	-13.75	1.5017421283404282
-37.5	-15.0	1.8283942832095352
-36.25	-17.5	1.7222682204953212
-36.25	-16.25	1.41574776267809
-36.25	-15.0	1.2420196273031863
-36.25	-13.75	1.125328857748789
-36.25	-12.5	1.101969623887065
-36.25	-11.25	1.1710776347011684
-36.25	-10.0	1.2450504658203183
-36.25	-8.75	1.2929107604187928
-36.25	-7.5	1.2609188237767732
-36.25	-6.25	1.2354621150750393
-36.25	-5.0	1.2050435018627503
-36.25	-3.75	1.157555759153846
-36.25	-2.5	1.1280740711710147
-36.25	-1.25	1.1326762173902605
-36.25	0.0	1.143000135517119
-36.25	1.25	1.1474230229528395
-36.25	2.5	1.1926562195689456
-36.25	3.75	1.2603574824488364
-36.25	5.0	1.3840837638487873
-36.25	6.25	1.5520664953596768
-36.25	7.5	1.696277491981391
-36.25	8.75	1.73728070532486
-36.25	10.0	1.4966819835142644
-36.25	11.25	1.252808801110512
-36.25	12.5	1.191140515715321
-36.25	13.75	1.3104344689939218
-36.25	15.0	1.5916365835502022
-36.25	16.25	2.4350767756057836
-36.25	17.5	2.215418125651868
-35.0	20.0	2.3108100522307486
-35.0	18.75	2.6910879595467403
-35.0	17.5	1.4822880258128528
-35.0	16.25	1.2079882690366066
-35.0	15.0	1.1780042068986782
-35.0	13.75	1.409873961440593
-35.0	12.5	1.830879922781456
-35.0	11.25	1.752262217701702
-35.0	10.0	1.4313547371117794
-35.0	8.75	1.2436182470186354
-35.0	7.5	1.2535865961532222
-35.0	6.25	1.175667443452011
-35.0	5.0	1.1464402658580974
-35.0	3.75	1.1409066241919081
-35.0	2.5	1.1335820371332925
-35.0	1.25	1.1167142544645747
-35.0	-0.0	1.1092873995102703
-35.0	-1.25	1.1125690612370853
-35.0	-2.5	1.1072067392248996
-35.0	-3.75	1.1260770643275029
-35.0	-5.0	1.14381742595336
-35.0	-6.25	1.153500248447589
-35.0	-7.5	1.1739602517349983
-35.0	-8.75	1.1373861466183826
-35.0	-10.0	1.1146981024195348
-35.0	-11.25	1.1651964135390767
-35.0	-12.5	1.2093056541200315
-35.0	-13.75	1.19846417081357
-35.0	-15.0	1.0873013996009684
-35.0	-16.25	1.0248987626839767
-35.0	-17.5	1.0846088747032576
-35.0	-18.75	1.2679148765941894
-35.0	-20.0	1.839076574690285
-33.75	-21.25	1.3133162916411845
-33.75	-20.0	1.0533942760828099
-33.75	-18.75	1.0005513277798332
-33.75	-17.5	1.0625527946377353
-33.75	-16.25	1.139440287822052
-33.75	-15.0	1.114583438956453
-33.75	-13.75	1.0954527123873135
-33.75	-12.5	1.1477781375254938
-33.75	-11.25	1.1846612828267213
-33.75	-10.0	1.1474500785904693
-33.75	-8.75	1.059381680402165
-33.75	-7.5	1.023137722279074
-33.75	-6.25	1.029971486197903
-33.75	-5.0	1.0162912652015121
-33.75	-3.75	1.0129490758226458
-33.75	-2.5	1.0086165400364386
-33.75	-1.25	1.0302908998781835
-33.75	0.0	1.0151184726885552
-33.75	1.25	1.066880517936104
-33.75	2.5	1.0532393067030066
-33.75	3.75	1.0400130414404218
-33.75	5.0	1.051722940432204
-33.75	6.25	1.0974755488849652
-33.75	7.5	1.147910526704937
-33.75	8.75	1.1863025397984295
-33.75	10.0	1.1899155248422586
-33.75	11.25	1.2924434176571653
-33.75	12.5	1.3030292286911909
-33.75	13.75	1.5351439127652222
-33.75	15.0	1.875176807689245
-33.75	16.25	1.5113687170555492
-33.75	17.5	1.1644073487146125
-33.75	18.75	1.2037828906420112
-33.75	20.0	1.5590158678692578
-33.75	21.25	2.53126101578121
-32.5	23.75	1.8992209604657218
-32.5	22.5	2.08727845266573
-32.5	21.25	1.2713877348903413
-32.5	20.0	1.142622678517223
-32.5	18.75	1.3945868998659403
-32.5	17.5	1.7574230652365888
-32.5	16.25	1.4550380717482216
-32.5	15.0	1.3437269491844912
-32.5	13.75	1.2509161736441952
-32.5	12.5	1.2123273295950243
-32.5	11.25	1.1978071766013532
-32.5	10.0	1.112800949820504
-32.5	8.75	1.0748733244317021
-32.5	7.5	1.0683848155703757
-32.5	6.25	1.0040013969240231
-32.5	5.0	0.9746685974244818
-32.5	3.75	0.9788511592333213
-32.5	2.5	0.963337281676317
-32.5	1.25	0.9790837360169471
-32.5	-0.0	0.9831637016931118
-32.5	-1.25	0.9869324285348906
-32.5	-2.5	0.9818880720285339
-32.5	-3.75	1.0004237215346725
-32.5	-5.0	1.0006774934503193
-32.5	-6.25	1.0318760674633607
-32.5	-7.5	1.039733038870133
-32.5	-8.75	1.0705153270654355
-32.5	-10.0	1.062126176983023
-32.5	-11.25	1.0579345009937944
-32.5	-12.5	1.0777100652389073
-32.5	-13.75	1.1434155887233741
-32.5	-15.0	1.1679018167732007
-32.5	-16.25	1.09241407588061
-32.5	-17.5	1.0897175576942653
-32.5	-18.75	1.0973431949568742
-32.5	-20.0	1.0239772515999448
-32.5	-21.25	0.9646566809695036
-32.5	-22.5	1.0809238175298796
-32.5	-23.75	1.927532559039725
-31.25	-25.0	1.5674682801978
-31.25	-23.75	1.00226663405242
-31.25	-22.5	0.9517604104280286
-31.25	-21.25	1.049842332154749
-31.25	-20.0	1.0712197171658655
-31.25	-18.75	1.0470261065082545
-31.25	-17.5	1.1335936595916145
-31.25	-16.25	1.0987312358994767
-31.25	-15.0	1.0850444725633874
-31.25	-13.75	1.0901616652833912
-31.25	-12.5	1.088339295536949
-31.25	-11.25	1.0744967754938681
-31.25	-10.0	1.0678595003400373
-31.25	-8.75	1.0580296526955077
-31.25	-7.5	1.0658070787701392
-31.25	-6.25	1.0759036375263449
-31.25	-5.0	1.063539069760802
-31.25	-3.75	1.0673699468623896
-31.25	-2.5	1.0417284258949522
-31.25	-1.25	1.0346129278186282
-31.25	0.0	1.0378394451307056
-31.25	1.25	1.0260633791083116
-31.25	2.5	1.054645419185034
-31.25	3.75	1.0572714007144057
-31.25	5.0	1.0369957941093766
-31.25	6.25	1.0166645653501574
-31.25	7.5	0.9941700332976033
-31.25	8.75	0.9804401297356078
-31.25	10.0	1.0203210759223413
-31.25	11.25	1.114634798406426
-31.25	12.5	1.1193142824342148
-31.25	13.75	1.1827622649566125
-31.25	15.0	1.2854232198583517
-31.25	16.25	1.3190170852315672
-31.25	17.5	1.3704160789697637
-31.25	18.75	1.6079651521628797
-31.25	20.0	1.6418011204104594
-31.25	21.25	1.1364576987438157
-31.25	22.5	1.1762725073163773
-31.25	23.75	1.6334888615023857
-31.25	25.0	1.9649971469615508
-30.0	26.25	2.235284562444436
-30.0	25.0	1.4496424743276348
-30.0	23.75	1.1158273234249707
-30.0	22.5	1.227459505588584
-30.0	21.25	1.6538165143373984
-30.0	20.0	1.34560661977602
-30.0	18.75	1.4514414305432126
-30.0	17.5	1.3567611842651708
-30.0	16.25	1.2287505045626146
-30.0	15.0	1.1511822294512903
-30.0	13.75	1.0797984673342667
-30.0	12.5	1.0111441946163957
-30.0	11.25	1.003822455729937
-30.0	10.0	1.0235081738406056
-30.0	8.75	1.0501163378418301
-30.0	7.5	1.0496753703878987
-30.0	6.25	0.9995328979206946
-30.0	5.0	0.9974915011049585
-30.0	3.75	0.9866050457272841
-30.0	2.5	0.9763431311079707
-30.0	1.25	1.0047463092434032
-30.0	-0.0	0.9857015433287186
-30.0	-1.25	0.9913841778617272
-30.0	-2.5	0.9901121323181652
-30.0	-3.75	0.9933721285943715
-30.0	-5.0	0.9967031465677341
-30.0	-6.25	1.0187325476661782
-30.0	-7.5	1.04011101144188
-30.0	-8.75	1.076341062365377
-30.0	-10.0	1.1110033905585057
-30.0	-11.25	1.112086665393365
-30.0	-12.5	1.1086385597948407
-30.0	-13.75	1.1130354679639076
-30.0	-15.0	1.1093402236972008
-30.0	-16.25	1.1271194725115796
-30.0	-17.5	1.0882880930192567
-30.0	-18.75	1.1207593912164757
-30.0	-20.0	1.0877164816224925
-30.0	-21.25	1.0485771373268884
-30.0	-22.5	1.0397184762888658
-30.0	-23.75	0.9796202079795417
-30.0	-25.0	0.9658478212018533
-30.0	-26.25	1.3688530461944737
-28.75	-27.5	1.3826271561290406
-28.75	-26.25	0.9418735028850111
-28.75	-25.0	0.9861827688517479
-28.75	-23.75	1.039345394392452
-28.75	-22.5	1.0409554017505886
-28.75	-21.25	1.0757537714106444
-28.75	-20.0	1.090172690653759
-28.75	-18.75	1.1595157103005702
-28.75	-17.5	1.1659578254745036
-28.75	-16.25	1.1374962541898466
-28.75	-15.0	1.1422850071452473
-28.75	-13.75	1.134564801719434
-28.75	-12.5	1.1028885905462529
-28.75	-11.25	1.0583667097339324
-28.75	-10.0	1.0298727918048103
-28.75	-8.75	0.993546144851086
-28.75	-7.5	0.9880795608791146
-28.75	-6.25	0.978841362536472
-28.75	-5.0	0.9839486470833485
-28.75	-3.75	1.0031572514350273
-28.75	-2.5	0.986994279772679
-28.75	-1.25	0.9992431596854621
-28.75	0.0	0.991497997117107
-28.75	1.25	1.0044517598500837
-28.75	2.5	1.0055661681033339
-28.75	3.75	1.0094586862333834
-28.75	5.0	0.9934719167733173
-28.75	6.25	0.9955830418225613
-28.75	7.5	0.9903583879280253
-28.75	8.75	1.0114905841543536
-28.75	10.0	0.984027827620019
-28.75	11.25	1.0432618459026184
-28.75	12.5	1.0298722362858683
-28.75	13.75	0.9964462745250993
-28.75	15.0	1.0329600618291668
-28.75	16.25	1.141634671797628
-28.75	17.5	1.1867535205253033
-28.75	18.75	1.3363710955070287
-28.75	20.0	1.4356161488733674
-28.75	21.25	1.3155631405404886
-28.75	22.5	1.7072534700355515
-28.75	23.75	1.442109512616348
-28.75	25.0	1.119114063378115
-28.75	26.25	1.3684169436004954
-28.75	27.5	2.433325359729169
-27.5	28.75	2.0908281071953283
-27.5	27.5	1.3738954353491062
-27.5	26.25	1.1164225962477312
-27.5	25.0	1.4951120617815334
-27.5	23.75	1.5092325334492598
-27.5	22.5	1.5027878941198995
-27.5	21.25	1.4579794821276026
-27.5	20.0	1.2845430106011442
-27.5	18.75	1.18291943149592
-27.5	17.5	1.0852986195506116
-27.5	16.25	1.0201678783898434
-27.5	15.0	1.057061004851521
-27.5	13.75	1.0067197062232296
-27.5	12.5	0.978361296193567
-27.5	11.25	0.9858739080432155
-27.5	10.0	1.013929331977371
-27.5	8.75	0.981563448701932
-27.5	7.5	1.0259186341003703
-27.5	6.25	1.027774182017895
-27.5	5.0	1.0190496889587664
-27.5	3.75	1.02158735811516
-27.5	2.5	1.035657752635113
-27.5	1.25	1.0391959929278807
-27.5	-0.0	1.018148032802868
-27.5	-1.25	1.0254209606884004
-27.5	-2.5	1.0096307728843126
-27.5	-3.75	1.0209297011739116
-27.5	-5.0	1.0352281431032928
-27.5	-6.25	1.0957674143998126
-27.5	-7.5	1.0440728260060794
-27.5	-8.75	1.0144402576202278
-27.5	-10.0	1.0088452206241216
-27.5	-11.25	1.0021757696813127
-27.5	-12.5	0.9893023131219323
-27.5	-13.75	1.0526396445817356
-27.5	-15.0	1.1183661613257154
-27.5	-16.25	1.153952302882221
-27.5	-17.5	1.1770956139136635
-27.5	-18.75	1.179534515917581
-27.5	-20.0	1.2033247339765722
-27.5	-21.25	1.1183745813419064
-27.5	-22.5	1.0711040420561213
-27.5	-23.75	1.0618061019213538
-27.5	-25.0	0.9922036216793124
-27.5	-26.25	0.9558257471192757
-27.5	-27.5	0.9519679517587907
-27.5	-28.75	1.5089178621842958
-26.25	-30.0	1.9190516236769746
-26.25	-28.75	0.9608506750388823
-26.25	-27.5	0.9467971806377271
-26.25	-26.25	0.9933425242640306
-26.25	-25.0	1.0099961629801237
-26.25	-23.75	1.0578038039501445
-26.25	-22.5	1.1551063734237657
-26.25	-21.25	1.2244833848786278
-26.25	-20.0	1.2183691237351457
-26.25	-18.75	1.2059063539143189
-26.25	-17.5	1.1488817081418201
-26.25	-16.25	1.0583858593874176
-26.25	-15.0	1.0006751219089374
-26.25	-13.75	0.999995453829694
-26.25	-12.5	1.0244856368112174
-26.25	-11.25	1.0427377421406625
-26.25	-10.0	1.0557451618791944
-26.25	-8.75	1.0339851987537285
-26.25	-7.5	1.031254619468136
-26.25	-6.25	1.021448578847882
-26.25	-5.0	1.018545245667025
-26.25	-3.75	1.0352431287957948
-26.25	-2.5	1.0591418891081563
-26.25	-1.25	1.071452759434547
-26.25	0.0	1.0937758458870261
-26.25	1.25	1.121171625518583
-26.25	2.5	1.1362925483296236
-26.25	3.75	1.1068364092765641
-26.25	5.0	1.0534997137648645
-26.25	6.25	1.0534903904172221
-26.25	7.5	1.055458243553252
-26.25	8.75	1.0263385751896141
-26.25	10.0	1.0316596808903613
-26.25	11.25	1.0112046751364492
-26.25	12.5	1.0001314319368468
-26.25	13.75	0.9915949659778986
-26.25	15.0	0.9738025908793997
-26.25	16.25	1.0695238560160778
-26.25	17.5	1.0431736269513747
-26.25	18.75	1.0411218264173048
-26.25	20.0	1.2022792527058357
-26.25	21.25	1.2588388486158024
-26.25	22.5	1.4774970120688717
-26.25	23.75	1.566396223094669
-26.25	25.0	1.4182525604765193
-26.25	26.25	1.4674680929888408
-26.25	27.5	1.1229278624214754
-26.25	28.75	1.3986184208464003
-26.25	30.0	2.0659972084418587
-25.0	31.25	1.8946630530399675
-25.0	30.0	1.5258865226166645
-25.0	28.75	1.0971933544187795
-25.0	27.5	1.4671611912741191
-25.0	26.25	1.4715595006548359
-25.0	25.0	1.5696413824155355
-25.0	23.75	1.4616119827210161
-25.0	22.5	1.2764783159219402
-25.0	21.25	1.185309560294316
-25.0	20.0	1.0193071233838467
-25.0	18.75	1.0646703950563818
-25.0	17.5	0.9724352318648686
-25.0	16.25	0.9675409298725892
-25.0	15.0	0.9724650945979816
-25.0	13.75	1.0094444291026692
-25.0	12.5	1.0244645539375519
-25.0	11.25	1.0223069059790824
-25.0	10.0	1.076292311226947
-25.0	8.75	1.0982583139626882
-25.0	7.5	1.268528366148872
-25.0	6.25	1.3659291693439801
-25.0	5.0	1.3296827734892913
-25.0	3.75	1.2418547683052683
-25.0	2.5	1.1361472754402957
-25.0	1.25	1.053195770336921
-25.0	-0.0	0.9879027041163706
-25.0	-1.25	0.9857453351920249
-25.0	-2.5	0.9796445677155132
-25.0	-3.75	0.96821338567581
-25.0	-5.0	0.9901544456820464
-25.0	-6.25	0.9861203206310982
-25.0	-7.5	1.021547413308478
-25.0	-8.75	1.0492652477993154
-25.0	-10.0	0.9977981240897291
-25.0	-11.25	0.9997542297486124
-25.0	-12.5	0.9959049771562709
-25.0	-13.75	1.004437810849005
-25.0	-15.0	0.9921378766957893
-25.0	-16.25	0.9960928675968095
-25.0	-17.5	0.9949196500905879
-25.0	-18.75	1.103495797862104
-25.0	-20.0	1.2025552219756612
-25.0	-21.25	1.2209917365190668
-25.0	-22.5	1.2456706654173546
-25.0	-23.75	1.1939329324918013
-25.0	-25.0	1.0222948853280585
-25.0	-26.25	0.9918671162189145
-25.0	-27.5	0.9502495331316227
-25.0	-28.75	0.9273125636117987
-25.0	-30.0	1.0272321041375214
-25.0	-31.25	-2.589367025094667
-23.75	-32.5	3.1262012963382517
-23.75	-31.25	1.2405973836463238
-23.75	-30.0	0.9289739743100842
-23.75	-28.75	0.9560704706761776
-23.75	-27.5	0.9933837131928893
-23.75	-26.25	1.0124765849749116
-23.75	-25.0	1.17805449154225
-23.75	-23.75	1.2457842856205037
-23.75	-22.5	1.2450470814962493
-23.75	-21.25	1.198972336375686
-23.75	-20.0	1.0550085370088826
-23.75	-18.75	0.9964567203087427
-23.75	-17.5	0.9845763020521536
-23.75	-16.25	0.9972262035590251
-23.75	-15.0	0.9776098812817136
-23.75	-13.75	0.9758478968850772
-23.75	-12.5	0.9989824148931614
-23.75	-11.25	0.9991832437218768
-23.75	-10.0	0.9571491795357794
-23.75	-8.75	0.9456355491063082
-23.75	-7.5	0.9326059568380973
-23.75	-6.25	0.9233790938669557
-23.75	-5.0	0.9181765193438647
-23.75	-3.75	0.9154712770699591
-23.75	-2.5	0.9281368768297602
-23.75	-1.25	0.9217856531329716
-23.75	0.0	0.9379176591782699
-23.75	1.25	0.9283420182124154
-23.75	2.5	0.9565181637683695
-23.75	3.75	0.9663428120842781
-23.75	5.0	0.9715346746675371
-23.75	6.25	1.070113359857931
-23.75	7.5	1.2216130432149015
-23.75	8.75	1.321840202720975
-23.75	10.0	1.2518691444411925
-23.75	11.25	1.087355223320503
-23.75	12.5	1.058737210260004
-23.75	13.75	1.0149894485499287
-23.75	15.0	0.9884173990573082
-23.75	16.25	0.9779001954976714
-23.75	17.5	0.9859850770153074
-23.75	18.75	0.9664153542339848
-23.75	20.0	1.0849236118256957
-23.75	21.25	1.0266116929328977
-23.75	22.5	1.1850842805304627
-23.75	23.75	1.2826867377862383
-23.75	25.0	1.4861422068687569
-23.75	26.25	1.5023910100427305
-23.75	27.5	1.5565481020691507
-23.75	28.75	1.322227234787202
-23.75	30.0	1.116243369151154
-23.75	31.25	1.829726080233744
-23.75	32.5	1.899009964807048
-22.5	32.5	2.1903049668950914
-22.5	31.25	1.2115403616650582
-22.5	30.0	1.1579930325343577
-22.5	28.75	1.2998140839373482
-22.5	27.5	1.4259002307874358
-22.5	26.25	1.5354658673670212
-22.5	25.0	1.3088361723613762
-22.5	23.75	1.2244689897703056
-22.5	22.5	1.0221716898488538
-22.5	21.25	1.0345733030523636
-22.5	20.0	0.9638727431119154
-22.5	18.75	0.957580227661694
-22.5	17.5	0.9740341041115723
-22.5	16.25	0.9962785642485894
-22.5	15.0	0.9987924673711568
-22.5	13.75	1.0445883290110132
-22.5	12.5	1.104315713549341
-22.5	11.25	1.1337392226977903
-22.5	10.0	1.0318842629124
-22.5	8.75	0.9884057072110677
-22.5	7.5	0.9800947993534512
-22.5	6.25	0.9668804367108166
-22.5	5.0	0.9617303873846108
-22.5	3.75	0.9944343974562386
-22.5	2.5	1.0045721525703213
-22.5	1.25	1.0020994460516883
-22.5	-0.0	1.0018339079602772
-22.5	-1.25	0.9908618073087414
-22.5	-2.5	1.0072350961838783
-22.5	-3.75	1.0019473925429887
-22.5	-5.0	0.9935685482849337
-22.5	-6.25	0.9647419875138796
-22.5	-7.5	0.9575843376620039
-22.5	-8.75	0.9468146022866666
-22.5	-10.0	0.9434492694991441
-22.5	-11.25	0.9480654187975412
-22.5	-12.5	0.9641563621613569
-22.5	-13.75	1.0611586680985816
-22.5	-15.0	0.986496105876375
-22.5	-16.25	0.9438623788984319
-22.5	-17.5	0.9603888966502581
-22.5	-18.75	0.9765823906138671
-22.5	-20.0	0.9652601611303622
-22.5	-21.25	1.0468669467082945
-22.5	-22.5	1.1816726345939257
-22.5	-23.75	1.2459688392367196
-22.5	-25.0	1.2683857214749663
-22.5	-26.25	1.1747065264060677
-22.5	-27.5	1.016679878773532
-22.5	-28.75	0.9693156301973413
-22.5	-30.0	0.9600525867251175
-22.5	-31.25	0.8930323176277515
-22.5	-32.5	2.0604029507247983
-21.25	-33.75	2.37251393194696
-21.25	-32.5	1.0142893985731476
-21.25	-31.25	0.9222551874207054
-21.25	-30.0	0.9218461428191551
-21.25	-28.75	0.9949499978411609
-21.25	-27.5	1.1351035572866843
-21.25	-26.25	1.2731481676184284
-21.25	-25.0	1.2613293682869298
-21.25	-23.75	1.1602565372379647
-21.25	-22.5	0.9966383959895673
-21.25	-21.25	0.9583413060558517
-21.25	-20.0	0.9729529750964261
-21.25	-18.75	0.9632176990231942
-21.25	-17.5	0.9691434164629209
-21.25	-16.25	1.0397803183016254
-21.25	-15.0	0.9727360438424357
-21.25	-13.75	0.9252574592830509
-21.25	-12.5	0.9072849642251226
-21.25	-11.25	0.9194405412541231
-21.25	-10.0	0.9433922602117528
-21.25	-8.75	0.9725010098144091
-21.25	-7.5	0.97714276614147
-21.25	-6.25	0.9738430796101918
-21.25	-5.0	0.9802865717600344
-21.25	-3.75	0.9726397302597327
-21.25	-2.5	0.978612160324217
-21.25	-1.25	0.9615387463483396
-21.25	0.0	0.9671402245272365
-21.25	1.25	0.9681991356408943
-21.25	2.5	1.0029319824741947
-21.25	3.75	0.9955119097533807
-21.25	5.0	1.0183994847160216
-21.25	6.25	1.0424219773478587
-21.25	7.5	0.9992576142306842
-21.25	8.75	0.9897460587353617
-21.25	10.0	0.985112680852974
-21.25	11.25	0.994972637580255
-21.25	12.5	1.022588876540392
-21.25	13.75	1.0733930140332166
-21.25	15.0	1.022553550405723
-21.25	16.25	1.0247000888391735
-21.25	17.5	0.9958434418597042
-21.25	18.75	0.9705614702030827
-21.25	20.0	0.9663510192067655
-21.25	21.25	0.9567937611400632
-21.25	22.5	1.054906674813731
-21.25	23.75	1.0461971829193448
-21.25	25.0	1.2532505909971174
-21.25	26.25	1.3514629651986887
-21.25	27.5	1.5882442712540747
-21.25	28.75	1.2705255019664836
-21.25	30.0	1.3875960793040987
-21.25	31.25	1.1005220229831192
-21.25	32.5	1.4004662172449542
-21.25	33.75	1.83133735006468
-20.0	35.0	1.6435182049257877
-20.0	33.75	1.9569337068915358
-20.0	32.5	1.1362912613190899
-20.0	31.25	1.4572095523878739
-20.0	30.0	1.4000088971682576
-20.0	28.75	1.6215516586199552
-20.0	27.5	1.434884662140239
-20.0	26.25	1.2688943248017095
-20.0	25.0	1.052339180732643
-20.0	23.75	1.1127074628533933
-20.0	22.5	0.9801059719530532
-20.0	21.25	0.955475690405974
-20.0	20.0	0.9663436808518391
-20.0	18.75	1.0054337342233932
-20.0	17.5	1.0205983336690858
-20.0	16.25	1.0307112530344114
-20.0	15.0	1.0402131000899741
-20.0	13.75	1.0122442480995284
-20.0	12.5	1.0000405714634786
-20.0	11.25	0.9902981659365953
-20.0	10.0	1.029229132677032
-20.0	8.75	1.0492770663836728
-20.0	7.5	1.0195231319519262
-20.0	6.25	1.0187484972134548
-20.0	5.0	0.9806185090367006
-20.0	3.75	0.9779431307244302
-20.0	2.5	0.9556863087433758
-20.0	1.25	0.9862668602932532
-20.0	-0.0	0.9551520079510292
-20.0	-1.25	0.96589550096345
-20.0	-2.5	0.9652514317685394
-20.0	-3.75	0.9408165184869937
-20.0	-5.0	0.952367704250042
-20.0	-6.25	0.9348818652646855
-20.0	-7.5	0.9487566135599241
-20.0	-8.75	0.9425624391222094
-20.0	-10.0	0.9561138313415452
-20.0	-11.25	0.95176816613243
-20.0	-12.5	0.9195432113081212
-20.0	-13.75	0.9263574765367295
-20.0	-15.0	0.920993313173172
-20.0	-16.25	0.9419425592333823
-20.0	-17.5	1.0258600448590354
-20.0	-18.75	0.9498700877792547
-20.0	-20.0	0.9630811715397378
-20.0	-21.25	0.9683257738842794
-20.0	-22.5	0.961051335149417
-20.0	-23.75	1.0096326636873112
-20.0	-25.0	1.1809945568670894
-20.0	-26.25	1.2655998278090959
-20.0	-27.5	1.2690151321856682
-20.0	-28.75	1.079407417850601
-20.0	-30.0	1.0042447627880335
-20.0	-31.25	0.893187432781839
-20.0	-32.5	0.9264489077801716
-20.0	-33.75	1.6449728679557127
-20.0	-35.0	-2.277901677180669
-18.75	-35.0	2.560513909372819
-18.75	-33.75	1.0438111534299122
-18.75	-32.5	0.9281103525282646
-18.75	-31.25	0.9585741710809703
-18.75	-30.0	1.0134765891558217
-18.75	-28.75	1.2611469276537584
-18.75	-27.5	1.2913640399374948
-18.75	-26.25	1.2031272483010795
-18.75	-25.0	1.0238738764585262
-18.75	-23.75	0.9541656480768568
-18.75	-22.5	0.9549525930232896
-18.75	-21.25	0.9520014271606083
-18.75	-20.0	0.9459903774032616
-18.75	-18.75	0.9452254074157409
-18.75	-17.5	0.9335781398579819
-18.75	-16.25	0.9174438362932866
-18.75	-15.0	0.9111525314856497
-18.75	-13.75	0.9315885236758366
-18.75	-12.5	0.9435243448426043
-18.75	-11.25	0.9332992314833719
-18.75	-10.0	0.9332661187158555
-18.75	-8.75	0.9321635469538858
-18.75	-7.5	0.9301188999146772
-18.75	-6.25	0.9428114133662273
-18.75	-5.0	0.9707315263805771
-18.75	-3.75	0.9922114545850382
-18.75	-2.5	0.9986609143641756
-18.75	-1.25	0.9603137417947618
-18.75	0.0	0.9934786422869237
-18.75	1.25	1.022328852794403
-18.75	2.5	1.027584271069701
-18.75	3.75	1.008412521916565
-18.75	5.0	1.0511666241070934
-18.75	6.25	1.0415496830854352
-18.75	7.5	1.0199088635626739
-18.75	8.75	1.03485437063767
-18.75	10.0	1.0243115280366322
-18.75	11.25	1.051334752416552
-18.75	12.5	1.0029563962804486
-18.75	13.75	1.0138491588543666
-18.75	15.0	1.0271080791212315
-18.75	16.25	1.0239817039126962
-18.75	17.5	1.0444538073887237
-18.75	18.75	1.03569341817839
-18.75	20.0	1.0156730815717907
-18.75	21.25	0.9835010752128346
-18.75	22.5	0.9494569089926621
-18.75	23.75	0.9903509396828767
-18.75	25.0	1.0809952415832154
-18.75	26.25	1.1219110088389233
-18.75	27.5	1.2837618927944998
-18.75	28.75	1.5154676110645067
-18.75	30.0	1.4933724763003342
-18.75	31.25	1.4709189827520799
-18.75	32.5	1.1625708881135655
-18.75	33.75	1.2605420959809717
-18.75	35.0	1.9954626749955526
-17.5	36.25	1.8466089251182431
-17.5	35.0	1.7579491547437378
-17.5	33.75	1.097386819446907
-17.5	32.5	1.4965793483394574
-17.5	31.25	1.3285088231886828
-17.5	30.0	1.6097923715648932
-17.5	28.75	1.3556275979167172
-17.5	27.5	1.2015122263814595
-17.5	26.25	1.0364872623007724
-17.5	25.0	1.0127887043295782
-17.5	23.75	0.9685541225321748
-17.5	22.5	0.9779969922885821
-17.5	21.25	1.0010887733935814
-17.5	20.0	1.0496585056215624
-17.5	18.75	1.0402134220652979
-17.5	17.5	1.0371752488601302
-17.5	16.25	1.043692040194677
-17.5	15.0	1.0232666565217121
-17.5	13.75	1.0439724776256085
-17.5	12.5	1.0641189279195444
-17.5	11.25	1.027217670928735
-17.5	10.0	1.0493636135956494
-17.5	8.75	1.0146869313588844
-17.5	7.5	1.0079940498980635
-17.5	6.25	1.0086061132732436
-17.5	5.0	1.0068452082643908
-17.5	3.75	1.0022558974561075
-17.5	2.5	1.0092330037023487
-17.5	1.25	0.9941015265514475
-17.5	-0.0	0.9675392882702125
-17.5	-1.25	0.9912792604914555
-17.5	-2.5	0.9663206851260657
-17.5	-3.75	0.9894343040720699
-17.5	-5.0	0.986224996512858
-17.5	-6.25	0.9775496704342954
-17.5	-7.5	0.9509079576239854
-17.5	-8.75	0.9501541011808072
-17.5	-10.0	0.9262877711519524
-17.5	-11.25	0.9244028050799269
-17.5	-12.5	0.9340210222951093
-17.5	-13.75	0.9288241757769597
-17.5	-15.0	0.9227758459628852
-17.5	-16.25	0.9183187614978348
-17.5	-17.5	0.9179675313510209
-17.5	-18.75	0.9201442578275909
-17.5	-20.0	0.9301475418486405
-17.5	-21.25	0.9550621005839632
-17.5	-22.5	0.9520315867297304
-17.5	-23.75	0.9747245029059322
-17.5	-25.0	0.9631651023746368
-17.5	-26.25	1.04675174374652
-17.5	-27.5	1.2613383044495654
-17.5	-28.75	1.3303607786087612
-17.5	-30.0	1.1838830096634743
-17.5	-31.25	0.972720245396288
-17.5	-32.5	0.9037020054204259
-17.5	-33.75	0.9807772741281955
-17.5	-35.0	2.008428553062438
-17.5	-36.25	2.4179188181375153
-16.25	-36.25	2.8484613979026197
-16.25	-35.0	1.1958164802192446
-16.25	-33.75	0.93096589159045
-16.25	-32.5	0.9795834639139622
-16.25	-31.25	1.0511110709320644
-16.25	-30.0	1.3353184148326882
-16.25	-28.75	1.2975066047162436
-16.25	-27.5	1.1237077288470978
-16.25	-26.25	0.9634368790123471
-16.25	-25.0	0.9667054057329185
-16.25	-23.75	0.921403326602781
-16.25	-22.5	0.9323905633840601
-16.25	-21.25	0.9437613568080208
-16.25	-20.0	0.9246217073977361
-16.25	-18.75	0.9037277752363257
-16.25	-17.5	0.9194339765900388
-16.25	-16.25	0.9351285676292491
-16.25	-15.0	0.9259842380797103
-16.25	-13.75	0.9085966012466482
-16.25	-12.5	0.9240332501524664
-16.25	-11.25	0.9359477238702958
-16.25	-10.0	0.9366989404730308
-16.25	-8.75	0.9498419318362945
-16.25	-7.5	0.9765143145329986
-16.25	-6.25	0.9790366362097718
-16.25	-5.0	0.9696747121611153
-16.25	-3.75	0.9844762589948566
-16.25	-2.5	0.9940434160897746
-16.25	-1.25	1.0030438970960542
-16.25	0.0	1.0120649876447345
-16.25	1.25	1.0048336256520694
-16.25	2.5	1.0262627290421857
-16.25	3.75	1.0418417270359681
-16.25	5.0	1.0442851522093166
-16.25	6.25	1.0211788626857166
-16.25	7.5	1.0468523384557384
-16.25	8.75	1.038139590515291
-16.25	10.0	1.0078308700485463
-16.25	11.25	1.062852065953929
-16.25	12.5	1.0474268553229198
-16.25	13.75	1.0525921320035732
-16.25	15.0	1.0636592530571543
-16.25	16.25	1.0339828161314033
-16.25	17.5	1.0322742635284357
-16.25	18.75	1.0647828655784206
-16.25	20.0	1.044046948796673
-16.25	21.25	1.0688791511698863
-16.25	22.5	0.9905109620323573
-16.25	23.75	0.9554811235973251
-16.25	25.0	0.9725989516143771
-16.25	26.25	1.057817943647433
-16.25	27.5	1.0749983153166447
-16.25	28.75	1.3017891209643127
-16.25	30.0	1.4434105445644452
-16.25	31.25	1.5957310385590295
-16.25	32.5	1.4330380524685769
-16.25	33.75	1.1718887991524394
-16.25	35.0	1.2581587327895924
-16.25	36.25	2.0667191194694254
-15.0	37.5	1.8150348829051115
-15.0	36.25	2.091407532448283
-15.0	35.0	1.0876099127094463
-15.0	33.75	1.4235727642615261
-15.0	32.5	1.360231456613496
-15.0	31.25	1.6057851325490455
-15.0	30.0	1.3235446364595207
-15.0	28.75	1.1673798672509514
-15.0	27.5	1.049176030035465
-15.0	26.25	1.0181568426682297
-15.0	25.0	0.9577412585133853
-15.0	23.75	0.9699257181430934
-15.0	22.5	1.0412565269857934
-15.0	21.25	1.044930780040799
-15.0	20.0	1.0939297042048013
-15.0	18.75	1.0609740731716863
-15.0	17.5	1.0443372738301218
-15.0	16.25	1.0665140070238017
-15.0	15.0	1.0864236783428671
-15.0	13.75	1.0442723349349876
-15.0	12.5	1.0662723900798623
-15.0	11.25	1.0356977204783728
-15.0	10.0	1.0203359237597773
-15.0	8.75	1.0402553268542425
-15.0	7.5	1.0288293267961865
-15.0	6.25	1.0053509370763756
-15.0	5.0	1.0244698013394569
-15.0	3.75	1.0132622408363279
-15.0	2.5	1.0293967551983236
-15.0	1.25	1.0136328873745457
-15.0	-0.0	1.0104129340847434
-15.0	-1.25	0.992441384146721
-15.0	-2.5	0.9765737480842738
-15.0	-3.75	0.9730545040462824
-15.0	-5.0	0.9835245468746523
-15.0	-6.25	0.9616276592143871
-15.0	-7.5	0.9667248912030164
-15.0	-8.75	0.960674836676402
-15.0	-10.0	0.9410630016979784
-15.0	-11.25	0.9543341040470441
-15.0	-12.5	0.9667063512518226
-15.0	-13.75	0.94330500870017
-15.0	-15.0	0.9173893401687403
-15.0	-16.25	0.9085165450214872
-15.0	-17.5	0.9252176456142394
-15.0	-18.75	0.9029971660474132
-15.0	-20.0	0.898718129311181
-15.0	-21.25	0.9222009465875711
-15.0	-22.5	1.0099355669265009
-15.0	-23.75	0.9373738217098708
-15.0	-25.0	0.9454944322787293
-15.0	-26.25	0.9436207189789929
-15.0	-27.5	0.9923514362609005
-15.0	-28.75	1.2260419854031852
-15.0	-30.0	1.3539865959795394
-15.0	-31.25	1.2183326285329867
-15.0	-32.5	0.9827207091066468
-15.0	-33.75	0.9069788845227391
-15.0	-35.0	1.03211966549096
-15.0	-36.25	2.9275100136322854
-15.0	-37.5	2.4631850561120245
-13.75	-37.5	3.241836666154853
-13.75	-36.25	1.6743036772618076
-13.75	-35.0	0.9603204815063107
-13.75	-33.75	0.9679525527268753
-13.75	-32.5	1.0569513627376006
-13.75	-31.25	1.332851209959295
-13.75	-30.0	1.299793274778068
-13.75	-28.75	1.0939192217372984
-13.75	-27.5	0.9507488646980011
-13.75	-26.25	0.9412017018158618
-13.75	-25.0	0.9204622504723092
-13.75	-23.75	0.9669470544516585
-13.75	-22.5	0.946516117086567
-13.75	-21.25	0.909845392329589
-13.75	-20.0	0.895819433298719
-13.75	-18.75	0.9231796093029168
-13.75	-17.5	0.9054604494725949
-13.75	-16.25	0.914806247748432
-13.75	-15.0	0.9344675210321984
-13.75	-13.75	0.9467081551829004
-13.75	-12.5	0.9384132881322031
-13.75	-11.25	0.9438124222062783
-13.75	-10.0	0.9532630709010048
-13.75	-8.75	0.9388534543426283
-13.75	-7.5	0.9538138994677041
-13.75	-6.25	0.9372630180148622
-13.75	-5.0	0.9761332633067905
-13.75	-3.75	0.9751336010329892
-13.75	-2.5	0.9810121976871802
-13.75	-1.25	0.9648087098033011
-13.75	0.0	0.9643796328183063
-13.75	1.25	0.9920678888792729
-13.75	2.5	0.9904073603439469
-13.75	3.75	0.9982842834114809
-13.75	5.0	0.9921098227294589
-13.75	6.25	0.9966248575662391
-13.75	7.5	1.006718454820784
-13.75	8.75	1.0160632019187785
-13.75	10.0	1.0280197828000661
-13.75	11.25	1.0295023604073616
-13.75	12.5	1.0443248966295418
-13.75	13.75	1.0740912070788635
-13.75	15.0	1.0547593996976516
-13.75	16.25	1.098062219996275
-13.75	17.5	1.0613446895388678
-13.75	18.75	1.061698492856518
-13.75	20.0	1.0409052440799762
-13.75	21.25	1.0700278899023177
-13.75	22.5	1.0804621780989931
-13.75	23.75	1.0068962356673286
-13.75	25.0	0.9686340278819952
-13.75	26.25	0.9702515543039443
-13.75	27.5	1.0577197806645504
-13.75	28.75	1.063819162771292
-13.75	30.0	1.2945888803730332
-13.75	31.25	1.4825259561664348
-13.75	32.5	1.6132698748330547
-13.75	33.75	1.514547899683457
-13.75	35.0	1.1157935459944524
-13.75	36.25	1.4177173829861056
-13.75	37.5	2.0108578918411446
-12.5	37.5	2.167812750766257
-12.5	36.25	1.179504473966456
-12.5	35.0	1.3054539763753814
-12.5	33.75	1.514761869749
-12.5	32.5	1.6723279494327912
-12.5	31.25	1.4053222452622203
-12.5	30.0	1.2185565921474506
-12.5	28.75	1.0545989756743523
-12.5	27.5	1.0301547687852182
-12.5	26.25	0.9618529995308345
-12.5	25.0	0.9687902757341158
-12.5	23.75	1.0446742933306705
-12.5	22.5	1.0553483236623142
-12.5	21.25	1.0674015737322744
-12.5	20.0	1.068354142420736
-12.5	18.75	1.0769363709171467
-12.5	17.5	1.1288987868611597
-12.5	16.25	1.0717273760260193
-12.5	15.0	1.0797331354297146
-12.5	13.75	1.0546734628793208
-12.5	12.5	1.0447481876577775
-12.5	11.25	1.0240834614738592
-12.5	10.0	1.0219612457811351
-12.5	8.75	1.004033670084599
-12.5	7.5	0.9957005636964098
-12.5	6.25	1.0075309322360884
-12.5	5.0	1.008565658526309
-12.5	3.75	1.018552448728478
-12.5	2.5	1.0067516812634505
-12.5	1.25	1.006382510832628
-12.5	-0.0	1.0133305363362695
-12.5	-1.25	0.9959924027450686
-12.5	-2.5	1.0052295391551311
-12.5	-3.75	1.025057832509746
-12.5	-5.0	1.009702904284092
-12.5	-6.25	0.9947335898119567
-12.5	-7.5	0.9679292407801556
-12.5	-8.75	0.9592329883934267
-12.5	-10.0	0.9388992725084471
-12.5	-11.25	0.9411982227413898
-12.5	-12.5	0.9481608951187273
-12.5	-13.75	0.9556734827698596
-12.5	-15.0	0.9546770241622315
-12.5	-16.25	0.9201738235510195
-12.5	-17.5	0.910531505274931
-12.5	-18.75	0.9265241378516258
-12.5	-20.0	0.9186527962033955
-12.5	21.25	0.9952352761492005
-12.5	22.5	1.0589119150586583
-12.5	23.75	1.0432517482465418
-12.5	25.0	0.9703257634397122
-12.5	26.25	0.971239168532585
-12.5	27.5	1.0195686927203766
-12.5	28.75	1.0407032757824188
-12.5	30.0	1.2126351175933712
-12.5	31.25	1.3835542655816564
-12.5	32.5	1.6712927138169666
-12.5	33.75	1.5170938882073726
-12.5	35.0	1.3085971800055791
-12.5	36.25	1.1699116063043835
-12.5	37.5	2.1290022970297997
-11.25	38.75	2.0744726464670755
-11.25	37.5	2.010261379328284
-11.25	36.25	1.0783135385839397
-11.25	35.0	1.4522133028924076
-11.25	33.75	1.4206029942801077
-11.25	32.5	1.6005609520892143
-11.25	31.25	1.2808598076970217
-11.25	30.0	1.131699542297354
-11.25	28.75	1.0614534769868929
-11.25	27.5	0.992824162889109
-11.25	26.25	0.9470140117064849
-11.25	25.0	1.0160411419366477
-11.25	23.75	1.0658315624950854
-11.25	22.5	1.0632166376935617
-11.25	21.25	1.0633568513458318
-11.25	20.0	1.0740050999241912
-11.25	18.75	1.1044816049244126
-11.25	17.5	1.095462632797945
-11.25	16.25	1.1140804297028426
-11.25	15.0	1.0908620652649281
-11.25	13.75	1.0700171150401117
-11.25	12.5	1.054339547734373
-11.25	11.25	1.0401339415205495
-11.25	10.0	1.0360071297854017
-11.25	8.75	1.0277857290308843
-11.25	7.5	1.010230903226054
-11.25	6.25	1.0017902741092772
-11.25	5.0	1.0112082284515438
-11.25	3.75	0.9983486870110951
-11.25	2.5	0.9915221900471156
-11.25	1.25	0.9860144798624724
-11.25	-0.0	0.9661681716400237
-11.25	-1.25	0.968459781646521
-11.25	-2.5	0.983867788897248
-11.25	-3.75	0.9729347117906677
-11.25	-5.0	0.9827715256998015
-11.25	-6.25	0.9756910998268866
-11.25	-7.5	0.9711589740522122
-11.25	-8.75	0.9713800012036504
-11.25	-10.0	0.95308743490566
-11.25	-11.25	0.9475373566941396
-11.25	-12.5	0.9394272010607629
-11.25	-13.75	0.9416317949837927
-11.25	-15.0	0.9451360594986387
-11.25	-16.25	0.9317210950291273
-11.25	-17.5	0.9179398472722875
-11.25	-18.75	0.9339290812497527
-11.25	-20.0	0.9153387015070527
-11.25	-21.25	0.8996139602964757
-11.25	-22.5	0.8975892565544452
-11.25	-23.75	0.9151337924655056
-11.25	-25.0	0.9664885900896181
-11.25	-26.25	0.9148548154667111
-11.25	-27.5	0.9552538575311731
-11.25	-28.75	0.9619401927858462
-11.25	-30.0	1.1171350847782833
-11.25	-31.25	1.3248852194824128
-11.25	-32.5	1.2987534991552927
-11.25	-33.75	1.0200933174347337
-11.25	-35.0	0.9571905110302374
-11.25	-36.25	1.065595657654816
-11.25	-37.5	4.419634992609616
-11.25	-38.75	2.563496580892023
-10.0	-38.75	2.811426062097402
-10.0	-37.5	2.327614547297432
-10.0	-36.25	0.9827127776450384
-10.0	-35.0	1.013482050560894
-10.0	-33.75	1.122039378403703
-10.0	-32.5	1.3164745695219118
-10.0	-31.25	1.28262842725273
-10.0	-30.0	1.0182542684832283
-10.0	-28.75	0.9609216605042148
-10.0	-27.5	0.9396592033845144
-10.0	-26.25	0.9311392132933438
-10.0	-25.0	1.021502338314992
-10.0	-23.75	0.9121241264812108
-10.0	-22.5	0.9031481145707989
-10.0	-21.25	0.8933766334927036
-10.0	-20.0	0.921278627425723
-10.0	-18.75	0.9231778245157702
-10.0	-17.5	0.9067892944053728
-10.0	-16.25	0.9412471026206344
-10.0	-15.0	0.9463826573651879
-10.0	-13.75	0.94179552709278
-10.0	-12.5	0.9475610978936135
-10.0	-11.25	0.9596791016181374
-10.0	-10.0	0.9472271670692916
-10.0	-8.75	0.948783663298725
-10.0	-7.5	0.9508669535331755
-10.0	-6.25	0.9603867226444907
-10.0	-5.0	0.9558524306728424
-10.0	-3.75	0.9920039924880708
-10.0	-2.5	0.9885958512520618
-10.0	-1.25	0.9710816605623833
-10.0	0.0	0.9700072431184701
-10.0	1.25	0.9729081571306804
-10.0	2.5	0.9835069488453154
-10.0	3.75	0.9968180435127376
-10.0	5.0	0.9763149163620124
-10.0	6.25	0.9965392991656028
-10.0	7.5	0.9986089199071415
-10.0	8.75	1.0247505302017252
-10.0	10.0	1.035057435162079
-10.0	11.25	1.032529126526387
-10.0	12.5	1.048424128374644
-10.0	13.75	1.0656768768156164
-10.0	15.0	1.0920859680260904
-10.0	16.25	1.0764895207807736
-10.0	17.5	1.1008167174370769
-10.0	18.75	1.1267882253108796
-10.0	20.0	1.0818450794313526
-10.0	21.25	1.0675265819343398
-10.0	22.5	1.0424246754877897
-10.0	23.75	1.0759411321975794
-10.0	25.0	1.0355637226161987
-10.0	26.25	0.9838124014714218
-10.0	27.5	0.9790945523505714
-10.0	28.75	1.0587856783426126
-10.0	30.0	1.0299415038690887
-10.0	31.25	1.2844526525706055
-10.0	32.5	1.4365583569344569
-10.0	33.75	1.6296942952087896
-10.0	35.0	1.4590227589305496
-10.0	36.25	1.0782152284952753
-10.0	37.5	1.5047048239039658
-10.0	38.75	2.0738130871608096
-8.75	38.75	2.0149837605353245
-8.75	37.5	1.291864752919806
-8.75	36.25	1.196286386674851
-8.75	35.0	1.5349756936118206
-8.75	33.75	1.5906017283863658
-8.75	32.5	1.3495106185316699
-8.75	31.25	1.20351526455046
-8.75	30.0	1.0105075604042426
-8.75	28.75	0.9939854949077915
-8.75	27.5	0.9481952552585327
-8.75	26.25	0.972097212856939
-8.75	25.0	1.079717298198485
-8.75	23.75	1.0754654407378714
-8.75	22.5	1.0709426986644015
-8.75	21.25	1.0649844078901385
-8.75	20.0	1.073357366897576
-8.75	18.75	1.110270318668796
-8.75	17.5	1.0861467138332142
-8.75	16.25	1.090626231615869
-8.75	15.0	1.0559673139792425
-8.75	13.75	1.061230765518319
-8.75	12.5	1.0774805326516042
-8.75	11.25	1.0495466072567812
-8.75	10.0	1.0228810512124733
-8.75	8.75	1.011835517418957
-8.75	7.5	1.0051554720392186
-8.75	6.25	0.9854977576290231
-8.75	5.0	0.9825523363756608
-8.75	3.75	0.9806881451776146
-8.75	2.5	0.9688120549616563
-8.75	1.25	0.9649449454355308
-8.75	-0.0	0.9702401956449016
-8.75	-1.25	0.9659618994964836
-8.75	-2.5	0.976296628332415
-8.75	-3.75	0.9926178143491384
-8.75	-5.0	0.9448502213797667
-8.75	-6.25	0.9545895008774927
-8.75	-7.5	0.9625891612109712
-8.75	-8.75	0.9380478334918694
-8.75	-10.0	0.9553965924261316
-8.75	-11.25	0.9566399188546937
-8.75	-12.5	0.9514032192302446
-8.75	-13.75	0.9744324674112956
-8.75	-15.0	0.9493380903526818
-8.75	-16.25	0.9519001430136154
-8.75	-17.5	0.9360309779825817
-8.75	-18.75	0.9032520810295246
-8.75	-20.0	0.9109947181434785
-8.75	-21.25	0.8990346342267053
-8.75	-22.5	0.8885254180484399
-8.75	-23.75	0.8955017992649283
-8.75	-25.0	0.9242011941749624
-8.75	-26.25	0.9231892992576967
-8.75	-27.5	0.927148083029544
-8.75	-28.75	0.9517080785426746
-8.75	-30.0	0.9760799846157022
-8.75	-31.25	1.2175879464185293
-8.75	-32.5	1.2847122231287225
-8.75	-33.75	1.2515477865059648
-8.75	-35.0	1.0663077153011642
-8.75	-36.25	0.9524997906044597
-8.75	-37.5	1.526073007638315
-8.75	-38.75	3.82374115255568
-7.5	-38.75	4.6576156076397695
-7.5	-37.5	1.2056516939502258
-7.5	-36.25	0.9433243357109973
-7.5	-35.0	1.0352807218654618
-7.5	-33.75	1.2936733791254387
-7.5	-32.5	1.3374050564281648
-7.5	-31.25	1.1240729643211687
-7.5	-30.0	0.9521640852923561
-7.5	-28.75	0.9499395350054503
-7.5	-27.5	0.9240607569303521
-7.5	-26.25	0.983063127683085
-7.5	-25.0	0.8887566049886448
-7.5	-23.75	0.8873103234979602
-7.5	-22.5	0.9073131919524329
-7.5	-21.25	0.8975391712911893
-7.5	-20.0	0.9140026268165418
-7.5	-18.75	0.9251992212624582
-7.5	-17.5	0.9463331915232818
-7.5	-16.25	0.9399404806258902
-7.5	-15.0	0.9540414238319883
-7.5	-13.75	0.9599043137412444
-7.5	-12.5	0.9465517796071978
-7.5	-11.25	0.9458219510430315
-7.5	-10.0	0.95403903943226
-7.5	-8.75	0.9514050507719158
-7.5	-7.5	0.9602968062112218
-7.5	-6.25	0.9534424034852718
-7.5	-5.0	0.9570492194602007
-7.5	-3.75	0.9850934238944964
-7.5	-2.5	0.9872393743305494
-7.5	-1.25	0.971828945060988
-7.5	0.0	0.9611094891762111
-7.5	1.25	0.9563906630371823
-7.5	2.5	0.965812024625194
-7.5	3.75	0.9750442024818229
-7.5	5.0	0.9753727453638223
-7.5	6.25	0.9735451369666919
-7.5	7.5	0.9985166608683995
-7.5	8.75	1.013495277489791
-7.5	10.0	1.0071537975439693
-7.5	11.25	1.0512409736582846
-7.5	12.5	1.05969904730176
-7.5	13.75	1.0482994493258886
-7.5	15.0	1.0626938007396811
-7.5	16.25	1.069606266428634
-7.5	17.5	1.1052179238276683
-7.5	18.75	1.119935262204745
-7.5	20.0	1.1476326934126293
-7.5	21.25	1.0704630107589086
-7.5	22.5	1.0868973979372587
-7.5	23.75	1.0620080595226922
-7.5	25.0	1.0630618889872947
-7.5	26.25	1.0200865135980877
-7.5	27.5	0.9471327392747977
-7.5	28.75	0.9896358181909539
-7.5	30.0	1.0449685092104568
-7.5	31.25	1.181913470975796
-7.5	32.5	1.3066173901165614
-7.5	33.75	1.5366071711804778
-7.5	35.0	1.3862656254252848
-7.5	36.25	1.2956828708552148
-7.5	37.5	1.1537066237302884
-7.5	38.75	2.3210862155601397
-6.25	40.0	2.240789168219724
-6.25	38.75	2.3774194962501607
-6.25	37.5	1.0799832947844088
-6.25	36.25	1.3703330050277494
-6.25	35.0	1.3935351652734793
-6.25	33.75	1.4753989927496836
-6.25	32.5	1.2992730511535644
-6.25	31.25	1.084708788127772
-6.25	30.0	1.0521080310151918
-6.25	28.75	0.9526818497889336
-6.25	27.5	0.9501000717296115
-6.25	26.25	1.0518823480093076
-6.25	25.0	1.0628714634032335
-6.25	23.75	1.0557703605007145
-6.25	22.5	1.0764807768444644
-6.25	21.25	1.0873701710222754
-6.25	20.0	1.123020352015141
-6.25	18.75	1.1091535078668544
-6.25	17.5	1.0940387567760634
-6.25	16.25	1.0860388134372476
-6.25	15.0	1.0710547554545071
-6.25	13.75	1.044597827260434
-6.25	12.5	1.061281194196619
-6.25	11.25	1.055556448252032
-6.25	10.0	1.0030720137666371
-6.25	8.75	1.0061503400386265
-6.25	7.5	0.9960772754951828
-6.25	6.25	0.98640405983343
-6.25	5.0	0.9596118896093007
-6.25	3.75	0.9698495481744622
-6.25	2.5	0.9534296291809463
-6.25	1.25	0.96241436140303
-6.25	-0.0	0.9733314327776519
-6.25	-1.25	0.9677399697681945
-6.25	-2.5	1.002050665555732
-6.25	-3.75	0.9990339398976538
-6.25	-5.0	0.9665517314981811
-6.25	-6.25	0.9666936437516815
-6.25	-7.5	0.9482908543415256
-6.25	-8.75	0.953819645622211
-6.25	-10.0	0.9584000023921693
-6.25	-11.25	0.9619920998364897
-6.25	-12.5	0.9555721763705307
-6.25	-13.75	0.9659669044213341
-6.25	-15.0	0.945598152080561
-6.25	-16.25	0.941709110881809
-6.25	-17.5	0.9342930555340567
-6.25	-18.75	0.914596127025467
-6.25	-20.0	0.9121884955499766
-6.25	-21.25	0.8985560191810578
-6.25	-22.5	0.9116946788607647
-6.25	-23.75	0.8980439101570292
-6.25	-25.0	0.8904753252887962
-6.25	-26.25	0.9687677581004657
-6.25	-27.5	0.9182835130649316
-6.25	-28.75	0.9341672818958289
-6.25	-30.0	0.9676168494640072
-6.25	-31.25	1.0630242137509978
-6.25	-32.5	1.293283431430778
-6.25	-33.75	1.3237788656937148
-6.25	-35.0	1.0556391572865307
-6.25	-36.25	0.9204956674682929
-6.25	-37.5	1.0532898505578778
-6.25	-38.75	4.999999999999989
-6.25	-40.0	3.0394668507050078
-5.0	-40.0	4.999999999971122
-5.0	-38.75	4.99999999999995
-5.0	-37.5	1.0124903736880775
-5.0	-36.25	1.01375366270819
-5.0	-35.0	1.1082863451988203
-5.0	-33.75	1.3241002849374874
-5.0	-32.5	1.2762461043433904
-5.0	-31.25	1.01453382933048
-5.0	-30.0	0.9679693048214846
-5.0	-28.75	0.9219596327536648
-5.0	-27.5	0.9328713879731705
-5.0	-26.25	0.934775921916355
-5.0	-25.0	0.8944926439171379
-5.0	-23.75	0.8911714426739419
-5.0	-22.5	0.9082169990269264
-5.0	-21.25	0.8970678984548304
-5.0	-20.0	0.9212678133900463
-5.0	-18.75	0.9115057485678619
-5.0	-17.5	0.9259669567756319
-5.0	-16.25	0.9432612688393371
-5.0	-15.0	0.9564154078976443
-5.0	-13.75	0.9560812867264792
-5.0	-12.5	0.9597393213700869
-5.0	-11.25	0.9372626384717142
-5.0	-10.0	0.9445382332578784
-5.0	-8.75	0.9535421504036776
-5.0	-7.5	0.9526994229923691
-5.0	-6.25	0.9560858348685395
-5.0	-5.0	0.9875893047024089
-5.0	-3.75	0.991558591762498
-5.0	-2.5	0.9822623976055675
-5.0	-1.25	0.9805769960618349
-5.0	0.0	0.9703096419903625
-5.0	1.25	0.9687467524261262
-5.0	2.5	0.9652069757779715
-5.0	3.75	0.9814459436200584
-5.0	5.0	0.9707896813976644
-5.0	6.25	0.9782010239140675
-5.0	7.5	0.9943956575840831
-5.0	8.75	0.9992471597441233
-5.0	10.0	1.0017058465874031
-5.0	11.25	1.0436348254581258
-5.0	12.5	1.0533435582020987
-5.0	13.75	1.0380448818904604
-5.0	15.0	1.040496392345334
-5.0	16.25	1.0856747423582815
-5.0	17.5	1.0929361851760753
-5.0	18.75	1.0907125522628274
-5.0	20.0	1.1275274404943394
-5.0	21.25	1.1127580398586066
-5.0	22.5	1.0815557235402604
-5.0	23.75	1.0691546652548167
-5.0	25.0	1.0669743017717126
-5.0	26.25	1.073857026621229
-5.0	27.5	0.9603992641101105
-5.0	28.75	0.9485040215996179
-5.0	30.0	1.061182654523563
-5.0	31.25	1.0491934297615968
-5.0	32.5	1.2989479057847557
-5.0	33.75	1.4446754568830293
-5.0	35.0	1.4505327811321962
-5.0	36.25	1.3735028717584967
-5.0	37.5	1.0312949941394418
-5.0	38.75	1.8911912931913282
-5.0	40.0	2.191470011190015
-3.75	40.0	2.2072461086083983
-3.75	38.75	1.6398608496118747
-3.75	37.5	1.0377247575812367
-3.75	36.25	1.3959918762994956
-3.75	35.0	1.5701119459811768
-3.75	33.75	1.4210244564076362
-3.75	32.5	1.3256386435190946
-3.75	31.25	1.050550180846237
-3.75	30.0	1.0577849146150253
-3.75	28.75	0.9420318888493915
-3.75	27.5	0.9489864903676848
-3.75	26.25	1.0757207394902153
-3.75	25.0	1.065637613978092
-3.75	23.75	1.0684035943782408
-3.75	22.5	1.0787569147499436
-3.75	21.25	1.1591909735500314
-3.75	20.0	1.1254592685460612
-3.75	18.75	1.1034360502680656
-3.75	17.5	1.080564668883981
-3.75	16.25	1.078039039832447
-3.75	15.0	1.058493256192011
-3.75	13.75	1.0371933065208712
-3.75	12.5	1.0476299829032172
-3.75	11.25	1.038949977527973
-3.75	10.0	1.0056201579876678
-3.75	8.75	1.014089654248166
-3.75	7.5	0.991357648092908
-3.75	6.25	0.9849010003185992
-3.75	5.0	0.9854640295201449
-3.75	3.75	0.9656519234172025
-3.75	2.5	0.9634247354625618
-3.75	1.25	0.9539404502595952
-3.75	-0.0	0.9729586798672241
-3.75	-1.25	0.9756642005204093
-3.75	-2.5	0.9717394350874828
-3.75	-3.75	0.9946996038993206
-3.75	-5.0	0.9800762065669586
-3.75	-6.25	0.9693138675592632
-3.75	-7.5	0.9607346168970263
-3.75	-8.75	0.9554151279953125
-3.75	-10.0	0.9625940596674418
-3.75	-11.25	0.9514004546011474
-3.75	-12.5	0.9644893254882616
-3.75	-13.75	0.9481246235114051
-3.75	-15.0	0.9608187660598402
-3.75	-16.25	0.9317061658475598
-3.75	-17.5	0.9465609308690173
-3.75	-18.75	0.9196775704589495
-3.75	-20.0	0.911119083535282
-3.75	-21.25	0.8986180818958598
-3.75	-22.5	0.9028280643525566
-3.75	-23.75	0.8826445849430629
-3.75	-25.0	0.8915923527036105
-3.75	-26.25	0.9235463276286682
-3.75	-27.5	0.9398725753670014
-3.75	-28.75	0.9223780261670154
-3.75	-30.0	0.9669550363133572
-3.75	-31.25	0.9876526647607928
-3.75	-32.5	1.2466627281679168
-3.75	-33.75	1.3155924867861284
-3.75	-35.0	1.1459454935723752
-3.75	-36.25	1.0771326111460944
-3.75	-37.5	0.9498839773966505
-3.75	-38.75	4.9999999999999964
-3.75	-40.0	2.8028072529625314
-2.5	-40.0	2.515140063637295
-2.5	-38.75	-2.919983563739887
-2.5	-37.5	0.938399477981684
-2.5	-36.25	1.0724585551545367
-2.5	-35.0	1.1849429174641362
-2.5	-33.75	1.3085876402399688
-2.5	-32.5	1.2197491973918604
-2.5	-31.25	0.9765041908861942
-2.5	-30.0	0.9616782953107981
-2.5	-28.75	0.9163182157322591
-2.5	-27.5	0.9497951482815132
-2.5	-26.25	0.9089436913885471
-2.5	-25.0	0.8936573793370677
-2.5	-23.75	0.8957812169483574
-2.5	-22.5	0.8922992123761357
-2.5	-21.25	0.908975050718233
-2.5	-20.0	0.910858735240561
-2.5	-18.75	0.9198385407457383
-2.5	-17.5	0.951290773883132
-2.5	-16.25	0.9406993652463056
-2.5	-15.0	0.9500884375485672
-2.5	-13.75	0.9523333778653829
-2.5	-12.5	0.9887434862496054
-2.5	-11.25	0.9494145262306475
-2.5	-10.0	0.9581128980625042
-2.5	-8.75	0.9655310723585995
-2.5	-7.5	0.9767148590768766
-2.5	-6.25	0.9705868579575574
-2.5	-5.0	0.977104029856104
-2.5	-3.75	1.0070338693997538
-2.5	-2.5	0.9964410258411318
-2.5	-1.25	0.9745375330015396
-2.5	0.0	0.9553407150294451
-2.5	1.25	0.9581958753951261
-2.5	2.5	0.9504824929506714
-2.5	3.75	0.964423281846976
-2.5	5.0	0.9661177909170506
-2.5	6.25	0.9795849873887903
-2.5	7.5	0.9735363495012699
-2.5	8.75	1.0074616045214393
-2.5	10.0	1.016242913311424
-2.5	11.25	1.051461898556286
-2.5	12.5	1.0403593155575575
-2.5	13.75	1.0383316490880432
-2.5	15.0	1.0651661353150352
-2.5	16.25	1.0874420346506337
-2.5	17.5	1.0925928506040608
-2.5	18.75	1.1026717152644006
-2.5	20.0	1.1204300659997166
-2.5	21.25	1.1423470964956088
-2.5	22.5	1.0800358576191904
-2.5	23.75	1.0772348486049887
-2.5	25.0	1.065683616907279
-2.5	26.25	1.0763436708215544
-2.5	27.5	0.9555523284796728
-2.5	28.75	0.9433058396050971
-2.5	30.0	1.0403370421321068
-2.5	31.25	1.042529135001633
-2.5	32.5	1.3109350371837314
-2.5	33.75	1.426202132318446
-2.5	35.0	1.5475397795234445
-2.5	36.25	1.3911881219208366
-2.5	37.5	1.030960988223213
-2.5	38.75	1.5962852675420782
-2.5	40.0	2.2336875555327573
-1.25	40.0	2.647228129847674
-1.25	38.75	1.498236089229879
-1.25	37.5	1.028084236189665
-1.25	36.25	1.3397569370356912
-1.25	35.0	1.5506547364235157
-1.25	33.75	1.3948206079589074
-1.25	32.5	1.251036655664616
-1.25	31.25	1.055300476205181
-1.25	30.0	1.0328025679654864
-1.25	28.75	0.9402791078205048
-1.25	27.5	0.9706158187799723
-1.25	26.25	1.1024666251285353
-1.25	25.0	1.0603844349611125
-1.25	23.75	1.08408338181059
-1.25	22.5	1.0761125614896692
-1.25	21.25	1.1634423162022012
-1.25	20.0	1.1135121434891593
-1.25	18.75	1.0986962212226894
-1.25	17.5	1.096080138670196
-1.25	16.25	1.082403756141849
-1.25	15.0	1.0465974656539254
-1.25	13.75	1.038724560066453
-1.25	12.5	1.0616382564218405
-1.25	11.25	1.0418514031147588
-1.25	10.0	1.0089981881387704
-1.25	8.75	0.9956362660022053
-1.25	7.5	0.979900654712357
-1.25	6.25	0.9836118179842677
-1.25	5.0	0.9705007704949047
-1.25	3.75	0.956027688176432
-1.25	2.5	0.9603653649526898
-1.25	1.25	0.9540948852397797
-1.25	-0.0	0.9670578229935156
-1.25	-1.25	0.9729121118573039
-1.25	-2.5	0.9695797472990852
-1.25	-3.75	0.9899928110613097
-1.25	-5.0	0.9863144575866389
-1.25	-6.25	0.9633947375817122
-1.25	-7.5	0.9764954420997807
-1.25	-8.75	0.9579056560101407
-1.25	-10.0	0.9495255883235343
-1.25	-11.25	0.9432209873633033
-1.25	-12.5	0.9744487959987662
-1.25	-13.75	0.9613870435576484
-1.25	-15.0	0.9486685176528074
-1.25	-16.25	0.9204740017856361
-1.25	-17.5	0.9310204488025784
-1.25	-18.75	0.9309960907662864
-1.25	-20.0	0.9060596369713068
-1.25	-21.25	0.9052776515487029
-1.25	-22.5	0.8918779612575278
-1.25	-23.75	0.8947874559187321
-1.25	-25.0	0.8666920536501452
-1.25	-26.25	0.9086382771558306
-1.25	-27.5	0.9418579068205997
-1.25	-28.75	0.9220167001384727
-1.25	-30.0	0.947415156773026
-1.25	-31.25	0.9806491609648793
-1.25	-32.5	1.202080061544736
-1.25	-33.75	1.3013953612547704
-1.25	-35.0	1.2081402611887881
-1.25	-36.25	1.098672926900372
-1.25	-37.5	0.925899186380116
-1.25	-38.75	2.5634169431457927
-1.25	-40.0	2.542697963587859
0.0	-40.0	2.5658311835582612
0.0	-38.75	2.3255164839355302
0.0	-37.5	0.9204225921704801
0.0	-36.25	1.1009443974132092
0.0	-35.0	1.211157543827638
0.0	-33.75	1.3289547238074775
0.0	-32.5	1.1821554186774978
0.0	-31.25	0.9688352026208573
0.0	-30.0	0.9483964336268702
0.0	-28.75	0.9202659962422475
0.0	-27.5	0.9389570016864823
0.0	-26.25	0.9036638269618313
0.0	-25.0	0.8866537068468814
0.0	-23.75	0.900625625014273
0.0	-22.5	0.8942396231244683
0.0	-21.25	0.9227429602470831
0.0	-20.0	0.9056073111035285
0.0	-18.75	0.9150036073053789
0.0	-17.5	0.942749847770191
0.0	-16.25	0.9447288842102806
0.0	-15.0	0.957292295720233
0.0	-13.75	0.9768553816463044
0.0	-12.5	0.9708162678572112
0.0	-11.25	0.9466613535607005
0.0	-10.0	0.9619790521228788
0.0	-8.75	0.9720558357418962
0.0	-7.5	0.9682512171834547
0.0	-6.25	0.9846923533843075
0.0	-5.0	0.9968206729272229
0.0	-3.75	1.0123678810175551
0.0	-2.5	0.9923847842869549
0.0	-1.25	0.9676836983946346
0.0	0.0	0.9609381524270058
0.0	1.25	0.95098828599086
0.0	2.5	0.9666260466514833
0.0	3.75	0.9709567644672958
0.0	5.0	0.9756131277387095
0.0	6.25	0.9929128623187538
0.0	7.5	0.9794176355944497
0.0	8.75	1.011652908850631
0.0	10.0	0.9886068598749356
0.0	11.25	1.0468915442613742
0.0	12.5	1.0657954250225306
0.0	13.75	1.0347390436666632
0.0	15.0	1.058437070712018
0.0	16.25	1.0726869199764169
0.0	17.5	1.087510109051065
0.0	18.75	1.0785590455879879
0.0	20.0	1.1298290671215172
0.0	21.25	1.1609223303214398
0.0	22.5	1.069199187524342
0.0	23.75	1.0972389498008646
0.0	25.0	1.0612869176038267
0.0	26.25	1.0876700071362215
0.0	27.5	0.9634876615842174
0.0	28.75	0.9315868127864757
0.0	30.0	1.025212968503725
0.0	31.25	1.0408155171875242
0.0	32.5	1.2258229066544635
0.0	33.75	1.4151573059828397
0.0	35.0	1.5369674701728524
0.0	36.25	1.376929947423208
0.0	37.5	1.03798728700834
0.0	38.75	1.5027202716013015
0.0	40.0	2.746847925065663
1.25	40.0	2.574266821718446
1.25	38.75	1.50191934148575
1.25	37.5	1.0438341609558401
1.25	36.25	1.365671656309635
1.25	35.0	1.530799354108093
1.25	33.75	1.428908959936571
1.25	32.5	1.251430484516054
1.25	31.25	1.0207564581188686
1.25	30.0	1.0293847237026679
1.25	28.75	0.9400213456457021
1.25	27.5	0.968610192177568
1.25	26.25	1.0865706638254888
1.25	25.0	1.0677764638818656
1.25	23.75	1.085430683747779
1.25	22.5	1.0804832340791304
1.25	21.25	1.1486308543783235
1.25	20.0	1.1172221798073876
1.25	18.75	1.0910648572089467
1.25	17.5	1.0986598861496288
1.25	16.25	1.0738111144098532
1.25	15.0	1.0491142199921324
1.25	13.75	1.0386183774521882
1.25	12.5	1.0596879611828989
1.25	11.25	1.046499149115597
1.25	10.0	1.013259841877458
1.25	8.75	1.0027458362594501
1.25	7.5	0.9964896548641491
1.25	6.25	0.9782990153278215
1.25	5.0	0.9786783993421553
1.25	3.75	0.9474842056296371
1.25	2.5	0.9694843062295959
1.25	1.25	0.9381535246933881
1.25	-0.0	0.9653956158592525
1.25	-1.25	0.9750085943776954
1.25	-2.5	0.9871022459476455
1.25	-3.75	1.0141066149042839
1.25	-5.0	0.9970767672309293
1.25	-6.25	0.97981129047138
1.25	-7.5	0.9641994070118942
1.25	-8.75	0.9593768297267591
1.25	-10.0	0.9521664877225477
1.25	-11.25	0.9491186443507251
1.25	-12.5	0.9617908160389206
1.25	-13.75	0.9468748841534236
1.25	-15.0	0.936777196991291
1.25	-16.25	0.9379356459928658
1.25	-17.5	0.943520882150656
1.25	-18.75	0.919194137017123
1.25	-20.0	0.910695215457312
1.25	-21.25	0.9010311510384605
1.25	-22.5	0.9051146267405441
1.25	-23.75	0.8989584234153085
1.25	-25.0	0.8949315102661064
1.25	-26.25	0.9178916800626862
1.25	-27.5	0.9602080422469461
1.25	-28.75	0.928841433869664
1.25	-30.0	0.9491795442630258
1.25	-31.25	0.9656493661577805
1.25	-32.5	1.1977742205655408
1.25	-33.75	1.306248858854234
1.25	-35.0	1.2074471579210364
1.25	-36.25	1.1042382653587177
1.25	-37.5	0.9328910279214861
1.25	-38.75	2.671162182250555
1.25	-40.0	2.7338835450933274
2.5	-40.0	2.802243325719953
2.5	-38.75	2.8339384777865453
2.5	-37.5	0.9354648633953699
2.5	-36.25	1.080846836953036
2.5	-35.0	1.1598498691931924
2.5	-33.75	1.2955944830238808
2.5	-32.5	1.2007504535612759
2.5	-31.25	0.9699390245829873
2.5	-30.0	0.9411768120311015
2.5	-28.75	0.9340469990180011
2.5	-27.5	0.9355092024291602
2.5	-26.25	0.9176363045459537
2.5	-25.0	0.8915968398976828
2.5	-23.75	0.9038373657011602
2.5	-22.5	0.8952355536195675
2.5	-21.25	0.883300003825191
2.5	-20.0	0.92093372089162
2.5	-18.75	0.9383164024472004
2.5	-17.5	0.9297414925730205
2.5	-16.25	0.9459171248238043
2.5	-15.0	0.9595627849199486
2.5	-13.75	0.9527013293821431
2.5	-12.5	0.9576716887604961
2.5	-11.25	0.9408841572000561
2.5	-10.0	0.9592831394821228
2.5	-8.75	0.9649543697442642
2.5	-7.5	0.9506607356335905
2.5	-6.25	0.9690191268100765
2.5	-5.0	0.9862658286280945
2.5	-3.75	1.0086732438858004
2.5	-2.5	0.9831436947000292
2.5	-1.25	0.9604229573186611
2.5	0.0	0.9594021849628822
2.5	1.25	0.9560223312843856
2.5	2.5	0.9471359040438418
2.5	3.75	0.972665794600017
2.5	5.0	0.9937104082709327
2.5	6.25	0.9802202208099136
2.5	7.5	1.0038664686188739
2.5	8.75	1.0092845199812972
2.5	10.0	1.0069535165845167
2.5	11.25	1.0469720923916466
2.5	12.5	1.0462415608109508
2.5	13.75	1.0452557942356053
2.5	15.0	1.0627453613790125
2.5	16.25	1.0742736859341822
2.5	17.5	1.0895496080620903
2.5	18.75	1.1023232543081924
2.5	20.0	1.1460885869381556
2.5	21.25	1.1562181060857037
2.5	22.5	1.0868414932221153
2.5	23.75	1.0893426982941357
2.5	25.0	1.0540289795103774
2.5	26.25	1.0920096063192375
2.5	27.5	0.9639421791680336
2.5	28.75	0.9208324803230363
2.5	30.0	1.039498400857588
2.5	31.25	1.0200819940346015
2.5	32.5	1.2543587640664295
2.5	33.75	1.4234954728629559
2.5	35.0	1.5399637091972451
2.5	36.25	1.3893601714076107
2.5	37.5	1.0183220149015026
2.5	38.75	1.5362246421922094
2.5	40.0	2.5143166136780293
3.75	40.0	2.845216352781881
3.75	38.75	1.6671543824640462
3.75	37.5	1.0313797606697488
3.75	36.25	1.373059443489657
3.75	35.0	1.5413008873001157
3.75	33.75	1.4229277542912193
3.75	32.5	1.3175282108581419
3.75	31.25	1.0071931216134296
3.75	30.0	1.0502580184422055
3.75	28.75	0.9360101307651378
3.75	27.5	0.9593254247363303
3.75	26.25	1.064859788431023
3.75	25.0	1.0538730979644644
3.75	23.75	1.0817185169423738
3.75	22.5	1.0962466078097215
3.75	21.25	1.1040114148432245
3.75	20.0	1.1277027994142461
3.75	18.75	1.0976907731131291
3.75	17.5	1.0875178634149147
3.75	16.25	1.083058712946925
3.75	15.0	1.065626729472723
3.75	13.75	1.0467853785103802
3.75	12.5	1.0627664799070065
3.75	11.25	1.0440050231917386
3.75	10.0	1.0119387248231382
3.75	8.75	0.9996644146915141
3.75	7.5	1.0053473845486707
3.75	6.25	0.9828581327173014
3.75	5.0	0.9793881675308622
3.75	3.75	0.965718085868569
3.75	2.5	0.9575063695945563
3.75	1.25	0.949617985646003
3.75	-0.0	0.9704689652279228
3.75	-1.25	0.9766038157731627
3.75	-2.5	0.9926903646688494
3.75	-3.75	0.9938531208675885
3.75	-5.0	0.9736290275905315
3.75	-6.25	0.9624616209910561
3.75	-7.5	0.9590190742809277
3.75	-8.75	0.9641569426636662
3.75	-10.0	0.9534150801674324
3.75	-11.25	0.9414376776781088
3.75	-12.5	0.9436845731871362
3.75	-13.75	0.9469243346104514
3.75	-15.0	0.9501715141093552
3.75	-16.25	0.9388071533229976
3.75	-17.5	0.9367889611616995
3.75	-18.75	0.9162523732441707
3.75	-20.0	0.9152988812171072
3.75	-21.25	0.8863514914994761
3.75	-22.5	0.9112673942712064
3.75	-23.75	0.9000757491087183
3.75	-25.0	0.8845495531024818
3.75	-26.25	0.9306684343108902
3.75	-27.5	0.9446590160336177
3.75	-28.75	0.9261175224735734
3.75	-30.0	0.9480859790472032
3.75	-31.25	0.995677309800806
3.75	-32.5	1.2279682005387755
3.75	-33.75	1.3025922652924056
3.75	-35.0	1.1299300184374665
3.75	-36.25	1.047689527730471
3.75	-37.5	0.9723324882065318
3.75	-38.75	2.9277866908147914
3.75	-40.0	-2.9925379247485635
5.0	-40.0	3.23096338078577
5.0	-38.75	4.99999999999994
5.0	-37.5	0.9984973351629538
5.0	-36.25	1.012237558048251
5.0	-35.0	1.0855157862488625
5.0	-33.75	1.3042987997110718
5.0	-32.5	1.2562319352044629
5.0	-31.25	1.0074220814641137
5.0	-30.0	0.946254149809203
5.0	-28.75	0.9367930073933497
5.0	-27.5	0.93297048520117
5.0	-26.25	0.9606553338735857
5.0	-25.0	0.8907240136297689
5.0	-23.75	0.8931514069443702
5.0	-22.5	0.8913130645674316
5.0	-21.25	0.8851032419052789
5.0	-20.0	0.9039507750061562
5.0	-18.75	0.9149857968059392
5.0	-17.5	0.9272930349635891
5.0	-16.25	0.9365034868424598
5.0	-15.0	0.9616220868323397
5.0	-13.75	0.9445634680528157
5.0	-12.5	0.933958566598184
5.0	-11.25	0.9298769043600776
5.0	-10.0	0.9627400355197127
5.0	-8.75	0.9403784082505231
5.0	-7.5	0.9526181006516357
5.0	-6.25	0.9539523508180183
5.0	-5.0	0.9702256094849453
5.0	-3.75	1.0090239090404403
5.0	-2.5	0.9817145380405297
5.0	-1.25	0.9657814626373042
5.0	0.0	0.9718088469695072
5.0	1.25	0.968959909227241
5.0	2.5	0.9714519248142555
5.0	3.75	0.9600035605312529
5.0	5.0	0.9554435196432243
5.0	6.25	0.990659347211098
5.0	7.5	0.9986392655443845
5.0	8.75	0.999524556664455
5.0	10.0	1.0131547131669798
5.0	11.25	1.055358962456232
5.0	12.5	1.0560407038001696
5.0	13.75	1.0488883698497116
5.0	15.0	1.0560268109833526
5.0	16.25	1.082448187152889
5.0	17.5	1.0930766458466756
5.0	18.75	1.1111639329556464
5.0	20.0	1.123769887967656
5.0	21.25	1.0835943624234368
5.0	22.5	1.0573735176315875
5.0	23.75	1.071624800268813
5.0	25.0	1.0690550376193189
5.0	26.25	1.0418252376352743
5.0	27.5	0.9562221201816312
5.0	28.75	0.9235596640393231
5.0	30.0	1.0529391005254487
5.0	31.25	0.9999408059646564
5.0	32.5	1.31595844343349
5.0	33.75	1.4326988143564412
5.0	35.0	1.402665147440593
5.0	36.25	1.3504414523112
5.0	37.5	1.008055498923424
5.0	38.75	1.841636395062018
5.0	40.0	2.2833136071124986
6.25	40.0	2.5316582465749597
6.25	38.75	2.28468756968541
6.25	37.5	1.0641059279589324
6.25	36.25	1.335458482626759
6.25	35.0	1.363736452387756
6.25	33.75	1.4546088398268768
6.25	32.5	1.3063969419851107
6.25	31.25	1.0144549985163938
6.25	30.0	1.0300501087535636
6.25	28.75	0.9307388339718417
6.25	27.5	0.9366362249510685
6.25	26.25	1.0057879154634595
6.25	25.0	1.0748271795933935
6.25	23.75	1.0543910297288752
6.25	22.5	1.0836169852232
6.25	21.25	1.060451032651459
6.25	20.0	1.1465131107933777
6.25	18.75	1.1197545928169852
6.25	17.5	1.0917935766747746
6.25	16.25	1.0763219563506707
6.25	15.0	1.0575492294997506
6.25	13.75	1.0533376064965037
6.25	12.5	1.072626862481318
6.25	11.25	1.0588033070262988
6.25	10.0	1.0073230030087776
6.25	8.75	1.012204446814657
6.25	7.5	0.9849739513029601
6.25	6.25	0.9792502970796981
6.25	5.0	0.9735446446953979
6.25	3.75	0.961428094982594
6.25	2.5	0.959442530864111
6.25	1.25	0.9409567604332167
6.25	-0.0	0.9653924825057896
6.25	-1.25	0.9702857810761039
6.25	-2.5	0.9783512406334278
6.25	-3.75	0.998242813165156
6.25	-5.0	0.9728077363531806
6.25	-6.25	0.9489778953943784
6.25	-7.5	0.9570737394011433
6.25	-8.75	0.9473480145340769
6.25	-10.0	0.9355453852272095
6.25	-11.25	0.9281381558738726
6.25	-12.5	0.9357509953459626
6.25	-13.75	0.9415296706047824
6.25	-15.0	0.9563123274119931
6.25	-16.25	0.9304724696189126
6.25	-17.5	0.9347854792653374
6.25	-18.75	0.9270250654854726
6.25	-20.0	0.9092536612985054
6.25	-21.25	0.899767442275138
6.25	-22.5	0.896910573443864
6.25	-23.75	0.8826327858201433
6.25	-25.0	0.8892694031931958
6.25	-26.25	1.0019258004887996
6.25	-27.5	0.9291036508119035
6.25	-28.75	0.9225127669011126
6.25	-30.0	0.9512920628682178
6.25	-31.25	1.036972197189117
6.25	-32.5	1.2967224873183367
6.25	-33.75	1.3155381573720595
6.25	-35.0	1.0739956522860714
6.25	-36.25	0.9571487527632723
6.25	-37.5	1.0590537007253555
6.25	-38.75	4.536645745760218
6.25	-40.0	2.35265938667858
7.5	-38.75	3.952887386671449
7.5	-37.5	1.1791884927140526
7.5	-36.25	0.9183251892328936
7.5	-35.0	1.0545759661524512
7.5	-33.75	1.2877330657219161
7.5	-32.5	1.324714896688799
7.5	-31.25	1.1002055413203262
7.5	-30.0	0.9659084825656405
7.5	-28.75	0.9495534207707665
7.5	-27.5	0.924153667822809
7.5	-26.25	0.979687688273863
7.5	-25.0	0.9174752105531025
7.5	-23.75	0.8938286110988312
7.5	-22.5	0.893386354170616
7.5	-21.25	0.9026956560656902
7.5	-20.0	0.9000007332588496
7.5	-18.75	0.9091318460742484
7.5	-17.5	0.9218422255203667
7.5	-16.25	0.9318755168733475
7.5	-15.0	0.9238956743772277
7.5	-13.75	0.9449848828075247
7.5	-12.5	0.9294453828729718
7.5	-11.25	0.9474179984269648
7.5	-10.0	0.9371725682238017
7.5	-8.75	0.950219641560766
7.5	-7.5	0.9359713967675329
7.5	-6.25	0.9464164320138204
7.5	-5.0	0.9602132365297908
7.5	-3.75	0.9909707042414064
7.5	-2.5	0.979734905403661
7.5	-1.25	0.9517439780124102
7.5	0.0	0.9574981837855088
7.5	1.25	0.9775035615479073
7.5	2.5	0.9719711005252831
7.5	3.75	0.9720509952209397
7.5	5.0	0.9877477539025925
7.5	6.25	0.9913747532616535
7.5	7.5	0.9954771171993082
7.5	8.75	1.0225769787453398
7.5	10.0	1.0109571115835791
7.5	11.25	1.0211068127256748
7.5	12.5	1.0504887148054323
7.5	13.75	1.053047124973907
7.5	15.0	1.0632428369564568
7.5	16.25	1.0745493205034782
7.5	17.5	1.0997423495637326
7.5	18.75	1.1140541915887194
7.5	20.0	1.1196504693322895
7.5	21.25	1.057264437140505
7.5	22.5	1.0840198697033498
7.5	23.75	1.0560155733224876
7.5	25.0	1.0735792108754687
7.5	26.25	0.9864087564343871
7.5	27.5	0.9264865892689889
7.5	28.75	1.0015140027849831
7.5	30.0	0.9929240691048333
7.5	31.25	1.0622901418189894
7.5	32.5	1.3328099444537935
7.5	33.75	1.467939361200762
7.5	35.0	1.3504549271147281
7.5	36.25	1.2541779998439448
7.5	37.5	1.1203379333030838
7.5	38.75	2.923734451116749
8.75	38.75	2.4027378507350665
8.75	37.5	1.2780157732458157
8.75	36.25	1.1383478306169366
8.75	35.0	1.4917027662232663
8.75	33.75	1.5003169911749765
8.75	32.5	1.3577153324486329
8.75	31.25	1.1760300722343402
8.75	30.0	0.9451796784659035
8.75	28.75	1.0407065867176888
8.75	27.5	0.9166809923222381
8.75	26.25	0.9835630238480135
8.75	25.0	1.0876241213138478
8.75	23.75	1.0693301042494028
8.75	22.5	1.058896187375864
8.75	21.25	1.0697910004177054
8.75	20.0	1.0844987019446153
8.75	18.75	1.1435581517891258
8.75	17.5	1.102406191837611
8.75	16.25	1.0848878651510656
8.75	15.0	1.0589369871245662
8.75	13.75	1.0587513378184692
8.75	12.5	1.0352884240983506
8.75	11.25	1.025315492289831
8.75	10.0	1.0191019595223754
8.75	8.75	1.0173111556955918
8.75	7.5	0.9989221393373517
8.75	6.25	0.9802496143636468
8.75	5.0	0.9790682878385892
8.75	3.75	0.9759849463000165
8.75	2.5	0.9758742497553357
8.75	1.25	0.968486600247191
8.75	-0.0	0.9559241229585744
8.75	-1.25	0.9562589172253073
8.75	-2.5	0.9707895277276188
8.75	-3.75	0.975592825735899
8.75	-5.0	0.9622702206125489
8.75	-6.25	0.9541215284739915
8.75	-7.5	0.9364635661219971
8.75	-8.75	0.9292593615008897
8.75	-10.0	0.9349462568344267
8.75	-11.25	0.9423894219591613
8.75	-12.5	0.9373844718038882
8.75	-13.75	0.9332944056007193
8.75	-15.0	0.9273470015375018
8.75	-16.25	0.9132200274960862
8.75	-17.5	0.9256550490374549
8.75	-18.75	0.8932022609523669
8.75	-20.0	0.892466433923655
8.75	-21.25	0.909429718348723
8.75	-22.5	0.9013415769022277
8.75	-23.75	0.8924393777540445
8.75	-25.0	0.9178750221025522
8.75	-26.25	0.9472185627012797
8.75	-27.5	0.9336137157889741
8.75	-28.75	0.9543708477201935
8.75	-30.0	0.9716552467129684
8.75	-31.25	1.1868604737257362
8.75	-32.5	1.3022939306282133
8.75	-33.75	1.2155055261046774
8.75	-35.0	1.0520072438690846
8.75	-36.25	0.9198041970492401
8.75	-37.5	1.3549728782241708
8.75	-38.75	2.8252985295854316
10.0	-38.75	2.733035826958976
10.0	-37.5	1.7454595402952977
10.0	-36.25	0.9425327170314111
10.0	-35.0	1.0072410459819565
10.0	-33.75	1.1136808123509638
10.0	-32.5	1.3099366223990554
10.0	-31.25	1.2705352121396434
10.0	-30.0	1.01344620694816
10.0	-28.75	0.953354568384583
10.0	-27.5	0.9299793294459633
10.0	-26.25	0.9035995634967708
10.0	-25.0	0.9903996470600447
10.0	-23.75	0.9093516863383027
10.0	-22.5	0.8839735947454095
10.0	-21.25	0.8944232115400084
10.0	-20.0	0.8882813112753416
10.0	-18.75	0.9120973082691481
10.0	-17.5	0.9091043718638794
10.0	-16.25	0.9101929925398338
10.0	-15.0	0.9244470907170745
10.0	-13.75	0.9295524230788903
10.0	-12.5	0.9216532827729731
10.0	-11.25	0.9328608852282603
10.0	-10.0	0.9417286372103151
10.0	-8.75	0.9553380544370942
10.0	-7.5	0.9616365846613011
10.0	-6.25	0.9610784532227594
10.0	-5.0	0.9695414013287671
10.0	-3.75	0.9704577832463599
10.0	-2.5	0.9800365747422068
10.0	-1.25	0.9683299166024275
10.0	0.0	0.9789792303555531
10.0	1.25	0.9897307264986761
10.0	2.5	0.9923254179696839
10.0	3.75	0.9905102679239377
10.0	5.0	1.0086816942339452
10.0	6.25	1.0064656477441076
10.0	7.5	0.9847042686181258
10.0	8.75	1.0193555082753223
10.0	10.0	1.0225045283626724
10.0	11.25	1.0335426504719454
10.0	12.5	1.0372025180728883
10.0	13.75	1.0518442341611864
10.0	15.0	1.0781669017332902
10.0	16.25	1.1318732534764813
10.0	17.5	1.142474092339409
10.0	18.75	1.1238938507741718
10.0	20.0	1.0688877775083974
10.0	21.25	1.0700277862604608
10.0	22.5	1.0626690988734424
10.0	23.75	1.0627488251229291
10.0	25.0	1.034385858632561
10.0	26.25	0.9529132715876507
10.0	27.5	0.9365980843734665
10.0	28.75	1.0509511760081995
10.0	30.0	0.935935378247807
10.0	31.25	1.3006022989070782
10.0	32.5	1.4072168530355214
10.0	33.75	1.5041794684025112
10.0	35.0	1.3735559515358364
10.0	36.25	1.0168280825765486
10.0	37.5	1.4307459465910135
10.0	38.75	2.580386122122265
11.25	38.75	2.7333426897040276
11.25	37.5	1.9308790834131582
11.25	36.25	1.0205613476407205
11.25	35.0	1.362092345362253
11.25	33.75	1.343782056477421
11.25	32.5	1.4922769613508677
11.25	31.25	1.3057308400832115
11.25	30.0	0.9978036865457005
11.25	28.75	0.993299522479858
11.25	27.5	1.0125454587626805
11.25	26.25	0.939778969377989
11.25	25.0	0.978498104059387
11.25	23.75	1.0819501331821666
11.25	22.5	1.0642851314264323
11.25	21.25	1.0654904367129419
11.25	20.0	1.059063595321998
11.25	18.75	1.0739499255976392
11.25	17.5	1.144690065137718
11.25	16.25	1.1071028946175634
11.25	15.0	1.0896534099153135
11.25	13.75	1.0773591487857743
11.25	12.5	1.0625299813378675
11.25	11.25	1.0383395295093578
11.25	10.0	1.0314898773062895
11.25	8.75	1.0278566670684288
11.25	7.5	0.9967697071589647
11.25	6.25	1.0040512773981236
11.25	5.0	1.0007506766794396
11.25	3.75	0.9845859000990327
11.25	2.5	1.0118455410399294
11.25	1.25	1.0046678019342377
11.25	-0.0	1.0122040736106683
11.25	-1.25	1.002869389920762
11.25	-2.5	0.9905164838624811
11.25	-3.75	0.9788312066767846
11.25	-5.0	0.9718894806267544
11.25	-6.25	0.9742907117688109
11.25	-7.5	0.936386049501742
11.25	-8.75	0.9322273652970372
11.25	-10.0	0.9230677849476407
11.25	-11.25	0.9245036630288785
11.25	-12.5	0.9431987132966277
11.25	-13.75	0.9317223528400138
11.25	-15.0	0.9274202384246477
11.25	-16.25	0.9121586010092475
11.25	-17.5	0.9073546690583987
11.25	-18.75	0.9045582739868196
11.25	-20.0	0.9025004023444989
11.25	-21.25	0.8893542897690496
11.25	-22.5	0.8999558254335414
11.25	-23.75	0.908958734196796
11.25	-25.0	0.9633297383730604
11.25	-26.25	0.9190836878516064
11.25	-27.5	0.9502552997081608
11.25	-28.75	0.971218622025126
11.25	-30.0	1.101528972048154
11.25	-31.25	1.3098725653116814
11.25	-32.5	1.3023153552406619
11.25	-33.75	1.0322884717229188
11.25	-35.0	0.9562537440051466
11.25	-36.25	1.031896707665787
11.25	-37.5	2.9412221943131556
11.25	-38.75	2.5862004372822884
12.5	-37.5	4.999998979976899
12.5	-36.25	1.1246898571933839
12.5	-35.0	0.8957124477459821
12.5	-33.75	1.0126141010591656
12.5	-32.5	1.2283594790617745
12.5	-31.25	1.322856611682056
12.5	-30.0	1.1908748346920284
12.5	-28.75	0.9879410121842271
12.5	-27.5	0.9557119746415621
12.5	-26.25	0.916239735320544
12.5	-25.0	0.9356497448759251
12.5	-23.75	0.9900672347740223
12.5	-22.5	0.9045273463400658
12.5	-21.25	0.8884474022687563
12.5	-20.0	0.9117543790164007
12.5	-18.75	0.9214161681673882
12.5	-17.5	0.9309408797286558
12.5	-16.25	0.9143758143725211
12.5	-15.0	0.9186136981975039
12.5	-13.75	0.9348989822810436
12.5	-12.5	0.9290941195691484
12.5	-11.25	0.9410574279764514
12.5	-10.0	0.9459595479423673
12.5	-8.75	0.9471469267855674
12.5	-7.5	0.9496917826627733
12.5	-6.25	0.9438906222517414
12.5	-5.0	0.9651834013871454
12.5	-3.75	0.9601791293696094
12.5	-2.5	0.9696322060768754
12.5	-1.25	0.9765193192740504
12.5	0.0	0.9905212670467662
12.5	1.25	1.00699723311984
12.5	2.5	0.9877517711563222
12.5	3.75	0.9933524388555748
12.5	5.0	0.9858632443700799
12.5	6.25	0.9891954878578568
12.5	7.5	1.0128715417803171
12.5	8.75	1.0295476360772637
12.5	10.0	1.0275444057998122
12.5	11.25	1.03800796456399
12.5	12.5	1.0882426098898499
12.5	13.75	1.0665564064608803
12.5	15.0	1.0895927643895922
12.5	16.25	1.1038220238385463
12.5	17.5	1.114951259391428
12.5	18.75	1.0774115334776422
12.5	20.0	1.0920048510802456
12.5	21.25	1.0958303996082561
12.5	22.5	1.0594631529067264
12.5	23.75	1.0549554285977116
12.5	25.0	0.9748454517568872
12.5	26.25	0.9402718392141587
12.5	27.5	1.0621597972445986
12.5	28.75	0.9214676774738519
12.5	30.0	1.1896455135726134
12.5	31.25	1.3373531763765945
12.5	32.5	1.5621028171135274
12.5	33.75	1.46173323650327
12.5	35.0	1.2279498159685769
12.5	36.25	1.1553338577384586
12.5	37.5	2.4702102192570052
13.75	37.5	2.6472481352405026
13.75	36.25	1.3927476878354597
13.75	35.0	1.04704331819676
13.75	33.75	1.447470142141123
13.75	32.5	1.527401386616826
13.75	31.25	1.4023479374771952
13.75	30.0	1.271700367662846
13.75	28.75	0.960060416832766
13.75	27.5	1.0191884116363443
13.75	26.25	0.9312461426461844
13.75	25.0	0.9505655767167385
13.75	23.75	0.9969678925856682
13.75	22.5	1.067480802789964
13.75	21.25	1.0666910314535887
13.75	20.0	1.0746045029936013
13.75	18.75	1.0762127573095182
13.75	17.5	1.0478681188050274
13.75	16.25	1.1250061853179316
13.75	15.0	1.095817084375871
13.75	13.75	1.0659096302585924
13.75	12.5	1.0643145833184642
13.75	11.25	1.0542022890562555
13.75	10.0	1.0197358386182396
13.75	8.75	1.004811996142493
13.75	7.5	1.0112440160531575
13.75	6.25	1.0051988286138513
13.75	5.0	0.9953160234019336
13.75	3.75	0.9750955831864969
13.75	2.5	1.010951983366267
13.75	1.25	1.0072255357556053
13.75	-0.0	0.9806910021599355
13.75	-1.25	0.976647191793182
13.75	-2.5	0.9519647058495329
13.75	-3.75	0.9426945862557998
13.75	-5.0	0.9630090710799468
13.75	-6.25	0.9545155248416037
13.75	-7.5	0.950446093818412
13.75	-8.75	0.9364827123204034
13.75	-10.0	0.9388640026720019
13.75	-11.25	0.9288648307721781
13.75	-12.5	0.9439984390704037
13.75	-13.75	0.9318580172344468
13.75	-15.0	0.9079501538601376
13.75	-16.25	0.923168017605736
13.75	-17.5	0.9051598758345412
13.75	-18.75	0.8974662652374557
13.75	-20.0	0.8874802854031874
13.75	-21.25	0.9048328310391973
13.75	-22.5	0.9335562121353167
13.75	-23.75	0.9683916647927422
13.75	-25.0	0.9302399949883924
13.75	-26.25	0.9421556595055183
13.75	-27.5	0.9473131103565366
13.75	-28.75	1.0641693707520261
13.75	-30.0	1.2971899415699406
13.75	-31.25	1.310836119364244
13.75	-32.5	1.0790331296582476
13.75	-33.75	0.9862201619384798
13.75	-35.0	0.952402010814617
13.75	-36.25	1.4300106753115935
13.75	-37.5	4.999999999968892
15.0	-37.5	2.8128809690962875
15.0	-36.25	2.4465744383230517
15.0	-35.0	1.0223867984132005
15.0	-33.75	0.898015530214586
15.0	-32.5	0.9952564612622252
15.0	-31.25	1.2471065538732518
15.0	-30.0	1.335033326174523
15.0	-28.75	1.2012298296509591
15.0	-27.5	0.9741629008282366
15.0	-26.25	0.9509548356248265
15.0	-25.0	0.9399737315559076
15.0	-23.75	0.9201347309385604
15.0	-22.5	0.9536211313612313
15.0	-21.25	0.9170303671982936
15.0	-20.0	0.8757698132281728
15.0	-18.75	0.8996103124488242
15.0	-17.5	0.9178656726027317
15.0	-16.25	0.9130140504546276
15.0	-15.0	0.9496731306608055
15.0	-13.75	0.9111254566599936
15.0	-12.5	0.9328069362841518
15.0	-11.25	0.9306455842952879
15.0	-10.0	0.9567669691777079
15.0	-8.75	0.9577960090842907
15.0	-7.5	0.9724814032806286
15.0	-6.25	0.969003766677778
15.0	-5.0	0.978223637820995
15.0	-3.75	0.9817389436921511
15.0	-2.5	0.9968615912776055
15.0	-1.25	0.9875495865585604
15.0	0.0	1.0097878185769247
15.0	1.25	0.9965228672625281
15.0	2.5	1.0035012304598112
15.0	3.75	1.0219727987909257
15.0	5.0	1.0079911891200668
15.0	6.25	1.0024358106091995
15.0	7.5	1.022522983880359
15.0	8.75	1.022177307437219
15.0	10.0	1.0584836273420475
15.0	11.25	1.0312191443236163
15.0	12.5	1.0724250645476738
15.0	13.75	1.0936329902615505
15.0	15.0	1.0898884539781308
15.0	16.25	1.0252967366203674
15.0	17.5	1.0424697399559477
15.0	18.75	1.0647264598659234
15.0	20.0	1.0759953487310554
15.0	21.25	1.0825307915591944
15.0	22.5	1.0171767119897845
15.0	23.75	0.9689443059337597
15.0	25.0	0.9344698011871886
15.0	26.25	1.0358977767864825
15.0	27.5	0.9419507100628657
15.0	28.75	1.1118788584010586
15.0	30.0	1.2724012938661549
15.0	31.25	1.5603454948616058
15.0	32.5	1.3352811489631877
15.0	33.75	1.396516879765204
15.0	35.0	1.04547504720027
15.0	36.25	1.9332640659264548
15.0	37.5	2.798812104222792
16.25	36.25	3.307697276119983
16.25	35.0	1.19537261499402
16.25	33.75	1.068625598243611
16.25	32.5	1.4266206839180846
16.25	31.25	1.5427818081594413
16.25	30.0	1.396503285532745
16.25	28.75	1.2622311544386928
16.25	27.5	0.9948704925586842
16.25	26.25	0.99398030538363
16.25	25.0	0.9908070313629445
16.25	23.75	0.9480811613489903
16.25	22.5	0.9859472731238119
16.25	21.25	1.0660730409001076
16.25	20.0	1.0614596344036462
16.25	18.75	1.059158554376035
16.25	17.5	1.0703425915283749
16.25	16.25	1.0339627266376343
16.25	15.0	1.042027201928982
16.25	13.75	1.1094565863768127
16.25	12.5	1.0788729681626261
16.25	11.25	1.0691656674878054
16.25	10.0	1.0229696387234588
16.25	8.75	1.0245661573740303
16.25	7.5	1.011693442826119
16.25	6.25	1.0002053926607495
16.25	5.0	1.0043549570733923
16.25	3.75	1.0291240317721684
16.25	2.5	1.0274678450268855
16.25	1.25	1.0161063442534823
16.25	-0.0	1.0193378193271672
16.25	-1.25	1.0086300224293296
16.25	-2.5	1.0019338964886941
16.25	-3.75	0.9889565239965297
16.25	-5.0	0.98463557407824
16.25	-6.25	0.9837358764815187
16.25	-7.5	0.9672115866822351
16.25	-8.75	0.9782128905569785
16.25	-10.0	0.964764888871624
16.25	-11.25	0.9435501864540612
16.25	-12.5	0.9259776422174291
16.25	-13.75	0.9324578299580235
16.25	-15.0	0.9254440795771366
16.25	-16.25	0.9213622006799707
16.25	-17.5	0.8937836682789282
16.25	-18.75	0.8995696232138517
16.25	-20.0	0.8987761794093805
16.25	-21.25	0.9373020214298826
16.25	-22.5	0.9257062020100033
16.25	-23.75	0.959605473289078
16.25	-25.0	0.9626770843327748
16.25	-26.25	0.977383331156747
16.25	-27.5	1.084491828635291
16.25	-28.75	1.2852728000733258
16.25	-30.0	1.337082742470315
16.25	-31.25	1.0731099332511036
16.25	-32.5	0.9888607293232603
16.25	-33.75	0.9210308372032827
16.25	-35.0	1.0700096860737158
16.25	-36.25	3.1499090535932126
17.5	-36.25	2.991587645907634
17.5	-35.0	1.5023905965539726
17.5	-33.75	0.9986936395106119
17.5	-32.5	0.8835451186210825
17.5	-31.25	1.0050533652644233
17.5	-30.0	1.2138111067503772
17.5	-28.75	1.365719585306648
17.5	-27.5	1.240299715266298
17.5	-26.25	1.0244476212942697
17.5	-25.0	0.9595878118480217
17.5	-23.75	0.9616852267549447
17.5	-22.5	0.9408035772520273
17.5	-21.25	0.9331339832154857
17.5	-20.0	0.945381789505678
17.5	-18.75	0.9125843082303664
17.5	-17.5	0.8963455291300937
17.5	-16.25	0.9085994440147003
17.5	-15.0	0.9251627383917169
17.5	-13.75	0.9331990158465908
17.5	-12.5	0.9324356595749705
17.5	-11.25	0.9311192715929533
17.5	-10.0	0.9330980302845688
17.5	-8.75	0.9322555899090137
17.5	-7.5	0.9473382837042514
17.5	-6.25	0.9575870782744786
17.5	-5.0	0.9566583780824134
17.5	-3.75	0.9815300357329235
17.5	-2.5	0.9698275305566089
17.5	-1.25	0.9702570784318691
17.5	0.0	1.0106474529378895
17.5	1.25	1.0061748667729828
17.5	2.5	1.0119019100104651
17.5	3.75	0.9933846292998822
17.5	5.0	0.9978664183909132
17.5	6.25	0.9916280515690108
17.5	7.5	1.0088807605866936
17.5	8.75	1.0409228685596954
17.5	10.0	1.0548773103505846
17.5	11.25	1.0589794005764332
17.5	12.5	1.0790274740538317
17.5	13.75	1.0233025984737036
17.5	15.0	1.032833650092135
17.5	16.25	1.044791273938527
17.5	17.5	1.0722361488021956
17.5	18.75	1.0440990470190856
17.5	20.0	1.0864967875525675
17.5	21.25	0.9939429050798676
17.5	22.5	0.953113830424269
17.5	23.75	0.9228876164705984
17.5	25.0	1.053051855759417
17.5	26.25	0.9503576399042233
17.5	27.5	1.1546784576075533
17.5	28.75	1.2877145290147478
17.5	30.0	1.5668057043462733
17.5	31.25	1.2945526996807981
17.5	32.5	1.42629063029516
17.5	33.75	1.0134080132690881
17.5	35.0	1.6358445834391038
17.5	36.25	3.120525089730746
18.75	35.0	3.378238794551116
18.75	33.75	1.2122652026219374
18.75	32.5	1.0411782992625032
18.75	31.25	1.399396266285625
18.75	30.0	1.4320492829276894
18.75	28.75	1.4398275093686719
18.75	27.5	1.2250099968148138
18.75	26.25	1.0580738302674906
18.75	25.0	0.9886271405993448
18.75	23.75	1.0240545045497758
18.75	22.5	0.9388902981278404
18.75	21.25	0.9682468659966155
18.75	20.0	0.9886614586967024
18.75	18.75	1.0554589535291203
18.75	17.5	1.0571346421870134
18.75	16.25	1.074586705636503
18.75	15.0	1.0403195306760482
18.75	13.75	1.0321665420432407
18.75	12.5	1.0046563143687433
18.75	11.25	1.027080500667779
18.75	10.0	1.0836765984981973
18.75	8.75	1.0442730323838214
18.75	7.5	1.0268788414652317
18.75	6.25	1.0116496208060957
18.75	5.0	0.9911875654318578
18.75	3.75	0.9783192241145251
18.75	2.5	0.9716552761694732
18.75	1.25	0.9866763787271449
18.75	-0.0	0.9674426597536092
18.75	-1.25	0.9414281869527592
18.75	-2.5	0.9679710856673367
18.75	-3.75	0.9533749337863959
18.75	-5.0	0.9603975140655745
18.75	-6.25	0.9439343793023518
18.75	-7.5	0.9318719246863587
18.75	-8.75	0.9500575922109498
18.75	-10.0	0.9402862750276881
18.75	-11.25	0.9464762559735238
18.75	-12.5	0.9485660633105839
18.75	-13.75	0.9397412291755156
18.75	-15.0	0.9075308802107864
18.75	-16.25	0.9110488694629018
18.75	-17.5	0.928695318684639
18.75	-18.75	0.9546232560017245
18.75	-20.0	0.9423358686201908
18.75	-21.25	0.9489113768472954
18.75	-22.5	0.9646619497031148
18.75	-23.75	0.9577389940369567
18.75	-25.0	0.9754010773885717
18.75	-26.25	1.18537902838799
18.75	-27.5	1.3345090809979743
18.75	-28.75	1.3069170200196893
18.75	-30.0	1.0375709730567468
18.75	-31.25	0.9655621744341474
18.75	-32.5	0.9653121340572026
18.75	-33.75	0.9896012448157956
18.75	-35.0	-2.7517728603687814
20.0	-35.0	3.1572922551165092
20.0	-33.75	1.311060802033797
20.0	-32.5	0.9742468656653083
20.0	-31.25	0.8926878823787723
20.0	-30.0	1.0088999687490023
20.0	-28.75	1.1632578970901486
20.0	-27.5	1.3356799637384835
20.0	-26.25	1.2912050720055728
20.0	-25.0	1.1406136264756288
20.0	-23.75	0.9871302781492384
20.0	-22.5	0.9610942141368364
20.0	-21.25	0.9617900324600175
20.0	-20.0	0.9318753811662441
20.0	-18.75	0.9229335760481465
20.0	-17.5	1.005804317201001
20.0	-16.25	0.9334075783410691
20.0	-15.0	0.9137334154408645
20.0	-13.75	0.9012442533944771
20.0	-12.5	0.904656169085138
20.0	-11.25	0.9519014921310642
20.0	-10.0	0.9929036223914292
20.0	-8.75	1.004814962038667
20.0	-7.5	0.9576648799039189
20.0	-6.25	0.9398350692774171
20.0	-5.0	0.9461639489014582
20.0	-3.75	0.9419923523640303
20.0	-2.5	0.9633676564522169
20.0	-1.25	0.996774520636265
20.0	0.0	0.976437381142917
20.0	1.25	0.9769053107222456
20.0	2.5	1.0056239763067616
20.0	3.75	0.9987971675934535
20.0	5.0	1.0222547167518332
20.0	6.25	1.0254599745102775
20.0	7.5	1.0745883552735256
20.0	8.75	1.03565874696997
20.0	10.0	0.9805067200925643
20.0	11.25	0.9973098325916947
20.0	12.5	1.0223167107046844
20.0	13.75	1.0747820071717404
20.0	15.0	1.0752981648366733
20.0	16.25	1.041277947820367
20.0	17.5	1.0411528624427726
20.0	18.75	0.9837766873339753
20.0	20.0	0.96657830499767
20.0	21.25	0.9457598336651873
20.0	22.5	1.0023654651895821
20.0	23.75	1.009252051187655
20.0	25.0	0.9935046883780103
20.0	26.25	1.170129799090903
20.0	27.5	1.3185553511714563
20.0	28.75	1.547258708333219
20.0	30.0	1.3935590093117467
20.0	31.25	1.262411667207842
20.0	32.5	1.0297457765816
20.0	33.75	1.7320705667271756
20.0	35.0	3.0957630985860902
21.25	33.75	4.1125723544139134
21.25	32.5	1.3072137579574408
21.25	31.25	0.9896250898831074
21.25	30.0	1.3908642124434278
21.25	28.75	1.2315342435377277
21.25	27.5	1.5433308827691272
21.25	26.25	1.2693617355527644
21.25	25.0	1.1463719649702275
21.25	23.75	1.0087832937053598
21.25	22.5	1.021004914461706
21.25	21.25	0.983962937891758
21.25	20.0	0.948629260754771
21.25	18.75	0.9787412993961944
21.25	17.5	0.9788598105460782
21.25	16.25	1.0522344502128202
21.25	15.0	1.035120266677506
21.25	13.75	1.066671259431084
21.25	12.5	1.107633760904685
21.25	11.25	1.0357794068310984
21.25	10.0	1.0053020674678823
21.25	8.75	0.9705533194271441
21.25	7.5	0.9740123855649383
21.25	6.25	0.9949832904377098
21.25	5.0	1.0220835195260811
21.25	3.75	1.036959532536713
21.25	2.5	1.0242167729410347
21.25	1.25	0.9982873161311652
21.25	-0.0	0.9937244554116456
21.25	-1.25	0.9938918668244998
21.25	-2.5	0.9938165880784826
21.25	-3.75	1.0171889427481737
21.25	-5.0	1.038665268790643
21.25	-6.25	1.0372827952634056
21.25	-7.5	1.0076634709665955
21.25	-8.75	0.9438812500142122
21.25	-10.0	0.903941034116766
21.25	-11.25	0.9199005417156938
21.25	-12.5	0.9372088040803561
21.25	-13.75	0.9537344175798745
21.25	-15.0	0.9424282596780245
21.25	-16.25	0.9540515651961083
21.25	-17.5	0.9425621721220256
21.25	-18.75	0.9386900264838136
21.25	-20.0	0.9498921296628353
21.25	-21.25	0.9470221886158505
21.25	-22.5	0.9754678931154839
21.25	-23.75	1.12495899438529
21.25	-25.0	1.2563809992727792
21.25	-26.25	1.3060620234425535
21.25	-27.5	1.2161747789368436
21.25	-28.75	1.0300896899318452
21.25	-30.0	0.9275818012072641
21.25	-31.25	0.9505875625951097
21.25	-32.5	0.9803700786174563
21.25	-33.75	2.564594808566225
22.5	-32.5	1.525156757538194
22.5	-31.25	0.9123111022827715
22.5	-30.0	0.9230538502617014
22.5	-28.75	0.9727686999502367
22.5	-27.5	1.040991332704463
22.5	-26.25	1.234540490731833
22.5	-25.0	1.291985315535288
22.5	-23.75	1.2565207859949998
22.5	-22.5	1.1114265791557143
22.5	-21.25	0.9793972374579667
22.5	-20.0	0.9603554201968496
22.5	-18.75	0.960039761450739
22.5	-17.5	0.954001100485927
22.5	-16.25	0.9417518045723963
22.5	-15.0	0.9351840425461706
22.5	-13.75	0.9716558956296586
22.5	-12.5	0.9443331452785237
22.5	-11.25	0.9473157894922508
22.5	-10.0	0.9267076405781784
22.5	-8.75	0.9113482414860288
22.5	-7.5	0.8986311277968468
22.5	-6.25	0.9089629610255248
22.5	-5.0	0.9119603893512007
22.5	-3.75	0.9210637366333891
22.5	-2.5	0.9171985994203187
22.5	-1.25	0.934167831320126
22.5	0.0	0.9329724955361911
22.5	1.25	0.9371789693364487
22.5	2.5	0.9476022071759571
22.5	3.75	0.9409918325874864
22.5	5.0	0.965261074033581
22.5	6.25	0.9617210682580923
22.5	7.5	0.9888817081526824
22.5	8.75	1.065697148704034
22.5	10.0	1.1576287081412229
22.5	11.25	1.1364236826875507
22.5	12.5	1.0436883467304146
22.5	13.75	1.0373426863983024
22.5	15.0	1.0137319635029591
22.5	16.25	0.9796991494449951
22.5	17.5	0.9682739491467318
22.5	18.75	0.9554271991915195
22.5	20.0	0.97454015143901
22.5	21.25	1.0357859886654524
22.5	22.5	0.9976693618724042
22.5	23.75	1.1169053041031969
22.5	25.0	1.2170930406707425
22.5	26.25	1.4743586067508465
22.5	27.5	1.2785253106144463
22.5	28.75	1.3508353760986402
22.5	30.0	1.0417826438629074
22.5	31.25	1.1306384303857158
22.5	32.5	2.5626267787673935
23.75	32.5	3.803688675104958
23.75	31.25	1.61419808058759
23.75	30.0	1.0499738376872783
23.75	28.75	1.1578665183176051
23.75	27.5	1.4521724088072112
23.75	26.25	1.3488890435690983
23.75	25.0	1.4225968810565703
23.75	23.75	1.182807322160552
23.75	22.5	1.1098534793908037
23.75	21.25	1.0251822670313189
23.75	20.0	1.03065559928213
23.75	18.75	0.9738647132621328
23.75	17.5	0.9613198117285577
23.75	16.25	0.9802552221545557
23.75	15.0	0.9695716507111136
23.75	13.75	0.9936298116010365
23.75	12.5	1.0452343206384036
23.75	11.25	1.039297282805375
23.75	10.0	1.090977338634561
23.75	8.75	1.1995295982451912
23.75	7.5	1.2596814867783044
23.75	6.25	1.2383787004646498
23.75	5.0	1.1192119895284227
23.75	3.75	1.0113390342267747
23.75	2.5	0.9680090430370045
23.75	1.25	0.9444298639079909
23.75	-0.0	0.9233534272383128
23.75	-1.25	0.9175891085273413
23.75	-2.5	0.9142296072961358
23.75	-3.75	0.9213924643262414
23.75	-5.0	0.9089293156308766
23.75	-6.25	0.9235879263164897
23.75	-7.5	0.9382275167943144
23.75	-8.75	0.9594968470022742
23.75	-10.0	0.9750262995104242
23.75	-11.25	0.9797698173169689
23.75	-12.5	0.9827093635578565
23.75	-13.75	0.9573286651843338
23.75	-15.0	0.9874975508245862
23.75	-16.25	0.9796665869883192
23.75	-17.5	0.974731039477291
23.75	-18.75	0.9664826648415268
23.75	-20.0	0.9994636119530576
23.75	-21.25	1.1254235881341659
23.75	-22.5	1.2293494106275826
23.75	-23.75	1.2761173490843714
23.75	-25.0	1.2358277139883018
23.75	-26.25	1.0571640661985224
23.75	-27.5	1.0137303780126983
23.75	-28.75	0.9797117459015023
23.75	-30.0	0.923681479554995
23.75	-31.25	1.0903127746295302
23.75	-32.5	2.7766998607139097
25.0	-31.25	2.2917728808031175
25.0	-30.0	0.9766192299327248
25.0	-28.75	0.971026846699619
25.0	-27.5	0.9799891692279878
25.0	-26.25	1.0279596013960424
25.0	-25.0	1.0536762946286036
25.0	-23.75	1.231818930201384
25.0	-22.5	1.2767784440891772
25.0	-21.25	1.2334314590793314
25.0	-20.0	1.1756605271650606
25.0	-18.75	1.0428837611254638
25.0	-17.5	0.9838249981442759
25.0	-16.25	0.973222599871594
25.0	-15.0	0.9902533270433365
25.0	-13.75	0.9844170180478162
25.0	-12.5	0.9812907762035277
25.0	-11.25	0.9683928726330793
25.0	-10.0	0.9826264285398256
25.0	-8.75	0.9855550523207715
25.0	-7.5	0.9847148087044495
25.0	-6.25	0.9939473977741571
25.0	-5.0	0.9924122149334726
25.0	-3.75	1.0039485315813836
25.0	-2.5	1.0260741238723137
25.0	-1.25	1.078145910991335
25.0	0.0	1.1372581451938597
25.0	1.25	1.2211875121259137
25.0	2.5	1.3015811904903494
25.0	3.75	1.3001040939124682
25.0	5.0	1.2821102694677933
25.0	6.25	1.1724633667327176
25.0	7.5	1.0806638006409646
25.0	8.75	1.0338373234354865
25.0	10.0	1.0338938445058439
25.0	11.25	1.007287052699855
25.0	12.5	0.9877652654218307
25.0	13.75	0.9777454926667541
25.0	15.0	0.9824710735639091
25.0	16.25	0.972517140470921
25.0	17.5	0.9755809838361538
25.0	18.75	1.0082801316142556
25.0	20.0	1.045898721926939
25.0	21.25	1.0900841832884591
25.0	22.5	1.1489218446048577
25.0	23.75	1.4140775678705086
25.0	25.0	1.4162757231565903
25.0	26.25	1.3488684538125089
25.0	27.5	1.1778747364677535
25.0	28.75	0.9802253173320068
25.0	30.0	1.3968633750744983
25.0	31.25	3.879350710524797
26.25	30.0	4.999999999989669
26.25	28.75	1.2784043341778784
26.25	27.5	0.9761538341998621
26.25	26.25	1.2161647788031633
26.25	25.0	1.3389984086267495
26.25	23.75	1.4017374012335901
26.25	22.5	1.4003053215478918
26.25	21.25	1.1496371508944812
26.25	20.0	1.0793166789539619
26.25	18.75	1.0426700468473733
26.25	17.5	1.0255154051041728
26.25	16.25	0.995429564840407
26.25	15.0	0.9667046351902737
26.25	13.75	0.9699948525655744
26.25	12.5	0.9790793256020569
26.25	11.25	0.9596756531999322
26.25	10.0	0.9898337851112782
26.25	8.75	1.0070488584638841
26.25	7.5	1.016121720873345
26.25	6.25	1.0201096428320433
26.25	5.0	1.0224432227121971
26.25	3.75	1.0372509615564764
26.25	2.5	1.0456981967394068
26.25	1.25	1.0683698245687516
26.25	-0.0	1.0474203546217495
26.25	-1.25	1.0219359065708549
26.25	-2.5	1.0351538369234303
26.25	-3.75	1.0041092556799223
26.25	-5.0	0.9961890618871507
26.25	-6.25	0.9762847958921705
26.25	-7.5	0.9848348649611607
26.25	-8.75	0.9876004480936729
26.25	-10.0	0.998311700048018
26.25	-11.25	1.006295804897725
26.25	-12.5	0.9957251580553406
26.25	-13.75	0.974976509284005
26.25	-15.0	0.9826702791834592
26.25	-16.25	1.0193124037961603
26.25	-17.5	1.0917786558185938
26.25	-18.75	1.1672516283186205
26.25	-20.0	1.2429408483631494
26.25	-21.25	1.2725822297532927
26.25	-22.5	1.1896362546648263
26.25	-23.75	1.0477669811479418
26.25	-25.0	1.0296425151187272
26.25	-26.25	1.0088828914731067
26.25	-27.5	0.9762738115921321
26.25	-28.75	0.9442338786703353
26.25	-30.0	1.489960123460767
27.5	-28.75	1.1876265863041375
27.5	-27.5	0.9412421400344932
27.5	-26.25	0.9765528181890302
27.5	-25.0	1.007762258078273
27.5	-23.75	1.029593270515412
27.5	-22.5	1.0456559224704058
27.5	-21.25	1.1551982708908124
27.5	-20.0	1.237698165656962
27.5	-18.75	1.2419533281244046
27.5	-17.5	1.1719516315864054
27.5	-16.25	1.1461373283588605
27.5	-15.0	1.0692114129242212
27.5	-13.75	1.0092521648969468
27.5	-12.5	0.9761180756090866
27.5	-11.25	0.98155024331726
27.5	-10.0	0.9790314028602598
27.5	-8.75	0.9887163071697991
27.5	-7.5	1.0011695571797556
27.5	-6.25	0.9968148883073038
27.5	-5.0	0.9949300627648858
27.5	-3.75	0.9831038428185357
27.5	-2.5	0.9834750810485859
27.5	-1.25	0.9970455343768894
27.5	0.0	0.9921033786895865
27.5	1.25	0.987599799262382
27.5	2.5	1.0034801803984923
27.5	3.75	0.9872418097189231
27.5	5.0	0.9859185479525214
27.5	6.25	0.9895631935293974
27.5	7.5	0.9729798235664919
27.5	8.75	0.9755903137417201
27.5	10.0	0.9811816008064635
27.5	11.25	0.9840344154871827
27.5	12.5	0.9716400327506891
27.5	13.75	0.9711334181520082
27.5	15.0	0.9994322581706143
27.5	16.25	1.0457526652742573
27.5	17.5	1.0709849870656951
27.5	18.75	1.0965462676945243
27.5	20.0	1.1643695810924646
27.5	21.25	1.4133329608378133
27.5	22.5	1.334341491934648
27.5	23.75	1.4475792271314
27.5	25.0	1.2742634540884001
27.5	26.25	0.9854252251161242
27.5	27.5	1.232733079656608
27.5	28.75	3.3190440124820118
28.75	27.5	3.3288091141841143
28.75	26.25	1.236909097206624
28.75	25.0	0.9840157302696788
28.75	23.75	1.2109644706674025
28.75	22.5	1.564833203498063
28.75	21.25	1.2599139413560696
28.75	20.0	1.4049981266003995
28.75	18.75	1.2357828246633051
28.75	17.5	1.0705805270506197
28.75	16.25	1.0397825872589532
28.75	15.0	1.0587560902335857
28.75	13.75	1.0644957688725798
28.75	12.5	1.0049547509385377
28.75	11.25	0.9811384026281775
28.75	10.0	0.9989058414002017
28.75	8.75	0.9947691922679338
28.75	7.5	0.9927506085712432
28.75	6.25	0.9757376071820207
28.75	5.0	0.963024300186273
28.75	3.75	0.9693925464135065
28.75	2.5	0.9498429806100219
28.75	1.25	0.9568277723137424
28.75	-0.0	0.9480072278921226
28.75	-1.25	0.9599755271997346
28.75	-2.5	0.9667708464497817
28.75	-3.75	0.9529108889458024
28.75	-5.0	0.9467820465859251
28.75	-6.25	0.9733341477283517
28.75	-7.5	0.9579662807316112
28.75	-8.75	0.9684351763540402
28.75	-10.0	0.9757271932698339
28.75	-11.25	1.0075288777948712
28.75	-12.5	1.0646057639774433
28.75	-13.75	1.1087916741777857
28.75	-15.0	1.1546165164185513
28.75	-16.25	1.168363300558518
28.75	-17.5	1.2066735648687388
28.75	-18.75	1.164086229546676
28.75	-20.0	1.0960760386408852
28.75	-21.25	1.0632641524708228
28.75	-22.5	1.0508412919224988
28.75	-23.75	0.9998963043607043
28.75	-25.0	0.9775947733171524
28.75	-26.25	0.946560882901812
28.75	-27.5	1.130579858267156
30.0	-26.25	1.1185553866160074
30.0	-25.0	0.9686705258845603
30.0	-23.75	0.9868462674210452
30.0	-22.5	1.05341553668592
30.0	-21.25	1.0408390824465492
30.0	-20.0	1.0643789460487207
30.0	-18.75	1.0801171325941397
30.0	-17.5	1.0943376080247447
30.0	-16.25	1.14495531391118
30.0	-15.0	1.1550371661164434
30.0	-13.75	1.147873281019062
30.0	-12.5	1.115703779854
30.0	-11.25	1.112630663216292
30.0	-10.0	1.0704490870275905
30.0	-8.75	1.0291767559379261
30.0	-7.5	1.0274078744487314
30.0	-6.25	0.9989617703708644
30.0	-5.0	0.9845206567183107
30.0	-3.75	0.9738402764736005
30.0	-2.5	0.9713601129000509
30.0	-1.25	0.9736050275754993
30.0	0.0	0.9673109521959411
30.0	1.25	0.9868101891320293
30.0	2.5	0.9684349218708714
30.0	3.75	0.9690943860494343
30.0	5.0	0.986174706587752
30.0	6.25	1.0084397452778155
30.0	7.5	0.9965698806168284
30.0	8.75	0.9972358384812043
30.0	10.0	1.0273824782104821
30.0	11.25	1.0612263384461347
30.0	12.5	1.0573438310914067
30.0	13.75	1.0086262309749863
30.0	15.0	1.0413086104536013
30.0	16.25	1.128390192871473
30.0	17.5	1.3016547968972318
30.0	18.75	1.3465918197484141
30.0	20.0	1.3304225046307119
30.0	21.25	1.6939965989463177
30.0	22.5	1.137370167713935
30.0	23.75	1.0097243135885323
30.0	25.0	1.2945980481030457
30.0	26.25	3.6669741518999075
31.25	25.0	4.999999999013182
31.25	23.75	1.4001657663149771
31.25	22.5	1.0653323845978013
31.25	21.25	1.0328104932282
31.25	20.0	1.4658507578141542
31.25	18.75	1.5525184306997586
31.25	17.5	1.2486327633309324
31.25	16.25	1.3452738589023845
31.25	15.0	1.2273204544214291
31.25	13.75	1.0975634971602144
31.25	12.5	1.02190429140916
31.25	11.25	0.9738133529077313
31.25	10.0	1.0141145773420366
31.25	8.75	1.06438255182894
31.25	7.5	1.0785365157375582
31.25	6.25	1.0160056769431982
31.25	5.0	0.9997641033904712
31.25	3.75	1.039486280066634
31.25	2.5	1.0468610572732757
31.25	1.25	1.0371197225600675
31.25	-0.0	1.0319167441664776
31.25	-1.25	1.011226293935394
31.25	-2.5	1.0230252351652505
31.25	-3.75	1.0179892139794289
31.25	-5.0	1.0406615120562748
31.25	-6.25	1.0415167242809424
31.25	-7.5	1.0692409391512756
31.25	-8.75	1.091160335956526
31.25	-10.0	1.098904506482806
31.25	-11.25	1.1065815824107723
31.25	-12.5	1.0977251613517955
31.25	-13.75	1.0974888729415033
31.25	-15.0	1.0614586763554223
31.25	-16.25	1.0670391209725647
31.25	-17.5	1.089329300238326
31.25	-18.75	1.0586017032968584
31.25	-20.0	1.0381726968778366
31.25	-21.25	1.0489564800262396
31.25	-22.5	0.9889727539583681
31.25	-23.75	0.9887542462736789
31.25	-25.0	1.2074116853767327
32.5	-23.75	1.5564252285326514
32.5	-22.5	1.0263813075696184
32.5	-21.25	0.9795683026274906
32.5	-20.0	1.0275026877462876
32.5	-18.75	1.072330661504017
32.5	-17.5	1.0734181165193046
32.5	-16.25	1.0824221125422646
32.5	-15.0	1.1240683579279143
32.5	-13.75	1.08784848117552
32.5	-12.5	1.036505438382581
32.5	-11.25	1.0348920596805726
32.5	-10.0	1.044750588281108
32.5	-8.75	1.0380444576149062
32.5	-7.5	1.069110222316036
32.5	-6.25	1.0837087216236618
32.5	-5.0	1.1176080834888396
32.5	-3.75	1.1256628358310845
32.5	-2.5	1.113505982723522
32.5	-1.25	1.1523181132378033
32.5	0.0	1.0348372144268767
32.5	1.25	1.068712844028898
32.5	2.5	1.0471411479307235
32.5	3.75	1.05068074377927
32.5	5.0	1.0263593738810215
32.5	6.25	1.0230199454868707
32.5	7.5	0.9701789460255732
32.5	8.75	0.9743399056290531
32.5	10.0	1.0279099614868077
32.5	11.25	1.121135187404927
32.5	12.5	1.1765507377083875
32.5	13.75	1.2850599709858184
32.5	15.0	1.231245020177858
32.5	16.25	1.5206818422992887
32.5	17.5	1.724497976612815
32.5	18.75	1.1865971438466847
32.5	20.0	1.011484007392828
32.5	21.25	1.181407333433909
32.5	22.5	1.7075835475857462
32.5	23.75	3.793873399997226
33.75	21.25	4.022033435973961
33.75	20.0	1.3700028091277217
33.75	18.75	1.0979726580021367
33.75	17.5	1.0298726573506745
33.75	16.25	1.2554397607597911
33.75	15.0	1.702126000203375
33.75	13.75	1.5190828442771886
33.75	12.5	1.25083145838956
33.75	11.25	1.2212226714274932
33.75	10.0	1.1933617782531112
33.75	8.75	1.1139359409944847
33.75	7.5	1.0947051609875071
33.75	6.25	1.0320844898157127
33.75	5.0	1.0000790415145655
33.75	3.75	0.9648319638520491
33.75	2.5	0.9601665713767567
33.75	1.25	0.9658221740410156
33.75	-0.0	0.9701466093495279
33.75	-1.25	0.9805177522128528
33.75	-2.5	0.9742797078041416
33.75	-3.75	0.9704055510594749
33.75	-5.0	0.9757622313582264
33.75	-6.25	0.9735754309822164
33.75	-7.5	0.9819119522946762
33.75	-8.75	1.0210547037184714
33.75	-10.0	1.0733215992234353
33.75	-11.25	1.12707382914465
33.75	-12.5	1.0989118340858042
33.75	-13.75	1.0688902798006996
33.75	-15.0	1.0748111223691854
33.75	-16.25	1.1146414509883158
33.75	-17.5	1.0725571700326597
33.75	-18.75	1.0065385057438991
33.75	-20.0	1.0041921340121727
33.75	-21.25	1.1295041949574731
35.0	-20.0	1.698790448333658
35.0	-18.75	1.1692289656237715
35.0	-17.5	1.0516165492423246
35.0	-16.25	1.0173628593379203
35.0	-15.0	1.0963413494891352
35.0	-13.75	1.1684308745033096
35.0	-12.5	1.12785307829271
35.0	-11.25	1.0822265805837237
35.0	-10.0	1.0642634189700964
35.0	-8.75	1.093998086669239
35.0	-7.5	1.0805659378045132
35.0	-6.25	1.0726210272274992
35.0	-5.0	1.0750459129663774
35.0	-3.75	1.0474373692857109
35.0	-2.5	1.0456062281973786
35.0	-1.25	1.0369328523968893
35.0	0.0	1.0542728046325864
35.0	1.25	1.047806070345433
35.0	2.5	1.076696482265044
35.0	3.75	1.1002903696243882
35.0	5.0	1.1335912272645086
35.0	6.25	1.1671819829590833
35.0	7.5	1.1602175257849021
35.0	8.75	1.1910298442480531
35.0	10.0	1.4287440261128692
35.0	11.25	1.6620562989741732
35.0	12.5	1.6457906543879286
35.0	13.75	1.2140982381812826
35.0	15.0	1.0742481586213595
35.0	16.25	1.090515293151178
35.0	17.5	1.300561516971345
35.0	18.75	2.0424368094961682
35.0	20.0	4.849324997078812
36.25	17.5	4.368384734234805
36.25	16.25	2.186746088222476
36.25	15.0	1.374653448791662
36.25	13.75	1.1695621194721966
36.25	12.5	1.0758363704191076
36.25	11.25	1.0885811934868208
36.25	10.0	1.287719183697127
36.25	8.75	1.6170794023837844
36.25	7.5	1.6344403802050476
36.25	6.25	1.5355566490759456
36.25	5.0	1.3793185313256817
36.25	3.75	1.2473622713116148
36.25	2.5	1.1474498347250677
36.25	1.25	1.1102137768466722
36.25	-0.0	1.0924126618699095
36.25	-1.25	1.0899168319736408
36.25	-2.5	1.0689730266095223
36.25	-3.75	1.0786960492454947
36.25	-5.0	1.0767762398934364
36.25	-6.25	1.1284855746092814
36.25	-7.5	1.150360746727653
36.25	-8.75	1.1879143490466149
36.25	-10.0	1.2062833636397086
36.25	-11.25	1.1560055939387759
36.25	-12.5	1.0667027467604555
36.25	-13.75	1.076334728117466
36.25	-15.0	1.1655346074158377
36.25	-16.25	1.2356377747380076
36.25	-17.5	1.6400072821876925
37.5	-15.0	2.4957575862077785
37.5	-13.75	1.5579514514170807
37.5	-12.5	1.3882681367366745
37.5	-11.25	1.290555008989167
37.5	-10.0	1.1950254219097465
37.5	-8.75	1.150495238312148
37.5	-7.5	1.146146535494216
37.5	-6.25	1.1984287165162621
37.5	-5.0	1.262247375646215
37.5	-3.75	1.3253033670976055
37.5	-2.5	1.370912437705691
37.5	-1.25	1.411201977478238
37.5	0.0	1.435195367334856
37.5	1.25	1.4472696624206254
37.5	2.5	1.4188463229916373
37.5	3.75	1.3570047971164918
37.5	5.0	1.2307017332290222
37.5	6.25	1.1561325842746246
37.5	7.5	1.12944929281886
37.5	8.75	1.1301369739417702
37.5	10.0	1.2076464158880071
37.5	11.25	1.3521663046339878
37.5	12.5	1.5712010826205427
37.5	13.75	4.999999999987759
37.5	15.0	3.947900177890478
38.75	11.25	4.5826577515983615
38.75	10.0	2.6134180309587816
38.75	8.75	1.9816264705899913
38.75	7.5	1.5333141520666942
38.75	6.25	1.4236763735147235
38.75	5.0	1.3675716467213768
38.75	3.75	1.3312746298347298
38.75	2.5	1.3010022655555575
38.75	1.25	1.2890046987465267
38.75	-0.0	1.3074562078535266
38.75	-1.25	1.3117106355368566
38.75	-2.5	1.3452245194136117
38.75	-3.75	1.3653157109611636
38.75	-5.0	1.4248181586225623
38.75	-6.25	1.4590078462660543
38.75	-7.5	1.4711778627985268
38.75	-8.75	1.5439337289954382
38.75	-10.0	1.7959345056110854
38.75	-11.25	2.5005104867284995
40.0	-6.25	3.0116757800543947
40.0	-5.0	3.9533318607145187
40.0	-3.75	3.514496749598637
40.0	-2.5	2.8790893771749273
40.0	-1.25	2.8117917164192505
40.0	0.0	3.1038043207762946
40.0	1.25	3.0652548698627946
40.0	2.5	3.9566700593353588
40.0	3.75	3.816420516383804
40.0	5.0	4.272289030289496
40.0	6.25	3.142904397697329
