-40.0	6.25	2.5268353627524913
-40.0	5.0	3.08182159018817
-40.0	3.75	2.931720374212742
-40.0	2.5	2.217308706148561
-40.0	1.25	2.0804416944907
-40.0	-0.0	1.9420237733952366
-40.0	-1.25	1.8729605483363931
-40.0	-2.5	1.8707216844753027
-40.0	-3.75	1.9212495854531912
-40.0	-5.0	2.29828667301045
-40.0	-6.25	2.1582940790742624
-38.75	-11.25	1.7762343388368587
-38.75	-10.0	1.4929149555564756
-38.75	-8.75	1.4253049759701808
-38.75	-7.5	1.4404060225678794
-38.75	-6.25	1.414501185991015
-38.75	-5.0	1.4075765693306197
-38.75	-3.75	1.3941502212187764
-38.75	-2.5	1.3791029722297345
-38.75	-1.25	1.352218219689104
-38.75	0.0	1.3579856025563508
-38.75	1.25	1.3568603101399255
-38.75	2.5	1.3687936889097152
-38.75	3.75	1.3966589098698563
-38.75	5.0	1.4428862161107814
-38.75	6.25	1.5376449564628736
-38.75	7.5	1.6592700374316696
-38.75	8.75	1.8545856881315164
-38.75	10.0	3.040112646203063
-38.75	11.25	2.2745864579880273
-37.5	15.0	2.2031595196582154
-37.5	13.75	3.55793648113497
-37.5	12.5	1.7660968324427913
-37.5	11.25	1.5019880149145193
-37.5	10.0	1.304372000457481
-37.5	8.75	1.2082593336442047
-37.5	7.5	1.2121258157109374
-37.5	6.25	1.250704137441371
-37.5	5.0	1.383265265354141
-37.5	3.75	1.5053898280817535
-37.5	2.5	1.5108661253441191
-37.5	1.25	1.5158253250089837
-37.5	-0.0	1.4956560516291724
-37.5	-1.25	1.4425499861282587
-37.5	-2.5	1.4384881491827874
-37.5	-3.75	1.3929022914056581
-37.5	-5.0	1.3170779238454209
-37.5	-6.25	1.2475071871870629
-37.5	-7.5	1.1469438667276552
-37.5	-8.75	1.1488389695965946
-37.5	-10.0	1.179202759029474
-37.5	-11.25	1.2750516496475228
-37.5	-12.5	1.367087104245046
-37.5	-13.75	1.4041556276521163
-37.5	-15.0	1.9290187702917372
-36.25	-17.5	1.6636989387148438
-36.25	-16.25	1.3013248419567214
-36.25	-15.0	1.1571354975940125
-36.25	-13.75	1.0567468799167736
-36.25	-12.5	1.039339629134778
-36.25	-11.25	1.1668900085209195
-36.25	-10.0	1.2802864384153034
-36.25	-8.75	1.325603110006604
-36.25	-7.5	1.2919183596668233
-36.25	-6.25	1.233060701940179
-36.25	-5.0	1.1899004886791094
-36.25	-3.75	1.1605480868922937
-36.25	-2.5	1.1657245569295167
-36.25	-1.25	1.1555460801222894
-36.25	0.0	1.1408485122900185
-36.25	1.25	1.1498191437370542
-36.25	2.5	1.217017325427122
-36.25	3.75	1.2859486728029381
-36.25	5.0	1.457479717226196
-36.25	6.25	1.6648010281556331
-36.25	7.5	1.8196752982110773
-36.25	8.75	1.8458384257435378
-36.25	10.0	1.494336215888632
-36.25	11.25	1.2184492942096412
-36.25	12.5	1.1535374043034619
-36.25	13.75	1.2639879949811306
-36.25	15.0	1.5029881709503705
-36.25	16.25	2.2775925555478462
-36.25	17.5	2.412816311746356
-35.0	20.0	2.1970962928313114
-35.0	18.75	2.3288116459175177
-35.0	17.5	1.39984061525025
-35.0	16.25	1.1729393034130373
-35.0	15.0	1.140028339874167
-35.0	13.75	1.4239032530345188
-35.0	12.5	1.831247387691791
-35.0	11.25	1.8465155073497002
-35.0	10.0	1.5017674964042227
-35.0	8.75	1.2835228139101122
-35.0	7.5	1.2656176682000622
-35.0	6.25	1.231194156989865
-35.0	5.0	1.1697752460319002
-35.0	3.75	1.1642098573126622
-35.0	2.5	1.1572332428051109
-35.0	1.25	1.1471133365224242
-35.0	-0.0	1.1295308421545744
-35.0	-1.25	1.152382281977208
-35.0	-2.5	1.138996887063735
-35.0	-3.75	1.1573229151356834
-35.0	-5.0	1.177457114424108
-35.0	-6.25	1.180592572745482
-35.0	-7.5	1.1796811518028143
-35.0	-8.75	1.1411303562056405
-35.0	-10.0	1.0936091212195187
-35.0	-11.25	1.142879965268138
-35.0	-12.5	1.1938580883314156
-35.0	-13.75	1.1800231254385078
-35.0	-15.0	1.049394991202619
-35.0	-16.25	0.9945431694191074
-35.0	-17.5	1.0216004605224658
-35.0	-18.75	1.1896241618257184
-35.0	-20.0	1.7093081922137863
-33.75	-21.25	1.2424905698961979
-33.75	-20.0	0.9900144769351504
-33.75	-18.75	0.9334921270450263
-33.75	-17.5	1.0179205728828036
-33.75	-16.25	1.108992323137727
-33.75	-15.0	1.0985360010070453
-33.75	-13.75	1.0592064282956581
-33.75	-12.5	1.1352635022049622
-33.75	-11.25	1.1983886104270276
-33.75	-10.0	1.1140431133127358
-33.75	-8.75	1.0326655222061127
-33.75	-7.5	0.9911582633995986
-33.75	-6.25	0.968572365380858
-33.75	-5.0	0.9752848519031048
-33.75	-3.75	0.9882578855221746
-33.75	-2.5	0.9946631814348788
-33.75	-1.25	0.9992211394046286
-33.75	0.0	1.0268857685830728
-33.75	1.25	1.0341180183316219
-33.75	2.5	1.0219434851737308
-33.75	3.75	1.0487692429257098
-33.75	5.0	1.0458325779944975
-33.75	6.25	1.0894988409826958
-33.75	7.5	1.2129481672361369
-33.75	8.75	1.2524789516425514
-33.75	10.0	1.2480911101721013
-33.75	11.25	1.3490061003596887
-33.75	12.5	1.3504911468504517
-33.75	13.75	1.6380111139681173
-33.75	15.0	2.0837575322142836
-33.75	16.25	1.5402785653969264
-33.75	17.5	1.1195621929202746
-33.75	18.75	1.1463189885420437
-33.75	20.0	1.4589670303582132
-33.75	21.25	3.425634214908749
-32.5	23.75	2.202623150499523
-32.5	22.5	1.8740204303066124
-32.5	21.25	1.2393747872476446
-32.5	20.0	1.0647996136369766
-32.5	18.75	1.294667381810644
-32.5	17.5	1.8350262662258707
-32.5	16.25	1.561666895932749
-32.5	15.0	1.4289347092317906
-32.5	13.75	1.355951075840296
-32.5	12.5	1.3208840527067647
-32.5	11.25	1.2505504674571348
-32.5	10.0	1.1274577420072518
-32.5	8.75	1.06722102570905
-32.5	7.5	1.0494819493330336
-32.5	6.25	0.9752002183781769
-32.5	5.0	0.951452858340418
-32.5	3.75	0.9262801918430768
-32.5	2.5	0.9248548333961395
-32.5	1.25	0.9153803976686428
-32.5	-0.0	0.9359633241204621
-32.5	-1.25	0.958554853063676
-32.5	-2.5	0.9380662747142399
-32.5	-3.75	0.9572445614791114
-32.5	-5.0	0.9723060839626463
-32.5	-6.25	0.98066558404056
-32.5	-7.5	1.0043212392540424
-32.5	-8.75	1.0211370771395947
-32.5	-10.0	1.02288320853667
-32.5	-11.25	1.0137406291027435
-32.5	-12.5	1.0148194492246754
-32.5	-13.75	1.122842807677518
-32.5	-15.0	1.1160120452318782
-32.5	-16.25	1.0488102455084736
-32.5	-17.5	1.0563276070816885
-32.5	-18.75	1.0771128508146575
-32.5	-20.0	0.9748328458612701
-32.5	-21.25	0.9216649174639766
-32.5	-22.5	1.0124371347552845
-32.5	-23.75	1.7729828174219833
-31.25	-25.0	1.4231483388701482
-31.25	-23.75	0.9388437513374281
-31.25	-22.5	0.8936254242699428
-31.25	-21.25	1.012464833007657
-31.25	-20.0	1.0241151518232439
-31.25	-18.75	1.0319557503324148
-31.25	-17.5	1.0693514009819953
-31.25	-16.25	1.06604568649042
-31.25	-15.0	1.0324699502276191
-31.25	-13.75	1.0490482640996177
-31.25	-12.5	1.0497180671106774
-31.25	-11.25	1.0280389539048844
-31.25	-10.0	1.031003671551952
-31.25	-8.75	1.025277700533227
-31.25	-7.5	1.0506888809237713
-31.25	-6.25	1.0632705572728076
-31.25	-5.0	1.061780111173471
-31.25	-3.75	1.0559975425081172
-31.25	-2.5	1.0418653648348384
-31.25	-1.25	1.0483670455289467
-31.25	0.0	1.084133559664818
-31.25	1.25	1.0646135287847596
-31.25	2.5	1.062783189574855
-31.25	3.75	1.0432066097530601
-31.25	5.0	1.0191596578355266
-31.25	6.25	0.9981384487242106
-31.25	7.5	0.9661942657493716
-31.25	8.75	0.9478794267184583
-31.25	10.0	1.0101143385062858
-31.25	11.25	1.1081010757956093
-31.25	12.5	1.128611119669504
-31.25	13.75	1.2169790516812409
-31.25	15.0	1.3786159449854987
-31.25	16.25	1.460581855412622
-31.25	17.5	1.435662114424117
-31.25	18.75	1.7679601671516494
-31.25	20.0	1.7430469157359143
-31.25	21.25	1.1066784312150197
-31.25	22.5	1.1109172522416513
-31.25	23.75	1.5092446150769963
-31.25	25.0	2.3010784457031264
-30.0	26.25	2.2729282901075294
-30.0	25.0	1.4004407187680767
-30.0	23.75	1.0981730695842318
-30.0	22.5	1.2205002824695201
-30.0	21.25	1.7337491641415
-30.0	20.0	1.4058883371078812
-30.0	18.75	1.5601183116839588
-30.0	17.5	1.4760259007024885
-30.0	16.25	1.2828661717224623
-30.0	15.0	1.165181701622135
-30.0	13.75	1.1162725649756506
-30.0	12.5	1.0109115213779702
-30.0	11.25	0.9520221049101698
-30.0	10.0	0.9993553254792173
-30.0	8.75	1.0357870125370194
-30.0	7.5	1.030932727642682
-30.0	6.25	0.9810582416749014
-30.0	5.0	0.983755963336236
-30.0	3.75	0.966647467409393
-30.0	2.5	0.974921947146548
-30.0	1.25	0.965886825218945
-30.0	-0.0	0.9606930748565548
-30.0	-1.25	0.9542338296548101
-30.0	-2.5	0.9730512834830822
-30.0	-3.75	0.9752423580141834
-30.0	-5.0	0.9755676440271097
-30.0	-6.25	1.0080217672736858
-30.0	-7.5	1.028526113353153
-30.0	-8.75	1.0716389994624915
-30.0	-10.0	1.0821029690937163
-30.0	-11.25	1.105760815792176
-30.0	-12.5	1.0831443931246962
-30.0	-13.75	1.0701489029559497
-30.0	-15.0	1.0765161214885985
-30.0	-16.25	1.0792693801627724
-30.0	-17.5	1.0316359470093692
-30.0	-18.75	1.0469607531884693
-30.0	-20.0	1.0293031331025029
-30.0	-21.25	0.986861778524827
-30.0	-22.5	0.9951140393016562
-30.0	-23.75	0.9114042714403956
-30.0	-25.0	0.9222302153274073
-30.0	-26.25	1.358552854292511
-28.75	-27.5	1.3756963167026584
-28.75	-26.25	0.9263887558969071
-28.75	-25.0	0.9313853467281419
-28.75	-23.75	1.000353370627467
-28.75	-22.5	0.9781005144640575
-28.75	-21.25	1.0375182374053393
-28.75	-20.0	1.0282899922973723
-28.75	-18.75	1.1096708754899565
-28.75	-17.5	1.1377806097896244
-28.75	-16.25	1.1107776413348622
-28.75	-15.0	1.1263315549667885
-28.75	-13.75	1.1229248457409113
-28.75	-12.5	1.0891738685291905
-28.75	-11.25	1.03374970024133
-28.75	-10.0	0.9977404584454703
-28.75	-8.75	0.9648127012382783
-28.75	-7.5	0.9490151282397168
-28.75	-6.25	0.9364270365597225
-28.75	-5.0	0.9468828943634868
-28.75	-3.75	0.9307505666178582
-28.75	-2.5	0.970140474657244
-28.75	-1.25	0.9685527871750201
-28.75	0.0	0.9723954402336688
-28.75	1.25	0.9577337580778655
-28.75	2.5	0.9788891179360473
-28.75	3.75	0.9660803403162426
-28.75	5.0	0.9637948292796761
-28.75	6.25	0.9562375654616764
-28.75	7.5	0.9553165023350951
-28.75	8.75	0.960645654120559
-28.75	10.0	0.9404359297989737
-28.75	11.25	1.0272303810432204
-28.75	12.5	1.032619306364662
-28.75	13.75	0.9807324793847112
-28.75	15.0	1.021293795262281
-28.75	16.25	1.1701546090272625
-28.75	17.5	1.1999259236152993
-28.75	18.75	1.3829371453475474
-28.75	20.0	1.5922129627381922
-28.75	21.25	1.317321114718819
-28.75	22.5	1.8457349999679895
-28.75	23.75	1.2430772721676195
-28.75	25.0	1.0718852397446224
-28.75	26.25	1.2963101086206583
-28.75	27.5	2.645487323222744
-27.5	28.75	2.468653924635012
-27.5	27.5	1.2790265766922317
-27.5	26.25	1.0574828047484903
-27.5	25.0	1.5656877694231417
-27.5	23.75	1.593411577922744
-27.5	22.5	1.58551753476082
-27.5	21.25	1.5847139811288677
-27.5	20.0	1.328566269099836
-27.5	18.75	1.2120546068160252
-27.5	17.5	1.0935024150400778
-27.5	16.25	1.006731775168003
-27.5	15.0	1.0331523714606963
-27.5	13.75	1.0297996936450033
-27.5	12.5	0.9464600613526386
-27.5	11.25	0.956297320773273
-27.5	10.0	0.965074390118823
-27.5	8.75	0.9515178468412913
-27.5	7.5	0.9739212931946595
-27.5	6.25	0.9948630181541995
-27.5	5.0	0.9881750897581618
-27.5	3.75	0.9788414100032838
-27.5	2.5	1.0280847681953453
-27.5	1.25	1.0263021370315997
-27.5	-0.0	1.005631753323895
-27.5	-1.25	1.0126283957477389
-27.5	-2.5	0.9779803808039444
-27.5	-3.75	0.9937551556225799
-27.5	-5.0	1.0196478440503434
-27.5	-6.25	1.0425620138433338
-27.5	-7.5	1.0316119862112307
-27.5	-8.75	0.9973124821731556
-27.5	-10.0	0.9558871808677161
-27.5	-11.25	0.9511584515487179
-27.5	-12.5	0.9753225209782741
-27.5	-13.75	1.0292165417089416
-27.5	-15.0	1.0964626658662722
-27.5	-16.25	1.1448972059396745
-27.5	-17.5	1.1655351769866549
-27.5	-18.75	1.1575084772667452
-27.5	-20.0	1.1748504348511783
-27.5	-21.25	1.073346783315766
-27.5	-22.5	1.0157328670661592
-27.5	-23.75	0.9901759595996671
-27.5	-25.0	0.984202310511078
-27.5	-26.25	0.9115506043287178
-27.5	-27.5	0.8995596455761774
-27.5	-28.75	1.442537743432128
-26.25	-30.0	2.020462922632653
-26.25	-28.75	0.9240366314226982
-26.25	-27.5	0.8961753782520256
-26.25	-26.25	0.9375751804367338
-26.25	-25.0	0.9481247034230549
-26.25	-23.75	1.0003947690905264
-26.25	-22.5	1.1178150770476307
-26.25	-21.25	1.198827601410546
-26.25	-20.0	1.1863963038089667
-26.25	-18.75	1.1915712912983523
-26.25	-17.5	1.1282803549261864
-26.25	-16.25	1.0233375051170253
-26.25	-15.0	0.9557944185170575
-26.25	-13.75	0.9347304376278052
-26.25	-12.5	0.9778000215860576
-26.25	-11.25	1.015196149661179
-26.25	-10.0	0.9860579481370735
-26.25	-8.75	1.0104526026016085
-26.25	-7.5	1.0136377636433869
-26.25	-6.25	0.9951381823909378
-26.25	-5.0	1.0163833462118257
-26.25	-3.75	1.0274378011322476
-26.25	-2.5	1.0351539587678396
-26.25	-1.25	1.0533101510653653
-26.25	0.0	1.0878032704830511
-26.25	1.25	1.1133413864792203
-26.25	2.5	1.1217617265402176
-26.25	3.75	1.0774480861749698
-26.25	5.0	1.016484819814588
-26.25	6.25	1.0118095572918717
-26.25	7.5	1.0344762661094773
-26.25	8.75	0.9884831543444141
-26.25	10.0	0.9850478347870117
-26.25	11.25	0.9826346743068655
-26.25	12.5	0.9466741483589338
-26.25	13.75	0.9297648368384612
-26.25	15.0	0.9336018162735691
-26.25	16.25	1.0582021487813318
-26.25	17.5	1.0153874515607608
-26.25	18.75	1.0273045583992433
-26.25	20.0	1.236778357523205
-26.25	21.25	1.287099811003741
-26.25	22.5	1.5578203586899075
-26.25	23.75	1.6634558206935512
-26.25	25.0	1.5056603037274172
-26.25	26.25	1.5301417301071503
-26.25	27.5	1.0631444138875956
-26.25	28.75	1.3289393011512622
-26.25	30.0	2.249974880484179
-25.0	31.25	2.0817770413845524
-25.0	30.0	1.4093035389468174
-25.0	28.75	1.0688584584252645
-25.0	27.5	1.5192850797200617
-25.0	26.25	1.5543038756461574
-25.0	25.0	1.6945521166601392
-25.0	23.75	1.5535612894321797
-25.0	22.5	1.2894687100089852
-25.0	21.25	1.2202345225069609
-25.0	20.0	1.0108313577229664
-25.0	18.75	1.047811148280152
-25.0	17.5	0.9332002775948434
-25.0	16.25	0.9248248367952172
-25.0	15.0	0.9331075380214227
-25.0	13.75	0.9577415595375864
-25.0	12.5	0.9778694652321898
-25.0	11.25	0.9869261514719714
-25.0	10.0	1.0491174179156273
-25.0	8.75	1.0320816270735342
-25.0	7.5	1.2485106152469871
-25.0	6.25	1.3637157266212014
-25.0	5.0	1.2802822336032698
-25.0	3.75	1.1868616135968182
-25.0	2.5	1.069505163562896
-25.0	1.25	1.0079236746481
-25.0	-0.0	0.9324101941741203
-25.0	-1.25	0.9313434206081981
-25.0	-2.5	0.9130567917881196
-25.0	-3.75	0.9125841451697809
-25.0	-5.0	0.9266546195090957
-25.0	-6.25	0.9509533265807129
-25.0	-7.5	0.9892491931247491
-25.0	-8.75	1.050982772182123
-25.0	-10.0	0.9500640911505602
-25.0	-11.25	0.9650034237136937
-25.0	-12.5	0.9492180962620917
-25.0	-13.75	0.9717086963118788
-25.0	-15.0	0.9613014893954785
-25.0	-16.25	0.9221346888466542
-25.0	-17.5	0.9607793665371469
-25.0	-18.75	1.0619731172066498
-25.0	-20.0	1.1794212740842145
-25.0	-21.25	1.2179507128718665
-25.0	-22.5	1.218445086209563
-25.0	-23.75	1.1602205316721133
-25.0	-25.0	0.9671868614191803
-25.0	-26.25	0.9585190173356359
-25.0	-27.5	0.9077142598609207
-25.0	-28.75	0.894553894209503
-25.0	-30.0	0.9862948462345491
-25.0	-31.25	2.3903116290367503
-23.75	-32.5	2.4791524697513276
-23.75	-31.25	1.1938121374537625
-23.75	-30.0	0.8812057278072629
-23.75	-28.75	0.9255510222762542
-23.75	-27.5	0.9550425725092504
-23.75	-26.25	0.9397425858923061
-23.75	-25.0	1.1765098416358812
-23.75	-23.75	1.2415248847891336
-23.75	-22.5	1.2496616094514321
-23.75	-21.25	1.1657150615521221
-23.75	-20.0	1.0119444201451362
-23.75	-18.75	0.9195924740917611
-23.75	-17.5	0.9259354982555079
-23.75	-16.25	0.9281862882111982
-23.75	-15.0	0.918637306978515
-23.75	-13.75	0.9249674943475288
-23.75	-12.5	0.9502729659254214
-23.75	-11.25	0.9585697578045904
-23.75	-10.0	0.9053951784307825
-23.75	-8.75	0.8910534870388442
-23.75	-7.5	0.8840574564485522
-23.75	-6.25	0.8749514038206865
-23.75	-5.0	0.8608749111420799
-23.75	-3.75	0.8713025984335214
-23.75	-2.5	0.8547222704631672
-23.75	-1.25	0.8839725069191751
-23.75	0.0	0.8736008215258799
-23.75	1.25	0.8841759856808062
-23.75	2.5	0.8926258693406126
-23.75	3.75	0.8866448490345524
-23.75	5.0	0.9287465184707848
-23.75	6.25	1.025444934995452
-23.75	7.5	1.1791233950511284
-23.75	8.75	1.2747432859298051
-23.75	10.0	1.2249470340322528
-23.75	11.25	1.0418218893890971
-23.75	12.5	1.036176805728326
-23.75	13.75	0.9657392276082319
-23.75	15.0	0.9545689591108797
-23.75	16.25	0.9234364315934949
-23.75	17.5	0.9197675251546054
-23.75	18.75	0.92099703519699
-23.75	20.0	1.067361997390881
-23.75	21.25	1.0126700639014903
-23.75	22.5	1.225484752311167
-23.75	23.75	1.320183543952968
-23.75	25.0	1.5590068579223129
-23.75	26.25	1.631143779323211
-23.75	27.5	1.3763969554390236
-23.75	28.75	1.3403731331320472
-23.75	30.0	1.0563208547396297
-23.75	31.25	1.7141491505170876
-23.75	32.5	1.9774370982795837
-22.5	32.5	2.554796435133202
-22.5	31.25	1.1098831343145141
-22.5	30.0	1.0564978875297903
-22.5	28.75	1.34444032790638
-22.5	27.5	1.4386902623199038
-22.5	26.25	1.6123594707661422
-22.5	25.0	1.3326217094195805
-22.5	23.75	1.2407359675099672
-22.5	22.5	1.031171574805013
-22.5	21.25	1.0728630222592939
-22.5	20.0	0.9285988882915808
-22.5	18.75	0.9152902510279972
-22.5	17.5	0.9058820577147566
-22.5	16.25	0.9361269422715424
-22.5	15.0	0.9693993601105433
-22.5	13.75	0.972421501257104
-22.5	12.5	1.0643367303213838
-22.5	11.25	1.0798669927868998
-22.5	10.0	0.9720692865884359
-22.5	8.75	0.9289745409400414
-22.5	7.5	0.9131926133044797
-22.5	6.25	0.8965452278356256
-22.5	5.0	0.8927111537406676
-22.5	3.75	0.9374138832410726
-22.5	2.5	0.9642947427928084
-22.5	1.25	0.9612085384799327
-22.5	-0.0	0.9713827686766674
-22.5	-1.25	0.9488114052737986
-22.5	-2.5	0.9752443769070629
-22.5	-3.75	0.9638262396420227
-22.5	-5.0	0.935591283419976
-22.5	-6.25	0.9092279623697275
-22.5	-7.5	0.8763073139538875
-22.5	-8.75	0.864159649404403
-22.5	-10.0	0.8812427166305774
-22.5	-11.25	0.90250284641645
-22.5	-12.5	0.9121666842747977
-22.5	-13.75	1.0513136845394282
-22.5	-15.0	0.94430476461977
-22.5	-16.25	0.9037125337748932
-22.5	-17.5	0.9176026541454698
-22.5	-18.75	0.9050287545973106
-22.5	-20.0	0.9059977737750593
-22.5	-21.25	0.9724400641896738
-22.5	-22.5	1.160030853351504
-22.5	-23.75	1.268509530978676
-22.5	-25.0	1.252152808752295
-22.5	-26.25	1.1495955773069335
-22.5	-27.5	0.9538781715698548
-22.5	-28.75	0.9338345614747716
-22.5	-30.0	0.9058115109190581
-22.5	-31.25	0.9244370033882596
-22.5	-32.5	1.8973640967007839
-21.25	-33.75	2.3266945816186606
-21.25	-32.5	1.0109023775926218
-21.25	-31.25	0.950248464720957
-21.25	-30.0	0.9171497349406623
-21.25	-28.75	0.949946491833443
-21.25	-27.5	1.1287105703189155
-21.25	-26.25	1.2767866391578764
-21.25	-25.0	1.2659410987183666
-21.25	-23.75	1.1636113346755064
-21.25	-22.5	0.9565691633459235
-21.25	-21.25	0.9174211583390726
-21.25	-20.0	0.9094469109232692
-21.25	-18.75	0.9104026941729373
-21.25	-17.5	0.9136143640149825
-21.25	-16.25	1.0287847726661319
-21.25	-15.0	0.9277340708635373
-21.25	-13.75	0.8670671687418476
-21.25	-12.5	0.8641247890541095
-21.25	-11.25	0.8577450468319938
-21.25	-10.0	0.8887685083775798
-21.25	-8.75	0.9064179546049855
-21.25	-7.5	0.9214204338241974
-21.25	-6.25	0.9250303126466104
-21.25	-5.0	0.916455923886744
-21.25	-3.75	0.9079899415336792
-21.25	-2.5	0.9060999221533317
-21.25	-1.25	0.8947401833366175
-21.25	0.0	0.8878543245108155
-21.25	1.25	0.9138944766976307
-21.25	2.5	0.941441930243041
-21.25	3.75	0.9414620791140909
-21.25	5.0	0.9623812010827493
-21.25	6.25	0.9751426642334469
-21.25	7.5	0.9408470073019188
-21.25	8.75	0.9136566350262818
-21.25	10.0	0.9230964190606432
-21.25	11.25	0.927957340793446
-21.25	12.5	0.9481470634934572
-21.25	13.75	1.01028502589263
-21.25	15.0	0.9654303774038038
-21.25	16.25	0.9577264193193482
-21.25	17.5	0.9370886551118849
-21.25	18.75	0.9035321640688991
-21.25	20.0	0.9144886477025622
-21.25	21.25	0.9305640210630735
-21.25	22.5	1.0094483135645902
-21.25	23.75	1.0516122026846384
-21.25	25.0	1.2811042361581118
-21.25	26.25	1.423311945359985
-21.25	27.5	-1.7067796977471272
-21.25	28.75	1.315943449466488
-21.25	30.0	1.4312293272133285
-21.25	31.25	1.0332336748500959
-21.25	32.5	1.3156519511055347
-21.25	33.75	1.9739614382345438
-20.0	35.0	1.8842449951801665
-20.0	33.75	1.8237472496813236
-20.0	32.5	1.05468657529633
-20.0	31.25	1.5103265049519168
-20.0	30.0	1.4945378354923422
-20.0	28.75	1.715467112596965
-20.0	27.5	1.5168192596485301
-20.0	26.25	1.3141318217713671
-20.0	25.0	1.0628525003992113
-20.0	23.75	1.1129040069773568
-20.0	22.5	0.9397058865058847
-20.0	21.25	0.9096609802488516
-20.0	20.0	0.9026299577418317
-20.0	18.75	0.96410805579879
-20.0	17.5	0.9818252245338019
-20.0	16.25	0.9613122639682858
-20.0	15.0	0.975459707594557
-20.0	13.75	0.9421770212755032
-20.0	12.5	0.9232816986614605
-20.0	11.25	0.9258117431917405
-20.0	10.0	0.9661633633878441
-20.0	8.75	1.0011037790434294
-20.0	7.5	0.9515495266942207
-20.0	6.25	0.9366326428817651
-20.0	5.0	0.9273238864263567
-20.0	3.75	0.9077064131566797
-20.0	2.5	0.895761762553847
-20.0	1.25	0.9149885418250472
-20.0	-0.0	0.912910898579983
-20.0	-1.25	0.8994678644115295
-20.0	-2.5	0.8886879294323098
-20.0	-3.75	0.8813079266438919
-20.0	-5.0	0.880358962171643
-20.0	-6.25	0.8736372678445079
-20.0	-7.5	0.8880058843250103
-20.0	-8.75	0.8793192890472623
-20.0	-10.0	0.8818541153624633
-20.0	-11.25	0.8882746945742026
-20.0	-12.5	0.8850317371296779
-20.0	-13.75	0.8495561608398656
-20.0	-15.0	0.8578078848500201
-20.0	-16.25	0.8820502838374509
-20.0	-17.5	1.0091635811998758
-20.0	-18.75	0.9010540645827438
-20.0	-20.0	0.8876999297387922
-20.0	-21.25	0.9201862307111464
-20.0	-22.5	0.8980269334674791
-20.0	-23.75	0.9816599526190473
-20.0	-25.0	1.1637861894795885
-20.0	-26.25	1.2844092807772611
-20.0	-27.5	1.2858582079823844
-20.0	-28.75	1.0572417826690783
-20.0	-30.0	0.9634064148879542
-20.0	-31.25	0.8617964386057402
-20.0	-32.5	0.8994479667795829
-20.0	-33.75	1.6898508329501354
-20.0	-35.0	2.2713331340111704
-18.75	-35.0	2.5058106506044258
-18.75	-33.75	1.0192898788259708
-18.75	-32.5	0.9145819882430004
-18.75	-31.25	0.9357372986233408
-18.75	-30.0	0.9829774129586513
-18.75	-28.75	1.2748630918442192
-18.75	-27.5	1.2998702990682869
-18.75	-26.25	1.2096152607439752
-18.75	-25.0	0.9967407012380027
-18.75	-23.75	0.8919809327516521
-18.75	-22.5	0.8944610245535394
-18.75	-21.25	0.8921190982688598
-18.75	-20.0	0.8912685936705813
-18.75	-18.75	0.891672968114622
-18.75	-17.5	0.8682264422108208
-18.75	-16.25	0.8606081720632393
-18.75	-15.0	0.8642818827258827
-18.75	-13.75	0.8697403376155499
-18.75	-12.5	0.8899020724099405
-18.75	-11.25	0.8679371110310079
-18.75	-10.0	0.8677917248614095
-18.75	-8.75	0.8680508291490572
-18.75	-7.5	0.8744348309538932
-18.75	-6.25	0.8889423511447152
-18.75	-5.0	0.9068900060970115
-18.75	-3.75	0.9315135071049969
-18.75	-2.5	0.9374916188686333
-18.75	-1.25	0.9053079020146111
-18.75	0.0	0.9238568931243565
-18.75	1.25	0.9717283543791222
-18.75	2.5	0.9558425823579544
-18.75	3.75	0.9635292815673333
-18.75	5.0	0.9868616717187697
-18.75	6.25	0.9825579281086458
-18.75	7.5	0.9492561222180305
-18.75	8.75	0.9663671369054816
-18.75	10.0	0.9704500557990752
-18.75	11.25	1.0103329200683762
-18.75	12.5	0.9486044518761805
-18.75	13.75	0.9301875081885953
-18.75	15.0	0.9509563733580322
-18.75	16.25	0.976189992108953
-18.75	17.5	0.9795194667443932
-18.75	18.75	0.9975787654669954
-18.75	20.0	0.9487111734283644
-18.75	21.25	0.9167669848228819
-18.75	22.5	0.9005230961260562
-18.75	23.75	0.951272796780513
-18.75	25.0	1.0869927095950533
-18.75	26.25	1.136725098167064
-18.75	27.5	1.33016186767599
-18.75	28.75	1.559091395873386
-18.75	30.0	1.5787357129450008
-18.75	31.25	1.544587172280111
-18.75	32.5	1.1756390345472658
-18.75	33.75	1.2071863439321167
-18.75	35.0	2.161564268615196
-17.5	36.25	1.825807334575992
-17.5	35.0	1.6551426286865407
-17.5	33.75	1.049256494052333
-17.5	32.5	1.5603661405722082
-17.5	31.25	1.38570453924049
-17.5	30.0	-1.6884024855787612
-17.5	28.75	1.4194916682989973
-17.5	27.5	1.2324879042804158
-17.5	26.25	1.0349150293446296
-17.5	25.0	0.9910979492493066
-17.5	23.75	0.9106845092817641
-17.5	22.5	0.9095543939805806
-17.5	21.25	0.9312248272177985
-17.5	20.0	0.991186623737419
-17.5	18.75	0.975818815470407
-17.5	17.5	0.9690744160922948
-17.5	16.25	0.9710274305059148
-17.5	15.0	0.952393476835697
-17.5	13.75	0.9724655224798866
-17.5	12.5	0.9974666506470822
-17.5	11.25	0.9652604974220127
-17.5	10.0	0.9826119295516902
-17.5	8.75	0.9509479395349469
-17.5	7.5	0.9419702980336888
-17.5	6.25	0.9385431452491364
-17.5	5.0	0.940044114056442
-17.5	3.75	0.9448668270998652
-17.5	2.5	0.952634419642461
-17.5	1.25	0.9390072520859558
-17.5	-0.0	0.9388609974934106
-17.5	-1.25	0.9292290920491952
-17.5	-2.5	0.9261055484830898
-17.5	-3.75	0.941821510797908
-17.5	-5.0	0.9398397851408848
-17.5	-6.25	0.9315968802478336
-17.5	-7.5	0.905415503080472
-17.5	-8.75	0.9046348875548897
-17.5	-10.0	0.8618135813789003
-17.5	-11.25	0.859623507696444
-17.5	-12.5	0.8576139974714074
-17.5	-13.75	0.86350176048912
-17.5	-15.0	0.8599274590854398
-17.5	-16.25	0.8634229479100819
-17.5	-17.5	0.8606643750554479
-17.5	-18.75	0.8735558190954782
-17.5	-20.0	0.8909005846362756
-17.5	-21.25	0.8885538005209952
-17.5	-22.5	0.9002670504600729
-17.5	-23.75	0.9121932051201203
-17.5	-25.0	0.8997212338733798
-17.5	-26.25	1.036479740980063
-17.5	-27.5	1.2491055360202017
-17.5	-28.75	1.3344734221098538
-17.5	-30.0	1.2097178032521754
-17.5	-31.25	0.9470670579858602
-17.5	-32.5	0.8819810818884193
-17.5	-33.75	0.9419984300862634
-17.5	-35.0	1.7518562661518775
-17.5	-36.25	2.2336762349580486
-16.25	-36.25	2.970702139893975
-16.25	-35.0	1.084990159594482
-16.25	-33.75	0.9104720697349675
-16.25	-32.5	0.9598412454810052
-16.25	-31.25	1.0504432397506598
-16.25	-30.0	1.3278833168455497
-16.25	-28.75	1.3122965646635132
-16.25	-27.5	1.1250221266101015
-16.25	-26.25	0.9006454559395642
-16.25	-25.0	0.8963212332676296
-16.25	-23.75	0.8898612319320822
-16.25	-22.5	0.8884806366389668
-16.25	-21.25	0.9194465363992226
-16.25	-20.0	0.8569942235731665
-16.25	-18.75	0.8529972330265405
-16.25	-17.5	0.8602363490959766
-16.25	-16.25	0.8601230894996874
-16.25	-15.0	0.8626146761653022
-16.25	-13.75	0.8529138542044601
-16.25	-12.5	0.8696459705865056
-16.25	-11.25	0.893948996845431
-16.25	-10.0	0.8902454072660415
-16.25	-8.75	0.9179608366378647
-16.25	-7.5	0.921959350320936
-16.25	-6.25	0.9342915772058813
-16.25	-5.0	0.9242705958400617
-16.25	-3.75	0.9372882861637706
-16.25	-2.5	0.9357799408946734
-16.25	-1.25	0.9357744713891183
-16.25	0.0	0.9537875716526409
-16.25	1.25	0.9660670971520453
-16.25	2.5	0.9732796594004611
-16.25	3.75	0.985271994697495
-16.25	5.0	0.9863768676284135
-16.25	6.25	0.9598910713355435
-16.25	7.5	1.0059933075213703
-16.25	8.75	0.9652831645263182
-16.25	10.0	0.946279931269574
-16.25	11.25	0.9934029842718974
-16.25	12.5	0.965724621471379
-16.25	13.75	0.9875521765020023
-16.25	15.0	0.9852296770849538
-16.25	16.25	0.9462992234496657
-16.25	17.5	0.9702815625788688
-16.25	18.75	0.9885161496602457
-16.25	20.0	0.9867098930910165
-16.25	21.25	1.0267108369894329
-16.25	22.5	0.9376726556845281
-16.25	23.75	0.9205563263972625
-16.25	25.0	0.9241240038195926
-16.25	26.25	1.046459908242209
-16.25	27.5	1.0830059714824092
-16.25	28.75	1.3174554762033575
-16.25	30.0	1.4993534497769714
-16.25	31.25	1.7240400196204622
-16.25	32.5	1.5357266914908312
-16.25	33.75	1.1613298514908266
-16.25	35.0	1.2128575793648189
-16.25	36.25	2.17285698417826
-15.0	37.5	1.9856545488780863
-15.0	36.25	1.855473333497761
-15.0	35.0	1.0589560821673114
-15.0	33.75	1.5170741594491872
-15.0	32.5	1.4531195114906579
-15.0	31.25	1.6624332291901869
-15.0	30.0	1.371052115688025
-15.0	28.75	1.1990076661635811
-15.0	27.5	1.0522147340942105
-15.0	26.25	0.9714928753745777
-15.0	25.0	0.9069887521649651
-15.0	23.75	0.9109972444630046
-15.0	22.5	0.9831431294078099
-15.0	21.25	0.9878122898232489
-15.0	20.0	1.020507308770445
-15.0	18.75	0.9783633452167333
-15.0	17.5	0.979621856073817
-15.0	16.25	0.981297993442749
-15.0	15.0	0.9961380109662414
-15.0	13.75	0.9639838449491309
-15.0	12.5	0.9952271232939243
-15.0	11.25	0.9596313145944109
-15.0	10.0	0.9494132689794448
-15.0	8.75	0.970188495953126
-15.0	7.5	0.9652522327724631
-15.0	6.25	0.9501997318458937
-15.0	5.0	0.956011757228385
-15.0	3.75	0.9549002237309541
-15.0	2.5	0.970221284057585
-15.0	1.25	0.9561311129217085
-15.0	-0.0	0.9372569812901688
-15.0	-1.25	0.9454854540677005
-15.0	-2.5	0.9203986515913973
-15.0	-3.75	0.9195458728720283
-15.0	-5.0	0.9182419021901982
-15.0	-6.25	0.9118794688563625
-15.0	-7.5	0.9062272824435365
-15.0	-8.75	0.9080390764538997
-15.0	-10.0	0.9008513299401368
-15.0	-11.25	0.8938934935817962
-15.0	-12.5	0.9312290143890776
-15.0	-13.75	0.8820810911271604
-15.0	-15.0	0.8535032145714876
-15.0	-16.25	0.8575581009739164
-15.0	-17.5	0.8488546589273307
-15.0	-18.75	0.8563210974320299
-15.0	-20.0	0.8584554007421854
-15.0	-21.25	0.8752328596950809
-15.0	-22.5	0.9670645325366136
-15.0	-23.75	0.8898811103666295
-15.0	-25.0	0.8912186472059371
-15.0	-26.25	0.9067668368791146
-15.0	-27.5	0.961169499541298
-15.0	-28.75	1.227889850201409
-15.0	-30.0	1.3771136132037558
-15.0	-31.25	1.2543844286773265
-15.0	-32.5	0.9542847677683133
-15.0	-33.75	0.8855966667330772
-15.0	-35.0	0.9739489012359881
-15.0	-36.25	2.380845797441687
-15.0	-37.5	2.326811153751396
-13.75	-37.5	2.4764923188312435
-13.75	-36.25	1.5164036923041024
-13.75	-35.0	0.946573412869137
-13.75	-33.75	0.9700031956961261
-13.75	-32.5	1.0484071821347962
-13.75	-31.25	1.3591014331847404
-13.75	-30.0	1.3336764398174825
-13.75	-28.75	1.0742052287908521
-13.75	-27.5	0.9028199999618529
-13.75	-26.25	0.9054637161954693
-13.75	-25.0	0.8819152295328712
-13.75	-23.75	0.9377205804086604
-13.75	-22.5	0.9065792119656022
-13.75	-21.25	0.8328105213339665
-13.75	-20.0	0.8407911004751085
-13.75	-18.75	0.8500258461914072
-13.75	-17.5	0.8399592791419996
-13.75	-16.25	0.8586023219770311
-13.75	-15.0	0.877118583458306
-13.75	-13.75	0.8864712556884875
-13.75	-12.5	0.8836274682972682
-13.75	-11.25	0.9046569102651061
-13.75	-10.0	0.9240435201394881
-13.75	-8.75	0.8896115368609241
-13.75	-7.5	0.8871771432896534
-13.75	-6.25	0.8907054384822191
-13.75	-5.0	0.8959957272407433
-13.75	-3.75	0.897557105738656
-13.75	-2.5	0.9185572004768456
-13.75	-1.25	0.9014420054749248
-13.75	0.0	0.9033216246139091
-13.75	2.5	0.9283849228278518
-13.75	3.75	0.9279807545576535
-13.75	5.0	0.9169791848009323
-13.75	6.25	0.9269658876823748
-13.75	7.5	0.9377054178570488
-13.75	8.75	0.9347279773870678
-13.75	10.0	0.953997843260666
-13.75	11.25	0.9455394150897867
-13.75	12.5	0.9724060005932635
-13.75	13.75	0.9981157344279135
-13.75	15.0	0.9825121087236779
-13.75	16.25	1.0352900682673933
-13.75	17.5	0.9895891072803407
-13.75	18.75	0.9894158585305037
-13.75	20.0	0.9851214667064649
-13.75	21.25	0.9937194516407857
-13.75	22.5	1.005152017706842
-13.75	23.75	0.9461590581087265
-13.75	25.0	0.8840203530066013
-13.75	26.25	0.9476535755958704
-13.75	27.5	1.0521031288731972
-13.75	28.75	1.093971676352373
-13.75	30.0	1.338025314024975
-13.75	31.25	1.5289753496398202
-13.75	32.5	1.7154257399058501
-13.75	33.75	1.5844372994751694
-13.75	35.0	1.0793821716689669
-13.75	36.25	1.3841126590233674
-13.75	37.5	2.285584203423509
-12.5	37.5	2.397718243026069
-12.5	36.25	1.136484783286667
-12.5	35.0	1.3428149281707649
-12.5	33.75	1.6081459778388174
-12.5	32.5	1.7574863496848412
-12.5	31.25	1.4187776358854176
-12.5	30.0	1.251578747119133
-12.5	28.75	1.058531253868762
-12.5	27.5	1.0134864863462125
-12.5	26.25	0.9233747034395003
-12.5	25.0	0.8998665015370966
-12.5	23.75	0.9922119865262635
-12.5	22.5	0.9949885450006342
-12.5	21.25	0.9677926660576759
-12.5	20.0	0.9902860689197732
-12.5	18.75	0.9813624737710889
-12.5	17.5	1.065753862774395
-12.5	16.25	1.0171540802499202
-12.5	15.0	1.0106939789254419
-12.5	13.75	0.9822106618274162
-12.5	12.5	0.9673268432118416
-12.5	11.25	0.9447024935266821
-12.5	10.0	0.9407182649512915
-12.5	8.75	0.9361868268914915
-12.5	7.5	0.9299609951365877
-12.5	6.25	0.9415726857715203
-12.5	5.0	0.9388555599922865
-12.5	3.75	0.9411465105403405
-12.5	2.5	0.9538117718352304
-12.5	1.25	0.9583339001691913
-12.5	-0.0	0.9424257980051731
-12.5	-1.25	0.9571414625288996
-12.5	-2.5	0.9808972601721226
-12.5	-3.75	0.9746731796005896
-12.5	-5.0	0.9671560421418199
-12.5	-6.25	0.9324044229062469
-12.5	-7.5	0.9071901243918905
-12.5	-8.75	0.8928132659204842
-12.5	-10.0	0.8879621112822145
-12.5	-11.25	0.8880374337947288
-12.5	-12.5	0.8752096513673102
-12.5	-13.75	0.8797255352071867
-12.5	-15.0	0.8927603248235894
-12.5	-16.25	0.868130099531986
-12.5	-17.5	0.8615674016954387
-12.5	-18.75	0.8500833397298297
-12.5	-20.0	0.8444009796588281
-12.5	21.25	0.9266713093192944
-12.5	22.5	0.9955082568775842
-12.5	23.75	1.0052839473020807
-12.5	25.0	0.9184002872055412
-12.5	26.25	0.9071133219868743
-12.5	27.5	0.9877806424474356
-12.5	28.75	1.0491458822257709
-12.5	30.0	1.2394846888328193
-12.5	31.25	1.3944149727559836
-12.5	32.5	1.7515091610718736
-12.5	33.75	1.6104594367266856
-12.5	35.0	1.338364854149722
-12.5	36.25	1.1540893486084345
-12.5	37.5	2.4494254742565778
-11.25	38.75	2.3855705720294367
-11.25	37.5	1.8743977601292858
-11.25	36.25	1.0259409652977727
-11.25	35.0	1.519358318745284
-11.25	33.75	1.5323853050005463
-11.25	32.5	1.656269641687694
-11.25	31.25	1.3171587550074007
-11.25	30.0	1.1589122313960107
-11.25	28.75	1.0765850509569521
-11.25	27.5	0.9556219274638069
-11.25	26.25	0.8962536939484886
-11.25	25.0	0.9485780299514506
-11.25	23.75	1.017293848503046
-11.25	22.5	0.9804083551443874
-11.25	21.25	0.9879612583223585
-11.25	20.0	0.994741173429019
-11.25	18.75	1.0478114771207467
-11.25	17.5	1.0328485752841488
-11.25	16.25	1.063247989351403
-11.25	15.0	0.9942486896984697
-11.25	13.75	0.9920387317011556
-11.25	12.5	0.9828206663396806
-11.25	11.25	0.9815854002201441
-11.25	10.0	0.9552112911161101
-11.25	8.75	0.9606933774259927
-11.25	7.5	0.922413825730148
-11.25	6.25	0.9355987780103883
-11.25	5.0	0.9244779300445449
-11.25	3.75	0.9253869003322359
-11.25	2.5	0.9229033330957215
-11.25	1.25	0.9208371028001778
-11.25	-0.0	0.9185554994636425
-11.25	-1.25	0.9166480066400018
-11.25	-2.5	0.9067455912566231
-11.25	-3.75	0.905584339550412
-11.25	-5.0	0.9068996428782548
-11.25	-6.25	0.9119683064032298
-11.25	-7.5	0.9111736830956874
-11.25	-8.75	0.89612629450595
-11.25	-10.0	0.8994568632771083
-11.25	-11.25	0.8980522558581203
-11.25	-12.5	0.8615005582605759
-11.25	-13.75	0.8721253105396389
-11.25	-15.0	0.9036442787799235
-11.25	-16.25	0.8752137859308098
-11.25	-17.5	0.8558969733857289
-11.25	-18.75	0.8788482866838265
-11.25	-20.0	0.852889065985698
-11.25	-21.25	0.8403451012759833
-11.25	-22.5	0.8461024657122103
-11.25	-23.75	0.8901043143152156
-11.25	-25.0	0.9339963621530947
-11.25	-26.25	0.8814300929140328
-11.25	-27.5	0.9046039348389199
-11.25	-28.75	0.9057558922450761
-11.25	-30.0	1.1053548184405315
-11.25	-31.25	1.3505500852310792
-11.25	-32.5	1.3474156940137814
-11.25	-33.75	1.0385014720557626
-11.25	-35.0	0.9549957414696415
-11.25	-36.25	1.0316530447198904
-11.25	-37.5	2.5934923546321054
-11.25	-38.75	2.5563879126518776
-10.0	-38.75	2.5800757957508687
-10.0	-37.5	2.058373443208051
-10.0	-36.25	0.9547171332533892
-10.0	-35.0	1.0149516249660913
-10.0	-33.75	1.1382413812160053
-10.0	-32.5	1.399735474665599
-10.0	-31.25	1.3074916838109996
-10.0	-30.0	0.996624306053894
-10.0	-28.75	0.9023378708041774
-10.0	-27.5	0.8897857598733303
-10.0	-26.25	0.9026443757700591
-10.0	-25.0	0.9891114522550568
-10.0	-23.75	0.8611736308921962
-10.0	-22.5	0.8498746537266788
-10.0	-21.25	0.847256477061709
-10.0	-20.0	0.8642651785842173
-10.0	-18.75	0.8632367437628021
-10.0	-17.5	0.8687052492033782
-10.0	-16.25	0.8878202250837344
-10.0	-15.0	0.8925074996631199
-10.0	-13.75	0.8895164437572047
-10.0	-12.5	0.874078697116941
-10.0	-11.25	0.8960463983224196
-10.0	-10.0	0.8888530191975796
-10.0	-8.75	0.8873409821988423
-10.0	-7.5	0.8951463797782573
-10.0	-6.25	0.8958205541331914
-10.0	-5.0	0.9020637584734361
-10.0	-3.75	0.925964755515075
-10.0	-2.5	0.9173847730841347
-10.0	-1.25	0.9155863142109686
-10.0	0.0	0.9117143526723916
-10.0	1.25	0.9177762678974597
-10.0	2.5	0.9116207369503195
-10.0	3.75	0.9150112840358311
-10.0	5.0	0.9262187888908882
-10.0	6.25	0.9153641408711515
-10.0	7.5	0.9254529962253297
-10.0	8.75	0.9343387361786304
-10.0	10.0	0.9761379181073249
-10.0	11.25	0.9710750909753552
-10.0	12.5	0.9930287016739747
-10.0	13.75	0.9902673779084044
-10.0	15.0	1.0073935122175435
-10.0	16.25	1.0021659149662216
-10.0	17.5	1.0088050051995001
-10.0	18.75	1.068259885461
-10.0	20.0	0.9927503142145451
-10.0	21.25	1.0026204294248187
-10.0	22.5	0.9818796345065444
-10.0	23.75	1.0057769070076024
-10.0	25.0	0.9850584227624921
-10.0	26.25	0.9081012570980986
-10.0	27.5	0.9442648642149889
-10.0	28.75	1.036280728206358
-10.0	30.0	1.0286609757649323
-10.0	31.25	1.3353700193948326
-10.0	32.5	1.4865938590808216
-10.0	33.75	1.7091027433531538
-10.0	35.0	1.5249672704075596
-10.0	36.25	1.0405709849055818
-10.0	37.5	1.4408592297071472
-10.0	38.75	2.2274170962341433
-8.75	38.75	2.421542451736192
-8.75	37.5	1.2384814901083194
-8.75	36.25	1.1896345951038167
-8.75	35.0	1.6354836876712024
-8.75	33.75	1.693799796650791
-8.75	32.5	1.4030607588867694
-8.75	31.25	1.2719001860708072
-8.75	30.0	1.0408088050732802
-8.75	28.75	0.9866888156759268
-8.75	27.5	0.9046254895734034
-8.75	26.25	0.9197028716273481
-8.75	25.0	1.041578058552128
-8.75	23.75	1.0071853946473732
-8.75	22.5	0.9843820942329726
-8.75	21.25	1.003958402807882
-8.75	20.0	1.0121724836776202
-8.75	18.75	1.061720730778955
-8.75	17.5	1.0222341860843196
-8.75	16.25	1.0170057695789447
-8.75	15.0	0.9867057712255702
-8.75	13.75	0.9883053942645903
-8.75	12.5	1.015582462657747
-8.75	11.25	0.9903064263445902
-8.75	10.0	0.9398578630406282
-8.75	8.75	0.9416788381069559
-8.75	7.5	0.9355735848950921
-8.75	6.25	0.9196858665766738
-8.75	5.0	0.9033230941277886
-8.75	3.75	0.9184836426732286
-8.75	2.5	0.9066931646905836
-8.75	1.25	0.9141770878533286
-8.75	-0.0	0.8927511043748302
-8.75	-1.25	0.9008284339835111
-8.75	-2.5	0.9259126292117266
-8.75	-3.75	0.9308604309967947
-8.75	-5.0	0.8973615134634061
-8.75	-6.25	0.8997006998349004
-8.75	-7.5	0.8884908746393583
-8.75	-8.75	0.889254499553779
-8.75	-10.0	0.8871719518554606
-8.75	-11.25	0.8823330019709115
-8.75	-12.5	0.8939286924293643
-8.75	-13.75	0.9257295584749325
-8.75	-15.0	0.8817123522363426
-8.75	-16.25	0.8987462767296348
-8.75	-17.5	0.8791798125381316
-8.75	-18.75	0.8593106227958884
-8.75	-20.0	0.8507756958061874
-8.75	-21.25	0.8495985592243134
-8.75	-22.5	0.8476313467536976
-8.75	-23.75	0.8496061359806637
-8.75	-25.0	0.8828300052801277
-8.75	-26.25	0.9002468899711547
-8.75	-27.5	0.8717181486236223
-8.75	-28.75	0.8905262451163756
-8.75	-30.0	0.9412781370392747
-8.75	-31.25	1.2109298750991213
-8.75	-32.5	1.395164230846822
-8.75	-33.75	1.2776867453043428
-8.75	-35.0	1.057769699903515
-8.75	-36.25	0.9435816031798012
-8.75	-37.5	1.4333071234216712
-8.75	-38.75	2.664722479794741
-7.5	-38.75	4.5751384452207216
-7.5	-37.5	1.2041951571587735
-7.5	-36.25	0.9424623446060929
-7.5	-35.0	1.0760662607134375
-7.5	-33.75	1.3521748731960326
-7.5	-32.5	1.3833988659865888
-7.5	-31.25	1.1099208020595688
-7.5	-30.0	0.9169856801454124
-7.5	-28.75	0.897510688150021
-7.5	-27.5	0.8728570421959798
-7.5	-26.25	0.960274978231638
-7.5	-25.0	0.8526138644686636
-7.5	-23.75	0.8397911543724126
-7.5	-22.5	0.8527235979888275
-7.5	-21.25	0.8482069622264854
-7.5	-20.0	0.8387646286621067
-7.5	-18.75	0.8583658413685651
-7.5	-17.5	0.873860595465449
-7.5	-16.25	0.8819493450604954
-7.5	-15.0	0.9107715990507925
-7.5	-13.75	0.8941125809298622
-7.5	-12.5	0.8850129047287929
-7.5	-11.25	0.8888670745518006
-7.5	-10.0	0.8917897870998024
-7.5	-8.75	0.882489528878696
-7.5	-7.5	0.8866928874992821
-7.5	-6.25	0.8931188575668099
-7.5	-5.0	0.9030261845872349
-7.5	-3.75	0.9370105756253109
-7.5	-2.5	0.9318745282996908
-7.5	-1.25	0.8991698757874627
-7.5	0.0	0.9028638115621259
-7.5	1.25	0.9004287278945888
-7.5	2.5	0.9084470657081747
-7.5	3.75	0.8981075978869635
-7.5	5.0	0.908523916310334
-7.5	6.25	0.9190333465737481
-7.5	7.5	0.9297796310093567
-7.5	8.75	0.9372247302697145
-7.5	10.0	0.9363031793025192
-7.5	11.25	0.9665818778498654
-7.5	12.5	1.0036778542514977
-7.5	13.75	0.9707399126470122
-7.5	15.0	0.9815949452186281
-7.5	16.25	1.0095204184216877
-7.5	17.5	1.0236810883396092
-7.5	18.75	1.0368526475902353
-7.5	20.0	1.0836598062646914
-7.5	21.25	0.9906707123071232
-7.5	22.5	1.0023084413274885
-7.5	23.75	0.9754990701053634
-7.5	25.0	1.022697054031342
-7.5	26.25	0.9473983983961531
-7.5	27.5	0.8996591525483701
-7.5	28.75	0.967258329138617
-7.5	30.0	1.04424070932581
-7.5	31.25	1.2064869401684488
-7.5	32.5	1.3771407038983199
-7.5	33.75	1.6288527488725792
-7.5	35.0	1.492681505373814
-7.5	36.25	1.3631482715846719
-7.5	37.5	1.1192315784898632
-7.5	38.75	2.359776260821862
-6.25	40.0	2.3371143175811966
-6.25	38.75	2.1356340112704846
-6.25	37.5	1.0482320956548916
-6.25	36.25	1.4180692805119763
-6.25	35.0	1.4866484404170492
-6.25	33.75	1.571098399984118
-6.25	32.5	1.36908656598819
-6.25	31.25	1.1205852028406866
-6.25	30.0	1.0575581502202303
-6.25	28.75	0.9343463106464185
-6.25	27.5	0.8943170353389194
-6.25	26.25	0.9894037010740755
-6.25	25.0	1.0038667410894098
-6.25	23.75	0.9853283537845368
-6.25	22.5	1.014478022533483
-6.25	21.25	1.0110073517152447
-6.25	20.0	1.0539577403494853
-6.25	18.75	1.0323005738665723
-6.25	17.5	1.0083335138408014
-6.25	16.25	1.0001436718846834
-6.25	15.0	0.9827432420546831
-6.25	13.75	0.9578167921057048
-6.25	12.5	1.0070451210562368
-6.25	11.25	0.9896416459031698
-6.25	10.0	0.919040147791284
-6.25	8.75	0.9336525443331789
-6.25	7.5	0.9270365795791626
-6.25	6.25	0.920886791593527
-6.25	5.0	0.9027966151782678
-6.25	3.75	0.9039973434909578
-6.25	2.5	0.8975779429062918
-6.25	1.25	0.8825933911269424
-6.25	-0.0	0.9004841718582988
-6.25	-1.25	0.9089214338446352
-6.25	-2.5	0.9400260642163749
-6.25	-3.75	0.9280053452726467
-6.25	-5.0	0.907676725208308
-6.25	-6.25	0.8854991374644374
-6.25	-7.5	0.8909761375049552
-6.25	-8.75	0.8923588425757529
-6.25	-10.0	0.879973933593786
-6.25	-11.25	0.8951120569439617
-6.25	-12.5	0.8878454688627135
-6.25	-13.75	0.9102596872599698
-6.25	-15.0	0.925464235986273
-6.25	-16.25	0.8860298784244138
-6.25	-17.5	0.8672999791419667
-6.25	-18.75	0.8574227503412137
-6.25	-20.0	0.8567495492263291
-6.25	-21.25	0.8360260079389388
-6.25	-22.5	0.8569834898320909
-6.25	-23.75	0.8420383415227537
-6.25	-25.0	0.8559014511247032
-6.25	-26.25	0.9666182857494343
-6.25	-27.5	0.8890873880122001
-6.25	-28.75	0.8881159668863559
-6.25	-30.0	0.9060232678556375
-6.25	-31.25	1.0358835614020734
-6.25	-32.5	1.3432425744983343
-6.25	-33.75	1.3853573382438196
-6.25	-35.0	1.0778319615675915
-6.25	-36.25	0.9625462105560478
-6.25	-37.5	1.1147118166445527
-6.25	-38.75	4.089130012372916
-6.25	-40.0	2.6048081645482153
-5.0	-40.0	2.938266584174084
-5.0	-38.75	4.8929740559863415
-5.0	-37.5	1.0467162195617625
-5.0	-36.25	1.0178809325576559
-5.0	-35.0	1.119937312164927
-5.0	-33.75	1.3784109026008986
-5.0	-32.5	1.3119998099627894
-5.0	-31.25	0.9880760713495516
-5.0	-30.0	0.9072161196582424
-5.0	-28.75	0.8877499480183557
-5.0	-27.5	0.8916110091939711
-5.0	-26.25	0.9199846072529159
-5.0	-25.0	0.8405354689485289
-5.0	-23.75	0.8478380318648782
-5.0	-22.5	0.8408973830134512
-5.0	-21.25	0.8551802654135248
-5.0	-20.0	0.8584922211197696
-5.0	-18.75	0.8742467203306052
-5.0	-17.5	0.8727122173434694
-5.0	-16.25	0.8981068477729117
-5.0	-15.0	0.9141777372343398
-5.0	-13.75	0.8962177551904196
-5.0	-12.5	0.8961013701721097
-5.0	-11.25	0.8789477216970019
-5.0	-10.0	0.9049589919767707
-5.0	-8.75	0.8845022744166009
-5.0	-7.5	0.8962790162844136
-5.0	-6.25	0.8903404731307045
-5.0	-5.0	0.9139726173524547
-5.0	-3.75	0.9538201897745013
-5.0	-2.5	0.9306475119948789
-5.0	-1.25	0.9034583099197038
-5.0	0.0	0.9007483356115724
-5.0	1.25	0.8952592912836401
-5.0	2.5	0.8882294296739968
-5.0	3.75	0.9046930098465369
-5.0	5.0	0.8934737932248709
-5.0	6.25	0.9229550053196949
-5.0	7.5	0.9291510327733841
-5.0	8.75	0.9384927760554342
-5.0	10.0	0.9320655377796463
-5.0	11.25	0.9804398330046791
-5.0	12.5	1.0118000066609403
-5.0	13.75	0.967693346151945
-5.0	15.0	0.9673816900802805
-5.0	16.25	1.0063271572901025
-5.0	17.5	1.0271936384767901
-5.0	18.75	1.019001055308144
-5.0	20.0	1.046948149552497
-5.0	21.25	1.0165976233911946
-5.0	22.5	0.9985380664901093
-5.0	23.75	1.010599084093041
-5.0	25.0	1.0145269625439557
-5.0	26.25	1.0297065281471696
-5.0	27.5	0.9060144819023774
-5.0	28.75	0.8966866356411431
-5.0	30.0	1.0505910992141478
-5.0	31.25	1.0606985687044812
-5.0	32.5	1.3517633358412446
-5.0	33.75	1.5269779420614977
-5.0	35.0	1.5543374030872759
-5.0	36.25	1.4782528193447595
-5.0	37.5	1.008160714277306
-5.0	38.75	1.7965065627814045
-5.0	40.0	2.5564960910199144
-3.75	40.0	2.2450416159810116
-3.75	38.75	1.6224458416459084
-3.75	37.5	0.9945078168208834
-3.75	36.25	1.5052733310583966
-3.75	35.0	1.6039673561431105
-3.75	33.75	1.5128749067588654
-3.75	32.5	1.3595818857234985
-3.75	31.25	1.062932282431487
-3.75	30.0	1.0350127790327477
-3.75	28.75	0.9147059177137482
-3.75	27.5	0.9130508279544793
-3.75	26.25	1.046572389145143
-3.75	25.0	1.003390296349087
-3.75	23.75	0.9925151538376387
-3.75	22.5	0.9986653364098359
-3.75	21.25	1.0754668739083844
-3.75	20.0	1.049518663555423
-3.75	18.75	1.024613825031965
-3.75	17.5	1.017696759047853
-3.75	16.25	1.0064755074592426
-3.75	15.0	0.9894504003975602
-3.75	13.75	0.9576483470639623
-3.75	12.5	1.0034422295738255
-3.75	11.25	0.9781467636932186
-3.75	10.0	0.9270308835779142
-3.75	8.75	0.9244393104879967
-3.75	7.5	0.9267109666946372
-3.75	6.25	0.9116113141966107
-3.75	5.0	0.9065338099921192
-3.75	3.75	0.897719376441386
-3.75	2.5	0.885939390456354
-3.75	1.25	0.9017330989074646
-3.75	-0.0	0.913165525538262
-3.75	-1.25	0.9082473016226613
-3.75	-2.5	0.9221676440041531
-3.75	-3.75	0.9425251658968126
-3.75	-5.0	0.9114072530656774
-3.75	-6.25	0.8941864693785684
-3.75	-7.5	0.905695857933015
-3.75	-8.75	0.8979736974504711
-3.75	-10.0	0.9042650854780003
-3.75	-11.25	0.8845023983567959
-3.75	-12.5	0.9190983279724154
-3.75	-13.75	0.9014627074641197
-3.75	-15.0	0.896777431844221
-3.75	-16.25	0.8933396240473632
-3.75	-17.5	0.8690119706636672
-3.75	-18.75	0.8591732920805466
-3.75	-20.0	0.8556333841286881
-3.75	-21.25	0.8306402569200593
-3.75	-22.5	0.8512387037883551
-3.75	-23.75	0.8458537224068028
-3.75	-25.0	0.8525544316812645
-3.75	-26.25	0.8816204319748246
-3.75	-27.5	0.9042493229808901
-3.75	-28.75	0.8891832722292445
-3.75	-30.0	0.9091275359726421
-3.75	-31.25	0.9473030738015487
-3.75	-32.5	1.2678208314368264
-3.75	-33.75	1.373954012410211
-3.75	-35.0	1.1873587479946437
-3.75	-36.25	1.0705476863370276
-3.75	-37.5	0.9679704783915968
-3.75	-38.75	2.6217352222400976
-3.75	-40.0	2.485832879623217
-2.5	-40.0	2.427075252048124
-2.5	-38.75	2.4470045148746067
-2.5	-37.5	0.9814584586280874
-2.5	-36.25	1.0881406086968903
-2.5	-35.0	1.229380816762343
-2.5	-33.75	1.3629258103067805
-2.5	-32.5	1.220324728825731
-2.5	-31.25	0.9343691875222504
-2.5	-30.0	0.9062754959496253
-2.5	-28.75	0.8769730000394285
-2.5	-27.5	0.896899187463819
-2.5	-26.25	0.8771322506111314
-2.5	-25.0	0.8400530329244305
-2.5	-23.75	0.8479766494935763
-2.5	-22.5	0.8515013875026387
-2.5	-21.25	0.847254863652406
-2.5	-20.0	0.8626744085297942
-2.5	-18.75	0.8659188334086725
-2.5	-17.5	0.8829569762663692
-2.5	-16.25	0.8694422348087745
-2.5	-15.0	0.9068367658185741
-2.5	-13.75	0.9051772155104327
-2.5	-12.5	0.9186897340206448
-2.5	-11.25	0.8904268979530379
-2.5	-10.0	0.8889818059128967
-2.5	-8.75	0.888052546164654
-2.5	-7.5	0.9049460420500575
-2.5	-6.25	0.9031834472403446
-2.5	-5.0	0.9307614048622455
-2.5	-3.75	0.9559572889239965
-2.5	-2.5	0.915732259913506
-2.5	-1.25	0.9093443210610763
-2.5	0.0	0.8904455659444501
-2.5	1.25	0.8969109304093656
-2.5	2.5	0.8844487970866943
-2.5	3.75	0.8940675471296409
-2.5	5.0	0.9130992075187008
-2.5	6.25	0.9109157382015738
-2.5	7.5	0.9090632555986478
-2.5	8.75	0.9348692350037666
-2.5	10.0	0.9190905440793715
-2.5	11.25	0.9840248575714217
-2.5	12.5	0.9691247143592117
-2.5	13.75	0.9716057944824295
-2.5	15.0	0.9646215306532291
-2.5	16.25	1.0157581386524681
-2.5	17.5	1.017111903500898
-2.5	18.75	1.0197392663798581
-2.5	20.0	1.0567145938130054
-2.5	21.25	1.0785864824051492
-2.5	22.5	1.0111714507660672
-2.5	23.75	1.01742384824046
-2.5	25.0	1.007798711988162
-2.5	26.25	1.030637566009566
-2.5	27.5	0.9221460984854426
-2.5	28.75	0.8913944194839214
-2.5	30.0	1.0488148079255568
-2.5	31.25	1.0642739273120743
-2.5	32.5	1.362313635608814
-2.5	33.75	1.4922340165651216
-2.5	35.0	1.6785689723892094
-2.5	36.25	1.4718965711525058
-2.5	37.5	1.019781298173478
-2.5	38.75	1.4509037146965635
-2.5	40.0	2.3855216542732194
-1.25	40.0	2.6617663717072073
-1.25	38.75	1.4396568071363935
-1.25	37.5	1.0221301752236034
-1.25	36.25	1.4604546088939099
-1.25	35.0	1.6656727751038396
-1.25	33.75	1.4812826973714044
-1.25	32.5	1.356527483019895
-1.25	31.25	1.0726415339770234
-1.25	30.0	1.0345451202326537
-1.25	28.75	0.8888445810466505
-1.25	27.5	0.9195465007894104
-1.25	26.25	1.0449997398661086
-1.25	25.0	1.0019904390689263
-1.25	23.75	1.0114149033287214
-1.25	22.5	1.012454371729068
-1.25	21.25	1.1288916732056853
-1.25	20.0	1.051954827031233
-1.25	18.75	1.0156326175338073
-1.25	17.5	1.0116753115759956
-1.25	16.25	0.9977801373720983
-1.25	15.0	0.9749034088481583
-1.25	13.75	0.9612436255738954
-1.25	12.5	0.9817669483717246
-1.25	11.25	0.9665117295957
-1.25	10.0	0.9376369381415897
-1.25	8.75	0.9316093090826474
-1.25	7.5	0.9308597371500396
-1.25	6.25	0.9047387913678184
-1.25	5.0	0.8945754932766325
-1.25	3.75	0.9014510220848404
-1.25	2.5	0.8868601497281583
-1.25	1.25	0.8936660549661903
-1.25	-0.0	0.8942316521318983
-1.25	-1.25	0.9184950449006255
-1.25	-2.5	0.9205110254138713
-1.25	-3.75	0.9477161095033892
-1.25	-5.0	0.9347805593661924
-1.25	-6.25	0.9203915856626752
-1.25	-7.5	0.9131148717159308
-1.25	-8.75	0.8842498308199609
-1.25	-10.0	0.9063447222114487
-1.25	-11.25	0.8887062956659868
-1.25	-12.5	0.9317034265298121
-1.25	-13.75	0.8969216800230857
-1.25	-15.0	0.9008141852465013
-1.25	-16.25	0.8728163088505276
-1.25	-17.5	0.889185168449349
-1.25	-18.75	0.8635675887669532
-1.25	-20.0	0.8561378699192979
-1.25	-21.25	0.8462502125601636
-1.25	-22.5	0.8509920046406592
-1.25	-23.75	0.8551862246478166
-1.25	-25.0	0.845196272101866
-1.25	-26.25	0.8614066437288423
-1.25	-27.5	0.9245408026565469
-1.25	-28.75	0.8704067817915107
-1.25	-30.0	0.9084923364169804
-1.25	-31.25	0.9231118991016007
-1.25	-32.5	1.2072045465173318
-1.25	-33.75	1.352857532014001
-1.25	-35.0	1.2436017864492621
-1.25	-36.25	1.0941767790042984
-1.25	-37.5	0.9369912717736373
-1.25	-38.75	2.2431028705761547
-1.25	-40.0	2.403152757106106
0.0	-40.0	2.295690973266396
0.0	-38.75	2.1454252307445945
0.0	-37.5	0.9242065532745292
0.0	-36.25	1.105384639757096
0.0	-35.0	1.2519475062017982
0.0	-33.75	1.3639256290215567
0.0	-32.5	1.200964543919964
0.0	-31.25	0.9169724424120487
0.0	-30.0	0.9072279750748766
0.0	-28.75	0.8833823432521353
0.0	-27.5	0.9297024922731767
0.0	-26.25	0.8647134565561929
0.0	-25.0	0.8452201718004098
0.0	-23.75	0.8459068031093233
0.0	-22.5	0.8570514089720227
0.0	-21.25	0.8489865893284296
0.0	-20.0	0.8597592120024107
0.0	-18.75	0.8769711665397111
0.0	-17.5	0.8894359889671026
0.0	-16.25	0.8897965288868646
0.0	-15.0	0.9033324164636012
0.0	-13.75	0.896817617174599
0.0	-12.5	0.9354673543085967
0.0	-11.25	0.8914058635607525
0.0	-10.0	0.8958114114256368
0.0	-8.75	0.9055642988856256
0.0	-7.5	0.9105968862575349
0.0	-6.25	0.9204442226959006
0.0	-5.0	0.9455211031561443
0.0	-3.75	0.9516456962344009
0.0	-2.5	0.9328881899650803
0.0	-1.25	0.9060852364577627
0.0	0.0	0.9036709228773514
0.0	1.25	0.8975617356780603
0.0	2.5	0.9027846598405844
0.0	3.75	0.9072971808017884
0.0	5.0	0.904534640063698
0.0	6.25	0.9093999797532293
0.0	7.5	0.9223293211413939
0.0	8.75	0.9368796633474874
0.0	10.0	0.9386937120879661
0.0	11.25	0.985357160409313
0.0	12.5	0.9870789448284345
0.0	13.75	0.9563722358687645
0.0	15.0	0.9625283900058159
0.0	16.25	1.0097770180617882
0.0	17.5	1.017243095074086
0.0	18.75	1.0303708409703827
0.0	20.0	1.0425772839334266
0.0	21.25	1.1186210435798616
0.0	22.5	0.9950043337219459
0.0	23.75	1.0173927693848377
0.0	25.0	1.0210099229377718
0.0	26.25	1.068626540771998
0.0	27.5	0.9185442247733819
0.0	28.75	0.8910733185090649
0.0	30.0	1.0327618220497534
0.0	31.25	1.0493426809245578
0.0	32.5	1.2964978765095871
0.0	33.75	1.467642198365188
0.0	35.0	1.655029844900966
0.0	36.25	1.4392756082258407
0.0	37.5	1.048118488837904
0.0	38.75	1.4304003446471985
0.0	40.0	2.5514922332208867
1.25	40.0	2.61965500370862
1.25	38.75	1.4298374719960858
1.25	37.5	1.0382086223671383
1.25	36.25	1.4687542489176453
1.25	35.0	1.665275552033183
1.25	33.75	1.4734746094472833
1.25	32.5	1.2974203299536544
1.25	31.25	1.059383841834948
1.25	30.0	1.0417444825975348
1.25	28.75	0.8924250411970833
1.25	27.5	0.9292751130769874
1.25	26.25	1.065783080791154
1.25	25.0	1.0187150157196463
1.25	23.75	1.0219810169043786
1.25	22.5	0.9951523348431213
1.25	21.25	1.0859132913125595
1.25	20.0	1.0558665494835129
1.25	18.75	1.0204184974129982
1.25	17.5	1.0240095930627815
1.25	16.25	0.9955353524647474
1.25	15.0	0.9752301289862313
1.25	13.75	0.9610687132743978
1.25	12.5	0.9810521467668529
1.25	11.25	0.9904021104234246
1.25	10.0	0.9320418624717082
1.25	8.75	0.9204599395143997
1.25	7.5	0.9363217175865479
1.25	6.25	0.9174409766125668
1.25	5.0	0.9146952774174792
1.25	3.75	0.9058682645836758
1.25	2.5	0.9060077642085487
1.25	1.25	0.8843108533455313
1.25	-0.0	0.9031924097175086
1.25	-1.25	0.897255033496557
1.25	-2.5	0.9312237255153866
1.25	-3.75	0.9553447662828916
1.25	-5.0	0.9285813787346591
1.25	-6.25	0.9061306138728762
1.25	-7.5	0.9158878229913565
1.25	-8.75	0.8994621259327573
1.25	-10.0	0.8980623998390058
1.25	-11.25	0.8900943658945373
1.25	-12.5	0.9237598245184255
1.25	-13.75	0.90872898992406
1.25	-15.0	0.8939700110838693
1.25	-16.25	0.8914921145535377
1.25	-17.5	0.8973131091039672
1.25	-18.75	0.8584406818394363
1.25	-20.0	0.8465011126339492
1.25	-21.25	0.8404386052118582
1.25	-22.5	0.8317691129087237
1.25	-23.75	0.8469664811430704
1.25	-25.0	0.8436992711385347
1.25	-26.25	0.872766930924386
1.25	-27.5	0.9264564778105289
1.25	-28.75	0.8858593178271263
1.25	-30.0	0.9071032746875627
1.25	-31.25	0.9267337774249809
1.25	-32.5	1.2182072650400322
1.25	-33.75	1.3558226885376303
1.25	-35.0	1.236789574383379
1.25	-36.25	1.1064371104217496
1.25	-37.5	0.9674755172132645
1.25	-38.75	2.1776717402015597
1.25	-40.0	2.5577481525433328
2.5	-40.0	2.5038990465058824
2.5	-38.75	2.3070720330018855
2.5	-37.5	0.975521841589897
2.5	-36.25	1.0899048967531986
2.5	-35.0	1.2044186175370442
2.5	-33.75	1.3771205174292298
2.5	-32.5	1.2466564810654601
2.5	-31.25	0.9324935430886967
2.5	-30.0	0.8947043647021413
2.5	-28.75	0.8816192875469708
2.5	-27.5	0.9088993957400486
2.5	-26.25	0.8704546549014323
2.5	-25.0	0.8294042870052207
2.5	-23.75	0.8605712186911969
2.5	-22.5	0.8584320192530228
2.5	-21.25	0.8358610090929837
2.5	-20.0	0.8559388215110637
2.5	-18.75	0.8680802278922117
2.5	-17.5	0.8738829744421288
2.5	-16.25	0.8875117375554584
2.5	-15.0	0.8957486702980084
2.5	-13.75	0.9084973412555994
2.5	-12.5	0.9126181104869229
2.5	-11.25	0.8865914658829057
2.5	-10.0	0.903560040334737
2.5	-8.75	0.8965047202764351
2.5	-7.5	0.9086896152121193
2.5	-6.25	0.9224544541307411
2.5	-5.0	0.9301934319971732
2.5	-3.75	0.9411139492956888
2.5	-2.5	0.9343737771771714
2.5	-1.25	0.9077925279712016
2.5	0.0	0.8878471203686704
2.5	1.25	0.8892152192124279
2.5	2.5	0.881159014513142
2.5	3.75	0.9041755063792625
2.5	5.0	0.913624371286855
2.5	6.25	0.9041656446769499
2.5	7.5	0.9112072963586906
2.5	8.75	0.9378385545339007
2.5	10.0	0.9345669869753976
2.5	11.25	0.9873623984517446
2.5	12.5	0.9885167225863922
2.5	13.75	0.9533351847455487
2.5	15.0	0.9774787753072509
2.5	16.25	1.003485387693602
2.5	17.5	1.0242848498838022
2.5	18.75	1.0142582126906428
2.5	20.0	1.0593470309100708
2.5	21.25	1.092093111364676
2.5	22.5	0.9974841911880148
2.5	23.75	1.0130562590624343
2.5	25.0	1.0054824769669892
2.5	26.25	1.0399330128179791
2.5	27.5	0.9242527254078601
2.5	28.75	0.886372660249223
2.5	30.0	1.0478097732547855
2.5	31.25	1.029222295585317
2.5	32.5	1.3361789539263107
2.5	33.75	1.4817046334220088
2.5	35.0	1.6515629724923766
2.5	36.25	1.4550835050935866
2.5	37.5	1.0042541582476936
2.5	38.75	1.5063088603051344
2.5	40.0	2.4735169034539197
3.75	40.0	2.6082907367081365
3.75	38.75	1.6105089350307011
3.75	37.5	0.9987711909726515
3.75	36.25	1.4612528921412569
3.75	35.0	1.5781660562288167
3.75	33.75	1.502122174063767
3.75	32.5	1.3843574175144102
3.75	31.25	1.0103967185008056
3.75	30.0	1.0573733316773213
3.75	28.75	0.8983944824609615
3.75	27.5	0.9128604630920032
3.75	26.25	1.0248766837033845
3.75	25.0	1.01194416077624
3.75	23.75	1.007471751194049
3.75	22.5	1.003421390985201
3.75	21.25	1.023982508667503
3.75	20.0	1.0687402367329382
3.75	18.75	1.025689474028578
3.75	17.5	1.0136599716828147
3.75	16.25	1.0045447060700514
3.75	15.0	0.9857279752859229
3.75	13.75	0.9609504348393516
3.75	12.5	0.9922724177914013
3.75	11.25	0.9819211583433223
3.75	10.0	0.9322241169687402
3.75	8.75	0.9301269369668095
3.75	7.5	0.9212079783867839
3.75	6.25	0.9018538779909431
3.75	5.0	0.908840444768753
3.75	3.75	0.8953173975189461
3.75	2.5	0.8832199617527188
3.75	1.25	0.8971362220961998
3.75	-0.0	0.9020123676671883
3.75	-1.25	0.9059932167610629
3.75	-2.5	0.9301962504279873
3.75	-3.75	0.9487236345705625
3.75	-5.0	0.9152159602024703
3.75	-6.25	0.8952104778971082
3.75	-7.5	0.9033656062407331
3.75	-8.75	0.8951612512236338
3.75	-10.0	0.8868252650195707
3.75	-11.25	0.8808838712333849
3.75	-12.5	0.8959068781306003
3.75	-13.75	0.909061526728772
3.75	-15.0	0.9032984026422071
3.75	-16.25	0.8865267665742191
3.75	-17.5	0.8753683958964391
3.75	-18.75	0.8710358542559584
3.75	-20.0	0.8620612983940292
3.75	-21.25	0.8464978643495975
3.75	-22.5	0.8626279533236882
3.75	-23.75	0.8410028183325391
3.75	-25.0	0.8277951731729418
3.75	-26.25	0.8728614779983701
3.75	-27.5	0.9108391605033583
3.75	-28.75	0.8746658349211023
3.75	-30.0	0.9126441057405117
3.75	-31.25	0.9407325964755833
3.75	-32.5	1.2663757647886804
3.75	-33.75	1.3740460983897655
3.75	-35.0	1.1584669319892118
3.75	-36.25	1.0674656445438
3.75	-37.5	1.006009557773769
3.75	-38.75	2.490989948702353
3.75	-40.0	2.92619362843104
5.0	-40.0	2.894199920917961
5.0	-38.75	2.726243711473348
5.0	-37.5	0.9872532902273257
5.0	-36.25	1.016666723939915
5.0	-35.0	1.1060877367035093
5.0	-33.75	1.3734940958998187
5.0	-32.5	1.302216171971856
5.0	-31.25	0.961976706650022
5.0	-30.0	0.9112181173119289
5.0	-28.75	0.8969923746576391
5.0	-27.5	0.8989267043614557
5.0	-26.25	0.9375946857992288
5.0	-25.0	0.8417647781224771
5.0	-23.75	0.846630593988599
5.0	-22.5	0.8509876284420548
5.0	-21.25	0.8429062250345734
5.0	-20.0	0.8566108797409484
5.0	-18.75	0.8524176095681666
5.0	-17.5	0.8865740941093181
5.0	-16.25	0.8729855402372921
5.0	-15.0	0.89437821874085
5.0	-13.75	0.8962765351150868
5.0	-12.5	0.8674598551038919
5.0	-11.25	0.880993513901176
5.0	-10.0	0.8820127540606642
5.0	-8.75	0.8738730451834531
5.0	-7.5	0.893250512390753
5.0	-6.25	0.8870790945948803
5.0	-5.0	0.9094179269280902
5.0	-3.75	0.9305629343597097
5.0	-2.5	0.9156158266444052
5.0	-1.25	0.8858221392951284
5.0	0.0	0.8887168071127052
5.0	1.25	0.8857371751324736
5.0	2.5	0.8921820528570201
5.0	3.75	0.88874140415626
5.0	5.0	0.9052285473091812
5.0	6.25	0.9237630029078323
5.0	7.5	0.9250101376078357
5.0	8.75	0.9308316138571859
5.0	10.0	0.9421891398296109
5.0	11.25	0.9910680721683196
5.0	12.5	1.0025053415592486
5.0	13.75	0.9661232287643458
5.0	15.0	0.9833022447444693
5.0	16.25	1.005081300955739
5.0	17.5	1.013395417791875
5.0	18.75	1.0224625307494932
5.0	20.0	1.0839436717166828
5.0	21.25	1.001943655164066
5.0	22.5	1.0163730752630045
5.0	23.75	1.0116137033996981
5.0	25.0	1.0072484578072292
5.0	26.25	1.0025449389895122
5.0	27.5	0.8930764753413349
5.0	28.75	0.886689084727676
5.0	30.0	1.0766422281849852
5.0	31.25	1.0149644673416427
5.0	32.5	1.373157136061776
5.0	33.75	1.515272098520402
5.0	35.0	1.541100811972508
5.0	36.25	1.4475777926938713
5.0	37.5	0.9812478195781562
5.0	38.75	1.7384013267564358
5.0	40.0	2.894356516537586
6.25	40.0	2.9471716721753243
6.25	38.75	2.2756221569562474
6.25	37.5	1.0182358444996575
6.25	36.25	1.3931115850310816
6.25	35.0	1.4660316953886756
6.25	33.75	1.5402979161401724
6.25	32.5	1.3898063633511715
6.25	31.25	1.0280484697754497
6.25	30.0	1.0487755674352357
6.25	28.75	0.9031275921634032
6.25	27.5	0.9008555786255119
6.25	26.25	0.9724663959074222
6.25	25.0	1.0265578352095162
6.25	23.75	1.001778866014912
6.25	22.5	1.002626761575578
6.25	21.25	0.9876747516465265
6.25	20.0	1.0873816956303433
6.25	18.75	1.0480930907130883
6.25	17.5	1.0166859366626158
6.25	16.25	1.0110206688230665
6.25	15.0	0.9769159263394105
6.25	13.75	0.9829663534150859
6.25	12.5	1.0013929987791448
6.25	11.25	0.9843507740004487
6.25	10.0	0.927157797875358
6.25	8.75	0.9425870720823788
6.25	7.5	0.9270384713168367
6.25	6.25	0.9145859712057636
6.25	5.0	0.9010320374653578
6.25	3.75	0.8887264919528608
6.25	2.5	0.8894531248571935
6.25	1.25	0.8949255675754628
6.25	-0.0	0.8953993706164596
6.25	-1.25	0.8873324761966774
6.25	-2.5	0.9330974974895714
6.25	-3.75	0.9272110287407189
6.25	-5.0	0.8894869301984798
6.25	-6.25	0.8955865248582517
6.25	-7.5	0.8824059407224762
6.25	-8.75	0.8872738768783748
6.25	-10.0	0.8892906533521874
6.25	-11.25	0.882944874011093
6.25	-12.5	0.8858486485113257
6.25	-13.75	0.8751051907801628
6.25	-15.0	0.9020614582053641
6.25	-16.25	0.8868704835554784
6.25	-17.5	0.8848032496359339
6.25	-18.75	0.8691121847496586
6.25	-20.0	0.8403893555804665
6.25	-21.25	0.8376588637560793
6.25	-22.5	0.8562815255623688
6.25	-23.75	0.8242593326605938
6.25	-25.0	0.860684429116513
6.25	-26.25	1.0023464993160038
6.25	-27.5	0.8808816539994426
6.25	-28.75	0.8905079361134538
6.25	-30.0	0.9088216613582212
6.25	-31.25	1.0070191965139088
6.25	-32.5	1.317403142429602
6.25	-33.75	1.3678560861781737
6.25	-35.0	1.0704093002760873
6.25	-36.25	0.9553942845456831
6.25	-37.5	1.0837290516722033
6.25	-38.75	4.88918125629456
6.25	-40.0	2.3867645227517817
7.5	-38.75	3.806791737342712
7.5	-37.5	1.1807252966786406
7.5	-36.25	0.9251803459430867
7.5	-35.0	1.0665961752070494
7.5	-33.75	1.3381932444090054
7.5	-32.5	1.3639379041685338
7.5	-31.25	1.0910480580749642
7.5	-30.0	0.9073201393593608
7.5	-28.75	0.898688343594606
7.5	-27.5	0.8869378988197134
7.5	-26.25	0.9649717358971479
7.5	-25.0	0.8555189200841529
7.5	-23.75	0.830967929127759
7.5	-22.5	0.8399362472412903
7.5	-21.25	0.8521047268764823
7.5	-20.0	0.8561082079902143
7.5	-18.75	0.8496734061922133
7.5	-17.5	0.8778593355050628
7.5	-16.25	0.8670133440267342
7.5	-15.0	0.8774001659022357
7.5	-13.75	0.889847479031058
7.5	-12.5	0.8760744184832951
7.5	-11.25	0.8853208833392356
7.5	-10.0	0.8885891410568441
7.5	-8.75	0.8807241942549862
7.5	-7.5	0.8713661688641627
7.5	-6.25	0.8955196779131702
7.5	-5.0	0.8965486582551421
7.5	-3.75	0.9241983350279153
7.5	-2.5	0.9240335039211232
7.5	-1.25	0.8976012927449517
7.5	0.0	0.8791131767340721
7.5	1.25	0.8910822868871273
7.5	2.5	0.9131489896206251
7.5	3.75	0.9039570764218787
7.5	5.0	0.9223805378162888
7.5	6.25	0.923150452694447
7.5	7.5	0.9183908407542853
7.5	8.75	0.9367603968146918
7.5	10.0	0.9326080218138006
7.5	11.25	0.9513389075466598
7.5	12.5	0.9703873451962322
7.5	13.75	0.9731576439941758
7.5	15.0	0.9890851115856218
7.5	16.25	1.0073171639968406
7.5	17.5	1.0198451104695891
7.5	18.75	1.0593120919532728
7.5	20.0	1.0495947825132887
7.5	21.25	0.9845881615902865
7.5	22.5	1.0232655005334568
7.5	23.75	1.001697739798888
7.5	25.0	1.047392352771519
7.5	26.25	0.9275334596040992
7.5	27.5	0.8815633899216904
7.5	28.75	1.002424470731146
7.5	30.0	0.9902483746138877
7.5	31.25	1.1000482880607851
7.5	32.5	1.4125817715534827
7.5	33.75	1.5813493009765445
7.5	35.0	1.4515567433877719
7.5	36.25	1.3370325361792759
7.5	37.5	1.0909487767111026
7.5	38.75	2.718917061145821
8.75	38.75	2.5867222587374616
8.75	37.5	1.2246947828718993
8.75	36.25	1.172372990973778
8.75	35.0	1.6522146436129423
8.75	33.75	1.646611057283442
8.75	32.5	1.421493513323072
8.75	31.25	1.2101316137580342
8.75	30.0	0.931318746654549
8.75	28.75	1.0518277973751715
8.75	27.5	0.8933666087560681
8.75	26.25	0.9073840355838083
8.75	25.0	1.05019252828889
8.75	23.75	1.0110348946482013
8.75	22.5	1.01478040828923
8.75	21.25	1.01077654291029
8.75	20.0	0.9982597734212764
8.75	18.75	1.0724041852690362
8.75	17.5	1.0325424209300849
8.75	16.25	0.9987397541798817
8.75	15.0	0.9789511416286985
8.75	13.75	0.9807585831217827
8.75	12.5	0.9617837008513375
8.75	11.25	0.9617355406335886
8.75	10.0	0.9422641575425406
8.75	8.75	0.9305427724859321
8.75	7.5	0.9267577293113192
8.75	6.25	0.9180938711186357
8.75	5.0	0.9212241314941361
8.75	3.75	0.9035806842792979
8.75	2.5	0.9010203792412455
8.75	1.25	0.9029019175979682
8.75	-0.0	0.9147009673465227
8.75	-1.25	0.9039391265296555
8.75	-2.5	0.9277742283595654
8.75	-3.75	0.9305401471196797
8.75	-5.0	0.8994053995409557
8.75	-6.25	0.8893227647295117
8.75	-7.5	0.8728909161990845
8.75	-8.75	0.8670900589298896
8.75	-10.0	0.8794727260092916
8.75	-11.25	0.8804757815031845
8.75	-12.5	0.8642271024531114
8.75	-13.75	0.8660595269039852
8.75	-15.0	0.8841138215558217
8.75	-16.25	0.8747466425656434
8.75	-17.5	0.8800294116296614
8.75	-18.75	0.8395061371339816
8.75	-20.0	0.8495794563213712
8.75	-21.25	0.838050669702632
8.75	-22.5	0.8349487470603645
8.75	-23.75	0.834981624993163
8.75	-25.0	0.8707670953914555
8.75	-26.25	0.9291207024358661
8.75	-27.5	0.8769329274789133
8.75	-28.75	0.9013878371224529
8.75	-30.0	0.9261895801142419
8.75	-31.25	1.175677274281143
8.75	-32.5	1.3897244252847614
8.75	-33.75	1.2468406840804143
8.75	-35.0	1.0585773245273655
8.75	-36.25	0.917000420524479
8.75	-37.5	1.2770355909469888
8.75	-38.75	2.772541750445945
10.0	-38.75	2.4681144489450055
10.0	-37.5	1.8299340369696226
10.0	-36.25	0.9465366391558998
10.0	-35.0	1.0240078768733385
10.0	-33.75	1.1369521908522895
10.0	-32.5	1.3768116506490982
10.0	-31.25	1.292844357979516
10.0	-30.0	0.9661474017160181
10.0	-28.75	0.9008287623307094
10.0	-27.5	0.8848091774055478
10.0	-26.25	0.870135503363823
10.0	-25.0	0.9824074057230145
10.0	-23.75	0.8479350094845515
10.0	-22.5	0.8349447803091543
10.0	-21.25	0.8410156979734005
10.0	-20.0	0.846782465829353
10.0	-18.75	0.86883877803748
10.0	-17.5	0.8627342699918348
10.0	-16.25	0.8532615201526479
10.0	-15.0	0.8664465238864274
10.0	-13.75	0.8669855032226863
10.0	-12.5	0.8655198248457783
10.0	-11.25	0.8825282117562336
10.0	-10.0	0.8943761479815491
10.0	-8.75	0.8937004420923351
10.0	-7.5	0.9190720376475205
10.0	-6.25	0.9169407365102362
10.0	-5.0	0.9251354632189059
10.0	-3.75	0.9239109371710867
10.0	-2.5	0.9174859674155353
10.0	-1.25	0.9099879134558293
10.0	0.0	0.9243857557156145
10.0	1.25	0.9302459823814591
10.0	2.5	0.932495489215186
10.0	3.75	0.9292451288549186
10.0	5.0	0.9454882023707967
10.0	6.25	0.9359077006078484
10.0	7.5	0.9473907215744726
10.0	8.75	0.9547051512858769
10.0	10.0	0.9592056273529126
10.0	11.25	0.9431929582206822
10.0	12.5	0.9732610910817927
10.0	13.75	0.9892145612467917
10.0	15.0	1.0036410367723558
10.0	16.25	1.0665311845831384
10.0	17.5	1.0817867391198277
10.0	18.75	1.073254614011713
10.0	20.0	0.99707727823567
10.0	21.25	1.0174102809355823
10.0	22.5	0.995052525865586
10.0	23.75	1.024123884665654
10.0	25.0	0.9656705885619736
10.0	26.25	0.8978934598993149
10.0	27.5	0.899932151456321
10.0	28.75	1.0421684031184206
10.0	30.0	0.9302105957769014
10.0	31.25	1.3343071170557579
10.0	32.5	1.4811401419737606
10.0	33.75	1.661880717118466
10.0	35.0	1.496915410017868
10.0	36.25	1.0057165068156326
10.0	37.5	1.4221945396753366
10.0	38.75	2.91286262522076
11.25	38.75	2.7292913245122365
11.25	37.5	1.8211570760938915
11.25	36.25	1.0020605048218094
11.25	35.0	1.4584447533671776
11.25	33.75	1.451552240875225
11.25	32.5	1.5750565720079361
11.25	31.25	1.348858867444652
11.25	30.0	1.0255059823070534
11.25	28.75	0.9792948030756978
11.25	27.5	1.016509301556602
11.25	26.25	0.891260094644954
11.25	25.0	0.9268593655328248
11.25	23.75	1.0550730858207196
11.25	22.5	1.0046063683729187
11.25	21.25	1.0292687682843704
11.25	20.0	1.002288231673095
11.25	18.75	1.0111807020285744
11.25	17.5	1.0710787485277597
11.25	16.25	1.06077908781638
11.25	15.0	1.0160080355089463
11.25	13.75	0.9933198368287428
11.25	12.5	0.9916757753564251
11.25	11.25	0.976325449660937
11.25	10.0	0.9619822987134015
11.25	8.75	0.9503265172011872
11.25	7.5	0.9410507010479554
11.25	6.25	0.9367892668018261
11.25	5.0	0.9403624999193543
11.25	3.75	0.939485482159399
11.25	2.5	0.9590456896787893
11.25	1.25	0.9531576983455858
11.25	-0.0	0.9480911674705581
11.25	-1.25	0.9450254969911018
11.25	-2.5	0.9336242957840755
11.25	-3.75	0.9322337321194007
11.25	-5.0	0.9223926558822075
11.25	-6.25	0.8958308879627088
11.25	-7.5	0.8782595026813933
11.25	-8.75	0.8728547154657376
11.25	-10.0	0.8799211199249326
11.25	-11.25	0.8862753385168247
11.25	-12.5	0.8818526235958153
11.25	-13.75	0.8673792337930664
11.25	-15.0	0.8707092998698363
11.25	-16.25	0.8572285977936822
11.25	-17.5	0.859960561228795
11.25	-18.75	0.8552939763112688
11.25	-20.0	0.8430645441432949
11.25	-21.25	0.8508982495220359
11.25	-22.5	0.8488149877358575
11.25	-23.75	0.8611503728622063
11.25	-25.0	0.9219596098121556
11.25	-26.25	0.8739733306950326
11.25	-27.5	0.8960879568769222
11.25	-28.75	0.9157223249431956
11.25	-30.0	1.0821707905592062
11.25	-31.25	1.3360176809561866
11.25	-32.5	1.3368647524993582
11.25	-33.75	1.0295871584528937
11.25	-35.0	0.9545338220321273
11.25	-36.25	1.0134588754878031
11.25	-37.5	2.7432774792073253
11.25	-38.75	2.36759663346501
12.5	-37.5	4.05297371391794
12.5	-36.25	1.1005426927013504
12.5	-35.0	0.8949718195262246
12.5	-33.75	1.0123805102659365
12.5	-32.5	1.2414279488762858
12.5	-31.25	1.3549793280024165
12.5	-30.0	1.2204446083796743
12.5	-28.75	0.9393000857718894
12.5	-27.5	0.896837879493174
12.5	-26.25	0.8802660378919231
12.5	-25.0	0.8830931511467366
12.5	-23.75	0.9885995874660933
12.5	-22.5	0.8638457810432172
12.5	-21.25	0.830066592910633
12.5	-20.0	0.8615523672266123
12.5	-18.75	0.8437674337823653
12.5	-17.5	0.8771228032666816
12.5	-16.25	0.8766919924950898
12.5	-15.0	0.8637643003993309
12.5	-13.75	0.8809009277528466
12.5	-12.5	0.9042650303017252
12.5	-11.25	0.8962408415699263
12.5	-10.0	0.8821066569217475
12.5	-8.75	0.8748047509269972
12.5	-7.5	0.8716753088601568
12.5	-6.25	0.882702044744125
12.5	-5.0	0.8938100441510377
12.5	-3.75	0.9099122805592517
12.5	-2.5	0.9161983588730322
12.5	-1.25	0.9091052899288421
12.5	0.0	0.9355552415392223
12.5	1.25	0.9552252925465883
12.5	2.5	0.9245871160761254
12.5	3.75	0.9277813331892792
12.5	5.0	0.9299165349442893
12.5	6.25	0.932483009753847
12.5	7.5	0.9287629764273619
12.5	8.75	0.9449669239762475
12.5	10.0	0.946901853689007
12.5	11.25	0.9735148202467823
12.5	12.5	1.0179085669152963
12.5	13.75	1.007723126639009
12.5	15.0	1.0059982470584394
12.5	16.25	1.052832523731018
12.5	17.5	1.0207568408403986
12.5	18.75	0.9952975649873217
12.5	20.0	1.0310963905242243
12.5	21.25	1.0280379731795026
12.5	22.5	1.0249464852943726
12.5	23.75	1.005313346028423
12.5	25.0	0.91249798324748
12.5	26.25	0.8895956225522452
12.5	27.5	1.0338348853621397
12.5	28.75	0.9022728909067048
12.5	30.0	1.2010826708545697
12.5	31.25	1.3804948626964784
12.5	32.5	1.6698528372634502
12.5	33.75	1.562969481031331
12.5	35.0	1.2660092095822257
12.5	36.25	1.1080048183324154
12.5	37.5	2.6587897161579255
13.75	37.5	2.6269203455607757
13.75	36.25	1.31601434561325
13.75	35.0	1.0270283494108465
13.75	33.75	1.5365590329470287
13.75	32.5	1.642002089570341
13.75	31.25	1.4771707109303103
13.75	30.0	1.3152203681648613
13.75	28.75	0.9575222794156302
13.75	27.5	0.9844559380228501
13.75	26.25	0.9807746009557308
13.75	25.0	0.8898254052998267
13.75	23.75	0.9476683318810295
13.75	22.5	1.0274657260583098
13.75	21.25	1.0100074895095368
13.75	20.0	1.015453871200016
13.75	18.75	0.9998544207337146
13.75	17.5	0.9839057112888971
13.75	16.25	1.0594355644786555
13.75	15.0	1.0357596235101756
13.75	13.75	0.9926788543689451
13.75	12.5	1.0040440161890913
13.75	11.25	0.9857227599904039
13.75	10.0	0.9539434233502959
13.75	8.75	0.9499547307164775
13.75	7.5	0.9493710153036119
13.75	6.25	0.9533065147991193
13.75	5.0	0.931048794410513
13.75	3.75	0.9229469583899608
13.75	2.5	0.9434195638947624
13.75	1.25	0.9301910199427246
13.75	-0.0	0.9249512544313552
13.75	-1.25	0.9152783687549979
13.75	-2.5	0.9087240904168485
13.75	-3.75	0.9110247612689779
13.75	-5.0	0.8958197247897743
13.75	-6.25	0.9025108920070677
13.75	-7.5	0.9040178812501463
13.75	-8.75	0.9039564463603513
13.75	-10.0	0.8778809184783416
13.75	-11.25	0.8737803539536557
13.75	-12.5	0.8891130763684103
13.75	-13.75	0.8827741470282202
13.75	-15.0	0.8648174649206419
13.75	-16.25	0.8963046839338187
13.75	-17.5	0.8565009538253152
13.75	-18.75	0.8573228537711399
13.75	-20.0	0.8313628480012252
13.75	-21.25	0.8711078086100787
13.75	-22.5	0.8748825569433816
13.75	-23.75	0.9310389691923424
13.75	-25.0	0.8689060469048151
13.75	-26.25	0.8891709793181235
13.75	-27.5	0.8969300078265219
13.75	-28.75	1.0313645489221068
13.75	-30.0	1.316486596664543
13.75	-31.25	1.3659552559758197
13.75	-32.5	1.0748408474796856
13.75	-33.75	0.9818926545939775
13.75	-35.0	0.9375017855048728
13.75	-36.25	1.327641127843636
13.75	-37.5	2.4801021746939345
15.0	-37.5	2.3709932244633514
15.0	-36.25	2.2676227992812414
15.0	-35.0	0.9951586293592136
15.0	-33.75	0.888553125017153
15.0	-32.5	0.987806736828114
15.0	-31.25	1.3093771053754821
15.0	-30.0	1.37785710821092
15.0	-28.75	1.2012978232096847
15.0	-27.5	0.9280742467881726
15.0	-26.25	0.9057892385571664
15.0	-25.0	0.8958437372664338
15.0	-23.75	0.8692156784364871
15.0	-22.5	0.9020606258483497
15.0	-21.25	0.8649386554313976
15.0	-20.0	0.8404102866071188
15.0	-18.75	0.8436666705528628
15.0	-17.5	0.8554401618553538
15.0	-16.25	0.8565333086363944
15.0	-15.0	0.9022664963541063
15.0	-13.75	0.8569595744484539
15.0	-12.5	0.8871858653072531
15.0	-11.25	0.885255990451876
15.0	-10.0	0.9039472728030322
15.0	-8.75	0.9033855843608389
15.0	-7.5	0.9124458503156232
15.0	-6.25	0.9220409292726304
15.0	-5.0	0.9093417790809433
15.0	-3.75	0.9324851039650479
15.0	-2.5	0.9452881882216291
15.0	-1.25	0.9526730389077995
15.0	0.0	0.9585403761870026
15.0	1.25	0.9665383597116319
15.0	2.5	0.9689968843388632
15.0	3.75	0.9549633265775981
15.0	5.0	0.9448236954557112
15.0	6.25	0.9550436379092533
15.0	7.5	0.9566358725040356
15.0	8.75	0.9738334063249976
15.0	10.0	0.9983768481854005
15.0	11.25	0.9640977823881194
15.0	12.5	1.0240614783746915
15.0	13.75	1.0230013316021331
15.0	15.0	1.0520105883295265
15.0	16.25	0.9662453383606113
15.0	17.5	0.976063819418532
15.0	18.75	0.9924357245295674
15.0	20.0	1.0050035182786567
15.0	21.25	1.0461521243506935
15.0	22.5	0.9683741472089347
15.0	23.75	0.9106415731633266
15.0	25.0	0.8857683937767868
15.0	26.25	1.014162633910897
15.0	27.5	0.9163913393607821
15.0	28.75	1.1263004659753122
15.0	30.0	1.3321081553913183
15.0	31.25	1.6226510728100259
15.0	32.5	1.4457524278843357
15.0	33.75	1.479199547639408
15.0	35.0	1.0197720610983465
15.0	36.25	1.8627546556115968
15.0	37.5	3.0224600710886307
16.25	36.25	2.9170171530020177
16.25	35.0	1.1855162642641526
16.25	33.75	1.081723794714473
16.25	32.5	1.5624858597222513
16.25	31.25	1.6434990315926745
16.25	30.0	1.4583624930389902
16.25	28.75	1.3075920180960567
16.25	27.5	0.9798774668877961
16.25	26.25	0.9877525267744858
16.25	25.0	0.9699101294363128
16.25	23.75	0.895205914771827
16.25	22.5	0.9157747305404378
16.25	21.25	1.0191250844960864
16.25	20.0	1.0069502181140688
16.25	18.75	1.0130404869745515
16.25	17.5	1.0008636452343609
16.25	16.25	0.9484940115160843
16.25	15.0	0.9627804805658071
16.25	13.75	1.05697481544615
16.25	12.5	1.0192795534958972
16.25	11.25	0.9957313782749182
16.25	10.0	0.9632131010327534
16.25	8.75	0.9435638391138514
16.25	7.5	0.9546373652534506
16.25	6.25	0.9541636580651902
16.25	5.0	0.9435635859232789
16.25	3.75	0.9980523017352914
16.25	2.5	0.9780941215650261
16.25	1.25	0.9774092344521286
16.25	-0.0	0.9785922434983991
16.25	-1.25	0.9691415914566388
16.25	-2.5	0.9609022869647781
16.25	-3.75	0.9497386928774674
16.25	-5.0	0.9384753737648417
16.25	-6.25	0.9223868438403873
16.25	-7.5	0.9329203092800711
16.25	-8.75	0.9212513128881383
16.25	-10.0	0.9217957390935165
16.25	-11.25	0.8895437392567
16.25	-12.5	0.8742971924831267
16.25	-13.75	0.8906138574204405
16.25	-15.0	0.8560699038994146
16.25	-16.25	0.874652258397477
16.25	-17.5	0.8438533841004991
16.25	-18.75	0.8513722272240889
16.25	-20.0	0.8566472800716332
16.25	-21.25	0.8914200376836767
16.25	-22.5	0.8781100149513463
16.25	-23.75	0.9240603621035319
16.25	-25.0	0.9038004547001748
16.25	-26.25	0.9071148369470885
16.25	-27.5	1.0624987973941717
16.25	-28.75	1.3100438771737641
16.25	-30.0	1.382322357059346
16.25	-31.25	1.068507018407785
16.25	-32.5	0.9816427479281531
16.25	-33.75	0.9036862276633153
16.25	-35.0	1.0461250966170708
16.25	-36.25	2.785302886481727
17.5	-36.25	2.6236152715953054
17.5	-35.0	1.4514878429000744
17.5	-33.75	0.9706507940509601
17.5	-32.5	0.873768601962639
17.5	-31.25	0.963256026943105
17.5	-30.0	1.251396688628617
17.5	-28.75	1.3821040494741732
17.5	-27.5	1.2465914967046041
17.5	-26.25	0.9798540105951092
17.5	-25.0	0.8875604123219505
17.5	-23.75	0.9289806900130406
17.5	-22.5	0.8911077193517052
17.5	-21.25	0.883368392522133
17.5	-20.0	0.8945828112673402
17.5	-18.75	0.8717764484475499
17.5	-17.5	0.856924233806823
17.5	-16.25	0.8403210263713801
17.5	-15.0	0.8830293212528151
17.5	-13.75	0.8850983012951987
17.5	-12.5	0.9053111935076794
17.5	-11.25	0.8869336581891023
17.5	-10.0	0.8969856151271838
17.5	-8.75	0.8886454210814607
17.5	-7.5	0.9040251071606855
17.5	-6.25	0.9025784247106747
17.5	-5.0	0.9131354326193311
17.5	-3.75	0.9200842796048478
17.5	-2.5	0.9346877808023919
17.5	-1.25	0.9093222190207149
17.5	0.0	0.9553581489651766
17.5	1.25	0.9574517493749752
17.5	2.5	0.9519914043763897
17.5	3.75	0.9277263811088075
17.5	5.0	0.9437242099737375
17.5	6.25	0.9341554626666815
17.5	7.5	0.9524861094357444
17.5	8.75	0.9716368481723014
17.5	10.0	0.9993369385947979
17.5	11.25	1.0292284419992566
17.5	12.5	1.0189995050405578
17.5	13.75	0.950346728532474
17.5	15.0	0.9691689942253054
17.5	16.25	0.9953953594011766
17.5	17.5	0.9998452521866774
17.5	18.75	0.9830472169833504
17.5	20.0	1.033894590858817
17.5	21.25	0.940730278105093
17.5	22.5	0.9050165175718856
17.5	23.75	0.9314393193639203
17.5	25.0	1.0107087439643383
17.5	26.25	0.9267767553249184
17.5	27.5	1.1726636828405397
17.5	28.75	1.327397105630423
17.5	30.0	1.640765706150022
17.5	31.25	1.3770044828825032
17.5	32.5	1.5180791593993845
17.5	33.75	0.991794637438284
17.5	35.0	1.6440554576232618
17.5	36.25	3.0530813600363533
18.75	35.0	3.2631144950972804
18.75	33.75	1.1759845801540125
18.75	32.5	1.0538721746648125
18.75	31.25	1.4870538207087582
18.75	30.0	1.541435586509163
18.75	28.75	1.4938635372520874
18.75	27.5	1.2854527364084856
18.75	26.25	1.064683029791058
18.75	25.0	0.9640197434218969
18.75	23.75	0.9931760422142668
18.75	22.5	0.8828411721335101
18.75	21.25	0.9075050258916058
18.75	20.0	0.9203822329739868
18.75	18.75	1.00778559947355
18.75	17.5	1.0047121601577906
18.75	16.25	1.021486704308801
18.75	15.0	0.972027117276463
18.75	13.75	0.9478331870332148
18.75	12.5	0.9295296315592587
18.75	11.25	0.9715520404979694
18.75	10.0	1.054123904585559
18.75	8.75	1.0066509861358055
18.75	7.5	0.966412435469385
18.75	6.25	0.9619625861134216
18.75	5.0	0.9459955049366711
18.75	3.75	0.9188919941367102
18.75	2.5	0.8993318835013984
18.75	1.25	0.9071460308182999
18.75	-0.0	0.9470705595873232
18.75	-1.25	0.8902395554413438
18.75	-2.5	0.912442931230518
18.75	-3.75	0.9110780347494751
18.75	-5.0	0.9003048056205012
18.75	-6.25	0.889875670951616
18.75	-7.5	0.8894377079617186
18.75	-8.75	0.8903874728027628
18.75	-10.0	0.896955064159962
18.75	-11.25	0.8984858456316624
18.75	-12.5	0.9079743261217494
18.75	-13.75	0.8900530694221187
18.75	-15.0	0.836220159870738
18.75	-16.25	0.8371876351346286
18.75	-17.5	0.8671738985450572
18.75	-18.75	0.9301292196827653
18.75	-20.0	0.9003691491702952
18.75	-21.25	0.8798240070324548
18.75	-22.5	0.9127016757529134
18.75	-23.75	0.8904592442812227
18.75	-25.0	0.9383102144125584
18.75	-26.25	1.182827552518292
18.75	-27.5	1.3446539512612956
18.75	-28.75	1.3396160957898555
18.75	-30.0	1.0163442757797618
18.75	-31.25	0.9589755511351168
18.75	-32.5	0.9488700898975964
18.75	-33.75	0.9657946768897476
18.75	-35.0	2.404289378756723
20.0	-35.0	2.60479796546925
20.0	-33.75	1.2696647223031956
20.0	-32.5	0.9478540732979868
20.0	-31.25	0.8693532873902798
20.0	-30.0	0.9845894200627159
20.0	-28.75	1.1202053080909202
20.0	-27.5	1.337984786738204
20.0	-26.25	1.3087609531561526
20.0	-25.0	1.1365324442345504
20.0	-23.75	0.9366758002783646
20.0	-22.5	0.9118993348424347
20.0	-21.25	0.9116026327565656
20.0	-20.0	0.8892011932220711
20.0	-18.75	0.8751758966448246
20.0	-17.5	0.9582651676630238
20.0	-16.25	0.8953277329589966
20.0	-15.0	0.8641145423727572
20.0	-13.75	0.8427925543399573
20.0	-12.5	0.856358498413555
20.0	-11.25	0.9097449428085618
20.0	-10.0	0.9572931851261623
20.0	-8.75	0.9512908723467532
20.0	-7.5	0.9274162166884157
20.0	-6.25	0.8940205067467488
20.0	-5.0	0.905502089904628
20.0	-3.75	0.9131188127893637
20.0	-2.5	0.9262434995888915
20.0	-1.25	0.9365084181728891
20.0	0.0	0.9231448475903896
20.0	1.25	0.9284617748242159
20.0	2.5	0.942389603798647
20.0	3.75	0.9604648909193712
20.0	5.0	0.9856843003584128
20.0	6.25	0.9832528914890979
20.0	7.5	1.0175930181435167
20.0	8.75	0.9712371298365845
20.0	10.0	0.9254018118113354
20.0	11.25	0.9350906860839583
20.0	12.5	0.9439525613672837
20.0	13.75	1.013407989518214
20.0	15.0	1.0370167075373775
20.0	16.25	0.9772652569162776
20.0	17.5	1.0020395631433878
20.0	18.75	0.9348532203569402
20.0	20.0	0.8998600236692607
20.0	21.25	0.8873263853915736
20.0	22.5	0.9560852944351215
20.0	23.75	1.0132231910608294
20.0	25.0	0.996592508309849
20.0	26.25	1.257369018541028
20.0	27.5	1.3548206001774412
20.0	28.75	1.6467576886274387
20.0	30.0	1.4799281179732908
20.0	31.25	1.3248116823401084
20.0	32.5	1.0159068918965524
20.0	33.75	1.6185753114414343
20.0	35.0	2.89250688483971
21.25	33.75	4.011393756799098
21.25	32.5	1.2806123459982164
21.25	31.25	0.9709881520879282
21.25	30.0	1.5035810698856196
21.25	28.75	1.2769531326071775
21.25	27.5	1.6057551109754638
21.25	26.25	1.2749525485759055
21.25	25.0	1.158743023828448
21.25	23.75	0.9864335649376619
21.25	22.5	1.01143091275262
21.25	21.25	0.9527359086510723
21.25	20.0	0.9130445669933449
21.25	18.75	0.9060403265016514
21.25	17.5	0.921161596142543
21.25	16.25	0.9917219136842892
21.25	15.0	0.9766666487766269
21.25	13.75	1.039334728191042
21.25	12.5	1.0515372109511283
21.25	11.25	0.9860173560909358
21.25	10.0	0.9162417552657516
21.25	8.75	0.8975173233220533
21.25	7.5	0.9033148150918144
21.25	6.25	0.9215648967607475
21.25	5.0	0.9844891715590078
21.25	3.75	0.992811547848282
21.25	2.5	0.99552239632132
21.25	1.25	0.9565357108323855
21.25	-0.0	0.958087018111522
21.25	-1.25	0.9487826495171188
21.25	-2.5	0.9621856125228234
21.25	-3.75	0.9918307881311623
21.25	-5.0	0.9935843278698284
21.25	-6.25	0.9976344123258372
21.25	-7.5	0.9699516094725658
21.25	-8.75	0.899577893043193
21.25	-10.0	0.8467210008012716
21.25	-11.25	0.85423301149698
21.25	-12.5	0.8728887894781927
21.25	-13.75	0.8998002205815778
21.25	-15.0	0.908861340785827
21.25	-16.25	0.9021582499541223
21.25	-17.5	0.9049209623563312
21.25	-18.75	0.899054361340605
21.25	-20.0	0.9032419481775591
21.25	-21.25	0.9056327646544418
21.25	-22.5	0.935642184068513
21.25	-23.75	1.100192380559303
21.25	-25.0	1.275320672268462
21.25	-26.25	1.3217102258231428
21.25	-27.5	1.205206870147892
21.25	-28.75	0.9738983433504433
21.25	-30.0	0.8845817011123769
21.25	-31.25	0.8986831233289774
21.25	-32.5	0.9342047124885564
21.25	-33.75	2.6763030072282135
22.5	-32.5	1.504004125984041
22.5	-31.25	0.8647083635480914
22.5	-30.0	0.8866159899089778
22.5	-28.75	0.9692958645728913
22.5	-27.5	0.9872989252046
22.5	-26.25	1.23964708277287
22.5	-25.0	1.3112931215968624
22.5	-23.75	1.2672889724299736
22.5	-22.5	1.111909462270062
22.5	-21.25	0.9257369194413192
22.5	-20.0	0.9067103709036051
22.5	-18.75	0.9113232898147858
22.5	-17.5	0.9118589751684913
22.5	-16.25	0.8862103821685396
22.5	-15.0	0.8992284967324853
22.5	-13.75	0.9577107555705542
22.5	-12.5	0.9354236018413298
22.5	-11.25	0.9052479036153507
22.5	-10.0	0.867155760101765
22.5	-8.75	0.8554453923115073
22.5	-7.5	0.848382507291304
22.5	-6.25	0.8533326943056094
22.5	-5.0	0.8594755943692274
22.5	-3.75	0.8736403043228407
22.5	-2.5	0.873245472504534
22.5	-1.25	0.8749174134118025
22.5	0.0	0.8834224015135437
22.5	1.25	0.8796635727241728
22.5	2.5	0.8713839303665525
22.5	3.75	0.8987473387580689
22.5	5.0	0.8797245036863544
22.5	6.25	0.9113910554920546
22.5	7.5	0.9284474700953327
22.5	8.75	0.9827523146111075
22.5	10.0	1.117375336833648
22.5	11.25	1.105360274799997
22.5	12.5	1.0028750330437841
22.5	13.75	1.0010180849070398
22.5	15.0	0.9613231557224751
22.5	16.25	0.9176011412919358
22.5	17.5	0.9156708752478586
22.5	18.75	0.9005023377533092
22.5	20.0	0.9307838891030578
22.5	21.25	0.9935373413382766
22.5	22.5	1.0014218665559982
22.5	23.75	1.1453347213279255
22.5	25.0	1.2117326663382633
22.5	26.25	1.5382159060965952
22.5	27.5	1.3605923239217006
22.5	28.75	1.4588746700778774
22.5	30.0	1.055113087516606
22.5	31.25	1.0948081094816686
22.5	32.5	2.3127634149449054
23.75	32.5	3.725240389374676
23.75	31.25	1.5763936114583306
23.75	30.0	0.9821384057441023
23.75	28.75	1.1751801584962713
23.75	27.5	1.5364779806804219
23.75	26.25	1.4447576998939793
23.75	25.0	1.4659034490707086
23.75	23.75	1.1963178528193605
23.75	22.5	1.1172082057525348
23.75	21.25	1.0103059823946197
23.75	20.0	1.0036502731412895
23.75	18.75	0.9301527252803261
23.75	17.5	0.9004510649360933
23.75	16.25	0.9233730193587046
23.75	15.0	0.9194061576378134
23.75	13.75	0.9380548954820096
23.75	12.5	1.0091162157845712
23.75	11.25	0.9800429634082262
23.75	10.0	1.0323123410636983
23.75	8.75	1.1863122842546678
23.75	7.5	1.251284053054964
23.75	6.25	1.2141384476697876
23.75	5.0	1.0483999701267503
23.75	3.75	0.9637277750489526
23.75	2.5	0.900762055625604
23.75	1.25	0.889351351522123
23.75	-0.0	0.8869202686803312
23.75	-1.25	0.8576325790906765
23.75	-2.5	0.8631457894140437
23.75	-3.75	0.8663475070765294
23.75	-5.0	0.8661616232342784
23.75	-6.25	0.8722026399713663
23.75	-7.5	0.8987791467201012
23.75	-8.75	0.9189031644157026
23.75	-10.0	0.9419886589660775
23.75	-11.25	0.9508101321637863
23.75	-12.5	0.9269503816753231
23.75	-13.75	0.9136787650459413
23.75	-15.0	0.9141962404000301
23.75	-16.25	0.9348130602716278
23.75	-17.5	0.9061285465390378
23.75	-18.75	0.9238216806814616
23.75	-20.0	0.9629513386210711
23.75	-21.25	1.111412021100091
23.75	-22.5	1.2546343791653216
23.75	-23.75	1.2890526707895837
23.75	-25.0	1.2221449418692822
23.75	-26.25	0.9872277759765495
23.75	-27.5	0.9525884048491227
23.75	-28.75	0.933169877006149
23.75	-30.0	0.9052885259108967
23.75	-31.25	1.09308803346668
23.75	-32.5	2.4155597587549433
25.0	-31.25	1.8469995936271255
25.0	-30.0	0.9511397903475878
25.0	-28.75	0.9071311034011398
25.0	-27.5	0.9243239849699423
25.0	-26.25	0.9471585766855348
25.0	-25.0	0.9863494826700574
25.0	-23.75	1.2001497334409486
25.0	-22.5	1.2810543521211741
25.0	-21.25	1.2583059965784802
25.0	-20.0	1.1651878522403445
25.0	-18.75	1.0115039113766535
25.0	-17.5	0.9301533625066005
25.0	-16.25	0.931024599681499
25.0	-15.0	0.9481256620093257
25.0	-13.75	0.9337790168393862
25.0	-12.5	0.9385400067327758
25.0	-11.25	0.9435602974457336
25.0	-10.0	0.949562752035491
25.0	-8.75	0.9784812526019957
25.0	-7.5	0.9732403960948535
25.0	-6.25	0.9511020865392892
25.0	-5.0	0.9446396010219029
25.0	-3.75	0.948769011628916
25.0	-2.5	0.9763610082810654
25.0	-1.25	1.0410274372812642
25.0	0.0	1.1188511215654007
25.0	1.25	1.2265750096306238
25.0	2.5	1.3017932899875637
25.0	3.75	1.3163409280445553
25.0	5.0	1.2993533007644142
25.0	6.25	1.1756095714340855
25.0	7.5	1.0529321931539517
25.0	8.75	0.992053057708242
25.0	10.0	1.0080287946071955
25.0	11.25	0.9580974463873568
25.0	12.5	0.9202030634561398
25.0	13.75	0.9187998040251522
25.0	15.0	0.9429124478291664
25.0	16.25	0.9347269987251128
25.0	17.5	0.9137569433743611
25.0	18.75	0.9932840261187739
25.0	20.0	1.0365333263999474
25.0	21.25	1.1250384414298669
25.0	22.5	1.1498514088991465
25.0	23.75	1.4596085877494867
25.0	25.0	1.476181931396213
25.0	26.25	1.437384531681701
25.0	27.5	1.2099028609673272
25.0	28.75	0.961476778598084
25.0	30.0	1.3566004958527111
25.0	31.25	4.132398201185769
26.25	30.0	3.9429011444836384
26.25	28.75	1.2174434151278923
26.25	27.5	0.9432540293128744
26.25	26.25	1.2529983624546803
26.25	25.0	1.4287232530220013
26.25	23.75	1.4578710964498054
26.25	22.5	1.4371261710892487
26.25	21.25	1.1524425881940958
26.25	20.0	1.0521608776825362
26.25	18.75	1.049985562914606
26.25	17.5	1.0065253899825972
26.25	16.25	0.9407608261927294
26.25	15.0	0.9406045105240901
26.25	13.75	0.9482151701346018
26.25	12.5	0.9320024785456589
26.25	11.25	0.9360683505241258
26.25	10.0	0.9367807598613247
26.25	8.75	0.9552583735796469
26.25	7.5	0.9741466581965907
26.25	6.25	1.007414767744451
26.25	5.0	0.9844242962157157
26.25	3.75	0.9999626514897884
26.25	2.5	1.0243011548151895
26.25	1.25	1.0349561777415133
26.25	-0.0	1.0404378584746263
26.25	-1.25	1.0461136344380915
26.25	-2.5	1.0227359526381194
26.25	-3.75	0.9991693607179215
26.25	-5.0	0.9678422478899797
26.25	-6.25	0.9835468182325346
26.25	-7.5	0.9655493214854696
26.25	-8.75	0.9708747141976479
26.25	-10.0	0.9744741620603854
26.25	-11.25	1.0203012613871216
26.25	-12.5	0.9688525219563351
26.25	-13.75	0.9396635638055342
26.25	-15.0	0.938708489600371
26.25	-16.25	0.9859107027118554
26.25	-17.5	1.1077897323408257
26.25	-18.75	1.189189464754783
26.25	-20.0	1.2524788515031915
26.25	-21.25	1.25592799940054
26.25	-22.5	1.1588850891624016
26.25	-23.75	0.9919520837299212
26.25	-25.0	0.9672217708532749
26.25	-26.25	0.928431246666177
26.25	-27.5	0.9327669259531746
26.25	-28.75	0.8879094943639352
26.25	-30.0	1.3797729491899124
27.5	-28.75	1.1427287687238223
27.5	-27.5	0.8874248470909842
27.5	-26.25	0.9200685926636076
27.5	-25.0	0.9430915258912123
27.5	-23.75	0.9633741470604935
27.5	-22.5	1.0119827646317123
27.5	-21.25	1.1060892636344253
27.5	-20.0	1.24904841872109
27.5	-18.75	1.2282252623228151
27.5	-17.5	1.2156642216917914
27.5	-16.25	1.1605669891005466
27.5	-15.0	1.0688114758702998
27.5	-13.75	0.9853210524092928
27.5	-12.5	0.9451959091311064
27.5	-11.25	0.9292785280744926
27.5	-10.0	0.9476971462232253
27.5	-8.75	0.9729009462818103
27.5	-7.5	1.0192311025057705
27.5	-6.25	1.000010102814719
27.5	-5.0	0.9863222010886199
27.5	-3.75	0.9833613572045046
27.5	-2.5	0.970972490840647
27.5	-1.25	0.9692558632061026
27.5	0.0	0.9790547545438812
27.5	1.25	0.961824780974978
27.5	2.5	0.963516090171491
27.5	3.75	0.9834729330092475
27.5	5.0	0.9594255625197521
27.5	6.25	0.9742838630286705
27.5	7.5	0.9498779595602436
27.5	8.75	0.9307162881952884
27.5	10.0	0.9579754426043108
27.5	11.25	0.9542694692421545
27.5	12.5	0.954868173409098
27.5	13.75	0.9465082272075795
27.5	15.0	0.9720090857956514
27.5	16.25	1.0553962621181112
27.5	17.5	1.0512191879413413
27.5	18.75	1.080741844041306
27.5	20.0	1.1887931233637117
27.5	21.25	1.4581607229466753
27.5	22.5	1.3893021817083584
27.5	23.75	1.5510173782036887
27.5	25.0	1.3163418898547432
27.5	26.25	0.9420949762406527
27.5	27.5	1.212041486922038
27.5	28.75	3.5677579964135973
28.75	27.5	4.147563199318418
28.75	26.25	1.197253631425454
28.75	25.0	0.9629184214843933
28.75	23.75	1.261522701114794
28.75	22.5	1.6911987795097883
28.75	21.25	1.2956404830155197
28.75	20.0	1.4884208822161291
28.75	18.75	1.272723364613081
28.75	17.5	1.052564911442757
28.75	16.25	1.0163169216878751
28.75	15.0	1.0426921052610014
28.75	13.75	1.0665305882324958
28.75	12.5	0.9633424132529953
28.75	11.25	0.9609231831336231
28.75	10.0	0.9710863061646515
28.75	8.75	0.9791859543361454
28.75	7.5	0.972171435594678
28.75	6.25	0.9630882101293592
28.75	5.0	0.9463533538050672
28.75	3.75	0.9362688899394698
28.75	2.5	0.928569012862642
28.75	1.25	0.9208120338563672
28.75	-0.0	0.937068775297611
28.75	-1.25	0.9404432434097547
28.75	-2.5	0.9358192107444623
28.75	-3.75	0.9286777989515649
28.75	-5.0	0.934031152402202
28.75	-6.25	0.9474884400528047
28.75	-7.5	0.9455659097077271
28.75	-8.75	0.9403017900622501
28.75	-10.0	0.9672511443985012
28.75	-11.25	1.0069511161419253
28.75	-12.5	1.0855641223642305
28.75	-13.75	1.139415261332478
28.75	-15.0	1.1677448110787463
28.75	-16.25	1.1858972424753444
28.75	-17.5	1.1928232279819992
28.75	-18.75	1.1424694046510862
28.75	-20.0	1.029631511377631
28.75	-21.25	1.0112526397164228
28.75	-22.5	0.991940182193459
28.75	-23.75	0.9629704056756383
28.75	-25.0	0.9177528746348163
28.75	-26.25	0.8801845483052713
28.75	-27.5	1.1027139910608952
30.0	-26.25	1.0916842771078308
30.0	-25.0	0.9159720710004997
30.0	-23.75	0.9292528991837372
30.0	-22.5	0.9868698730042569
30.0	-21.25	0.9884220506026136
30.0	-20.0	1.002775489118422
30.0	-18.75	1.0220692260711264
30.0	-17.5	1.0492166871638382
30.0	-16.25	1.1228492740729017
30.0	-15.0	1.140904478522824
30.0	-13.75	1.155572808904349
30.0	-12.5	1.147143875965826
30.0	-11.25	1.1076677727788535
30.0	-10.0	1.0994022450866598
30.0	-8.75	1.0593444603992497
30.0	-7.5	1.0179245769896452
30.0	-6.25	0.9894461317356757
30.0	-5.0	0.9727057850808194
30.0	-3.75	0.9772713357840779
30.0	-2.5	0.9749721228878805
30.0	-1.25	0.9791558398784925
30.0	0.0	0.9812479641004614
30.0	1.25	0.9735308554210933
30.0	2.5	0.9748395700743178
30.0	3.75	0.9922722437931046
30.0	5.0	0.9911878749419865
30.0	6.25	1.0103984185471475
30.0	7.5	0.9983825492138889
30.0	8.75	0.9773781490772215
30.0	10.0	1.010993565060624
30.0	11.25	1.0686671386713087
30.0	12.5	1.0514623626637647
30.0	13.75	1.0029414285481781
30.0	15.0	1.014280991496185
30.0	16.25	1.1370389821243263
30.0	17.5	1.3721182160969292
30.0	18.75	1.424109333209687
30.0	20.0	1.3604706738501635
30.0	21.25	1.8220778991319841
30.0	22.5	1.1694949908117422
30.0	23.75	0.9870775193709589
30.0	25.0	1.257188128412004
30.0	26.25	4.379130899228821
31.25	25.0	3.2938257982697206
31.25	23.75	1.3378820247364898
31.25	22.5	1.02250135229239
31.25	21.25	0.9895213948095911
31.25	20.0	1.5349385611116615
31.25	18.75	1.6897794021815793
31.25	17.5	1.2804023823073845
31.25	16.25	1.4221385045553516
31.25	15.0	1.2841697252344053
31.25	13.75	1.1042255770677203
31.25	12.5	1.0053748292272822
31.25	11.25	0.963968754108393
31.25	10.0	0.9957559253850334
31.25	8.75	1.0588829962266377
31.25	7.5	1.0691703659866993
31.25	6.25	1.0695415754306108
31.25	5.0	1.001877032486254
31.25	3.75	1.0290187810476077
31.25	2.5	1.0732771891169879
31.25	1.25	1.0457961351741565
31.25	-0.0	1.0483321638502954
31.25	-1.25	1.0204925986017654
31.25	-2.5	1.0414652151934458
31.25	-3.75	1.045872160796244
31.25	-5.0	1.0614952120797074
31.25	-6.25	1.0879218244584248
31.25	-7.5	1.0966156205133757
31.25	-8.75	1.12227788042357
31.25	-10.0	1.1332976464625695
31.25	-11.25	1.1211526312403812
31.25	-12.5	1.094229281749156
31.25	-13.75	1.0686504696018995
31.25	-15.0	1.0070887620438302
31.25	-16.25	1.0070631181184329
31.25	-17.5	1.0326493217959456
31.25	-18.75	1.0075345855850788
31.25	-20.0	1.0020766517931188
31.25	-21.25	0.9921645785877153
31.25	-22.5	0.9231683444634786
31.25	-23.75	0.930967605110185
31.25	-25.0	1.165171950089766
32.5	-23.75	1.370544901033421
32.5	-22.5	0.9606140664410052
32.5	-21.25	0.9152276137325464
32.5	-20.0	0.9910818880965238
32.5	-18.75	1.056291719624375
32.5	-17.5	1.0265703391510614
32.5	-16.25	1.0288739164936107
32.5	-15.0	1.0733262309833078
32.5	-13.75	1.0444536539539726
32.5	-12.5	0.9985370541231875
32.5	-11.25	0.9991909057867598
32.5	-10.0	1.038907021864171
32.5	-8.75	1.0334094116879333
32.5	-7.5	1.0825594965744454
32.5	-6.25	1.1161950316463205
32.5	-5.0	1.1955136684166456
32.5	-3.75	1.2130089654650362
32.5	-2.5	1.2308890881263315
32.5	-1.25	1.2132842073622108
32.5	0.0	1.1367586555711746
32.5	1.25	1.0779063389186172
32.5	2.5	1.0471609824121328
32.5	3.75	1.0353453679010203
32.5	5.0	1.0495842268542788
32.5	6.25	1.0072565045601198
32.5	7.5	0.9700617301443639
32.5	8.75	0.9821187250569441
32.5	10.0	1.025777897259216
32.5	11.25	1.1611405519234053
32.5	12.5	1.2662977802391095
32.5	13.75	1.3451436479104686
32.5	15.0	1.2899310861208777
32.5	16.25	1.5865470185289858
32.5	17.5	1.8504240411457795
32.5	18.75	1.204831981295107
32.5	20.0	0.9820062360362911
32.5	21.25	1.123547207696559
32.5	22.5	1.6815263491323895
32.5	23.75	4.7680890411575145
33.75	21.25	3.125445282542451
33.75	20.0	1.3324207916060802
33.75	18.75	1.0738925168595177
33.75	17.5	0.9966631876185605
33.75	16.25	1.3005000342667605
33.75	15.0	1.7823442734306205
33.75	13.75	1.6214807552798804
33.75	12.5	1.2993413000172458
33.75	11.25	1.2738039538848698
33.75	10.0	1.2693217263008147
33.75	8.75	1.197015343722251
33.75	7.5	1.1192797305352613
33.75	6.25	1.041673813043067
33.75	5.0	0.9865349073128051
33.75	3.75	0.9498978972166636
33.75	2.5	0.9436275124707203
33.75	1.25	0.9353958590989278
33.75	-0.0	0.9432401643275758
33.75	-1.25	0.964938344742122
33.75	-2.5	0.9486954147973528
33.75	-3.75	0.9557643731476828
33.75	-5.0	0.9447899095962455
33.75	-6.25	0.9540355100693398
33.75	-7.5	0.9584445365735661
33.75	-8.75	0.9886003969932977
33.75	-10.0	1.0626940943566403
33.75	-11.25	1.094608118789706
33.75	-12.5	1.0766547719404809
33.75	-13.75	1.0190561030941945
33.75	-15.0	1.0454473347310946
33.75	-16.25	1.0705655851295628
33.75	-17.5	1.0247588566152945
33.75	-18.75	0.9513993930054507
33.75	-20.0	0.9758443985181184
33.75	-21.25	1.055058758156088
35.0	-20.0	1.6043278896090616
35.0	-18.75	1.11740779206764
35.0	-17.5	0.9878442507552654
35.0	-16.25	0.955733858270853
35.0	-15.0	1.0522190837344523
35.0	-13.75	1.1534618030916466
35.0	-12.5	1.1318903652766803
35.0	-11.25	1.0769480012803436
35.0	-10.0	1.046360777922839
35.0	-8.75	1.0678555731419141
35.0	-7.5	1.0711405656006594
35.0	-6.25	1.0989851118716487
35.0	-5.0	1.0815740692733744
35.0	-3.75	1.0813519595420606
35.0	-2.5	1.0676373186149233
35.0	-1.25	1.0671754783783758
35.0	0.0	1.0783017432526263
35.0	1.25	1.0835152814354698
35.0	2.5	1.1118964088309982
35.0	3.75	1.136469375576067
35.0	5.0	1.195083660766966
35.0	6.25	1.2072675098178838
35.0	7.5	1.1799787583050572
35.0	8.75	1.2211687783519851
35.0	10.0	1.5069764502165768
35.0	11.25	1.810880315966057
35.0	12.5	1.6997355833887582
35.0	13.75	1.2084853199638346
35.0	15.0	1.0438778036553895
35.0	16.25	1.070882472248841
35.0	17.5	1.2920489990849457
35.0	18.75	2.0624308059151586
35.0	20.0	4.125197444134869
36.25	17.5	4.736715981146558
36.25	16.25	1.9686974071254628
36.25	15.0	1.352736340656234
36.25	13.75	1.1336714294364123
36.25	12.5	1.0495222249834768
36.25	11.25	1.0706972775151176
36.25	10.0	1.302215435753821
36.25	8.75	1.6695096407473482
36.25	7.5	1.772673138860652
36.25	6.25	1.5932670079738456
36.25	5.0	1.445216436229929
36.25	3.75	1.2878201369887945
36.25	2.5	1.1677106943108146
36.25	1.25	1.128375531879426
36.25	-0.0	1.073194974106749
36.25	-1.25	1.077466003725183
36.25	-2.5	1.087864023170308
36.25	-3.75	1.0787515365962461
36.25	-5.0	1.1140388798149479
36.25	-6.25	1.1258090248551849
36.25	-7.5	1.172976057809735
36.25	-8.75	1.1927411838692272
36.25	-10.0	1.2016415245403378
36.25	-11.25	1.1254441873382888
36.25	-12.5	1.0229985310187413
36.25	-13.75	1.0241896726124766
36.25	-15.0	1.098331222406661
36.25	-16.25	1.2223617047066728
36.25	-17.5	1.5930129107426705
37.5	-15.0	2.062808051011733
37.5	-13.75	1.4264139829447142
37.5	-12.5	1.3195519187366944
37.5	-11.25	1.2171593550495157
37.5	-10.0	1.1311959552294715
37.5	-8.75	1.1079403502381444
37.5	-7.5	1.1116186209299386
37.5	-6.25	1.1771824069048042
37.5	-5.0	1.2544781391483912
37.5	-3.75	1.3357017436582463
37.5	-2.5	1.3606399276015964
37.5	-1.25	1.4361728347979854
37.5	0.0	1.4753896950052887
37.5	1.25	1.4704979702046668
37.5	2.5	1.4382255431756787
37.5	3.75	1.3621507231195444
37.5	5.0	1.2387273781541897
37.5	6.25	1.1204553503320058
37.5	7.5	1.0936648073499153
37.5	8.75	1.1013467893580566
37.5	10.0	1.1731134011787079
37.5	11.25	1.3314261056473775
37.5	12.5	1.5391098209084308
37.5	13.75	2.936929757385375
37.5	15.0	4.118693236008323
38.75	11.25	-3.4335875006953054
38.75	10.0	2.7959058580709613
38.75	8.75	1.7639719459717496
38.75	7.5	1.4723752357503646
38.75	6.25	1.4131759105540551
38.75	5.0	1.3295382575419898
38.75	3.75	1.3005086194723559
38.75	2.5	1.279417099570976
38.75	1.25	1.2809938827566105
38.75	-0.0	1.2686563691639545
38.75	-1.25	1.2785445412345942
38.75	-2.5	1.2977406594266832
38.75	-3.75	1.326915492165826
38.75	-5.0	1.354827072913464
38.75	-6.25	1.4016469430139535
38.75	-7.5	1.4312927115091654
38.75	-8.75	1.4638066530319414
38.75	-10.0	1.721930427261591
38.75	-11.25	2.4773727508002157
40.0	-6.25	3.0892793988060756
40.0	-5.0	3.5007442244427516
40.0	-3.75	2.96951143543967
40.0	-2.5	2.5174612387575435
40.0	-1.25	2.7409141448551857
40.0	0.0	2.6951815375541956
40.0	1.25	2.507224040856527
40.0	2.5	3.2481830180839744
40.0	3.75	3.442321425846826
40.0	5.0	3.073552717796753
40.0	6.25	3.044091106554932
