-40.0	6.25	2.4081548542901743
-40.0	5.0	2.732689997444724
-40.0	3.75	3.093879495598493
-40.0	2.5	2.2089303132467295
-40.0	1.25	2.009016346159215
-40.0	-0.0	1.8817241218384755
-40.0	-1.25	1.903966846160639
-40.0	-2.5	1.8856224027930102
-40.0	-3.75	2.0906871772966307
-40.0	-5.0	2.1963663868913486
-40.0	-6.25	2.5912970211561053
-38.75	-11.25	1.8158569831119227
-38.75	-10.0	1.4799675228527462
-38.75	-8.75	1.3976324889325697
-38.75	-7.5	1.3901994303220846
-38.75	-6.25	1.391153576577933
-38.75	-5.0	1.3863848143479398
-38.75	-3.75	1.3633983519223847
-38.75	-2.5	1.3465770746645305
-38.75	-1.25	1.3468076271490625
-38.75	0.0	1.346623092377925
-38.75	1.25	1.3516979150634274
-38.75	2.5	1.365817641724048
-38.75	3.75	1.4062624732851106
-38.75	5.0	1.454334249239162
-38.75	6.25	1.5311348149630444
-38.75	7.5	1.6023039567975639
-38.75	8.75	1.8970745859069655
-38.75	10.0	2.8601938923737213
-38.75	11.25	2.2387746199877947
-37.5	15.0	2.4553151371207838
-37.5	13.75	3.8020576889250908
-37.5	12.5	1.7847870342794403
-37.5	11.25	1.485289249446434
-37.5	10.0	1.3335970265762693
-37.5	8.75	1.2090339022752081
-37.5	7.5	1.215958586886944
-37.5	6.25	1.2513823006248037
-37.5	5.0	1.368872752984812
-37.5	3.75	1.5100178810699383
-37.5	2.5	1.549482503294505
-37.5	1.25	1.5342134330335515
-37.5	-0.0	1.5294033875167514
-37.5	-1.25	1.4771470002099552
-37.5	-2.5	1.4599899974223627
-37.5	-3.75	1.3685864775565237
-37.5	-5.0	1.3216812505978748
-37.5	-6.25	1.2461690143006408
-37.5	-7.5	1.1488083732024634
-37.5	-8.75	1.113020574917134
-37.5	-10.0	1.1520877967512577
-37.5	-11.25	1.2113870552426569
-37.5	-12.5	1.3086470918931283
-37.5	-13.75	1.4345629346882944
-37.5	-15.0	1.8170164481911293
-36.25	-17.5	1.5826985820711652
-36.25	-16.25	1.2583134441264523
-36.25	-15.0	1.0880053437205737
-36.25	-13.75	1.0187626280626283
-36.25	-12.5	1.0009397339991075
-36.25	-11.25	1.1562729287276463
-36.25	-10.0	1.2892664346114469
-36.25	-8.75	1.3229973302435596
-36.25	-7.5	1.3032502582670027
-36.25	-6.25	1.2629043460854135
-36.25	-5.0	1.2050320145516373
-36.25	-3.75	1.1733759848051841
-36.25	-2.5	1.1665891031520044
-36.25	-1.25	1.1642699563811085
-36.25	0.0	1.16960159938923
-36.25	1.25	1.177928504051609
-36.25	2.5	1.2622142893879138
-36.25	3.75	1.3253844882455006
-36.25	5.0	1.5004004952303234
-36.25	6.25	1.7300140596091804
-36.25	7.5	1.9136573641803833
-36.25	8.75	1.9179722742851446
-36.25	10.0	1.5028308557419336
-36.25	11.25	1.2175524341622452
-36.25	12.5	1.1608202124735767
-36.25	13.75	1.2154052524768897
-36.25	15.0	1.540005808562026
-36.25	16.25	2.1723665254718236
-36.25	17.5	2.1921443159610448
-35.0	20.0	2.2229751755393483
-35.0	18.75	2.4217495282234447
-35.0	17.5	1.4046594936562151
-35.0	16.25	1.187276818922074
-35.0	15.0	1.1531130902683193
-35.0	13.75	1.4779414295953641
-35.0	12.5	1.8952302795959284
-35.0	11.25	1.9535162361606133
-35.0	10.0	1.5576135079453497
-35.0	8.75	1.332056772350139
-35.0	7.5	1.3154153480553727
-35.0	6.25	1.2828783207561534
-35.0	5.0	1.225008684335843
-35.0	3.75	1.220777733427906
-35.0	2.5	1.2332214996350954
-35.0	1.25	1.220028606853571
-35.0	-0.0	1.1951918778960815
-35.0	-1.25	1.1780374631767803
-35.0	-2.5	1.1865470077928117
-35.0	-3.75	1.183150586976069
-35.0	-5.0	1.207321338749133
-35.0	-6.25	1.2085486491609823
-35.0	-7.5	1.177869040599962
-35.0	-8.75	1.133835289748558
-35.0	-10.0	1.0798725609560318
-35.0	-11.25	1.1139172980703416
-35.0	-12.5	1.2103389552985222
-35.0	-13.75	1.1774607882288413
-35.0	-15.0	1.019754535603024
-35.0	-16.25	0.952114090667104
-35.0	-17.5	0.970911408743234
-35.0	-18.75	1.1307417294146136
-35.0	-20.0	1.6696026209832215
-33.75	-21.25	1.2125867251410414
-33.75	-20.0	0.944441568403084
-33.75	-18.75	0.9087650348849898
-33.75	-17.5	0.9840375416824649
-33.75	-16.25	1.1136204295311192
-33.75	-15.0	1.0900829773769196
-33.75	-13.75	1.035622398562074
-33.75	-12.5	1.1195141606923622
-33.75	-11.25	1.1640707367880498
-33.75	-10.0	1.1079446131577466
-33.75	-8.75	1.0346757070669854
-33.75	-7.5	0.9782620229697763
-33.75	-6.25	0.9562322740641953
-33.75	-5.0	0.962016726287656
-33.75	-3.75	0.9688012303803797
-33.75	-2.5	0.9713443026173127
-33.75	-1.25	0.9962768222130531
-33.75	0.0	1.0180954473162087
-33.75	1.25	1.0041961699215047
-33.75	2.5	1.005101552945895
-33.75	3.75	1.0139290523068976
-33.75	5.0	1.058327762017747
-33.75	6.25	1.0896251905475989
-33.75	7.5	1.2227993110680675
-33.75	8.75	1.3262019966667449
-33.75	10.0	1.3366865375199088
-33.75	11.25	1.394485379466527
-33.75	12.5	1.4051678211704104
-33.75	13.75	1.6964712692078798
-33.75	15.0	2.1772943226260306
-33.75	16.25	1.5491226753017004
-33.75	17.5	1.1264869490952512
-33.75	18.75	1.1146687652169955
-33.75	20.0	1.4663302751035463
-33.75	21.25	2.8098233444606873
-32.5	23.75	2.0320274623638177
-32.5	22.5	1.9097946276209647
-32.5	21.25	1.2034062950373334
-32.5	20.0	1.0967842295265058
-32.5	18.75	1.2873746846385972
-32.5	17.5	1.9221178355977404
-32.5	16.25	1.5948367973938469
-32.5	15.0	1.4891403253882043
-32.5	13.75	1.4739178887462163
-32.5	12.5	1.4116345126110659
-32.5	11.25	1.2704077384715795
-32.5	10.0	1.1232172618285299
-32.5	8.75	1.079796154117771
-32.5	7.5	1.0545051871864866
-32.5	6.25	0.9999114642616149
-32.5	5.0	0.9407707544518873
-32.5	3.75	0.928990004283385
-32.5	2.5	0.9228690240333837
-32.5	1.25	0.9043016944550857
-32.5	-0.0	0.9120729141451385
-32.5	-1.25	0.9220139809455663
-32.5	-2.5	0.9421244907333923
-32.5	-3.75	0.9432990056245663
-32.5	-5.0	0.9504837332510245
-32.5	-6.25	0.9469475977567345
-32.5	-7.5	0.9759954120068395
-32.5	-8.75	0.9869886992121817
-32.5	-10.0	0.9972167750628369
-32.5	-11.25	0.9776366610404477
-32.5	-12.5	1.0062629023309944
-32.5	-13.75	1.106037512002617
-32.5	-15.0	1.10566311855351
-32.5	-16.25	1.0284589851691912
-32.5	-17.5	1.035485883764494
-32.5	-18.75	1.05259641822912
-32.5	-20.0	0.9468287208662973
-32.5	-21.25	0.8975823241318306
-32.5	-22.5	0.9732114756760248
-32.5	-23.75	1.6670538250127453
-31.25	-25.0	1.3969451384043188
-31.25	-23.75	0.9132643581133939
-31.25	-22.5	0.8601654835647574
-31.25	-21.25	0.9778403607634987
-31.25	-20.0	1.0482516786859168
-31.25	-18.75	1.005749945098712
-31.25	-17.5	1.0594498549229385
-31.25	-16.25	1.0280510621209142
-31.25	-15.0	0.9986726810430993
-31.25	-13.75	1.0134577235261242
-31.25	-12.5	1.01640559409784
-31.25	-11.25	1.0109002778873073
-31.25	-10.0	1.0107980678430009
-31.25	-8.75	1.0353129403175227
-31.25	-7.5	1.0587218121593214
-31.25	-6.25	1.0400515855898096
-31.25	-5.0	1.0608210438635703
-31.25	-3.75	1.051613006556229
-31.25	-2.5	1.0423507940101482
-31.25	-1.25	1.0811783328884879
-31.25	0.0	1.0735872664688966
-31.25	1.25	1.071631639023459
-31.25	2.5	1.0532852648160773
-31.25	3.75	1.048027012355429
-31.25	5.0	1.0089989605469736
-31.25	6.25	0.9743628922643008
-31.25	7.5	0.952750283794737
-31.25	8.75	0.9434151146034448
-31.25	10.0	0.9941781207808686
-31.25	11.25	1.1128514985146731
-31.25	12.5	1.1366253172272556
-31.25	13.75	1.2443144123354601
-31.25	15.0	1.4638558240887445
-31.25	16.25	1.5790133431722575
-31.25	17.5	1.4989399921714766
-31.25	18.75	1.8473596785808244
-31.25	20.0	1.809987877065664
-31.25	21.25	1.131666367211709
-31.25	22.5	1.136841592407447
-31.25	23.75	1.566669258233838
-31.25	25.0	2.128927991114768
-30.0	26.25	-2.290081467663176
-30.0	25.0	1.3988821172788075
-30.0	23.75	1.0966801448792047
-30.0	22.5	1.2160093213535506
-30.0	21.25	1.812363989600751
-30.0	20.0	1.4721266816833438
-30.0	18.75	1.6526704815805182
-30.0	17.5	1.5527046290885753
-30.0	16.25	1.3126525234803683
-30.0	15.0	1.1589173329653875
-30.0	13.75	1.1177862607424451
-30.0	12.5	0.9953139300801537
-30.0	11.25	0.9681872256321631
-30.0	10.0	1.0039155250537233
-30.0	8.75	1.0522816992631139
-30.0	7.5	1.039358646130073
-30.0	6.25	1.0163606672749452
-30.0	5.0	0.976683757133098
-30.0	3.75	0.9574836549586667
-30.0	2.5	0.9453612625166441
-30.0	1.25	0.9494107258370974
-30.0	-0.0	0.9448175234069813
-30.0	-1.25	0.9494143484692756
-30.0	-2.5	0.9684082187101994
-30.0	-3.75	0.959829369922697
-30.0	-5.0	0.9868157902043944
-30.0	-6.25	0.9982320709329766
-30.0	-7.5	1.036961101636253
-30.0	-8.75	1.05985289036406
-30.0	-10.0	1.0984653559791635
-30.0	-11.25	1.0820676320707543
-30.0	-12.5	1.0711200078663206
-30.0	-13.75	1.0470185463147388
-30.0	-15.0	1.052431248685684
-30.0	-16.25	1.0722323224341999
-30.0	-17.5	1.001467138430197
-30.0	-18.75	1.0213472060797493
-30.0	-20.0	0.9929699487531334
-30.0	-21.25	0.9723108993975789
-30.0	-22.5	0.974900413846898
-30.0	-23.75	0.8664522713538574
-30.0	-25.0	0.8945001774384354
-30.0	-26.25	1.324278475999007
-28.75	-27.5	1.3999468089400136
-28.75	-26.25	0.9115154771552252
-28.75	-25.0	0.8978738547473881
-28.75	-23.75	0.9523919827811671
-28.75	-22.5	0.9416818991913001
-28.75	-21.25	0.985967128257017
-28.75	-20.0	0.9818508716757366
-28.75	-18.75	1.0893552575713876
-28.75	-17.5	1.1100952100177208
-28.75	-16.25	1.0899022944263717
-28.75	-15.0	1.1236155755327886
-28.75	-13.75	1.116659681860428
-28.75	-12.5	1.0900699169217587
-28.75	-11.25	1.0409426227088332
-28.75	-10.0	0.9849705976420617
-28.75	-8.75	0.9324463792069517
-28.75	-7.5	0.9205245384298966
-28.75	-6.25	0.9205115288920975
-28.75	-5.0	0.9309497007612517
-28.75	-3.75	0.9280656552873037
-28.75	-2.5	0.9379457863904461
-28.75	-1.25	0.9448583922289622
-28.75	0.0	0.9684283983756048
-28.75	1.25	0.9620092847714066
-28.75	2.5	0.9462802761996167
-28.75	3.75	0.9401225066318482
-28.75	5.0	0.9293559913577969
-28.75	6.25	0.944298030135938
-28.75	7.5	0.9241154042327695
-28.75	8.75	0.9556168060484538
-28.75	10.0	0.9898282079890217
-28.75	11.25	1.0167389733107797
-28.75	12.5	1.0398469112273032
-28.75	13.75	0.9802119675312468
-28.75	15.0	1.0265857416826787
-28.75	16.25	1.1694973940176911
-28.75	17.5	1.1997210307725332
-28.75	18.75	1.444093143479014
-28.75	20.0	1.7193930174013703
-28.75	21.25	1.3853501808695254
-28.75	22.5	1.628583902781985
-28.75	23.75	1.2628253150504793
-28.75	25.0	1.0645846203828988
-28.75	26.25	1.2800125432460305
-28.75	27.5	2.6153686906880296
-27.5	28.75	2.3698651970330946
-27.5	27.5	1.3096243945514185
-27.5	26.25	1.0611084750859154
-27.5	25.0	1.6221938514121979
-27.5	23.75	1.6743191611035773
-27.5	22.5	1.6764055981420833
-27.5	21.25	1.6461400843726164
-27.5	20.0	1.356716990144136
-27.5	18.75	1.2430580400583002
-27.5	17.5	1.0853489167442696
-27.5	16.25	1.001891676383167
-27.5	15.0	1.0505017575791973
-27.5	13.75	1.001267935728018
-27.5	12.5	0.917277880852728
-27.5	11.25	0.9203837215220503
-27.5	10.0	0.9517885527178152
-27.5	8.75	0.9400562142519604
-27.5	7.5	0.9687635148778453
-27.5	6.25	0.980952638673859
-27.5	5.0	0.9647498108015462
-27.5	3.75	0.9925998164599523
-27.5	2.5	1.0240450954179812
-27.5	1.25	1.0404531436682474
-27.5	-0.0	0.9926262743034915
-27.5	-1.25	0.9719468460995371
-27.5	-2.5	0.9950676878855926
-27.5	-3.75	0.979457255982191
-27.5	-5.0	1.0116741100947335
-27.5	-6.25	1.012728613357151
-27.5	-7.5	0.9909366148495415
-27.5	-8.75	0.9616276823487375
-27.5	-10.0	0.9287426584523848
-27.5	-11.25	0.9109039578707501
-27.5	-12.5	0.9499292534261983
-27.5	-13.75	1.0108578648044215
-27.5	-15.0	1.0777191332323444
-27.5	-16.25	1.1446947900288773
-27.5	-17.5	1.151378049319459
-27.5	-18.75	1.1355615247269943
-27.5	-20.0	1.1772963464156572
-27.5	-21.25	1.0266402903095795
-27.5	-22.5	0.9888686383904011
-27.5	-23.75	0.9549021609606108
-27.5	-25.0	0.9512991215462305
-27.5	-26.25	0.9083627772339407
-27.5	-27.5	0.8833890810311846
-27.5	-28.75	1.5442721778348023
-26.25	-30.0	2.177429828177482
-26.25	-28.75	0.9018494948837619
-26.25	-27.5	0.8664119178129663
-26.25	-26.25	0.8997382450098366
-26.25	-25.0	0.9637455933896728
-26.25	-23.75	0.9650957488273457
-26.25	-22.5	1.0802020012072742
-26.25	-21.25	1.1839085064248938
-26.25	-20.0	1.1956276462623805
-26.25	-18.75	1.1884554880665945
-26.25	-17.5	1.1347509755007898
-26.25	-16.25	0.9976171927899848
-26.25	-15.0	0.9140625154755453
-26.25	-13.75	0.9106003294086804
-26.25	-12.5	0.9315394810787048
-26.25	-11.25	0.9747671659563215
-26.25	-10.0	0.9881524977877199
-26.25	-8.75	0.9998878541198719
-26.25	-7.5	1.0139510852330744
-26.25	-6.25	0.9875371200276071
-26.25	-5.0	1.0024138001651464
-26.25	-3.75	1.0263569223807085
-26.25	-2.5	1.033387922119232
-26.25	-1.25	1.0381888772809056
-26.25	0.0	1.1065830802049161
-26.25	1.25	1.113032278898551
-26.25	2.5	1.0955990368091753
-26.25	3.75	1.0631447465941637
-26.25	5.0	1.0071868376108215
-26.25	6.25	1.0122182304705705
-26.25	7.5	1.0097988167357794
-26.25	8.75	0.97989658022128
-26.25	10.0	0.9786800717980446
-26.25	11.25	0.9665978369997905
-26.25	12.5	0.9093736951878029
-26.25	13.75	0.9126324372792185
-26.25	15.0	0.9139487355771179
-26.25	16.25	1.0298088281757938
-26.25	17.5	1.0165482158207055
-26.25	18.75	1.0509341813018835
-26.25	20.0	1.2261908171397256
-26.25	21.25	1.2867748428723482
-26.25	22.5	1.6107322353621925
-26.25	23.75	1.7580807847071798
-26.25	25.0	1.5757051958673305
-26.25	26.25	1.6095752477279728
-26.25	27.5	1.0716259581482444
-26.25	28.75	1.3231949761043102
-26.25	30.0	2.264596858088286
-25.0	31.25	1.872436728338971
-25.0	30.0	1.428943903592959
-25.0	28.75	1.0659114387524031
-25.0	27.5	1.244548854690847
-25.0	26.25	1.6200925652948461
-25.0	25.0	1.7632162295473393
-25.0	23.75	1.5844964652840225
-25.0	22.5	1.305711186407569
-25.0	21.25	1.2218211267717702
-25.0	20.0	1.0187981831516666
-25.0	18.75	1.0438731782957156
-25.0	17.5	0.9084228868470445
-25.0	16.25	0.9048281464438279
-25.0	15.0	0.9021239140190911
-25.0	13.75	0.9213892053599126
-25.0	12.5	0.9645009514738057
-25.0	11.25	0.9767075395641189
-25.0	10.0	1.0306557333102102
-25.0	8.75	0.9981745020547876
-25.0	7.5	1.1735110326344556
-25.0	6.25	1.3550742968758076
-25.0	5.0	1.252209328198366
-25.0	3.75	1.129779198984977
-25.0	2.5	1.0358916609254942
-25.0	1.25	0.9534987227760698
-25.0	-0.0	0.8970585098822585
-25.0	-1.25	0.8917313621929468
-25.0	-2.5	0.8864153542444919
-25.0	-3.75	0.8802197796395621
-25.0	-5.0	0.9068378738541618
-25.0	-6.25	0.9468056198355264
-25.0	-7.5	0.9974996174976178
-25.0	-8.75	1.0621904058148592
-25.0	-10.0	0.9539398191493067
-25.0	-11.25	0.9338301610660835
-25.0	-12.5	0.932005777950641
-25.0	-13.75	0.9320852815467049
-25.0	-15.0	0.9219573968608339
-25.0	-16.25	0.908122640528088
-25.0	-17.5	0.9321643737347838
-25.0	-18.75	1.0692639403469162
-25.0	-20.0	1.1800051577843709
-25.0	-21.25	1.2183535081776453
-25.0	-22.5	1.213145681271108
-25.0	-23.75	1.131300357759181
-25.0	-25.0	0.9337354983190913
-25.0	-26.25	0.9235971999225328
-25.0	-27.5	0.8970867105741505
-25.0	-28.75	0.8517499978730703
-25.0	-30.0	0.9776592358117249
-25.0	-31.25	2.3724487557867935
-23.75	-32.5	2.247774047403702
-23.75	-31.25	1.2572787403195873
-23.75	-30.0	0.8661079555577613
-23.75	-28.75	0.8943625860495263
-23.75	-27.5	0.9329905322539656
-23.75	-26.25	0.9278807519272823
-23.75	-25.0	1.166550632286504
-23.75	-23.75	1.2399108076825929
-23.75	-22.5	1.24329226204814
-23.75	-21.25	1.1588656214436686
-23.75	-20.0	0.9938547727733749
-23.75	-18.75	0.8971744601174114
-23.75	-17.5	0.8995761688525237
-23.75	-16.25	0.9092708151342466
-23.75	-15.0	0.8964398133035125
-23.75	-13.75	0.9151783105446087
-23.75	-12.5	0.936403228485565
-23.75	-11.25	0.9292484800722356
-23.75	-10.0	0.8855663670518688
-23.75	-8.75	0.8554468030906728
-23.75	-7.5	0.8544421073830915
-23.75	-6.25	0.8373634207541532
-23.75	-5.0	0.8446988039523102
-23.75	-3.75	0.8341386078458939
-23.75	-2.5	0.8321976441179357
-23.75	-1.25	0.8362808727798736
-23.75	0.0	0.8531185595187987
-23.75	1.25	0.8517643459981805
-23.75	2.5	0.8462194747638216
-23.75	3.75	0.8658473143779482
-23.75	5.0	0.9068366502407841
-23.75	6.25	0.9887321992557787
-23.75	7.5	1.1380088332910585
-23.75	8.75	1.2609990386521233
-23.75	10.0	1.210657404197752
-23.75	11.25	1.0043786240805126
-23.75	12.5	1.0161675858504937
-23.75	13.75	0.936371387214078
-23.75	15.0	0.9250045270543117
-23.75	16.25	0.8867725888148925
-23.75	17.5	0.9001643738517302
-23.75	18.75	0.8994871868353203
-23.75	20.0	1.071558346670935
-23.75	21.25	1.0104561610087117
-23.75	22.5	1.2237123505326455
-23.75	23.75	1.325266909349554
-23.75	25.0	1.6069896709768798
-23.75	26.25	1.6749756756402236
-23.75	27.5	1.4540807167904433
-23.75	28.75	1.1917582692447048
-23.75	30.0	1.0782303876058208
-23.75	31.25	1.6467694249266813
-23.75	32.5	2.092061258298445
-22.5	32.5	2.2693420967912603
-22.5	31.25	1.1262917681128268
-22.5	30.0	1.0798431771373025
-22.5	28.75	1.3954474027689265
-22.5	27.5	1.4771005847170429
-22.5	26.25	1.660422535320416
-22.5	25.0	1.3930306468748457
-22.5	23.75	1.2444471762911622
-22.5	22.5	1.0070647764179093
-22.5	21.25	1.07950699007967
-22.5	20.0	0.9004644447608818
-22.5	18.75	0.8866035887242649
-22.5	17.5	0.873739345264557
-22.5	16.25	0.9141320470227123
-22.5	15.0	0.9546415153434396
-22.5	13.75	0.9638393440639872
-22.5	12.5	1.0644333042653038
-22.5	11.25	1.0337219354609317
-22.5	10.0	0.9352560130094298
-22.5	8.75	0.8854487034013472
-22.5	7.5	0.8748833921306733
-22.5	6.25	0.8583564569022943
-22.5	5.0	0.8750048955032339
-22.5	3.75	0.9144640405961475
-22.5	2.5	0.9184463500439097
-22.5	1.25	0.9479396543592324
-22.5	-0.0	0.939747937249841
-22.5	-1.25	0.92092798891347
-22.5	-2.5	0.9320328837980272
-22.5	-3.75	0.9189716367869032
-22.5	-5.0	0.9280272505814384
-22.5	-6.25	0.8887741356030343
-22.5	-7.5	0.851160570260312
-22.5	-8.75	0.848976959081245
-22.5	-10.0	0.8550785008839501
-22.5	-11.25	0.8601383374784533
-22.5	-12.5	0.886649319346553
-22.5	-13.75	1.0427356426019312
-22.5	-15.0	0.9209454285589533
-22.5	-16.25	0.8772220254067822
-22.5	-17.5	0.8834450707961903
-22.5	-18.75	0.8962578082378148
-22.5	-20.0	0.8862742155934118
-22.5	-21.25	0.9617977661288792
-22.5	-22.5	1.1646639771919052
-22.5	-23.75	1.2643000756642477
-22.5	-25.0	1.2489401196919037
-22.5	-26.25	1.1363240112230768
-22.5	-27.5	0.926779561078166
-22.5	-28.75	0.8979704420227801
-22.5	-30.0	0.9070668043025556
-22.5	-31.25	0.8945182732262573
-22.5	-32.5	2.0810793758542516
-21.25	-33.75	2.5167804553010615
-21.25	-32.5	0.9978819871326916
-21.25	-31.25	0.9189692826601759
-21.25	-30.0	0.9078387923294882
-21.25	-28.75	0.9297106581513503
-21.25	-27.5	1.1288715396533586
-21.25	-26.25	1.272041309899672
-21.25	-25.0	1.2920381764264635
-21.25	-23.75	1.1481758610782595
-21.25	-22.5	0.9358458277438029
-21.25	-21.25	0.8592443220360142
-21.25	-20.0	0.8823007419139994
-21.25	-18.75	0.8805156368087808
-21.25	-17.5	0.8628994204676443
-21.25	-16.25	1.0312575747537478
-21.25	-15.0	0.8938413458172167
-21.25	-13.75	0.8337705183750801
-21.25	-12.5	0.8400572728786448
-21.25	-11.25	0.8218193338030169
-21.25	-10.0	0.8608215330091813
-21.25	-8.75	0.885956600592193
-21.25	-7.5	0.8926155622265455
-21.25	-6.25	0.8931907432003658
-21.25	-5.0	0.8867453913835615
-21.25	-3.75	0.9017116398676848
-21.25	-2.5	0.8814303064489533
-21.25	-1.25	0.8757091960212149
-21.25	0.0	0.8904299426391837
-21.25	1.25	0.8817498344160377
-21.25	2.5	0.906687839732248
-21.25	3.75	0.9122881867829191
-21.25	5.0	0.9375172685760784
-21.25	6.25	0.9652895327642135
-21.25	7.5	0.8970901703118139
-21.25	8.75	0.882992233046501
-21.25	10.0	0.8948973472619981
-21.25	11.25	0.8824730179729574
-21.25	12.5	0.9195799493367396
-21.25	13.75	0.9719653140962592
-21.25	15.0	0.9300506490589919
-21.25	16.25	0.9218856808783658
-21.25	17.5	0.9114774295895911
-21.25	18.75	0.8922509148340811
-21.25	20.0	0.8765827208712826
-21.25	21.25	0.8824842537776796
-21.25	22.5	1.0688498222811553
-21.25	23.75	1.0313049483845322
-21.25	25.0	1.2942493228540144
-21.25	26.25	1.51231406136991
-21.25	27.5	1.7618090872742957
-21.25	28.75	1.3494137221730105
-21.25	30.0	1.4859262096467312
-21.25	31.25	1.0354638594081145
-21.25	32.5	1.3236727449460206
-21.25	33.75	2.0029527817494213
-20.0	35.0	1.6847147326951433
-20.0	33.75	1.80862132865321
-20.0	32.5	1.0631495801575896
-20.0	31.25	1.5786862885571304
-20.0	30.0	1.5525230378344297
-20.0	28.75	1.797989866301779
-20.0	27.5	1.5434378325461804
-20.0	26.25	1.3330594818520867
-20.0	25.0	1.058594137643933
-20.0	23.75	1.083526744873394
-20.0	22.5	0.9181747075690962
-20.0	21.25	0.8750586551809452
-20.0	20.0	0.8841938427658391
-20.0	18.75	0.9422008982736472
-20.0	17.5	0.9397821203148542
-20.0	16.25	0.921702286378931
-20.0	15.0	0.9500450866943453
-20.0	13.75	0.9047243327958796
-20.0	12.5	0.9159047951575525
-20.0	11.25	0.889409560031087
-20.0	10.0	0.929927698827532
-20.0	8.75	0.9669326036569377
-20.0	7.5	0.9264114443621079
-20.0	6.25	0.9103346101462515
-20.0	5.0	0.8993787428236182
-20.0	3.75	0.8712371796024607
-20.0	2.5	0.8718083813809061
-20.0	1.25	0.8838405722559628
-20.0	-0.0	0.8755464267618285
-20.0	-1.25	0.8673854357314212
-20.0	-2.5	0.86523174209555
-20.0	-3.75	0.8590001179977254
-20.0	-5.0	0.8580204528285753
-20.0	-6.25	0.8599725197817332
-20.0	-7.5	0.8625969760163414
-20.0	-8.75	0.8522436841689789
-20.0	-10.0	0.8634133761678919
-20.0	-11.25	0.8675444011371924
-20.0	-12.5	0.8466842973913247
-20.0	-13.75	0.8243755331866289
-20.0	-15.0	0.8302486099096571
-20.0	-16.25	0.8489822199519006
-20.0	-17.5	0.985378893126093
-20.0	-18.75	0.8668809852773451
-20.0	-20.0	0.8705037358000673
-20.0	-21.25	0.8949625609666594
-20.0	-22.5	0.8755636654260357
-20.0	-23.75	0.9563375247216976
-20.0	-25.0	1.1875478456453203
-20.0	-26.25	1.2867664743312908
-20.0	-27.5	1.2833339184142858
-20.0	-28.75	1.0473940078883759
-20.0	-30.0	0.9410457742749045
-20.0	-31.25	0.8713209094873218
-20.0	-32.5	0.8808324847502682
-20.0	-33.75	1.856617286193572
-20.0	-35.0	2.238812987271933
-18.75	-35.0	2.4401313467431844
-18.75	-33.75	1.024686689102925
-18.75	-32.5	0.896238001286493
-18.75	-31.25	0.9342626528520643
-18.75	-30.0	0.9620677496381251
-18.75	-28.75	1.28511863314153
-18.75	-27.5	1.31864521260741
-18.75	-26.25	1.2167162348135996
-18.75	-25.0	0.9775376322837515
-18.75	-23.75	0.8721523788099059
-18.75	-22.5	0.8830938191512043
-18.75	-21.25	0.8838616722690755
-18.75	-20.0	0.8728573313259549
-18.75	-18.75	0.8745954958504019
-18.75	-17.5	0.8375617199906706
-18.75	-16.25	0.8208881884189667
-18.75	-15.0	0.8401012224633746
-18.75	-13.75	0.8445261353940001
-18.75	-12.5	0.853476688564017
-18.75	-11.25	0.8364429421132682
-18.75	-10.0	0.852350136439517
-18.75	-8.75	0.8481588016375099
-18.75	-7.5	0.8581228729437367
-18.75	-6.25	0.8691435567106343
-18.75	-5.0	0.884543709101302
-18.75	-3.75	0.8967659207972769
-18.75	-2.5	0.9346756155108649
-18.75	-1.25	0.8846486708034114
-18.75	0.0	0.8836937095886075
-18.75	1.25	0.947507358504418
-18.75	2.5	0.9267159783787937
-18.75	3.75	0.9497937017072902
-18.75	5.0	0.9600246272182034
-18.75	6.25	0.9550745478381639
-18.75	7.5	0.9246232912854255
-18.75	8.75	0.9492934786861076
-18.75	10.0	0.929914355190685
-18.75	11.25	0.9767946992198571
-18.75	12.5	0.9092501384916618
-18.75	13.75	0.9076827945076085
-18.75	15.0	0.9306845620645143
-18.75	16.25	0.9246073664508856
-18.75	17.5	0.9567097438724907
-18.75	18.75	0.9655555470002186
-18.75	20.0	0.9284567767398233
-18.75	21.25	0.9016093776042764
-18.75	22.5	0.8815285161333328
-18.75	23.75	0.9414663104072645
-18.75	25.0	1.0734929779305071
-18.75	26.25	1.143658504938724
-18.75	27.5	1.3510193458658044
-18.75	28.75	1.6000313690717105
-18.75	30.0	1.6617520866489741
-18.75	31.25	1.6397801761790554
-18.75	32.5	1.0752982342529656
-18.75	33.75	1.2258881713596637
-18.75	35.0	2.0140434702273557
-17.5	36.25	1.7793086039845951
-17.5	35.0	1.6917787830462094
-17.5	33.75	1.054628318882468
-17.5	32.5	1.6196338206389616
-17.5	31.25	1.4517563952092782
-17.5	30.0	1.7410864401294734
-17.5	28.75	1.4367680638232248
-17.5	27.5	1.2367969551291402
-17.5	26.25	1.0436402746028595
-17.5	25.0	0.9958443538016493
-17.5	23.75	0.9027237124128789
-17.5	22.5	0.8899766673865015
-17.5	21.25	0.9070405487738231
-17.5	20.0	0.9596861517727051
-17.5	18.75	0.9584916715937801
-17.5	17.5	0.9446987254276635
-17.5	16.25	0.9322200041713655
-17.5	15.0	0.9128555684331205
-17.5	13.75	0.942677604452749
-17.5	12.5	0.9652007906129958
-17.5	11.25	0.9287799219901824
-17.5	10.0	0.9610858862267646
-17.5	8.75	0.9139003911445798
-17.5	7.5	0.9156764639750046
-17.5	6.25	0.9031375106517459
-17.5	5.0	0.9125423725473558
-17.5	3.75	0.9057386005668979
-17.5	2.5	0.9119451449554887
-17.5	1.25	0.8934398554260508
-17.5	-0.0	0.8842301924652638
-17.5	-1.25	0.9298714782410444
-17.5	-2.5	0.8807925775228895
-17.5	-3.75	0.8999482136694139
-17.5	-5.0	0.9268179990836227
-17.5	-6.25	0.9267016632628753
-17.5	-7.5	0.8847846014741236
-17.5	-8.75	0.8669872515904693
-17.5	-10.0	0.8563676178365167
-17.5	-11.25	0.8428869429525454
-17.5	-12.5	0.8385184682679947
-17.5	-13.75	0.8416336172013752
-17.5	-15.0	0.8343373810315633
-17.5	-16.25	0.8418293921430298
-17.5	-17.5	0.8217213195096784
-17.5	-18.75	0.8445310867677547
-17.5	-20.0	0.8449885067882148
-17.5	-21.25	0.8705164613782514
-17.5	-22.5	0.8621965400961065
-17.5	-23.75	0.8577575528147268
-17.5	-25.0	0.8695119975265921
-17.5	-26.25	1.017075055985103
-17.5	-27.5	1.262462772252916
-17.5	-28.75	1.3578530022301791
-17.5	-30.0	1.2130825842470214
-17.5	-31.25	0.9782617041886654
-17.5	-32.5	0.8884568044695857
-17.5	-33.75	0.943134239240857
-17.5	-35.0	1.8792006739787208
-17.5	-36.25	2.52465146870239
-16.25	-36.25	2.551248737911333
-16.25	-35.0	1.1090757608848447
-16.25	-33.75	0.9189101870476071
-16.25	-32.5	0.9528233007025158
-16.25	-31.25	1.0346352345787952
-16.25	-30.0	1.3508871123060882
-16.25	-28.75	1.3400127106382804
-16.25	-27.5	1.1228621208851663
-16.25	-26.25	0.886661262933619
-16.25	-25.0	0.8736929577263828
-16.25	-23.75	0.8596187398693234
-16.25	-22.5	0.8594764583680021
-16.25	-21.25	0.8738761019321668
-16.25	-20.0	0.8328671559951362
-16.25	-18.75	0.8199239767313138
-16.25	-17.5	0.8187341277799467
-16.25	-16.25	0.8407721389143514
-16.25	-15.0	0.8233764407486754
-16.25	-13.75	0.8234261453552367
-16.25	-12.5	0.8475431938977964
-16.25	-11.25	0.8544624674660115
-16.25	-10.0	0.8667530678066084
-16.25	-8.75	0.8865641084443769
-16.25	-7.5	0.9068935046621149
-16.25	-6.25	0.9113927722088535
-16.25	-5.0	0.9073234373820096
-16.25	-3.75	0.9041898876864032
-16.25	-2.5	0.9183354836045634
-16.25	-1.25	0.9075531369164791
-16.25	0.0	0.9357519077945771
-16.25	1.25	0.9401644521923629
-16.25	2.5	0.9514604171261629
-16.25	3.75	0.9624684545225071
-16.25	5.0	0.9576695400949733
-16.25	6.25	0.9308557330577871
-16.25	7.5	0.9706261837049652
-16.25	8.75	0.937071727256102
-16.25	10.0	0.9209061588094176
-16.25	11.25	0.951534551329047
-16.25	12.5	0.9358492507213825
-16.25	13.75	0.9550176476030696
-16.25	15.0	0.9665082659563691
-16.25	16.25	0.9075383936943462
-16.25	17.5	0.924290105075273
-16.25	18.75	0.9473956686345533
-16.25	20.0	0.9340162529890117
-16.25	21.25	1.0019063884231896
-16.25	22.5	0.9105783273054078
-16.25	23.75	0.8985977782278933
-16.25	25.0	0.9234293141299643
-16.25	26.25	1.0419128888446352
-16.25	27.5	1.070631101685743
-16.25	28.75	1.3315907507736044
-16.25	30.0	1.5153935701376984
-16.25	31.25	1.7748048263136127
-16.25	32.5	1.5747546103463916
-16.25	33.75	1.2054113342678914
-16.25	35.0	1.1913209570367753
-16.25	36.25	2.0493265752972842
-15.0	37.5	2.0363554861353546
-15.0	36.25	1.977790001996147
-15.0	35.0	1.0561174571870922
-15.0	33.75	1.552134653473603
-15.0	32.5	1.5260591634179406
-15.0	31.25	1.743662114559048
-15.0	30.0	1.3860964386741603
-15.0	28.75	1.2278775259354404
-15.0	27.5	1.0590750220025482
-15.0	26.25	0.9801684702742186
-15.0	25.0	0.9056092830618026
-15.0	23.75	0.8863476077541446
-15.0	22.5	0.9606642364367204
-15.0	21.25	0.9579396305517518
-15.0	20.0	0.9788495377133524
-15.0	18.75	0.937785647841217
-15.0	17.5	0.9274198158869265
-15.0	16.25	0.9723705280544701
-15.0	15.0	0.9700765461324048
-15.0	13.75	0.9277118391606907
-15.0	12.5	0.9742484915879555
-15.0	11.25	0.9334935769752004
-15.0	10.0	0.9116350175767902
-15.0	8.75	0.9372301690177496
-15.0	7.5	0.9540550050715915
-15.0	6.25	0.9112121986594346
-15.0	5.0	0.9421920953533567
-15.0	3.75	0.9301322189364827
-15.0	2.5	0.9286300710828694
-15.0	1.25	0.9196156639562307
-15.0	-0.0	0.9073784306879462
-15.0	-1.25	0.898242449328162
-15.0	-2.5	0.9005996100372631
-15.0	-3.75	0.898486075081105
-15.0	-5.0	0.8685453782540833
-15.0	-6.25	0.8752315590621347
-15.0	-7.5	0.8795349516184183
-15.0	-8.75	0.87797072498973
-15.0	-10.0	0.8805007264146205
-15.0	-11.25	0.8694356793073057
-15.0	-12.5	0.9043715248848097
-15.0	-13.75	0.866777489312403
-15.0	-15.0	0.8313087807088904
-15.0	-16.25	0.8259669905846962
-15.0	-17.5	0.820502526922974
-15.0	-18.75	0.8049265406073678
-15.0	-20.0	0.817002130600299
-15.0	-21.25	0.8429847785482654
-15.0	-22.5	0.9717201942001203
-15.0	-23.75	0.8702664591724139
-15.0	-25.0	0.8689484157772362
-15.0	-26.25	0.8803905717221401
-15.0	-27.5	0.9353112807922761
-15.0	-28.75	1.2445795966864157
-15.0	-30.0	1.4079568195207495
-15.0	-31.25	1.2716121754846865
-15.0	-32.5	0.9651152996108721
-15.0	-33.75	0.9165400083098696
-15.0	-35.0	0.9887078306369004
-15.0	-36.25	2.484354760789847
-15.0	-37.5	2.19720360060053
-13.75	-37.5	2.341720895973083
-13.75	-36.25	1.5929909712807255
-13.75	-35.0	0.9474740830749155
-13.75	-33.75	0.9749383916290384
-13.75	-32.5	1.052510543260654
-13.75	-31.25	1.3802690437001406
-13.75	-30.0	1.3537336787307357
-13.75	-28.75	1.0569000433813134
-13.75	-27.5	0.8711098273117504
-13.75	-26.25	0.8717043211599664
-13.75	-25.0	0.8537295433946408
-13.75	-23.75	0.9220871876028225
-13.75	-22.5	0.8957026928632006
-13.75	-21.25	0.818212243552102
-13.75	-20.0	0.8319850271666773
-13.75	-18.75	0.8235887307604903
-13.75	-17.5	0.8195497421562346
-13.75	-16.25	0.8235350000919661
-13.75	-15.0	0.8690160672455205
-13.75	-13.75	0.8641749515299306
-13.75	-12.5	0.8662448000848215
-13.75	-11.25	0.879969169961524
-13.75	-10.0	0.8650019649185579
-13.75	-8.75	0.8558387830666003
-13.75	-7.5	0.8534358840560596
-13.75	-6.25	0.8559559959915148
-13.75	-5.0	0.8743998099339843
-13.75	-3.75	0.8837738867921026
-13.75	-2.5	0.8856787948855978
-13.75	-1.25	0.87454231484688
-13.75	0.0	0.8785525678754622
-13.75	1.25	0.9008020378240147
-13.75	2.5	0.8920962197543512
-13.75	3.75	0.8850724810889066
-13.75	5.0	0.9008412412288873
-13.75	6.25	0.8976011311875842
-13.75	7.5	0.9126652774694479
-13.75	8.75	0.9059518646640949
-13.75	10.0	0.9168199384519955
-13.75	11.25	0.9160651532723101
-13.75	12.5	0.9219702326320949
-13.75	13.75	0.965363268693257
-13.75	15.0	0.9521582766839041
-13.75	16.25	1.0053119125191579
-13.75	17.5	0.9415629636795861
-13.75	18.75	0.9511338485331864
-13.75	20.0	0.9377418516458436
-13.75	21.25	0.9883265472779277
-13.75	22.5	0.9938904991638955
-13.75	23.75	0.9240689253161616
-13.75	25.0	0.9179192457491689
-13.75	26.25	0.948086288501039
-13.75	27.5	1.0622139605157397
-13.75	28.75	1.0842599851190258
-13.75	30.0	1.3242716420262077
-13.75	31.25	1.5387509564064716
-13.75	32.5	1.7792705396902324
-13.75	33.75	1.6394141751811633
-13.75	35.0	1.0984214087306032
-13.75	36.25	1.3587104487950663
-13.75	37.5	2.158212589107631
-12.5	37.5	2.397011331291683
-12.5	36.25	1.1354264274114652
-12.5	35.0	1.404216457967994
-12.5	33.75	1.663449532604222
-12.5	32.5	1.8356298472232009
-12.5	31.25	1.4340137481237933
-12.5	30.0	1.282317917691671
-12.5	28.75	1.0745722789541743
-12.5	27.5	1.0011935131052532
-12.5	26.25	0.9022187189641038
-12.5	25.0	0.8853023450723532
-12.5	23.75	0.9865579855414612
-12.5	22.5	0.9851793252701349
-12.5	21.25	0.9532253725253899
-12.5	20.0	0.9647955605242782
-12.5	18.75	0.9580758359013704
-12.5	17.5	1.0352856568600917
-12.5	16.25	0.9747276892001322
-12.5	15.0	0.9838211360325513
-12.5	13.75	0.9462963695872997
-12.5	12.5	0.9211206850448335
-12.5	11.25	0.9202780576212106
-12.5	10.0	0.922227125594465
-12.5	8.75	0.9026447715460364
-12.5	7.5	0.8914456846602823
-12.5	6.25	0.8972248754772307
-12.5	5.0	0.905628057025587
-12.5	3.75	0.9228815897381466
-12.5	2.5	0.9202601872495375
-12.5	1.25	0.9254573871376852
-12.5	-0.0	0.934717381345676
-12.5	-1.25	0.9348885440200982
-12.5	-2.5	0.9342718606265619
-12.5	-3.75	0.9420381305824401
-12.5	-5.0	0.9318550446054665
-12.5	-6.25	0.8920838091077794
-12.5	-7.5	0.8793108432599483
-12.5	-8.75	0.8522380069804001
-12.5	-10.0	0.8495384347316248
-12.5	-11.25	0.8514809363065083
-12.5	-12.5	0.85083047348098
-12.5	-13.75	0.8503132232214297
-12.5	-15.0	0.8792795083662845
-12.5	-16.25	0.858120473871665
-12.5	-17.5	0.826048024171298
-12.5	-18.75	0.8248573067610465
-12.5	-20.0	0.8268672443338012
-12.5	21.25	0.911152915600355
-12.5	22.5	0.9669052841360992
-12.5	23.75	0.985657196112065
-12.5	25.0	0.8893006864853925
-12.5	26.25	0.9024895618914686
-12.5	27.5	1.0095994700196442
-12.5	28.75	1.0737891092874925
-12.5	30.0	1.2600689176334328
-12.5	31.25	1.4171477347779966
-12.5	32.5	1.8153440554817069
-12.5	33.75	1.653797663431968
-12.5	35.0	1.3946731863265462
-12.5	36.25	1.1324476507106054
-12.5	37.5	2.1744566032418895
-11.25	38.75	1.9582496987999907
-11.25	37.5	1.8800165520589749
-11.25	36.25	1.026654374086915
-11.25	35.0	1.5763187669441283
-11.25	33.75	1.5757083583285354
-11.25	32.5	1.6872252387460884
-11.25	31.25	1.3506456354581386
-11.25	30.0	1.167334000644404
-11.25	28.75	1.0848814773086257
-11.25	27.5	0.9460857887601701
-11.25	26.25	0.8757803808756268
-11.25	25.0	0.9166523361706602
-11.25	23.75	1.0208067717077407
-11.25	22.5	0.9691569034799539
-11.25	21.25	0.9583775572679816
-11.25	20.0	0.9575220142398733
-11.25	18.75	1.0038302254074143
-11.25	17.5	0.9864506698321742
-11.25	16.25	1.021950427036038
-11.25	15.0	0.9693700586695799
-11.25	13.75	0.9650189067130919
-11.25	12.5	0.9291282133837466
-11.25	11.25	0.9190438867047179
-11.25	10.0	0.9351368678757659
-11.25	8.75	0.9267646115794221
-11.25	7.5	0.9015167254139325
-11.25	6.25	0.9080929419075545
-11.25	5.0	0.898928187842813
-11.25	3.75	0.9028618008022393
-11.25	2.5	0.8817735449233091
-11.25	1.25	0.8962242571326193
-11.25	-0.0	0.8814844976969782
-11.25	-1.25	0.8858047736212518
-11.25	-2.5	0.8723074121701497
-11.25	-3.75	0.8848802810364074
-11.25	-5.0	0.8843676468091557
-11.25	-6.25	0.8866225954507003
-11.25	-7.5	0.8879843913756265
-11.25	-8.75	0.8875688492620721
-11.25	-10.0	0.8628356084602586
-11.25	-11.25	0.8647592206911892
-11.25	-12.5	0.8532962107528039
-11.25	-13.75	0.8462138580357204
-11.25	-15.0	0.8840539969250365
-11.25	-16.25	0.8539709650816363
-11.25	-17.5	0.8328945692157941
-11.25	-18.75	0.8438647133961483
-11.25	-20.0	0.8267572597464321
-11.25	-21.25	0.829878143857683
-11.25	-22.5	0.8271047538786034
-11.25	-23.75	0.8431487530078119
-11.25	-25.0	0.9187134427800476
-11.25	-26.25	0.8562551811415533
-11.25	-27.5	0.8704170176728372
-11.25	-28.75	0.8886785960534249
-11.25	-30.0	1.1009709144263224
-11.25	-31.25	1.3883166074288278
-11.25	-32.5	1.3609984294724455
-11.25	-33.75	1.047614141917407
-11.25	-35.0	0.9541977674791884
-11.25	-36.25	1.0394370630837022
-11.25	-37.5	2.8381188107235698
-11.25	-38.75	2.3511601415944483
-10.0	-38.75	2.628830932923485
-10.0	-37.5	2.080095294012101
-10.0	-36.25	0.9556801067820615
-10.0	-35.0	1.0335816957925896
-10.0	-33.75	1.1667202931770815
-10.0	-32.5	1.4510891934191497
-10.0	-31.25	1.3170593821214904
-10.0	-30.0	0.9731530135492159
-10.0	-28.75	0.8957470667657761
-10.0	-27.5	0.8807280359345331
-10.0	-26.25	0.8705505638466091
-10.0	-25.0	1.0005243709037241
-10.0	-23.75	0.8391474153692879
-10.0	-22.5	0.8374384475989434
-10.0	-21.25	0.8332176269260323
-10.0	-20.0	0.8400466902747645
-10.0	-18.75	0.8424033515283895
-10.0	-17.5	0.8282314830439805
-10.0	-16.25	0.8600849416275338
-10.0	-15.0	0.8499686776313702
-10.0	-13.75	0.861517473755975
-10.0	-12.5	0.8487024654394606
-10.0	-11.25	0.8749217808954572
-10.0	-10.0	0.8702256850182524
-10.0	-8.75	0.8564854588801785
-10.0	-7.5	0.8488000793835218
-10.0	-6.25	0.8692995699839354
-10.0	-5.0	0.8721295435879393
-10.0	-3.75	0.8947124910839355
-10.0	-2.5	0.8916216059117286
-10.0	-1.25	0.875768293126927
-10.0	0.0	0.88449006842548
-10.0	1.25	0.8778281355515682
-10.0	2.5	0.8931302165285633
-10.0	3.75	0.8770800633784788
-10.0	5.0	0.8846794516080569
-10.0	6.25	0.8739902423902288
-10.0	7.5	0.8958532689089429
-10.0	8.75	0.9107761205842806
-10.0	10.0	0.9384976495986752
-10.0	11.25	0.9056641387142905
-10.0	12.5	0.9443705457730243
-10.0	13.75	0.9654589145635475
-10.0	15.0	0.9671480710668607
-10.0	16.25	0.9681383309778919
-10.0	17.5	0.992673845959084
-10.0	18.75	1.0327494894365854
-10.0	20.0	0.9495764902635191
-10.0	21.25	0.9778464785339533
-10.0	22.5	0.9552460170043915
-10.0	23.75	0.9827346726058348
-10.0	25.0	0.972134208520897
-10.0	26.25	0.8767943233843631
-10.0	27.5	0.9088984269443712
-10.0	28.75	1.0398431314215912
-10.0	30.0	1.053619258300449
-10.0	31.25	1.356821025202004
-10.0	32.5	1.5189593900647864
-10.0	33.75	1.7593394716549415
-10.0	35.0	1.586312726821257
-10.0	36.25	1.0644971659836875
-10.0	37.5	1.4245233231201375
-10.0	38.75	2.136670571719189
-8.75	38.75	2.306617023362577
-8.75	37.5	1.2383100977941695
-8.75	36.25	1.2281137423921251
-8.75	35.0	1.7534989116164637
-8.75	33.75	1.7708479868986
-8.75	32.5	1.4454967553913756
-8.75	31.25	1.3092735138192975
-8.75	30.0	1.0489140910961403
-8.75	28.75	1.003275634092864
-8.75	27.5	0.8801548073661136
-8.75	26.25	0.8906841918385027
-8.75	25.0	1.0350706851250902
-8.75	23.75	0.9752812813601146
-8.75	22.5	0.9626347957401187
-8.75	21.25	0.9579923512982269
-8.75	20.0	0.9868165179175445
-8.75	18.75	1.0013708932453884
-8.75	17.5	0.9877744344529447
-8.75	16.25	0.987540084733971
-8.75	15.0	0.9525708070734593
-8.75	13.75	0.9406139116490229
-8.75	12.5	0.9958689610305598
-8.75	11.25	0.9458824678966931
-8.75	10.0	0.9119990552166923
-8.75	8.75	0.8970482982890093
-8.75	7.5	0.8946915419549573
-8.75	6.25	0.8834446183157585
-8.75	5.0	0.8810319911797748
-8.75	3.75	0.8579603477507494
-8.75	2.5	0.8597182677553503
-8.75	1.25	0.8567816233588594
-8.75	-0.0	0.8646525079781782
-8.75	-1.25	0.8764532601325525
-8.75	-2.5	0.8910960931056611
-8.75	-3.75	0.901017934046326
-8.75	-5.0	0.8787337747536146
-8.75	-6.25	0.8623614682181078
-8.75	-7.5	0.8521766763109628
-8.75	-8.75	0.8526593342772868
-8.75	-10.0	0.8665873735958138
-8.75	-11.25	0.8613919918961068
-8.75	-12.5	0.8710972237743757
-8.75	-13.75	0.8992378511436874
-8.75	-15.0	0.8632704506859232
-8.75	-16.25	0.8650494902467463
-8.75	-17.5	0.8499240738813052
-8.75	-18.75	0.8277296215020833
-8.75	-20.0	0.8219833290075478
-8.75	-21.25	0.8132853549110362
-8.75	-22.5	0.823047290174836
-8.75	-23.75	0.8289725453365531
-8.75	-25.0	0.8744102043760558
-8.75	-26.25	0.8885787646296084
-8.75	-27.5	0.8635946087229645
-8.75	-28.75	0.8860514520974565
-8.75	-30.0	0.9182468356178486
-8.75	-31.25	1.2389900411431354
-8.75	-32.5	1.4298634645299053
-8.75	-33.75	1.294920431029447
-8.75	-35.0	1.0750206035140355
-8.75	-36.25	0.9584020765926322
-8.75	-37.5	1.5313303638782116
-8.75	-38.75	2.6084743687946954
-7.5	-38.75	4.077583799068824
-7.5	-37.5	1.23837863061814
-7.5	-36.25	0.9735098177642909
-7.5	-35.0	1.0548673774125596
-7.5	-33.75	1.3929752301108582
-7.5	-32.5	1.4017405255325066
-7.5	-31.25	1.121911768067294
-7.5	-30.0	0.9004547921085599
-7.5	-28.75	0.8773360660404332
-7.5	-27.5	0.8601591035626379
-7.5	-26.25	0.9548554900802415
-7.5	-25.0	0.8384575774561469
-7.5	-23.75	0.8180848669227636
-7.5	-22.5	0.8291944138234797
-7.5	-21.25	0.8217411715675835
-7.5	-20.0	0.8234194897853637
-7.5	-18.75	0.8388109981103566
-7.5	-17.5	0.8539515313857473
-7.5	-16.25	0.8580758680582976
-7.5	-15.0	0.877754080200079
-7.5	-13.75	0.8762524587458431
-7.5	-12.5	0.8743986420475789
-7.5	-11.25	0.8650679355716617
-7.5	-10.0	0.8760905058473378
-7.5	-8.75	0.8645625834332407
-7.5	-7.5	0.854683801825793
-7.5	-6.25	0.8597384307095037
-7.5	-5.0	0.8634257361867821
-7.5	-3.75	0.9120273532927943
-7.5	-2.5	0.8906717445339911
-7.5	-1.25	0.8685373400761982
-7.5	0.0	0.8708285471746002
-7.5	1.25	0.8697297198874931
-7.5	2.5	0.8711421954757217
-7.5	3.75	0.8726487737735242
-7.5	5.0	0.8865908212903948
-7.5	6.25	0.8917225030403308
-7.5	7.5	0.8966740591088733
-7.5	8.75	0.8969675464198605
-7.5	10.0	0.9003925919676661
-7.5	11.25	0.9486356309055308
-7.5	12.5	0.9587765607944849
-7.5	13.75	0.9342357551083316
-7.5	15.0	0.9290150101655144
-7.5	16.25	0.9769781183324504
-7.5	17.5	0.9843543349742889
-7.5	18.75	0.9838380379789147
-7.5	20.0	1.0549479148554237
-7.5	21.25	0.969639546002198
-7.5	22.5	0.9624478183399789
-7.5	23.75	0.9649510514452544
-7.5	25.0	0.990943964532514
-7.5	26.25	0.9224766282296208
-7.5	27.5	0.8860178754646526
-7.5	28.75	0.9497947397822433
-7.5	30.0	1.0875404487704587
-7.5	31.25	1.2360419715086968
-7.5	32.5	1.4029901675086398
-7.5	33.75	1.6768682156035357
-7.5	35.0	1.5291862103361566
-7.5	36.25	1.4176849976907802
-7.5	37.5	1.0993030384858233
-7.5	38.75	2.686297894635292
-6.25	40.0	2.409755503972111
-6.25	38.75	2.2557330445628114
-6.25	37.5	1.0500315042888175
-6.25	36.25	1.5000860879576834
-6.25	35.0	1.555908005384195
-6.25	33.75	1.616536391659638
-6.25	32.5	1.3970971165809942
-6.25	31.25	1.1536384597470857
-6.25	30.0	1.0660885789533374
-6.25	28.75	0.9593992478480455
-6.25	27.5	0.8805387752677518
-6.25	26.25	0.9634813550905879
-6.25	25.0	0.9911599019293869
-6.25	23.75	0.9739050043954078
-6.25	22.5	0.9684362610910879
-6.25	21.25	0.9697265086091402
-6.25	20.0	1.0203084121628336
-6.25	18.75	0.9754973845072552
-6.25	17.5	0.9792156721026046
-6.25	16.25	0.9790511308078598
-6.25	15.0	0.9377525073272697
-6.25	13.75	0.9351236795869866
-6.25	12.5	0.9739716918156613
-6.25	11.25	0.9577954899755845
-6.25	10.0	0.9114833511789522
-6.25	8.75	0.8984568273557345
-6.25	7.5	0.8836314500149056
-6.25	6.25	0.8903630890283605
-6.25	5.0	0.8703755274317801
-6.25	3.75	0.8668868516852823
-6.25	2.5	0.86970561756074
-6.25	1.25	0.8633400660707213
-6.25	-0.0	0.8646057102202542
-6.25	-1.25	0.8802578374623025
-6.25	-2.5	0.9138434120962122
-6.25	-3.75	0.9044694922152043
-6.25	-5.0	0.8662512056486404
-6.25	-6.25	0.8685518370852963
-6.25	-7.5	0.8626050287980913
-6.25	-8.75	0.8508268491619395
-6.25	-10.0	0.8722321550366443
-6.25	-11.25	0.8583258247857826
-6.25	-12.5	0.8689953840835152
-6.25	-13.75	0.8877140817406817
-6.25	-15.0	0.895893484557206
-6.25	-16.25	0.8811118735147954
-6.25	-17.5	0.8425952961391054
-6.25	-18.75	0.8518370564165316
-6.25	-20.0	0.8332707501301417
-6.25	-21.25	0.8213897222707462
-6.25	-22.5	0.819772151327685
-6.25	-23.75	0.8175291805511637
-6.25	-25.0	0.8355117143016155
-6.25	-26.25	0.9632966143343964
-6.25	-27.5	0.8616936276860043
-6.25	-28.75	0.8684289865232184
-6.25	-30.0	0.8893249313938965
-6.25	-31.25	1.0384658772402924
-6.25	-32.5	1.3698338244672996
-6.25	-33.75	1.4198062174455508
-6.25	-35.0	1.092242252987341
-6.25	-36.25	0.9750600895762416
-6.25	-37.5	1.1178301478575783
-6.25	-38.75	5.0
-6.25	-40.0	3.4539379475237766
-5.0	-40.0	3.077965359741766
-5.0	-38.75	2.8561056142874772
-5.0	-37.5	1.0343792236587133
-5.0	-36.25	1.0263936860316045
-5.0	-35.0	1.1304666294885557
-5.0	-33.75	1.4252459812309484
-5.0	-32.5	1.3591299503524343
-5.0	-31.25	0.9773899911752917
-5.0	-30.0	0.8957888430587424
-5.0	-28.75	0.8616734998750895
-5.0	-27.5	0.8842709324730036
-5.0	-26.25	0.9040553859506844
-5.0	-25.0	0.8205311485318854
-5.0	-23.75	0.8142486583326525
-5.0	-22.5	0.8116356163794656
-5.0	-21.25	0.8129612349947424
-5.0	-20.0	0.8241403187844671
-5.0	-18.75	0.8420840768435713
-5.0	-17.5	0.8320199399992063
-5.0	-16.25	0.8792317475309783
-5.0	-15.0	0.8883913558437513
-5.0	-13.75	0.8802070455984818
-5.0	-12.5	0.8689554390098797
-5.0	-11.25	0.8629654793347408
-5.0	-10.0	0.8643697446448151
-5.0	-8.75	0.8497047409143468
-5.0	-7.5	0.8766841761641997
-5.0	-6.25	0.8633752634283143
-5.0	-5.0	0.879956861919049
-5.0	-3.75	0.9129490601472483
-5.0	-2.5	0.9133908433823663
-5.0	-1.25	0.8699876939125488
-5.0	0.0	0.8729132239715396
-5.0	1.25	0.8661361805021786
-5.0	2.5	0.8573793892606449
-5.0	3.75	0.8703263864586486
-5.0	5.0	0.8813937885491523
-5.0	6.25	0.8770573877684456
-5.0	7.5	0.8902046648579081
-5.0	8.75	0.8975475430379181
-5.0	10.0	0.8808766440701508
-5.0	11.25	0.9459266474912473
-5.0	12.5	0.9715163909332105
-5.0	13.75	0.9241080071661791
-5.0	15.0	0.9327785680221199
-5.0	16.25	0.9629833502284555
-5.0	17.5	0.9818641687926384
-5.0	18.75	0.983634779546497
-5.0	20.0	1.0151834317268174
-5.0	21.25	0.9956160627002166
-5.0	22.5	0.9845624221648572
-5.0	23.75	0.9638567231588233
-5.0	25.0	0.986247792982585
-5.0	26.25	1.0374052718538174
-5.0	27.5	0.8840583374050777
-5.0	28.75	0.9039116499643303
-5.0	30.0	1.0552774330763395
-5.0	31.25	1.0852332130058029
-5.0	32.5	1.3979701338920396
-5.0	33.75	1.57395293456924
-5.0	35.0	1.6178736922085317
-5.0	36.25	1.5150199732639091
-5.0	37.5	1.013040725625343
-5.0	38.75	1.7943170554158225
-5.0	40.0	2.248048685546001
-3.75	40.0	2.3899097375625473
-3.75	38.75	1.5806806918412297
-3.75	37.5	1.0017613457703654
-3.75	36.25	1.5595432393046105
-3.75	35.0	1.6852244681229234
-3.75	33.75	1.539644533207431
-3.75	32.5	1.4187982791004705
-3.75	31.25	1.0787365587041293
-3.75	30.0	1.05821652472227
-3.75	28.75	0.8980848226095182
-3.75	27.5	0.8856389329309202
-3.75	26.25	1.0290993821917276
-3.75	25.0	0.97983212526443
-3.75	23.75	0.9656462280580334
-3.75	22.5	0.9761314425033696
-3.75	21.25	1.0604972928656542
-3.75	20.0	1.0260655219592119
-3.75	18.75	0.9898296496704626
-3.75	17.5	0.9777272898102627
-3.75	16.25	0.9606760230575695
-3.75	15.0	0.9397134364964916
-3.75	13.75	0.9182030312373666
-3.75	12.5	0.9689340080265474
-3.75	11.25	0.9391355560218342
-3.75	10.0	0.8986995222439456
-3.75	8.75	0.9120326944843651
-3.75	7.5	0.883114074645456
-3.75	6.25	0.8749053156666093
-3.75	5.0	0.8757644209513504
-3.75	3.75	0.8534904489003434
-3.75	2.5	0.8576998652497769
-3.75	1.25	0.8651854527654024
-3.75	-0.0	0.8819660361302404
-3.75	-1.25	0.8612328645853173
-3.75	-2.5	0.8981301319566279
-3.75	-3.75	0.9204918760513525
-3.75	-5.0	0.8894854711827467
-3.75	-6.25	0.8743085788018954
-3.75	-7.5	0.8783768728063084
-3.75	-8.75	0.8707163832425007
-3.75	-10.0	0.8641491432162853
-3.75	-11.25	0.8747539466648346
-3.75	-12.5	0.8705905275833103
-3.75	-13.75	0.8747401527713805
-3.75	-15.0	0.8814755725696521
-3.75	-16.25	0.8657123820070121
-3.75	-17.5	0.8551542829533831
-3.75	-18.75	0.8359593380132164
-3.75	-20.0	0.836890340977714
-3.75	-21.25	0.8213952940211531
-3.75	-22.5	0.8285714404021043
-3.75	-23.75	0.8091940352171081
-3.75	-25.0	0.8261153319165304
-3.75	-26.25	0.871736738429643
-3.75	-27.5	0.8951534145359901
-3.75	-28.75	0.8715236371542234
-3.75	-30.0	0.8930522490095356
-3.75	-31.25	0.9332229187727688
-3.75	-32.5	1.2959434348065946
-3.75	-33.75	1.4193315126414099
-3.75	-35.0	1.1977852308074457
-3.75	-36.25	1.0869977378361302
-3.75	-37.5	1.0224323779401328
-3.75	-38.75	2.7764087100555273
-3.75	-40.0	2.4864614766524014
-2.5	-40.0	2.6208390032655915
-2.5	-38.75	2.3926203397724244
-2.5	-37.5	0.984552954018934
-2.5	-36.25	1.1105971098591692
-2.5	-35.0	1.2419583363079747
-2.5	-33.75	1.4100710979431472
-2.5	-32.5	1.2480951935485294
-2.5	-31.25	0.9248625890846975
-2.5	-30.0	0.8993106997000808
-2.5	-28.75	0.854974425642995
-2.5	-27.5	0.9194694618899559
-2.5	-26.25	0.8413174129156973
-2.5	-25.0	0.8359525592477084
-2.5	-23.75	0.8377156101890364
-2.5	-22.5	0.8162106570795409
-2.5	-21.25	0.8230429179272729
-2.5	-20.0	0.835485399883372
-2.5	-18.75	0.8368880316900693
-2.5	-17.5	0.866461420401401
-2.5	-16.25	0.8613889936183261
-2.5	-15.0	0.8921547714368234
-2.5	-13.75	0.8918614563454668
-2.5	-12.5	0.8994527406669626
-2.5	-11.25	0.8703726653613328
-2.5	-10.0	0.8660421695467848
-2.5	-8.75	0.8730624234715272
-2.5	-7.5	0.8602978835499506
-2.5	-6.25	0.8678857437070784
-2.5	-5.0	0.8838193158133976
-2.5	-3.75	0.9100382039112374
-2.5	-2.5	0.8946198290300078
-2.5	-1.25	0.8887280027941298
-2.5	0.0	0.871551224652249
-2.5	1.25	0.8692268365341782
-2.5	2.5	0.8660642431737564
-2.5	3.75	0.8671505804804003
-2.5	5.0	0.8787835999509364
-2.5	6.25	0.8888688022200313
-2.5	7.5	0.894677100756665
-2.5	8.75	0.8918352769408564
-2.5	10.0	0.8930989958535687
-2.5	11.25	0.9461310742996334
-2.5	12.5	0.9680137562470961
-2.5	13.75	0.9308746665627705
-2.5	15.0	0.9324411117558373
-2.5	16.25	0.9805897727099255
-2.5	17.5	0.9804344457190428
-2.5	18.75	0.9837213336041621
-2.5	20.0	1.0253008034318327
-2.5	21.25	1.0527424668867047
-2.5	22.5	0.9594213096118551
-2.5	23.75	0.9874733956200155
-2.5	25.0	0.9835673891684085
-2.5	26.25	1.0170251977937799
-2.5	27.5	0.9060706072280293
-2.5	28.75	0.8860650919839799
-2.5	30.0	1.051228085114559
-2.5	31.25	1.0801239294948672
-2.5	32.5	1.3948219994355773
-2.5	33.75	1.5367649353437498
-2.5	35.0	1.7844995170846554
-2.5	36.25	1.5355619013302224
-2.5	37.5	1.0339325233601793
-2.5	38.75	1.4579295449319645
-2.5	40.0	2.203466209154241
-1.25	40.0	2.5929870168601656
-1.25	38.75	1.4129908404765175
-1.25	37.5	1.0552048647322811
-1.25	36.25	1.508785292073095
-1.25	35.0	1.7593713741511507
-1.25	33.75	1.5169514560905082
-1.25	32.5	1.390795617006737
-1.25	31.25	1.0973698108701075
-1.25	30.0	1.0439387298523437
-1.25	28.75	0.882832785674367
-1.25	27.5	0.9241575321149593
-1.25	26.25	1.0217106360186499
-1.25	25.0	0.9855034867111971
-1.25	23.75	0.9740488508647127
-1.25	22.5	0.9706949686512187
-1.25	21.25	1.0851214066176462
-1.25	20.0	1.0189674686759016
-1.25	18.75	0.9891968843661374
-1.25	17.5	0.9974415505973502
-1.25	16.25	0.9635615093432612
-1.25	15.0	0.9370734071091036
-1.25	13.75	0.9233072795807615
-1.25	12.5	0.9386518717602632
-1.25	11.25	0.9420906282383825
-1.25	10.0	0.8982783292592069
-1.25	8.75	0.8880167119314084
-1.25	7.5	0.8728745281797394
-1.25	6.25	0.8922854945022163
-1.25	5.0	0.8821071035221983
-1.25	3.75	0.8651904971935487
-1.25	2.5	0.84813015643297
-1.25	1.25	0.8534155735057087
-1.25	-0.0	0.8692256730841343
-1.25	-1.25	0.8739466006106014
-1.25	-2.5	0.91214169284072
-1.25	-3.75	0.918310832540369
-1.25	-5.0	0.8951623732399439
-1.25	-6.25	0.885953992813139
-1.25	-7.5	0.8817627975252105
-1.25	-8.75	0.8775057178638317
-1.25	-10.0	0.8734986494478312
-1.25	-11.25	0.8568147888671893
-1.25	-12.5	0.9151762013963385
-1.25	-13.75	0.891225854044988
-1.25	-15.0	0.8833589917801916
-1.25	-16.25	0.8414257474579916
-1.25	-17.5	0.8469333267840256
-1.25	-18.75	0.8394923739553004
-1.25	-20.0	0.8379811364499234
-1.25	-21.25	0.822527524803772
-1.25	-22.5	0.8118746401460486
-1.25	-23.75	0.8322058884812433
-1.25	-25.0	0.8175579009405354
-1.25	-26.25	0.840778362513471
-1.25	-27.5	0.9295491827045765
-1.25	-28.75	0.867228032691977
-1.25	-30.0	0.8936482042594776
-1.25	-31.25	0.9000567394847634
-1.25	-32.5	1.2372208746359226
-1.25	-33.75	1.3903835406961047
-1.25	-35.0	1.2768052763528361
-1.25	-36.25	1.1333740383454067
-1.25	-37.5	0.982607276275326
-1.25	-38.75	2.206524765825387
-1.25	-40.0	2.4315209295472515
0.0	-40.0	2.2827749541974907
0.0	-38.75	2.218535772169494
0.0	-37.5	0.9627254285876159
0.0	-36.25	1.1328682707531286
0.0	-35.0	1.277610749479397
0.0	-33.75	1.3953656881021912
0.0	-32.5	1.2229300977377449
0.0	-31.25	0.9051043062037838
0.0	-30.0	0.8803179350147907
0.0	-28.75	0.8690297876527575
0.0	-27.5	0.9224763624787533
0.0	-26.25	0.8379608863246446
0.0	-25.0	0.8201205010316297
0.0	-23.75	0.8375531721815221
0.0	-22.5	0.8224218349899868
0.0	-21.25	0.8249401985502924
0.0	-20.0	0.8373454385903862
0.0	-18.75	0.8555674482160702
0.0	-17.5	0.8664454514767792
0.0	-16.25	0.8426281084262799
0.0	-15.0	0.8792900309431477
0.0	-13.75	0.8686898268025711
0.0	-12.5	0.9101252954260932
0.0	-11.25	0.8610411358699661
0.0	-10.0	0.8635965523276621
0.0	-8.75	0.8705119727173809
0.0	-7.5	0.8913501831456276
0.0	-6.25	0.8939760737320324
0.0	-5.0	0.8964840771874716
0.0	-3.75	0.9255202356216952
0.0	-2.5	0.9185786671732385
0.0	-1.25	0.8896152226006464
0.0	0.0	0.8820113207745282
0.0	1.25	0.8666005600449322
0.0	2.5	0.8698855208295742
0.0	3.75	0.8721262451719376
0.0	5.0	0.8766004879235147
0.0	6.25	0.8987030657394355
0.0	7.5	0.8847093571322517
0.0	8.75	0.8928068363376385
0.0	10.0	0.8927490612957367
0.0	11.25	0.937187640343474
0.0	12.5	0.949445424316318
0.0	13.75	0.9184852769783198
0.0	15.0	0.9356880614813257
0.0	16.25	0.9550368199071668
0.0	17.5	0.9700760077183856
0.0	18.75	0.998931092535237
0.0	20.0	1.0096370016814031
0.0	21.25	1.060106878012852
0.0	22.5	0.9557764685039594
0.0	23.75	0.9896193806840312
0.0	25.0	0.9813748463871956
0.0	26.25	1.0560749883326732
0.0	27.5	0.9020477336499528
0.0	28.75	0.8718532649336117
0.0	30.0	1.031771137013421
0.0	31.25	1.0648263773027766
0.0	32.5	1.338972982173221
0.0	33.75	1.5183552491458387
0.0	35.0	1.7616916378929712
0.0	36.25	1.5316056473691742
0.0	37.5	1.0757365811417365
0.0	38.75	1.416513486912697
0.0	40.0	2.6500897976366904
1.25	40.0	2.619774353486674
1.25	38.75	1.4367649105499591
1.25	37.5	1.0569152315637833
1.25	36.25	1.5252654244423978
1.25	35.0	1.756332047482779
1.25	33.75	1.5306553860485668
1.25	32.5	1.3901976097738853
1.25	31.25	1.0916136455098453
1.25	30.0	1.0410039044039054
1.25	28.75	0.8896080621757276
1.25	27.5	0.9116983888738712
1.25	26.25	1.0683641145266511
1.25	25.0	0.9925484194735237
1.25	23.75	0.9866039882474364
1.25	22.5	0.9411702567943454
1.25	21.25	1.070675414016332
1.25	20.0	1.0107694854306182
1.25	18.75	0.9961531640492014
1.25	17.5	0.9761500866030159
1.25	16.25	0.9742640564046727
1.25	15.0	0.9468268644082256
1.25	13.75	0.9208522951537823
1.25	12.5	0.9446949351448772
1.25	11.25	0.9425479371009544
1.25	10.0	0.893231747895042
1.25	8.75	0.9182086041404789
1.25	7.5	0.8900791653664788
1.25	6.25	0.8893021533923431
1.25	5.0	0.8864762755593851
1.25	3.75	0.8739440261139277
1.25	2.5	0.8613864851777722
1.25	1.25	0.869248028611473
1.25	-0.0	0.8773471305158242
1.25	-1.25	0.8899131084704415
1.25	-2.5	0.8997412898563972
1.25	-3.75	0.9206629792558942
1.25	-5.0	0.8957463205435534
1.25	-6.25	0.8841320620278603
1.25	-7.5	0.8688964099410175
1.25	-8.75	0.8689970412552359
1.25	-10.0	0.8740390735989134
1.25	-11.25	0.8690880229043838
1.25	-12.5	0.888217793300381
1.25	-13.75	0.8763712671814421
1.25	-15.0	0.8849123612597598
1.25	-16.25	0.8661797235961268
1.25	-17.5	0.8732661513506992
1.25	-18.75	0.8484372402126494
1.25	-20.0	0.8326562349311626
1.25	-21.25	0.8304471455272688
1.25	-22.5	0.8312564253627723
1.25	-23.75	0.8192937202303261
1.25	-25.0	0.8111692022022199
1.25	-26.25	0.8461098869267181
1.25	-27.5	0.9223377177195502
1.25	-28.75	0.8563963917412254
1.25	-30.0	0.877602104319398
1.25	-31.25	0.9098563343766255
1.25	-32.5	1.2321688912082855
1.25	-33.75	1.3943816238223334
1.25	-35.0	1.2762322668811779
1.25	-36.25	1.1228794332707803
1.25	-37.5	0.9701034730599574
1.25	-38.75	2.224502792983981
1.25	-40.0	2.392605808814108
2.5	-40.0	2.527634967227846
2.5	-38.75	2.3498947814586932
2.5	-37.5	0.9991386997573217
2.5	-36.25	1.099959778671681
2.5	-35.0	1.2528227350855135
2.5	-33.75	1.4115533883268867
2.5	-32.5	1.2639819619090655
2.5	-31.25	0.9155640296101533
2.5	-30.0	0.8828931603956525
2.5	-28.75	0.8671408690860556
2.5	-27.5	0.916204594597227
2.5	-26.25	0.8631326939844168
2.5	-25.0	0.8169164488782439
2.5	-23.75	0.8331559347374542
2.5	-22.5	0.83198629453668
2.5	-21.25	0.8257174183200693
2.5	-20.0	0.8411488834112557
2.5	-18.75	0.8454034828880284
2.5	-17.5	0.859864895170487
2.5	-16.25	0.8598003937440488
2.5	-15.0	0.8924066376991435
2.5	-13.75	0.881064095771471
2.5	-12.5	0.8768134201718532
2.5	-11.25	0.8568112177377998
2.5	-10.0	0.8560863818419815
2.5	-8.75	0.8632203843839301
2.5	-7.5	0.8724220292918634
2.5	-6.25	0.8835250474626379
2.5	-5.0	0.8952458448746539
2.5	-3.75	0.9299823737669088
2.5	-2.5	0.8963294089094687
2.5	-1.25	0.8674648766344379
2.5	0.0	0.8727369315981353
2.5	1.25	0.8727037780921592
2.5	2.5	0.8641979754217193
2.5	3.75	0.879139517902817
2.5	5.0	0.8723242696156808
2.5	6.25	0.875901584532607
2.5	7.5	0.8854469166158427
2.5	8.75	0.9261725619792829
2.5	10.0	0.9088661615527247
2.5	11.25	0.9474452934838435
2.5	12.5	0.9483798404914552
2.5	13.75	0.9278621219009899
2.5	15.0	0.9503884877744433
2.5	16.25	0.9719550517634845
2.5	17.5	0.965651061568038
2.5	18.75	0.977608929181951
2.5	20.0	1.0248306643696363
2.5	21.25	1.0234498895384156
2.5	22.5	0.9506776765112734
2.5	23.75	0.9770673370059715
2.5	25.0	0.9825558458615804
2.5	26.25	1.029457747867644
2.5	27.5	0.8929199085545223
2.5	28.75	0.8755897782156552
2.5	30.0	1.0715856682790452
2.5	31.25	1.0615405641768225
2.5	32.5	1.4168226826464974
2.5	33.75	1.5344959162378347
2.5	35.0	1.7423283131318579
2.5	36.25	1.5505109004061417
2.5	37.5	1.0292947440380305
2.5	38.75	1.524048425148525
2.5	40.0	2.772020049088435
3.75	40.0	2.642817622532241
3.75	38.75	1.5722936530509095
3.75	37.5	1.0119004535552882
3.75	36.25	1.5440033288626527
3.75	35.0	1.661926593366152
3.75	33.75	1.5623834163546864
3.75	32.5	1.4193457793210298
3.75	31.25	1.0432778456166432
3.75	30.0	1.0740118916172552
3.75	28.75	0.8911339477845015
3.75	27.5	0.8895525814862424
3.75	26.25	1.019022492546294
3.75	25.0	0.9880586320427369
3.75	23.75	0.9690368417483946
3.75	22.5	0.954842933900462
3.75	21.25	0.9835288362998416
3.75	20.0	1.0320648942938586
3.75	18.75	0.9996417115193434
3.75	17.5	0.9719980940587147
3.75	16.25	0.9765908747924659
3.75	15.0	0.9363434466522866
3.75	13.75	0.9396725616665922
3.75	12.5	0.9619063783564616
3.75	11.25	0.9544900479449492
3.75	10.0	0.8888049493302885
3.75	8.75	0.9020960734617827
3.75	7.5	0.8876268685731699
3.75	6.25	0.8772961243274935
3.75	5.0	0.8713047888981134
3.75	3.75	0.8698027707050411
3.75	2.5	0.854951700860596
3.75	1.25	0.8615361350032327
3.75	-0.0	0.8635852747090293
3.75	-1.25	0.8748130022031244
3.75	-2.5	0.8936771806098491
3.75	-3.75	0.897209951766512
3.75	-5.0	0.8796111924342354
3.75	-6.25	0.8771341834447632
3.75	-7.5	0.8691016033855998
3.75	-8.75	0.8573301981361956
3.75	-10.0	0.8579047209739068
3.75	-11.25	0.8473218278963088
3.75	-12.5	0.8865645602102523
3.75	-13.75	0.87237087310716
3.75	-15.0	0.888584963200679
3.75	-16.25	0.8607186123177328
3.75	-17.5	0.8553961126023708
3.75	-18.75	0.8440715087235651
3.75	-20.0	0.8385389289772318
3.75	-21.25	0.8049957289191312
3.75	-22.5	0.8263876209913317
3.75	-23.75	0.8200903627946126
3.75	-25.0	0.8235523555768403
3.75	-26.25	0.8769167220868868
3.75	-27.5	0.8933178599327825
3.75	-28.75	0.8622032265971047
3.75	-30.0	0.8753568435249237
3.75	-31.25	0.9253976798657089
3.75	-32.5	1.2983245597068578
3.75	-33.75	1.4052202851567852
3.75	-35.0	1.1880193012114155
3.75	-36.25	1.0906556911782248
3.75	-37.5	1.011118575764458
3.75	-38.75	2.840949054475301
3.75	-40.0	2.5188237185840254
5.0	-40.0	2.5152596165455545
5.0	-38.75	2.7494218065909752
5.0	-37.5	1.0366843059047737
5.0	-36.25	1.0448535224042397
5.0	-35.0	1.1293042245090348
5.0	-33.75	1.413055825127989
5.0	-32.5	1.321611578984867
5.0	-31.25	0.950488427090451
5.0	-30.0	0.8923134822765295
5.0	-28.75	0.856764101303817
5.0	-27.5	0.8652879599330614
5.0	-26.25	0.9357739128769014
5.0	-25.0	0.8210135771733995
5.0	-23.75	0.8331542317794272
5.0	-22.5	0.8143216321967648
5.0	-21.25	0.8179171084210326
5.0	-20.0	0.8202991024234265
5.0	-18.75	0.845486545368205
5.0	-17.5	0.8436849497750973
5.0	-16.25	0.8696158998093146
5.0	-15.0	0.8860517078365584
5.0	-13.75	0.8635158209412914
5.0	-12.5	0.8583935068980715
5.0	-11.25	0.8636576052984255
5.0	-10.0	0.8707964303563376
5.0	-8.75	0.8620809265816165
5.0	-7.5	0.8575684073644112
5.0	-6.25	0.8731230538371886
5.0	-5.0	0.8901987902744644
5.0	-3.75	0.8997073805498212
5.0	-2.5	0.8923374356402096
5.0	-1.25	0.8760328660151204
5.0	0.0	0.866282862840694
5.0	1.25	0.8554657095627807
5.0	2.5	0.8621594117027698
5.0	3.75	0.878720916716067
5.0	5.0	0.879349443986416
5.0	6.25	0.8799856416189487
5.0	7.5	0.8877852809681732
5.0	8.75	0.9063675609180457
5.0	10.0	0.9054749742883681
5.0	11.25	0.948021342193595
5.0	12.5	0.9787599091066648
5.0	13.75	0.9387867879246894
5.0	15.0	0.9397280141957598
5.0	16.25	0.9585054234826895
5.0	17.5	1.0003064354624192
5.0	18.75	0.9943412517703587
5.0	20.0	1.0485965528188377
5.0	21.25	0.9690885854377385
5.0	22.5	0.9693043198330864
5.0	23.75	0.9759584766401419
5.0	25.0	1.0017075358191532
5.0	26.25	0.9753253972474312
5.0	27.5	0.8725537996638186
5.0	28.75	0.8883808459180251
5.0	30.0	1.085857647774466
5.0	31.25	1.0206260242073473
5.0	32.5	1.426313947902984
5.0	33.75	1.5686686247095665
5.0	35.0	1.634270793558401
5.0	36.25	1.5274771137585024
5.0	37.5	1.007741045332967
5.0	38.75	1.7689026518548134
5.0	40.0	2.702629531114347
6.25	40.0	2.705653844479217
6.25	38.75	2.267900028185399
6.25	37.5	1.0176495709285307
6.25	36.25	1.494512162312458
6.25	35.0	1.5675307965981302
6.25	33.75	1.6080644374393325
6.25	32.5	1.4162042752907649
6.25	31.25	1.0347531458554506
6.25	30.0	1.076005122916297
6.25	28.75	0.9093410500895711
6.25	27.5	0.8810953680563758
6.25	26.25	0.9298685258791455
6.25	25.0	1.0140499441896544
6.25	23.75	0.9748742245029876
6.25	22.5	0.9752426809923573
6.25	21.25	0.9503861484107698
6.25	20.0	1.064337509100901
6.25	18.75	1.0052933249366793
6.25	17.5	0.9833405628032663
6.25	16.25	0.9747869181233746
6.25	15.0	0.9383445156359924
6.25	13.75	0.9191708245006147
6.25	12.5	0.9683776893403291
6.25	11.25	0.9482867588438015
6.25	10.0	0.9069240750879937
6.25	8.75	0.889852718100018
6.25	7.5	0.8917138633627255
6.25	6.25	0.8912891469027873
6.25	5.0	0.8687728566696347
6.25	3.75	0.8634911057321268
6.25	2.5	0.842456943720129
6.25	1.25	0.8574039796889474
6.25	-0.0	0.8709660686896017
6.25	-1.25	0.8623073703161381
6.25	-2.5	0.9060039490512137
6.25	-3.75	0.9041746481465749
6.25	-5.0	0.8833133084081792
6.25	-6.25	0.8704635809557901
6.25	-7.5	0.8626655188169519
6.25	-8.75	0.8477695958338405
6.25	-10.0	0.8623414146651811
6.25	-11.25	0.8647459956317061
6.25	-12.5	0.8587391539570763
6.25	-13.75	0.8681089384026244
6.25	-15.0	0.8888622789080971
6.25	-16.25	0.863496828792222
6.25	-17.5	0.8466576774471779
6.25	-18.75	0.8510226533929535
6.25	-20.0	0.8432375951456903
6.25	-21.25	0.8211701232405737
6.25	-22.5	0.8172237106110654
6.25	-23.75	0.8022823325459969
6.25	-25.0	0.8203544663075828
6.25	-26.25	1.0179376308442674
6.25	-27.5	0.8574321736529287
6.25	-28.75	0.8712608325728883
6.25	-30.0	0.8873116395826974
6.25	-31.25	1.0062151953495446
6.25	-32.5	1.3566554468523613
6.25	-33.75	1.4162307927808886
6.25	-35.0	1.0945043905498846
6.25	-36.25	0.9908781364329791
6.25	-37.5	1.0940272434344607
6.25	-38.75	4.618949804401682
6.25	-40.0	2.322672574605865
7.5	-38.75	3.9864326497039073
7.5	-37.5	1.2090172483462318
7.5	-36.25	0.9374145511212877
7.5	-35.0	1.0967293044418067
7.5	-33.75	1.3732265327365747
7.5	-32.5	1.3894747430014682
7.5	-31.25	1.0873856364133871
7.5	-30.0	0.887307311258839
7.5	-28.75	0.8616176760073184
7.5	-27.5	0.8567263494107795
7.5	-26.25	0.9629681075809104
7.5	-25.0	0.8362627128769535
7.5	-23.75	0.8059218012458853
7.5	-22.5	0.828383798653773
7.5	-21.25	0.8235638808254642
7.5	-20.0	0.8385501110785496
7.5	-18.75	0.8193315367252554
7.5	-17.5	0.8441125478769003
7.5	-16.25	0.854931060828096
7.5	-15.0	0.8493176009374936
7.5	-13.75	0.8734016594811953
7.5	-12.5	0.8450780814244769
7.5	-11.25	0.8606739970157964
7.5	-10.0	0.8575626661103684
7.5	-8.75	0.8628456343748656
7.5	-7.5	0.8664657359190393
7.5	-6.25	0.8711110580413539
7.5	-5.0	0.8754723103955717
7.5	-3.75	0.9009295379140267
7.5	-2.5	0.9013569458757189
7.5	-1.25	0.8555821031701596
7.5	0.0	0.853932952544147
7.5	1.25	0.8596469785108081
7.5	2.5	0.8710450812940396
7.5	3.75	0.8653754130001934
7.5	5.0	0.8813386808274881
7.5	6.25	0.873749177680291
7.5	7.5	0.8783101720866586
7.5	8.75	0.9230711517233754
7.5	10.0	0.9167134959909129
7.5	11.25	0.9174809360598566
7.5	12.5	0.9358350852877795
7.5	13.75	0.9447655549770442
7.5	15.0	0.9485290560912585
7.5	16.25	0.9698168417499566
7.5	17.5	0.9805703088225783
7.5	18.75	1.0274068143568194
7.5	20.0	0.9883252146868235
7.5	21.25	0.9470951115760773
7.5	22.5	0.9932268265043378
7.5	23.75	0.9845093433152048
7.5	25.0	1.0644428895784905
7.5	26.25	0.9092555301526275
7.5	27.5	0.884190174392101
7.5	28.75	0.9996581129101241
7.5	30.0	1.0003107968913705
7.5	31.25	1.1187187895543467
7.5	32.5	1.4429209244951045
7.5	33.75	1.6578456881861214
7.5	35.0	1.5462665130361177
7.5	36.25	1.3924859048624727
7.5	37.5	1.070623260666526
7.5	38.75	3.6002316774265815
8.75	38.75	2.7549287894954997
8.75	37.5	1.2048242282954504
8.75	36.25	1.1917096219976884
8.75	35.0	1.7315115039489628
8.75	33.75	1.7204673288477714
8.75	32.5	1.4528355160536544
8.75	31.25	1.2465985949374536
8.75	30.0	0.9291494562189939
8.75	28.75	1.0461158703065934
8.75	27.5	0.8766468300939447
8.75	26.25	0.9046645916561076
8.75	25.0	1.033206870243597
8.75	23.75	1.0033456862723824
8.75	22.5	0.9711068925654924
8.75	21.25	0.9688005933112107
8.75	20.0	0.9297997533105455
8.75	18.75	1.044807458455792
8.75	17.5	0.9940779703911709
8.75	16.25	0.9783716846740367
8.75	15.0	0.9548440197863375
8.75	13.75	0.9467701842377343
8.75	12.5	0.9266983573582666
8.75	11.25	0.9123181431151215
8.75	10.0	0.9046714816596291
8.75	8.75	0.9107422407756713
8.75	7.5	0.9033259222824386
8.75	6.25	0.8979086301221875
8.75	5.0	0.8877743183280966
8.75	3.75	0.8852916830112889
8.75	2.5	0.8899187950119689
8.75	1.25	0.8833539657438871
8.75	-0.0	0.8635171602540828
8.75	-1.25	0.8687045271195837
8.75	-2.5	0.8891092602881141
8.75	-3.75	0.895058153551819
8.75	-5.0	0.8838415801722199
8.75	-6.25	0.8696925407541674
8.75	-7.5	0.854462281430183
8.75	-8.75	0.8515565284084996
8.75	-10.0	0.8595973063876734
8.75	-11.25	0.861723220778944
8.75	-12.5	0.8294886608405108
8.75	-13.75	0.8694075930048246
8.75	-15.0	0.8649221837486687
8.75	-16.25	0.8450022074148613
8.75	-17.5	0.8562205259400919
8.75	-18.75	0.8198730952385027
8.75	-20.0	0.8209058584485955
8.75	-21.25	0.8226619419049079
8.75	-22.5	0.8282820935501203
8.75	-23.75	0.8035627055912986
8.75	-25.0	0.8584890550620514
8.75	-26.25	0.8760386837823484
8.75	-27.5	0.857696482453008
8.75	-28.75	0.8694871040570851
8.75	-30.0	0.8947143374590478
8.75	-31.25	1.1909549106520263
8.75	-32.5	1.4296223310680523
8.75	-33.75	1.2775705941423876
8.75	-35.0	1.0649526933610804
8.75	-36.25	0.939236790396663
8.75	-37.5	1.354362585672396
8.75	-38.75	2.692099087131954
10.0	-38.75	2.5868724503774665
10.0	-37.5	1.8155312312906071
10.0	-36.25	0.9354594298139283
10.0	-35.0	1.0445645902812393
10.0	-33.75	1.1662422734057474
10.0	-32.5	1.4368692403202736
10.0	-31.25	1.3203876165323933
10.0	-30.0	0.9582646879957055
10.0	-28.75	0.8708764014623203
10.0	-27.5	0.8835222509324137
10.0	-26.25	0.8492098997609627
10.0	-25.0	0.964924160895988
10.0	-23.75	0.8469723663153594
10.0	-22.5	0.8266356304697737
10.0	-21.25	0.8199479851008116
10.0	-20.0	0.8375594464288048
10.0	-18.75	0.8426232161674552
10.0	-17.5	0.8418680179743383
10.0	-16.25	0.837351360159369
10.0	-15.0	0.8600657807563898
10.0	-13.75	0.8465439234037291
10.0	-12.5	0.8301492298480015
10.0	-11.25	0.8736654853835386
10.0	-10.0	0.8696201772788807
10.0	-8.75	0.8829444309154377
10.0	-7.5	0.888793962959971
10.0	-6.25	0.8880015200811453
10.0	-5.0	0.8882862238933509
10.0	-3.75	0.9114964053398982
10.0	-2.5	0.9009084458537604
10.0	-1.25	0.8781092391463599
10.0	0.0	0.892562335289
10.0	1.25	0.8992271698464034
10.0	2.5	0.8977126498268753
10.0	3.75	0.8947187804997006
10.0	5.0	0.9021583857536708
10.0	6.25	0.8997684398060297
10.0	7.5	0.9019389839792558
10.0	8.75	0.9143159762249464
10.0	10.0	0.9047927363448078
10.0	11.25	0.9185378002200704
10.0	12.5	0.9497141899188826
10.0	13.75	0.9599748833621957
10.0	15.0	0.9742161082479548
10.0	16.25	1.048510267895657
10.0	17.5	1.0370234099221562
10.0	18.75	1.0469394417154536
10.0	20.0	0.9502933391361061
10.0	21.25	0.9897309873984472
10.0	22.5	0.9576724929813585
10.0	23.75	0.9910571453187664
10.0	25.0	0.9663456583392769
10.0	26.25	0.8705535381599452
10.0	27.5	0.8860742527516363
10.0	28.75	1.0584171670818634
10.0	30.0	0.9564966291825989
10.0	31.25	1.3835502068740757
10.0	32.5	1.5162022342795307
10.0	33.75	1.7392531915457745
10.0	35.0	1.5380107359715032
10.0	36.25	1.012233563322777
10.0	37.5	1.409727737450801
10.0	38.75	2.7584720205528495
11.25	38.75	2.8120412189939508
11.25	37.5	1.8297984112292536
11.25	36.25	0.9974862425048103
11.25	35.0	1.545277087789298
11.25	33.75	1.5045170190685377
11.25	32.5	1.5959768623011783
11.25	31.25	1.3654862249377189
11.25	30.0	1.0215052387677108
11.25	28.75	0.9722112845803377
11.25	27.5	0.9918188408568938
11.25	26.25	0.864850545510758
11.25	25.0	0.9132994893129807
11.25	23.75	1.028297922147054
11.25	22.5	0.9812392343895846
11.25	21.25	0.9933446726125545
11.25	20.0	0.9635218538495334
11.25	18.75	0.9524777982664041
11.25	17.5	1.0496356918865555
11.25	16.25	1.0485539999688616
11.25	15.0	0.9926182563393482
11.25	13.75	0.9583741105614312
11.25	12.5	0.9706850411970649
11.25	11.25	0.924030187294143
11.25	10.0	0.9299718547949842
11.25	8.75	0.9155700374163578
11.25	7.5	0.8984428311866033
11.25	6.25	0.8915290108121576
11.25	5.0	0.919777275403213
11.25	3.75	0.9224021666968651
11.25	2.5	0.930906544856902
11.25	1.25	0.9228985924338389
11.25	-0.0	0.9194760009452363
11.25	-1.25	0.9144327316162135
11.25	-2.5	0.9291688193718892
11.25	-3.75	0.9008153226383788
11.25	-5.0	0.9062977573006421
11.25	-6.25	0.8759625802530522
11.25	-7.5	0.8628553377759918
11.25	-8.75	0.8492311999881501
11.25	-10.0	0.8597676294267451
11.25	-11.25	0.8533676434572248
11.25	-12.5	0.8605040206692047
11.25	-13.75	0.8518731716441774
11.25	-15.0	0.8480282971263007
11.25	-16.25	0.8318644315360597
11.25	-17.5	0.8437974763728864
11.25	-18.75	0.8245108589076029
11.25	-20.0	0.8216491535333725
11.25	-21.25	0.8249456040781027
11.25	-22.5	0.8348523933969618
11.25	-23.75	0.8367200191078599
11.25	-25.0	0.9022289634519005
11.25	-26.25	0.8629004084841956
11.25	-27.5	0.8917850446634308
11.25	-28.75	0.8785884639246948
11.25	-30.0	1.062273372598722
11.25	-31.25	1.3725116535095179
11.25	-32.5	1.3788381774763643
11.25	-33.75	1.038912153797301
11.25	-35.0	0.9738709362768558
11.25	-36.25	0.9874320930630933
11.25	-37.5	2.405348978878785
11.25	-38.75	2.3013501932488376
12.5	-37.5	3.168511268447885
12.5	-36.25	1.1119461246942555
12.5	-35.0	0.9087394909194391
12.5	-33.75	1.0093229158405057
12.5	-32.5	1.2618536973211434
12.5	-31.25	1.4072263682981863
12.5	-30.0	1.224258710520667
12.5	-28.75	0.9042072091326272
12.5	-27.5	0.8751450726458501
12.5	-26.25	0.8761792433844366
12.5	-25.0	0.871285082475536
12.5	-23.75	0.96769730873734
12.5	-22.5	0.8325547249573217
12.5	-21.25	0.8118313673702859
12.5	-20.0	0.8309366328713361
12.5	-18.75	0.8350290697041896
12.5	-17.5	0.8567682381598454
12.5	-16.25	0.8445036895817974
12.5	-15.0	0.8583007933521802
12.5	-13.75	0.8476504062193113
12.5	-12.5	0.8589398520058573
12.5	-11.25	0.8715378327533649
12.5	-10.0	0.8760141765824319
12.5	-8.75	0.8431002099303715
12.5	-7.5	0.8603921461980946
12.5	-6.25	0.8499246395612934
12.5	-5.0	0.8719008738071024
12.5	-3.75	0.8630574747297004
12.5	-2.5	0.8838219358775437
12.5	-1.25	0.8763733716910593
12.5	0.0	0.9086061731642463
12.5	1.25	0.9228825000391119
12.5	2.5	0.9110140126916297
12.5	3.75	0.8925158522737124
12.5	5.0	0.8969405596290851
12.5	6.25	0.8895173465569535
12.5	7.5	0.9146167216476027
12.5	8.75	0.9302839480525265
12.5	10.0	0.9218872597684928
12.5	11.25	0.929404396089204
12.5	12.5	0.9868192705511909
12.5	13.75	0.977125140684862
12.5	15.0	0.9832182040371258
12.5	16.25	1.033424927955977
12.5	17.5	1.006469570827571
12.5	18.75	0.9561401309260837
12.5	20.0	0.9987609758833651
12.5	21.25	1.01509566113738
12.5	22.5	0.9976781581943142
12.5	23.75	0.9729975859333884
12.5	25.0	0.8814911069716267
12.5	26.25	0.885014744386913
12.5	27.5	1.047782026752822
12.5	28.75	0.9070960527903633
12.5	30.0	1.2010841581921996
12.5	31.25	1.4110665034908285
12.5	32.5	1.742444137573349
12.5	33.75	1.6587474167125116
12.5	35.0	1.3840479542147204
12.5	36.25	1.1154563011480878
12.5	37.5	3.22135493713634
13.75	37.5	2.9611736510225617
13.75	36.25	1.3405159731392082
13.75	35.0	1.046219113451329
13.75	33.75	1.6596194985795005
13.75	32.5	1.706100229786271
13.75	31.25	-1.5117319253510884
13.75	30.0	1.3565866050288635
13.75	28.75	0.9668388458122754
13.75	27.5	0.9940790048556822
13.75	26.25	0.8751698462607038
13.75	25.0	0.873632690902002
13.75	23.75	0.923461327966141
13.75	22.5	1.0185285186115607
13.75	21.25	0.9743475696769845
13.75	20.0	0.9743140227809377
13.75	18.75	0.9863175632111068
13.75	17.5	0.9515227025008599
13.75	16.25	1.0472037371386245
13.75	15.0	1.0209191475224362
13.75	13.75	0.9624439247758199
13.75	12.5	0.963925667151698
13.75	11.25	0.9593214582846032
13.75	10.0	0.9304262772131704
13.75	8.75	0.9065000240333294
13.75	7.5	0.9229358425715661
13.75	6.25	0.9175316365518729
13.75	5.0	0.9047397112695998
13.75	3.75	0.9073186216104077
13.75	2.5	0.9008659186899273
13.75	1.25	0.8931598234200955
13.75	-0.0	0.9025405359864891
13.75	-1.25	0.8718399680516589
13.75	-2.5	0.8695776416926471
13.75	-3.75	0.8629929574017758
13.75	-5.0	0.8750608305395051
13.75	-6.25	0.8648179191788294
13.75	-7.5	0.864226931012853
13.75	-8.75	0.8704237997758018
13.75	-10.0	0.847057872029497
13.75	-11.25	0.8419599539856639
13.75	-12.5	0.8628312080382514
13.75	-13.75	0.8579253404345586
13.75	-15.0	0.828235775040369
13.75	-16.25	0.8635928182288479
13.75	-17.5	0.8345096091395092
13.75	-18.75	0.8290484258665494
13.75	-20.0	0.8111530647274101
13.75	-21.25	0.8247635752477409
13.75	-22.5	0.8625801868433474
13.75	-23.75	0.9433088611141951
13.75	-25.0	0.8553165971465333
13.75	-26.25	0.8839815295880253
13.75	-27.5	0.8742625886086621
13.75	-28.75	1.0290933359761034
13.75	-30.0	1.3622928001819048
13.75	-31.25	1.3989140416418202
13.75	-32.5	1.0675614890943672
13.75	-33.75	0.9949914492590377
13.75	-35.0	0.932133127565498
13.75	-36.25	1.3201934959825952
13.75	-37.5	2.5807750620221874
15.0	-37.5	2.4764304836887163
15.0	-36.25	2.2495489322401676
15.0	-35.0	0.9873841284793254
15.0	-33.75	0.8787024174902509
15.0	-32.5	0.9765306160338358
15.0	-31.25	1.3092272634609028
15.0	-30.0	1.3849997590182426
15.0	-28.75	1.206397978307761
15.0	-27.5	0.9103496704346323
15.0	-26.25	0.8606376778548297
15.0	-25.0	0.8754136285429217
15.0	-23.75	0.8536013921047694
15.0	-22.5	0.8875809566093862
15.0	-21.25	0.84618608034266
15.0	-20.0	0.8256194454599983
15.0	-18.75	0.8211620886397686
15.0	-17.5	0.8359967174957541
15.0	-16.25	0.8445229189186527
15.0	-15.0	0.8844407664362786
15.0	-13.75	0.8344579462531785
15.0	-12.5	0.8691401675174424
15.0	-11.25	0.8698012977949521
15.0	-10.0	0.8960620814847005
15.0	-8.75	0.9035958346362216
15.0	-7.5	0.8902779961090612
15.0	-6.25	0.91128063170469
15.0	-5.0	0.905694838272928
15.0	-3.75	0.8958981639499637
15.0	-2.5	0.9187452471029021
15.0	-1.25	0.932496920417341
15.0	0.0	0.9285639705472395
15.0	1.25	0.9351198695743506
15.0	2.5	0.9448284075492142
15.0	3.75	0.9390763928342762
15.0	5.0	0.9011510083313965
15.0	6.25	0.9113331694442861
15.0	7.5	0.9189520451932429
15.0	8.75	0.9522356310302138
15.0	10.0	0.959531389451068
15.0	11.25	0.9244560536523032
15.0	12.5	0.9750201515965493
15.0	13.75	0.9832669565729191
15.0	15.0	1.0133520563560392
15.0	16.25	0.9260951219958038
15.0	17.5	0.9251171601520172
15.0	18.75	0.9788151372059399
15.0	20.0	0.9697774525148368
15.0	21.25	1.0290733235173644
15.0	22.5	0.9368487641805654
15.0	23.75	0.878287767741547
15.0	25.0	0.8600092000682302
15.0	26.25	1.0083459728835154
15.0	27.5	0.910620203487019
15.0	28.75	1.151906899854442
15.0	30.0	1.3491473430336045
15.0	31.25	1.6939267516724517
15.0	32.5	1.5100473819390592
15.0	33.75	1.5703395759925245
15.0	35.0	1.0101506983609942
15.0	36.25	1.8662844523333693
15.0	37.5	2.6058913884337453
16.25	36.25	3.125862205499031
16.25	35.0	1.1925697735893204
16.25	33.75	1.1381633199941614
16.25	32.5	1.643234801048017
16.25	31.25	1.7115747851986853
16.25	30.0	1.4911073311009604
16.25	28.75	1.3300947643072654
16.25	27.5	0.9822021905424076
16.25	26.25	0.977375960684908
16.25	25.0	0.9472758067735345
16.25	23.75	0.8625837423788454
16.25	22.5	0.8918404026330826
16.25	21.25	0.9905623515576565
16.25	20.0	0.9806068779695556
16.25	18.75	0.9880544573895431
16.25	17.5	0.9680135066157618
16.25	16.25	0.925734148826713
16.25	15.0	0.9228095333870936
16.25	13.75	1.003855916733225
16.25	12.5	1.0043568569658117
16.25	11.25	0.9728385667801289
16.25	10.0	0.9285032683682442
16.25	8.75	0.9068959554087446
16.25	7.5	0.9262066647852372
16.25	6.25	0.9175651690645132
16.25	5.0	0.9045347211439339
16.25	3.75	0.9683585353044748
16.25	2.5	0.9566391435456918
16.25	1.25	0.9838075827608161
16.25	-0.0	0.9458072690644146
16.25	-1.25	0.9516257095784031
16.25	-2.5	0.9367399923379232
16.25	-3.75	0.930639937448408
16.25	-5.0	0.9172431695084127
16.25	-6.25	0.9165211269573188
16.25	-7.5	0.9205294119034937
16.25	-8.75	0.9187818616814347
16.25	-10.0	0.9082260092532257
16.25	-11.25	0.8710159013777821
16.25	-12.5	0.8583143053949494
16.25	-13.75	0.867176619748447
16.25	-15.0	0.8483817741274642
16.25	-16.25	0.8450697235510862
16.25	-17.5	0.8392693311207777
16.25	-18.75	0.8231543936988501
16.25	-20.0	0.8327467378719202
16.25	-21.25	0.8827862956596979
16.25	-22.5	0.8713791815279537
16.25	-23.75	0.9115005406004517
16.25	-25.0	0.8762582065358355
16.25	-26.25	0.8651935698395672
16.25	-27.5	1.0703437002177063
16.25	-28.75	1.3708407128420408
16.25	-30.0	1.414477454928936
16.25	-31.25	1.0718562675439927
16.25	-32.5	0.9686289731400146
16.25	-33.75	0.8858882991071706
16.25	-35.0	1.0412106167281756
16.25	-36.25	2.7831319426872643
17.5	-36.25	2.7920749388726485
17.5	-35.0	1.4750500042624317
17.5	-33.75	0.9641612319342849
17.5	-32.5	0.878533470347044
17.5	-31.25	0.9672013574183342
17.5	-30.0	1.259087664795424
17.5	-28.75	1.4039072356086706
17.5	-27.5	1.261096455958449
17.5	-26.25	0.969412452372346
17.5	-25.0	0.8609472347353204
17.5	-23.75	0.884835484530047
17.5	-22.5	0.8807606772507262
17.5	-21.25	0.868241779077696
17.5	-20.0	0.86258137056228
17.5	-18.75	0.8422750628089233
17.5	-17.5	0.8161781987992907
17.5	-16.25	0.819132571627704
17.5	-15.0	0.8684744918992013
17.5	-13.75	0.8640672086403693
17.5	-12.5	0.8689455398876147
17.5	-11.25	0.8572090430666544
17.5	-10.0	0.8659215915121141
17.5	-8.75	0.8629199598137411
17.5	-7.5	0.8624360321981142
17.5	-6.25	0.8760507153108632
17.5	-5.0	0.8805279159412285
17.5	-3.75	0.8795222951784298
17.5	-2.5	0.9184959620741768
17.5	-1.25	0.8830650133538711
17.5	0.0	0.9344466089557084
17.5	1.25	0.929677206821732
17.5	2.5	0.9199885613488288
17.5	3.75	0.9112100432140524
17.5	5.0	0.8910148967174267
17.5	6.25	0.9030834535024921
17.5	7.5	0.9119316964695532
17.5	8.75	0.9510811867651157
17.5	10.0	0.9753577652242189
17.5	11.25	0.992247638623728
17.5	12.5	0.9863455030658583
17.5	13.75	0.9243407304263425
17.5	15.0	0.9215416869133257
17.5	16.25	0.9337593071974828
17.5	17.5	0.9831026046810898
17.5	18.75	0.9697651271307404
17.5	20.0	1.0276340800186148
17.5	21.25	0.90113948317744
17.5	22.5	0.8654506325209779
17.5	23.75	0.9124063564566809
17.5	25.0	1.0182091612531412
17.5	26.25	0.9454816935957355
17.5	27.5	1.1800394620069579
17.5	28.75	1.3480657632269475
17.5	30.0	-1.6954416395013165
17.5	31.25	1.4882273984775658
17.5	32.5	1.6172422683456444
17.5	33.75	1.004117394132341
17.5	35.0	1.6048380419270085
17.5	36.25	3.0975386566923397
18.75	35.0	3.632244865528925
18.75	33.75	1.1756114889046767
18.75	32.5	1.0758889522661104
18.75	31.25	1.5646316142719376
18.75	30.0	1.5872004895709804
18.75	28.75	1.5136521884076481
18.75	27.5	1.2593732509228044
18.75	26.25	1.0640845102523402
18.75	25.0	0.9703587544861128
18.75	23.75	0.9774872266472929
18.75	22.5	0.9155378983957014
18.75	21.25	0.8765948593210693
18.75	20.0	0.9025449066001645
18.75	18.75	0.9718616658793504
18.75	17.5	0.9602358797968868
18.75	16.25	0.9803026802027048
18.75	15.0	0.9582886065290053
18.75	13.75	0.9079929923173538
18.75	12.5	0.9024408181836012
18.75	11.25	0.93171156741223
18.75	10.0	1.021519632993848
18.75	8.75	0.9654050140274393
18.75	7.5	0.9678059383246085
18.75	6.25	0.935401841569778
18.75	5.0	0.912193334806358
18.75	3.75	0.8976484034711127
18.75	2.5	0.8892164801982965
18.75	1.25	0.8770738905253719
18.75	-0.0	0.918443490300831
18.75	-1.25	0.8621639655843119
18.75	-2.5	0.8944117678381431
18.75	-3.75	0.8826490570515819
18.75	-5.0	0.8980859954957605
18.75	-6.25	0.8493879754160583
18.75	-7.5	0.8718030951880831
18.75	-8.75	0.8564524415515713
18.75	-10.0	0.8809355612898173
18.75	-11.25	0.8827424638075758
18.75	-12.5	0.8777906331505587
18.75	-13.75	0.8586321023639165
18.75	-15.0	0.8280262176213302
18.75	-16.25	0.8029567597119458
18.75	-17.5	0.8371566512563957
18.75	-18.75	0.9128508999242744
18.75	-20.0	0.8669943459770026
18.75	-21.25	0.8623152649986476
18.75	-22.5	0.8686914896951361
18.75	-23.75	0.864035609653115
18.75	-25.0	0.9171967836593717
18.75	-26.25	1.1934031283352597
18.75	-27.5	1.365699034833825
18.75	-28.75	1.3657691230530142
18.75	-30.0	1.0137374835625508
18.75	-31.25	0.9308504326769356
18.75	-32.5	0.96182941244665
18.75	-33.75	0.9564138699902278
18.75	-35.0	2.4639037212776316
20.0	-35.0	2.6873254126985575
20.0	-33.75	1.31585640860931
20.0	-32.5	0.9210271508374781
20.0	-31.25	0.8583679384441751
20.0	-30.0	0.9687803301403042
20.0	-28.75	1.1311858762378808
20.0	-27.5	1.369402506131932
20.0	-26.25	1.3223462528407435
20.0	-25.0	1.1128220646808042
20.0	-23.75	0.8903571027107384
20.0	-22.5	0.8705542966497193
20.0	-21.25	0.8835749634806849
20.0	-20.0	0.8672306158331056
20.0	-18.75	0.8704379522222698
20.0	-17.5	0.9552568058595865
20.0	-16.25	0.86760215412008
20.0	-15.0	0.8300861275160454
20.0	-13.75	0.8214144009951605
20.0	-12.5	0.8229542808609045
20.0	-11.25	0.8922332510065578
20.0	-10.0	0.9257534773082572
20.0	-8.75	0.9077125787759162
20.0	-7.5	0.893402598823327
20.0	-6.25	0.8696545836254348
20.0	-5.0	0.8791469062130011
20.0	-3.75	0.8748424642321195
20.0	-2.5	0.8946437714496245
20.0	-1.25	0.9047945377363202
20.0	0.0	0.885419134531384
20.0	1.25	0.9115333660286282
20.0	2.5	0.9160291702217771
20.0	3.75	0.9266331520667892
20.0	5.0	0.9460701561928042
20.0	6.25	0.9671926418250347
20.0	7.5	1.0043095909974404
20.0	8.75	0.9546855456772274
20.0	10.0	0.8893415281041683
20.0	11.25	0.8809705071607947
20.0	12.5	0.9222539075163638
20.0	13.75	0.9826753650015263
20.0	15.0	1.0067192559732145
20.0	16.25	0.963004038491019
20.0	17.5	0.9721751819598747
20.0	18.75	0.9064170968949821
20.0	20.0	0.887267949546164
20.0	21.25	0.8802943887522119
20.0	22.5	0.9487919860648253
20.0	23.75	0.9979942977647971
20.0	25.0	0.9813500516704927
20.0	26.25	1.2833810912800843
20.0	27.5	1.3952940850270936
20.0	28.75	1.6976723308472064
20.0	30.0	1.6041098805357992
20.0	31.25	1.3832074199271993
20.0	32.5	0.9924206977065939
20.0	33.75	1.738637206544471
20.0	35.0	3.5222756994729814
21.25	33.75	4.36012034347231
21.25	32.5	1.2767116160929115
21.25	31.25	0.9354524495142407
21.25	30.0	1.6062063015953978
21.25	28.75	1.387422409467094
21.25	27.5	1.6474330540552353
21.25	26.25	1.283705195527773
21.25	25.0	1.178354106100561
21.25	23.75	0.9991889068173689
21.25	22.5	1.00286186412879
21.25	21.25	0.9269252622056552
21.25	20.0	0.8884127377396256
21.25	18.75	0.8830047652794262
21.25	17.5	0.8989917696567566
21.25	16.25	0.963591890453996
21.25	15.0	0.9482143846593534
21.25	13.75	0.984292740541103
21.25	12.5	1.045968878640723
21.25	11.25	0.9652693461659645
21.25	10.0	0.8824669327297112
21.25	8.75	0.8620525853650598
21.25	7.5	0.8741710461018908
21.25	6.25	0.89822976090311
21.25	5.0	0.9521368718286656
21.25	3.75	0.9952929133399984
21.25	2.5	0.9624971495778833
21.25	1.25	0.9458617728784802
21.25	-0.0	0.945238275581282
21.25	-1.25	0.937845938783437
21.25	-2.5	0.931410050921774
21.25	-3.75	0.9607184137875793
21.25	-5.0	0.9703844355821509
21.25	-6.25	0.9890394966649279
21.25	-7.5	0.9699651196828887
21.25	-8.75	0.8727781046944116
21.25	-10.0	0.8152316730175784
21.25	-11.25	0.819808967187746
21.25	-12.5	0.8422925365843161
21.25	-13.75	0.8797911561567204
21.25	-15.0	0.8635925895902172
21.25	-16.25	0.9093805906392269
21.25	-17.5	0.8691536373614897
21.25	-18.75	0.8666907777868014
21.25	-20.0	0.8792525259227046
21.25	-21.25	0.8670932962585143
21.25	-22.5	0.9115496715014473
21.25	-23.75	1.0906207503719934
21.25	-25.0	1.2834797254772958
21.25	-26.25	1.3456413796378648
21.25	-27.5	1.1988092132468333
21.25	-28.75	0.9539068007638631
21.25	-30.0	0.9258330484341499
21.25	-31.25	0.8849382471792637
21.25	-32.5	0.925849630614942
21.25	-33.75	2.441724494183215
22.5	-32.5	1.6215062568258638
22.5	-31.25	0.8329950517974538
22.5	-30.0	0.9134305826297666
22.5	-28.75	0.9424000154161183
22.5	-27.5	0.9492005751125294
22.5	-26.25	1.2183727596787346
22.5	-25.0	1.3184852957924225
22.5	-23.75	1.272872509134853
22.5	-22.5	1.0978578713530398
22.5	-21.25	0.9153409695808765
22.5	-20.0	0.8704187612415986
22.5	-18.75	0.8941907390759312
22.5	-17.5	0.8949253349619157
22.5	-16.25	0.8693521722232784
22.5	-15.0	0.8531555504529118
22.5	-13.75	0.9504393658202712
22.5	-12.5	0.929741974358393
22.5	-11.25	0.8733018311521157
22.5	-10.0	0.8341102972014083
22.5	-8.75	0.8247501369866184
22.5	-7.5	0.8179276489333107
22.5	-6.25	0.827176512594554
22.5	-5.0	0.8286390520275049
22.5	-3.75	0.843289505974302
22.5	-2.5	0.842700469608058
22.5	-1.25	0.8429524469758274
22.5	0.0	0.8592780904570816
22.5	1.25	0.8544104592043418
22.5	2.5	0.8550002182476133
22.5	3.75	0.8465858534824644
22.5	5.0	0.8558278399685317
22.5	6.25	0.8687384798120501
22.5	7.5	0.9000021681482941
22.5	8.75	0.9455287140723012
22.5	10.0	1.0716680811490944
22.5	11.25	1.0725196613799417
22.5	12.5	0.9670083262859928
22.5	13.75	0.9779794612659423
22.5	15.0	0.9537709628922144
22.5	16.25	0.8972310113961068
22.5	17.5	0.8927434980115292
22.5	18.75	0.8723763750633404
22.5	20.0	0.919169701509837
22.5	21.25	0.9830990541471483
22.5	22.5	1.0073281019323428
22.5	23.75	1.1353171322694156
22.5	25.0	1.2232506822467943
22.5	26.25	1.5668027167029575
22.5	27.5	1.4083147090385122
22.5	28.75	1.5360760388277779
22.5	30.0	0.9836973333282417
22.5	31.25	1.088136001465835
22.5	32.5	2.621471691216101
23.75	32.5	4.054209527598498
23.75	31.25	1.6131219366281568
23.75	30.0	0.9918561922948088
23.75	28.75	1.2160380300708322
23.75	27.5	1.6048382039160227
23.75	26.25	1.4909847842691537
23.75	25.0	1.5040142806034602
23.75	23.75	1.2008608126463987
23.75	22.5	1.1301367989354647
23.75	21.25	1.0239673807168659
23.75	20.0	0.9821360286025733
23.75	18.75	0.88644436797418
23.75	17.5	0.8845353529825486
23.75	16.25	0.8963101104740554
23.75	15.0	0.8798374124735551
23.75	13.75	0.9205400649363007
23.75	12.5	0.9590680548517856
23.75	11.25	0.984640623849879
23.75	10.0	1.0034977176503501
23.75	8.75	1.1779549071986821
23.75	7.5	1.2317022555980355
23.75	6.25	1.1352967835568801
23.75	5.0	1.0323531498785465
23.75	3.75	0.9246381240822075
23.75	2.5	0.8764671997377675
23.75	1.25	0.8414908003743911
23.75	-0.0	0.843045842276581
23.75	-1.25	0.8349272241355745
23.75	-2.5	0.8335491175127965
23.75	-3.75	0.8577863462120607
23.75	-5.0	0.8435059158410869
23.75	-6.25	0.8598046294775354
23.75	-7.5	0.8665606360181934
23.75	-8.75	0.8963660972563856
23.75	-10.0	0.9255115548727835
23.75	-11.25	0.9410452647224474
23.75	-12.5	0.9045149646641697
23.75	-13.75	0.8800242194641719
23.75	-15.0	0.8937557462361401
23.75	-16.25	0.9033623156009725
23.75	-17.5	0.8820973395238081
23.75	-18.75	0.8866804828759669
23.75	-20.0	0.9376974827458024
23.75	-21.25	1.1216855300842488
23.75	-22.5	1.2664232266938846
23.75	-23.75	1.2917786528534325
23.75	-25.0	1.2292063754696976
23.75	-26.25	0.9638689894496189
23.75	-27.5	0.9307668321536378
23.75	-28.75	0.9127112824177956
23.75	-30.0	0.8804015807096555
23.75	-31.25	1.0655463729518555
23.75	-32.5	2.7978245846399137
25.0	-31.25	2.0094672266764046
25.0	-30.0	0.9232626834241211
25.0	-28.75	0.8989597021828715
25.0	-27.5	0.9120031600446152
25.0	-26.25	0.9290037778711158
25.0	-25.0	0.9582544760167719
25.0	-23.75	1.1908980529059043
25.0	-22.5	1.258054637191952
25.0	-21.25	1.270011348967115
25.0	-20.0	1.1800449734176732
25.0	-18.75	1.0040128274175402
25.0	-17.5	0.9087324381934971
25.0	-16.25	0.8982655858144648
25.0	-15.0	0.9249502911302976
25.0	-13.75	0.935250388198523
25.0	-12.5	0.9151285260924249
25.0	-11.25	0.9237990144534969
25.0	-10.0	0.956531228220876
25.0	-8.75	0.9578152872548893
25.0	-7.5	0.9623861786543184
25.0	-6.25	0.9768017646215519
25.0	-5.0	0.948533763378288
25.0	-3.75	0.9564538743100783
25.0	-2.5	0.9476190109665978
25.0	-1.25	1.0163373785913343
25.0	0.0	1.087795849124662
25.0	1.25	1.189708187284877
25.0	2.5	1.2853191837262106
25.0	3.75	1.3014468742518739
25.0	5.0	1.2750178888598853
25.0	6.25	1.1555351005856593
25.0	7.5	1.0253649780472376
25.0	8.75	0.9761988711208023
25.0	10.0	0.9767164572288678
25.0	11.25	0.9308856005397717
25.0	12.5	0.9039462275736199
25.0	13.75	0.8950892976862788
25.0	15.0	0.904167941690071
25.0	16.25	0.8992414272204705
25.0	17.5	0.9083858542139112
25.0	18.75	0.9866579443420473
25.0	20.0	1.0175404587993597
25.0	21.25	1.0990485636095784
25.0	22.5	1.1630848984517606
25.0	23.75	-1.486216182298818
25.0	25.0	1.538384616305846
25.0	26.25	1.5046780411264713
25.0	27.5	1.2481348125111005
25.0	28.75	0.9542481349257343
25.0	30.0	1.294108931019057
25.0	31.25	3.6384317724367357
26.25	30.0	4.039777485406471
26.25	28.75	1.225216091871733
26.25	27.5	0.94529545994477
26.25	26.25	1.2941759094432514
26.25	25.0	1.5070890669175157
26.25	23.75	1.532099227778037
26.25	22.5	-1.4869351409557314
26.25	21.25	1.1561415059355813
26.25	20.0	1.061110173589645
26.25	18.75	1.0522847397781536
26.25	17.5	1.0498873617709368
26.25	16.25	0.9254883261677813
26.25	15.0	0.9053906760861974
26.25	13.75	0.9162112599359578
26.25	12.5	0.9181955464702343
26.25	11.25	0.8889034141403727
26.25	10.0	0.9138817121320306
26.25	8.75	0.9440324544664929
26.25	7.5	0.9631245672847566
26.25	6.25	0.999186500766557
26.25	5.0	0.9907110362879132
26.25	3.75	0.9998941795882672
26.25	2.5	1.006828594492558
26.25	1.25	1.0503430416271842
26.25	-0.0	1.0507066386672523
26.25	-1.25	1.0289575177542005
26.25	-2.5	1.002606849646499
26.25	-3.75	0.9898205289394273
26.25	-5.0	0.9841359195894075
26.25	-6.25	0.9687820543874528
26.25	-7.5	0.963565488965969
26.25	-8.75	0.9686567245768396
26.25	-10.0	0.9657616930110571
26.25	-11.25	0.9957496531899155
26.25	-12.5	0.9426582025495129
26.25	-13.75	0.8944874836120462
26.25	-15.0	0.9024790105204676
26.25	-16.25	0.9572924240548346
26.25	-17.5	1.0870525568506437
26.25	-18.75	1.2072560816327123
26.25	-20.0	1.2596601058167511
26.25	-21.25	1.2656473536599062
26.25	-22.5	1.1618750875868633
26.25	-23.75	0.9368789995414097
26.25	-25.0	0.9233778834294304
26.25	-26.25	0.8974535719268459
26.25	-27.5	0.8911767391141643
26.25	-28.75	0.8616007184715126
26.25	-30.0	1.4410823066626595
27.5	-28.75	1.2062533132707465
27.5	-27.5	0.8597357000326467
27.5	-26.25	0.8887360845151537
27.5	-25.0	0.9031134562192573
27.5	-23.75	0.9280539808014074
27.5	-22.5	0.9547068427601788
27.5	-21.25	1.0670730561178399
27.5	-20.0	1.221867495567352
27.5	-18.75	1.237015969549466
27.5	-17.5	1.2320383718994519
27.5	-16.25	1.1673410952544732
27.5	-15.0	1.0731824653711382
27.5	-13.75	0.9669405905749482
27.5	-12.5	0.9230746538055632
27.5	-11.25	0.9158829296279878
27.5	-10.0	0.9390666298850885
27.5	-8.75	0.947974761288628
27.5	-7.5	1.009503718131997
27.5	-6.25	1.0240128222524314
27.5	-5.0	0.9985624414209635
27.5	-3.75	0.9780964835305115
27.5	-2.5	0.9586001626355714
27.5	-1.25	0.966514020694512
27.5	0.0	0.9672715237094609
27.5	1.25	0.956598667794692
27.5	2.5	0.9495132910552435
27.5	3.75	0.9561811569841758
27.5	5.0	0.9455959371110207
27.5	6.25	0.9456546244315733
27.5	7.5	0.9350153701737209
27.5	8.75	0.9181139773311333
27.5	10.0	0.9417663676524599
27.5	11.25	0.9486169923640055
27.5	12.5	0.9342648664832129
27.5	13.75	0.9245025834420995
27.5	15.0	0.9574392976584365
27.5	16.25	1.0588004872580878
27.5	17.5	1.0525453064044576
27.5	18.75	1.074480253046147
27.5	20.0	1.1851732854269414
27.5	21.25	1.513614074441147
27.5	22.5	1.4630128756496728
27.5	23.75	1.6012292533511951
27.5	25.0	1.37979767973294
27.5	26.25	0.9436819096950346
27.5	27.5	1.1862451584401352
27.5	28.75	3.268904592435282
28.75	27.5	3.515979959870563
28.75	26.25	1.1837977541082356
28.75	25.0	0.9569686300123941
28.75	23.75	1.2807420732732844
28.75	22.5	1.7729175481684623
28.75	21.25	1.3428119710423845
28.75	20.0	1.5232364812342247
28.75	18.75	1.297960053473095
28.75	17.5	1.0570854014633957
28.75	16.25	0.9998026197476584
28.75	15.0	1.047324227691214
28.75	13.75	1.0454102089173292
28.75	12.5	0.9612175457182719
28.75	11.25	0.9421586907879593
28.75	10.0	0.9645266972955291
28.75	8.75	0.9718586489466112
28.75	7.5	0.9716732336444718
28.75	6.25	0.9478346764968038
28.75	5.0	0.930412100939332
28.75	3.75	0.9202620221299851
28.75	2.5	0.920365640688261
28.75	1.25	0.9140819456635452
28.75	-0.0	0.9205501416593549
28.75	-1.25	0.9402291718369842
28.75	-2.5	0.9275333681732967
28.75	-3.75	0.9167660794471182
28.75	-5.0	0.9021219165634111
28.75	-6.25	0.8971830954548752
28.75	-7.5	0.9283854802033042
28.75	-8.75	0.94916562065176
28.75	-10.0	0.977244666694669
28.75	-11.25	1.0048984065389188
28.75	-12.5	1.096418929448899
28.75	-13.75	1.1523773497653327
28.75	-15.0	1.1886219266657783
28.75	-16.25	1.1996061725476768
28.75	-17.5	1.1842938203382332
28.75	-18.75	1.141342172937712
28.75	-20.0	0.9793709429464394
28.75	-21.25	0.9512969762992265
28.75	-22.5	0.9567949143695138
28.75	-23.75	0.9484607723738216
28.75	-25.0	0.9181204475831874
28.75	-26.25	0.8455396103078314
28.75	-27.5	1.0628447133042727
30.0	-26.25	1.0947996851059774
30.0	-25.0	0.8758605651744675
30.0	-23.75	0.9010434125725117
30.0	-22.5	0.9616349362362051
30.0	-21.25	0.9665656427961844
30.0	-20.0	0.9631308745528226
30.0	-18.75	0.957563664766341
30.0	-17.5	1.0056506577838515
30.0	-16.25	1.1054758738521784
30.0	-15.0	1.1504157857033714
30.0	-13.75	1.160754713357404
30.0	-12.5	1.1765855666744907
30.0	-11.25	1.1332443222533692
30.0	-10.0	1.1223411300232788
30.0	-8.75	1.0763120936160906
30.0	-7.5	1.026477801549114
30.0	-6.25	1.0178788006939428
30.0	-5.0	0.9985809223473545
30.0	-3.75	0.9917908229006533
30.0	-2.5	1.0079280102844033
30.0	-1.25	0.9856490047097193
30.0	0.0	0.9809727844956937
30.0	1.25	0.9910298131483781
30.0	2.5	0.985303318059584
30.0	3.75	0.9872580552744337
30.0	5.0	0.9886242816431476
30.0	6.25	1.0015149719651726
30.0	7.5	0.9794718153954172
30.0	8.75	0.9759112629557434
30.0	10.0	1.0756911942375593
30.0	11.25	1.0800721222635525
30.0	12.5	1.0550164537859672
30.0	13.75	0.983016042162518
30.0	15.0	1.0000510336869812
30.0	16.25	1.1586671402925912
30.0	17.5	1.4149187340559983
30.0	18.75	1.4761424381238584
30.0	20.0	1.4024508586095008
30.0	21.25	1.6638698227211401
30.0	22.5	1.2095777710535893
30.0	23.75	0.9703463776434695
30.0	25.0	1.2304388824251946
30.0	26.25	3.908616022777098
31.25	25.0	3.4953338154238445
31.25	23.75	1.3737646384611226
31.25	22.5	1.025440597608835
31.25	21.25	0.9889169065686154
31.25	20.0	1.5916040962655575
31.25	18.75	1.794877186604623
31.25	17.5	1.3480277053701837
31.25	16.25	1.443844505367081
31.25	15.0	1.342584577658271
31.25	13.75	1.1214908700060509
31.25	12.5	0.9912475721963299
31.25	11.25	0.9346401219247422
31.25	10.0	1.0120423185414662
31.25	8.75	1.0527642700373416
31.25	7.5	1.0786701343811949
31.25	6.25	1.0808008053886509
31.25	5.0	0.9947359917666132
31.25	3.75	1.043886508341938
31.25	2.5	1.0519085177707463
31.25	1.25	1.0626139958524732
31.25	-0.0	1.0515173572990033
31.25	-1.25	1.062313552783742
31.25	-2.5	1.0591759962954939
31.25	-3.75	1.0643385424354808
31.25	-5.0	1.0894140662258156
31.25	-6.25	1.0918976958520856
31.25	-7.5	1.1165525705517982
31.25	-8.75	1.1201376482415277
31.25	-10.0	1.154626151152092
31.25	-11.25	1.13146841560562
31.25	-12.5	1.0912703423388344
31.25	-13.75	1.0398338348959912
31.25	-15.0	0.9657782888378739
31.25	-16.25	0.9587681496839906
31.25	-17.5	0.990982589164842
31.25	-18.75	0.9781394956710994
31.25	-20.0	0.9568528769256108
31.25	-21.25	0.9523271666953441
31.25	-22.5	0.885138911531854
31.25	-23.75	0.89777866842587
31.25	-25.0	1.1247604388565788
32.5	-23.75	1.331865695714491
32.5	-22.5	0.9383870386812863
32.5	-21.25	0.8752313507989928
32.5	-20.0	0.9539111010406902
32.5	-18.75	1.011851508475714
32.5	-17.5	0.9949185321748866
32.5	-16.25	0.9897777054626813
32.5	-15.0	1.0401883137147738
32.5	-13.75	1.015211663420791
32.5	-12.5	0.9558532947883798
32.5	-11.25	0.976867744713525
32.5	-10.0	1.0060979129076708
32.5	-8.75	1.0479828664913784
32.5	-7.5	1.0822591438375433
32.5	-6.25	1.142090680705353
32.5	-5.0	1.1957532959372763
32.5	-3.75	1.2234029091590548
32.5	-2.5	1.2236329815418738
32.5	-1.25	1.2002810824740315
32.5	0.0	1.1410291491151812
32.5	1.25	1.073198206631993
32.5	2.5	1.0566976886521644
32.5	3.75	1.055463870230751
32.5	5.0	1.0251028956052588
32.5	6.25	0.9753057176157762
32.5	7.5	0.9318272714484337
32.5	8.75	0.9768007597242248
32.5	10.0	1.021672638587507
32.5	11.25	1.1809957673696472
32.5	12.5	1.3205510176891764
32.5	13.75	1.4139617350237978
32.5	15.0	1.3357485810821004
32.5	16.25	1.6860895328537602
32.5	17.5	1.9405706462126835
32.5	18.75	1.2341516450706633
32.5	20.0	0.9646305017641765
32.5	21.25	1.115789961000191
32.5	22.5	1.6762808856982128
32.5	23.75	3.204562336907257
33.75	21.25	4.30283593895156
33.75	20.0	1.3264412601374183
33.75	18.75	1.0634121208535285
33.75	17.5	0.987966027892508
33.75	16.25	1.301874153427164
33.75	15.0	1.8552985755524354
33.75	13.75	1.6814513446113653
33.75	12.5	1.327652041202004
33.75	11.25	1.3258970354382527
33.75	10.0	1.3264142451974683
33.75	8.75	1.2443883262578748
33.75	7.5	1.168431593624791
33.75	6.25	1.066357337845699
33.75	5.0	0.990720975365905
33.75	3.75	0.9515527234345793
33.75	2.5	0.9254090504157189
33.75	1.25	0.9322131809421697
33.75	-0.0	0.9432378383121955
33.75	-1.25	0.9305867742613572
33.75	-2.5	0.9459506442819929
33.75	-3.75	0.9418350807721279
33.75	-5.0	0.9420482303424524
33.75	-6.25	0.9389352225109429
33.75	-7.5	0.9318866143804394
33.75	-8.75	0.972000041367056
33.75	-10.0	1.0238970996672245
33.75	-11.25	1.082622474174241
33.75	-12.5	1.0667041687525183
33.75	-13.75	1.0117750996487151
33.75	-15.0	1.010913463915494
33.75	-16.25	1.047435647441219
33.75	-17.5	0.9858055762296827
33.75	-18.75	0.9068492248778739
33.75	-20.0	0.9231590011220572
33.75	-21.25	1.0363212604082497
35.0	-20.0	1.4900151130263541
35.0	-18.75	1.0433622817941055
35.0	-17.5	0.9405797766028234
35.0	-16.25	0.9503303725811314
35.0	-15.0	1.0078479192376433
35.0	-13.75	1.1215696695558481
35.0	-12.5	1.1109723734950894
35.0	-11.25	1.0576879579367926
35.0	-10.0	1.0171316752334905
35.0	-8.75	1.0519990396320331
35.0	-7.5	1.0792802493223963
35.0	-6.25	1.1023096579779503
35.0	-5.0	1.0871131405112902
35.0	-3.75	1.0752946322569574
35.0	-2.5	1.0936680835351718
35.0	-1.25	1.0897937913246905
35.0	0.0	1.102462742309367
35.0	1.25	1.12195915820962
35.0	2.5	1.158407781665785
35.0	3.75	1.1807728253057803
35.0	5.0	1.2283764692766397
35.0	6.25	1.2428465331414005
35.0	7.5	1.2106230007724985
35.0	8.75	1.2527546793591524
35.0	10.0	1.5696402544758223
35.0	11.25	1.8798634893230322
35.0	12.5	1.7775964531757094
35.0	13.75	1.2073041626416972
35.0	15.0	1.0071778594490466
35.0	16.25	1.0634430164743538
35.0	17.5	1.2783239026257167
35.0	18.75	2.2185164292924604
35.0	20.0	3.6173690420686953
36.25	17.5	3.8989600545132017
36.25	16.25	1.9347684596533092
36.25	15.0	1.3219705397013959
36.25	13.75	1.148900958800474
36.25	12.5	1.0386298235761764
36.25	11.25	1.071025609424563
36.25	10.0	1.2729642373227552
36.25	8.75	1.6669056613111266
36.25	7.5	1.8032387884684802
36.25	6.25	1.6838530900827315
36.25	5.0	1.485934167240238
36.25	3.75	1.3128535478615948
36.25	2.5	1.1971939797862508
36.25	1.25	1.1334714585522354
36.25	-0.0	1.0854474606336701
36.25	-1.25	1.0804532570016532
36.25	-2.5	1.0723657187546376
36.25	-3.75	1.0873217816100356
36.25	-5.0	1.1222763073135376
36.25	-6.25	1.1489727974574695
36.25	-7.5	1.20071398806488
36.25	-8.75	1.239122533511595
36.25	-10.0	1.2159031800900966
36.25	-11.25	1.1063104780358302
36.25	-12.5	0.9824815323239546
36.25	-13.75	0.9788368520660509
36.25	-15.0	1.043112637840328
36.25	-16.25	1.157776475369344
36.25	-17.5	1.5142869572480304
37.5	-15.0	2.099322478358002
37.5	-13.75	1.4393050507577136
37.5	-12.5	1.2753190597967041
37.5	-11.25	1.1596590605403687
37.5	-10.0	1.0897742262176378
37.5	-8.75	1.0531860882092108
37.5	-7.5	1.0891538514924637
37.5	-6.25	1.15394888932018
37.5	-5.0	1.2513416837254034
37.5	-3.75	1.3197284515765677
37.5	-2.5	1.3760310758702596
37.5	-1.25	1.4170664340281514
37.5	0.0	1.4699759563272963
37.5	1.25	1.4807782446549576
37.5	2.5	1.477994563128144
37.5	3.75	1.3570925310633513
37.5	5.0	1.226164978458649
37.5	6.25	1.1267200633868057
37.5	7.5	1.0806215862749324
37.5	8.75	1.0997559480352184
37.5	10.0	1.1929793385115524
37.5	11.25	1.3339744614039564
37.5	12.5	1.5637779505595484
37.5	13.75	2.9016559463976606
37.5	15.0	4.794902884542601
38.75	11.25	3.372225921647061
38.75	10.0	2.899643212692384
38.75	8.75	1.9324964526637354
38.75	7.5	1.4822677176887638
38.75	6.25	1.4157540790666285
38.75	5.0	1.3317460275363526
38.75	3.75	1.2847150559552425
38.75	2.5	1.2719161851017313
38.75	1.25	1.2661068972426328
38.75	-0.0	1.2499492663954808
38.75	-1.25	1.2719535135970608
38.75	-2.5	1.2689837124131023
38.75	-3.75	1.320048162450778
38.75	-5.0	1.3266257452549741
38.75	-6.25	1.371305859862316
38.75	-7.5	1.4101488289831154
38.75	-8.75	1.4617804900121314
38.75	-10.0	1.6867780173510925
38.75	-11.25	2.4819416548891144
40.0	-6.25	2.8444141916075028
40.0	-5.0	3.43554200874442
40.0	-3.75	2.9785846575684127
40.0	-2.5	2.5926347361343627
40.0	-1.25	2.6597167421954833
40.0	0.0	2.1807474745709623
40.0	1.25	2.577574298197458
40.0	2.5	2.6859515206882802
40.0	3.75	4.500724665346983
40.0	5.0	2.9999862393023253
40.0	6.25	-3.581782144971453
