-40.0	6.25	3.68964998777059
-40.0	5.0	3.143014648840037
-40.0	3.75	3.1455360359255096
-40.0	2.5	2.584897336999253
-40.0	1.25	2.2477169577870537
-40.0	-0.0	2.12782385385776
-40.0	-1.25	2.0701618896319314
-40.0	-2.5	2.198742653901638
-40.0	-3.75	2.385844848157639
-40.0	-5.0	2.5000433129638866
-40.0	-6.25	2.5525620199305816
-38.75	-11.25	1.8772335591117697
-38.75	-10.0	1.6580421893597208
-38.75	-8.75	1.6080137079238401
-38.75	-7.5	1.6441964438001655
-38.75	-6.25	1.6546157292115327
-38.75	-5.0	1.6450762662679885
-38.75	-3.75	1.6120506136511246
-38.75	-2.5	1.5779588103207018
-38.75	-1.25	1.539468447549651
-38.75	0.0	1.524150505102515
-38.75	1.25	1.496534021991871
-38.75	2.5	1.5183885772902173
-38.75	3.75	1.5361379817234955
-38.75	5.0	1.5641348279312473
-38.75	6.25	1.6466958553882813
-38.75	7.5	1.8011581185313075
-38.75	8.75	2.032414693861833
-38.75	10.0	3.570623067926091
-38.75	11.25	2.7478182166077536
-37.5	15.0	2.338818982017794
-37.5	13.75	3.9529404369583183
-37.5	12.5	1.8960320673921878
-37.5	11.25	1.6075167128901562
-37.5	10.0	1.4356868057052043
-37.5	8.75	1.3270088602165373
-37.5	7.5	1.3217509342185512
-37.5	6.25	1.322270657282564
-37.5	5.0	1.4020651014250465
-37.5	3.75	1.484005790792283
-37.5	2.5	1.517795910771862
-37.5	1.25	1.5091338925689577
-37.5	-0.0	1.4763441757215565
-37.5	-1.25	1.4745933781534344
-37.5	-2.5	1.4685542265158436
-37.5	-3.75	1.4324967143297265
-37.5	-5.0	1.3982386803142468
-37.5	-6.25	1.358387766540666
-37.5	-7.5	1.340949134260308
-37.5	-8.75	1.3859773985985226
-37.5	-10.0	1.4461701818011665
-37.5	-11.25	1.5552560862670672
-37.5	-12.5	1.6157812178037396
-37.5	-13.75	1.674164567612376
-37.5	-15.0	2.1427637118435383
-36.25	-17.5	2.024990184336999
-36.25	-16.25	1.5691472022855706
-36.25	-15.0	1.4198811325859007
-36.25	-13.75	1.3149550570835817
-36.25	-12.5	1.263337030252199
-36.25	-11.25	1.2901076590684246
-36.25	-10.0	1.3520781972852758
-36.25	-8.75	1.3556719757601492
-36.25	-7.5	1.2870215848304492
-36.25	-6.25	1.2726083488491984
-36.25	-5.0	1.2485924221963778
-36.25	-3.75	1.2375255848912907
-36.25	-2.5	1.210941202022573
-36.25	-1.25	1.2150428750482423
-36.25	0.0	1.2156940959553006
-36.25	1.25	1.2027668522120987
-36.25	2.5	1.2401901481114237
-36.25	3.75	1.2885050013918375
-36.25	5.0	1.3337225032249478
-36.25	6.25	1.4894703315371052
-36.25	7.5	1.5928309949998205
-36.25	8.75	1.6512086999003595
-36.25	10.0	1.5014117603220214
-36.25	11.25	1.2909781257160349
-36.25	12.5	1.2498386315866172
-36.25	13.75	1.3529866659443321
-36.25	15.0	1.6403837409405675
-36.25	16.25	2.3170364513877617
-36.25	17.5	2.524433498486765
-35.0	20.0	2.661240517264682
-35.0	18.75	2.9087729456718474
-35.0	17.5	1.524466560543667
-35.0	16.25	1.2716417014410837
-35.0	15.0	1.2221385545415773
-35.0	13.75	1.4118898062917609
-35.0	12.5	1.7223104916787317
-35.0	11.25	1.6085792473844354
-35.0	10.0	1.3741159586949738
-35.0	8.75	1.273923293622583
-35.0	7.5	1.2589712388111929
-35.0	6.25	1.2408160244011368
-35.0	5.0	1.2095998759520636
-35.0	3.75	1.1939888009666397
-35.0	2.5	1.188035847115029
-35.0	1.25	1.2005285178274505
-35.0	-0.0	1.170195478000835
-35.0	-1.25	1.1565608924848831
-35.0	-2.5	1.1720288809537376
-35.0	-3.75	1.1936874096789571
-35.0	-5.0	1.212137199046027
-35.0	-6.25	1.252418001808275
-35.0	-7.5	1.2464636554501407
-35.0	-8.75	1.2402189571589197
-35.0	-10.0	1.2313445698840582
-35.0	-11.25	1.2481102368947328
-35.0	-12.5	1.2916092717899774
-35.0	-13.75	1.3086009172907076
-35.0	-15.0	1.2363748061888833
-35.0	-16.25	1.197498316793145
-35.0	-17.5	1.2652625848200199
-35.0	-18.75	1.4783623072175924
-35.0	-20.0	2.0209542650691503
-33.75	-21.25	1.435908577318905
-33.75	-20.0	1.2029377952553375
-33.75	-18.75	1.1665664688952742
-33.75	-17.5	1.200682105745864
-33.75	-16.25	1.248039705981272
-33.75	-15.0	1.2297514659290574
-33.75	-13.75	1.2135968106626018
-33.75	-12.5	1.26710313667623
-33.75	-11.25	1.2941336807650554
-33.75	-10.0	1.2256206978564297
-33.75	-8.75	1.190239812160221
-33.75	-7.5	1.1456107501965507
-33.75	-6.25	1.142174143831161
-33.75	-5.0	1.1239877259596849
-33.75	-3.75	1.1345545102864225
-33.75	-2.5	1.1274746598618286
-33.75	-1.25	1.1137969322959815
-33.75	0.0	1.129320691125205
-33.75	1.25	1.1221441124606804
-33.75	2.5	1.1079503921211593
-33.75	3.75	1.1088937206887595
-33.75	5.0	1.1174909533205764
-33.75	6.25	1.137138835240198
-33.75	7.5	1.1691185999763478
-33.75	8.75	1.1977369414732841
-33.75	10.0	1.2209127697253326
-33.75	11.25	1.3008802569898155
-33.75	12.5	1.2945545089273827
-33.75	13.75	1.4744962452513786
-33.75	15.0	1.6814221699682648
-33.75	16.25	1.448590239498567
-33.75	17.5	1.1828658268428258
-33.75	18.75	1.216247112724207
-33.75	20.0	1.532606083250978
-33.75	21.25	2.678391378042207
-32.5	23.75	2.6140959029022
-32.5	22.5	1.8938163715273104
-32.5	21.25	1.321856037613558
-32.5	20.0	1.160317783366871
-32.5	18.75	1.3554586100145265
-32.5	17.5	1.6728420106464101
-32.5	16.25	1.40881019220092
-32.5	15.0	1.2868625815529011
-32.5	13.75	1.2717217726656322
-32.5	12.5	1.2347494489351405
-32.5	11.25	1.1740215564405956
-32.5	10.0	1.148272563380612
-32.5	8.75	1.119182676414928
-32.5	7.5	1.1365091374936505
-32.5	6.25	1.1077808220023124
-32.5	5.0	1.0740541796091065
-32.5	3.75	1.0885883615771252
-32.5	2.5	1.083295373395579
-32.5	1.25	1.0879867353869574
-32.5	-0.0	1.0977029084655632
-32.5	-1.25	1.1150182829382977
-32.5	-2.5	1.1322595386192873
-32.5	-3.75	1.1022653554022463
-32.5	-5.0	1.1234512735228357
-32.5	-6.25	1.1655681465125145
-32.5	-7.5	1.1584154307625196
-32.5	-8.75	1.178752558339042
-32.5	-10.0	1.1889946819667454
-32.5	-11.25	1.1913183230912452
-32.5	-12.5	1.2126499111694669
-32.5	-13.75	1.2529981081725285
-32.5	-15.0	1.2727141051005226
-32.5	-16.25	1.2445316872549528
-32.5	-17.5	1.2331572915504099
-32.5	-18.75	1.2083360220173596
-32.5	-20.0	1.158823328499233
-32.5	-21.25	1.1037907397123012
-32.5	-22.5	1.2035402935470687
-32.5	-23.75	2.041762093225259
-31.25	-25.0	1.4542991519599955
-31.25	-23.75	1.1294137936618682
-31.25	-22.5	1.0945528596471892
-31.25	-21.25	1.1711019026913885
-31.25	-20.0	1.2037075019191636
-31.25	-18.75	1.1993226462972029
-31.25	-17.5	1.2886783481433186
-31.25	-16.25	1.256158985619007
-31.25	-15.0	1.2475764371278775
-31.25	-13.75	1.2327600137800774
-31.25	-12.5	1.2323416229259232
-31.25	-11.25	1.2140710506810848
-31.25	-10.0	1.1814890259384567
-31.25	-8.75	1.1641636492520941
-31.25	-7.5	1.1603282400748434
-31.25	-6.25	1.1580014300364336
-31.25	-5.0	1.1358468427061705
-31.25	-3.75	1.1360641088263845
-31.25	-2.5	1.13967228642331
-31.25	-1.25	1.1301504059324197
-31.25	0.0	1.1597794910360797
-31.25	1.25	1.1181948179255716
-31.25	2.5	1.1444260091159872
-31.25	3.75	1.122633529845162
-31.25	5.0	1.1037794392566163
-31.25	6.25	1.125140261821298
-31.25	7.5	1.1037229576965828
-31.25	8.75	1.0965216371407616
-31.25	10.0	1.0750177227914666
-31.25	11.25	1.136944885075203
-31.25	12.5	1.1565913697646053
-31.25	13.75	1.1870413017227772
-31.25	15.0	1.2415001706175053
-31.25	16.25	1.3064745260685484
-31.25	17.5	1.3220366319221153
-31.25	18.75	1.515226266307069
-31.25	20.0	1.537320747544081
-31.25	21.25	1.1733563777780862
-31.25	22.5	1.2147398486827221
-31.25	23.75	1.5955696733257678
-31.25	25.0	2.10442344831037
-30.0	26.25	2.3030278461914744
-30.0	25.0	1.4626154779445164
-30.0	23.75	1.159358733858915
-30.0	22.5	1.2312541592978743
-30.0	21.25	1.5327314066200852
-30.0	20.0	1.3037260643899895
-30.0	18.75	1.3327549100844482
-30.0	17.5	1.2876802194085046
-30.0	16.25	1.2210235825726965
-30.0	15.0	1.1620150598588879
-30.0	13.75	1.1374581783986581
-30.0	12.5	1.0859133349516092
-30.0	11.25	1.0624963724808776
-30.0	10.0	1.1004203811458986
-30.0	8.75	1.1187439792876681
-30.0	7.5	1.1212184490518942
-30.0	6.25	1.0910808636201157
-30.0	5.0	1.1174332000205762
-30.0	3.75	1.1041986045353616
-30.0	2.5	1.1019581179698879
-30.0	1.25	1.0974710424345213
-30.0	-0.0	1.117917126556903
-30.0	-1.25	1.103977001042928
-30.0	-2.5	1.1026989142823087
-30.0	-3.75	1.0957901627521807
-30.0	-5.0	1.1152744349866346
-30.0	-6.25	1.1347468256747915
-30.0	-7.5	1.1290193846009107
-30.0	-8.75	1.169771735858676
-30.0	-10.0	1.1771068829399054
-30.0	-11.25	1.2003617500133776
-30.0	-12.5	1.2127390555826985
-30.0	-13.75	1.2185120843802082
-30.0	-15.0	1.233090941947557
-30.0	-16.25	1.2569245809072314
-30.0	-17.5	1.235979371629183
-30.0	-18.75	1.2665806174082475
-30.0	-20.0	1.2154471050448743
-30.0	-21.25	1.1864094295802188
-30.0	-22.5	1.1619358602491126
-30.0	-23.75	1.0958143385256172
-30.0	-25.0	1.0807276400707213
-30.0	-26.25	1.4063492890318186
-28.75	-27.5	1.46107545372658
-28.75	-26.25	1.075866190740081
-28.75	-25.0	1.122822647432403
-28.75	-23.75	1.165995291697488
-28.75	-22.5	1.1881876940904688
-28.75	-21.25	1.2317785464455957
-28.75	-20.0	1.233780175522881
-28.75	-18.75	1.2992228210930081
-28.75	-17.5	1.299167002385512
-28.75	-16.25	1.249902641911234
-28.75	-15.0	1.2357414017051287
-28.75	-13.75	1.22159873467578
-28.75	-12.5	1.1814587190989867
-28.75	-11.25	1.1732557385758202
-28.75	-10.0	1.1360668388119528
-28.75	-8.75	1.1439932063886644
-28.75	-7.5	1.1347163852181588
-28.75	-6.25	1.102096113381915
-28.75	-5.0	1.1199161964705322
-28.75	-3.75	1.1239713539078942
-28.75	-2.5	1.132102050799939
-28.75	-1.25	1.1359876644142748
-28.75	0.0	1.1145885580066173
-28.75	1.25	1.1392901760410021
-28.75	2.5	1.1268719402439196
-28.75	3.75	1.1158388306349458
-28.75	5.0	1.1202380657000752
-28.75	6.25	1.1110065581879667
-28.75	7.5	1.0914402616865377
-28.75	8.75	1.0890224386762748
-28.75	10.0	1.0923347465878352
-28.75	11.25	1.1108186321085247
-28.75	12.5	1.1269707323113964
-28.75	13.75	1.0828095788868408
-28.75	15.0	1.1033972239708216
-28.75	16.25	1.1657700764857548
-28.75	17.5	1.1798137258557304
-28.75	18.75	1.260627261888545
-28.75	20.0	1.3175972638550002
-28.75	21.25	1.270221231204891
-28.75	22.5	1.5499429943393563
-28.75	23.75	1.3244784228076778
-28.75	25.0	1.1361571587750499
-28.75	26.25	1.3992116219457307
-28.75	27.5	2.4809413551103656
-27.5	28.75	2.6110137068185404
-27.5	27.5	1.3717883323879354
-27.5	26.25	1.1278717942501517
-27.5	25.0	1.3857114069905707
-27.5	23.75	1.394781957334585
-27.5	22.5	1.3758494300487678
-27.5	21.25	1.3482917770669332
-27.5	20.0	1.2476384415948623
-27.5	18.75	1.1856755480974046
-27.5	17.5	1.1053527014957112
-27.5	16.25	1.0726885003931201
-27.5	15.0	1.1049151691016634
-27.5	13.75	1.1259564057919675
-27.5	12.5	1.1048343478652072
-27.5	11.25	1.094053451023937
-27.5	10.0	1.1014650803137949
-27.5	8.75	1.1261733879754674
-27.5	7.5	1.1437672112439294
-27.5	6.25	1.130263218762602
-27.5	5.0	1.1329911214532862
-27.5	3.75	1.1233104537183527
-27.5	2.5	1.1474659091313812
-27.5	1.25	1.1420853673928484
-27.5	-0.0	1.136823856992101
-27.5	-1.25	1.1403705210826036
-27.5	-2.5	1.1511990350797054
-27.5	-3.75	1.1404801979564896
-27.5	-5.0	1.146849024508942
-27.5	-6.25	1.1697004004562679
-27.5	-7.5	1.1480359751748104
-27.5	-8.75	1.1553501463759304
-27.5	-10.0	1.1598957119345608
-27.5	-11.25	1.1378628694097168
-27.5	-12.5	1.1411841275676906
-27.5	-13.75	1.1672642426889688
-27.5	-15.0	1.1944602451410882
-27.5	-16.25	1.2408662697261432
-27.5	-17.5	1.2710794642083219
-27.5	-18.75	1.2835828944126249
-27.5	-20.0	1.3166896320358052
-27.5	-21.25	1.2615408451154302
-27.5	-22.5	1.2159236833589535
-27.5	-23.75	1.1890805548611976
-27.5	-25.0	1.159284547659989
-27.5	-26.25	1.0746975734104804
-27.5	-27.5	1.0618734985828784
-27.5	-28.75	1.6158270667828383
-26.25	-30.0	2.0021623927627052
-26.25	-28.75	1.0435100000085207
-26.25	-27.5	1.0523837900482613
-26.25	-26.25	1.0929369387086174
-26.25	-25.0	1.1480864421697445
-26.25	-23.75	1.187125202614629
-26.25	-22.5	1.2803009098000313
-26.25	-21.25	1.318545388331791
-26.25	-20.0	1.2965994182237308
-26.25	-18.75	1.275380065639668
-26.25	-17.5	1.2228359471716397
-26.25	-16.25	1.1799330537613333
-26.25	-15.0	1.1429292893445409
-26.25	-13.75	1.1446166433030136
-26.25	-12.5	1.1381474987294045
-26.25	-11.25	1.153544832965375
-26.25	-10.0	1.1250325966599402
-26.25	-8.75	1.143720909583914
-26.25	-7.5	1.138649138570357
-26.25	-6.25	1.1341134668425292
-26.25	-5.0	1.1548982556624026
-26.25	-3.75	1.1294813322260664
-26.25	-2.5	1.1549501366979626
-26.25	-1.25	1.1895106901357666
-26.25	0.0	1.1878556420981132
-26.25	1.25	1.217254802835547
-26.25	2.5	1.1956940302926995
-26.25	3.75	1.181829396954745
-26.25	5.0	1.1833983788027282
-26.25	6.25	1.1626010513542013
-26.25	7.5	1.1700890339480523
-26.25	8.75	1.1558671744921476
-26.25	10.0	1.1442807383956621
-26.25	11.25	1.1277439606115092
-26.25	12.5	1.093085825638271
-26.25	13.75	1.0973019742075696
-26.25	15.0	1.0761623848544835
-26.25	16.25	1.1349803187237049
-26.25	17.5	1.0915660488332772
-26.25	18.75	1.0908963141592798
-26.25	20.0	1.191149709400908
-26.25	21.25	1.2263876326052214
-26.25	22.5	1.337432450638314
-26.25	23.75	1.3952109962793884
-26.25	25.0	1.3407994552174163
-26.25	26.25	1.374293696912586
-26.25	27.5	1.1396709258832445
-26.25	28.75	1.3822372774192875
-26.25	30.0	2.278916813387281
-25.0	31.25	2.192977516194512
-25.0	30.0	1.5425421662641075
-25.0	28.75	1.1193209746578692
-25.0	27.5	1.3420574228259028
-25.0	26.25	1.3352022488538555
-25.0	25.0	1.4187240326067716
-25.0	23.75	1.3409554728673054
-25.0	22.5	1.219844522992294
-25.0	21.25	1.1623592787249546
-25.0	20.0	1.0890933615893736
-25.0	18.75	1.1178815763420547
-25.0	17.5	1.1152941900193838
-25.0	16.25	1.094974233398169
-25.0	15.0	1.1100727179684782
-25.0	13.75	1.1280223376521707
-25.0	12.5	1.1424964576556507
-25.0	11.25	1.1418427918265204
-25.0	10.0	1.2128235645781587
-25.0	8.75	1.1875148369642163
-25.0	7.5	1.2940105507568482
-25.0	6.25	1.342893155312578
-25.0	5.0	1.306052776347446
-25.0	3.75	1.2524112430837135
-25.0	2.5	1.2066465999823066
-25.0	1.25	1.1570654555589046
-25.0	-0.0	1.1235911161586767
-25.0	-1.25	1.1154217376385231
-25.0	-2.5	1.0958996346776502
-25.0	-3.75	1.1074036233593407
-25.0	-5.0	1.1090346504793658
-25.0	-6.25	1.1250286531090676
-25.0	-7.5	1.1210181796593774
-25.0	-8.75	1.1617579904832134
-25.0	-10.0	1.1283765193639939
-25.0	-11.25	1.1210863302747365
-25.0	-12.5	1.1235878494646068
-25.0	-13.75	1.1469755499042922
-25.0	-15.0	1.1732850674363435
-25.0	-16.25	1.1281512405664547
-25.0	-17.5	1.1312308612385467
-25.0	-18.75	1.2144203444965367
-25.0	-20.0	1.2825707865147002
-25.0	-21.25	1.2880522442521745
-25.0	-22.5	1.3250743548447304
-25.0	-23.75	1.2805876108815406
-25.0	-25.0	1.1663454487433533
-25.0	-26.25	1.1521581048223872
-25.0	-27.5	1.0597390046747979
-25.0	-28.75	1.0246839137731056
-25.0	-30.0	1.0804698951958134
-25.0	-31.25	2.915896188587636
-23.75	-32.5	3.2218816473490985
-23.75	-31.25	1.2722501923381735
-23.75	-30.0	1.0192956196814151
-23.75	-28.75	1.0506063990167815
-23.75	-27.5	1.1089048962698342
-23.75	-26.25	1.153157380625375
-23.75	-25.0	1.2579839144923604
-23.75	-23.75	1.3261505091332806
-23.75	-22.5	1.3148833958562083
-23.75	-21.25	1.270539738932123
-23.75	-20.0	1.1708557105383957
-23.75	-18.75	1.1350452330807093
-23.75	-17.5	1.1500269561492065
-23.75	-16.25	1.1307128796737063
-23.75	-15.0	1.1259735036838165
-23.75	-13.75	1.0965439297603208
-23.75	-12.5	1.1245030177813486
-23.75	-11.25	1.1139129853403116
-23.75	-10.0	1.0947795290618414
-23.75	-8.75	1.0857370287623747
-23.75	-7.5	1.0889554233386196
-23.75	-6.25	1.0757259866901006
-23.75	-5.0	1.0794130186733133
-23.75	-3.75	1.0729220940743822
-23.75	-2.5	1.079468866923289
-23.75	-1.25	1.084741965476784
-23.75	0.0	1.1016810725125605
-23.75	1.25	1.0967118647246465
-23.75	2.5	1.1150588316391001
-23.75	3.75	1.109632199767093
-23.75	5.0	1.1344655364072063
-23.75	6.25	1.184116389930625
-23.75	7.5	1.2706150203929578
-23.75	8.75	1.3443245913651722
-23.75	10.0	1.3159276471630204
-23.75	11.25	1.2064346124418162
-23.75	12.5	1.1947399721981586
-23.75	13.75	1.1638719727378906
-23.75	15.0	1.1239634292257472
-23.75	16.25	1.113012845963917
-23.75	17.5	1.1026445855520262
-23.75	18.75	1.0712945380896475
-23.75	20.0	1.1177724535568245
-23.75	21.25	1.08702712904927
-23.75	22.5	1.1692917949979975
-23.75	23.75	1.238085561685173
-23.75	25.0	1.360580317055411
-23.75	26.25	1.3584767695288864
-23.75	27.5	1.3914712113233305
-23.75	28.75	1.2469689700962219
-23.75	30.0	1.1526318623854444
-23.75	31.25	1.8375942583802773
-23.75	32.5	2.0900166338468464
-22.5	32.5	2.5229862241535557
-22.5	31.25	1.2182417852020402
-22.5	30.0	1.1553696811917487
-22.5	28.75	1.2616002241192428
-22.5	27.5	1.2572209764993412
-22.5	26.25	1.385385423977608
-22.5	25.0	1.2485661879955137
-22.5	23.75	1.2003581776611183
-22.5	22.5	1.0773550934179976
-22.5	21.25	1.1431851771033754
-22.5	20.0	1.0794834736373762
-22.5	18.75	1.1127079448641997
-22.5	17.5	1.1257098190455084
-22.5	16.25	1.1440359832299336
-22.5	15.0	1.165362923636975
-22.5	13.75	1.1764650697814556
-22.5	12.5	1.2289614253138552
-22.5	11.25	1.2771327259814322
-22.5	10.0	1.205661174688383
-22.5	8.75	1.1330392941707723
-22.5	7.5	1.1447361362655943
-22.5	6.25	1.1297272793910214
-22.5	5.0	1.1112952047418485
-22.5	3.75	1.129731181252648
-22.5	2.5	1.1450092234023668
-22.5	1.25	1.1437564151437831
-22.5	-0.0	1.1472236841425314
-22.5	-1.25	1.1110418563885727
-22.5	-2.5	1.133589586638303
-22.5	-3.75	1.160995988898641
-22.5	-5.0	1.125121313241717
-22.5	-6.25	1.0964087710551373
-22.5	-7.5	1.0825716343409608
-22.5	-8.75	1.0702076954542639
-22.5	-10.0	1.0862938333588366
-22.5	-11.25	1.1092016632172026
-22.5	-12.5	1.0913932010338359
-22.5	-13.75	1.2003387186506131
-22.5	-15.0	1.131750058539601
-22.5	-16.25	1.1207394736971992
-22.5	-17.5	1.1131373498555241
-22.5	-18.75	1.1442240005730708
-22.5	-20.0	1.128591687169341
-22.5	-21.25	1.1503419707263083
-22.5	-22.5	1.2705119041469555
-22.5	-23.75	1.3278358007513589
-22.5	-25.0	1.3589869669255723
-22.5	-26.25	1.2664931493980642
-22.5	-27.5	1.1300885169827062
-22.5	-28.75	1.0769866391953045
-22.5	-30.0	1.0276348316816684
-22.5	-31.25	1.0062911503409468
-22.5	-32.5	1.9274859843025425
-21.25	-33.75	2.5473894509145456
-21.25	-32.5	1.0456814054785601
-21.25	-31.25	0.9921572226998272
-21.25	-30.0	1.0019296093647965
-21.25	-28.75	1.1011789321807965
-21.25	-27.5	1.234838143801631
-21.25	-26.25	1.3223797972419202
-21.25	-25.0	1.3204580664763421
-21.25	-23.75	1.2584244343977682
-21.25	-22.5	1.155738106455968
-21.25	-21.25	1.121208313482037
-21.25	-20.0	1.1326017400455255
-21.25	-18.75	1.094414235932395
-21.25	-17.5	1.1244992281647868
-21.25	-16.25	1.1899851826727383
-21.25	-15.0	1.1137415132547073
-21.25	-13.75	1.0766317611803977
-21.25	-12.5	1.0475893618889165
-21.25	-11.25	1.0633132999723314
-21.25	-10.0	1.0604008473292286
-21.25	-8.75	1.0931116080110943
-21.25	-7.5	1.14764165324093
-21.25	-6.25	1.1182684420889988
-21.25	-5.0	1.1112857466342563
-21.25	-3.75	1.1172619952848963
-21.25	-2.5	1.1015635813510185
-21.25	-1.25	1.1131549894045456
-21.25	0.0	1.1195094756130741
-21.25	1.25	1.1217726362586458
-21.25	2.5	1.1239037585476996
-21.25	3.75	1.136503377838869
-21.25	5.0	1.1548912846849868
-21.25	6.25	1.1606662746662426
-21.25	7.5	1.1327840934254239
-21.25	8.75	1.1405332846952545
-21.25	10.0	1.1410958062061631
-21.25	11.25	1.1617675290443996
-21.25	12.5	1.20058957537044
-21.25	13.75	1.2206008708241374
-21.25	15.0	1.1757565547666529
-21.25	16.25	1.1758399061697258
-21.25	17.5	1.1367560419004699
-21.25	18.75	1.1130005307006616
-21.25	20.0	1.094493035144013
-21.25	21.25	1.0749282032905754
-21.25	22.5	1.1214833197119223
-21.25	23.75	1.0692107026932076
-21.25	25.0	1.2029319982719215
-21.25	26.25	1.2773070059331655
-21.25	27.5	1.380313383665258
-21.25	28.75	1.222998322549957
-21.25	30.0	1.3003511067228573
-21.25	31.25	1.084055552667536
-21.25	32.5	1.3824280063861778
-21.25	33.75	2.0946052883582986
-20.0	35.0	1.9935776595643198
-20.0	33.75	1.8947702135650175
-20.0	32.5	1.1570960565890758
-20.0	31.25	1.3288744182290841
-20.0	30.0	1.3260411409311565
-20.0	28.75	1.4258288269786492
-20.0	27.5	1.335709315739809
-20.0	26.25	1.2364205688801801
-20.0	25.0	1.0896305311553958
-20.0	23.75	1.1372656949652686
-20.0	22.5	1.0856799433182207
-20.0	21.25	1.0841945037702096
-20.0	20.0	1.1272425124069958
-20.0	18.75	1.1686536102135472
-20.0	17.5	1.1908839633659554
-20.0	16.25	1.190800075353506
-20.0	15.0	1.2114861500490592
-20.0	13.75	1.1717844535040935
-20.0	12.5	1.1704388267248849
-20.0	11.25	1.1708435775060053
-20.0	10.0	1.1810701180000303
-20.0	8.75	1.1763298537994862
-20.0	7.5	1.1739040712896731
-20.0	6.25	1.1461613577612937
-20.0	5.0	1.133415958817734
-20.0	3.75	1.123947787657067
-20.0	2.5	1.1255149062758552
-20.0	1.25	1.121109270223828
-20.0	-0.0	1.1196301684437664
-20.0	-1.25	1.1061257600677843
-20.0	-2.5	1.097338327627857
-20.0	-3.75	1.105272645158026
-20.0	-5.0	1.092078322918888
-20.0	-6.25	1.0821613348399737
-20.0	-7.5	1.0936976511706584
-20.0	-8.75	1.078612525868956
-20.0	-10.0	1.0935009722501556
-20.0	-11.25	1.1037967969408573
-20.0	-12.5	1.0862666574212607
-20.0	-13.75	1.0602274952612856
-20.0	-15.0	1.0696293082564923
-20.0	-16.25	1.0743809509430342
-20.0	-17.5	1.1553375103488452
-20.0	-18.75	1.091651636237609
-20.0	-20.0	1.1065554750827244
-20.0	-21.25	1.1193213265793265
-20.0	-22.5	1.1054733018458123
-20.0	-23.75	1.1488448255890171
-20.0	-25.0	1.27128938389676
-20.0	-26.25	1.3166319738115657
-20.0	-27.5	1.3216859208991654
-20.0	-28.75	1.1749745599798
-20.0	-30.0	1.1057899877826758
-20.0	-31.25	0.9551819182418324
-20.0	-32.5	0.9829835992243572
-20.0	-33.75	1.5983887849929932
-20.0	-35.0	2.5701697046023604
-18.75	-35.0	3.0068597840171414
-18.75	-33.75	1.049896408311195
-18.75	-32.5	0.9748612345096674
-18.75	-31.25	1.0030645126116822
-18.75	-30.0	1.107079396369496
-18.75	-28.75	1.3070243329278064
-18.75	-27.5	1.3316332535469027
-18.75	-26.25	1.2810600855888419
-18.75	-25.0	1.1470822499155586
-18.75	-23.75	1.1165844404450018
-18.75	-22.5	1.1134914134266065
-18.75	-21.25	1.0924237656841598
-18.75	-20.0	1.093582004003089
-18.75	-18.75	1.0917473165251321
-18.75	-17.5	1.0699567294598715
-18.75	-16.25	1.056159011142884
-18.75	-15.0	1.0763457745358451
-18.75	-13.75	1.0850983450340665
-18.75	-12.5	1.0784759006982059
-18.75	-11.25	1.0729223574511773
-18.75	-10.0	1.0830947235296513
-18.75	-8.75	1.0588194318106057
-18.75	-7.5	1.0683276879956107
-18.75	-6.25	1.0949221624125736
-18.75	-5.0	1.1171213065408114
-18.75	-3.75	1.1038849975690415
-18.75	-2.5	1.1320559889074255
-18.75	-1.25	1.1156112400530862
-18.75	0.0	1.1179586158621069
-18.75	1.25	1.1554829081590707
-18.75	2.5	1.1547167874579127
-18.75	3.75	1.1577198096202226
-18.75	5.0	1.1782590104106117
-18.75	6.25	1.1845151804598775
-18.75	7.5	1.1633185737014227
-18.75	8.75	1.1869518165077757
-18.75	10.0	1.1827766729523805
-18.75	11.25	1.2036823169077593
-18.75	12.5	1.1636284554737717
-18.75	13.75	1.165640495597403
-18.75	15.0	1.1863507014273527
-18.75	16.25	1.2182165060344392
-18.75	17.5	1.2024664686519504
-18.75	18.75	1.1802967480177626
-18.75	20.0	1.1728430453564611
-18.75	21.25	1.1287314898162215
-18.75	22.5	1.090518182084245
-18.75	23.75	1.0727168651409507
-18.75	25.0	1.0919706418547808
-18.75	26.25	1.1174818971837226
-18.75	27.5	1.2295453699393155
-18.75	28.75	1.3507059884732984
-18.75	30.0	1.342071918503251
-18.75	31.25	1.3531121753123525
-18.75	32.5	1.1316879887147664
-18.75	33.75	1.2993794270018189
-18.75	35.0	2.445678285251671
-17.5	36.25	2.0790956372053664
-17.5	35.0	1.7826730065910343
-17.5	33.75	1.1247053694726317
-17.5	32.5	1.337866627920108
-17.5	31.25	1.2420026849591528
-17.5	30.0	1.4023765923728853
-17.5	28.75	1.287223891338055
-17.5	27.5	1.1965664320415321
-17.5	26.25	1.0730629622210284
-17.5	25.0	1.0862391428615235
-17.5	23.75	1.0825253970438045
-17.5	22.5	1.1069253137993673
-17.5	21.25	1.1450659747576832
-17.5	20.0	1.2249492998416578
-17.5	18.75	1.201964603184865
-17.5	17.5	1.216027782386437
-17.5	16.25	1.1970873947454113
-17.5	15.0	1.1769609834487351
-17.5	13.75	1.1906905805279937
-17.5	12.5	1.2061950486817272
-17.5	11.25	1.1763056104821992
-17.5	10.0	1.192838537982758
-17.5	8.75	1.1637198903038026
-17.5	7.5	1.1592664530143821
-17.5	6.25	1.1469006110280402
-17.5	5.0	1.1462553849002122
-17.5	3.75	1.1502142458261417
-17.5	2.5	1.1464753780494856
-17.5	1.25	1.1352399449355328
-17.5	-0.0	1.1152477481317238
-17.5	-1.25	1.1164162326828553
-17.5	-2.5	1.1136928637513845
-17.5	-3.75	1.1160187386548852
-17.5	-5.0	1.1077355419780428
-17.5	-6.25	1.1109880579983749
-17.5	-7.5	1.0861758527144527
-17.5	-8.75	1.0806401334268845
-17.5	-10.0	1.076911250157008
-17.5	-11.25	1.0733217737105152
-17.5	-12.5	1.0597740847737835
-17.5	-13.75	1.061684545397413
-17.5	-15.0	1.0629754345917046
-17.5	-16.25	1.0566686901963784
-17.5	-17.5	1.0493925900766863
-17.5	-18.75	1.0592595337776096
-17.5	-20.0	1.0767424760045703
-17.5	-21.25	1.0867092129075235
-17.5	-22.5	1.0733603579170836
-17.5	-23.75	1.1047103570283685
-17.5	-25.0	1.0979923290491467
-17.5	-26.25	1.1787894214013157
-17.5	-27.5	1.2931716269761644
-17.5	-28.75	1.3415797867664985
-17.5	-30.0	1.238228847573244
-17.5	-31.25	1.063246768505599
-17.5	-32.5	0.9390857831892703
-17.5	-33.75	0.9905025934500564
-17.5	-35.0	1.8319513185444087
-17.5	-36.25	2.576539180059278
-16.25	-36.25	2.762575305521187
-16.25	-35.0	1.1559166232682756
-16.25	-33.75	0.9547006767233164
-16.25	-32.5	1.0237612341118414
-16.25	-31.25	1.0827498015249857
-16.25	-30.0	1.3334075371299754
-16.25	-28.75	1.3215467142156943
-16.25	-27.5	1.2122123142999586
-16.25	-26.25	1.1220261511786136
-16.25	-25.0	1.0959826037772924
-16.25	-23.75	1.0941190284468476
-16.25	-22.5	1.0557582143190007
-16.25	-21.25	1.0684803219814674
-16.25	-20.0	1.063264371298195
-16.25	-18.75	1.0575114621212292
-16.25	-17.5	1.0562925998046797
-16.25	-16.25	1.0529389438389627
-16.25	-15.0	1.0610452350113055
-16.25	-13.75	1.0595377236368941
-16.25	-12.5	1.0623846780240402
-16.25	-11.25	1.07951544906755
-16.25	-10.0	1.089330594162452
-16.25	-8.75	1.1031573851778216
-16.25	-7.5	1.1010172941295622
-16.25	-6.25	1.1039543519463555
-16.25	-5.0	1.1070339884970126
-16.25	-3.75	1.130025769759218
-16.25	-2.5	1.1256027188169773
-16.25	-1.25	1.1343086717058295
-16.25	0.0	1.1289788802800835
-16.25	1.25	1.1544070084592573
-16.25	2.5	1.1550346050984057
-16.25	3.75	1.1700285973722995
-16.25	5.0	1.1646878614911493
-16.25	6.25	1.1488151855481874
-16.25	7.5	1.1846927255412893
-16.25	8.75	1.1751706356601552
-16.25	10.0	1.1630673223396784
-16.25	11.25	1.2101447994061214
-16.25	12.5	1.2042741763540494
-16.25	13.75	1.2056660382132742
-16.25	15.0	1.1998675803563348
-16.25	16.25	1.1986043825268
-16.25	17.5	1.1934461892583368
-16.25	18.75	1.2283146631318154
-16.25	20.0	1.212066091667876
-16.25	21.25	1.182643418173405
-16.25	22.5	1.1401606644074969
-16.25	23.75	1.1017781165785268
-16.25	25.0	1.066025634749174
-16.25	26.25	1.1668136908840747
-16.25	27.5	1.0705557437846824
-16.25	28.75	1.2319673296207618
-16.25	30.0	1.362868747821108
-16.25	31.25	1.4363036189558018
-16.25	32.5	1.3635480652902938
-16.25	33.75	1.150840680916061
-16.25	35.0	1.294073851550909
-16.25	36.25	2.489530415175861
-15.0	37.5	2.0905028664390066
-15.0	36.25	1.9518231127511863
-15.0	35.0	1.1397076049543307
-15.0	33.75	1.3256199940370603
-15.0	32.5	1.285044494778358
-15.0	31.25	1.4146726332011976
-15.0	30.0	1.2825180771123623
-15.0	28.75	1.1657133936487423
-15.0	27.5	1.0630613663864166
-15.0	26.25	1.0648084180386537
-15.0	25.0	1.0878404599230702
-15.0	23.75	1.1209954828161575
-15.0	22.5	1.1763064967646075
-15.0	21.25	1.2115292904482349
-15.0	20.0	1.249582605456676
-15.0	18.75	1.2158709637969984
-15.0	17.5	1.2161661978707663
-15.0	16.25	1.218743000808285
-15.0	15.0	1.2219159190926447
-15.0	13.75	1.2067320333120808
-15.0	12.5	1.2155686313866454
-15.0	11.25	1.176698765377905
-15.0	10.0	1.1735339419761583
-15.0	8.75	1.166094002391782
-15.0	7.5	1.1793622590502961
-15.0	6.25	1.1600716370242816
-15.0	5.0	1.161258046660219
-15.0	3.75	1.158806914607494
-15.0	2.5	1.1562889890295303
-15.0	1.25	1.1512796240171994
-15.0	-0.0	1.124994625005728
-15.0	-1.25	1.1271533949494215
-15.0	-2.5	1.129739886003188
-15.0	-3.75	1.1239646131636185
-15.0	-5.0	1.1016508083367729
-15.0	-6.25	1.1100154838393994
-15.0	-7.5	1.0940580523259698
-15.0	-8.75	1.0853648673239764
-15.0	-10.0	1.0809068867892222
-15.0	-11.25	1.0728423595602177
-15.0	-12.5	1.079034074146823
-15.0	-13.75	1.0730175360127214
-15.0	-15.0	1.0659320206894884
-15.0	-16.25	1.0528649697038777
-15.0	-17.5	1.0514422193490125
-15.0	-18.75	1.0401335881379428
-15.0	-20.0	1.0552195975996241
-15.0	-21.25	1.0466928346036823
-15.0	-22.5	1.124700773678824
-15.0	-23.75	1.0621742461633863
-15.0	-25.0	1.070214360724174
-15.0	-26.25	1.0842606734973632
-15.0	-27.5	1.1520736237826847
-15.0	-28.75	1.2753661014854414
-15.0	-30.0	1.3399485262417032
-15.0	-31.25	1.2041697186173348
-15.0	-32.5	1.0297293264375682
-15.0	-33.75	0.9036579897211965
-15.0	-35.0	1.037737687438196
-15.0	-36.25	4.999999999999806
-15.0	-37.5	2.810404369975277
-13.75	-37.5	3.197058430846848
-13.75	-36.25	1.636033910253123
-13.75	-35.0	0.9939275580148896
-13.75	-33.75	0.9847196068358421
-13.75	-32.5	1.0894279488267262
-13.75	-31.25	1.3040506555427065
-13.75	-30.0	1.3192315327609583
-13.75	-28.75	1.1840990942120033
-13.75	-27.5	1.0941675130321311
-13.75	-26.25	1.076872660863729
-13.75	-25.0	1.0599970763643558
-13.75	-23.75	1.069374106233516
-13.75	-22.5	1.0783244640081655
-13.75	-21.25	1.0490114475517176
-13.75	-20.0	1.0455099053936117
-13.75	-18.75	1.0533303549392325
-13.75	-17.5	1.0646708807760668
-13.75	-16.25	1.0488031225913206
-13.75	-15.0	1.0778082653046104
-13.75	-13.75	1.073091570260038
-13.75	-12.5	1.0706725826010421
-13.75	-11.25	1.0756080407099873
-13.75	-10.0	1.0894216027055794
-13.75	-8.75	1.0639223603858818
-13.75	-7.5	1.081734733989883
-13.75	-6.25	1.0798612834580767
-13.75	-5.0	1.105271780979166
-13.75	-3.75	1.104834644132752
-13.75	-2.5	1.1187796872258708
-13.75	-1.25	1.1224981749451324
-13.75	0.0	1.1275911750417
-13.75	1.25	1.1277872516053131
-13.75	2.5	1.1190876914788799
-13.75	3.75	1.1468361394504925
-13.75	5.0	1.1368202947153518
-13.75	6.25	1.1447850130478816
-13.75	7.5	1.1759767216870296
-13.75	8.75	1.1726582862196988
-13.75	10.0	1.174101184510132
-13.75	11.25	1.1859033462114859
-13.75	12.5	1.2263123946833323
-13.75	13.75	1.2378275570499024
-13.75	15.0	1.2146540207953134
-13.75	16.25	1.2523279046133586
-13.75	17.5	1.229479809377211
-13.75	18.75	1.221262498586153
-13.75	20.0	1.22790052203026
-13.75	21.25	1.2406997443496888
-13.75	22.5	1.2119243048536843
-13.75	23.75	1.1625832076490408
-13.75	25.0	1.1011712618512002
-13.75	26.25	1.076579596720281
-13.75	27.5	1.0996144523210791
-13.75	28.75	1.0878838025424162
-13.75	30.0	1.2317940802759528
-13.75	31.25	1.3780065281440077
-13.75	32.5	1.3912297335722403
-13.75	33.75	1.3426005141659028
-13.75	35.0	1.1161636359161182
-13.75	36.25	1.4851445309197722
-13.75	37.5	2.975908473917432
-12.5	37.5	2.9271062020155147
-12.5	36.25	1.2248568730883598
-12.5	35.0	1.2289235488615464
-12.5	33.75	1.3678202849531402
-12.5	32.5	1.466212840042406
-12.5	31.25	1.311750741603194
-12.5	30.0	1.187347071466963
-12.5	28.75	1.0668431353505863
-12.5	27.5	1.0676155617670444
-12.5	26.25	1.0719452508077243
-12.5	25.0	1.0906886395438793
-12.5	23.75	1.1823202473419014
-12.5	22.5	1.212132494840037
-12.5	21.25	1.2207288006440642
-12.5	20.0	1.222883776887934
-12.5	18.75	1.2365187987509376
-12.5	17.5	1.2577182853543256
-12.5	16.25	1.2323290926436048
-12.5	15.0	1.2548499251054013
-12.5	13.75	1.2205463978158893
-12.5	12.5	1.2118600976962037
-12.5	11.25	1.191032567459171
-12.5	10.0	1.1801924318005153
-12.5	8.75	1.173425618453333
-12.5	7.5	1.1704381897727547
-12.5	6.25	1.1626547472965312
-12.5	5.0	1.1592866872645953
-12.5	3.75	1.1608733390043877
-12.5	2.5	1.1366422545633839
-12.5	1.25	1.1515772525725252
-12.5	-0.0	1.1345323617642116
-12.5	-1.25	1.148818344424658
-12.5	-2.5	1.1428068904769706
-12.5	-3.75	1.1421364669590774
-12.5	-5.0	1.1499238427962357
-12.5	-6.25	1.126409741978729
-12.5	-7.5	1.109282801219301
-12.5	-8.75	1.0907730523885668
-12.5	-10.0	1.0865327772512368
-12.5	-11.25	1.0803112813194673
-12.5	-12.5	1.0847531859277773
-12.5	-13.75	1.0821964919466094
-12.5	-15.0	1.0764111371527951
-12.5	-16.25	1.0602085158387347
-12.5	-17.5	1.0687092652573282
-12.5	-18.75	1.0682479290400444
-12.5	-20.0	1.0451072561119918
-12.5	21.25	1.1490173506560346
-12.5	22.5	1.2023080573615363
-12.5	23.75	1.1896874125655525
-12.5	25.0	1.1340681642195696
-12.5	26.25	1.0958148308865674
-12.5	27.5	1.0643980374193642
-12.5	28.75	1.0658711015112008
-12.5	30.0	1.1670039875653053
-12.5	31.25	1.3224723500323856
-12.5	32.5	1.456992188956435
-12.5	33.75	1.381927451888572
-12.5	35.0	1.2307130903860202
-12.5	36.25	1.2374983207268322
-12.5	37.5	2.4540450003506376
-11.25	38.75	2.3856375955125264
-11.25	37.5	2.0254895319679456
-11.25	36.25	1.1218619387746385
-11.25	35.0	1.3303733145075896
-11.25	33.75	1.3040537815744688
-11.25	32.5	1.4442498027474233
-11.25	31.25	1.2290303233424806
-11.25	30.0	1.0927866830896615
-11.25	28.75	1.0566016972232983
-11.25	27.5	1.0623703865278946
-11.25	26.25	1.1030759973168633
-11.25	25.0	1.1338912217557198
-11.25	23.75	1.2016594333022388
-11.25	22.5	1.2084700387357863
-11.25	21.25	1.2195159559327537
-11.25	20.0	1.2255451381698323
-11.25	18.75	1.2573068247671149
-11.25	17.5	1.2632261205003825
-11.25	16.25	1.265746236528365
-11.25	15.0	1.252312067020629
-11.25	13.75	1.2350813351531578
-11.25	12.5	1.2100602812107493
-11.25	11.25	1.202435955974738
-11.25	10.0	1.2131614870068486
-11.25	8.75	1.1941384433748592
-11.25	7.5	1.1710560710418774
-11.25	6.25	1.1617483778807012
-11.25	5.0	1.1534285306362353
-11.25	3.75	1.1564999000211778
-11.25	2.5	1.15033817400532
-11.25	1.25	1.1313484607678435
-11.25	-0.0	1.1459090598977317
-11.25	-1.25	1.1452291671670256
-11.25	-2.5	1.1281211414960346
-11.25	-3.75	1.1195567909346513
-11.25	-5.0	1.1118354668986052
-11.25	-6.25	1.1127930371887977
-11.25	-7.5	1.1159141693833057
-11.25	-8.75	1.1097685065181455
-11.25	-10.0	1.104694448712169
-11.25	-11.25	1.0793092482061102
-11.25	-12.5	1.09391688200113
-11.25	-13.75	1.0915566179352885
-11.25	-15.0	1.0905223633132275
-11.25	-16.25	1.0645870420971324
-11.25	-17.5	1.0565831645083845
-11.25	-18.75	1.0607081198081474
-11.25	-20.0	1.0600797585261805
-11.25	-21.25	1.0276662698561871
-11.25	-22.5	1.019223196821681
-11.25	-23.75	1.0527854661024882
-11.25	-25.0	1.0689751401942864
-11.25	-26.25	1.0733401727167475
-11.25	-27.5	1.0786894708256671
-11.25	-28.75	1.088411404096127
-11.25	-30.0	1.1832099464903756
-11.25	-31.25	1.323802606521875
-11.25	-32.5	1.262034375017218
-11.25	-33.75	1.0690881410963673
-11.25	-35.0	0.9536281124569443
-11.25	-36.25	1.0424387001182804
-11.25	-37.5	3.5352550821608464
-11.25	-38.75	3.03380100950433
-10.0	-38.75	4.999999999124574
-10.0	-37.5	2.274118734587515
-10.0	-36.25	0.993412638077853
-10.0	-35.0	1.0288523344932488
-10.0	-33.75	1.1149649277870344
-10.0	-32.5	1.2964504953808405
-10.0	-31.25	1.290530075000909
-10.0	-30.0	1.1121583442381446
-10.0	-28.75	1.0777780447982703
-10.0	-27.5	1.075096612843744
-10.0	-26.25	1.0533156418894691
-10.0	-25.0	1.1069136177118661
-10.0	-23.75	1.0518892898662031
-10.0	-22.5	1.0281154035370177
-10.0	-21.25	1.0441728823694474
-10.0	-20.0	1.059673023589399
-10.0	-18.75	1.0439619929260378
-10.0	-17.5	1.0482958040728798
-10.0	-16.25	1.0600498255318964
-10.0	-15.0	1.067746133699683
-10.0	-13.75	1.0826015695183244
-10.0	-12.5	1.0814282912566622
-10.0	-11.25	1.0878507741564984
-10.0	-10.0	1.0849401814815662
-10.0	-8.75	1.099942857375467
-10.0	-7.5	1.0992343654450751
-10.0	-6.25	1.0952925102641844
-10.0	-5.0	1.1087981572068752
-10.0	-3.75	1.1285105531011368
-10.0	-2.5	1.1241359248581704
-10.0	-1.25	1.1221151565583467
-10.0	0.0	1.1388970918715922
-10.0	1.25	1.1445105835213587
-10.0	2.5	1.1408328188465529
-10.0	3.75	1.156378994359681
-10.0	5.0	1.1538233618898808
-10.0	6.25	1.161570818681886
-10.0	7.5	1.1817600285981475
-10.0	8.75	1.1902135755337682
-10.0	10.0	1.2021290853436017
-10.0	11.25	1.1917087822898562
-10.0	12.5	1.236717153837601
-10.0	13.75	1.2325851522469522
-10.0	15.0	1.2318481989295549
-10.0	16.25	1.2454281860772216
-10.0	17.5	1.258992539399947
-10.0	18.75	1.2914254486024532
-10.0	20.0	1.2236196670342814
-10.0	21.25	1.2293105368500115
-10.0	22.5	1.21162059331271
-10.0	23.75	1.2190617843952758
-10.0	25.0	1.189577867167709
-10.0	26.25	1.1202567043878275
-10.0	27.5	1.0735394532417857
-10.0	28.75	1.0654701401339706
-10.0	30.0	1.038683094302531
-10.0	31.25	1.195760814412595
-10.0	32.5	1.3438761176123837
-10.0	33.75	1.454781332992665
-10.0	35.0	1.3506459269335362
-10.0	36.25	1.1179627263561347
-10.0	37.5	1.5868217965961833
-10.0	38.75	2.357101308806172
-8.75	38.75	2.649220375368129
-8.75	37.5	1.342080420134102
-8.75	36.25	1.1472215539832025
-8.75	35.0	1.3941245887517875
-8.75	33.75	1.432589425622611
-8.75	32.5	1.2842662908228162
-8.75	31.25	1.1842850127135733
-8.75	30.0	1.0310054211405433
-8.75	28.75	1.0778618458948932
-8.75	27.5	1.0541699115301872
-8.75	26.25	1.1095312598475848
-8.75	25.0	1.1953717278388565
-8.75	23.75	1.2027200980331187
-8.75	22.5	1.226013222581324
-8.75	21.25	1.2328088194912512
-8.75	20.0	1.2626653962854375
-8.75	18.75	1.2758902483247558
-8.75	17.5	1.2555802882181641
-8.75	16.25	1.259762048476806
-8.75	15.0	1.2383713501237512
-8.75	13.75	1.2165081883049194
-8.75	12.5	1.2323378858449647
-8.75	11.25	1.212636830692051
-8.75	10.0	1.1841355241665985
-8.75	8.75	1.1888835048613808
-8.75	7.5	1.1695036721211736
-8.75	6.25	1.1371995396329222
-8.75	5.0	1.1450976229805931
-8.75	3.75	1.1284361681610893
-8.75	2.5	1.1415677219512084
-8.75	1.25	1.117730117666902
-8.75	-0.0	1.1276794305110958
-8.75	-1.25	1.131845601595006
-8.75	-2.5	1.1358087443302463
-8.75	-3.75	1.1565102214357648
-8.75	-5.0	1.1250893824378583
-8.75	-6.25	1.0972680461681064
-8.75	-7.5	1.103406040392886
-8.75	-8.75	1.095399806926622
-8.75	-10.0	1.0865416200770746
-8.75	-11.25	1.086650377923453
-8.75	-12.5	1.0802208663355621
-8.75	-13.75	1.1052815660428497
-8.75	-15.0	1.0876686092069434
-8.75	-16.25	1.0911705781387333
-8.75	-17.5	1.0649396243066667
-8.75	-18.75	1.0605267058189671
-8.75	-20.0	1.049170525062042
-8.75	-21.25	1.0370704843249285
-8.75	-22.5	1.0313500173974601
-8.75	-23.75	1.0259402547519523
-8.75	-25.0	1.0443100365490556
-8.75	-26.25	1.0667731462323538
-8.75	-27.5	1.059347704699758
-8.75	-28.75	1.0788226438686053
-8.75	-30.0	1.103088875321748
-8.75	-31.25	1.220283295009712
-8.75	-32.5	1.31837720421247
-8.75	-33.75	1.1728097944601812
-8.75	-35.0	1.0732466504772198
-8.75	-36.25	0.9450537143279956
-8.75	-37.5	1.4346384538006713
-8.75	-38.75	3.5422460847943675
-7.5	-38.75	4.999999999996271
-7.5	-37.5	1.1768680345539924
-7.5	-36.25	0.9241780023264408
-7.5	-35.0	1.099349547413099
-7.5	-33.75	1.2115211221529645
-7.5	-32.5	1.2932931945551953
-7.5	-31.25	1.1727275859369355
-7.5	-30.0	1.0749558562514032
-7.5	-28.75	1.0699706931835937
-7.5	-27.5	1.049659186620012
-7.5	-26.25	1.0647840299506282
-7.5	-25.0	1.0250238620012464
-7.5	-23.75	1.0213418646109353
-7.5	-22.5	1.0289080372138848
-7.5	-21.25	1.0601383556646526
-7.5	-20.0	1.0302673162130382
-7.5	-18.75	1.0453209167350241
-7.5	-17.5	1.0584753399328317
-7.5	-16.25	1.066728179387316
-7.5	-15.0	1.079646451275166
-7.5	-13.75	1.0881959256176827
-7.5	-12.5	1.0922158996982656
-7.5	-11.25	1.0928586263252074
-7.5	-10.0	1.0872657777435428
-7.5	-8.75	1.100130768608767
-7.5	-7.5	1.0939663728896782
-7.5	-6.25	1.108014289002723
-7.5	-5.0	1.1204947027154404
-7.5	-3.75	1.1405945219650544
-7.5	-2.5	1.1410146252715192
-7.5	-1.25	1.1320662671753237
-7.5	0.0	1.1022223312585364
-7.5	1.25	1.1203457312868537
-7.5	2.5	1.1433739520135076
-7.5	3.75	1.1351958407405487
-7.5	5.0	1.1682689552348604
-7.5	6.25	1.163568950507412
-7.5	7.5	1.1745910598696252
-7.5	8.75	1.1832360786291618
-7.5	10.0	1.187017221477631
-7.5	11.25	1.1938476311291293
-7.5	12.5	1.2131330230329196
-7.5	13.75	1.228668244230299
-7.5	15.0	1.228899869226165
-7.5	16.25	1.2570167393366898
-7.5	17.5	1.2383819502559792
-7.5	18.75	1.276729252288722
-7.5	20.0	1.2803645224505047
-7.5	21.25	1.250719518442435
-7.5	22.5	1.2290172323064752
-7.5	23.75	1.2211554404942015
-7.5	25.0	1.210446120393371
-7.5	26.25	1.143656874976875
-7.5	27.5	1.0768680218091253
-7.5	28.75	1.051302430000617
-7.5	30.0	1.0465548455607623
-7.5	31.25	1.1140128772822155
-7.5	32.5	1.2448883081932518
-7.5	33.75	1.3393372725368309
-7.5	35.0	1.2624295158545262
-7.5	36.25	1.2244234588299925
-7.5	37.5	1.2018209417561252
-7.5	38.75	2.706996294776264
-6.25	40.0	2.5963129940319956
-6.25	38.75	2.3473627610696814
-6.25	37.5	1.1170090995408435
-6.25	36.25	1.212663102983682
-6.25	35.0	1.279629910898283
-6.25	33.75	1.3170792747938638
-6.25	32.5	1.230419122614678
-6.25	31.25	1.0834004383505764
-6.25	30.0	1.0529444132248518
-6.25	28.75	1.0389224804533654
-6.25	27.5	1.0842947907551057
-6.25	26.25	1.1660625025595532
-6.25	25.0	1.201014201750965
-6.25	23.75	1.2126295923117834
-6.25	22.5	1.2435843317684583
-6.25	21.25	1.24704132755409
-6.25	20.0	1.266355351403603
-6.25	18.75	1.2566007819305325
-6.25	17.5	1.2561384752966989
-6.25	16.25	1.2412605798645817
-6.25	15.0	1.2191046792279172
-6.25	13.75	1.2355777199330014
-6.25	12.5	1.2306270577564424
-6.25	11.25	1.2007760556290048
-6.25	10.0	1.1753690703230735
-6.25	8.75	1.1821173132278373
-6.25	7.5	1.1708785211967863
-6.25	6.25	1.1610110503554996
-6.25	5.0	1.13806353277009
-6.25	3.75	1.1416621097810342
-6.25	2.5	1.1314551854691324
-6.25	1.25	1.11144654100947
-6.25	-0.0	1.1167385180127445
-6.25	-1.25	1.1368115523287505
-6.25	-2.5	1.1458495320503506
-6.25	-3.75	1.1497478557898049
-6.25	-5.0	1.1074361484577118
-6.25	-6.25	1.1051149661306798
-6.25	-7.5	1.1197002162272032
-6.25	-8.75	1.0988628301200007
-6.25	-10.0	1.105576891307786
-6.25	-11.25	1.0989928985884685
-6.25	-12.5	1.081519078052243
-6.25	-13.75	1.0931557274125296
-6.25	-15.0	1.0860736189145896
-6.25	-16.25	1.0896085551657642
-6.25	-17.5	1.0655973076127987
-6.25	-18.75	1.0654594978883551
-6.25	-20.0	1.0440269405302418
-6.25	-21.25	1.0514964178700286
-6.25	-22.5	1.0202138225048607
-6.25	-23.75	1.0296084154751668
-6.25	-25.0	1.0236808332909888
-6.25	-26.25	1.0782085831813433
-6.25	-27.5	1.0500455794573558
-6.25	-28.75	1.0563500402131751
-6.25	-30.0	1.070214260344179
-6.25	-31.25	1.1458683328871286
-6.25	-32.5	1.3013492911251063
-6.25	-33.75	1.2306199969349354
-6.25	-35.0	1.0627179619769116
-6.25	-36.25	0.9518549466887265
-6.25	-37.5	1.0738583987080732
-6.25	-38.75	3.801551046749532
-6.25	-40.0	2.7743419139371817
-5.0	-40.0	3.8369933992946734
-5.0	-38.75	4.999999999998856
-5.0	-37.5	0.9924030330018088
-5.0	-36.25	0.9975984701726679
-5.0	-35.0	1.0580634823098487
-5.0	-33.75	1.2330659680211937
-5.0	-32.5	1.2717994136839161
-5.0	-31.25	1.098403490772812
-5.0	-30.0	1.062941590741259
-5.0	-28.75	1.0325480082471206
-5.0	-27.5	1.0387172947138525
-5.0	-26.25	1.0573881456755299
-5.0	-25.0	1.0273724187219013
-5.0	-23.75	1.0215561997027898
-5.0	-22.5	1.0140511280421363
-5.0	-21.25	1.0343802744345973
-5.0	-20.0	1.049812357479059
-5.0	-18.75	1.066592453248706
-5.0	-17.5	1.0487070487429886
-5.0	-16.25	1.0670132994848824
-5.0	-15.0	1.0815307805950445
-5.0	-13.75	1.0812785066284931
-5.0	-12.5	1.104835055402237
-5.0	-11.25	1.0936653511506922
-5.0	-10.0	1.0958292676604708
-5.0	-8.75	1.1121859708662187
-5.0	-7.5	1.1034903396591673
-5.0	-6.25	1.1170593888986993
-5.0	-5.0	1.1451773736893935
-5.0	-3.75	1.1492795514177976
-5.0	-2.5	1.1479771200879973
-5.0	-1.25	1.113836096897412
-5.0	0.0	1.1357975330984207
-5.0	1.25	1.1304212646447258
-5.0	2.5	1.1323584482532079
-5.0	3.75	1.1452263506025488
-5.0	5.0	1.149172295464095
-5.0	6.25	1.154513624874907
-5.0	7.5	1.1795180176137832
-5.0	8.75	1.1633375095294092
-5.0	10.0	1.1721749245569537
-5.0	11.25	1.213228262856295
-5.0	12.5	1.2315656792285274
-5.0	13.75	1.2132206734374682
-5.0	15.0	1.207558557987757
-5.0	16.25	1.2502599851193787
-5.0	17.5	1.2615686371148378
-5.0	18.75	1.257890571063145
-5.0	20.0	1.2674738715725269
-5.0	21.25	1.249208262584789
-5.0	22.5	1.2399143554768344
-5.0	23.75	1.1957343672087264
-5.0	25.0	1.2177584514879936
-5.0	26.25	1.1877339904928945
-5.0	27.5	1.076685182118621
-5.0	28.75	1.0316906704747195
-5.0	30.0	1.071256523351229
-5.0	31.25	1.0434399761161668
-5.0	32.5	1.204938047215057
-5.0	33.75	1.3259412601680287
-5.0	35.0	1.2917257549699546
-5.0	36.25	1.266567463954389
-5.0	37.5	1.0745164528824098
-5.0	38.75	1.87141167778762
-5.0	40.0	2.9459341834913495
-3.75	40.0	2.6351926833350507
-3.75	38.75	1.7267895789071641
-3.75	37.5	1.0631146673816865
-3.75	36.25	1.2713056852789064
-3.75	35.0	1.3169488085482257
-3.75	33.75	1.2892881289439142
-3.75	32.5	1.229328334979245
-3.75	31.25	1.0230637479067086
-3.75	30.0	1.0463978685290094
-3.75	28.75	1.0471025647889842
-3.75	27.5	1.092875053997675
-3.75	26.25	1.1979677900076773
-3.75	25.0	1.2000843447103566
-3.75	23.75	1.2440444122779848
-3.75	22.5	1.2325829574087273
-3.75	21.25	1.308454458381421
-3.75	20.0	1.2716525680613167
-3.75	18.75	1.266560718724529
-3.75	17.5	1.2660672116988803
-3.75	16.25	1.2454906181945882
-3.75	15.0	1.215251327102794
-3.75	13.75	1.2133700755873438
-3.75	12.5	1.23396363279182
-3.75	11.25	1.1998243137933828
-3.75	10.0	1.1723414280764182
-3.75	8.75	1.1764023278980122
-3.75	7.5	1.1661961350227763
-3.75	6.25	1.1666644064595522
-3.75	5.0	1.1290775835044053
-3.75	3.75	1.1383716398612993
-3.75	2.5	1.126883445886607
-3.75	1.25	1.1344728499394527
-3.75	-0.0	1.1242887912695583
-3.75	-1.25	1.1268938710982734
-3.75	-2.5	1.1430652277215092
-3.75	-3.75	1.169705284966538
-3.75	-5.0	1.132215558601608
-3.75	-6.25	1.1146251078514924
-3.75	-7.5	1.10686993663177
-3.75	-8.75	1.1043627323715874
-3.75	-10.0	1.0962183873856404
-3.75	-11.25	1.0668928535890316
-3.75	-12.5	1.0956600543933472
-3.75	-13.75	1.091526203015464
-3.75	-15.0	1.072528166271045
-3.75	-16.25	1.0627658178748227
-3.75	-17.5	1.067595832771798
-3.75	-18.75	1.056770927408711
-3.75	-20.0	1.049850682992929
-3.75	-21.25	1.027150180385032
-3.75	-22.5	1.0339710579237602
-3.75	-23.75	1.0135404410618998
-3.75	-25.0	1.008652512270598
-3.75	-26.25	1.0349286066042982
-3.75	-27.5	1.0297932205238496
-3.75	-28.75	1.0432239935435925
-3.75	-30.0	1.0607869887669743
-3.75	-31.25	1.119610581524146
-3.75	-32.5	1.2390306086590748
-3.75	-33.75	1.225048502759563
-3.75	-35.0	1.1015431000675964
-3.75	-36.25	1.0530696360330518
-3.75	-37.5	0.9532886427693308
-3.75	-38.75	3.7850162437707446
-3.75	-40.0	3.4073931471538756
-2.5	-40.0	3.386757781367713
-2.5	-38.75	3.030243967750618
-2.5	-37.5	0.9381440036034334
-2.5	-36.25	1.0801619297426797
-2.5	-35.0	1.0967789277222
-2.5	-33.75	1.2250127535743172
-2.5	-32.5	1.219091710947568
-2.5	-31.25	1.0800761848152094
-2.5	-30.0	1.0641446271303838
-2.5	-28.75	1.0372600050270755
-2.5	-27.5	1.0490642185125845
-2.5	-26.25	1.0429562892010305
-2.5	-25.0	1.0229728325044727
-2.5	-23.75	1.0300611170847684
-2.5	-22.5	1.0144589001893323
-2.5	-21.25	1.017441568674191
-2.5	-20.0	1.030283164411503
-2.5	-18.75	1.057578201482519
-2.5	-17.5	1.0837510393305747
-2.5	-16.25	1.0619390616550826
-2.5	-15.0	1.0922100870643625
-2.5	-13.75	1.081795636130173
-2.5	-12.5	1.1041311840265404
-2.5	-11.25	1.0964897728330136
-2.5	-10.0	1.0954485227273922
-2.5	-8.75	1.092898840343067
-2.5	-7.5	1.1043075133270115
-2.5	-6.25	1.1202928130459435
-2.5	-5.0	1.1197022527488816
-2.5	-3.75	1.1564848822422142
-2.5	-2.5	1.145568370125952
-2.5	-1.25	1.137215919232104
-2.5	0.0	1.1070589105596484
-2.5	1.25	1.1190639009511543
-2.5	2.5	1.113662116804619
-2.5	3.75	1.124203809779675
-2.5	5.0	1.1444462110906608
-2.5	6.25	1.1635519479756589
-2.5	7.5	1.155622755750036
-2.5	8.75	1.1940339979602568
-2.5	10.0	1.1721680266150045
-2.5	11.25	1.2107661460581447
-2.5	12.5	1.236935299490467
-2.5	13.75	1.2116366071560094
-2.5	15.0	1.2124925432639602
-2.5	16.25	1.2629761750437627
-2.5	17.5	1.2599794438504777
-2.5	18.75	1.2634338313414384
-2.5	20.0	1.287261626510281
-2.5	21.25	1.3032692874421485
-2.5	22.5	1.2333977170842694
-2.5	23.75	1.232654302747374
-2.5	25.0	1.2041141640607353
-2.5	26.25	1.2041275032940915
-2.5	27.5	1.106596744366536
-2.5	28.75	1.0448359128245466
-2.5	30.0	1.0422323469646342
-2.5	31.25	1.025913585793388
-2.5	32.5	1.2136708311776818
-2.5	33.75	1.2922773115997117
-2.5	35.0	1.3616887871896086
-2.5	36.25	1.282521879028459
-2.5	37.5	1.063504177570965
-2.5	38.75	1.6310883569999044
-2.5	40.0	2.6488731729318937
-1.25	40.0	2.9050817033890546
-1.25	38.75	1.6287932219551404
-1.25	37.5	1.0548006947448618
-1.25	36.25	1.2607477506258142
-1.25	35.0	1.3364772431146434
-1.25	33.75	1.2721734651504368
-1.25	32.5	1.1858625513163448
-1.25	31.25	1.0384577045035224
-1.25	30.0	1.042318990287181
-1.25	28.75	1.0584224888908036
-1.25	27.5	1.1025401530858678
-1.25	26.25	1.1916107772858577
-1.25	25.0	1.2108109836022987
-1.25	23.75	1.2220153064670845
-1.25	22.5	1.2264584889070465
-1.25	21.25	1.3061021024180501
-1.25	20.0	1.2717526463351732
-1.25	18.75	1.2733247790730147
-1.25	17.5	1.2504285832958075
-1.25	16.25	1.2601713316460668
-1.25	15.0	1.2222004126533816
-1.25	13.75	1.2119537729508725
-1.25	12.5	1.209760169702088
-1.25	11.25	1.195713993801938
-1.25	10.0	1.1722253784151162
-1.25	8.75	1.18443227541602
-1.25	7.5	1.160358074450766
-1.25	6.25	1.145034615092957
-1.25	5.0	1.1494734018951869
-1.25	3.75	1.1280655575167788
-1.25	2.5	1.1075549850300437
-1.25	1.25	1.108723912890012
-1.25	-0.0	1.1248380727554776
-1.25	-1.25	1.11162060726
-1.25	-2.5	1.1320058885564768
-1.25	-3.75	1.1614447482815304
-1.25	-5.0	1.1308515199834819
-1.25	-6.25	1.1144936281941087
-1.25	-7.5	1.1155933755583014
-1.25	-8.75	1.106045040372143
-1.25	-10.0	1.1061012025948234
-1.25	-11.25	1.099340419087338
-1.25	-12.5	1.1169739724912464
-1.25	-13.75	1.0923719256550601
-1.25	-15.0	1.0903403399404823
-1.25	-16.25	1.0713726360911977
-1.25	-17.5	1.070936317971741
-1.25	-18.75	1.0502124751477133
-1.25	-20.0	1.0574656403895961
-1.25	-21.25	1.0247874054831492
-1.25	-22.5	1.0249413758912382
-1.25	-23.75	1.021129009757776
-1.25	-25.0	1.0247765360160779
-1.25	-26.25	1.0288843845703113
-1.25	-27.5	1.0449522878614879
-1.25	-28.75	1.0090989303005227
-1.25	-30.0	1.0596773510806088
-1.25	-31.25	1.0787266991814786
-1.25	-32.5	1.2154285431829361
-1.25	-33.75	1.2368794180501332
-1.25	-35.0	1.1218750481799908
-1.25	-36.25	1.083904214705262
-1.25	-37.5	0.9124884421434709
-1.25	-38.75	3.1253796257200825
-1.25	-40.0	2.6061983871508723
0.0	-40.0	2.9947881034720014
0.0	-38.75	2.599689451577646
0.0	-37.5	0.9156575619829175
0.0	-36.25	1.0981453985773513
0.0	-35.0	1.133459407187388
0.0	-33.75	1.237093850423899
0.0	-32.5	1.1980869951478823
0.0	-31.25	1.086918973649011
0.0	-30.0	1.0604873342019285
0.0	-28.75	1.0275696364745546
0.0	-27.5	1.0450202047756765
0.0	-26.25	1.0322348185907169
0.0	-25.0	1.0266756287067569
0.0	-23.75	1.0347652005474934
0.0	-22.5	1.0311763556062008
0.0	-21.25	1.0397226470739982
0.0	-20.0	1.0338670927524873
0.0	-18.75	1.0552592512420569
0.0	-17.5	1.0651857668212479
0.0	-16.25	1.0686684348963436
0.0	-15.0	1.0835847095640716
0.0	-13.75	1.0801467972288954
0.0	-12.5	1.0992854390396687
0.0	-11.25	1.0904529214178718
0.0	-10.0	1.097773601282781
0.0	-8.75	1.1196680316276115
0.0	-7.5	1.1168314868591676
0.0	-6.25	1.1158477268091227
0.0	-5.0	1.1408025519316114
0.0	-3.75	1.1666746283257732
0.0	-2.5	1.1420321624475172
0.0	-1.25	1.141581405177221
0.0	0.0	1.1147588198509562
0.0	1.25	1.126532354387157
0.0	2.5	1.1234873784203492
0.0	3.75	1.1271043241609577
0.0	5.0	1.1405255150364564
0.0	6.25	1.1504792579543892
0.0	7.5	1.1795301169998105
0.0	8.75	1.1891484890409139
0.0	10.0	1.1870180116837759
0.0	11.25	1.2212141780078092
0.0	12.5	1.2054665456558613
0.0	13.75	1.2314571754253034
0.0	15.0	1.2444823677706527
0.0	16.25	1.2493231373945735
0.0	17.5	1.2436521650800483
0.0	18.75	1.2547723665740351
0.0	20.0	1.284553152903424
0.0	21.25	1.3037245363723295
0.0	22.5	1.245250118531887
0.0	23.75	1.2248535136901628
0.0	25.0	1.2161487696086581
0.0	26.25	1.1988386919447
0.0	27.5	1.1171144635534693
0.0	28.75	1.0491631193543043
0.0	30.0	1.0449669979448517
0.0	31.25	1.0192771900028097
0.0	32.5	1.1807720428505286
0.0	33.75	1.2727536160051098
0.0	35.0	1.3288899761003181
0.0	36.25	1.2644767166552473
0.0	37.5	1.0485736032918531
0.0	38.75	1.5385180596589443
0.0	40.0	2.872340179312194
1.25	40.0	3.317873955284785
1.25	38.75	1.5888828821672254
1.25	37.5	1.0638078159629405
1.25	36.25	1.2515760765501982
1.25	35.0	1.3483529657650815
1.25	33.75	1.286059425304538
1.25	32.5	1.1841712548038057
1.25	31.25	1.038046042316159
1.25	30.0	1.0708060714243919
1.25	28.75	1.0398525762820254
1.25	27.5	1.1058648460862752
1.25	26.25	1.2106536931738754
1.25	25.0	1.2359245510175647
1.25	23.75	1.224715214893612
1.25	22.5	1.2419120613064338
1.25	21.25	1.3044452960096509
1.25	20.0	1.277976030065652
1.25	18.75	1.258468371599446
1.25	17.5	1.2565995049366752
1.25	16.25	1.245987716503314
1.25	15.0	1.223317765080452
1.25	13.75	1.2078106506275788
1.25	12.5	1.2185691777873666
1.25	11.25	1.2250922617755222
1.25	10.0	1.17549517466791
1.25	8.75	1.1861096797403627
1.25	7.5	1.1701155270418244
1.25	6.25	1.1727307411757328
1.25	5.0	1.1260945844454966
1.25	3.75	1.12826207680728
1.25	2.5	1.119101266891633
1.25	1.25	1.1162561322940245
1.25	-0.0	1.1267148489630143
1.25	-1.25	1.1274268519798438
1.25	-2.5	1.136222310073621
1.25	-3.75	1.1550242972477864
1.25	-5.0	1.141738812727783
1.25	-6.25	1.1420231466993993
1.25	-7.5	1.1309752136638185
1.25	-8.75	1.0953996874069238
1.25	-10.0	1.0827000106139328
1.25	-11.25	1.1016989723753987
1.25	-12.5	1.107931101476356
1.25	-13.75	1.0728719739230899
1.25	-15.0	1.0828330087645819
1.25	-16.25	1.079753451188851
1.25	-17.5	1.0422624681906667
1.25	-18.75	1.0637817030928804
1.25	-20.0	1.0422016842578863
1.25	-21.25	1.021345982006654
1.25	-22.5	1.0282515146055813
1.25	-23.75	1.0366024228648927
1.25	-25.0	1.0137858562676758
1.25	-26.25	1.0118967968506425
1.25	-27.5	1.0448476882735296
1.25	-28.75	1.0425189964703758
1.25	-30.0	1.0723259718204332
1.25	-31.25	1.0841835357473917
1.25	-32.5	1.1917104024812355
1.25	-33.75	1.2336446811453605
1.25	-35.0	1.1241419075703307
1.25	-36.25	1.0888520354789915
1.25	-37.5	0.9221396776176487
1.25	-38.75	2.5597826156831216
1.25	-40.0	3.150647118817936
2.5	-40.0	2.880323997828185
2.5	-38.75	3.0541684768842234
2.5	-37.5	0.9218745538771431
2.5	-36.25	1.084429058889099
2.5	-35.0	1.096126480529085
2.5	-33.75	1.2318564150300757
2.5	-32.5	1.227962849882493
2.5	-31.25	1.0737614854937156
2.5	-30.0	1.0662362729815458
2.5	-28.75	1.0549314704015487
2.5	-27.5	1.0429008259725094
2.5	-26.25	1.0355554898305641
2.5	-25.0	1.01289522719585
2.5	-23.75	1.0217561624489218
2.5	-22.5	1.036557608204264
2.5	-21.25	1.0409650050312171
2.5	-20.0	1.0685605238193574
2.5	-18.75	1.0627554492012026
2.5	-17.5	1.067155039501655
2.5	-16.25	1.0601615098733799
2.5	-15.0	1.0827430171566954
2.5	-13.75	1.0931388574038028
2.5	-12.5	1.092282405131498
2.5	-11.25	1.0910235911656976
2.5	-10.0	1.0940403216451262
2.5	-8.75	1.110658877340807
2.5	-7.5	1.1167508726467261
2.5	-6.25	1.1249886960062385
2.5	-5.0	1.1388768502872226
2.5	-3.75	1.1550852928178763
2.5	-2.5	1.1495921040331156
2.5	-1.25	1.1208937513784445
2.5	0.0	1.111300886551799
2.5	1.25	1.116756005007888
2.5	2.5	1.138719535135083
2.5	3.75	1.1301525314103769
2.5	5.0	1.1374177221172568
2.5	6.25	1.1504993952182518
2.5	7.5	1.1769782684140084
2.5	8.75	1.1902534055537783
2.5	10.0	1.195744339538102
2.5	11.25	1.2242286703665561
2.5	12.5	1.2258155961827333
2.5	13.75	1.2257823040895932
2.5	15.0	1.2303904109552608
2.5	16.25	1.242013976410087
2.5	17.5	1.2465456794289071
2.5	18.75	1.266729784283469
2.5	20.0	1.2996437296026802
2.5	21.25	1.2873377822164755
2.5	22.5	1.2392388274607562
2.5	23.75	1.234917218740776
2.5	25.0	1.2154041867635792
2.5	26.25	1.1872587669938834
2.5	27.5	1.1056671641164781
2.5	28.75	1.0364366728725738
2.5	30.0	1.060318490772949
2.5	31.25	1.025382767393312
2.5	32.5	1.1917885216543764
2.5	33.75	1.2891566100365912
2.5	35.0	1.3812318967481465
2.5	36.25	1.2548180680975491
2.5	37.5	1.0497432244887897
2.5	38.75	1.599833895704701
2.5	40.0	4.999999959171914
3.75	40.0	4.0220072665415145
3.75	38.75	1.8082951592728493
3.75	37.5	1.0460451722584505
3.75	36.25	1.2863406219570495
3.75	35.0	1.3222284117421879
3.75	33.75	1.2969182553041145
3.75	32.5	1.2215373139168815
3.75	31.25	1.0024097731675399
3.75	30.0	1.079615545275109
3.75	28.75	1.0150797897946342
3.75	27.5	1.0984953789797816
3.75	26.25	1.186209256940412
3.75	25.0	1.2200963640748022
3.75	23.75	1.2262278814860075
3.75	22.5	1.2550726691732006
3.75	21.25	1.271393344898808
3.75	20.0	1.2817309115046926
3.75	18.75	1.2562170511207853
3.75	17.5	1.2670349882750989
3.75	16.25	1.2627911837942865
3.75	15.0	1.2282743016080548
3.75	13.75	1.2319845047762081
3.75	12.5	1.2199607075985703
3.75	11.25	1.216534620718548
3.75	10.0	1.1838906716136464
3.75	8.75	1.1677265162808048
3.75	7.5	1.160446493890844
3.75	6.25	1.172957345715706
3.75	5.0	1.1306695951183876
3.75	3.75	1.1269842527430605
3.75	2.5	1.1232757858751619
3.75	1.25	1.111126478661145
3.75	-0.0	1.1159227661686835
3.75	-1.25	1.123508523454313
3.75	-2.5	1.1631343809431254
3.75	-3.75	1.1451618241988442
3.75	-5.0	1.1216181215443912
3.75	-6.25	1.1265732110666127
3.75	-7.5	1.1121544971549948
3.75	-8.75	1.0974797964304628
3.75	-10.0	1.0986115349830516
3.75	-11.25	1.0930750145586563
3.75	-12.5	1.0876991226076935
3.75	-13.75	1.1029755890541626
3.75	-15.0	1.0965783230134392
3.75	-16.25	1.0616940478992918
3.75	-17.5	1.079062794259519
3.75	-18.75	1.053181463643651
3.75	-20.0	1.0609594638916322
3.75	-21.25	1.0309217235567747
3.75	-22.5	1.0356237682759684
3.75	-23.75	1.0202927276989442
3.75	-25.0	1.0033631911501377
3.75	-26.25	1.0393128170524637
3.75	-27.5	1.0400741999885472
3.75	-28.75	1.0530780617928714
3.75	-30.0	1.0530037356135935
3.75	-31.25	1.0868164253450372
3.75	-32.5	1.2271899476417687
3.75	-33.75	1.2432224884634833
3.75	-35.0	1.0809512987096106
3.75	-36.25	1.0529313473326951
3.75	-37.5	0.9746166104724079
3.75	-38.75	3.794400683749741
3.75	-40.0	3.1564855719120644
5.0	-40.0	2.688152182024047
5.0	-38.75	3.4872252912191115
5.0	-37.5	0.9901170999301137
5.0	-36.25	0.9846378969496694
5.0	-35.0	1.0692320615625803
5.0	-33.75	1.2398827257038771
5.0	-32.5	1.26751537329781
5.0	-31.25	1.1001877394233937
5.0	-30.0	1.0629930176859004
5.0	-28.75	1.0597222065318963
5.0	-27.5	1.0414828811490917
5.0	-26.25	1.0670278079625604
5.0	-25.0	1.0268000877482706
5.0	-23.75	1.035923629933798
5.0	-22.5	1.016489844404659
5.0	-21.25	1.0372853265261348
5.0	-20.0	1.0552946928960196
5.0	-18.75	1.0525452156904178
5.0	-17.5	1.0577795432429795
5.0	-16.25	1.0812635376622195
5.0	-15.0	1.0823901022794917
5.0	-13.75	1.07471821791807
5.0	-12.5	1.088232334552318
5.0	-11.25	1.0981988044887725
5.0	-10.0	1.0875863674047928
5.0	-8.75	1.0910390734357653
5.0	-7.5	1.0969736917125106
5.0	-6.25	1.102696574627645
5.0	-5.0	1.1209816634335956
5.0	-3.75	1.16320546311937
5.0	-2.5	1.1374167740436345
5.0	-1.25	1.1147317990957797
5.0	0.0	1.1318144012767064
5.0	1.25	1.115360523130839
5.0	2.5	1.121672766232856
5.0	3.75	1.1359174225498965
5.0	5.0	1.1478679107488867
5.0	6.25	1.1506109447776636
5.0	7.5	1.1593965622835842
5.0	8.75	1.190218235531919
5.0	10.0	1.183852021105821
5.0	11.25	1.2309143706432666
5.0	12.5	1.2115965712490553
5.0	13.75	1.2156243368929704
5.0	15.0	1.2375338824127606
5.0	16.25	1.2437492446391705
5.0	17.5	1.2378065733395571
5.0	18.75	1.2713321859014624
5.0	20.0	1.27403938499792
5.0	21.25	1.2580876893631991
5.0	22.5	1.2224519798250064
5.0	23.75	1.2255005654615374
5.0	25.0	1.1880499127395785
5.0	26.25	1.1742681037078517
5.0	27.5	1.0757825886315704
5.0	28.75	1.038424769464811
5.0	30.0	1.064940139496323
5.0	31.25	0.9938710633234225
5.0	32.5	1.211551030503017
5.0	33.75	1.3021788484031838
5.0	35.0	1.289114663422799
5.0	36.25	1.2739608561564273
5.0	37.5	1.0748277454841286
5.0	38.75	1.985858987832625
5.0	40.0	3.1554331487624374
6.25	40.0	2.8550408881368146
6.25	38.75	2.4361700360249845
6.25	37.5	1.0915646009526405
6.25	36.25	1.1976549381464299
6.25	35.0	1.2494857049263777
6.25	33.75	1.300449382654092
6.25	32.5	1.2163673510332789
6.25	31.25	1.0110445822104017
6.25	30.0	1.0375448642813057
6.25	28.75	1.0394212851538747
6.25	27.5	1.073572411442023
6.25	26.25	1.1285049487669987
6.25	25.0	1.2052077640325844
6.25	23.75	1.2355640878605119
6.25	22.5	1.2479807940907195
6.25	21.25	1.252147384872762
6.25	20.0	1.2832297778833013
6.25	18.75	1.265180176892855
6.25	17.5	1.2600062529060283
6.25	16.25	1.2612935802578047
6.25	15.0	1.2354988625310002
6.25	13.75	1.2073691048495414
6.25	12.5	1.2283648619428487
6.25	11.25	1.2088269665154368
6.25	10.0	1.1824961598027697
6.25	8.75	1.1675130680597832
6.25	7.5	1.1623905666962813
6.25	6.25	1.1556868131854303
6.25	5.0	1.154166109348095
6.25	3.75	1.1312221260504618
6.25	2.5	1.1280056724587029
6.25	1.25	1.1181236951329385
6.25	-0.0	1.1277150430695313
6.25	-1.25	1.115054126308789
6.25	-2.5	1.1373328182257092
6.25	-3.75	1.1597175629712266
6.25	-5.0	1.1238961276626727
6.25	-6.25	1.1044995359422094
6.25	-7.5	1.0832111179353614
6.25	-8.75	1.088625488436744
6.25	-10.0	1.098583277480735
6.25	-11.25	1.0833477332854669
6.25	-12.5	1.0661808240169073
6.25	-13.75	1.0738975448073802
6.25	-15.0	1.068663263123173
6.25	-16.25	1.0705764539737572
6.25	-17.5	1.0685987341824426
6.25	-18.75	1.0375414306352502
6.25	-20.0	1.0350194484515747
6.25	-21.25	1.0512183197615226
6.25	-22.5	1.0404631846261525
6.25	-23.75	1.010163387039869
6.25	-25.0	1.0189146145709707
6.25	-26.25	1.1012648950237587
6.25	-27.5	1.0346085356178323
6.25	-28.75	1.0599929803793167
6.25	-30.0	1.0642433659082364
6.25	-31.25	1.1264158200725554
6.25	-32.5	1.2829091133301453
6.25	-33.75	1.235107754083817
6.25	-35.0	1.0655879083194257
6.25	-36.25	0.9313514931554225
6.25	-37.5	1.0573267209320978
6.25	-38.75	3.3631511337349664
6.25	-40.0	2.4955712983969445
7.5	-38.75	3.11966896930846
7.5	-37.5	1.1513999149739353
7.5	-36.25	0.9175015230929215
7.5	-35.0	1.0728095542547322
7.5	-33.75	1.2055853985193465
7.5	-32.5	1.283459644547385
7.5	-31.25	1.1569271980179092
7.5	-30.0	1.0753761189326836
7.5	-28.75	1.0513732148736459
7.5	-27.5	1.0409779457623287
7.5	-26.25	1.0855780500275944
7.5	-25.0	1.0436149710390392
7.5	-23.75	1.0350266677137379
7.5	-22.5	1.045429921721678
7.5	-21.25	1.0352514394228276
7.5	-20.0	1.0496691438118244
7.5	-18.75	1.0467657731999491
7.5	-17.5	1.0535666866251558
7.5	-16.25	1.0598226146058067
7.5	-15.0	1.0581584937666921
7.5	-13.75	1.0817529038789173
7.5	-12.5	1.0831810822063943
7.5	-11.25	1.0873633468845068
7.5	-10.0	1.091083608187744
7.5	-8.75	1.1042223716109945
7.5	-7.5	1.1003613750828167
7.5	-6.25	1.0824965627964387
7.5	-5.0	1.1143578538296808
7.5	-3.75	1.1280443889137324
7.5	-2.5	1.1214387888465813
7.5	-1.25	1.1332586591772795
7.5	0.0	1.126052300328504
7.5	1.25	1.1348801688301515
7.5	2.5	1.135560615847977
7.5	3.75	1.1494914294849634
7.5	5.0	1.162995211390423
7.5	6.25	1.1596208746703667
7.5	7.5	1.1606347332204656
7.5	8.75	1.172416671795796
7.5	10.0	1.185444022592817
7.5	11.25	1.1773122507139195
7.5	12.5	1.2054038649409335
7.5	13.75	1.2237587732877202
7.5	15.0	1.2417334539045015
7.5	16.25	1.2511440858598082
7.5	17.5	1.2627621144126078
7.5	18.75	1.263386868901347
7.5	20.0	1.2697618299911237
7.5	21.25	1.244888471234372
7.5	22.5	1.2369400091871956
7.5	23.75	1.2179561841837474
7.5	25.0	1.209618068842449
7.5	26.25	1.1277706238364953
7.5	27.5	1.0490574736931517
7.5	28.75	1.0565888855164811
7.5	30.0	1.025164194944331
7.5	31.25	1.0368910263412854
7.5	32.5	1.247732640397345
7.5	33.75	1.2607426725743078
7.5	35.0	1.237903171829693
7.5	36.25	1.1717347250004275
7.5	37.5	1.1706602787865439
7.5	38.75	2.625614625315502
8.75	38.75	3.0148799396306316
8.75	37.5	1.325800508449893
8.75	36.25	1.1058192849165565
8.75	35.0	1.3484695121953898
8.75	33.75	1.3224753178396789
8.75	32.5	1.2373451219135623
8.75	31.25	1.1246159152496027
8.75	30.0	0.9726312587142258
8.75	28.75	1.064899850841151
8.75	27.5	1.03783705502582
8.75	26.25	1.103430413234677
8.75	25.0	1.1999128408585635
8.75	23.75	1.2035647048387155
8.75	22.5	1.2273702543597933
8.75	21.25	1.2548507886553972
8.75	20.0	1.2337759453365287
8.75	18.75	1.265671955347213
8.75	17.5	1.2748762623726906
8.75	16.25	1.2473726565549406
8.75	15.0	1.2417811860104528
8.75	13.75	1.2146270889773572
8.75	12.5	1.203465844450359
8.75	11.25	1.2035910769930291
8.75	10.0	1.1800389795068833
8.75	8.75	1.1889563353072212
8.75	7.5	1.1389796305085476
8.75	6.25	1.1536443548836193
8.75	5.0	1.1311050421886932
8.75	3.75	1.1608915482378626
8.75	2.5	1.1173761182648736
8.75	1.25	1.132185055406012
8.75	-0.0	1.1298314650217858
8.75	-1.25	1.112356335204038
8.75	-2.5	1.121564292980569
8.75	-3.75	1.1194252785784862
8.75	-5.0	1.1000037645795313
8.75	-6.25	1.0879134666480983
8.75	-7.5	1.1052047207274418
8.75	-8.75	1.0687774566826374
8.75	-10.0	1.0847809027789221
8.75	-11.25	1.0793303012977242
8.75	-12.5	1.075819495765149
8.75	-13.75	1.0688536335584793
8.75	-15.0	1.0725308665698563
8.75	-16.25	1.0486323331873333
8.75	-17.5	1.056704758336716
8.75	-18.75	1.0405125384664
8.75	-20.0	1.0364433446337982
8.75	-21.25	1.0421796456341088
8.75	-22.5	1.0349727558478623
8.75	-23.75	1.0292094179729316
8.75	-25.0	1.0519093325319897
8.75	-26.25	1.0436135199155245
8.75	-27.5	1.0517365973724146
8.75	-28.75	1.0695329517940335
8.75	-30.0	1.1085062413093185
8.75	-31.25	1.2218291712547664
8.75	-32.5	1.313578967085089
8.75	-33.75	1.1618786960835887
8.75	-35.0	1.0711256060220418
8.75	-36.25	0.9224348338633304
8.75	-37.5	1.2805976247186273
8.75	-38.75	3.616034478138751
10.0	-38.75	3.171147863945885
10.0	-37.5	1.8613089247793138
10.0	-36.25	0.9448889109579337
10.0	-35.0	1.0282644283098588
10.0	-33.75	1.1126922940900705
10.0	-32.5	1.3080513542953902
10.0	-31.25	1.2624784532770246
10.0	-30.0	1.1197535207128322
10.0	-28.75	1.0688878143336744
10.0	-27.5	1.058367652506064
10.0	-26.25	1.033321795831271
10.0	-25.0	1.084979666109347
10.0	-23.75	1.0493316826220047
10.0	-22.5	1.0472740790177761
10.0	-21.25	1.0349611725047652
10.0	-20.0	1.0334621880725496
10.0	-18.75	1.0496153103331967
10.0	-17.5	1.0562920094838812
10.0	-16.25	1.0541815386223332
10.0	-15.0	1.0716699542723704
10.0	-13.75	1.0720262665299813
10.0	-12.5	1.066774377481491
10.0	-11.25	1.0729233208456872
10.0	-10.0	1.0905480048605254
10.0	-8.75	1.0938870317486327
10.0	-7.5	1.0971987745813294
10.0	-6.25	1.0995869191369323
10.0	-5.0	1.1155188410881482
10.0	-3.75	1.1130951347984244
10.0	-2.5	1.1159833606239147
10.0	-1.25	1.1027860079871115
10.0	0.0	1.1504508920191512
10.0	1.25	1.1290662751271627
10.0	2.5	1.1456397089049535
10.0	3.75	1.1511837666498481
10.0	5.0	1.134725702215059
10.0	6.25	1.1813265665718458
10.0	7.5	1.1534460046736283
10.0	8.75	1.176711868524773
10.0	10.0	1.1864022002479002
10.0	11.25	1.2070083272338827
10.0	12.5	1.2029770999942135
10.0	13.75	1.2160568008240862
10.0	15.0	1.2438141223156318
10.0	16.25	1.275163003517945
10.0	17.5	1.2771627558149747
10.0	18.75	1.2572429013136146
10.0	20.0	1.234675498815042
10.0	21.25	1.2494095978441253
10.0	22.5	1.2169448127787552
10.0	23.75	1.2166200759189127
10.0	25.0	1.1490967051521501
10.0	26.25	1.0856836786048003
10.0	27.5	1.0478038635100129
10.0	28.75	1.0664318554727608
10.0	30.0	0.9788747447418435
10.0	31.25	1.2028880912968418
10.0	32.5	1.3129300341166665
10.0	33.75	1.371268722217799
10.0	35.0	1.2650100481697155
10.0	36.25	1.0473938401065164
10.0	37.5	1.5025082613927534
10.0	38.75	3.2282523154253937
11.25	38.75	3.0210588589031993
11.25	37.5	1.9533826514468542
11.25	36.25	1.082678366652594
11.25	35.0	1.2455890339845759
11.25	33.75	1.2330435543912603
11.25	32.5	1.318752776878025
11.25	31.25	1.2123597377442366
11.25	30.0	1.0296487048362444
11.25	28.75	1.0071299483862663
11.25	27.5	1.0698187990106138
11.25	26.25	1.058381158221283
11.25	25.0	1.1262495178073184
11.25	23.75	1.1889271812427697
11.25	22.5	1.2109236012439357
11.25	21.25	1.239686002968762
11.25	20.0	1.2296883335311275
11.25	18.75	1.2554004930630018
11.25	17.5	1.2824323862878053
11.25	16.25	1.2578497597826281
11.25	15.0	1.2326677487862643
11.25	13.75	1.2225924163244448
11.25	12.5	1.2163065115651195
11.25	11.25	1.1895237201303992
11.25	10.0	1.1865508497440622
11.25	8.75	1.176567567076475
11.25	7.5	1.1596665249546723
11.25	6.25	1.168375754250551
11.25	5.0	1.1586803283037383
11.25	3.75	1.158321922116908
11.25	2.5	1.1475492097116131
11.25	1.25	1.141314432923691
11.25	-0.0	1.1481586722721318
11.25	-1.25	1.1415484047068816
11.25	-2.5	1.1237524230300613
11.25	-3.75	1.1232984345944317
11.25	-5.0	1.1310921961465548
11.25	-6.25	1.1041335593248522
11.25	-7.5	1.0871528733090354
11.25	-8.75	1.085008692043818
11.25	-10.0	1.0810961735349158
11.25	-11.25	1.0801824191097307
11.25	-12.5	1.057944364613805
11.25	-13.75	1.0572260306782297
11.25	-15.0	1.066414797740621
11.25	-16.25	1.0466151390968657
11.25	-17.5	1.0687255125559627
11.25	-18.75	1.0511131775018336
11.25	-20.0	1.0429430613732276
11.25	-21.25	1.0215619989128584
11.25	-22.5	1.0268136134641823
11.25	-23.75	1.037975751284903
11.25	-25.0	1.076181054317983
11.25	-26.25	1.055831537929805
11.25	-27.5	1.081255487062725
11.25	-28.75	1.0804295790375633
11.25	-30.0	1.1687255606753224
11.25	-31.25	1.294367879295093
11.25	-32.5	1.242198795531527
11.25	-33.75	1.044658255689633
11.25	-35.0	0.9377227330966171
11.25	-36.25	1.030804451209998
11.25	-37.5	2.5089585337315903
11.25	-38.75	3.2837013270813316
12.5	-37.5	3.5413145211361154
12.5	-36.25	1.106819170924208
12.5	-35.0	0.9202162812887771
12.5	-33.75	1.0484515701313821
12.5	-32.5	1.2186548141927886
12.5	-31.25	1.3131636626423173
12.5	-30.0	1.2424370122248973
12.5	-28.75	1.094824088091622
12.5	-27.5	1.076144859284649
12.5	-26.25	1.0590211761400914
12.5	-25.0	1.0408973178085423
12.5	-23.75	1.10346665761936
12.5	-22.5	1.0491831548258475
12.5	-21.25	1.0223769162387075
12.5	-20.0	1.0540339205054483
12.5	-18.75	1.0416768284900693
12.5	-17.5	1.0703595028089454
12.5	-16.25	1.0600693376072678
12.5	-15.0	1.0570617403381144
12.5	-13.75	1.0644150213295775
12.5	-12.5	1.0611874226407547
12.5	-11.25	1.0869992368026082
12.5	-10.0	1.0702481436066975
12.5	-8.75	1.084635708056723
12.5	-7.5	1.0821755043894203
12.5	-6.25	1.0857837573463236
12.5	-5.0	1.1001719319861767
12.5	-3.75	1.1125977696501819
12.5	-2.5	1.1238431034140541
12.5	-1.25	1.1161285251747
12.5	0.0	1.13183446956437
12.5	1.25	1.1323363709660672
12.5	2.5	1.1413412924226982
12.5	3.75	1.1507861320528034
12.5	5.0	1.149431806890333
12.5	6.25	1.1576038567565163
12.5	7.5	1.1653029842146303
12.5	8.75	1.179004540074513
12.5	10.0	1.1880148286865584
12.5	11.25	1.1837299291038539
12.5	12.5	1.2279832299483786
12.5	13.75	1.2438114126743383
12.5	15.0	1.2472977508062577
12.5	16.25	1.2464471318912018
12.5	17.5	1.250744760528848
12.5	18.75	1.235872447844705
12.5	20.0	1.2429188228622738
12.5	21.25	1.238275074559625
12.5	22.5	1.201419615275345
12.5	23.75	1.1783792815031493
12.5	25.0	1.0909613406537044
12.5	26.25	1.0526907451302385
12.5	27.5	1.0911065355262073
12.5	28.75	0.987758985861996
12.5	30.0	1.1169115435656307
12.5	31.25	1.2423933417042035
12.5	32.5	1.3799021467944828
12.5	33.75	1.3083206083352028
12.5	35.0	1.1752802016864656
12.5	36.25	1.21163297622404
12.5	37.5	3.249465156456216
13.75	37.5	2.78724117201127
13.75	36.25	1.4886297222850056
13.75	35.0	1.0513872677047083
13.75	33.75	1.3234854097455262
13.75	32.5	1.3725316424683731
13.75	31.25	1.2961397438515334
13.75	30.0	1.191315918674328
13.75	28.75	1.0326715944718856
13.75	27.5	1.0546942969273978
13.75	26.25	1.094140064041941
13.75	25.0	1.0899016774836943
13.75	23.75	1.1379314892469496
13.75	22.5	1.204396292109731
13.75	21.25	1.210671941456062
13.75	20.0	1.2383872713422424
13.75	18.75	1.2424965637236234
13.75	17.5	1.2261510631096098
13.75	16.25	1.2635184363557013
13.75	15.0	1.2455689013725868
13.75	13.75	1.2194228652818628
13.75	12.5	1.2142152053934252
13.75	11.25	1.2123332087468892
13.75	10.0	1.178188140001044
13.75	8.75	1.1999248149124
13.75	7.5	1.1740829216277167
13.75	6.25	1.1590094050462163
13.75	5.0	1.1620804808256686
13.75	3.75	1.1321872706603555
13.75	2.5	1.141059304735057
13.75	1.25	1.153022823578576
13.75	-0.0	1.1318250794516338
13.75	-1.25	1.1180462945609717
13.75	-2.5	1.1076320868897307
13.75	-3.75	1.097618630271473
13.75	-5.0	1.1143821912763494
13.75	-6.25	1.0974414971076314
13.75	-7.5	1.0822272503177572
13.75	-8.75	1.0814532310805367
13.75	-10.0	1.0656809526315127
13.75	-11.25	1.0763716045159244
13.75	-12.5	1.0650789069446187
13.75	-13.75	1.0562283946368112
13.75	-15.0	1.0419695133038864
13.75	-16.25	1.0526131663424252
13.75	-17.5	1.047165555841067
13.75	-18.75	1.0604203599290907
13.75	-20.0	1.0475954068309274
13.75	-21.25	1.0504896294054493
13.75	-22.5	1.0540718802666893
13.75	-23.75	1.0772199579920017
13.75	-25.0	1.041388920846666
13.75	-26.25	1.0888540634492063
13.75	-27.5	1.0878881318371425
13.75	-28.75	1.1472257576923894
13.75	-30.0	1.2892249542915106
13.75	-31.25	1.31565347729925
13.75	-32.5	1.1053451847345759
13.75	-33.75	1.0109677986684282
13.75	-35.0	0.9620351399556526
13.75	-36.25	1.3317878966001198
13.75	-37.5	2.6109042693743927
15.0	-37.5	4.19964902544619
15.0	-36.25	2.099156212159425
15.0	-35.0	1.0360143809724391
15.0	-33.75	0.9266074470201611
15.0	-32.5	1.0430715876499548
15.0	-31.25	1.2441266034472411
15.0	-30.0	1.3162248999917345
15.0	-28.75	1.238066793555742
15.0	-27.5	1.0992848626344767
15.0	-26.25	1.0903761964133265
15.0	-25.0	1.0878010795421016
15.0	-23.75	1.067597898245114
15.0	-22.5	1.084742967217844
15.0	-21.25	1.059167109408568
15.0	-20.0	1.036220074802106
15.0	-18.75	1.0408054306997503
15.0	-17.5	1.0645007812616036
15.0	-16.25	1.0481380321239584
15.0	-15.0	1.0815754229669032
15.0	-13.75	1.0569595655067365
15.0	-12.5	1.0722191008505932
15.0	-11.25	1.0701885150258441
15.0	-10.0	1.092126100276829
15.0	-8.75	1.0883307014725236
15.0	-7.5	1.092404199208957
15.0	-6.25	1.0763154246326936
15.0	-5.0	1.0960155023468214
15.0	-3.75	1.1071786215671562
15.0	-2.5	1.1103235377105793
15.0	-1.25	1.1312248284594588
15.0	0.0	1.155053337142986
15.0	1.25	1.1595048187337458
15.0	2.5	1.1634079026867585
15.0	3.75	1.1613714988096424
15.0	5.0	1.1554309408446741
15.0	6.25	1.1582341578002922
15.0	7.5	1.1686872909250656
15.0	8.75	1.1920583630886528
15.0	10.0	1.2108072079791068
15.0	11.25	1.2170943059337755
15.0	12.5	1.2193363666257264
15.0	13.75	1.2448709659024457
15.0	15.0	1.2469878081781332
15.0	16.25	1.2081273708035898
15.0	17.5	1.2162856904615493
15.0	18.75	1.2293595623947438
15.0	20.0	1.2267256835580316
15.0	21.25	1.219447964921459
15.0	22.5	1.1541827897175105
15.0	23.75	1.1182492794964176
15.0	25.0	1.091296739719608
15.0	26.25	1.0908551336885335
15.0	27.5	1.0265560009570667
15.0	28.75	1.1118231145002877
15.0	30.0	1.2390132206664184
15.0	31.25	1.3494784999309628
15.0	32.5	1.2132715943400365
15.0	33.75	1.248617300615309
15.0	35.0	1.094598294251126
15.0	36.25	2.067257940188566
15.0	37.5	3.5043742558131754
16.25	36.25	3.7238068735301653
16.25	35.0	1.2817984672544815
16.25	33.75	1.1180638036797719
16.25	32.5	1.3419936373901544
16.25	31.25	1.3764741728210694
16.25	30.0	1.304879303159943
16.25	28.75	1.2125008174676823
16.25	27.5	1.0278837953639428
16.25	26.25	1.0595572344069044
16.25	25.0	1.082471523035239
16.25	23.75	1.0732551727055935
16.25	22.5	1.1190319622812561
16.25	21.25	1.2079634587094814
16.25	20.0	1.1969321174611842
16.25	18.75	1.2222049386372742
16.25	17.5	1.2364509587815498
16.25	16.25	1.212484936283972
16.25	15.0	1.2036035237630074
16.25	13.75	1.2505358830502615
16.25	12.5	1.2158031338576416
16.25	11.25	1.2136687644717012
16.25	10.0	1.180349051916112
16.25	8.75	1.1732643201887747
16.25	7.5	1.176518759253935
16.25	6.25	1.152065409489408
16.25	5.0	1.1490929944931665
16.25	3.75	1.1810044960933572
16.25	2.5	1.1624598118998186
16.25	1.25	1.168872460434999
16.25	-0.0	1.1539254621513395
16.25	-1.25	1.1455432767057196
16.25	-2.5	1.1471508598127178
16.25	-3.75	1.1371634551676237
16.25	-5.0	1.103346219283896
16.25	-6.25	1.0914243199364728
16.25	-7.5	1.0988707478200048
16.25	-8.75	1.0968394444401763
16.25	-10.0	1.0963180674278519
16.25	-11.25	1.0747267892161378
16.25	-12.5	1.0700665736670887
16.25	-13.75	1.0652767362094915
16.25	-15.0	1.0487410925467175
16.25	-16.25	1.0605030094025345
16.25	-17.5	1.0464264473745422
16.25	-18.75	1.0315026044368274
16.25	-20.0	1.0706952061487716
16.25	-21.25	1.0866977438125804
16.25	-22.5	1.0771469956553865
16.25	-23.75	1.0922125081023015
16.25	-25.0	1.0983413962742903
16.25	-26.25	1.0848796232583302
16.25	-27.5	1.1621559261419563
16.25	-28.75	1.3042995414290548
16.25	-30.0	1.3414322357325705
16.25	-31.25	1.1322562828606646
16.25	-32.5	1.0242108413848392
16.25	-33.75	0.9606100429034843
16.25	-35.0	1.1055568308448684
16.25	-36.25	4.999999999998394
17.5	-36.25	3.1940842868226405
17.5	-35.0	1.4223635554439928
17.5	-33.75	1.0281336803387129
17.5	-32.5	0.953185165259578
17.5	-31.25	1.0834376061822422
17.5	-30.0	1.2361464703398344
17.5	-28.75	1.3538390402221703
17.5	-27.5	1.2643842690249212
17.5	-26.25	1.1377520436462563
17.5	-25.0	1.091516890568954
17.5	-23.75	1.1000248538684545
17.5	-22.5	1.072633436669145
17.5	-21.25	1.0826958323230196
17.5	-20.0	1.08184510891832
17.5	-18.75	1.0500611693292488
17.5	-17.5	1.0325841478967455
17.5	-16.25	1.0447687331569568
17.5	-15.0	1.056727603299839
17.5	-13.75	1.0527089007913029
17.5	-12.5	1.072392851811104
17.5	-11.25	1.0740757530656122
17.5	-10.0	1.0634355256957626
17.5	-8.75	1.0820120171002507
17.5	-7.5	1.0796078206264692
17.5	-6.25	1.0873076756420534
17.5	-5.0	1.0974639419552457
17.5	-3.75	1.0913670428948228
17.5	-2.5	1.1189590426255203
17.5	-1.25	1.1301878768179972
17.5	0.0	1.1320633256540713
17.5	1.25	1.1417541906172328
17.5	2.5	1.129778021527457
17.5	3.75	1.1373894442134427
17.5	5.0	1.172169180925252
17.5	6.25	1.1573159162213322
17.5	7.5	1.159310293394621
17.5	8.75	1.1867357496904525
17.5	10.0	1.2002810732720075
17.5	11.25	1.2070153471942362
17.5	12.5	1.238830609723439
17.5	13.75	1.1736242682028735
17.5	15.0	1.1956348614309036
17.5	16.25	1.2136830295921799
17.5	17.5	1.2373267865924298
17.5	18.75	1.1977564403520171
17.5	20.0	1.1998175001799467
17.5	21.25	1.1485191754035178
17.5	22.5	1.0953827433196661
17.5	23.75	1.0867794987770996
17.5	25.0	1.1105995056549913
17.5	26.25	1.0247956409535135
17.5	27.5	1.1250743144394733
17.5	28.75	1.228511569770843
17.5	30.0	1.3928624269136964
17.5	31.25	1.217202314432769
17.5	32.5	1.2901596344679795
17.5	33.75	1.074448271521332
17.5	35.0	1.730822695837527
17.5	36.25	4.999999957272735
18.75	35.0	4.486509687147265
18.75	33.75	1.2941167236089317
18.75	32.5	1.048258090017553
18.75	31.25	1.2414887914802906
18.75	30.0	1.3159788927030807
18.75	28.75	1.3351274751355877
18.75	27.5	1.1887183935269245
18.75	26.25	1.0885087813173513
18.75	25.0	1.060517503771223
18.75	23.75	1.087671195274833
18.75	22.5	1.0941350209034582
18.75	21.25	1.1087386515296052
18.75	20.0	1.1358080973775024
18.75	18.75	1.1898802690981949
18.75	17.5	1.1937219496012954
18.75	16.25	1.2316451797178392
18.75	15.0	1.2130965908253906
18.75	13.75	1.1828479344486622
18.75	12.5	1.1866652242026188
18.75	11.25	1.1787619442689419
18.75	10.0	1.2164401685070105
18.75	8.75	1.1871575178050788
18.75	7.5	1.1690168135520542
18.75	6.25	1.1690150016775576
18.75	5.0	1.1403355459989104
18.75	3.75	1.1373653498772542
18.75	2.5	1.1456307897895357
18.75	1.25	1.1384482186645348
18.75	-0.0	1.126644668257894
18.75	-1.25	1.0887129593351839
18.75	-2.5	1.0979354603444325
18.75	-3.75	1.0998018182043694
18.75	-5.0	1.0810138145527217
18.75	-6.25	1.0833216112582562
18.75	-7.5	1.0787148186035376
18.75	-8.75	1.0611781556301425
18.75	-10.0	1.0689070449914624
18.75	-11.25	1.0701658325507726
18.75	-12.5	1.0822699910790776
18.75	-13.75	1.0737745035695045
18.75	-15.0	1.0588430988634983
18.75	-16.25	1.0345776126022663
18.75	-17.5	1.0742096462254658
18.75	-18.75	1.0958764769032117
18.75	-20.0	1.0771732156698635
18.75	-21.25	1.0539080032238868
18.75	-22.5	1.090346360613534
18.75	-23.75	1.078084071534735
18.75	-25.0	1.1441776777884556
18.75	-26.25	1.2425535910107577
18.75	-27.5	1.325567431916408
18.75	-28.75	1.3231689251325482
18.75	-30.0	1.111665359221206
18.75	-31.25	1.0482725195154918
18.75	-32.5	0.9936964811229023
18.75	-33.75	1.0370267167130276
18.75	-35.0	3.4441547347866823
20.0	-35.0	2.8342723710457545
20.0	-33.75	1.2708205069704572
20.0	-32.5	1.0185169693462974
20.0	-31.25	0.97475121033529
20.0	-30.0	1.1272365978096222
20.0	-28.75	1.2090390515354201
20.0	-27.5	1.321111597714376
20.0	-26.25	1.3088694305622903
20.0	-25.0	1.2175002657967475
20.0	-23.75	1.1029120064570055
20.0	-22.5	1.0976181711449806
20.0	-21.25	1.107666755171385
20.0	-20.0	1.0827949736856555
20.0	-18.75	1.087527210981495
20.0	-17.5	1.0998744284150241
20.0	-16.25	1.0762020069169012
20.0	-15.0	1.0573639876688565
20.0	-13.75	1.036666258361568
20.0	-12.5	1.0430975852699689
20.0	-11.25	1.0995537069202612
20.0	-10.0	1.1154546332154247
20.0	-8.75	1.1160775545837245
20.0	-7.5	1.085137223607978
20.0	-6.25	1.0947382437125803
20.0	-5.0	1.077206704771907
20.0	-3.75	1.080018299004708
20.0	-2.5	1.1078442562539683
20.0	-1.25	1.127457383457461
20.0	0.0	1.1256024880361215
20.0	1.25	1.1265539460608034
20.0	2.5	1.1329511702882575
20.0	3.75	1.14061017461405
20.0	5.0	1.1544390108570957
20.0	6.25	1.165078188204573
20.0	7.5	1.1899527538344739
20.0	8.75	1.1782365096525806
20.0	10.0	1.16002449085906
20.0	11.25	1.169833327731272
20.0	12.5	1.1742801568820056
20.0	13.75	1.2519976352321907
20.0	15.0	1.2527559325709507
20.0	16.25	1.1839347739310346
20.0	17.5	1.1836140770365962
20.0	18.75	1.1366386554437167
20.0	20.0	1.1068477681902866
20.0	21.25	1.1050602530375286
20.0	22.5	1.0810529218911489
20.0	23.75	1.0893004744806225
20.0	25.0	1.059497878109842
20.0	26.25	1.1920929089506878
20.0	27.5	1.2634880735006089
20.0	28.75	1.4072829155132363
20.0	30.0	1.286256533102197
20.0	31.25	1.1844595800404818
20.0	32.5	1.118153860858265
20.0	33.75	1.860663729278917
20.0	35.0	3.933334408417183
21.25	33.75	3.8950525489963894
21.25	32.5	1.3582107746446006
21.25	31.25	1.0637641609145732
21.25	30.0	1.2938518501327785
21.25	28.75	1.195463417581987
21.25	27.5	1.4125951920629252
21.25	26.25	1.21795767621707
21.25	25.0	1.1402685435741962
21.25	23.75	1.049321592370088
21.25	22.5	1.086748909290649
21.25	21.25	1.08871448762891
21.25	20.0	1.1043911282622556
21.25	18.75	1.1099229591376094
21.25	17.5	1.1148186705845333
21.25	16.25	1.1672948212831171
21.25	15.0	1.1844295486291356
21.25	13.75	1.2348487571611502
21.25	12.5	1.2621181374670982
21.25	11.25	1.2243770330181665
21.25	10.0	1.1457235406430888
21.25	8.75	1.1332232012521493
21.25	7.5	1.1356566487901496
21.25	6.25	1.156178626116505
21.25	5.0	1.1761145401711453
21.25	3.75	1.1725025335277035
21.25	2.5	1.1515053591372224
21.25	1.25	1.123251229275283
21.25	-0.0	1.1297738828440496
21.25	-1.25	1.1115198049983768
21.25	-2.5	1.1308154209042574
21.25	-3.75	1.1456494734260687
21.25	-5.0	1.1307672295360094
21.25	-6.25	1.141178247446569
21.25	-7.5	1.1299737587105527
21.25	-8.75	1.0836546430990186
21.25	-10.0	1.032174419090742
21.25	-11.25	1.0558199342251964
21.25	-12.5	1.0572389933540416
21.25	-13.75	1.0632243942366628
21.25	-15.0	1.0832325161432435
21.25	-16.25	1.0707116266517849
21.25	-17.5	1.0747845171765524
21.25	-18.75	1.0707306010289557
21.25	-20.0	1.1078627427821637
21.25	-21.25	1.1045140392036732
21.25	-22.5	1.1391954102941648
21.25	-23.75	1.204913602352491
21.25	-25.0	1.2876255454936123
21.25	-26.25	1.3370916972119424
21.25	-27.5	1.2653562849576812
21.25	-28.75	1.1474411911293139
21.25	-30.0	1.0273304731492994
21.25	-31.25	1.0144166549418268
21.25	-32.5	1.0324062261848237
21.25	-33.75	2.952426981324865
22.5	-32.5	1.416574659428007
22.5	-31.25	0.9914365580934605
22.5	-30.0	1.0222422747556434
22.5	-28.75	1.0905211116200677
22.5	-27.5	1.1605375528746
22.5	-26.25	1.3035985868263449
22.5	-25.0	1.3151923632534928
22.5	-23.75	1.2870236097721417
22.5	-22.5	1.21470145745596
22.5	-21.25	1.1220377925098148
22.5	-20.0	1.1010256649309058
22.5	-18.75	1.1077071459298438
22.5	-17.5	1.0944599898930996
22.5	-16.25	1.080624410070552
22.5	-15.0	1.092837482259048
22.5	-13.75	1.099889551126437
22.5	-12.5	1.0883317280613989
22.5	-11.25	1.0769484930832993
22.5	-10.0	1.0543590628383885
22.5	-8.75	1.0461336519826947
22.5	-7.5	1.045788489017042
22.5	-6.25	1.0489078723198508
22.5	-5.0	1.0545341309504144
22.5	-3.75	1.0587831998350925
22.5	-2.5	1.0780826251934883
22.5	-1.25	1.0886418114428444
22.5	0.0	1.098950014877266
22.5	1.25	1.0972138554184427
22.5	2.5	1.1024324921300108
22.5	3.75	1.1082946295652318
22.5	5.0	1.1131956496913178
22.5	6.25	1.1316969406444075
22.5	7.5	1.140147491778201
22.5	8.75	1.20310333924039
22.5	10.0	1.3176316256753795
22.5	11.25	1.2682514214875447
22.5	12.5	1.207859170416878
22.5	13.75	1.192784453825002
22.5	15.0	1.1708276857511013
22.5	16.25	1.139581848453214
22.5	17.5	1.1178588012617947
22.5	18.75	1.0867095193894531
22.5	20.0	1.088544395735953
22.5	21.25	1.0901412869304963
22.5	22.5	1.0619327812036303
22.5	23.75	1.1270814149991786
22.5	25.0	1.1831712107554129
22.5	26.25	1.353966583250351
22.5	27.5	1.2090644565113937
22.5	28.75	1.2843500363049696
22.5	30.0	1.0676717556664723
22.5	31.25	1.2266710368469047
22.5	32.5	2.6023341899306836
23.75	32.5	4.999999999999853
23.75	31.25	1.6727460131602996
23.75	30.0	1.1092380915828306
23.75	28.75	1.1345805288765307
23.75	27.5	1.3030907357664905
23.75	26.25	1.2674379684538355
23.75	25.0	1.342674598201512
23.75	23.75	1.197559396026728
23.75	22.5	1.1344594066227343
23.75	21.25	1.0893939976487097
23.75	20.0	1.0950089566941035
23.75	18.75	1.0816416910772446
23.75	17.5	1.1071498227314347
23.75	16.25	1.1123015360143098
23.75	15.0	1.1224050966248669
23.75	13.75	1.140012176339682
23.75	12.5	1.1798887523738175
23.75	11.25	1.1748603902293553
23.75	10.0	1.2078106973229144
23.75	8.75	1.301866106706492
23.75	7.5	1.4119942744267338
23.75	6.25	1.3952883206039912
23.75	5.0	1.2782975372177594
23.75	3.75	1.1656868725499026
23.75	2.5	1.0822306232631806
23.75	1.25	1.107269051655698
23.75	-0.0	1.0811143926678133
23.75	-1.25	1.0837161590046627
23.75	-2.5	1.06961349678369
23.75	-3.75	1.0891194390168915
23.75	-5.0	1.0612565272905492
23.75	-6.25	1.0745117127285377
23.75	-7.5	1.1017855682345719
23.75	-8.75	1.097241245142233
23.75	-10.0	1.1021155852712194
23.75	-11.25	1.0908597917551708
23.75	-12.5	1.0890373101112258
23.75	-13.75	1.0898270301145896
23.75	-15.0	1.0765180573010191
23.75	-16.25	1.1034639910683621
23.75	-17.5	1.1174399885415838
23.75	-18.75	1.1088057196918104
23.75	-20.0	1.145204881184374
23.75	-21.25	1.2184961281489004
23.75	-22.5	1.2782565741141365
23.75	-23.75	1.3451245351420225
23.75	-25.0	1.3041913088709816
23.75	-26.25	1.1761252359757393
23.75	-27.5	1.1474846742966394
23.75	-28.75	1.085001270953848
23.75	-30.0	1.0519068247012555
23.75	-31.25	1.1504877895923045
23.75	-32.5	3.079948477851584
25.0	-31.25	2.1045792879759215
25.0	-30.0	1.0737040540393137
25.0	-28.75	1.0742484929867882
25.0	-27.5	1.0952354900502428
25.0	-26.25	1.150967161839695
25.0	-25.0	1.2104489569566823
25.0	-23.75	1.3135767366393525
25.0	-22.5	1.3224710381372358
25.0	-21.25	1.3110460355267408
25.0	-20.0	1.2395790031452112
25.0	-18.75	1.169701008491284
25.0	-17.5	1.1191777351539507
25.0	-16.25	1.1180898649124487
25.0	-15.0	1.107318643735411
25.0	-13.75	1.1194028695755147
25.0	-12.5	1.0942758372049841
25.0	-11.25	1.0883547611004873
25.0	-10.0	1.0988099909038942
25.0	-8.75	1.0991285819577303
25.0	-7.5	1.1219742591005977
25.0	-6.25	1.101196180899759
25.0	-5.0	1.105534312513841
25.0	-3.75	1.1226660865365767
25.0	-2.5	1.162269251347496
25.0	-1.25	1.2110897594120402
25.0	0.0	1.2782729124300083
25.0	1.25	1.327216028976073
25.0	2.5	1.3745351101602576
25.0	3.75	1.3999987419270674
25.0	5.0	1.3351864580160235
25.0	6.25	1.2656082160843862
25.0	7.5	1.2037140630034742
25.0	8.75	1.1789556994908992
25.0	10.0	1.172689946827835
25.0	11.25	1.1295485746007428
25.0	12.5	1.1378668874612252
25.0	13.75	1.1080833106915158
25.0	15.0	1.1014384782868873
25.0	16.25	1.0913855159151407
25.0	17.5	1.0802189171795842
25.0	18.75	1.0966333545367855
25.0	20.0	1.0872882195174505
25.0	21.25	1.1300880360738086
25.0	22.5	1.1662344423195004
25.0	23.75	1.309950530881161
25.0	25.0	1.2863042991653382
25.0	26.25	1.2620139678566664
25.0	27.5	1.153502388356813
25.0	28.75	1.0773949909949243
25.0	30.0	1.4784804000176344
25.0	31.25	3.9615157551958795
26.25	30.0	4.999999999999979
26.25	28.75	1.3590865313698846
26.25	27.5	1.060104277916527
26.25	26.25	1.2045482614466207
26.25	25.0	1.2719909823031
26.25	23.75	1.296540416146036
26.25	22.5	1.3077864447047531
26.25	21.25	1.1680338007937934
26.25	20.0	1.1158572339228456
26.25	18.75	1.099302117141761
26.25	17.5	1.1294380571890406
26.25	16.25	1.073160622080417
26.25	15.0	1.0992146473022624
26.25	13.75	1.104164890834043
26.25	12.5	1.1157418672647257
26.25	11.25	1.1169883538092007
26.25	10.0	1.1234264699150218
26.25	8.75	1.1292401225772615
26.25	7.5	1.1544376451235019
26.25	6.25	1.1299246335915463
26.25	5.0	1.1417415279331333
26.25	3.75	1.1462648262021258
26.25	2.5	1.1539165204861401
26.25	1.25	1.1491738165255638
26.25	-0.0	1.1468518961510812
26.25	-1.25	1.1433761650411567
26.25	-2.5	1.145964846818507
26.25	-3.75	1.1191058400534786
26.25	-5.0	1.1048770058740418
26.25	-6.25	1.0804723525761792
26.25	-7.5	1.0878139040644559
26.25	-8.75	1.1124703894286707
26.25	-10.0	1.1197287545742638
26.25	-11.25	1.144826385697101
26.25	-12.5	1.1249443508316173
26.25	-13.75	1.1138031902829386
26.25	-15.0	1.119594855940285
26.25	-16.25	1.1334678944245002
26.25	-17.5	1.1853790150158607
26.25	-18.75	1.2574276264616255
26.25	-20.0	1.2971577084513308
26.25	-21.25	1.3422505398929117
26.25	-22.5	1.3145915310669842
26.25	-23.75	1.2195371111062379
26.25	-25.0	1.1823405545462595
26.25	-26.25	1.1360580968424632
26.25	-27.5	1.0801409545475948
26.25	-28.75	1.0468102579224112
26.25	-30.0	1.3802401491070837
27.5	-28.75	1.2617762499456902
27.5	-27.5	1.074954921309084
27.5	-26.25	1.0900159664653994
27.5	-25.0	1.1441623185187222
27.5	-23.75	1.199101340903387
27.5	-22.5	1.224309405452198
27.5	-21.25	1.2684852552023784
27.5	-20.0	1.3318587013287253
27.5	-18.75	1.2893922047066262
27.5	-17.5	1.2583509676067894
27.5	-16.25	1.2177067205213934
27.5	-15.0	1.1721579483363653
27.5	-13.75	1.1159715394921923
27.5	-12.5	1.1163001431502213
27.5	-11.25	1.1061556791774505
27.5	-10.0	1.1068284873919323
27.5	-8.75	1.1089928927536459
27.5	-7.5	1.1308004836782493
27.5	-6.25	1.1455733376232384
27.5	-5.0	1.114810308802456
27.5	-3.75	1.1276954339073333
27.5	-2.5	1.1121346573244972
27.5	-1.25	1.1080375126608635
27.5	0.0	1.1115698436617238
27.5	1.25	1.1239535646748964
27.5	2.5	1.1186688700297527
27.5	3.75	1.1090099313032233
27.5	5.0	1.1066448997020464
27.5	6.25	1.0981573662324076
27.5	7.5	1.106618571974768
27.5	8.75	1.1053655355048564
27.5	10.0	1.0844093636978833
27.5	11.25	1.106938275852185
27.5	12.5	1.0940743527014396
27.5	13.75	1.078370886388993
27.5	15.0	1.086356388903421
27.5	16.25	1.1207892178413204
27.5	17.5	1.1109455959541226
27.5	18.75	1.1300167761749789
27.5	20.0	1.176633513129147
27.5	21.25	1.305122573311964
27.5	22.5	1.2529247316103493
27.5	23.75	1.3311346140041644
27.5	25.0	1.246648146709659
27.5	26.25	1.0576179307754954
27.5	27.5	1.3114746521795677
27.5	28.75	4.733414273152585
28.75	27.5	3.595187383802246
28.75	26.25	1.334738788948541
28.75	25.0	1.0697668557326345
28.75	23.75	1.2219714055151485
28.75	22.5	1.3865389123644807
28.75	21.25	1.2213527906924142
28.75	20.0	1.3265410394570543
28.75	18.75	1.2188174542217958
28.75	17.5	1.1259529583771402
28.75	16.25	1.1070364035164157
28.75	15.0	1.1143308079267653
28.75	13.75	1.1238138790048957
28.75	12.5	1.0919162723475786
28.75	11.25	1.0771498442779146
28.75	10.0	1.0769216448533836
28.75	8.75	1.1011203528120497
28.75	7.5	1.1087674540168466
28.75	6.25	1.087582183949892
28.75	5.0	1.0893932875130332
28.75	3.75	1.113591369107941
28.75	2.5	1.0862360442956884
28.75	1.25	1.0900624498397358
28.75	-0.0	1.0805807580342055
28.75	-1.25	1.0685506062010939
28.75	-2.5	1.076929261539581
28.75	-3.75	1.0845629564857422
28.75	-5.0	1.0724688962431062
28.75	-6.25	1.0822473904933503
28.75	-7.5	1.0750770503333538
28.75	-8.75	1.1058715366322698
28.75	-10.0	1.1050598967060443
28.75	-11.25	1.1102015170063115
28.75	-12.5	1.1451997110896173
28.75	-13.75	1.1931983184388084
28.75	-15.0	1.220343417447812
28.75	-16.25	1.2518006373841057
28.75	-17.5	1.2813184970323501
28.75	-18.75	1.3034371699415441
28.75	-20.0	1.2418530928616516
28.75	-21.25	1.2349191957296917
28.75	-22.5	1.1972877751192161
28.75	-23.75	1.1666410050250562
28.75	-25.0	1.119322633805858
28.75	-26.25	1.0999875974728557
28.75	-27.5	1.2037968047318692
30.0	-26.25	1.2875487381168575
30.0	-25.0	1.1012899615867155
30.0	-23.75	1.1406076850661364
30.0	-22.5	1.1830986323626327
30.0	-21.25	1.20681448690687
30.0	-20.0	1.2252660558037913
30.0	-18.75	1.2458750568788481
30.0	-17.5	1.2456043483981354
30.0	-16.25	1.2591721454052305
30.0	-15.0	1.2344373154580355
30.0	-13.75	1.2266120166095318
30.0	-12.5	1.2020523590336207
30.0	-11.25	1.1638140347758146
30.0	-10.0	1.1495912254969127
30.0	-8.75	1.1082617319904955
30.0	-7.5	1.1220175745088685
30.0	-6.25	1.0760081141543045
30.0	-5.0	1.0941371053127895
30.0	-3.75	1.081344045893644
30.0	-2.5	1.0845807617352072
30.0	-1.25	1.0867797671763082
30.0	0.0	1.090267750256638
30.0	1.25	1.068791738189958
30.0	2.5	1.082986153219081
30.0	3.75	1.0732812718060583
30.0	5.0	1.0918319800804852
30.0	6.25	1.0744957812421143
30.0	7.5	1.0886074049149173
30.0	8.75	1.078922075465961
30.0	10.0	1.1255057633176762
30.0	11.25	1.105632460574161
30.0	12.5	1.1148436218300706
30.0	13.75	1.090161803539261
30.0	15.0	1.0875162528830256
30.0	16.25	1.1532807802252565
30.0	17.5	1.2444296795908238
30.0	18.75	1.2720981272504872
30.0	20.0	1.2856140148906885
30.0	21.25	1.5232087117066007
30.0	22.5	1.1534451306067872
30.0	23.75	1.0984799699679328
30.0	25.0	1.3369440874000809
30.0	26.25	3.6337846328395393
31.25	25.0	3.9596887181413383
31.25	23.75	1.4625315093180555
31.25	22.5	1.1533810500047448
31.25	21.25	1.089213280817587
31.25	20.0	1.4215240526233703
31.25	18.75	1.4755409340336234
31.25	17.5	1.2256018404725877
31.25	16.25	1.2733058507945803
31.25	15.0	1.2039680885844746
31.25	13.75	1.132616097766574
31.25	12.5	1.0885598276365442
31.25	11.25	1.0607747209530896
31.25	10.0	1.0858098094988975
31.25	8.75	1.1133329290881546
31.25	7.5	1.1144389769272989
31.25	6.25	1.1167466853023766
31.25	5.0	1.094738697911155
31.25	3.75	1.0943709339550578
31.25	2.5	1.1261484150947885
31.25	1.25	1.1060309676312965
31.25	-0.0	1.0936689569544642
31.25	-1.25	1.098235325523877
31.25	-2.5	1.0874733993732164
31.25	-3.75	1.1028321975250872
31.25	-5.0	1.1132731377624658
31.25	-6.25	1.1006434490358261
31.25	-7.5	1.1332743424408065
31.25	-8.75	1.1674142576414637
31.25	-10.0	1.1741569947474044
31.25	-11.25	1.1867092853813936
31.25	-12.5	1.1847703841241977
31.25	-13.75	1.2058527027468795
31.25	-15.0	1.1962421542741168
31.25	-16.25	1.2370487619669888
31.25	-17.5	1.249851245514483
31.25	-18.75	1.2074852865151815
31.25	-20.0	1.2068887045866692
31.25	-21.25	1.1898837274103302
31.25	-22.5	1.1342820428302218
31.25	-23.75	1.1338074390276915
31.25	-25.0	1.3218711763267574
32.5	-23.75	1.795968958545604
32.5	-22.5	1.17167797727552
32.5	-21.25	1.1452753034384529
32.5	-20.0	1.1858179307241272
32.5	-18.75	1.2016952880392138
32.5	-17.5	1.2113950818286998
32.5	-16.25	1.2296191313234957
32.5	-15.0	1.24439456898806
32.5	-13.75	1.2341725885724255
32.5	-12.5	1.175565637834847
32.5	-11.25	1.1671058090882171
32.5	-10.0	1.1627877840567287
32.5	-8.75	1.1478370708612822
32.5	-7.5	1.1491361850531776
32.5	-6.25	1.170082377531041
32.5	-5.0	1.1754506198199817
32.5	-3.75	1.1900224938706172
32.5	-2.5	1.1771164703914625
32.5	-1.25	1.1558370616203453
32.5	0.0	1.1444059039689902
32.5	1.25	1.113959981476489
32.5	2.5	1.0913860051073376
32.5	3.75	1.1146864019568303
32.5	5.0	1.091058156744415
32.5	6.25	1.0793665497680314
32.5	7.5	1.0727245846889577
32.5	8.75	1.0780879174032858
32.5	10.0	1.097906314198628
32.5	11.25	1.1291905983865016
32.5	12.5	1.1792058890213912
32.5	13.75	1.241565683329263
32.5	15.0	1.2423097083889614
32.5	16.25	1.401829840153602
32.5	17.5	1.5527821673158702
32.5	18.75	1.2183275832423508
32.5	20.0	1.0791551436994578
32.5	21.25	1.2499236722322857
32.5	22.5	2.005934380245355
32.5	23.75	4.314662858241807
33.75	21.25	3.189561273105145
33.75	20.0	1.4553850014808658
33.75	18.75	1.1685661399343816
33.75	17.5	1.0963326777661377
33.75	16.25	1.2891209547672116
33.75	15.0	1.579539633743905
33.75	13.75	1.4402515113665864
33.75	12.5	1.2453443319572717
33.75	11.25	1.2028721302385925
33.75	10.0	1.1915355220381638
33.75	8.75	1.1549628188389685
33.75	7.5	1.1252728225462967
33.75	6.25	1.1106047940455515
33.75	5.0	1.0970173143175561
33.75	3.75	1.0626318073014742
33.75	2.5	1.0511560309678067
33.75	1.25	1.06781157320881
33.75	-0.0	1.071346739661938
33.75	-1.25	1.0727852829269038
33.75	-2.5	1.0784257354820426
33.75	-3.75	1.0902463093354218
33.75	-5.0	1.1019723578109346
33.75	-6.25	1.1138496641465698
33.75	-7.5	1.1240560905661496
33.75	-8.75	1.1445304800247484
33.75	-10.0	1.18412057605447
33.75	-11.25	1.245699192549977
33.75	-12.5	1.2314358692562273
33.75	-13.75	1.1973176836938304
33.75	-15.0	1.223951468608746
33.75	-16.25	1.229493230680486
33.75	-17.5	1.2254466674472253
33.75	-18.75	1.1808297444541402
33.75	-20.0	1.1636974959272557
33.75	-21.25	1.3552782062294755
35.0	-20.0	2.303991908611515
35.0	-18.75	1.350290843159363
35.0	-17.5	1.2360766787060307
35.0	-16.25	1.1832686840606055
35.0	-15.0	1.2278079020884283
35.0	-13.75	1.2776809628403534
35.0	-12.5	1.2341274652586982
35.0	-11.25	1.2097195778692829
35.0	-10.0	1.189080757450494
35.0	-8.75	1.178091935166801
35.0	-7.5	1.17479547589725
35.0	-6.25	1.159001543853691
35.0	-5.0	1.1523759693439564
35.0	-3.75	1.129378157399902
35.0	-2.5	1.13568504637115
35.0	-1.25	1.1269346255025425
35.0	0.0	1.1419097897938535
35.0	1.25	1.1287111867114996
35.0	2.5	1.129299356815312
35.0	3.75	1.1360320371600574
35.0	5.0	1.1626929098084995
35.0	6.25	1.182554932208597
35.0	7.5	1.189222181410421
35.0	8.75	1.2158120065044278
35.0	10.0	1.3883780355609145
35.0	11.25	1.5233533999538853
35.0	12.5	1.5423978451183542
35.0	13.75	1.2341347654630432
35.0	15.0	1.109803998438701
35.0	16.25	1.192930260397132
35.0	17.5	1.386221880398793
35.0	18.75	2.381880215878054
35.0	20.0	4.2850150819703074
36.25	17.5	4.4082499200136525
36.25	16.25	2.363883726226886
36.25	15.0	1.4410573030344231
36.25	13.75	1.2316702970093543
36.25	12.5	1.1572978948281518
36.25	11.25	1.1959427161852698
36.25	10.0	1.3232034769490308
36.25	8.75	1.5711694029689411
36.25	7.5	1.548200629915498
36.25	6.25	1.450166683320436
36.25	5.0	1.3497455973390826
36.25	3.75	1.2364982730624536
36.25	2.5	1.2078662627633685
36.25	1.25	1.1694487980014179
36.25	-0.0	1.1634666283919328
36.25	-1.25	1.1523677611002103
36.25	-2.5	1.1464062562511979
36.25	-3.75	1.1701069707339116
36.25	-5.0	1.1802081704580925
36.25	-6.25	1.199639639925615
36.25	-7.5	1.2217992810572467
36.25	-8.75	1.2445176538741487
36.25	-10.0	1.2886952227825246
36.25	-11.25	1.265554766480001
36.25	-12.5	1.2311986781603537
36.25	-13.75	1.2707975093798947
36.25	-15.0	1.3305649896086047
36.25	-16.25	1.4741569315460161
36.25	-17.5	2.0740139171650736
37.5	-15.0	2.712167830255847
37.5	-13.75	1.7315346522198416
37.5	-12.5	1.5783973787659722
37.5	-11.25	1.466202026072228
37.5	-10.0	1.3725571857504715
37.5	-8.75	1.3217628620986837
37.5	-7.5	1.294383542666207
37.5	-6.25	1.2962232250489238
37.5	-5.0	1.3499425189193222
37.5	-3.75	1.3793681798617001
37.5	-2.5	1.4333595478357877
37.5	-1.25	1.4517814491181262
37.5	0.0	1.4708709181748025
37.5	1.25	1.4624999131965826
37.5	2.5	1.4356639579089343
37.5	3.75	1.384936938019072
37.5	5.0	1.2817370977633047
37.5	6.25	1.231946378251144
37.5	7.5	1.2089588581476232
37.5	8.75	1.2251683704430363
37.5	10.0	1.2945994252803317
37.5	11.25	1.4148022795779287
37.5	12.5	1.7635903095548606
37.5	13.75	4.262185980324162
37.5	15.0	4.092798847317873
38.75	11.25	3.8633258399731947
38.75	10.0	4.020808825982318
38.75	8.75	2.164196945053999
38.75	7.5	1.637923942377471
38.75	6.25	1.514337409156017
38.75	5.0	1.4411929491291957
38.75	3.75	1.404413260373401
38.75	2.5	1.3884081984573964
38.75	1.25	1.414769984855715
38.75	-0.0	1.4063259644149824
38.75	-1.25	1.430324088327506
38.75	-2.5	1.4818056683709884
38.75	-3.75	1.5158417563394888
38.75	-5.0	1.5698946976581363
38.75	-6.25	1.5902005725461876
38.75	-7.5	1.6699808570906143
38.75	-8.75	1.7301926295108006
38.75	-10.0	2.052502056569568
38.75	-11.25	2.844553638936268
40.0	-6.25	4.101675703779183
40.0	-5.0	4.700374848717264
40.0	-3.75	3.594645537093882
40.0	-2.5	3.0565182750458817
40.0	-1.25	2.921528972484081
40.0	0.0	3.079123061065559
40.0	1.25	3.063211992650521
40.0	2.5	4.999999999575573
40.0	3.75	4.80560889749955
40.0	5.0	4.999999992526041
40.0	6.25	4.650161504117298
