0.0	0.0
0.0017488269058059415	0.0017505441224208802
0.003497653811611883	0.0034967955520666897
0.005246480717417824	0.005238748967879767
0.006995307623223766	0.0069763990750597886
0.008744134529029708	0.00870974060507986
0.010492961434835649	0.010438768315702493
0.012241788340641591	0.012163476990995457
0.013990615246447532	0.013883861441347503
0.015739442152253473	0.015599916503483989
0.017488269058059416	0.017311637040482362
0.019237095963865355	0.01901901794178752
0.020985922869671297	0.02072205412322708
0.022734749775477237	0.0224119395148904
0.024483576681283183	0.02409208154421731
0.02623240358708912	0.025766165238334814
0.027981230492895064	0.02743345950327243
0.029730057398701007	0.029091146537177367
0.031478884304506946	0.030744283310510385
0.03322771121031289	0.03239053455659948
0.03497653811611883	0.03402427254244877
0.03672536502192477	0.0356484930243879
0.03847419192773071	0.03726225925811201
0.04022301883353665	0.03885666094653901
0.041971845739342595	0.040432615855490885
0.043720672645148534	0.04199707836020752
0.04546949955095447	0.043548665269168785
0.047218326456760426	0.04507899110300135
0.048967153362566365	0.046590996942193985
0.050715980268372304	0.048085838565595854
0.05246480717417824	0.04955861474799481
0.05421363407998419	0.05101701283845518
0.05596246098579013	0.05246351978420796
0.05771128789159607	0.05388300419684876
0.059460114797402014	0.055279769197774956
0.06120894170320795	0.05666510120556422
0.06295776860901389	0.0580335127242024
0.06470659551481983	0.05937644273455373
0.06645542242062578	0.060695151305339576
0.06820424932643172	0.061995062336248935
0.06995307623223766	0.06326855451804163
0.0717019031380436	0.06452424071004853
0.07345073004384954	0.06577149532062437
0.0751995569496555	0.06699298136983142
0.07694838385546142	0.06819444297381567
0.07869721076126737	0.06938583621461718
0.0804460376670733	0.07055479177685996
0.08219486457287925	0.07169449806753073
0.08394369147868519	0.07280301138804472
0.08569251838449113	0.07388562848669693
0.08744134529029707	0.07493686678059469
0.08919017219610302	0.07596346654575305
0.09093899910190895	0.07698097327024163
0.0926878260077149	0.07798594237769838
0.09443665291352085	0.07897587800293852
0.09618547981932678	0.07995880376941372
0.09793430672513273	0.08091641519342993
0.09968313363093867	0.08184723274443988
0.10143196053674461	0.08275674045618837
0.10318078744255055	0.08364332627970493
0.10492961434835649	0.08449765379191036
0.10667844125416243	0.08532447225127593
0.10842726815996838	0.08613570348856356
0.1101760950657743	0.0869304246264043
0.11192492197158026	0.08770020717525835
0.1136737488773862	0.08845612566376142
0.11542257578319214	0.08918044870367799
0.11717140268899807	0.08987152361648837
0.11892022959480403	0.09054945175095648
0.12066905650060995	0.09120009385492138
0.1224178834064159	0.09181264478869908
0.12416671031222183	0.09239465549350695
0.12591553721802778	0.09295557319615051
0.12766436412383372	0.09349735980836042
0.12941319102963966	0.09401203711952164
0.1311620179354456	0.09450759872992388
0.13291084484125157	0.09497313721919938
0.13465967174705748	0.09540439210068576
0.13640849865286345	0.09583769465855467
0.13815732555866939	0.09625071414587034
0.13990615246447533	0.0966237126043192
0.14165497937028126	0.09696819499665142
0.1434038062760872	0.09728389625769392
0.14515263318189314	0.09756645698214672
0.14690146008769908	0.09781766758497511
0.14865028699350502	0.09804225228459998
0.150399113899311	0.0982401410300626
0.15214794080511693	0.09841439285235573
0.15389676771092284	0.09860724488772178
0.1556455946167288	0.09879923795619901
0.15739442152253474	0.09896391366871854
0.15914324842834068	0.09910705394231645
0.1608920753341466	0.09922119301214341
0.16264090223995256	0.09928433060819747
0.1643897291457585	0.09931538094959003
0.16613855605156444	0.09932052865989524
0.16788738295737038	0.09930828579815322
0.16963620986317632	0.09928301135097627
0.17138503676898226	0.09927855737503995
0.17313386367478822	0.09927682240931097
0.17488269058059414	0.0992619210633652
0.17663151748640007	0.0992322179589058
0.17838034439220604	0.09918028037669815
0.18012917129801198	0.09907399499118065
0.1818779982038179	0.09894195034068211
0.18362682510962386	0.09878687701328505
0.1853756520154298	0.09861972404391592
0.18712447892123574	0.09843873799657507
0.1888733058270417	0.09826837601319534
0.19062213273284762	0.0980908590687388
0.19237095963865355	0.09790305897839513
0.19411978654445952	0.0977010256594178
0.19586861345026546	0.09747645201592375
0.19761744035607137	0.09720433765539087
0.19936626726187734	0.09690759959362029
0.20111509416768328	0.09658652203481963
0.20286392107348922	0.09625600832526751
0.20461274797929513	0.09592126340663373
0.2063615748851011	0.09558615370016321
0.20811040179090703	0.09525226121739895
0.20985922869671297	0.09491442183672695
0.2116080556025189	0.094558445085137
0.21335688250832485	0.09418319265429913
0.2151057094141308	0.09377872812995877
0.21685453631993676	0.09336261527470162
0.2186033632257427	0.09291857045113536
0.2203521901315486	0.09246364827566127
0.22210101703735458	0.09200878968169712
0.22384984394316051	0.0915460566814972
0.22559867084896645	0.09109249471967827
0.2273474977547724	0.09064477934350519
0.22909632466057833	0.0901820353943116
0.23084515156638427	0.08971029766998359
0.23259397847219024	0.08922222430378007
0.23434280537799615	0.0887340863192493
0.2360916322838021	0.08822523480337593
0.23784045918960806	0.08771393229135069
0.239589286095414	0.08721091200208074
0.2413381130012199	0.08668665192030672
0.24308693990702587	0.0861739120638482
0.2448357668128318	0.08567464097113238
0.24658459371863775	0.08516840743374493
0.24833342062444366	0.08466102590750567
0.25008224753024966	0.08417501302319187
0.25183107443605557	0.08370108211806665
0.2535799013418615	0.08321613021972074
0.25532872824766745	0.08273615881299144
0.2570775551534734	0.08225454134440621
0.2588263820592793	0.08170684716489153
0.2605752089650853	0.08114996869466815
0.2623240358708912	0.08060783798977303
0.26407286277669717	0.08006815799459441
0.26582168968250314	0.07954106437891603
0.26757051658830905	0.07906235977028143
0.26931934349411496	0.07860405587133736
0.2710681703999209	0.07814326622336445
0.2728169973057269	0.07769170678049085
0.2745658242115328	0.07723590855197464
0.27631465111733877	0.07670053121869737
0.2780634780231447	0.07614476514959158
0.27981230492895065	0.07559885399944023
0.28156113183475656	0.07505222954771518
0.28330995874056253	0.07451249620201128
0.2850587856463685	0.07403233650472445
0.2868076125521744	0.0735679085213936
0.2885564394579804	0.07310151008420158
0.2903052663637863	0.07264229338645165
0.2920540932695922	0.07217529455886146
0.29380292017539816	0.0716502567936222
0.29555174708120413	0.07109669563228938
0.29730057398701004	0.07054552940960503
0.299049400892816	0.06998600633025401
0.300798227798622	0.06943267538239653
0.3025470547044279	0.06895655212970095
0.30429588161023385	0.06849116517744064
0.30604470851603977	0.06801761131176377
0.3077935354218457	0.06754026141188908
0.30954236232765164	0.0670460459063958
0.3112911892334576	0.06652125185789191
0.3130400161392635	0.06596722934842486
0.3147888430450695	0.06541292969713484
0.3165376699508754	0.06484804586350078
0.31828649685668137	0.06428761905355354
0.3200353237624873	0.06380657986514267
0.3217841506682932	0.06333921754318884
0.32353297757409916	0.06286888796203129
0.3252818044799051	0.06240091789412191
0.32703063138571103	0.061921173100873216
0.328779458291517	0.0614211763671912
0.33052828519732297	0.060899055389235235
0.3322771121031289	0.06037716821409433
0.3340259390089348	0.059850437500062255
0.33577476591474076	0.05932941979581181
0.33752359282054667	0.058848814120060905
0.33927241972635264	0.05838135179385951
0.3410212466321586	0.05791772189595864
0.3427700735379645	0.05746284317559002
0.3445189004437705	0.05700686961666025
0.34626772734957645	0.05653576700307743
0.3480165542553823	0.056058580729021326
0.34976538116118827	0.055591139628327235
0.35151420806699424	0.05512889022204021
0.35326303497280015	0.05468772861052877
0.3550118618786061	0.05427076812802659
0.3567606887844121	0.05387612606545197
0.358509515690218	0.05348013248075999
0.36025834259602396	0.05308192852784206
0.36200716950182993	0.05267246483802628
0.3637559964076358	0.052235095724422746
0.36550482331344175	0.05178228501593356
0.3672536502192477	0.051328375506648836
0.36900247712505363	0.050871188262791286
0.3707513040308596	0.050436640944163565
0.37250013093666556	0.05003262186505817
0.3742489578424715	0.04965548869899854
0.37599778474827744	0.049276946038167554
0.3777466116540834	0.04889661049379836
0.37949543855988926	0.04851115024847006
0.38124426546569523	0.04809901060504084
0.3829930923715012	0.04767966849432624
0.3847419192773071	0.0472613559729937
0.3864907461831131	0.04684424606458278
0.38823957308891904	0.0464537883476331
0.38998839999472495	0.04610977114663942
0.3917372269005309	0.04579480575259035
0.3934860538063369	0.04548327098288095
0.39523488071214274	0.04516957111692809
0.3969837076179487	0.044840884094963264
0.3987325345237547	0.0444799662497944
0.4004813614295606	0.04409971156655538
0.40223018833536656	0.04371927346095075
0.40397901524117247	0.04334738128668643
0.40572784214697843	0.04301269461423948
0.4074766690527844	0.04273929391433538
0.40922549595859026	0.04250241264679868
0.4109743228643962	0.042271927338698695
0.4127231497702022	0.042035531441501475
0.4144719766760081	0.04176913263991796
0.41622080358181407	0.04144503739400148
0.41796963048762004	0.04108816996265633
0.41971845739342595	0.040729643127662356
0.4214672842992319	0.04038358330686739
0.4232161112050378	0.04007818373536598
0.42496493811084374	0.03984802226897174
0.4267137650166497	0.0396575915130803
0.42846259192245567	0.03947817145323244
0.4302114188282616	0.039295044947580696
0.43196024573406755	0.039079585772552404
0.4337090726398735	0.03879538729922337
0.4354578995456794	0.038473417620183414
0.4372067264514854	0.038141155826082025
0.4389555533572913	0.03780828153440831
0.4407043802630972	0.03750462106102321
0.4424532071689032	0.037253016857437225
0.44420203407470915	0.037029021958211124
0.44595086098051506	0.03680963849258352
0.44769968788632103	0.03659286859939884
0.449448514792127	0.03635130055329752
0.4511973416979329	0.03607128175816521
0.4529461686037388	0.035764595850227204
0.4546949955095448	0.035458162441981696
0.4564438224153507	0.03515092528494463
0.45819264932115666	0.03487199429085784
0.45994147622696263	0.03464886312648383
0.46169030313276854	0.03445066169081103
0.4634391300385745	0.03425364625823859
0.4651879569443805	0.03405314376588491
0.46693678385018633	0.033818337947792175
0.4686856107559923	0.03351403733810147
0.47043443766179827	0.03317631312991063
0.4721832645676042	0.032838139828436815
0.47393209147341014	0.03249976906480033
0.4756809183792161	0.03217797446799456
0.477429745285022	0.031899365551563856
0.479178572190828	0.03163623096075855
0.48092739909663396	0.03138192125175919
0.4826762260024398	0.031140256581910216
0.4844250529082458	0.03087145424592743
0.48617387981405175	0.03054316313476713
0.48792270671985766	0.03019326249614328
0.4896715336256636	0.029860129754388627
0.4914203605314696	0.029537280734536164
0.4931691874372755	0.02923657787667976
0.49491801434308147	0.02895770491158608
0.4966668412488873	0.02869870578577775
0.4984156681546933	0.028454100340085282
0.5001644950604993	0.028231370261464887
0.5019133219663052	0.02799554795402886
0.5036621488721111	0.02769186063330233
0.505410975777917	0.027378116203338992
0.507159802683723	0.02708252222213113
0.508908629589529	0.026802030504739335
0.5106574564953349	0.0265412285241882
0.5124062834011408	0.026318648503238073
0.5141551103069468	0.026114373041863894
0.5159039372127527	0.025920114445124733
0.5176527641185587	0.025738847361099063
0.5194015910243646	0.025550432744590606
0.5211504179301706	0.025313375273496877
0.5228992448359765	0.02507157428411784
0.5246480717417824	0.024834595625269722
0.5263968986475884	0.024601132443085063
0.5281457255533943	0.02438839773604009
0.5298945524592003	0.024211548226815493
0.5316433793650063	0.02404798698904413
0.5333922062708122	0.02388225427216064
0.5351410331766181	0.023717108702378396
0.536889860082424	0.02353380215913103
0.5386386869882299	0.023292381015447994
0.5403875138940359	0.02303402207919057
0.5421363407998419	0.022775249576058094
0.5438851677056478	0.022514934360476295
0.5456339946114538	0.022274393550564
0.5473828215172597	0.022097593151138163
0.5491316484230656	0.02193590858674224
0.5508804753288715	0.02177682815097337
0.5526293022346775	0.021614404356965496
0.5543781291404835	0.021437509664506846
0.5561269560462894	0.02122287020117452
0.5578757829520954	0.020996784615574363
0.5596246098579013	0.020776251399339214
0.5613734367637072	0.020561269503139145
0.5631222636695131	0.020358436835957904
0.564871090575319	0.020201917377955837
0.5666199174811251	0.020054583698198552
0.568368744386931	0.01991759537224055
0.570117571292737	0.019790367287819487
0.5718663981985428	0.01965837531522485
0.5736152251043488	0.019483940124445227
0.5753640520101547	0.019309123191916553
0.5771128789159607	0.019145678986571348
0.5788617058217667	0.018991381094504732
0.5806105327275726	0.018852200959460937
0.5823593596333785	0.018762346480905953
0.5841081865391844	0.01868932472443664
0.5858570134449904	0.01862528644665292
0.5876058403507963	0.018567803192463418
0.5893546672566023	0.018493899222513835
0.5911034941624083	0.01838151627463212
0.5928523210682141	0.01825519340198083
0.5946011479740201	0.01812529319886766
0.596349974879826	0.017992419786550702
0.598098801785632	0.01786459028342572
0.5998476286914379	0.01776490318761275
0.601596455597244	0.0176673356755868
0.6033452825030498	0.017560005852547605
0.6050941094088558	0.017449558215331836
0.6068429363146617	0.01733082192158613
0.6085917632204677	0.01720668446881486
0.6103405901262736	0.017076741089733886
0.6120894170320795	0.016944195976506624
0.6138382439378854	0.016806504579066392
0.6155870708436914	0.01666697280169803
0.6173358977494974	0.016560822049039102
0.6190847246553033	0.016454599564605796
0.6208335515611093	0.01634248636451073
0.6225823784669152	0.016227005189876107
0.624331205372721	0.016105426553233118
0.626080032278527	0.015999370710973373
0.627828859184333	0.01588513545139072
0.629577686090139	0.015756576046555042
0.6313265129959449	0.01562364738069083
0.6330753399017508	0.015486386267933014
0.6348241668075567	0.015359249365322496
0.6365729937133627	0.015233679615674112
0.6383218206191686	0.015107635886037642
0.6400706475249746	0.01497962492065152
0.6418194744307806	0.014845831507302303
0.6435683013365864	0.01472400755693994
0.6453171282423924	0.014600134658501757
0.6470659551481983	0.014486492270352602
0.6488147820540043	0.0143753698597005
0.6505636089598102	0.014265394251326724
0.6523124358656163	0.014151028838736186
0.6540612627714221	0.014039446287054396
0.655810089677228	0.013929077739332923
0.657558916583034	0.01381679913846767
0.6593077434888399	0.01369876429867983
0.6610565703946459	0.013559307980527579
0.6628053973004518	0.013416176547834752
0.6645542242062578	0.013281179043333455
0.6663030511120637	0.013160021013821303
0.6680518780178696	0.01305292536866358
0.6698007049236756	0.012935773042422865
0.6715495318294815	0.012830866857479167
0.6732983587352875	0.01274073467124435
0.6750471856410933	0.01264812353792015
0.6767960125468994	0.012551382284233295
0.6785448394527053	0.012435896832671494
0.6802936663585113	0.01231595964014101
0.6820424932643172	0.012200591366714012
0.6837913201701232	0.012089003227638912
0.685540147075929	0.012003633158736943
0.6872889739817349	0.011928130917620607
0.689037800887541	0.011860586925236661
0.6907866277933469	0.011785909958756845
0.6925354546991529	0.01171886935612236
0.6942842816049588	0.011664246415941083
0.6960331085107646	0.011564323330348748
0.6977819354165706	0.011475660930259344
0.6995307623223765	0.01138880670930396
0.7012795892281826	0.011307831647779173
0.7030284161339885	0.011252089529526034
0.7047772430397945	0.01123997161913225
0.7065260699456003	0.011245273560425388
0.7082748968514063	0.0112479864285602
0.7100237237572122	0.011228351690667448
0.7117725506630183	0.011177971672468697
0.7135213775688242	0.011057443269682766
0.7152702044746301	0.010905812143383044
0.717019031380436	0.010743825386735692
0.7187678582862419	0.010590224850324001
0.7205166851920479	0.010447078211817246
0.7222655120978538	0.010330590043376373
0.7240143390036599	0.010224080038217929
0.7257631659094657	0.010119876200016469
0.7275119928152716	0.01001957574233906
0.7292608197210776	0.009901649953268706
0.7310096466268835	0.009779843202290667
0.7327584735326895	0.009655180348360763
0.7345073004384954	0.009537419827609367
0.7362561273443013	0.009419174195759657
0.7380049542501073	0.009303504474399841
0.7397537811559133	0.009251891053218842
0.7415026080617192	0.00919780325760921
0.7432514349675251	0.009142997975540114
0.7450002618733311	0.009079057997218812
0.7467490887791369	0.008986614639292158
0.748497915684943	0.008862888966562838
0.7502467425907489	0.008721256876909708
0.7519955694965549	0.008582386932043698
0.7537443964023608	0.008461534435068545
0.7554932233081668	0.008370004346418259
0.7572420502139726	0.008348895158341816
0.7589908771197785	0.00835539458991323
0.7607397040255846	0.008371118445712764
0.7624885309313905	0.00838002716875478
0.7642373578371965	0.008384178121483895
0.7659861847430024	0.008382920187674467
0.7677350116488083	0.008366216905839453
0.7694838385546142	0.008331747893895545
0.7712326654604201	0.008283460867724104
0.7729814923662262	0.008250465780946958
0.7747303192720321	0.008216013887537288
0.7764791461778381	0.008173031160876474
0.7782279730836439	0.008108581398503225
0.7799767999894499	0.008030261327290754
0.7817256268952558	0.00793627710232769
0.7834744538010618	0.007832401271293487
0.7852232807068678	0.007721642895467532
0.7869721076126738	0.007600237027956686
0.7887209345184796	0.007467096435882098
0.7904697614242855	0.0073575259342106404
0.7922185883300915	0.007272655743871429
0.7939674152358974	0.0071815968889258645
0.7957162421417034	0.007078079071101857
0.7974650690475094	0.006969104804826562
0.7992138959533153	0.00686211622876037
0.8009627228591212	0.006767467176294211
0.8027115497649271	0.006667500535723618
0.8044603766707331	0.006558164359841832
0.806209203576539	0.006451319619618875
0.8079580304823449	0.00636458260034625
0.8097068573881508	0.006299185367087385
0.8114556842939569	0.00625215153297584
0.8132045111997628	0.006218563101572962
0.8149533381055688	0.006193202013451067
0.8167021650113747	0.006147428031263813
0.8184509919171805	0.00608026493674979
0.8201998188229865	0.006018637390008551
0.8219486457287924	0.005979895524399944
0.8236974726345985	0.0059484385208952
0.8254462995404044	0.00593472562167038
0.8271951264462104	0.005932309072581376
0.8289439533520162	0.005930663731946249